0st_vol,0capacity,0net_inf,0st_rof,0lt_rof,0rest_demand,0unrest_demand,0unfulf_demand,0wastewater,0treat_capacity,0agg_price,0res_price,0gross_rev,0drought_cost,0cont_contrib,0debt_serv,0infra_npv,1st_vol,1capacity,1net_inf,1st_rof,1lt_rof,1rest_demand,1unrest_demand,1unfulf_demand,1wastewater,1treat_capacity,1agg_price,1res_price,1gross_rev,1drought_cost,1cont_contrib,1debt_serv,1infra_npv
85.139,85.139,15.067,0.05,0,2.16737,2.46977,0,0,4.47552,4.33291e+06,2.70226e+06,9.39104e+06,0,0,0,0,62.3362,61.308,16.5936,0,1,1.73502,1.43262,0,0,2.1168,9.00468e+06,3.61194e+06,1.56233e+07,0,0,0,0
85.139,85.139,5.35657,0.05,0,2.18905,2.47072,0,0.406166,4.47552,4.33291e+06,2.70226e+06,9.48497e+06,0,0,0,0,62.3362,61.308,9.27295,0,1,1.71483,1.43316,0,1.34047,2.1168,9.00468e+06,3.61194e+06,1.54415e+07,0,0,0,0
85.139,85.139,4.47765,0.05,0,2.19054,2.47166,0,0.410228,4.47552,4.33291e+06,2.70226e+06,9.49143e+06,0,0,0,0,62.3362,61.308,8.05651,0,1,1.71483,1.43371,0,1.32488,2.1168,9.00468e+06,3.61194e+06,1.54415e+07,0,0,0,0
85.139,85.139,4.79286,0.05,0,2.19203,2.4726,0,0.410507,4.47552,4.33291e+06,2.70226e+06,9.49789e+06,0,0,0,0,62.3362,61.308,9.1009,0,1,1.71483,1.43426,0,1.32488,2.1168,9.00468e+06,3.61194e+06,1.54415e+07,0,0,0,0
85.139,85.139,7.37058,0.05,0,2.43479,2.71481,0,0.410787,4.47552,4.33291e+06,2.70226e+06,1.05497e+07,0,0,0,0,62.3362,61.308,10.234,0,1,1.88353,1.60351,0,1.32488,2.1168,9.00468e+06,3.61194e+06,1.69606e+07,0,0,0,0
85.139,85.139,10.8449,0.05,0,2.60507,2.71584,0,0.456279,4.47552,4.33291e+06,2.70226e+06,1.12876e+07,0,0,0,0,62.3362,61.308,13.2739,0,1,1.71489,1.60412,0,1.45522,2.1168,9.00468e+06,3.61194e+06,1.54421e+07,0,0,0,0
85.139,85.139,5.66554,0.05,0,2.60672,2.71688,0,0.48819,4.47552,4.33291e+06,2.70226e+06,1.12947e+07,0,0,0,0,62.3362,61.308,7.467,0,1,1.71489,1.60473,0,1.32493,2.1168,9.00468e+06,3.61194e+06,1.54421e+07,0,0,0,0
85.139,85.139,4.42782,0.05,0,2.60837,2.71792,0,0.488499,4.47552,4.33291e+06,2.70226e+06,1.13018e+07,0,0,0,0,62.3362,61.308,6.43563,0,1,1.71489,1.60534,0,1.32493,2.1168,9.00468e+06,3.61194e+06,1.54421e+07,0,0,0,0
85.139,85.139,5.68372,0.05,0,2.26537,2.37431,0,0.488808,4.47552,4.33291e+06,2.70226e+06,9.81566e+06,0,0,0,0,62.3362,61.308,8.0734,0,1,1.48815,1.37921,0,1.32493,2.1168,9.00468e+06,3.61194e+06,1.34003e+07,0,0,0,0
85.139,85.139,6.78081,0.05,0,2.07281,2.37521,0,0.424531,4.47552,4.33291e+06,2.70226e+06,8.98132e+06,0,0,0,0,62.3362,61.308,8.56491,0,1,1.68213,1.37973,0,1.14974,2.1168,9.00468e+06,3.61194e+06,1.51471e+07,0,0,0,0
85.139,85.139,6.50075,0.05,0,2.07372,2.37612,0,0.388445,4.47552,4.33291e+06,2.70226e+06,8.98525e+06,0,0,0,0,62.3362,61.308,10.2249,0,1,1.68266,1.38026,0,1.29962,2.1168,9.00468e+06,3.61194e+06,1.51518e+07,0,0,0,0
85.139,85.139,6.87132,0.05,0,2.07462,2.37702,0,0.388615,4.47552,4.33291e+06,2.70226e+06,8.98917e+06,0,0,0,0,62.3362,61.308,9.61044,0,1,1.68319,1.38079,0,1.30002,2.1168,9.00468e+06,3.61194e+06,1.51566e+07,0,0,0,0
85.139,85.139,7.50676,0.05,0,2.07553,2.37793,0,0.388785,4.47552,4.33291e+06,2.70226e+06,8.9931e+06,0,0,0,0,62.3362,61.308,11.1397,0,1,1.68371,1.38131,0,1.30043,2.1168,9.00468e+06,3.61194e+06,1.51613e+07,0,0,0,0
85.139,85.139,5.91348,0.05,0,2.16335,2.46575,0,0.388954,4.47552,4.33291e+06,2.70226e+06,9.37363e+06,0,0,0,0,62.3362,61.308,8.32067,0,1,1.73982,1.43742,0,1.30084,2.1168,9.00468e+06,3.61194e+06,1.56665e+07,0,0,0,0
85.139,85.139,5.06122,0.05,0,2.18983,2.46669,0,0.405413,4.47552,4.33291e+06,2.70226e+06,9.48835e+06,0,0,0,0,62.3362,61.308,8.96872,0,1,1.71483,1.43796,0,1.34418,2.1168,9.00468e+06,3.61194e+06,1.54415e+07,0,0,0,0
85.139,85.139,4.5158,0.05,0,2.19132,2.46763,0,0.410374,4.47552,4.33291e+06,2.70226e+06,9.49479e+06,0,0,0,0,62.3362,61.308,6.8258,0,1,1.71483,1.43851,0,1.32488,2.1168,9.00468e+06,3.61194e+06,1.54415e+07,0,0,0,0
85.139,85.139,3.85784,0.05,0,2.19281,2.46857,0,0.410653,4.47552,4.33291e+06,2.70226e+06,9.50124e+06,0,0,0,0,62.3362,61.308,5.59081,0,1,1.71483,1.43906,0,1.32488,2.1168,9.00468e+06,3.61194e+06,1.54415e+07,0,0,0,0
85.139,85.139,4.09096,0.05,0,2.16026,2.43548,0,0.410932,4.47552,4.33291e+06,2.70226e+06,9.36021e+06,0,0,0,0,62.3362,61.308,6.21894,0,1,1.69321,1.41799,0,1.32488,2.1168,9.00468e+06,3.61194e+06,1.52468e+07,0,0,0,0
85.139,85.139,3.37822,0.05,0,2.14012,2.43641,0,0.404832,4.47552,4.33291e+06,2.70226e+06,9.27294e+06,0,0,0,0,62.3362,61.308,4.60812,0,1,1.71482,1.41853,0,1.30817,2.1168,9.00468e+06,3.61194e+06,1.54414e+07,0,0,0,0
85.139,85.139,2.86142,0.05,0,2.14158,2.43733,0,0.401058,4.47552,4.33291e+06,2.70226e+06,9.2793e+06,0,0,0,0,62.3362,61.308,4.17258,0,1,1.71482,1.41907,0,1.32487,2.1168,9.00468e+06,3.61194e+06,1.54414e+07,0,0,0,0
85.139,85.139,2.62855,0.04,0,2.14305,2.43826,0,0.401333,4.47552,4.33291e+06,2.70226e+06,9.28566e+06,0,0,0,0,62.3362,61.308,3.35864,0,1,1.71482,1.41961,0,1.32487,2.1168,9.00468e+06,3.61194e+06,1.54414e+07,0,0,0,0
85.139,85.139,3.09513,0.04,0,2.26023,2.5549,0,0.401608,4.47552,4.33291e+06,2.70226e+06,9.79337e+06,0,0,0,0,62.3362,61.308,3.60864,0,1,1.7916,1.49693,0,1.32487,2.1168,9.00468e+06,3.61194e+06,1.61328e+07,0,0,0,0
84.9601,85.139,2.51384,0.03,0,2.33852,2.55587,0,0.423567,4.47552,4.33291e+06,2.70226e+06,1.01326e+07,0,0,0,0,62.3362,61.308,3.95504,0,1,1.71485,1.4975,0,1.38419,2.1168,9.00468e+06,3.61194e+06,1.54417e+07,0,0,0,0
84.5697,85.139,2.24303,0.05,0,2.34006,2.55684,0,0.438239,4.47552,4.33291e+06,2.70226e+06,1.01393e+07,0,0,0,0,62.3362,61.308,3.31749,0,1,1.71485,1.49807,0,1.32489,2.1168,9.00468e+06,3.61194e+06,1.54417e+07,0,0,0,0
84.043,85.139,2.09375,0.04,0,2.34161,2.55782,0,0.438528,4.47552,4.33291e+06,2.70226e+06,1.0146e+07,0,0,0,0,62.3362,61.308,2.79416,0,1,1.71485,1.49864,0,1.32489,2.1168,9.00468e+06,3.61194e+06,1.54417e+07,0,0,0,0
83.5385,85.139,2.11115,0.04,0,2.34315,2.55879,0,0.438817,4.47552,4.33291e+06,2.70226e+06,1.01527e+07,0,0,0,0,62.2956,61.308,2.8628,0,1,1.71485,1.49921,0,1.32489,2.1168,9.00468e+06,3.61194e+06,1.54417e+07,0,0,0,0
83.434,85.139,2.50547,0.03,0,2.32177,2.53684,0,0.439106,4.47552,4.33291e+06,2.70226e+06,1.006e+07,0,0,0,0,62.3362,61.308,4.35048,0,1,1.75713,1.54206,0,1.32489,2.1168,9.00468e+06,3.61194e+06,1.58224e+07,0,0,0,0
83.1443,85.139,2.35656,0.02,0,2.36558,2.5378,0,0.435099,4.47552,4.33291e+06,2.70226e+06,1.02499e+07,0,0,0,0,62.3362,61.308,4.10382,0,1,1.71487,1.54265,0,1.35756,2.1168,9.00468e+06,3.61194e+06,1.54418e+07,0,0,0,0
82.6565,85.139,2.15505,0.03,0,2.36714,2.53877,0,0.44331,4.47552,4.33291e+06,2.70226e+06,1.02566e+07,0,0,0,0,62.3362,61.308,4.03428,0,1,1.71487,1.54324,0,1.32491,2.1168,9.00468e+06,3.61194e+06,1.54418e+07,0,0,0,0
81.9861,85.139,1.9533,0.03,0,2.36869,2.53973,0,0.443601,4.47552,4.33291e+06,2.70226e+06,1.02633e+07,0,0,0,0,62.3362,61.308,3.64761,0,1,1.71487,1.54382,0,1.32491,2.1168,9.00468e+06,3.61194e+06,1.54418e+07,0,0,0,0
81.1047,85.139,1.75651,0.03,0,2.42954,2.59999,0,0.443892,4.47552,4.33291e+06,2.70226e+06,1.0527e+07,0,0,0,0,62.3362,61.308,3.43373,0,1,1.75261,1.58215,0,1.32491,2.1168,9.00468e+06,3.61194e+06,1.57817e+07,0,0,0,0
80.0577,85.139,1.61781,0.03,0,2.46885,2.60098,0,0.455295,4.47552,4.33291e+06,2.70226e+06,1.06973e+07,0,0,0,0,62.3362,61.308,3.01905,0,1,1.71488,1.58275,0,1.35406,2.1168,9.00468e+06,3.61194e+06,1.5442e+07,0,0,0,0
78.9952,85.139,1.58851,0.03,0,2.47044,2.60197,0,0.462663,4.47552,4.33291e+06,2.70226e+06,1.07042e+07,0,0,0,0,62.3362,61.308,3.23815,0,1,1.71488,1.58335,0,1.32492,2.1168,9.00468e+06,3.61194e+06,1.5442e+07,0,0,0,0
78.0706,85.139,1.70829,0.04,0,2.47203,2.60296,0,0.462961,4.47552,4.33291e+06,2.70226e+06,1.07111e+07,0,0,0,0,62.3362,61.308,3.5203,0,1,1.71488,1.58395,0,1.32492,2.1168,9.00468e+06,3.61194e+06,1.5442e+07,0,0,0,0
77.0623,85.139,1.76632,0.04,0,2.64753,2.77786,0,0.463259,4.47552,4.33291e+06,2.70226e+06,1.14715e+07,0,0,0,0,62.3362,61.308,3.81774,0,1,1.85131,1.72098,0,1.32492,2.1168,9.00468e+06,3.61194e+06,1.66704e+07,0,0,0,0
75.669,85.139,1.45674,0.04,0,2.77891,2.77891,0,0.496147,4.47552,4.33291e+06,2.70226e+06,1.20408e+07,0,0,0,0,62.3362,61.308,3.28256,0,1,1.72163,1.72163,0,1.43032,2.1168,9.00468e+06,3.61194e+06,1.55028e+07,0,0,0,0
74.3725,85.139,1.57093,0.04,0,2.77997,2.77997,0,0.520768,4.47552,4.33291e+06,2.70226e+06,1.20454e+07,0,0,0,0,62.3362,61.308,4.04327,0,1,1.72229,1.72229,0,1.33013,2.1168,9.00468e+06,3.61194e+06,1.55086e+07,0,0,0,0
72.8271,85.139,1.30372,0.04,0,2.78102,2.78102,0,0.520966,4.47552,4.33291e+06,2.70226e+06,1.20499e+07,0,0,0,0,62.2442,61.308,2.81966,0,1,1.72294,1.72294,0,1.33064,2.1168,9.00468e+06,3.61194e+06,1.55145e+07,0,0,0,0
71.5856,85.139,1.59457,0.04,0,2.78208,2.78208,0,0.521164,4.47552,4.33291e+06,2.70226e+06,1.20545e+07,0,0,0,0,62.3362,61.308,5.3491,0,1,1.7236,1.7236,0,1.33114,2.1168,9.00468e+06,3.61194e+06,1.55204e+07,0,0,0,0
70.9452,85.139,2.13748,0.05,0,2.69822,2.69822,0,0.521362,4.47552,4.33291e+06,2.70226e+06,1.16912e+07,0,0,0,0,62.3362,61.308,5.75214,0,1,1.64129,1.64129,0,1.33165,2.1168,9.00468e+06,3.61194e+06,1.47793e+07,0,0,0,0
69.2631,85.139,1.00009,0.05,0,2.62625,2.69925,0,0.505647,4.47552,4.33291e+06,2.70226e+06,1.13793e+07,0,0,0,0,62.3362,61.308,3.04904,0,1,1.7149,1.64191,0,1.26806,2.1168,9.00468e+06,3.61194e+06,1.54422e+07,0,0,0,0
67.796,85.139,1.22225,0.05,0,2.6279,2.70027,0,0.49216,4.47552,4.33291e+06,2.70226e+06,1.13865e+07,0,0,0,0,62.3362,61.308,3.42821,0,1,1.7149,1.64254,0,1.32493,2.1168,9.00468e+06,3.61194e+06,1.54422e+07,0,0,0,0
68.2752,85.139,3.29906,0.08,0,2.62955,2.7013,0,0.492469,4.47552,4.33291e+06,2.70226e+06,1.13936e+07,0,0,0,0,62.3362,61.308,7.47199,0,1,1.7149,1.64316,0,1.32493,2.1168,9.00468e+06,3.61194e+06,1.54422e+07,0,0,0,0
68.044,85.139,2.54059,0.05,0,2.56139,2.63251,0,0.492778,4.47552,4.33291e+06,2.70226e+06,1.10983e+07,0,0,0,0,62.3362,61.308,4.5105,0,1,1.63927,1.56815,0,1.32493,2.1168,9.00468e+06,3.61194e+06,1.47611e+07,0,0,0,0
68.2587,85.139,2.97882,0.09,0,2.48739,2.63351,0,0.480005,4.47552,4.33291e+06,2.70226e+06,1.07776e+07,0,0,0,0,62.3362,61.308,4.40835,0,1,1.71488,1.56875,0,1.2665,2.1168,9.00468e+06,3.61194e+06,1.54419e+07,0,0,0,0
69.3941,85.139,3.96094,0.05,0,2.48898,2.63451,0,0.466136,4.47552,4.33291e+06,2.70226e+06,1.07845e+07,0,0,0,0,62.3362,61.308,4.65758,0,1,1.71488,1.56934,0,1.32491,2.1168,9.00468e+06,3.61194e+06,1.54419e+07,0,0,0,0
71.7207,85.139,5.18386,0.05,0,2.49058,2.63551,0,0.466435,4.47552,4.33291e+06,2.70226e+06,1.07915e+07,0,0,0,0,62.3362,61.308,5.73065,0,1,1.71488,1.56994,0,1.32491,2.1168,9.00468e+06,3.61194e+06,1.54419e+07,0,0,0,0
73.8165,85.139,4.92746,0.04,0,2.29361,2.43795,0,0.466734,4.47552,4.33291e+06,2.70226e+06,9.93803e+06,0,0,0,0,62.3362,61.308,6.26415,0,1,1.55712,1.41278,0,1.32491,2.1168,9.00468e+06,3.61194e+06,1.40214e+07,0,0,0,0
74.7363,85.139,3.49177,0.03,0,2.13738,2.43888,0,0.429823,4.47552,4.33291e+06,2.70226e+06,9.26108e+06,0,0,0,0,62.3362,61.308,4.15489,0,1,1.71482,1.41332,0,1.20303,2.1168,9.00468e+06,3.61194e+06,1.54414e+07,0,0,0,0
75.4573,85.139,3.35076,0.02,0,2.13884,2.4398,0,0.400545,4.47552,4.33291e+06,2.70226e+06,9.26741e+06,0,0,0,0,62.3362,61.308,5.13465,0,1,1.71482,1.41385,0,1.32487,2.1168,9.00468e+06,3.61194e+06,1.54414e+07,0,0,0,0
76.9196,85.139,4.04172,0.02,0,2.1403,2.44073,0,0.400819,4.47552,4.33291e+06,2.70226e+06,9.27374e+06,0,0,0,0,62.3362,61.308,5.65844,0,1,1.71482,1.41439,0,1.32487,2.1168,9.00468e+06,3.61194e+06,1.54414e+07,0,0,0,0
78.3036,85.139,4.13508,0.03,0,2.14176,2.44165,0,0.401092,4.47552,4.33291e+06,2.70226e+06,9.28008e+06,0,0,0,0,62.3362,61.308,5.3606,0,1,1.71482,1.41493,0,1.32487,2.1168,9.00468e+06,3.61194e+06,1.54414e+07,0,0,0,0
84.0138,85.139,8.68373,0.03,0,2.21973,2.51908,0,0.401366,4.47552,4.33291e+06,2.70226e+06,9.61788e+06,0,0,0,0,62.3362,61.308,8.12307,0,1,1.76057,1.46122,0,1.32487,2.1168,9.00468e+06,3.61194e+06,1.58534e+07,0,0,0,0
85.139,85.139,11.7394,0.03,0,2.26694,2.52001,0,0.415977,4.47552,4.33291e+06,2.70226e+06,9.82248e+06,0,0,0,0,62.3362,61.308,13.9097,0,1,1.71482,1.46176,0,1.36022,2.1168,9.00468e+06,3.61194e+06,1.54414e+07,0,0,0,0
85.139,85.139,7.86942,0.01,0,2.26841,2.52093,0,0.424825,4.47552,4.33291e+06,2.70226e+06,9.82882e+06,0,0,0,0,62.3362,61.308,8.68063,0,1,1.71482,1.46229,0,1.32487,2.1168,9.00468e+06,3.61194e+06,1.54414e+07,0,0,0,0
85.139,85.139,8.38625,0.02,0,2.26987,2.52186,0,0.4251,4.47552,4.33291e+06,2.70226e+06,9.83516e+06,0,0,0,0,62.3362,61.308,11.1144,0,1,1.71482,1.46283,0,1.32487,2.1168,9.00468e+06,3.61194e+06,1.54414e+07,0,0,0,0
85.139,85.139,11.2105,0.04,0,2.5174,2.76885,0,0.425374,4.47552,4.33291e+06,2.70226e+06,1.09077e+07,0,0,0,0,62.3362,61.308,11.965,0,1,1.88688,1.63543,0,1.32487,2.1168,9.00468e+06,3.61194e+06,1.69907e+07,0,0,0,0
85.139,85.139,9.99367,0.05,0,2.69102,2.76987,0,0.471761,4.47552,4.33291e+06,2.70226e+06,1.16599e+07,0,0,0,0,62.3362,61.308,9.37353,0,1,1.71488,1.63603,0,1.4578,2.1168,9.00468e+06,3.61194e+06,1.5442e+07,0,0,0,0
85.139,85.139,11.4639,0.05,0,2.69263,2.77089,0,0.504296,4.47552,4.33291e+06,2.70226e+06,1.1667e+07,0,0,0,0,62.3362,61.308,16.4029,0,1,1.71488,1.63663,0,1.32492,2.1168,9.00468e+06,3.61194e+06,1.5442e+07,0,0,0,0
85.139,85.139,7.58922,0.05,0,2.69425,2.7719,0,0.5046,4.47552,4.33291e+06,2.70226e+06,1.1674e+07,0,0,0,0,62.3362,61.308,13.7648,0,1,1.71488,1.63723,0,1.32492,2.1168,9.00468e+06,3.61194e+06,1.5442e+07,0,0,0,0
85.139,85.139,8.13537,0.05,0,2.34439,2.42144,0,0.504903,4.47552,4.33291e+06,2.70226e+06,1.0158e+07,0,0,0,0,62.3362,61.308,13.9419,0,1,1.48363,1.40658,0,1.32492,2.1168,9.00468e+06,3.61194e+06,1.33596e+07,0,0,0,0
85.139,85.139,4.35732,0.05,0,2.11992,2.42232,0,0.439338,4.47552,4.33291e+06,2.70226e+06,9.18545e+06,0,0,0,0,62.3362,61.308,5.73413,0,1,1.7095,1.4071,0,1.14626,2.1168,9.00468e+06,3.61194e+06,1.53935e+07,0,0,0,0
85.139,85.139,4.90987,0.05,0,2.12081,2.42321,0,0.397274,4.47552,4.33291e+06,2.70226e+06,9.1893e+06,0,0,0,0,62.3362,61.308,6.24561,0,1,1.71002,1.40762,0,1.32076,2.1168,9.00468e+06,3.61194e+06,1.53982e+07,0,0,0,0
85.139,85.139,4.99385,0.05,0,2.1217,2.4241,0,0.39744,4.47552,4.33291e+06,2.70226e+06,9.19316e+06,0,0,0,0,62.3362,61.308,6.09723,0,1,1.71053,1.40813,0,1.32116,2.1168,9.00468e+06,3.61194e+06,1.54028e+07,0,0,0,0
85.139,85.139,4.55205,0.05,0,2.12259,2.42499,0,0.397607,4.47552,4.33291e+06,2.70226e+06,9.19701e+06,0,0,0,0,62.3362,61.308,6.45956,0,1,1.71105,1.40865,0,1.32156,2.1168,9.00468e+06,3.61194e+06,1.54075e+07,0,0,0,0
85.139,85.139,4.57085,0.05,0,2.21212,2.51452,0,0.397774,4.47552,4.33291e+06,2.70226e+06,9.58492e+06,0,0,0,0,62.3362,61.308,5.55074,0,1,1.76824,1.46584,0,1.32196,2.1168,9.00468e+06,3.61194e+06,1.59225e+07,0,0,0,0
85.139,85.139,3.48459,0.05,0,2.267,2.51544,0,0.414551,4.47552,4.33291e+06,2.70226e+06,9.82274e+06,0,0,0,0,62.3362,61.308,4.41286,0,1,1.71482,1.46638,0,1.36614,2.1168,9.00468e+06,3.61194e+06,1.54414e+07,0,0,0,0
85.139,85.139,3.2791,0.05,0,2.26846,2.51636,0,0.424837,4.47552,4.33291e+06,2.70226e+06,9.82906e+06,0,0,0,0,62.3362,61.308,4.0858,0,1,1.71482,1.46692,0,1.32487,2.1168,9.00468e+06,3.61194e+06,1.54414e+07,0,0,0,0
85.139,85.139,3.23558,0.05,0,2.26993,2.51729,0,0.42511,4.47552,4.33291e+06,2.70226e+06,9.83539e+06,0,0,0,0,62.3362,61.308,3.95572,0,1,1.71482,1.46746,0,1.32487,2.1168,9.00468e+06,3.61194e+06,1.54414e+07,0,0,0,0
84.9659,85.139,2.54989,0.05,0,2.23668,2.4835,0,0.425384,4.47552,4.33291e+06,2.70226e+06,9.69134e+06,0,0,0,0,62.3362,61.308,2.91686,0,1,1.69277,1.44595,0,1.32487,2.1168,9.00468e+06,3.61194e+06,1.52429e+07,0,0,0,0
84.6339,85.139,2.36595,0.07,0,2.21608,2.48441,0,0.419154,4.47552,4.33291e+06,2.70226e+06,9.6021e+06,0,0,0,0,62.3362,61.308,2.89895,0,1,1.71481,1.44648,0,1.30784,2.1168,9.00468e+06,3.61194e+06,1.54413e+07,0,0,0,0
85.139,85.139,3.41204,0.07,0,2.21753,2.48532,0,0.415294,4.47552,4.33291e+06,2.70226e+06,9.60835e+06,0,0,0,0,62.3362,61.308,3.29174,0,1,1.71481,1.44701,0,1.32486,2.1168,9.00468e+06,3.61194e+06,1.54413e+07,0,0,0,0
85.0393,85.139,2.58511,0.04,0,2.21897,2.48624,0,0.415564,4.47552,4.33291e+06,2.70226e+06,9.6146e+06,0,0,0,0,62.3362,61.308,2.97918,0,1,1.71481,1.44754,0,1.32486,2.1168,9.00468e+06,3.61194e+06,1.54413e+07,0,0,0,0
84.6778,85.139,2.36805,0.07,0,2.33839,2.60513,0,0.415834,4.47552,4.33291e+06,2.70226e+06,1.01321e+07,0,0,0,0,62.3362,61.308,2.75835,0,1,1.7931,1.52636,0,1.32486,2.1168,9.00468e+06,3.61194e+06,1.61463e+07,0,0,0,0
84.6784,85.139,2.77425,0.06,0,2.41817,2.60609,0,0.438215,4.47552,4.33291e+06,2.70226e+06,1.04777e+07,0,0,0,0,62.3362,61.308,3.16288,0,1,1.71484,1.52692,0,1.38535,2.1168,9.00468e+06,3.61194e+06,1.54416e+07,0,0,0,0
84.4158,85.139,2.49848,0.05,0,2.41968,2.60704,0,0.453165,4.47552,4.33291e+06,2.70226e+06,1.04843e+07,0,0,0,0,62.3362,61.308,2.9356,0,1,1.71484,1.52748,0,1.32488,2.1168,9.00468e+06,3.61194e+06,1.54416e+07,0,0,0,0
84.0854,85.139,2.4197,0.05,0,2.4212,2.608,0,0.453448,4.47552,4.33291e+06,2.70226e+06,1.04908e+07,0,0,0,0,62.3362,61.308,2.65368,0,1,1.71484,1.52804,0,1.32489,2.1168,9.00468e+06,3.61194e+06,1.54416e+07,0,0,0,0
83.5149,85.139,2.14045,0.05,0,2.42271,2.60895,0,0.453732,4.47552,4.33291e+06,2.70226e+06,1.04974e+07,0,0,0,0,62.2681,61.308,2.49926,0,1,1.71484,1.5286,0,1.32489,2.1168,9.00468e+06,3.61194e+06,1.54416e+07,0,0,0,0
82.6273,85.139,1.75809,0.04,0,2.40085,2.58653,0,0.454016,4.47552,4.33291e+06,2.70226e+06,1.04027e+07,0,0,0,0,62.0422,61.308,2.14402,0,1,1.75795,1.57227,0,1.32489,2.1168,9.00468e+06,3.61194e+06,1.58298e+07,0,0,0,0
81.6361,85.139,1.66137,0.03,0,2.44547,2.58748,0,0.44992,4.47552,4.33291e+06,2.70226e+06,1.0596e+07,0,0,0,0,61.7537,61.308,2.06452,0,1,1.71486,1.57285,0,1.35819,2.1168,9.00468e+06,3.61194e+06,1.54417e+07,0,0,0,0
80.5702,85.139,1.5737,0.03,0,2.44699,2.58843,0,0.458281,4.47552,4.33291e+06,2.70226e+06,1.06026e+07,0,0,0,0,61.3747,61.308,1.95263,0,1,1.71486,1.57342,0,1.3249,2.1168,9.00468e+06,3.61194e+06,1.54417e+07,0,0,0,0
79.3996,85.139,1.46016,0.03,0,2.44852,2.58937,0,0.458566,4.47552,4.33291e+06,2.70226e+06,1.06092e+07,0,0,0,0,60.8776,61.308,1.82484,0,1,1.71486,1.574,0,1.3249,2.1168,9.00468e+06,3.61194e+06,1.54417e+07,0,0,0,0
78.2917,85.139,1.56149,0.04,0,2.51049,2.65078,0,0.458852,4.47552,4.33291e+06,2.70226e+06,1.08778e+07,0,0,0,0,60.405,61.308,1.76534,0,1,1.75333,1.61305,0,1.3249,2.1168,9.00468e+06,3.61194e+06,1.57882e+07,0,0,0,0
77.2289,85.139,1.62424,0.04,0,2.55052,2.65175,0,0.470467,4.47552,4.33291e+06,2.70226e+06,1.10512e+07,0,0,0,0,59.9238,61.308,1.79738,0,1,1.71487,1.61364,0,1.35462,2.1168,9.00468e+06,3.61194e+06,1.54419e+07,0,0,0,0
75.9946,85.139,1.44265,0.04,0,2.55208,2.65272,0,0.477967,4.47552,4.33291e+06,2.70226e+06,1.10579e+07,0,0,0,0,59.317,61.308,1.69958,0,1,1.71487,1.61423,0,1.32491,2.1168,9.00468e+06,3.61194e+06,1.54419e+07,0,0,0,0
74.6503,85.139,1.32101,0.04,0,2.55364,2.65369,0,0.478259,4.47552,4.33291e+06,2.70226e+06,1.10647e+07,0,0,0,0,58.7071,61.308,1.59021,0,1,1.71487,1.61482,0,1.32491,2.1168,9.00468e+06,3.61194e+06,1.54419e+07,0,0,0,0
73.0092,85.139,1.14605,0.04,0,2.7325,2.83195,0,0.478552,4.47552,4.33291e+06,2.70226e+06,1.18397e+07,0,0,0,0,58.2063,61.308,1.60468,0,1,1.85395,1.75449,0,1.32491,2.1168,9.00468e+06,3.61194e+06,1.66942e+07,0,0,0,0
71.167,85.139,1.02751,0.04,0,2.83299,2.83299,0,0.51207,4.47552,4.33291e+06,2.70226e+06,1.22751e+07,0,0,0,0,57.6316,61.308,1.70441,0,1,1.75514,1.75514,0,1.43236,2.1168,9.00468e+06,3.61194e+06,1.58044e+07,0,0,0,0
69.2401,85.139,0.920946,0.04,0,2.83403,2.83403,0,0.530902,4.47552,4.33291e+06,2.70226e+06,1.22796e+07,0,0,0,0,57.1066,61.308,1.57922,0,1,1.75578,1.75578,0,1.35602,2.1168,9.00468e+06,3.61194e+06,1.58102e+07,0,0,0,0
67.4966,85.139,1.09152,0.06,0,2.83506,2.83506,0,0.531096,4.47552,4.33291e+06,2.70226e+06,1.22841e+07,0,0,0,0,56.6351,61.308,1.70966,0,1,1.75642,1.75642,0,1.35651,2.1168,9.00468e+06,3.61194e+06,1.5816e+07,0,0,0,0
66.4717,85.139,1.86312,0.09,0,2.8361,2.8361,0,0.531291,4.47552,4.33291e+06,2.70226e+06,1.22886e+07,0,0,0,0,56.3107,61.308,2.05065,0,1,1.75706,1.75706,0,1.35701,2.1168,9.00468e+06,3.61194e+06,1.58218e+07,0,0,0,0
65.8334,85.139,2.08853,0.09,0,2.75057,2.75057,0,0.531485,4.47552,4.33291e+06,2.70226e+06,1.1918e+07,0,0,0,0,56.0459,61.308,1.98828,0,1,1.67313,1.67313,0,1.35751,2.1168,9.00468e+06,3.61194e+06,1.5066e+07,0,0,0,0
65.1212,85.139,1.96239,0.09,0,2.71043,2.75158,0,0.515457,4.47552,4.33291e+06,2.70226e+06,1.17441e+07,0,0,0,0,55.6144,61.308,1.75071,0,1,1.71489,1.67375,0,1.29266,2.1168,9.00468e+06,3.61194e+06,1.54421e+07,0,0,0,0
64.1104,85.139,1.71816,0.1,0,2.71205,2.75259,0,0.507935,4.47552,4.33291e+06,2.70226e+06,1.17511e+07,0,0,0,0,55.2435,61.308,1.73908,0,1,1.71489,1.67436,0,1.32493,2.1168,9.00468e+06,3.61194e+06,1.54421e+07,0,0,0,0
63.3295,85.139,2.03808,0.1,0,2.71367,2.75359,0,0.508239,4.47552,4.33291e+06,2.70226e+06,1.17581e+07,0,0,0,0,54.9316,61.308,1.80763,0,1,1.71489,1.67497,0,1.32493,2.1168,9.00468e+06,3.61194e+06,1.54421e+07,0,0,0,0
62.5811,85.139,1.98419,0.1,0,2.64413,2.68344,0,0.508542,4.47552,4.33291e+06,2.70226e+06,1.14568e+07,0,0,0,0,54.7341,61.308,1.94584,0,1,1.6378,1.59849,0,1.32493,2.1168,9.00468e+06,3.61194e+06,1.47479e+07,0,0,0,0
62.4976,85.139,2.61211,0.1,0,2.56863,2.68442,0,0.49551,4.47552,4.33291e+06,2.70226e+06,1.11297e+07,0,0,0,0,54.4196,61.308,2.2545,0,1,1.71486,1.59907,0,1.26536,2.1168,9.00468e+06,3.61194e+06,1.54418e+07,0,0,0,0
62.5064,85.139,2.77664,0.1,0,2.5702,2.6854,0,0.481362,4.47552,4.33291e+06,2.70226e+06,1.11364e+07,0,0,0,0,54.0508,61.308,1.67074,0,1,1.71486,1.59966,0,1.3249,2.1168,9.00468e+06,3.61194e+06,1.54418e+07,0,0,0,0
62.9589,85.139,3.24058,0.13,0,2.57176,2.68638,0,0.481655,4.47552,4.33291e+06,2.70226e+06,1.11432e+07,0,0,0,0,54.1481,61.308,3.69365,0,1,1.71486,1.60024,0,1.3249,2.1168,9.00468e+06,3.61194e+06,1.54418e+07,0,0,0,0
68.295,85.139,8.21437,0.12,0,2.37094,2.48498,0,0.481948,4.47552,4.33291e+06,2.70226e+06,1.02731e+07,0,0,0,0,55.8521,61.308,7.80495,0,1,1.55407,1.44003,0,1.3249,2.1168,9.00468e+06,3.61194e+06,1.39939e+07,0,0,0,0
70.0544,85.139,4.39867,0.07,0,2.21164,2.48588,0,0.444314,4.47552,4.33291e+06,2.70226e+06,9.58283e+06,0,0,0,0,57.8206,61.308,8.08831,0,1,1.71481,1.44056,0,1.20067,2.1168,9.00468e+06,3.61194e+06,1.54413e+07,0,0,0,0
70.7587,85.139,3.32578,0.07,0,2.21307,2.48679,0,0.41446,4.47552,4.33291e+06,2.70226e+06,9.58904e+06,0,0,0,0,58.0163,61.308,3.63064,0,1,1.71481,1.44108,0,1.32486,2.1168,9.00468e+06,3.61194e+06,1.54413e+07,0,0,0,0
71.0422,85.139,2.87984,0.07,0,2.2145,2.4877,0,0.414729,4.47552,4.33291e+06,2.70226e+06,9.59526e+06,0,0,0,0,58.3705,61.308,3.67782,0,1,1.71481,1.44161,0,1.32486,2.1168,9.00468e+06,3.61194e+06,1.54413e+07,0,0,0,0
75.7958,85.139,7.61168,0.07,0,2.21594,2.48861,0,0.414998,4.47552,4.33291e+06,2.70226e+06,9.60148e+06,0,0,0,0,59.1689,61.308,4.46338,0,1,1.71481,1.44214,0,1.32486,2.1168,9.00468e+06,3.61194e+06,1.54413e+07,0,0,0,0
82.3054,85.139,9.7016,0.04,0,2.29534,2.56749,0,0.415267,4.47552,4.33291e+06,2.70226e+06,9.94553e+06,0,0,0,0,60.4078,61.308,5.93364,0,1,1.76144,1.4893,0,1.32486,2.1168,9.00468e+06,3.61194e+06,1.58612e+07,0,0,0,8.03099e+07
84.4021,85.139,5.05186,0.03,0,2.34341,2.5684,0,0.430148,4.47552,4.33291e+06,2.70226e+06,1.01538e+07,0,0,0,0,60.5903,61.308,3.2791,0,1,1.71481,1.48982,0,1.36089,2.1168,9.00468e+06,3.61194e+06,1.54413e+07,0,0,0,8.03099e+07
85.139,85.139,3.73169,0.03,0,2.34485,2.5693,0,0.439156,4.47552,4.33291e+06,2.70226e+06,1.016e+07,0,0,0,0,60.604,61.308,2.8302,0,1,1.71481,1.49035,0,1.32486,2.1168,9.00468e+06,3.61194e+06,1.54413e+07,0,0,0,8.03099e+07
85.139,85.139,4.53601,0.02,0,2.34628,2.57021,0,0.439424,4.47552,4.33291e+06,2.70226e+06,1.01662e+07,0,0,0,0,60.7591,61.308,3.40088,0,1,1.71481,1.49088,0,1.32486,2.1168,9.00468e+06,3.61194e+06,1.54413e+07,0,0,0,8.03099e+07
85.139,85.139,5.4431,0.03,0,2.59849,2.8219,0,0.439693,4.47552,4.33291e+06,2.70226e+06,1.12591e+07,0,0,0,0,61.0406,61.308,3.86438,0,1,1.89016,1.66676,0,1.32486,2.1168,9.00468e+06,3.61194e+06,1.70203e+07,0,0,0,8.03099e+07
85.139,85.139,4.18622,0.04,0,2.77537,2.82289,0,0.486958,4.47552,4.33291e+06,2.70226e+06,1.20255e+07,0,0,0,0,61.1388,61.308,2.94387,0,1,1.71487,1.66735,0,1.46034,2.1168,9.00468e+06,3.61194e+06,1.54418e+07,0,0,0,8.03099e+07
85.139,85.139,3.75138,0.04,0,2.77696,2.82389,0,0.520105,4.47552,4.33291e+06,2.70226e+06,1.20323e+07,0,0,0,0,61.2572,61.308,2.97123,0,1,1.71487,1.66794,0,1.32491,2.1168,9.00468e+06,3.61194e+06,1.54418e+07,0,0,0,8.03099e+07
85.139,85.139,3.9406,0.04,0,2.77854,2.82489,0,0.520402,4.47552,4.33291e+06,2.70226e+06,1.20392e+07,0,0,0,0,61.3869,61.308,3.10052,0,1,1.71487,1.66852,0,1.32491,2.1168,9.00468e+06,3.61194e+06,1.54418e+07,0,0,0,8.03099e+07
85.139,85.139,4.05119,0.04,0,2.42193,2.46768,0,0.520699,4.47552,4.33291e+06,2.70226e+06,1.0494e+07,0,0,0,0,61.7805,61.308,3.21894,0,1,1.47921,1.43345,0,1.32491,2.1168,9.00468e+06,3.61194e+06,1.33198e+07,0,0,0,8.03099e+07
85.139,85.139,5.99947,0.04,0,2.18772,2.46855,0,0.45387,4.47552,4.33291e+06,2.70226e+06,9.47922e+06,0,0,0,0,62.3362,61.308,4.14888,0,1,1.71479,1.43396,0,1.14283,2.1168,9.00468e+06,3.61194e+06,1.54411e+07,0,0,0,8.03099e+07
85.139,85.139,4.6257,0.04,0,2.1891,2.46943,0,0.40998,4.47552,4.33291e+06,2.70226e+06,9.48519e+06,0,0,0,0,62.3362,61.308,3.20081,0,1,1.71479,1.43446,0,1.32484,2.1168,9.00468e+06,3.61194e+06,1.54411e+07,0,0,0,8.03099e+07
85.139,85.139,5.5975,0.04,0,2.19048,2.4703,0,0.410238,4.47552,4.33291e+06,2.70226e+06,9.49116e+06,0,0,0,0,62.3362,61.308,3.58331,0,1,1.71479,1.43497,0,1.32484,2.1168,9.00468e+06,3.61194e+06,1.54411e+07,0,0,0,8.03099e+07
85.139,85.139,5.15206,0.04,0,2.19186,2.47117,0,0.410496,4.47552,4.33291e+06,2.70226e+06,9.49712e+06,0,0,0,0,62.3362,61.308,4.10316,0,1,1.71479,1.43547,0,1.32484,2.1168,9.00468e+06,3.61194e+06,1.54411e+07,0,0,0,8.03099e+07
85.139,85.139,5.34672,0.04,0,2.28356,2.56236,0,0.410754,4.47552,4.33291e+06,2.70226e+06,9.89445e+06,0,0,0,0,62.3362,61.308,3.64296,0,1,1.77254,1.49373,0,1.32484,2.1168,9.00468e+06,3.61194e+06,1.59612e+07,0,0,0,8.03099e+07
85.139,85.139,4.48284,0.05,0,2.34272,2.56327,0,0.427938,4.47552,4.33291e+06,2.70226e+06,1.01508e+07,0,0,0,0,62.3362,61.308,3.99835,0,1,1.71481,1.49426,0,1.36946,2.1168,9.00468e+06,3.61194e+06,1.54413e+07,0,0,0,8.03099e+07
85.139,85.139,4.01314,0.05,0,2.34415,2.56417,0,0.439026,4.47552,4.33291e+06,2.70226e+06,1.0157e+07,0,0,0,0,62.3362,61.308,3.09437,0,1,1.71481,1.49479,0,1.32486,2.1168,9.00468e+06,3.61194e+06,1.54413e+07,0,0,0,8.03099e+07
85.139,85.139,3.43353,0.05,0,2.34558,2.56507,0,0.439294,4.47552,4.33291e+06,2.70226e+06,1.01632e+07,0,0,0,0,62.3113,61.308,2.555,0,1,1.71481,1.49531,0,1.32486,2.1168,9.00468e+06,3.61194e+06,1.54413e+07,0,0,0,8.03099e+07
85.1035,85.139,2.8085,0.05,0,2.31165,2.53061,0,0.439562,4.47552,4.33291e+06,2.70226e+06,1.00162e+07,0,0,0,0,62.1311,61.308,2.69238,0,1,1.69234,1.47338,0,1.32486,2.1168,9.00468e+06,3.61194e+06,1.5239e+07,0,0,0,8.03099e+07
84.5807,85.139,2.28118,0.07,0,2.2906,2.5315,0,0.433203,4.47552,4.33291e+06,2.70226e+06,9.92499e+06,0,0,0,0,61.8437,61.308,1.96383,0,1,1.7148,1.4739,0,1.30751,2.1168,9.00468e+06,3.61194e+06,1.54412e+07,0,0,0,8.03099e+07
85.139,85.139,3.5452,0.07,0,2.29201,2.5324,0,0.429259,4.47552,4.33291e+06,2.70226e+06,9.9311e+06,0,0,0,0,61.649,61.308,2.45164,0,1,1.7148,1.47442,0,1.32485,2.1168,9.00468e+06,3.61194e+06,1.54412e+07,0,0,0,8.03099e+07
84.6018,85.139,2.21415,0.05,0,2.29343,2.53329,0,0.429524,4.47552,4.33291e+06,2.70226e+06,9.93722e+06,0,0,0,0,61.1595,61.308,1.95156,0,1,1.7148,1.47494,0,1.32485,2.1168,9.00468e+06,3.61194e+06,1.54412e+07,0,0,0,8.03099e+07
83.758,85.139,1.9715,0.07,0,2.41505,2.6544,0,0.429788,4.47552,4.33291e+06,2.70226e+06,1.04642e+07,0,0,0,0,60.7338,61.308,1.75443,0,1,1.79457,1.55523,0,1.32485,2.1168,9.00468e+06,3.61194e+06,1.61595e+07,0,0,0,8.03099e+07
82.9908,85.139,2.04388,0.07,0,2.49628,2.65533,0,0.452581,4.47552,4.33291e+06,2.70226e+06,1.08162e+07,0,0,0,0,60.4125,61.308,1.9416,0,1,1.71483,1.55578,0,1.38649,2.1168,9.00468e+06,3.61194e+06,1.54415e+07,0,0,0,8.03099e+07
82.1677,85.139,1.97748,0.07,0,2.49776,2.65627,0,0.467803,4.47552,4.33291e+06,2.70226e+06,1.08226e+07,0,0,0,0,60.0008,61.308,1.92008,0,1,1.71483,1.55632,0,1.32488,2.1168,9.00468e+06,3.61194e+06,1.54415e+07,0,0,0,8.03099e+07
81.231,85.139,1.85201,0.05,0,2.49924,2.6572,0,0.46808,4.47552,4.33291e+06,2.70226e+06,1.0829e+07,0,0,0,0,59.5875,61.308,1.75396,0,1,1.71483,1.55687,0,1.32488,2.1168,9.00468e+06,3.61194e+06,1.54415e+07,0,0,0,8.03099e+07
80.2496,85.139,1.74717,0.05,0,2.50073,2.65814,0,0.468358,4.47552,4.33291e+06,2.70226e+06,1.08354e+07,0,0,0,0,59.2002,61.308,1.77231,0,1,1.71483,1.55742,0,1.32488,2.1168,9.00468e+06,3.61194e+06,1.54415e+07,0,0,0,8.03099e+07
79.9401,85.139,2.4243,0.05,0,2.4784,2.63526,0,0.468637,4.47552,4.33291e+06,2.70226e+06,1.07387e+07,0,0,0,0,58.9377,61.308,2.26371,0,1,1.75875,1.60189,0,1.32488,2.1168,9.00468e+06,3.61194e+06,1.5837e+07,0,0,0,8.03099e+07
79.5235,85.139,2.34675,0.03,0,2.52379,2.63619,0,0.464452,4.47552,4.33291e+06,2.70226e+06,1.09354e+07,0,0,0,0,58.6762,61.308,2.25627,0,1,1.71484,1.60245,0,1.35881,2.1168,9.00468e+06,3.61194e+06,1.54416e+07,0,0,0,8.03099e+07
79.0376,85.139,2.26219,0.03,0,2.52529,2.63711,0,0.472959,4.47552,4.33291e+06,2.70226e+06,1.09419e+07,0,0,0,0,58.3735,61.308,2.02021,0,1,1.71484,1.60302,0,1.32489,2.1168,9.00468e+06,3.61194e+06,1.54416e+07,0,0,0,8.03099e+07
78.4765,85.139,2.16206,0.05,0,2.52678,2.63804,0,0.473239,4.47552,4.33291e+06,2.70226e+06,1.09483e+07,0,0,0,0,58.0311,61.308,1.93714,0,1,1.71484,1.60358,0,1.32489,2.1168,9.00468e+06,3.61194e+06,1.54416e+07,0,0,0,8.03099e+07
78.1521,85.139,2.43099,0.04,0,2.58986,2.70056,0,0.473518,4.47552,4.33291e+06,2.70226e+06,1.12216e+07,0,0,0,0,57.8441,61.308,2.30364,0,1,1.75404,1.64334,0,1.32489,2.1168,9.00468e+06,3.61194e+06,1.57946e+07,0,0,0,8.03099e+07
77.8203,85.139,2.46065,0.04,0,2.63057,2.70151,0,0.48534,4.47552,4.33291e+06,2.70226e+06,1.1398e+07,0,0,0,0,57.5799,61.308,2.24483,0,1,1.71486,1.64392,0,1.35517,2.1168,9.00468e+06,3.61194e+06,1.54417e+07,0,0,0,8.03099e+07
77.1853,85.139,2.14967,0.04,0,2.6321,2.70246,0,0.492969,4.47552,4.33291e+06,2.70226e+06,1.14047e+07,0,0,0,0,57.2736,61.308,2.07237,0,1,1.71486,1.6445,0,1.3249,2.1168,9.00468e+06,3.61194e+06,1.54418e+07,0,0,0,8.03099e+07
76.3925,85.139,1.98222,0.04,0,2.63363,2.70341,0,0.493256,4.47552,4.33291e+06,2.70226e+06,1.14113e+07,0,0,0,0,56.9546,61.308,1.9865,0,1,1.71486,1.64508,0,1.3249,2.1168,9.00468e+06,3.61194e+06,1.54418e+07,0,0,0,8.03099e+07
75.1533,85.139,1.65923,0.04,0,2.81577,2.88497,0,0.493543,4.47552,4.33291e+06,2.70226e+06,1.22005e+07,0,0,0,0,56.6278,61.308,1.97484,0,1,1.85654,1.78734,0,1.3249,2.1168,9.00468e+06,3.61194e+06,1.67176e+07,0,0,0,8.03099e+07
73.9872,85.139,1.78618,0.04,0,2.88599,2.88599,0,0.527676,4.47552,4.33291e+06,2.70226e+06,1.25047e+07,0,0,0,0,56.3855,61.308,2.01654,0,1,1.78797,1.78797,0,1.43436,2.1168,9.00468e+06,3.61194e+06,1.61001e+07,0,0,0,8.03099e+07
72.7169,85.139,1.67168,0.04,0,2.887,2.887,0,0.540834,4.47552,4.33291e+06,2.70226e+06,1.25091e+07,0,0,0,0,56.111,61.308,1.90666,0,1,1.7886,1.7886,0,1.38139,2.1168,9.00468e+06,3.61194e+06,1.61058e+07,0,0,0,8.03099e+07
71.8411,85.139,2.05898,0.07,0,2.88802,2.88802,0,0.541025,4.47552,4.33291e+06,2.70226e+06,1.25135e+07,0,0,0,0,55.8789,61.308,2.08966,0,1,1.78923,1.78923,0,1.38187,2.1168,9.00468e+06,3.61194e+06,1.61114e+07,0,0,0,8.03099e+07
70.5894,85.139,1.66998,0.07,0,2.88904,2.88904,0,0.541215,4.47552,4.33291e+06,2.70226e+06,1.25179e+07,0,0,0,0,55.5921,61.308,1.91394,0,1,1.78986,1.78986,0,1.38236,2.1168,9.00468e+06,3.61194e+06,1.61171e+07,0,0,0,8.03099e+07
69.5924,85.139,1.83212,0.08,0,2.80187,2.80187,0,0.541405,4.47552,4.33291e+06,2.70226e+06,1.21403e+07,0,0,0,0,55.4203,61.308,2.27459,0,1,1.70434,1.70434,0,1.38284,2.1168,9.00468e+06,3.61194e+06,1.5347e+07,0,0,0,8.03099e+07
68.4806,85.139,1.68513,0.08,0,2.79292,2.80286,0,0.525071,4.47552,4.33291e+06,2.70226e+06,1.21015e+07,0,0,0,0,55.2025,61.308,2.02709,0,1,1.71488,1.70494,0,1.31677,2.1168,9.00468e+06,3.61194e+06,1.54419e+07,0,0,0,8.03099e+07
68.0246,85.139,2.39934,0.08,0,2.7945,2.80384,0,0.523393,4.47552,4.33291e+06,2.70226e+06,1.21083e+07,0,0,0,0,55.1922,61.308,2.35769,0,1,1.71488,1.70554,0,1.32492,2.1168,9.00468e+06,3.61194e+06,1.54419e+07,0,0,0,8.03099e+07
70.8151,85.139,5.9217,0.12,0,2.79609,2.80483,0,0.52369,4.47552,4.33291e+06,2.70226e+06,1.21152e+07,0,0,0,0,56.1637,61.308,4.15994,0,1,1.71488,1.70614,0,1.32492,2.1168,9.00468e+06,3.61194e+06,1.54419e+07,0,0,0,8.03099e+07
70.7209,85.139,2.89335,0.08,0,2.72519,2.73333,0,0.523987,4.47552,4.33291e+06,2.70226e+06,1.1808e+07,0,0,0,0,56.327,61.308,2.76032,0,1,1.63635,1.62821,0,1.32492,2.1168,9.00468e+06,3.61194e+06,1.47348e+07,0,0,0,8.03099e+07
68.955,85.139,1.15457,0.09,0,2.64822,2.73429,0,0.510701,4.47552,4.33291e+06,2.70226e+06,1.14745e+07,0,0,0,0,56.0476,61.308,1.99033,0,1,1.71485,1.62878,0,1.26425,2.1168,9.00468e+06,3.61194e+06,1.54417e+07,0,0,0,8.03099e+07
68.7634,85.139,2.69429,0.09,0,2.64976,2.73525,0,0.496277,4.47552,4.33291e+06,2.70226e+06,1.14812e+07,0,0,0,0,56.1029,61.308,2.9324,0,1,1.71485,1.62935,0,1.32489,2.1168,9.00468e+06,3.61194e+06,1.54417e+07,0,0,0,8.03099e+07
71.2932,85.139,5.64471,0.09,0,2.65129,2.73622,0,0.496564,4.47552,4.33291e+06,2.70226e+06,1.14878e+07,0,0,0,0,56.7867,61.308,4.50617,0,1,1.71485,1.62993,0,1.32489,2.1168,9.00468e+06,3.61194e+06,1.54417e+07,0,0,0,8.03099e+07
71.4883,85.139,3.04015,0.08,0,2.44668,2.53104,0,0.496852,4.47552,4.33291e+06,2.70226e+06,1.06013e+07,0,0,0,0,57.1248,61.308,3.0153,0,1,1.55107,1.46672,0,1.32489,2.1168,9.00468e+06,3.61194e+06,1.39669e+07,0,0,0,8.03099e+07
71.8701,85.139,3.09119,0.08,0,2.28437,2.53192,0,0.458508,4.47552,4.33291e+06,2.70226e+06,9.89796e+06,0,0,0,0,58.3743,61.308,5.20144,0,1,1.7148,1.46724,0,1.19836,2.1168,9.00468e+06,3.61194e+06,1.54412e+07,0,0,0,8.03099e+07
74.8386,85.139,5.78722,0.09,0,2.28577,2.53281,0,0.42809,4.47552,4.33291e+06,2.70226e+06,9.90405e+06,0,0,0,0,59.3111,61.308,5.15978,0,1,1.7148,1.46775,0,1.32485,2.1168,9.00468e+06,3.61194e+06,1.54412e+07,0,0,0,8.03099e+07
77.7143,85.139,5.86472,0.04,0,2.28718,2.5337,0,0.428353,4.47552,4.33291e+06,2.70226e+06,9.91014e+06,0,0,0,0,61.0115,61.308,5.90917,0,1,1.7148,1.46827,0,1.32485,2.1168,9.00468e+06,3.61194e+06,1.54412e+07,0,0,0,8.03099e+07
78.2219,85.139,3.275,0.05,0,2.28858,2.53459,0,0.428617,4.47552,4.33291e+06,2.70226e+06,9.91622e+06,0,0,0,0,61.3828,61.308,3.36781,0,1,1.7148,1.46878,0,1.32485,2.1168,9.00468e+06,3.61194e+06,1.54412e+07,0,0,0,8.03099e+07
80.3,85.139,4.9466,0.05,0,2.36939,2.61489,0,0.42888,4.47552,4.33291e+06,2.70226e+06,1.02664e+07,0,0,0,0,61.9084,61.308,3.45843,0,1,1.76229,1.51679,0,1.32485,2.1168,9.00468e+06,3.61194e+06,1.58689e+07,0,0,0,8.03099e+07
82.9215,85.139,5.51006,0.03,0,2.41829,2.61578,0,0.444025,4.47552,4.33291e+06,2.70226e+06,1.04783e+07,0,0,0,0,62.3362,61.308,4.45668,0,1,1.71479,1.51731,0,1.36155,2.1168,9.00468e+06,3.61194e+06,1.54412e+07,0,0,0,8.03099e+07
84.0339,85.139,3.95283,0.04,0,2.41969,2.61666,0,0.453188,4.47552,4.33291e+06,2.70226e+06,1.04843e+07,0,0,0,0,62.3362,61.308,3.31178,0,1,1.71479,1.51782,0,1.32485,2.1168,9.00468e+06,3.61194e+06,1.54412e+07,0,0,0,8.03099e+07
85.139,85.139,4.11187,0.05,0,2.42109,2.61755,0,0.453451,4.47552,4.33291e+06,2.70226e+06,1.04904e+07,0,0,0,0,62.3362,61.308,2.75401,0,1,1.71479,1.51834,0,1.32485,2.1168,9.00468e+06,3.61194e+06,1.54412e+07,0,0,0,8.03099e+07
85.139,85.139,6.62245,0.04,0,2.67789,2.87383,0,0.453713,4.47552,4.33291e+06,2.70226e+06,1.16031e+07,0,0,0,0,62.3362,61.308,4.69142,0,1,1.89338,1.69744,0,1.32485,2.1168,9.00468e+06,3.61194e+06,1.70493e+07,0,0,0,8.03099e+07
85.139,85.139,7.88859,0.04,0,2.85796,2.87481,0,0.501837,4.47552,4.33291e+06,2.70226e+06,1.23833e+07,0,0,0,0,62.2756,61.308,4.03246,0,1,1.71486,1.69801,0,1.46282,2.1168,9.00468e+06,3.61194e+06,1.54417e+07,0,0,0,8.03099e+07
85.139,85.139,3.59018,0.04,0,2.85951,2.87578,0,0.535583,4.47552,4.33291e+06,2.70226e+06,1.239e+07,0,0,0,0,62.2578,61.308,2.41993,0,1,1.71486,1.69859,0,1.3249,2.1168,9.00468e+06,3.61194e+06,1.54417e+07,0,0,0,8.03099e+07
85.139,85.139,4.16977,0.04,0,2.86106,2.87676,0,0.535873,4.47552,4.33291e+06,2.70226e+06,1.23967e+07,0,0,0,0,62.2431,61.308,2.60585,0,1,1.71486,1.69916,0,1.3249,2.1168,9.00468e+06,3.61194e+06,1.54417e+07,0,0,0,8.03099e+07
85.139,85.139,3.70093,0.04,0,2.49784,2.51296,0,0.536163,4.47552,4.33291e+06,2.70226e+06,1.08229e+07,0,0,0,0,62.3362,61.308,3.38342,0,1,1.47487,1.45975,0,1.3249,2.1168,9.00468e+06,3.61194e+06,1.32807e+07,0,0,0,8.03099e+07
85.139,85.139,4.53223,0.04,0,2.25928,2.51381,0,0.468096,4.47552,4.33291e+06,2.70226e+06,9.78927e+06,0,0,0,0,62.3362,61.308,3.94739,0,1,1.71477,1.46024,0,1.13948,2.1168,9.00468e+06,3.61194e+06,1.5441e+07,0,0,0,8.03099e+07
85.139,85.139,6.13663,0.04,0,2.26063,2.51466,0,0.423389,4.47552,4.33291e+06,2.70226e+06,9.7951e+06,0,0,0,0,62.3362,61.308,4.34117,0,1,1.71477,1.46074,0,1.32483,2.1168,9.00468e+06,3.61194e+06,1.5441e+07,0,0,0,8.03099e+07
85.139,85.139,5.01883,0.04,0,2.26197,2.51551,0,0.423641,4.47552,4.33291e+06,2.70226e+06,9.80093e+06,0,0,0,0,62.3362,61.308,2.88134,0,1,1.71477,1.46123,0,1.32483,2.1168,9.00468e+06,3.61194e+06,1.5441e+07,0,0,0,8.03099e+07
85.139,85.139,3.55234,0.04,0,2.26332,2.51636,0,0.423893,4.47552,4.33291e+06,2.70226e+06,9.80676e+06,0,0,0,0,62.1499,61.308,2.36711,0,1,1.71477,1.46173,0,1.32483,2.1168,9.00468e+06,3.61194e+06,1.5441e+07,0,0,0,8.03099e+07
85.139,85.139,3.00262,0.05,0,2.35664,2.60919,0,0.424146,4.47552,4.33291e+06,2.70226e+06,1.02111e+07,0,0,0,0,61.9116,61.308,2.09921,0,1,1.77358,1.52103,0,1.32483,2.1168,9.00468e+06,3.61194e+06,1.59706e+07,0,0,0,8.03099e+07
85.139,85.139,4.40532,0.05,0,2.41683,2.61007,0,0.441634,4.47552,4.33291e+06,2.70226e+06,1.04719e+07,0,0,0,0,61.9146,61.308,3.72495,0,1,1.71479,1.52155,0,1.37027,2.1168,9.00468e+06,3.61194e+06,1.54412e+07,0,0,0,8.03099e+07
85.139,85.139,5.09075,0.06,0,2.41822,2.61096,0,0.452913,4.47552,4.33291e+06,2.70226e+06,1.0478e+07,0,0,0,0,62.2225,61.308,4.03531,0,1,1.71479,1.52206,0,1.32485,2.1168,9.00468e+06,3.61194e+06,1.54412e+07,0,0,0,8.03099e+07
85.139,85.139,3.98191,0.07,0,2.41962,2.61184,0,0.453175,4.47552,4.33291e+06,2.70226e+06,1.0484e+07,0,0,0,0,62.3,61.308,3.21351,0,1,1.71479,1.52258,0,1.32485,2.1168,9.00468e+06,3.61194e+06,1.54412e+07,0,0,0,8.03099e+07
85.139,85.139,3.36387,0.07,0,2.38501,2.57671,0,0.453437,4.47552,4.33291e+06,2.70226e+06,1.0334e+07,0,0,0,0,62.3319,61.308,2.86246,0,1,1.69192,1.50022,0,1.32485,2.1168,9.00468e+06,3.61194e+06,1.52352e+07,0,0,0,8.03099e+07
85.139,85.139,3.4833,0.07,0,2.36353,2.57759,0,0.446951,4.47552,4.33291e+06,2.70226e+06,1.0241e+07,0,0,0,0,62.3362,61.308,3.6517,0,1,1.71479,1.50073,0,1.30718,2.1168,9.00468e+06,3.61194e+06,1.54411e+07,0,0,0,8.03099e+07
85.139,85.139,3.62625,0.07,0,2.3649,2.57846,0,0.442925,4.47552,4.33291e+06,2.70226e+06,1.02469e+07,0,0,0,0,62.3362,61.308,3.06681,0,1,1.71479,1.50123,0,1.32484,2.1168,9.00468e+06,3.61194e+06,1.54411e+07,0,0,0,8.03099e+07
85.139,85.139,3.54748,0.06,0,2.36628,2.57933,0,0.443183,4.47552,4.33291e+06,2.70226e+06,1.02529e+07,0,0,0,0,62.3362,61.308,3.12499,0,1,1.71479,1.50174,0,1.32484,2.1168,9.00468e+06,3.61194e+06,1.54411e+07,0,0,0,8.03099e+07
85.139,85.139,2.86989,0.05,0,2.49006,2.7026,0,0.443442,4.47552,4.33291e+06,2.70226e+06,1.07892e+07,0,0,0,0,62.3362,61.308,2.90059,0,1,1.79601,1.58347,0,1.32484,2.1168,9.00468e+06,3.61194e+06,1.61725e+07,0,0,0,8.03099e+07
85.139,85.139,2.85505,0.04,0,2.5727,2.70351,0,0.466638,4.47552,4.33291e+06,2.70226e+06,1.11473e+07,0,0,0,0,62.3362,61.308,2.74903,0,1,1.71482,1.58401,0,1.3876,2.1168,9.00468e+06,3.61194e+06,1.54414e+07,0,0,0,8.03099e+07
84.9112,85.139,2.61253,0.04,0,2.57415,2.70443,0,0.482124,4.47552,4.33291e+06,2.70226e+06,1.11536e+07,0,0,0,0,62.3232,61.308,2.49098,0,1,1.71482,1.58454,0,1.32487,2.1168,9.00468e+06,3.61194e+06,1.54414e+07,0,0,0,8.03099e+07
84.5503,85.139,2.42114,0.08,0,2.5756,2.70534,0,0.482396,4.47552,4.33291e+06,2.70226e+06,1.11599e+07,0,0,0,0,62.2446,61.308,2.39779,0,1,1.71482,1.58508,0,1.32487,2.1168,9.00468e+06,3.61194e+06,1.54414e+07,0,0,0,8.03099e+07
84.0622,85.139,2.28435,0.06,0,2.57705,2.70626,0,0.482668,4.47552,4.33291e+06,2.70226e+06,1.11661e+07,0,0,0,0,61.8275,61.308,2.25186,0,1,1.71482,1.58561,0,1.32487,2.1168,9.00468e+06,3.61194e+06,1.54414e+07,0,0,0,8.03099e+07
83.3248,85.139,1.99539,0.06,0,2.55426,2.68292,0,0.48294,4.47552,4.33291e+06,2.70226e+06,1.10674e+07,0,0,0,0,61.04,61.308,1.62487,0,1,1.75953,1.63086,0,1.32487,2.1168,9.00468e+06,3.61194e+06,1.5844e+07,0,0,0,8.03099e+07
82.356,85.139,1.79304,0.05,0,2.60041,2.68383,0,0.478668,4.47552,4.33291e+06,2.70226e+06,1.12674e+07,0,0,0,0,60.1755,61.308,1.32929,0,1,1.71483,1.63141,0,1.35941,2.1168,9.00468e+06,3.61194e+06,1.54415e+07,0,0,0,8.03099e+07
81.239,85.139,1.63863,0.04,0,2.60187,2.68474,0,0.487318,4.47552,4.33291e+06,2.70226e+06,1.12737e+07,0,0,0,0,59.1977,61.308,1.33427,0,1,1.71483,1.63197,0,1.32488,2.1168,9.00468e+06,3.61194e+06,1.54415e+07,0,0,0,8.03099e+07
79.9738,85.139,1.47896,0.04,0,2.60333,2.68564,0,0.487591,4.47552,4.33291e+06,2.70226e+06,1.128e+07,0,0,0,0,58.1593,61.308,1.19323,0,1,1.71483,1.63252,0,1.32488,2.1168,9.00468e+06,3.61194e+06,1.54415e+07,0,0,0,8.03099e+07
78.6297,85.139,1.41458,0.04,0,2.66749,2.74925,0,0.487864,4.47552,4.33291e+06,2.70226e+06,1.1558e+07,0,0,0,0,57.17,61.308,1.13565,0,1,1.75474,1.67297,0,1.32488,2.1168,9.00468e+06,3.61194e+06,1.58008e+07,0,0,0,8.03099e+07
77.5514,85.139,1.70928,0.04,0,2.70887,2.75018,0,0.499887,4.47552,4.33291e+06,2.70226e+06,1.17373e+07,0,0,0,0,56.3686,61.308,1.38006,0,1,1.71485,1.67354,0,1.35571,2.1168,9.00468e+06,3.61194e+06,1.54416e+07,0,0,0,8.03099e+07
76.3492,85.139,1.56548,0.04,0,2.71037,2.75111,0,0.507643,4.47552,4.33291e+06,2.70226e+06,1.17438e+07,0,0,0,0,55.3574,61.308,1.34763,0,1,1.71485,1.6741,0,1.32489,2.1168,9.00468e+06,3.61194e+06,1.54416e+07,0,0,0,8.03099e+07
75.0272,85.139,1.43574,0.04,0,2.71186,2.75204,0,0.507923,4.47552,4.33291e+06,2.70226e+06,1.17503e+07,0,0,0,0,54.4653,61.308,1.18498,0,1,1.71485,1.67467,0,1.32489,2.1168,9.00468e+06,3.61194e+06,1.54416e+07,0,0,0,8.03099e+07
73.6471,85.139,1.51218,0.04,0,2.89722,2.93683,0,0.508203,4.47552,4.33291e+06,2.70226e+06,1.25534e+07,0,0,0,0,53.3398,61.308,1.39972,0,1,1.85908,1.81947,0,1.32489,2.1168,9.00468e+06,3.61194e+06,1.67404e+07,0,0,0,8.03099e+07
72.0542,85.139,1.31688,0.07,0,2.93782,2.93782,0,0.542938,4.47552,4.33291e+06,2.70226e+06,1.27293e+07,0,0,0,0,52.1987,61.308,0.965545,0,1,1.82008,1.82008,0,1.43632,2.1168,9.00468e+06,3.61194e+06,1.63892e+07,0,0,0,8.03099e+07
70.5847,85.139,1.42883,0.07,0,2.93881,2.93881,0,0.550547,4.47552,4.33291e+06,2.70226e+06,1.27336e+07,0,0,0,0,50.918,61.308,1.09645,0,1,1.8207,1.8207,0,1.40619,2.1168,9.00468e+06,3.61194e+06,1.63948e+07,0,0,0,8.03099e+07
68.842,85.139,1.15022,0.09,0,2.9398,2.9398,0,0.550733,4.47552,4.33291e+06,2.70226e+06,1.27379e+07,0,0,0,0,49.8893,61.308,0.823304,0,1,1.82131,1.82131,0,1.40667,2.1168,9.00468e+06,3.61194e+06,1.64003e+07,0,0,0,8.03099e+07
67.3475,85.139,1.37661,0.09,0,2.94079,2.94079,0,0.550919,4.47552,4.33291e+06,2.70226e+06,1.27422e+07,0,0,0,0,49.2758,61.308,1.35017,0,1,1.82192,1.82192,0,1.40714,2.1168,9.00468e+06,3.61194e+06,1.64058e+07,0,0,0,8.03099e+07
66.4287,85.139,1.85929,0.12,0,2.85203,2.85203,0,0.551105,4.47552,4.33291e+06,2.70226e+06,1.23576e+07,0,0,0,0,48.8069,61.308,1.62388,0,1,1.73485,1.73485,0,1.40762,2.1168,9.00468e+06,3.61194e+06,1.56218e+07,0,0,0,8.03099e+07
65.8246,85.139,2.24909,0.12,0,2.85299,2.85299,0,0.53447,4.47552,4.33291e+06,2.70226e+06,1.23618e+07,0,0,0,0,48.5953,61.308,2.24377,0,1,1.73543,1.73543,0,1.34034,2.1168,9.00468e+06,3.61194e+06,1.5627e+07,0,0,0,8.03099e+07
65.5132,85.139,2.56917,0.13,0,2.85395,2.85395,0,0.534651,4.47552,4.33291e+06,2.70226e+06,1.23659e+07,0,0,0,0,48.6529,61.308,2.86706,0,1,1.73602,1.73602,0,1.3408,2.1168,9.00468e+06,3.61194e+06,1.56323e+07,0,0,0,8.03099e+07
65.0992,85.139,2.49877,0.13,0,2.85492,2.85492,0,0.534831,4.47552,4.33291e+06,2.70226e+06,1.23701e+07,0,0,0,0,48.6915,61.308,2.79687,0,1,1.73661,1.73661,0,1.34125,2.1168,9.00468e+06,3.61194e+06,1.56376e+07,0,0,0,8.03099e+07
64.8523,85.139,2.71388,0.13,0,2.78211,2.78211,0,0.535012,4.47552,4.33291e+06,2.70226e+06,1.20546e+07,0,0,0,0,48.8774,61.308,3.28401,0,1,1.65726,1.65726,0,1.3417,2.1168,9.00468e+06,3.61194e+06,1.49231e+07,0,0,0,8.03099e+07
63.3743,85.139,1.28075,0.13,0,2.72603,2.78305,0,0.521367,4.47552,4.33291e+06,2.70226e+06,1.18117e+07,0,0,0,0,48.3981,61.308,1.50693,0,1,1.71484,1.65782,0,1.2804,2.1168,9.00468e+06,3.61194e+06,1.54416e+07,0,0,0,8.03099e+07
63.7816,85.139,3.27332,0.13,0,2.72753,2.78398,0,0.510858,4.47552,4.33291e+06,2.70226e+06,1.18181e+07,0,0,0,0,48.7342,61.308,4.64416,0,1,1.71484,1.65838,0,1.32488,2.1168,9.00468e+06,3.61194e+06,1.54416e+07,0,0,0,8.03099e+07
64.7101,85.139,3.85492,0.14,0,2.72902,2.78492,0,0.511139,4.47552,4.33291e+06,2.70226e+06,1.18246e+07,0,0,0,0,49.4273,61.308,3.78467,0,1,1.71484,1.65894,0,1.32488,2.1168,9.00468e+06,3.61194e+06,1.54416e+07,0,0,0,8.03099e+07
64.6667,85.139,2.65791,0.14,0,2.52072,2.57605,0,0.511419,4.47552,4.33291e+06,2.70226e+06,1.0922e+07,0,0,0,0,49.7308,61.308,2.7462,0,1,1.54815,1.49281,0,1.32488,2.1168,9.00468e+06,3.61194e+06,1.39406e+07,0,0,0,8.03099e+07
64.6743,85.139,2.66021,0.14,0,2.35545,2.57692,0,0.472382,4.47552,4.33291e+06,2.70226e+06,1.0206e+07,0,0,0,0,50.0807,61.308,3.23227,0,1,1.71478,1.49331,0,1.1961,2.1168,9.00468e+06,3.61194e+06,1.54411e+07,0,0,0,8.03099e+07
67.9137,85.139,5.93705,0.14,0,2.35683,2.57779,0,0.441412,4.47552,4.33291e+06,2.70226e+06,1.02119e+07,0,0,0,0,49.9622,61.308,2.96374,0,1,1.71478,1.49382,0,1.32484,2.1168,9.00468e+06,3.61194e+06,1.54411e+07,0,0,0,8.03099e+07
72.225,85.139,7.11728,0.15,0,2.3582,2.57866,0,0.441669,4.47552,4.33291e+06,2.70226e+06,1.02179e+07,0,0,0,0,49.9206,61.308,2.77872,0,1,1.71478,1.49432,0,1.32484,2.1168,9.00468e+06,3.61194e+06,1.54411e+07,0,0,0,8.03099e+07
76.8646,85.139,7.59491,0.12,0,2.35957,2.57953,0,0.441926,4.47552,4.33291e+06,2.70226e+06,1.02238e+07,0,0,0,0,51.8697,61.308,7.84109,0,1,1.71478,1.49482,0,1.32484,2.1168,9.00468e+06,3.61194e+06,1.54411e+07,0,0,0,8.03099e+07
78.7407,85.139,4.78304,0.08,0.02,2.44176,2.66122,0,0.442184,4.47552,4.33291e+06,2.70226e+06,1.05799e+07,0,0,0,0,52.1314,61.308,3.54312,0,1,1.76312,1.54367,0,1.32484,2.1168,9.00468e+06,3.61194e+06,1.58763e+07,0,0,0,8.03099e+07
78.148,85.139,2.27158,0.08,0.02,2.49147,2.66208,0,0.457586,4.47552,4.33291e+06,2.70226e+06,1.07953e+07,0,0,0,0,52.0488,61.308,2.6865,0,1,1.71478,1.54417,0,1.36219,2.1168,9.00468e+06,3.61194e+06,1.54411e+07,0,0,0,8.03099e+07
78.3081,85.139,3.10919,0.08,0.02,2.49283,2.66295,0,0.466901,4.47552,4.33291e+06,2.70226e+06,1.08012e+07,0,0,0,0,52.1606,61.308,3.05168,0,1,1.71478,1.54467,0,1.32484,2.1168,9.00468e+06,3.61194e+06,1.54411e+07,0,0,0,8.03099e+07
80.4348,85.139,5.11297,0.09,0.02,2.4942,2.66381,0,0.467157,4.47552,4.33291e+06,2.70226e+06,1.08072e+07,0,0,0,0,53.5988,61.308,8.67055,0,1,1.71478,1.54517,0,1.32484,2.1168,9.00468e+06,3.61194e+06,1.54411e+07,0,0,0,8.03099e+07
81.221,85.139,4.00324,0.06,0.02,2.75547,2.92458,0,0.467413,4.47552,4.33291e+06,2.70226e+06,1.19392e+07,0,0,0,0,55.2627,61.308,5.50474,0,1,1.89652,1.72741,0,1.32484,2.1168,9.00468e+06,3.61194e+06,1.70776e+07,0,0,0,8.03099e+07
82.4854,85.139,4.62668,0.07,0.02,2.92553,2.92553,0,0.516376,4.47552,4.33291e+06,2.70226e+06,1.26761e+07,0,0,0,0,56.3003,61.308,6.54913,0,1,1.72797,1.72797,0,1.46525,2.1168,9.00468e+06,3.61194e+06,1.55598e+07,0,0,0,8.03099e+07
83.5511,85.139,4.42477,0.06,0.02,2.92648,2.92648,0,0.548245,4.47552,4.33291e+06,2.70226e+06,1.26802e+07,0,0,0,0,57.5712,61.308,7.62223,0,1,1.72853,1.72853,0,1.33503,2.1168,9.00468e+06,3.61194e+06,1.55649e+07,0,0,0,8.03099e+07
84.1738,85.139,4.02392,0.06,0.02,2.92743,2.92743,0,0.548423,4.47552,4.33291e+06,2.70226e+06,1.26843e+07,0,0,0,0,58.2859,61.308,4.75747,0,1,1.72909,1.72909,0,1.33546,2.1168,9.00468e+06,3.61194e+06,1.55699e+07,0,0,0,8.03099e+07
85.139,85.139,4.60887,0.07,0.02,2.55719,2.55719,0,0.548601,4.47552,4.33291e+06,2.70226e+06,1.10801e+07,0,0,0,0,59.3685,61.308,5.52771,0,1,1.48544,1.48544,0,1.3359,2.1168,9.00468e+06,3.61194e+06,1.33759e+07,0,0,0,8.03099e+07
85.139,85.139,3.39641,0.04,0.02,2.32919,2.55802,0,0.479218,4.47552,4.33291e+06,2.70226e+06,1.00922e+07,0,0,0,0,59.6649,61.308,4.20353,0,1,1.71476,1.48593,0,1.14765,2.1168,9.00468e+06,3.61194e+06,1.54409e+07,0,0,0,8.03099e+07
85.139,85.139,3.7967,0.04,0.02,2.3305,2.55885,0,0.43649,4.47552,4.33291e+06,2.70226e+06,1.00979e+07,0,0,0,0,60.015,61.308,3.87768,0,1,1.71476,1.48641,0,1.32483,2.1168,9.00468e+06,3.61194e+06,1.54409e+07,0,0,0,8.03099e+07
85.139,85.139,3.29373,0.04,0.02,2.33181,2.55968,0,0.436736,4.47552,4.33291e+06,2.70226e+06,1.01035e+07,0,0,0,0,60.3169,61.308,3.89567,0,1,1.71476,1.48689,0,1.32483,2.1168,9.00468e+06,3.61194e+06,1.54409e+07,0,0,0,8.03099e+07
84.8694,85.139,2.56716,0.04,0.02,2.33313,2.56051,0,0.436982,4.47552,4.33291e+06,2.70226e+06,1.01092e+07,0,0,0,0,60.681,61.308,4.51589,0,1,1.71476,1.48737,0,1.32483,2.1168,9.00468e+06,3.61194e+06,1.54409e+07,0,0,0,8.03099e+07
84.6946,85.139,2.77709,0.09,0.02,2.42803,2.65493,0,0.437228,4.47552,4.33291e+06,2.70226e+06,1.05204e+07,0,0,0,0,60.9293,61.308,3.73972,0,1,1.7746,1.5477,0,1.32483,2.1168,9.00468e+06,3.61194e+06,1.59797e+07,0,0,0,8.03099e+07
85.0994,85.139,3.47199,0.1,0.02,2.48921,2.65579,0,0.455012,4.47552,4.33291e+06,2.70226e+06,1.07855e+07,0,0,0,0,61.5753,61.308,5.53522,0,1,1.71478,1.5482,0,1.37106,2.1168,9.00468e+06,3.61194e+06,1.54411e+07,0,0,0,8.03099e+07
84.3154,85.139,2.21185,0.1,0.02,2.49057,2.65665,0,0.466478,4.47552,4.33291e+06,2.70226e+06,1.07914e+07,0,0,0,0,61.706,61.308,3.55717,0,1,1.71478,1.5487,0,1.32484,2.1168,9.00468e+06,3.61194e+06,1.54411e+07,0,0,0,8.03099e+07
83.0623,85.139,1.68225,0.1,0.02,2.49194,2.65752,0,0.466733,4.47552,4.33291e+06,2.70226e+06,1.07974e+07,0,0,0,0,61.6367,61.308,2.82871,0,1,1.71478,1.5492,0,1.32484,2.1168,9.00468e+06,3.61194e+06,1.54411e+07,0,0,0,8.03099e+07
81.8419,85.139,1.65639,0.1,0.02,2.45666,2.62174,0,0.466989,4.47552,4.33291e+06,2.70226e+06,1.06445e+07,0,0,0,0,61.5619,61.308,2.87193,0,1,1.69151,1.52643,0,1.32484,2.1168,9.00468e+06,3.61194e+06,1.52315e+07,0,0,0,8.03099e+07
80.8688,85.139,1.84078,0.11,0.02,2.43474,2.62259,0,0.460379,4.47552,4.33291e+06,2.70226e+06,1.05495e+07,0,0,0,0,61.4705,61.308,3.04443,0,1,1.71478,1.52693,0,1.30686,2.1168,9.00468e+06,3.61194e+06,1.5441e+07,0,0,0,8.03099e+07
79.8425,85.139,1.70393,0.1,0.02,2.43609,2.62344,0,0.456271,4.47552,4.33291e+06,2.70226e+06,1.05554e+07,0,0,0,0,61.2791,61.308,2.80583,0,1,1.71478,1.52743,0,1.32484,2.1168,9.00468e+06,3.61194e+06,1.5441e+07,0,0,0,8.03099e+07
78.7852,85.139,1.6642,0.09,0.02,2.43744,2.62429,0,0.456523,4.47552,4.33291e+06,2.70226e+06,1.05612e+07,0,0,0,0,61.1728,61.308,3.18968,0,1,1.71478,1.52792,0,1.32484,2.1168,9.00468e+06,3.61194e+06,1.5441e+07,0,0,0,8.03099e+07
77.619,85.139,1.65137,0.13,0.02,2.56331,2.74967,0,0.456776,4.47552,4.33291e+06,2.70226e+06,1.11066e+07,0,0,0,0,61.0628,61.308,2.83666,0,1,1.79741,1.61105,0,1.32484,2.1168,9.00468e+06,3.61194e+06,1.61851e+07,0,0,0,8.03099e+07
76.2717,85.139,1.52587,0.12,0.02,2.64733,2.75056,0,0.480365,4.47552,4.33291e+06,2.70226e+06,1.14707e+07,0,0,0,0,61.0071,61.308,2.82671,0,1,1.7148,1.61157,0,1.38868,2.1168,9.00468e+06,3.61194e+06,1.54412e+07,0,0,0,8.03099e+07
74.83,85.139,1.39132,0.1,0.02,2.64875,2.75145,0,0.49611,4.47552,4.33291e+06,2.70226e+06,1.14768e+07,0,0,0,0,60.8106,61.308,2.61397,0,1,1.7148,1.6121,0,1.32486,2.1168,9.00468e+06,3.61194e+06,1.54412e+07,0,0,0,8.03099e+07
73.3139,85.139,1.26909,0.09,0.02,2.65016,2.75235,0,0.496375,4.47552,4.33291e+06,2.70226e+06,1.14829e+07,0,0,0,0,60.6052,61.308,2.60785,0,1,1.7148,1.61262,0,1.32486,2.1168,9.00468e+06,3.61194e+06,1.54412e+07,0,0,0,8.03099e+07
71.7843,85.139,1.24203,0.14,0.02,2.65158,2.75324,0,0.49664,4.47552,4.33291e+06,2.70226e+06,1.14891e+07,0,0,0,0,60.4539,61.308,2.62501,0,1,1.7148,1.61314,0,1.32486,2.1168,9.00468e+06,3.61194e+06,1.54412e+07,0,0,0,8.03099e+07
70.4087,85.139,1.35167,0.12,0.02,2.62832,2.72946,0,0.496905,4.47552,4.33291e+06,2.70226e+06,1.13883e+07,0,0,0,0,60.2303,61.308,2.22226,0,1,1.76029,1.65915,0,1.32486,2.1168,9.00468e+06,3.61194e+06,1.58509e+07,0,0,0,8.03099e+07
69.1077,85.139,1.44639,0.1,0.02,2.67522,2.73035,0,0.492548,4.47552,4.33291e+06,2.70226e+06,1.15915e+07,0,0,0,0,59.9621,61.308,1.98571,0,1,1.71482,1.65969,0,1.36,2.1168,9.00468e+06,3.61194e+06,1.54414e+07,0,0,0,8.03099e+07
67.7135,85.139,1.34318,0.09,0.02,2.67665,2.73123,0,0.501337,4.47552,4.33291e+06,2.70226e+06,1.15977e+07,0,0,0,0,59.5465,61.308,1.94088,0,1,1.71482,1.66023,0,1.32487,2.1168,9.00468e+06,3.61194e+06,1.54414e+07,0,0,0,8.03099e+07
66.2141,85.139,1.22481,0.15,0.02,2.67807,2.73212,0,0.501603,4.47552,4.33291e+06,2.70226e+06,1.16038e+07,0,0,0,0,58.9938,61.308,1.77901,0,1,1.71482,1.66077,0,1.32487,2.1168,9.00468e+06,3.61194e+06,1.54414e+07,0,0,0,8.03099e+07
64.5802,85.139,1.11109,0.13,0.02,2.74327,2.79679,0,0.50187,4.47552,4.33291e+06,2.70226e+06,1.18864e+07,0,0,0,0,58.3228,61.308,1.62544,0,1,1.75541,1.7019,0,1.32487,2.1168,9.00468e+06,3.61194e+06,1.58069e+07,0,0,0,8.03099e+07
62.9838,85.139,1.15831,0.13,0.02,2.78531,2.79769,0,0.51409,4.47552,4.33291e+06,2.70226e+06,1.20685e+07,0,0,0,0,57.7465,61.308,1.56875,0,1,1.71483,1.70245,0,1.35623,2.1168,9.00468e+06,3.61194e+06,1.54415e+07,0,0,0,8.03099e+07
61.3452,85.139,1.09275,0.12,0.02,2.78677,2.7986,0,0.521968,4.47552,4.33291e+06,2.70226e+06,1.20748e+07,0,0,0,0,57.0172,61.308,1.60627,0,1,1.71483,1.703,0,1.32488,2.1168,9.00468e+06,3.61194e+06,1.54415e+07,0,0,0,8.03099e+07
59.6553,85.139,1.02263,0.19,0.02,2.78823,2.79951,0,0.522241,4.47552,4.33291e+06,2.70226e+06,1.20812e+07,0,0,0,0,56.3189,61.308,1.47379,0,1,1.71483,1.70355,0,1.32488,2.1168,9.00468e+06,3.61194e+06,1.54415e+07,0,0,0,8.03099e+07
57.8227,85.139,1.00503,0.19,0.02,2.97671,2.98744,0,0.522514,4.47552,4.33291e+06,2.70226e+06,1.28978e+07,0,0,0,0,55.3847,61.308,1.57996,0,1,1.86155,1.85082,0,1.32488,2.1168,9.00468e+06,3.61194e+06,1.67626e+07,0,0,0,8.03099e+07
56.1256,85.139,1.12998,0.19,0.02,2.98841,2.98841,0,0.557836,4.47552,4.33291e+06,2.70226e+06,1.29485e+07,0,0,0,0,54.7412,61.308,1.30239,0,1,1.85142,1.85142,0,1.43823,2.1168,9.00468e+06,3.61194e+06,1.66715e+07,0,0,0,8.03099e+07
54.4,85.139,1.08523,0.21,0.02,2.98937,2.98937,0,0.560027,4.47552,4.33291e+06,2.70226e+06,1.29527e+07,0,0,0,0,54.09,61.308,1.55793,0,1,1.85202,1.85202,0,1.43041,2.1168,9.00468e+06,3.61194e+06,1.66769e+07,0,0,0,8.03099e+07
52.6436,85.139,1.03151,0.21,0.02,2.99034,2.99034,0,0.560209,4.47552,4.33291e+06,2.70226e+06,1.29569e+07,0,0,0,0,53.4136,61.308,1.53924,0,1,1.85262,1.85262,0,1.43087,2.1168,9.00468e+06,3.61194e+06,1.66823e+07,0,0,0,8.03099e+07
50.8983,85.139,1.01502,0.2,0.02,2.99131,2.99131,0,0.56039,4.47552,4.33291e+06,2.70226e+06,1.29611e+07,0,0,0,0,52.9122,61.308,1.52611,0,1,1.85322,1.85322,0,1.43134,2.1168,9.00468e+06,3.61194e+06,1.66877e+07,0,0,0,8.03099e+07
49.7005,85.139,1.44575,0.21,0.02,2.90098,2.90098,0,0.560572,4.47552,4.33291e+06,2.70226e+06,1.25697e+07,0,0,0,0,52.553,61.308,2.27508,0,1,1.76463,1.76463,0,1.4318,2.1168,9.00468e+06,3.61194e+06,1.58899e+07,0,0,0,8.03099e+07
48.9548,85.139,1.92966,0.21,0.02,2.90192,2.90192,0,0.543644,4.47552,4.33291e+06,2.70226e+06,1.25738e+07,0,0,0,0,52.5808,61.308,3.5454,0,1,1.7652,1.7652,0,1.36335,2.1168,9.00468e+06,3.61194e+06,1.5895e+07,0,0,0,8.03099e+07
48.4698,85.139,2.20553,0.2,0.02,2.90286,2.90286,0,0.54382,4.47552,4.33291e+06,2.70226e+06,1.25778e+07,0,0,0,0,52.9778,61.308,4.51196,0,1,1.76577,1.76577,0,1.36379,2.1168,9.00468e+06,3.61194e+06,1.59002e+07,0,0,0,8.03099e+07
47.9019,85.139,2.1416,0.2,0.02,2.9038,2.9038,0,0.543996,4.47552,4.33291e+06,2.70226e+06,1.25819e+07,0,0,0,0,53.3478,61.308,4.39996,0,1,1.76634,1.76634,0,1.36423,2.1168,9.00468e+06,3.61194e+06,1.59053e+07,0,0,0,8.03099e+07
47.6961,85.139,2.57166,0.2,0.02,2.8297,2.8297,0,0.544172,4.47552,4.33291e+06,2.70226e+06,1.22609e+07,0,0,0,0,54.2281,61.308,5.67249,0,1,1.68562,1.68562,0,1.36467,2.1168,9.00468e+06,3.61194e+06,1.51784e+07,0,0,0,8.03099e+07
52.4163,85.139,7.57322,0.2,0.02,2.80195,2.83062,0,0.530286,4.47552,4.33291e+06,2.70226e+06,1.21406e+07,0,0,0,0,55.0807,61.308,5.2526,0,1,1.71483,1.68616,0,1.30231,2.1168,9.00468e+06,3.61194e+06,1.54415e+07,0,0,0,8.03099e+07
56.7843,85.139,7.2895,0.18,0.02,2.80341,2.83153,0,0.525086,4.47552,4.33291e+06,2.70226e+06,1.21469e+07,0,0,0,0,55.5586,61.308,4.65482,0,1,1.71483,1.68671,0,1.32487,2.1168,9.00468e+06,3.61194e+06,1.54415e+07,0,0,0,8.03099e+07
60.6222,85.139,6.87262,0.15,0.02,2.80487,2.83245,0,0.525359,4.47552,4.33291e+06,2.70226e+06,1.21533e+07,0,0,0,0,57.306,61.308,7.13767,0,1,1.71483,1.68725,0,1.32487,2.1168,9.00468e+06,3.61194e+06,1.54415e+07,0,0,0,8.03099e+07
64.8827,85.139,7.12283,0.15,0.02,2.59295,2.61998,0,0.525633,4.47552,4.33291e+06,2.70226e+06,1.1235e+07,0,0,0,0,58.5707,61.308,6.17099,0,1,1.54529,1.51826,0,1.32487,2.1168,9.00468e+06,3.61194e+06,1.39149e+07,0,0,0,8.03099e+07
74.3367,85.139,12.3091,0.13,0.02,2.42481,2.62083,0,0.485919,4.47552,4.33291e+06,2.70226e+06,1.05065e+07,0,0,0,0,62.3362,61.308,10.6095,0,1,1.71477,1.51875,0,1.19389,2.1168,9.00468e+06,3.61194e+06,1.5441e+07,0,0,0,8.03099e+07
85.139,85.139,14.2412,0.07,0.02,2.42615,2.62167,0,0.454409,4.47552,4.33291e+06,2.70226e+06,1.05123e+07,0,0,0,0,62.3362,61.308,15.6614,0,1,1.71477,1.51925,0,1.32483,2.1168,9.00468e+06,3.61194e+06,1.5441e+07,0,0,0,8.03099e+07
85.139,85.139,13.9175,0.02,0.02,2.42749,2.62252,0,0.45466,4.47552,4.33291e+06,2.70226e+06,1.05181e+07,0,0,0,0,62.3362,61.308,12.1707,0,1,1.71477,1.51974,0,1.32483,2.1168,9.00468e+06,3.61194e+06,1.5441e+07,0,0,0,8.03099e+07
85.139,85.139,12.6431,0.02,0.02,2.42883,2.62337,0,0.454911,4.47552,4.33291e+06,2.70226e+06,1.05239e+07,0,0,0,0,62.3362,61.308,10.0533,0,1,1.71477,1.52023,0,1.32483,2.1168,9.00468e+06,3.61194e+06,1.5441e+07,0,0,0,8.03099e+07
85.139,85.139,13.2234,0.03,0.02,2.51235,2.70641,0,0.455162,4.47552,4.33291e+06,2.70226e+06,1.08858e+07,0,0,0,0,62.3362,61.308,11.8707,0,1,1.76393,1.56988,0,1.32483,2.1168,9.00468e+06,3.61194e+06,1.58836e+07,0,0,0,8.03099e+07
85.139,85.139,9.07442,0.03,0.02,2.40485,2.70725,0,0.470815,4.47552,4.33291e+06,2.70226e+06,1.042e+07,0,0,0,0,62.3362,61.308,8.9748,0,1,1.87277,1.57037,0,1.36281,2.96352,9.00468e+06,3.61194e+06,1.68637e+07,0,0,0,8.03099e+07
85.139,85.139,8.74477,0.03,0.02,2.40569,2.70809,0,0.450669,4.47552,4.33291e+06,2.70226e+06,1.04237e+07,0,0,0,0,62.3362,61.308,7.6237,0,1,1.87326,1.57086,0,1.4469,2.96352,9.00468e+06,3.61194e+06,1.68681e+07,0,0,0,8.03099e+07
85.139,85.139,9.29148,0.05,0.02,2.40653,2.70893,0,0.450827,4.47552,4.33291e+06,2.70226e+06,1.04273e+07,0,0,0,0,62.3362,61.308,10.5772,0,1,1.87374,1.57134,0,1.44728,2.96352,9.00468e+06,3.61194e+06,1.68725e+07,0,0,0,8.03099e+07
85.139,85.139,8.12642,0.05,0.02,2.67168,2.97408,0,0.450985,4.47552,4.33291e+06,2.70226e+06,1.15762e+07,0,0,0,0,62.3362,61.308,8.77408,0,1,2.05905,1.75665,0,1.44766,2.96352,9.00468e+06,3.61194e+06,1.85411e+07,0,0,0,8.03099e+07
85.139,85.139,10.7443,0.05,0.02,2.67261,2.97501,0,0.500673,4.47552,4.33291e+06,2.70226e+06,1.15802e+07,0,0,0,0,62.3362,61.308,9.3714,0,1,2.05959,1.75719,0,1.59082,2.96352,9.00468e+06,3.61194e+06,1.8546e+07,0,0,0,8.03099e+07
85.139,85.139,13.9415,0.06,0.02,2.67353,2.97593,0,0.500847,4.47552,4.33291e+06,2.70226e+06,1.15842e+07,0,0,0,0,62.3362,61.308,14.4793,0,1,2.06014,1.75774,0,1.59124,2.96352,9.00468e+06,3.61194e+06,1.85509e+07,0,0,0,8.03099e+07
85.139,85.139,8.75373,0.08,0.02,2.67446,2.97686,0,0.50102,4.47552,4.33291e+06,2.70226e+06,1.15882e+07,0,0,0,0,62.3362,61.308,15.5767,0,1,2.06069,1.75829,0,1.59167,2.96352,9.00468e+06,3.61194e+06,1.85558e+07,0,0,0,8.03099e+07
85.139,85.139,12.9844,0.07,0.02,2.29793,2.60033,0,0.501194,4.47552,4.33291e+06,2.70226e+06,9.95675e+06,0,0,0,0,62.3362,61.308,20.0205,0,1,1.8129,1.5105,0,1.59209,2.96352,9.00468e+06,3.61194e+06,1.63246e+07,0,0,0,8.03099e+07
85.139,85.139,6.42317,0.07,0.02,2.29874,2.60114,0,0.430633,4.47552,4.33291e+06,2.70226e+06,9.96025e+06,0,0,0,0,62.3362,61.308,10.3993,0,1,1.81337,1.51097,0,1.40065,2.96352,9.00468e+06,3.61194e+06,1.63289e+07,0,0,0,8.03099e+07
85.139,85.139,6.01841,0.07,0.02,2.29955,2.60195,0,0.430784,4.47552,4.33291e+06,2.70226e+06,9.96376e+06,0,0,0,0,62.3362,61.308,6.88818,0,1,1.81384,1.51144,0,1.40101,2.96352,9.00468e+06,3.61194e+06,1.63331e+07,0,0,0,8.03099e+07
85.139,85.139,6.3876,0.07,0.02,2.30036,2.60276,0,0.430936,4.47552,4.33291e+06,2.70226e+06,9.96727e+06,0,0,0,0,62.3362,61.308,7.64459,0,1,1.81431,1.51191,0,1.40138,2.96352,9.00468e+06,3.61194e+06,1.63373e+07,0,0,0,8.03099e+07
85.139,85.139,5.42904,0.07,0.02,2.30117,2.60357,0,0.431088,4.47552,4.33291e+06,2.70226e+06,9.97077e+06,0,0,0,0,62.3362,61.308,5.92041,0,1,1.81478,1.51238,0,1.40174,2.96352,9.00468e+06,3.61194e+06,1.63416e+07,0,0,0,8.03099e+07
85.139,85.139,5.59663,0.07,0.02,2.39714,2.69954,0,0.431239,4.47552,4.33291e+06,2.70226e+06,1.03866e+07,0,0,0,0,62.3362,61.308,6.27025,0,1,1.8761,1.5737,0,1.4021,2.96352,9.00468e+06,3.61194e+06,1.68937e+07,0,0,0,8.03099e+07
85.139,85.139,4.60256,0.07,0.02,2.39798,2.70038,0,0.449224,4.47552,4.33291e+06,2.70226e+06,1.03902e+07,0,0,0,0,62.3362,61.308,7.08628,0,1,1.87659,1.57419,0,1.44948,2.96352,9.00468e+06,3.61194e+06,1.68981e+07,0,0,0,8.03099e+07
85.139,85.139,6.15981,0.07,0.02,2.39882,2.70122,0,0.449381,4.47552,4.33291e+06,2.70226e+06,1.03939e+07,0,0,0,0,62.3362,61.308,9.83971,0,1,1.87708,1.57468,0,1.44985,2.96352,9.00468e+06,3.61194e+06,1.69025e+07,0,0,0,8.03099e+07
85.139,85.139,4.34888,0.07,0.02,2.39966,2.70206,0,0.449538,4.47552,4.33291e+06,2.70226e+06,1.03975e+07,0,0,0,0,62.3362,61.308,6.52526,0,1,1.87757,1.57517,0,1.45023,2.96352,9.00468e+06,3.61194e+06,1.69069e+07,0,0,0,8.03099e+07
85.139,85.139,3.80001,0.06,0.02,2.36324,2.66564,0,0.449696,4.47552,4.33291e+06,2.70226e+06,1.02397e+07,0,0,0,0,62.3362,61.308,5.25564,0,1,1.8544,1.552,0,1.45061,2.96352,9.00468e+06,3.61194e+06,1.66983e+07,0,0,0,8.03099e+07
85.139,85.139,3.53873,0.06,0.02,2.36407,2.66647,0,0.442872,4.47552,4.33291e+06,2.70226e+06,1.02433e+07,0,0,0,0,62.3362,61.308,4.45268,0,1,1.85488,1.55248,0,1.43271,2.96352,9.00468e+06,3.61194e+06,1.67026e+07,0,0,0,8.03099e+07
85.139,85.139,3.18246,0.06,0.02,2.3649,2.6673,0,0.443027,4.47552,4.33291e+06,2.70226e+06,1.02469e+07,0,0,0,0,62.3362,61.308,3.9962,0,1,1.85536,1.55296,0,1.43308,2.96352,9.00468e+06,3.61194e+06,1.67069e+07,0,0,0,8.03099e+07
85.139,85.139,3.06581,0.06,0.02,2.36573,2.66813,0,0.443183,4.47552,4.33291e+06,2.70226e+06,1.02505e+07,0,0,0,0,62.3362,61.308,4.16848,0,1,1.85584,1.55344,0,1.43345,2.96352,9.00468e+06,3.61194e+06,1.67113e+07,0,0,0,8.03099e+07
85.1114,85.139,2.83762,0.06,0.02,2.49317,2.79557,0,0.443338,4.47552,4.33291e+06,2.70226e+06,1.08027e+07,0,0,0,0,62.3362,61.308,3.89921,0,1,1.94034,1.63794,0,1.43383,2.96352,9.00468e+06,3.61194e+06,1.74721e+07,0,0,0,8.03099e+07
85.139,85.139,3.08882,0.07,0.02,2.49404,2.79644,0,0.467219,4.47552,4.33291e+06,2.70226e+06,1.08064e+07,0,0,0,0,62.3362,61.308,3.97875,0,1,1.94085,1.63845,0,1.49911,2.96352,9.00468e+06,3.61194e+06,1.74767e+07,0,0,0,8.03099e+07
85.139,85.139,2.90223,0.06,0.02,2.4949,2.7973,0,0.467382,4.47552,4.33291e+06,2.70226e+06,1.08102e+07,0,0,0,0,62.3362,61.308,3.46706,0,1,1.94136,1.63896,0,1.4995,2.96352,9.00468e+06,3.61194e+06,1.74813e+07,0,0,0,8.03099e+07
84.9454,85.139,2.60033,0.04,0.02,2.49577,2.79817,0,0.467545,4.47552,4.33291e+06,2.70226e+06,1.0814e+07,0,0,0,0,62.3362,61.308,3.44683,0,1,1.94187,1.63947,0,1.49989,2.96352,9.00468e+06,3.61194e+06,1.74859e+07,0,0,0,8.03099e+07
84.7215,85.139,2.56467,0.07,0.02,2.49664,2.79904,0,0.467708,4.47552,4.33291e+06,2.70226e+06,1.08177e+07,0,0,0,0,62.3362,61.308,3.48765,0,1,1.94238,1.63998,0,1.50029,2.96352,9.00468e+06,3.61194e+06,1.74905e+07,0,0,0,8.03099e+07
84.551,85.139,2.56515,0.05,0.02,2.47243,2.77483,0,0.467871,4.47552,4.33291e+06,2.70226e+06,1.07128e+07,0,0,0,0,62.3362,61.308,3.35022,0,1,1.98913,1.68673,0,1.50068,2.96352,9.00468e+06,3.61194e+06,1.79115e+07,0,0,0,8.03099e+07
84.4631,85.139,2.61619,0.04,0.02,2.4733,2.7757,0,0.463334,4.47552,4.33291e+06,2.70226e+06,1.07166e+07,0,0,0,0,62.3362,61.308,3.42006,0,1,1.98966,1.68726,0,1.5368,2.96352,9.00468e+06,3.61194e+06,1.79162e+07,0,0,0,8.03099e+07
84.1458,85.139,2.38318,0.03,0.02,2.47416,2.77656,0,0.463496,4.47552,4.33291e+06,2.70226e+06,1.07203e+07,0,0,0,0,62.3362,61.308,3.1336,0,1,1.99018,1.68778,0,1.53721,2.96352,9.00468e+06,3.61194e+06,1.79209e+07,0,0,0,8.03099e+07
83.6485,85.139,2.17791,0.03,0.02,2.47502,2.77742,0,0.463657,4.47552,4.33291e+06,2.70226e+06,1.07241e+07,0,0,0,0,62.3362,61.308,2.99722,0,1,1.99071,1.68831,0,1.53761,2.96352,9.00468e+06,3.61194e+06,1.79257e+07,0,0,0,8.03099e+07
83.0061,85.139,2.05007,0.02,0.02,2.54072,2.84312,0,0.463819,4.47552,4.33291e+06,2.70226e+06,1.10087e+07,0,0,0,0,62.3362,61.308,2.894,0,1,2.0325,1.7301,0,1.53802,2.96352,9.00468e+06,3.61194e+06,1.8302e+07,0,0,0,8.03099e+07
82.6255,85.139,2.32368,0.02,0.02,2.54161,2.84401,0,0.476131,4.47552,4.33291e+06,2.70226e+06,1.10126e+07,0,0,0,0,62.3362,61.308,2.86003,0,1,2.03303,1.73063,0,1.57031,2.96352,9.00468e+06,3.61194e+06,1.83068e+07,0,0,0,8.03099e+07
82.2068,85.139,2.27689,0.02,0.02,2.54249,2.84489,0,0.476297,4.47552,4.33291e+06,2.70226e+06,1.10164e+07,0,0,0,0,62.3362,61.308,2.89902,0,1,2.03357,1.73117,0,1.57072,2.96352,9.00468e+06,3.61194e+06,1.83117e+07,0,0,0,8.03099e+07
81.5065,85.139,1.98807,0.02,0.02,2.54337,2.84577,0,0.476462,4.47552,4.33291e+06,2.70226e+06,1.10202e+07,0,0,0,0,62.3066,61.308,2.67758,0,1,2.03411,1.73171,0,1.57114,2.96352,9.00468e+06,3.61194e+06,1.83165e+07,0,0,0,8.03099e+07
80.4997,85.139,1.83293,0.02,0.02,2.73437,3.03677,0,0.476628,4.47552,4.33291e+06,2.70226e+06,1.18478e+07,0,0,0,0,62.2589,61.308,2.56818,0,1,2.18378,1.88138,0,1.57155,2.96352,9.00468e+06,3.61194e+06,1.96643e+07,0,0,0,8.03099e+07
79.21,85.139,1.51027,0.02,0.02,2.73531,3.03771,0,0.512421,4.47552,4.33291e+06,2.70226e+06,1.18519e+07,0,0,0,0,62.1965,61.308,2.75336,0,1,2.18437,1.88197,0,1.68719,2.96352,9.00468e+06,3.61194e+06,1.96695e+07,0,0,0,8.03099e+07
77.6994,85.139,1.27468,0.05,0.02,2.73626,3.03866,0,0.512598,4.47552,4.33291e+06,2.70226e+06,1.1856e+07,0,0,0,0,62.0466,61.308,2.67528,0,1,2.18495,1.88255,0,1.68764,2.96352,9.00468e+06,3.61194e+06,1.96748e+07,0,0,0,8.03099e+07
76.3005,85.139,1.37447,0.06,0.02,2.7372,3.0396,0,0.512774,4.47552,4.33291e+06,2.70226e+06,1.186e+07,0,0,0,0,61.906,61.308,2.69859,0,1,2.18554,1.88314,0,1.68809,2.96352,9.00468e+06,3.61194e+06,1.96801e+07,0,0,0,8.03099e+07
75.6039,85.139,2.12819,0.06,0.02,2.73814,3.04054,0,0.512951,4.47552,4.33291e+06,2.70226e+06,1.18641e+07,0,0,0,0,61.9269,61.308,3.23805,0,1,2.18612,1.88372,0,1.68855,2.96352,9.00468e+06,3.61194e+06,1.96853e+07,0,0,0,8.03099e+07
75.5129,85.139,2.65253,0.06,0.02,2.64628,2.94868,0,0.513128,4.47552,4.33291e+06,2.70226e+06,1.14661e+07,0,0,0,0,62.1429,61.308,3.54644,0,1,2.09604,1.79364,0,1.689,2.96352,9.00468e+06,3.61194e+06,1.88742e+07,0,0,0,8.03099e+07
74.9888,85.139,2.15814,0.07,0.02,2.6472,2.9496,0,0.495914,4.47552,4.33291e+06,2.70226e+06,1.14701e+07,0,0,0,0,62.3362,61.308,4.55334,0,1,2.0966,1.7942,0,1.6194,2.96352,9.00468e+06,3.61194e+06,1.88792e+07,0,0,0,8.03099e+07
74.3751,85.139,2.08532,0.07,0.02,2.64811,2.95051,0,0.496085,4.47552,4.33291e+06,2.70226e+06,1.14741e+07,0,0,0,0,62.3362,61.308,3.78529,0,1,2.09716,1.79476,0,1.61983,2.96352,9.00468e+06,3.61194e+06,1.88842e+07,0,0,0,8.03099e+07
73.5095,85.139,1.82633,0.08,0.02,2.64903,2.95143,0,0.496257,4.47552,4.33291e+06,2.70226e+06,1.1478e+07,0,0,0,0,62.3362,61.308,3.72305,0,1,2.09771,1.79531,0,1.62026,2.96352,9.00468e+06,3.61194e+06,1.88892e+07,0,0,0,8.03099e+07
72.6215,85.139,1.87433,0.11,0.02,2.57368,2.87608,0,0.496428,4.47552,4.33291e+06,2.70226e+06,1.11515e+07,0,0,0,0,62.3362,61.308,3.76328,0,1,2.01564,1.71324,0,1.62069,2.96352,9.00468e+06,3.61194e+06,1.81502e+07,0,0,0,8.03099e+07
73.9103,85.139,4.23843,0.11,0.02,2.57457,2.87697,0,0.482307,4.47552,4.33291e+06,2.70226e+06,1.11554e+07,0,0,0,0,62.3362,61.308,8.37822,0,1,2.01617,1.71377,0,1.55728,2.96352,9.00468e+06,3.61194e+06,1.8155e+07,0,0,0,8.03099e+07
76.407,85.139,5.32167,0.09,0.02,2.57546,2.87786,0,0.482474,4.47552,4.33291e+06,2.70226e+06,1.11593e+07,0,0,0,0,62.3362,61.308,8.8051,0,1,2.0167,1.7143,0,1.55769,2.96352,9.00468e+06,3.61194e+06,1.81598e+07,0,0,0,8.03099e+07
79.1301,85.139,5.64455,0.09,0.02,2.57635,2.87875,0,0.482641,4.47552,4.33291e+06,2.70226e+06,1.11631e+07,0,0,0,0,62.3362,61.308,6.97086,0,1,2.01724,1.71484,0,1.55811,2.96352,9.00468e+06,3.61194e+06,1.81646e+07,0,0,0,8.03099e+07
81.166,85.139,4.83926,0.08,0.02,2.36038,2.66278,0,0.482809,4.47552,4.33291e+06,2.70226e+06,1.02273e+07,0,0,0,0,62.3362,61.308,6.78078,0,1,1.84546,1.54306,0,1.55852,2.96352,9.00468e+06,3.61194e+06,1.66178e+07,0,0,0,8.03099e+07
85.139,85.139,10.2714,0.05,0.02,2.3612,2.6636,0,0.442334,4.47552,4.33291e+06,2.70226e+06,1.02309e+07,0,0,0,0,62.3362,61.308,8.66888,0,1,1.84594,1.54354,0,1.42581,2.96352,9.00468e+06,3.61194e+06,1.66221e+07,0,0,0,8.03099e+07
85.139,85.139,11.6343,0.02,0.02,2.36203,2.66443,0,0.442489,4.47552,4.33291e+06,2.70226e+06,1.02345e+07,0,0,0,0,62.3362,61.308,9.28575,0,1,1.84642,1.54402,0,1.42617,2.96352,9.00468e+06,3.61194e+06,1.66264e+07,0,0,0,8.03099e+07
85.139,85.139,9.15776,0.05,0.02,2.36285,2.66525,0,0.442644,4.47552,4.33291e+06,2.70226e+06,1.0238e+07,0,0,0,0,62.3362,61.308,10.8488,0,1,1.8469,1.5445,0,1.42654,2.96352,9.00468e+06,3.61194e+06,1.66307e+07,0,0,0,8.03099e+07
85.139,85.139,9.36558,0.07,0.02,2.36368,2.66608,0,0.442798,4.47552,4.33291e+06,2.70226e+06,1.02416e+07,0,0,0,0,62.3362,61.308,15.9799,0,1,1.84738,1.54498,0,1.42691,2.96352,9.00468e+06,3.61194e+06,1.6635e+07,0,0,0,8.03099e+07
85.139,85.139,9.0891,0.1,0.02,2.36368,2.66608,0,0.442953,4.47552,4.33291e+06,2.70226e+06,1.02416e+07,0,0,0,0,62.3362,61.308,11.9035,0,1,1.84738,1.54498,0,1.42728,2.96352,9.00468e+06,3.61194e+06,1.6635e+07,0,0,0,8.03099e+07
85.139,85.139,5.90214,0.11,0.02,2.44803,2.75043,0,0.442953,4.47552,4.33291e+06,2.70226e+06,1.06071e+07,0,0,0,0,62.3362,61.308,6.80225,0,0,1.89781,1.59541,0,1.42728,2.96352,9.00468e+06,3.61194e+06,1.70892e+07,0,0,0,8.03099e+07
85.139,85.139,7.71068,0.11,0.02,2.44885,2.75125,0,0.458761,4.47552,4.33291e+06,2.70226e+06,1.06107e+07,0,0,0,0,62.3362,61.308,8.83486,0,0,1.89829,1.59589,0,1.46625,2.96352,9.00468e+06,3.61194e+06,1.70935e+07,0,0,0,8.03099e+07
85.139,85.139,13.19,0.11,0.02,2.44967,2.75207,0,0.458914,4.47552,4.33291e+06,2.70226e+06,1.06142e+07,0,0,0,0,62.3362,61.308,13.4646,0,0,1.89877,1.59637,0,1.46662,2.96352,9.00468e+06,3.61194e+06,1.70978e+07,0,0,0,8.03099e+07
85.139,85.139,13.8894,0.11,0.02,2.45049,2.75289,0,0.459068,4.47552,4.33291e+06,2.70226e+06,1.06178e+07,0,0,0,0,62.3362,61.308,9.90724,0,0,1.89924,1.59684,0,1.46699,2.96352,9.00468e+06,3.61194e+06,1.71021e+07,0,0,0,8.03099e+07
85.139,85.139,20.1645,0.1,0.02,2.7199,3.0223,0,0.459222,4.47552,4.33291e+06,2.70226e+06,1.17851e+07,0,0,0,0,62.3362,61.308,17.5285,0,0,2.08753,1.78513,0,1.46735,2.96352,9.00468e+06,3.61194e+06,1.87975e+07,0,0,0,8.03099e+07
85.139,85.139,12.6328,0.1,0.02,2.7208,3.0232,0,0.509709,4.47552,4.33291e+06,2.70226e+06,1.1789e+07,0,0,0,0,62.3362,61.308,13.2773,0,0,2.08806,1.78566,0,1.61282,2.96352,9.00468e+06,3.61194e+06,1.88023e+07,0,0,0,8.03099e+07
85.139,85.139,7.70007,0.1,0.02,2.7217,3.0241,0,0.509878,4.47552,4.33291e+06,2.70226e+06,1.17929e+07,0,0,0,0,62.3362,61.308,9.39721,0,0,2.08859,1.78619,0,1.61323,2.96352,9.00468e+06,3.61194e+06,1.88071e+07,0,0,0,8.03099e+07
85.139,85.139,6.90282,0.1,0.02,2.7226,3.025,0,0.510047,4.47552,4.33291e+06,2.70226e+06,1.17968e+07,0,0,0,0,62.3362,61.308,11.8744,0,0,2.08912,1.78672,0,1.61365,2.96352,9.00468e+06,3.61194e+06,1.88119e+07,0,0,0,8.03099e+07
85.139,85.139,6.88828,0.1,0.02,2.33995,2.64235,0,0.510215,4.47552,4.33291e+06,2.70226e+06,1.01388e+07,0,0,0,0,62.3362,61.308,14.6439,0,0,1.83731,1.53491,0,1.61406,2.96352,9.00468e+06,3.61194e+06,1.65444e+07,0,0,0,8.03099e+07
85.139,85.139,6.03884,0.1,0.02,2.34074,2.64314,0,0.438507,4.47552,4.33291e+06,2.70226e+06,1.01422e+07,0,0,0,0,62.3362,61.308,11.0672,0,0,1.83777,1.53537,0,1.41951,2.96352,9.00468e+06,3.61194e+06,1.65485e+07,0,0,0,8.03099e+07
85.139,85.139,7.00964,0.1,0.02,2.34152,2.64392,0,0.438654,4.47552,4.33291e+06,2.70226e+06,1.01456e+07,0,0,0,0,62.3362,61.308,12.1664,0,0,1.83823,1.53583,0,1.41986,2.96352,9.00468e+06,3.61194e+06,1.65526e+07,0,0,0,8.03099e+07
85.139,85.139,7.99236,0.1,0.02,2.34231,2.64471,0,0.438801,4.47552,4.33291e+06,2.70226e+06,1.0149e+07,0,0,0,0,62.3362,61.308,12.5909,0,0,1.83868,1.53628,0,1.42021,2.96352,9.00468e+06,3.61194e+06,1.65567e+07,0,0,0,8.03099e+07
85.139,85.139,10.105,0.1,0.02,2.3431,2.6455,0,0.438949,4.47552,4.33291e+06,2.70226e+06,1.01524e+07,0,0,0,0,62.3362,61.308,14.4888,0,0,1.83914,1.53674,0,1.42057,2.96352,9.00468e+06,3.61194e+06,1.65609e+07,0,0,0,8.03099e+07
85.139,85.139,7.94072,0.09,0.02,2.44057,2.74297,0,0.439097,4.47552,4.33291e+06,2.70226e+06,1.05748e+07,0,0,0,0,62.3362,61.308,9.2723,0,0,1.90142,1.59902,0,1.42092,2.96352,9.00468e+06,3.61194e+06,1.71217e+07,0,0,0,8.03099e+07
85.139,85.139,7.81944,0.09,0.02,2.44139,2.74379,0,0.457364,4.47552,4.33291e+06,2.70226e+06,1.05783e+07,0,0,0,0,62.3362,61.308,20.0628,0,0,1.9019,1.5995,0,1.46904,2.96352,9.00468e+06,3.61194e+06,1.7126e+07,0,0,0,8.03099e+07
85.139,85.139,6.34282,0.09,0.02,2.44221,2.74461,0,0.457517,4.47552,4.33291e+06,2.70226e+06,1.05819e+07,0,0,0,0,62.3362,61.308,12.8889,0,0,1.90237,1.59997,0,1.46941,2.96352,9.00468e+06,3.61194e+06,1.71303e+07,0,0,0,8.03099e+07
85.139,85.139,6.81947,0.09,0.02,2.44302,2.74542,0,0.45767,4.47552,4.33291e+06,2.70226e+06,1.05854e+07,0,0,0,0,62.3362,61.308,10.8216,0,0,1.90285,1.60045,0,1.46977,2.96352,9.00468e+06,3.61194e+06,1.71346e+07,0,0,0,8.03099e+07
85.139,85.139,5.18029,0.07,0.02,2.40599,2.70839,0,0.457823,4.47552,4.33291e+06,2.70226e+06,1.0425e+07,0,0,0,0,62.3362,61.308,8.14219,0,0,1.87929,1.57689,0,1.47014,2.96352,9.00468e+06,3.61194e+06,1.69224e+07,0,0,0,8.03099e+07
85.139,85.139,4.72071,0.07,0.02,2.4068,2.7092,0,0.450883,4.47552,4.33291e+06,2.70226e+06,1.04284e+07,0,0,0,0,62.3362,61.308,6.91503,0,0,1.87975,1.57735,0,1.45194,2.96352,9.00468e+06,3.61194e+06,1.69266e+07,0,0,0,8.03099e+07
85.139,85.139,4.41451,0.07,0.02,2.4076,2.71,0,0.451034,4.47552,4.33291e+06,2.70226e+06,1.04319e+07,0,0,0,0,62.3362,61.308,5.92255,0,0,1.88022,1.57782,0,1.4523,2.96352,9.00468e+06,3.61194e+06,1.69308e+07,0,0,0,8.03099e+07
85.139,85.139,4.03469,0.07,0.02,2.40841,2.71081,0,0.451185,4.47552,4.33291e+06,2.70226e+06,1.04354e+07,0,0,0,0,62.3362,61.308,5.66936,0,0,1.88069,1.57829,0,1.45266,2.96352,9.00468e+06,3.61194e+06,1.6935e+07,0,0,0,8.03099e+07
85.139,85.139,4.05554,0.06,0.02,2.53785,2.84025,0,0.451336,4.47552,4.33291e+06,2.70226e+06,1.09963e+07,0,0,0,0,62.3362,61.308,5.29162,0,0,1.96652,1.66412,0,1.45302,2.96352,9.00468e+06,3.61194e+06,1.77079e+07,0,0,0,8.03099e+07
85.139,85.139,3.32574,0.06,0.02,2.53869,2.84109,0,0.475593,4.47552,4.33291e+06,2.70226e+06,1.09999e+07,0,0,0,0,62.3362,61.308,4.70451,0,0,1.96701,1.66461,0,1.51933,2.96352,9.00468e+06,3.61194e+06,1.77123e+07,0,0,0,8.03099e+07
85.139,85.139,3.04756,0.05,0.02,2.53954,2.84194,0,0.475751,4.47552,4.33291e+06,2.70226e+06,1.10036e+07,0,0,0,0,62.3362,61.308,4.13291,0,0,1.96751,1.66511,0,1.51971,2.96352,9.00468e+06,3.61194e+06,1.77168e+07,0,0,0,8.03099e+07
85.139,85.139,2.92079,0.04,0.02,2.54038,2.84278,0,0.475909,4.47552,4.33291e+06,2.70226e+06,1.10073e+07,0,0,0,0,62.3362,61.308,4.13242,0,0,1.968,1.6656,0,1.5201,2.96352,9.00468e+06,3.61194e+06,1.77212e+07,0,0,0,8.03099e+07
85.139,85.139,2.90452,0.04,0.02,2.54123,2.84363,0,0.476067,4.47552,4.33291e+06,2.70226e+06,1.10109e+07,0,0,0,0,62.3362,61.308,4.29547,0,0,1.9685,1.6661,0,1.52048,2.96352,9.00468e+06,3.61194e+06,1.77257e+07,0,0,0,8.03099e+07
85.139,85.139,3.02311,0.02,0.02,2.5166,2.819,0,0.476226,4.47552,4.33291e+06,2.70226e+06,1.09042e+07,0,0,0,0,62.3362,61.308,3.87067,0,0,2.01598,1.71358,0,1.52086,2.96352,9.00468e+06,3.61194e+06,1.81532e+07,0,0,0,8.03099e+07
85.139,85.139,2.86563,0.02,0.02,2.51743,2.81983,0,0.47161,4.47552,4.33291e+06,2.70226e+06,1.09078e+07,0,0,0,0,62.3362,61.308,3.74448,0,0,2.01649,1.71409,0,1.55754,2.96352,9.00468e+06,3.61194e+06,1.81578e+07,0,0,0,8.03099e+07
84.9968,85.139,2.66819,0.02,0.02,2.51827,2.82067,0,0.471767,4.47552,4.33291e+06,2.70226e+06,1.09115e+07,0,0,0,0,62.3362,61.308,3.48263,0,0,2.017,1.7146,0,1.55794,2.96352,9.00468e+06,3.61194e+06,1.81624e+07,0,0,0,8.03099e+07
84.7211,85.139,2.52483,0.02,0.02,2.51911,2.82151,0,0.471924,4.47552,4.33291e+06,2.70226e+06,1.09151e+07,0,0,0,0,62.3362,61.308,3.28011,0,0,2.01751,1.71511,0,1.55833,2.96352,9.00468e+06,3.61194e+06,1.8167e+07,0,0,0,8.03099e+07
84.2137,85.139,2.31019,0.03,0.02,2.58582,2.88822,0,0.472081,4.47552,4.33291e+06,2.70226e+06,1.12041e+07,0,0,0,0,62.2404,61.308,2.7595,0,0,2.05994,1.75754,0,1.55873,2.96352,9.00468e+06,3.61194e+06,1.85491e+07,0,0,0,8.03099e+07
83.4307,85.139,2.02014,0.03,0.02,2.58668,2.88908,0,0.484582,4.47552,4.33291e+06,2.70226e+06,1.12078e+07,0,0,0,0,62.0639,61.308,2.48295,0,0,2.06046,1.75806,0,1.59151,2.96352,9.00468e+06,3.61194e+06,1.85538e+07,0,0,0,8.03099e+07
82.5044,85.139,1.86391,0.04,0.02,2.58753,2.88993,0,0.484743,4.47552,4.33291e+06,2.70226e+06,1.12116e+07,0,0,0,0,61.8717,61.308,2.38009,0,0,2.06098,1.75858,0,1.59191,2.96352,9.00468e+06,3.61194e+06,1.85585e+07,0,0,0,8.03099e+07
81.31,85.139,1.5658,0.04,0.02,2.58839,2.89079,0,0.484904,4.47552,4.33291e+06,2.70226e+06,1.12153e+07,0,0,0,0,61.6706,61.308,2.36609,0,0,2.06151,1.75911,0,1.59232,2.96352,9.00468e+06,3.61194e+06,1.85632e+07,0,0,0,8.03099e+07
80.0124,85.139,1.61548,0.04,0.02,2.78237,3.08477,0,0.485065,4.47552,4.33291e+06,2.70226e+06,1.20558e+07,0,0,0,0,61.4363,61.308,2.42982,0,0,2.21352,1.91112,0,1.59272,2.96352,9.00468e+06,3.61194e+06,1.99321e+07,0,0,0,8.03099e+07
79.0583,85.139,1.94796,0.04,0.02,2.78329,3.08569,0,0.521417,4.47552,4.33291e+06,2.70226e+06,1.20598e+07,0,0,0,0,61.2687,61.308,2.85333,0,0,2.21409,1.91169,0,1.71017,2.96352,9.00468e+06,3.61194e+06,1.99372e+07,0,0,0,8.03099e+07
77.7879,85.139,1.6573,0.08,0.02,2.78421,3.08661,0,0.521588,4.47552,4.33291e+06,2.70226e+06,1.20637e+07,0,0,0,0,60.9967,61.308,2.51053,0,0,2.21466,1.91226,0,1.71061,2.96352,9.00468e+06,3.61194e+06,1.99423e+07,0,0,0,8.03099e+07
76.6843,85.139,1.79407,0.08,0.02,2.78512,3.08752,0,0.52176,4.47552,4.33291e+06,2.70226e+06,1.20677e+07,0,0,0,0,60.9877,61.308,3.33185,0,0,2.21523,1.91283,0,1.71105,2.96352,9.00468e+06,3.61194e+06,1.99474e+07,0,0,0,8.03099e+07
75.5125,85.139,1.73019,0.08,0.02,2.78604,3.08844,0,0.521932,4.47552,4.33291e+06,2.70226e+06,1.20717e+07,0,0,0,0,60.863,61.308,3.48697,0,0,2.2158,1.9134,0,1.71149,2.96352,9.00468e+06,3.61194e+06,1.99525e+07,0,0,0,8.03099e+07
74.6162,85.139,1.99028,0.08,0.02,2.6927,2.9951,0,0.522104,4.47552,4.33291e+06,2.70226e+06,1.16672e+07,0,0,0,0,61.5866,61.308,8.27874,0,0,2.12427,1.82187,0,1.71192,2.96352,9.00468e+06,3.61194e+06,1.91284e+07,0,0,0,8.03099e+07
73.3489,85.139,1.57066,0.09,0.02,2.69359,2.99599,0,0.504611,4.47552,4.33291e+06,2.70226e+06,1.16711e+07,0,0,0,0,61.7884,61.308,6.59046,0,0,2.12482,1.82242,0,1.64121,2.96352,9.00468e+06,3.61194e+06,1.91333e+07,0,0,0,8.03099e+07
72.2558,85.139,1.74443,0.12,0.02,2.69448,2.99688,0,0.504778,4.47552,4.33291e+06,2.70226e+06,1.16749e+07,0,0,0,0,61.965,61.308,6.31032,0,0,2.12536,1.82296,0,1.64163,2.96352,9.00468e+06,3.61194e+06,1.91382e+07,0,0,0,8.03099e+07
75.5583,85.139,6.19627,0.12,0.02,2.69537,2.99777,0,0.504945,4.47552,4.33291e+06,2.70226e+06,1.16788e+07,0,0,0,0,62.3362,61.308,12.4966,0,0,2.1259,1.8235,0,1.64205,2.96352,9.00468e+06,3.61194e+06,1.9143e+07,0,0,0,8.03099e+07
79.1559,85.139,6.68629,0.1,0.02,2.61879,2.92119,0,0.505111,4.47552,4.33291e+06,2.70226e+06,1.1347e+07,0,0,0,0,62.3362,61.308,8.19152,0,0,2.04252,1.74012,0,1.64247,2.96352,9.00468e+06,3.61194e+06,1.83922e+07,0,0,0,8.03099e+07
84.2657,85.139,8.20486,0.1,0.02,2.61966,2.92206,0,0.490762,4.47552,4.33291e+06,2.70226e+06,1.13508e+07,0,0,0,0,62.3362,61.308,7.00325,0,0,2.04303,1.74063,0,1.57805,2.96352,9.00468e+06,3.61194e+06,1.83968e+07,0,0,0,8.03099e+07
85.139,85.139,8.21856,0.06,0.02,2.62053,2.92293,0,0.490924,4.47552,4.33291e+06,2.70226e+06,1.13545e+07,0,0,0,0,62.3362,61.308,7.14272,0,0,2.04355,1.74115,0,1.57845,2.96352,9.00468e+06,3.61194e+06,1.84015e+07,0,0,0,8.03099e+07
85.139,85.139,8.9622,0.03,0.02,2.62139,2.92379,0,0.491087,4.47552,4.33291e+06,2.70226e+06,1.13583e+07,0,0,0,0,62.3362,61.308,10.4299,0,0,2.04407,1.74167,0,1.57885,2.96352,9.00468e+06,3.61194e+06,1.84062e+07,0,0,0,8.03099e+07
85.139,85.139,9.26855,0.05,0.02,2.402,2.7044,0,0.491249,4.47552,4.33291e+06,2.70226e+06,1.04077e+07,0,0,0,0,62.3362,61.308,8.47638,0,0,1.86959,1.56719,0,1.57924,2.96352,9.00468e+06,3.61194e+06,1.6835e+07,0,0,0,8.03099e+07
85.139,85.139,8.72333,0.09,0.02,2.4028,2.7052,0,0.450135,4.47552,4.33291e+06,2.70226e+06,1.04111e+07,0,0,0,0,62.3362,61.308,11.3269,0,0,1.87005,1.56765,0,1.44444,2.96352,9.00468e+06,3.61194e+06,1.68392e+07,0,0,0,8.03099e+07
85.139,85.139,5.7863,0.1,0.02,2.40361,2.70601,0,0.450285,4.47552,4.33291e+06,2.70226e+06,1.04146e+07,0,0,0,0,62.3362,61.308,5.64487,0,0,1.87052,1.56812,0,1.4448,2.96352,9.00468e+06,3.61194e+06,1.68434e+07,0,0,0,8.03099e+07
85.139,85.139,8.99647,0.1,0.02,2.40441,2.70681,0,0.450436,4.47552,4.33291e+06,2.70226e+06,1.04181e+07,0,0,0,0,62.3362,61.308,8.57674,0,0,1.87098,1.56858,0,1.44516,2.96352,9.00468e+06,3.61194e+06,1.68476e+07,0,0,0,8.03099e+07
85.139,85.139,7.30411,0.11,0.02,2.40521,2.70761,0,0.450586,4.47552,4.33291e+06,2.70226e+06,1.04216e+07,0,0,0,0,62.3362,61.308,7.13633,0,0,1.87145,1.56905,0,1.44552,2.96352,9.00468e+06,3.61194e+06,1.68518e+07,0,0,0,8.03099e+07
85.139,85.139,3.18186,0.11,0.04,2.49084,2.79324,0,0.450737,4.47552,4.33291e+06,2.70226e+06,1.07926e+07,0,0,0,0,62.3362,61.308,3.24019,0,0,1.92265,1.62025,0,1.44588,2.96352,9.00468e+06,3.61194e+06,1.73128e+07,0,0,0,8.03099e+07
85.139,85.139,3.9944,0.11,0.04,2.49164,2.79404,0,0.466784,4.47552,4.33291e+06,2.70226e+06,1.07961e+07,0,0,0,0,62.3362,61.308,4.62574,0,0,1.92311,1.62071,0,1.48544,2.96352,9.00468e+06,3.61194e+06,1.7317e+07,0,0,0,8.03099e+07
85.139,85.139,3.16301,0.11,0.04,2.49243,2.79483,0,0.466933,4.47552,4.33291e+06,2.70226e+06,1.07995e+07,0,0,0,0,62.3362,61.308,5.23912,0,0,1.92357,1.62117,0,1.48579,2.96352,9.00468e+06,3.61194e+06,1.73211e+07,0,0,0,8.03099e+07
84.6738,85.139,2.41188,0.11,0.04,2.49323,2.79563,0,0.467082,4.47552,4.33291e+06,2.70226e+06,1.08029e+07,0,0,0,0,62.3362,61.308,4.54284,0,0,1.92403,1.62163,0,1.48615,2.96352,9.00468e+06,3.61194e+06,1.73253e+07,0,0,0,8.03099e+07
83.9907,85.139,2.57169,0.17,0.04,2.76678,3.06918,0,0.467231,4.47552,4.33291e+06,2.70226e+06,1.19882e+07,0,0,0,0,62.3362,61.308,3.36926,0,0,2.11522,1.81282,0,1.48651,2.96352,9.00468e+06,3.61194e+06,1.90469e+07,0,0,0,8.03099e+07
84.9079,85.139,4.30152,0.13,0.04,2.76766,3.07006,0,0.518495,4.47552,4.33291e+06,2.70226e+06,1.1992e+07,0,0,0,0,62.3362,61.308,4.89568,0,0,2.11573,1.81333,0,1.63422,2.96352,9.00468e+06,3.61194e+06,1.90515e+07,0,0,0,8.03099e+07
85.139,85.139,5.41483,0.14,0.04,2.76853,3.07093,0,0.518659,4.47552,4.33291e+06,2.70226e+06,1.19958e+07,0,0,0,0,62.3362,61.308,5.6938,0,0,2.11625,1.81385,0,1.63462,2.96352,9.00468e+06,3.61194e+06,1.90562e+07,0,0,0,8.03099e+07
85.139,85.139,6.81221,0.1,0.04,2.7694,3.0718,0,0.518822,4.47552,4.33291e+06,2.70226e+06,1.19996e+07,0,0,0,0,62.3362,61.308,6.67456,0,0,2.11677,1.81437,0,1.63502,2.96352,9.00468e+06,3.61194e+06,1.90608e+07,0,0,0,8.03099e+07
85.139,85.139,7.49684,0.1,0.04,2.3808,2.6832,0,0.518986,4.47552,4.33291e+06,2.70226e+06,1.03158e+07,0,0,0,0,62.3362,61.308,6.85894,0,0,1.86104,1.55864,0,1.63541,2.96352,9.00468e+06,3.61194e+06,1.67581e+07,0,0,0,8.03099e+07
85.139,85.139,3.66495,0.1,0.04,2.38156,2.68396,0,0.446161,4.47552,4.33291e+06,2.70226e+06,1.03191e+07,0,0,0,0,62.3362,61.308,5.46375,0,0,1.86148,1.55908,0,1.43784,2.96352,9.00468e+06,3.61194e+06,1.6762e+07,0,0,0,8.03099e+07
85.139,85.139,4.58153,0.1,0.04,2.38232,2.68472,0,0.446304,4.47552,4.33291e+06,2.70226e+06,1.03224e+07,0,0,0,0,62.3362,61.308,5.66512,0,0,1.86193,1.55953,0,1.43818,2.96352,9.00468e+06,3.61194e+06,1.6766e+07,0,0,0,8.03099e+07
85.139,85.139,3.95602,0.1,0.04,2.38309,2.68549,0,0.446448,4.47552,4.33291e+06,2.70226e+06,1.03257e+07,0,0,0,0,62.3362,61.308,4.52021,0,0,1.86237,1.55997,0,1.43852,2.96352,9.00468e+06,3.61194e+06,1.677e+07,0,0,0,8.03099e+07
85.139,85.139,3.95686,0.1,0.04,2.38385,2.68625,0,0.446591,4.47552,4.33291e+06,2.70226e+06,1.0329e+07,0,0,0,0,62.3362,61.308,5.58442,0,0,1.86281,1.56041,0,1.43887,2.96352,9.00468e+06,3.61194e+06,1.6774e+07,0,0,0,8.03099e+07
85.139,85.139,4.04167,0.1,0.04,2.48279,2.78519,0,0.446734,4.47552,4.33291e+06,2.70226e+06,1.07577e+07,0,0,0,0,62.3362,61.308,5.76465,0,0,1.92603,1.62363,0,1.43921,2.96352,9.00468e+06,3.61194e+06,1.73433e+07,0,0,0,8.03099e+07
85.139,85.139,4.96231,0.1,0.04,2.48359,2.78599,0,0.465276,4.47552,4.33291e+06,2.70226e+06,1.07612e+07,0,0,0,0,62.3362,61.308,7.13283,0,0,1.9265,1.6241,0,1.48805,2.96352,9.00468e+06,3.61194e+06,1.73475e+07,0,0,0,8.03099e+07
85.139,85.139,4.37646,0.09,0.04,2.48438,2.78678,0,0.465424,4.47552,4.33291e+06,2.70226e+06,1.07646e+07,0,0,0,0,62.3362,61.308,9.37246,0,0,1.92696,1.62456,0,1.48841,2.96352,9.00468e+06,3.61194e+06,1.73516e+07,0,0,0,8.03099e+07
85.139,85.139,3.52481,0.09,0.04,2.48517,2.78757,0,0.465573,4.47552,4.33291e+06,2.70226e+06,1.0768e+07,0,0,0,0,62.3362,61.308,8.83095,0,0,1.92742,1.62502,0,1.48877,2.96352,9.00468e+06,3.61194e+06,1.73558e+07,0,0,0,8.03099e+07
85.139,85.139,3.05716,0.09,0.04,2.44753,2.74993,0,0.465721,4.47552,4.33291e+06,2.70226e+06,1.0605e+07,0,0,0,0,62.3362,61.308,5.21571,0,0,1.90347,1.60107,0,1.48912,2.96352,9.00468e+06,3.61194e+06,1.71402e+07,0,0,0,8.03099e+07
85.0452,85.139,2.82743,0.07,0.04,2.44832,2.75072,0,0.458668,4.47552,4.33291e+06,2.70226e+06,1.06083e+07,0,0,0,0,62.3362,61.308,4.99428,0,0,1.90393,1.60153,0,1.47062,2.96352,9.00468e+06,3.61194e+06,1.71443e+07,0,0,0,8.03099e+07
85.139,85.139,3.1799,0.11,0.04,2.4491,2.7515,0,0.458814,4.47552,4.33291e+06,2.70226e+06,1.06117e+07,0,0,0,0,62.3362,61.308,4.48032,0,0,1.90438,1.60198,0,1.47097,2.96352,9.00468e+06,3.61194e+06,1.71484e+07,0,0,0,8.03099e+07
84.9802,85.139,2.69351,0.07,0.04,2.44988,2.75228,0,0.458961,4.47552,4.33291e+06,2.70226e+06,1.06151e+07,0,0,0,0,62.3362,61.308,4.55448,0,0,1.90484,1.60244,0,1.47133,2.96352,9.00468e+06,3.61194e+06,1.71525e+07,0,0,0,8.03099e+07
84.3378,85.139,2.19952,0.08,0.04,2.58126,2.88366,0,0.459108,4.47552,4.33291e+06,2.70226e+06,1.11844e+07,0,0,0,0,62.3362,61.308,3.76289,0,0,1.99196,1.68956,0,1.47168,2.96352,9.00468e+06,3.61194e+06,1.79369e+07,0,0,0,8.03099e+07
83.3992,85.139,1.86109,0.08,0.04,2.58208,2.88448,0,0.483728,4.47552,4.33291e+06,2.70226e+06,1.11879e+07,0,0,0,0,62.3362,61.308,2.90146,0,0,1.99244,1.69004,0,1.53898,2.96352,9.00468e+06,3.61194e+06,1.79412e+07,0,0,0,8.03099e+07
82.3939,85.139,1.77989,0.07,0.04,2.5829,2.8853,0,0.483882,4.47552,4.33291e+06,2.70226e+06,1.11915e+07,0,0,0,0,62.3362,61.308,2.87386,0,0,1.99292,1.69052,0,1.53936,2.96352,9.00468e+06,3.61194e+06,1.79456e+07,0,0,0,8.03099e+07
81.3197,85.139,1.70052,0.07,0.04,2.58372,2.88612,0,0.484036,4.47552,4.33291e+06,2.70226e+06,1.1195e+07,0,0,0,0,62.3362,61.308,3.04513,0,0,1.9934,1.691,0,1.53973,2.96352,9.00468e+06,3.61194e+06,1.79499e+07,0,0,0,8.03099e+07
80.0885,85.139,1.55527,0.07,0.04,2.58454,2.88694,0,0.484189,4.47552,4.33291e+06,2.70226e+06,1.11986e+07,0,0,0,0,62.3252,61.308,2.78231,0,0,1.99388,1.69148,0,1.5401,2.96352,9.00468e+06,3.61194e+06,1.79542e+07,0,0,0,8.03099e+07
78.7557,85.139,1.37782,0.06,0.04,2.5595,2.8619,0,0.484343,4.47552,4.33291e+06,2.70226e+06,1.10901e+07,0,0,0,0,62.0659,61.308,2.07696,0,0,2.04206,1.73966,0,1.54047,2.96352,9.00468e+06,3.61194e+06,1.83881e+07,0,0,0,8.03099e+07
77.3089,85.139,1.24591,0.09,0.04,2.56031,2.86271,0,0.47965,4.47552,4.33291e+06,2.70226e+06,1.10936e+07,0,0,0,0,61.7652,61.308,1.85388,0,0,2.04255,1.74015,0,1.57769,2.96352,9.00468e+06,3.61194e+06,1.83925e+07,0,0,0,8.03099e+07
75.8427,85.139,1.18263,0.08,0.04,2.56112,2.86352,0,0.479802,4.47552,4.33291e+06,2.70226e+06,1.10971e+07,0,0,0,0,61.3321,61.308,1.82681,0,0,2.04305,1.74065,0,1.57807,2.96352,9.00468e+06,3.61194e+06,1.8397e+07,0,0,0,8.03099e+07
74.266,85.139,1.05219,0.08,0.04,2.56194,2.86434,0,0.479955,4.47552,4.33291e+06,2.70226e+06,1.11007e+07,0,0,0,0,60.7163,61.308,1.75492,0,0,2.04354,1.74114,0,1.57846,2.96352,9.00468e+06,3.61194e+06,1.84014e+07,0,0,0,8.03099e+07
72.5617,85.139,0.973485,0.07,0.04,2.62962,2.93202,0,0.480107,4.47552,4.33291e+06,2.70226e+06,1.13939e+07,0,0,0,0,60.0594,61.308,1.6058,0,0,2.08659,1.78419,0,1.57884,2.96352,9.00468e+06,3.61194e+06,1.87891e+07,0,0,0,8.03099e+07
70.8029,85.139,0.904687,0.14,0.04,2.63045,2.93285,0,0.492791,4.47552,4.33291e+06,2.70226e+06,1.13975e+07,0,0,0,0,59.3104,61.308,1.52467,0,0,2.0871,1.7847,0,1.6121,2.96352,9.00468e+06,3.61194e+06,1.87937e+07,0,0,0,8.03099e+07
69.0027,85.139,0.844071,0.13,0.04,2.63128,2.93368,0,0.492947,4.47552,4.33291e+06,2.70226e+06,1.14011e+07,0,0,0,0,58.4448,61.308,1.44487,0,0,2.08761,1.78521,0,1.61249,2.96352,9.00468e+06,3.61194e+06,1.87982e+07,0,0,0,8.03099e+07
67.1519,85.139,0.774621,0.13,0.04,2.63212,2.93452,0,0.493103,4.47552,4.33291e+06,2.70226e+06,1.14047e+07,0,0,0,0,57.8938,61.308,1.35629,0,0,2.08811,1.78571,0,1.61288,2.96352,9.00468e+06,3.61194e+06,1.88028e+07,0,0,0,8.03099e+07
65.2388,85.139,0.8504,0.17,0.04,2.82899,3.13139,0,0.493259,4.47552,4.33291e+06,2.70226e+06,1.22578e+07,0,0,0,0,57.4226,61.308,1.7626,0,0,2.24241,1.94001,0,1.61328,2.96352,9.00468e+06,3.61194e+06,2.01921e+07,0,0,0,8.03099e+07
63.1091,85.139,0.618471,0.17,0.04,2.82988,3.13228,0,0.530153,4.47552,4.33291e+06,2.70226e+06,1.22616e+07,0,0,0,0,56.8194,61.308,1.67874,0,0,2.24296,1.94056,0,1.73248,2.96352,9.00468e+06,3.61194e+06,2.01971e+07,0,0,0,8.03099e+07
60.9408,85.139,0.554277,0.16,0.04,2.83077,3.13317,0,0.53032,4.47552,4.33291e+06,2.70226e+06,1.22655e+07,0,0,0,0,56.225,61.308,1.55801,0,0,2.24351,1.94111,0,1.73291,2.96352,9.00468e+06,3.61194e+06,2.02021e+07,0,0,0,8.03099e+07
58.8924,85.139,0.654991,0.18,0.04,2.83166,3.13406,0,0.530486,4.47552,4.33291e+06,2.70226e+06,1.22693e+07,0,0,0,0,55.6595,61.308,1.68769,0,0,2.24406,1.94166,0,1.73333,2.96352,9.00468e+06,3.61194e+06,2.0207e+07,0,0,0,8.03099e+07
57.2721,85.139,1.1174,0.17,0.04,2.83255,3.13495,0,0.530653,4.47552,4.33291e+06,2.70226e+06,1.22732e+07,0,0,0,0,55.2138,61.308,2.01355,0,0,2.24461,1.94221,0,1.73376,2.96352,9.00468e+06,3.61194e+06,2.0212e+07,0,0,0,8.03099e+07
55.4633,85.139,0.779988,0.17,0.04,2.73776,3.04016,0,0.53082,4.47552,4.33291e+06,2.70226e+06,1.18625e+07,0,0,0,0,54.6595,61.308,2.06502,0,0,2.15169,1.84929,0,1.73419,2.96352,9.00468e+06,3.61194e+06,1.93753e+07,0,0,0,8.03099e+07
53.4953,85.139,0.62313,0.19,0.04,2.73862,3.04102,0,0.513056,4.47552,4.33291e+06,2.70226e+06,1.18662e+07,0,0,0,0,53.8073,61.308,1.91822,0,0,2.15221,1.84981,0,1.66239,2.96352,9.00468e+06,3.61194e+06,1.938e+07,0,0,0,8.03099e+07
51.3671,85.139,0.41275,0.19,0.04,2.73949,3.04189,0,0.513218,4.47552,4.33291e+06,2.70226e+06,1.187e+07,0,0,0,0,53.1102,61.308,1.24082,0,0,2.15274,1.85034,0,1.6628,2.96352,9.00468e+06,3.61194e+06,1.93847e+07,0,0,0,8.03099e+07
49.5783,85.139,0.775082,0.19,0.04,2.74035,3.04275,0,0.51338,4.47552,4.33291e+06,2.70226e+06,1.18737e+07,0,0,0,0,52.5194,61.308,1.85651,0,0,2.15326,1.85086,0,1.6632,2.96352,9.00468e+06,3.61194e+06,1.93894e+07,0,0,0,8.03099e+07
48.2344,85.139,1.19237,0.2,0.04,2.66259,2.96499,0,0.513542,4.47552,4.33291e+06,2.70226e+06,1.15368e+07,0,0,0,0,52.1612,61.308,3.06657,0,0,2.06861,1.76621,0,1.66361,2.96352,9.00468e+06,3.61194e+06,1.86271e+07,0,0,0,8.03099e+07
46.5472,85.139,0.834956,0.21,0.04,2.66343,2.96583,0,0.498969,4.47552,4.33291e+06,2.70226e+06,1.15404e+07,0,0,0,0,51.665,61.308,1.72803,0,0,2.06911,1.76671,0,1.5982,2.96352,9.00468e+06,3.61194e+06,1.86316e+07,0,0,0,8.03099e+07
45.1714,85.139,1.17405,0.21,0.04,2.66427,2.96667,0,0.499127,4.47552,4.33291e+06,2.70226e+06,1.15441e+07,0,0,0,0,51.3065,61.308,2.26583,0,0,2.06961,1.76721,0,1.59859,2.96352,9.00468e+06,3.61194e+06,1.86362e+07,0,0,0,8.03099e+07
45.1,85.139,2.50446,0.26,0.04,2.66511,2.96751,0,0.499285,4.47552,4.33291e+06,2.70226e+06,1.15477e+07,0,0,0,0,51.5175,61.308,3.57563,0,0,2.07011,1.76771,0,1.59898,2.96352,9.00468e+06,3.61194e+06,1.86407e+07,0,0,0,8.03099e+07
45.3308,85.139,2.6971,0.27,0.04,2.44241,2.74481,0,0.499443,4.47552,4.33291e+06,2.70226e+06,1.05827e+07,0,0,0,0,51.3095,61.308,2.68772,0,0,1.893,1.5906,0,1.59937,2.96352,9.00468e+06,3.61194e+06,1.70459e+07,0,0,0,8.03099e+07
46.2724,85.139,3.51899,0.29,0.04,2.44318,2.74558,0,0.457707,4.47552,4.33291e+06,2.70226e+06,1.05861e+07,0,0,0,0,51.2369,61.308,3.67802,0,0,1.89345,1.59105,0,1.46253,2.96352,9.00468e+06,3.61194e+06,1.70499e+07,0,0,0,8.03099e+07
46.8533,85.139,3.11603,0.25,0.04,2.44396,2.74636,0,0.457853,4.47552,4.33291e+06,2.70226e+06,1.05895e+07,0,0,0,0,51.2033,61.308,5.66684,0,0,1.8939,1.5915,0,1.46288,2.96352,9.00468e+06,3.61194e+06,1.7054e+07,0,0,0,8.03099e+07
47.4679,85.139,3.18869,0.26,0.04,2.44474,2.74714,0,0.457999,4.47552,4.33291e+06,2.70226e+06,1.05929e+07,0,0,0,0,51.1896,61.308,6.23303,0,0,1.89435,1.59195,0,1.46323,2.96352,9.00468e+06,3.61194e+06,1.7058e+07,0,0,0,8.03099e+07
48.2684,85.139,3.3833,0.27,0.04,2.44552,2.74792,0,0.458145,4.47552,4.33291e+06,2.70226e+06,1.05962e+07,0,0,0,2.95599e+08,51.1342,61.308,4.36878,0,0,1.8948,1.5924,0,1.46358,2.96352,9.00468e+06,3.61194e+06,1.70621e+07,0,0,0,8.03099e+07
48.464,85.139,2.75668,0.29,0.04,2.53239,2.83479,0,0.458291,5.32224,4.33291e+06,2.70226e+06,1.09726e+07,0,0,0,2.95599e+08,50.882,61.308,3.17415,0,0,1.94675,1.64435,0,1.46393,2.96352,9.00468e+06,3.61194e+06,1.75298e+07,0,0,0,8.03099e+07
47.8528,85.139,1.91951,0.32,0.04,2.53316,2.83556,0,0.47457,5.32224,4.33291e+06,2.70226e+06,1.0976e+07,0,0,0,2.95599e+08,50.5688,61.308,2.94607,0,0,1.94719,1.64479,0,1.50406,2.96352,9.00468e+06,3.61194e+06,1.75339e+07,0,0,0,8.03099e+07
50.2368,85.139,5.19553,0.33,0.04,2.53393,2.83633,0,0.474714,5.32224,4.33291e+06,2.70226e+06,1.09793e+07,0,0,0,2.95599e+08,51.2107,61.308,7.06088,0,0,1.94764,1.64524,0,1.5044,2.96352,9.00468e+06,3.61194e+06,1.75379e+07,0,0,0,8.03099e+07
52.28,85.139,4.86875,0.36,0.04,2.5347,2.8371,0,0.474859,5.32224,4.33291e+06,2.70226e+06,1.09826e+07,0,0,0,2.95599e+08,51.9654,61.308,8.53814,0,0,1.94809,1.64569,0,1.50475,2.96352,9.00468e+06,3.61194e+06,1.75419e+07,0,0,0,8.03099e+07
55.3819,85.139,6.46949,0.33,0.04,2.81227,3.11467,0,0.475003,5.32224,4.33291e+06,2.70226e+06,1.21853e+07,0,0,0,2.95599e+08,52.8701,61.308,10.1132,0,0,2.14209,1.83969,0,1.50509,2.96352,9.00468e+06,3.61194e+06,1.92888e+07,0,0,0,8.03099e+07
55.717,85.139,3.38168,0.35,0.04,2.81312,3.11552,0,0.52702,5.32224,4.33291e+06,2.70226e+06,1.2189e+07,0,0,0,2.95599e+08,53.5825,61.308,5.06066,0,0,2.14259,1.84019,0,1.65498,2.96352,9.00468e+06,3.61194e+06,1.92933e+07,0,0,0,8.03099e+07
57.4643,85.139,5.011,0.38,0.04,2.81397,3.11637,0,0.527179,5.32224,4.33291e+06,2.70226e+06,1.21927e+07,0,0,0,2.95599e+08,53.8579,61.308,5.20083,0,0,2.14309,1.84069,0,1.65536,2.96352,9.00468e+06,3.61194e+06,1.92978e+07,0,0,0,8.03099e+07
60.0649,85.139,5.85931,0.33,0.04,2.81481,3.11721,0,0.527337,5.32224,4.33291e+06,2.70226e+06,1.21963e+07,0,0,0,2.95599e+08,54.2166,61.308,7.08652,0,0,2.14359,1.84119,0,1.65575,2.96352,9.00468e+06,3.61194e+06,1.93023e+07,0,0,0,8.03099e+07
62.5574,85.139,5.6295,0.33,0.04,2.42043,2.72283,0,0.527496,5.32224,4.33291e+06,2.70226e+06,1.04875e+07,0,0,0,2.95599e+08,54.636,61.308,4.57809,0,0,1.88406,1.58166,0,1.65614,2.96352,9.00468e+06,3.61194e+06,1.69653e+07,0,0,0,8.03099e+07
63.6471,85.139,4.07478,0.3,0.04,2.42117,2.72357,0,0.453588,5.32224,4.33291e+06,2.70226e+06,1.04907e+07,0,0,0,2.95599e+08,55.3029,61.308,4.21073,0,0,1.88449,1.58209,0,1.45562,2.96352,9.00468e+06,3.61194e+06,1.69692e+07,0,0,0,8.03099e+07
64.8329,85.139,4.1718,0.32,0.04,2.42191,2.72431,0,0.453727,5.32224,4.33291e+06,2.70226e+06,1.04939e+07,0,0,0,2.95599e+08,55.8671,61.308,4.53047,0,0,1.88492,1.58252,0,1.45596,2.96352,9.00468e+06,3.61194e+06,1.69731e+07,0,0,0,8.03099e+07
67.2411,85.139,5.59035,0.35,0.04,2.42265,2.72505,0,0.453865,5.32224,4.33291e+06,2.70226e+06,1.04971e+07,0,0,0,2.95599e+08,56.6774,61.308,4.9834,0,0,1.88535,1.58295,0,1.45629,2.96352,9.00468e+06,3.61194e+06,1.6977e+07,0,0,0,8.03099e+07
70.1702,85.139,6.25649,0.38,0.04,2.42339,2.72579,0,0.454004,5.32224,4.33291e+06,2.70226e+06,1.05003e+07,0,0,0,2.95599e+08,57.5705,61.308,5.1726,0,0,1.88578,1.58338,0,1.45662,2.96352,9.00468e+06,3.61194e+06,1.69808e+07,0,0,0,8.03099e+07
71.8877,85.139,4.7796,0.3,0.04,2.52375,2.82615,0,0.454143,5.32224,4.33291e+06,2.70226e+06,1.09352e+07,0,0,0,2.95599e+08,57.7383,61.308,3.20242,0,0,1.94991,1.64751,0,1.45695,2.96352,9.00468e+06,3.61194e+06,1.75583e+07,0,0,0,8.03099e+07
73.0515,85.139,4.28131,0.32,0.04,2.52452,2.82692,0,0.472951,5.32224,4.33291e+06,2.70226e+06,1.09385e+07,0,0,0,2.95599e+08,58.4331,61.308,4.56445,0,0,1.95036,1.64796,0,1.5065,2.96352,9.00468e+06,3.61194e+06,1.75623e+07,0,0,0,8.03099e+07
73.457,85.139,3.62347,0.36,0.04,2.52529,2.82769,0,0.473095,5.32224,4.33291e+06,2.70226e+06,1.09418e+07,0,0,0,2.95599e+08,58.9315,61.308,4.7815,0,0,1.9508,1.6484,0,1.50685,2.96352,9.00468e+06,3.61194e+06,1.75664e+07,0,0,0,8.03099e+07
73.1305,85.139,2.73374,0.38,0.04,2.52605,2.82845,0,0.473239,5.32224,4.33291e+06,2.70226e+06,1.09452e+07,0,0,0,2.95599e+08,59.0591,61.308,3.3642,0,0,1.95125,1.64885,0,1.50719,2.96352,9.00468e+06,3.61194e+06,1.75704e+07,0,0,0,8.03099e+07
73.2489,85.139,3.01482,0.37,0.04,2.48783,2.79023,0,0.473383,5.32224,4.33291e+06,2.70226e+06,1.07795e+07,0,0,0,2.95599e+08,59.0215,61.308,2.98233,0,0,1.92693,1.62453,0,1.50754,2.96352,9.00468e+06,3.61194e+06,1.73514e+07,0,0,0,8.03099e+07
73.1757,85.139,2.7771,0.37,0.04,2.48859,2.79099,0,0.466219,5.32224,4.33291e+06,2.70226e+06,1.07828e+07,0,0,0,2.95599e+08,58.9077,61.308,2.8062,0,0,1.92737,1.62497,0,1.48875,2.96352,9.00468e+06,3.61194e+06,1.73554e+07,0,0,0,8.03099e+07
72.8478,85.139,2.48735,0.36,0.04,2.48934,2.79174,0,0.466361,5.32224,4.33291e+06,2.70226e+06,1.07861e+07,0,0,0,2.95599e+08,58.7052,61.308,2.48934,0,0,1.92782,1.62542,0,1.48909,2.96352,9.00468e+06,3.61194e+06,1.73594e+07,0,0,0,8.03099e+07
72.3712,85.139,2.30413,0.35,0.04,2.4901,2.7925,0,0.466503,5.32224,4.33291e+06,2.70226e+06,1.07894e+07,0,0,0,2.95599e+08,58.4924,61.308,2.36161,0,0,1.92826,1.62586,0,1.48943,2.96352,9.00468e+06,3.61194e+06,1.73633e+07,0,0,0,8.03099e+07
71.7849,85.139,2.28881,0.33,0.04,2.62336,2.92576,0,0.466645,5.32224,4.33291e+06,2.70226e+06,1.13668e+07,0,0,0,2.95599e+08,58.299,61.308,2.60164,0,0,2.01662,1.71422,0,1.48977,2.96352,9.00468e+06,3.61194e+06,1.81591e+07,0,0,0,8.03099e+07
71.2812,85.139,2.38715,0.32,0.04,2.62416,2.92656,0,0.491619,5.32224,4.33291e+06,2.70226e+06,1.13703e+07,0,0,0,2.95599e+08,58.1644,61.308,2.52903,0,0,2.01709,1.71469,0,1.55804,2.96352,9.00468e+06,3.61194e+06,1.81632e+07,0,0,0,8.03099e+07
70.5705,85.139,2.0964,0.28,0.04,2.62495,2.92735,0,0.491767,5.32224,4.33291e+06,2.70226e+06,1.13737e+07,0,0,0,2.95599e+08,57.9206,61.308,2.41868,0,0,2.01756,1.71516,0,1.5584,2.96352,9.00468e+06,3.61194e+06,1.81674e+07,0,0,0,8.03099e+07
69.809,85.139,2.03132,0.23,0.04,2.62575,2.92815,0,0.491916,5.32224,4.33291e+06,2.70226e+06,1.13771e+07,0,0,0,2.95599e+08,57.7167,61.308,2.43778,0,0,2.01802,1.71562,0,1.55876,2.96352,9.00468e+06,3.61194e+06,1.81716e+07,0,0,0,8.03099e+07
68.9584,85.139,1.92527,0.21,0.04,2.62654,2.92894,0,0.492065,5.32224,4.33291e+06,2.70226e+06,1.13806e+07,0,0,0,2.95599e+08,57.4939,61.308,2.34372,0,0,2.01849,1.71609,0,1.55912,2.96352,9.00468e+06,3.61194e+06,1.81758e+07,0,0,0,8.03099e+07
68.2425,85.139,1.96412,0.2,0.04,2.6011,2.9035,0,0.492214,5.32224,4.33291e+06,2.70226e+06,1.12703e+07,0,0,0,2.95599e+08,57.2979,61.308,2.57283,0,0,2.06734,1.76494,0,1.55948,2.96352,9.00468e+06,3.61194e+06,1.86158e+07,0,0,0,8.03099e+07
67.3396,85.139,1.81651,0.16,0.04,2.60189,2.90429,0,0.487446,5.32224,4.33291e+06,2.70226e+06,1.12738e+07,0,0,0,2.95599e+08,57.0181,61.308,2.42845,0,0,2.06782,1.76542,0,1.59723,2.96352,9.00468e+06,3.61194e+06,1.86201e+07,0,0,0,8.03099e+07
66.2592,85.139,1.62627,0.26,0.04,2.60267,2.90507,0,0.487594,5.32224,4.33291e+06,2.70226e+06,1.12772e+07,0,0,0,2.95599e+08,56.6772,61.308,2.25808,0,0,2.0683,1.7659,0,1.5976,2.96352,9.00468e+06,3.61194e+06,1.86244e+07,0,0,0,8.03099e+07
65.0988,85.139,1.52839,0.24,0.04,2.60346,2.90586,0,0.487741,5.32224,4.33291e+06,2.70226e+06,1.12806e+07,0,0,0,2.95599e+08,56.3135,61.308,2.19327,0,0,2.06878,1.76638,0,1.59797,2.96352,9.00468e+06,3.61194e+06,1.86287e+07,0,0,0,8.03099e+07
63.93,85.139,1.54568,0.21,0.04,2.67209,2.97449,0,0.487889,5.32224,4.33291e+06,2.70226e+06,1.15779e+07,0,0,0,2.95599e+08,55.8889,61.308,2.0784,0,0,2.11243,1.81003,0,1.59834,2.96352,9.00468e+06,3.61194e+06,1.90218e+07,0,0,0,8.03099e+07
62.7805,85.139,1.53057,0.2,0.04,2.67289,2.97529,0,0.500749,5.32224,4.33291e+06,2.70226e+06,1.15814e+07,0,0,0,2.95599e+08,55.4175,61.308,2.10393,0,0,2.11293,1.81053,0,1.63207,2.96352,9.00468e+06,3.61194e+06,1.90262e+07,0,0,0,8.03099e+07
61.5136,85.139,1.39488,0.21,0.04,2.6737,2.9761,0,0.5009,5.32224,4.33291e+06,2.70226e+06,1.15849e+07,0,0,0,2.95599e+08,54.9123,61.308,1.82016,0,0,2.11342,1.81102,0,1.63245,2.96352,9.00468e+06,3.61194e+06,1.90306e+07,0,0,0,8.03099e+07
60.378,85.139,1.50925,0.22,0.04,2.67451,2.97691,0,0.501052,5.32224,4.33291e+06,2.70226e+06,1.15884e+07,0,0,0,2.95599e+08,54.495,61.308,2.2561,0,0,2.11391,1.81151,0,1.63283,2.96352,9.00468e+06,3.61194e+06,1.90351e+07,0,0,0,8.03099e+07
59.0875,85.139,1.48829,0.22,0.04,2.87418,3.17658,0,0.501203,5.32224,4.33291e+06,2.70226e+06,1.24536e+07,0,0,0,2.95599e+08,54.0772,61.308,2.24533,0,0,2.2704,1.968,0,1.63321,2.96352,9.00468e+06,3.61194e+06,2.04443e+07,0,0,0,8.03099e+07
57.9128,85.139,1.59345,0.22,0.04,2.87505,3.17745,0,0.538622,5.32224,4.33291e+06,2.70226e+06,1.24573e+07,0,0,0,2.95599e+08,53.6854,61.308,2.41565,0,0,2.27094,1.96854,0,1.75411,2.96352,9.00468e+06,3.61194e+06,2.04491e+07,0,0,0,8.03099e+07
56.4893,85.139,1.35914,0.21,0.04,2.87591,3.17831,0,0.538784,5.32224,4.33291e+06,2.70226e+06,1.24611e+07,0,0,0,2.95599e+08,53.2218,61.308,2.12708,0,0,2.27147,1.96907,0,1.75453,2.96352,9.00468e+06,3.61194e+06,2.04539e+07,0,0,0,8.03099e+07
55.2114,85.139,1.46884,0.23,0.04,2.87677,3.17917,0,0.538945,5.32224,4.33291e+06,2.70226e+06,1.24648e+07,0,0,0,2.95599e+08,52.9415,61.308,2.81602,0,0,2.27201,1.96961,0,1.75494,2.96352,9.00468e+06,3.61194e+06,2.04587e+07,0,0,0,8.03099e+07
53.8506,85.139,1.36786,0.22,0.04,2.87763,3.18003,0,0.539107,5.32224,4.33291e+06,2.70226e+06,1.24685e+07,0,0,0,2.95599e+08,52.5277,61.308,2.51453,0,0,2.27254,1.97014,0,1.75535,2.96352,9.00468e+06,3.61194e+06,2.04635e+07,0,0,0,8.03099e+07
52.1212,85.139,0.944563,0.21,0.04,2.78144,3.08384,0,0.539268,5.32224,4.33291e+06,2.70226e+06,1.20517e+07,0,0,0,2.95599e+08,52.0724,61.308,1.67392,0,0,2.17826,1.87586,0,1.75576,2.96352,9.00468e+06,3.61194e+06,1.96145e+07,0,0,0,8.03099e+07
51.0456,85.139,1.62198,0.21,0.04,2.78228,3.08468,0,0.521242,5.32224,4.33291e+06,2.70226e+06,1.20554e+07,0,0,0,2.95599e+08,51.8149,61.308,2.95689,0,0,2.17877,1.87637,0,1.68292,2.96352,9.00468e+06,3.61194e+06,1.96191e+07,0,0,0,8.03099e+07
49.1871,85.139,0.782326,0.23,0.04,2.78311,3.08551,0,0.521399,5.32224,4.33291e+06,2.70226e+06,1.2059e+07,0,0,0,2.95599e+08,51.2635,61.308,1.55612,0,0,2.17927,1.87687,0,1.68331,2.96352,9.00468e+06,3.61194e+06,1.96237e+07,0,0,0,8.03099e+07
47.501,85.139,0.939784,0.23,0.04,2.78395,3.08635,0,0.521555,5.32224,4.33291e+06,2.70226e+06,1.20626e+07,0,0,0,2.95599e+08,50.9252,61.308,1.72551,0,0,2.17978,1.87738,0,1.68371,2.96352,9.00468e+06,3.61194e+06,1.96282e+07,0,0,0,8.03099e+07
46.8538,85.139,1.92263,0.24,0.04,2.70504,3.00744,0,0.521712,5.32224,4.33291e+06,2.70226e+06,1.17207e+07,0,0,0,2.95599e+08,50.8988,61.308,3.5655,0,0,2.09389,1.79149,0,1.6841,2.96352,9.00468e+06,3.61194e+06,1.88548e+07,0,0,0,8.03099e+07
45.4691,85.139,1.13246,0.24,0.04,2.70585,3.00825,0,0.506924,5.32224,4.33291e+06,2.70226e+06,1.17242e+07,0,0,0,2.95599e+08,50.5641,61.308,1.89465,0,0,2.09438,1.79198,0,1.61774,2.96352,9.00468e+06,3.61194e+06,1.88592e+07,0,0,0,8.03099e+07
44.7556,85.139,1.88347,0.24,0.04,2.70667,3.00907,0,0.507077,5.32224,4.33291e+06,2.70226e+06,1.17278e+07,0,0,0,2.95599e+08,50.6105,61.308,2.63003,0,0,2.09486,1.79246,0,1.61811,2.96352,9.00468e+06,3.61194e+06,1.88636e+07,0,0,0,8.03099e+07
44.864,85.139,2.82484,0.29,0.04,2.70748,3.00988,0,0.507229,5.32224,4.33291e+06,2.70226e+06,1.17313e+07,0,0,0,2.95599e+08,50.859,61.308,3.69703,0,0,2.09535,1.79295,0,1.61849,2.96352,9.00468e+06,3.61194e+06,1.88679e+07,0,0,0,8.03099e+07
44.8561,85.139,2.53206,0.3,0.04,2.48156,2.78396,0,0.507382,5.32224,4.33291e+06,2.70226e+06,1.07524e+07,0,0,0,2.95599e+08,50.7674,61.308,3.16286,0,0,1.91569,1.61329,0,1.61887,2.96352,9.00468e+06,3.61194e+06,1.72502e+07,0,0,0,8.03099e+07
43.9592,85.139,1.59097,0.31,0.04,2.48231,2.78471,0,0.465044,5.32224,4.33291e+06,2.70226e+06,1.07556e+07,0,0,0,2.95599e+08,50.5991,61.308,2.50551,0,0,1.91613,1.61373,0,1.48006,2.96352,9.00468e+06,3.61194e+06,1.72541e+07,0,0,0,8.03099e+07
43.3126,85.139,1.88694,0.31,0.04,2.48307,2.78547,0,0.465185,5.32224,4.33291e+06,2.70226e+06,1.07589e+07,0,0,0,2.95599e+08,50.6227,61.308,2.94116,0,0,1.91656,1.61416,0,1.4804,2.96352,9.00468e+06,3.61194e+06,1.7258e+07,0,0,0,8.03099e+07
42.8811,85.139,2.10029,0.32,0.04,2.48382,2.78622,0,0.465327,5.32224,4.33291e+06,2.70226e+06,1.07622e+07,0,0,0,2.95599e+08,50.7016,61.308,3.0157,0,0,1.917,1.6146,0,1.48074,2.96352,9.00468e+06,3.61194e+06,1.7262e+07,0,0,0,8.03099e+07
43.0765,85.139,2.75381,0.33,0.04,2.48458,2.78698,0,0.465468,5.32224,4.33291e+06,2.70226e+06,1.07655e+07,0,0,0,2.95599e+08,51.013,61.308,4.04391,0,0,1.91744,1.61504,0,1.48107,2.96352,9.00468e+06,3.61194e+06,1.72659e+07,0,0,0,8.03099e+07
46.781,85.139,6.45769,0.38,0,2.57264,2.87504,0,0.46561,5.32224,4.33291e+06,2.70226e+06,1.1147e+07,0,0,0,2.95599e+08,51.5025,61.308,4.25934,0,0,1.9701,1.6677,0,1.48141,2.96352,9.00468e+06,3.61194e+06,1.77401e+07,0,0,0,8.03099e+07
56.2658,85.139,12.4669,0.34,0,2.57339,2.87579,0,0.482113,5.32224,4.33291e+06,2.70226e+06,1.11503e+07,0,0,0,2.95599e+08,54.75,61.308,9.89378,0,0,1.97053,1.66813,0,1.5221,2.96352,9.00468e+06,3.61194e+06,1.7744e+07,0,0,0,8.03099e+07
65.4429,85.139,12.8234,0.3,0,2.57413,2.87653,0,0.482253,5.32224,4.33291e+06,2.70226e+06,1.11535e+07,0,0,0,2.95599e+08,59.5235,61.308,12.3433,0,0,1.97096,1.66856,0,1.52243,2.96352,9.00468e+06,3.61194e+06,1.77479e+07,0,0,0,8.03099e+07
71.5028,85.139,9.38251,0.24,0,2.57488,2.87728,0,0.482393,5.32224,4.33291e+06,2.70226e+06,1.11567e+07,0,0,0,2.95599e+08,62.3362,61.308,9.201,0,0,1.9714,1.669,0,1.52277,2.96352,9.00468e+06,3.61194e+06,1.77518e+07,0,0,0,8.03099e+07
78.8658,85.139,11.11,0.22,0,2.85634,3.15874,0,0.482533,5.32224,4.33291e+06,2.70226e+06,1.23763e+07,0,0,0,2.95599e+08,62.3362,61.308,9.55254,0,0,2.16812,1.86572,0,1.5231,2.96352,9.00468e+06,3.61194e+06,1.95232e+07,0,0,0,8.03099e+07
85.139,85.139,27.6438,0.18,0,2.85716,3.15956,0,0.535279,5.32224,4.33291e+06,2.70226e+06,1.23798e+07,0,0,0,2.95599e+08,62.3362,61.308,16.172,0,0,2.1686,1.8662,0,1.67509,2.96352,9.00468e+06,3.61194e+06,1.95276e+07,0,0,0,8.03099e+07
85.139,85.139,11.5184,0.1,0,2.85798,3.16038,0,0.535432,5.32224,4.33291e+06,2.70226e+06,1.23834e+07,0,0,0,2.95599e+08,62.3362,61.308,8.03501,0,0,2.16909,1.86669,0,1.67546,2.96352,9.00468e+06,3.61194e+06,1.95319e+07,0,0,0,8.03099e+07
85.139,85.139,8.93101,0.11,0,2.8588,3.1612,0,0.535586,5.32224,4.33291e+06,2.70226e+06,1.23869e+07,0,0,0,2.95599e+08,62.3362,61.308,7.53145,0,0,2.16957,1.86717,0,1.67584,2.96352,9.00468e+06,3.61194e+06,1.95363e+07,0,0,0,8.03099e+07
85.139,85.139,8.46223,0.11,0,2.45882,2.76122,0,0.53574,5.32224,4.33291e+06,2.70226e+06,1.06538e+07,0,0,0,2.95599e+08,62.3362,61.308,14.2927,0,0,1.90636,1.60396,0,1.67621,2.96352,9.00468e+06,3.61194e+06,1.71661e+07,0,0,0,8.03099e+07
85.139,85.139,6.15464,0.11,0,2.45953,2.76193,0,0.460782,5.32224,4.33291e+06,2.70226e+06,1.06569e+07,0,0,0,2.95599e+08,62.3362,61.308,8.11805,0,0,1.90677,1.60437,0,1.47285,2.96352,9.00468e+06,3.61194e+06,1.71699e+07,0,0,0,8.03099e+07
85.139,85.139,8.27875,0.13,0,2.46025,2.76265,0,0.460916,5.32224,4.33291e+06,2.70226e+06,1.066e+07,0,0,0,2.95599e+08,62.3362,61.308,12.7155,0,0,1.90719,1.60479,0,1.47317,2.96352,9.00468e+06,3.61194e+06,1.71736e+07,0,0,0,8.03099e+07
85.139,85.139,10.7965,0.14,0,2.46096,2.76336,0,0.46105,5.32224,4.33291e+06,2.70226e+06,1.06631e+07,0,0,0,2.95599e+08,62.3362,61.308,16.469,0,0,1.90761,1.60521,0,1.4735,2.96352,9.00468e+06,3.61194e+06,1.71774e+07,0,0,0,8.03099e+07
85.139,85.139,6.89726,0.15,0,2.46168,2.76408,0,0.461185,5.32224,4.33291e+06,2.70226e+06,1.06663e+07,0,0,0,2.95599e+08,62.3362,61.308,7.05573,0,0,1.90802,1.60562,0,1.47382,2.96352,9.00468e+06,3.61194e+06,1.71811e+07,0,0,0,8.03099e+07
85.139,85.139,12.0423,0.13,0,2.56342,2.86582,0,0.461319,5.32224,4.33291e+06,2.70226e+06,1.11071e+07,0,0,0,2.95599e+08,62.3362,61.308,11.3915,0,0,1.97303,1.67063,0,1.47414,2.96352,9.00468e+06,3.61194e+06,1.77665e+07,0,0,0,8.03099e+07
85.139,85.139,9.34564,0.15,0,2.56416,2.86656,0,0.480384,5.32224,4.33291e+06,2.70226e+06,1.11103e+07,0,0,0,2.95599e+08,62.3362,61.308,9.57426,0,0,1.97347,1.67107,0,1.52437,2.96352,9.00468e+06,3.61194e+06,1.77704e+07,0,0,0,8.03099e+07
85.139,85.139,8.0234,0.16,0,2.5649,2.8673,0,0.480524,5.32224,4.33291e+06,2.70226e+06,1.11135e+07,0,0,0,2.95599e+08,62.3362,61.308,9.21144,0,0,1.9739,1.6715,0,1.5247,2.96352,9.00468e+06,3.61194e+06,1.77743e+07,0,0,0,8.03099e+07
85.139,85.139,7.36226,0.14,0,2.56565,2.86805,0,0.480663,5.32224,4.33291e+06,2.70226e+06,1.11167e+07,0,0,0,2.95599e+08,62.3362,61.308,9.41887,0,0,1.97433,1.67193,0,1.52503,2.96352,9.00468e+06,3.61194e+06,1.77782e+07,0,0,0,8.03099e+07
85.139,85.139,8.12941,0.13,0,2.52685,2.82925,0,0.480802,5.32224,4.33291e+06,2.70226e+06,1.09486e+07,0,0,0,2.95599e+08,62.3362,61.308,8.18185,0,0,1.94965,1.64725,0,1.52537,2.96352,9.00468e+06,3.61194e+06,1.7556e+07,0,0,0,8.03099e+07
85.139,85.139,5.87267,0.13,0,2.52758,2.82998,0,0.473532,5.32224,4.33291e+06,2.70226e+06,1.09518e+07,0,0,0,2.95599e+08,62.3362,61.308,5.86246,0,0,1.95008,1.64768,0,1.5063,2.96352,9.00468e+06,3.61194e+06,1.75598e+07,0,0,0,8.03099e+07
85.139,85.139,5.47422,0.11,0,2.52832,2.83072,0,0.473669,5.32224,4.33291e+06,2.70226e+06,1.0955e+07,0,0,0,2.95599e+08,62.3362,61.308,5.5021,0,0,1.95051,1.64811,0,1.50663,2.96352,9.00468e+06,3.61194e+06,1.75637e+07,0,0,0,8.03099e+07
85.139,85.139,4.35318,0.1,0,2.52905,2.83145,0,0.473807,5.32224,4.33291e+06,2.70226e+06,1.09582e+07,0,0,0,2.95599e+08,62.3362,61.308,4.74833,0,0,1.95093,1.64853,0,1.50696,2.96352,9.00468e+06,3.61194e+06,1.75675e+07,0,0,0,8.03099e+07
85.139,85.139,4.04155,0.1,0,2.66413,2.96653,0,0.473944,5.32224,4.33291e+06,2.70226e+06,1.15435e+07,0,0,0,2.95599e+08,62.3362,61.308,4.45869,0,0,2.04051,1.73811,0,1.50729,2.96352,9.00468e+06,3.61194e+06,1.83742e+07,0,0,0,8.03099e+07
85.139,85.139,4.97089,0.09,0,2.6649,2.9673,0,0.499259,5.32224,4.33291e+06,2.70226e+06,1.15468e+07,0,0,0,2.95599e+08,62.3362,61.308,4.53629,0,0,2.04096,1.73856,0,1.5765,2.96352,9.00468e+06,3.61194e+06,1.83782e+07,0,0,0,8.03099e+07
85.139,85.139,4.66666,0.09,0,2.66567,2.96807,0,0.499403,5.32224,4.33291e+06,2.70226e+06,1.15501e+07,0,0,0,2.95599e+08,62.3362,61.308,4.85927,0,0,2.04141,1.73901,0,1.57685,2.96352,9.00468e+06,3.61194e+06,1.83823e+07,0,0,0,8.03099e+07
85.139,85.139,4.46506,0.09,0,2.66644,2.96884,0,0.499547,5.32224,4.33291e+06,2.70226e+06,1.15535e+07,0,0,0,2.95599e+08,62.3362,61.308,4.71099,0,0,2.04186,1.73946,0,1.5772,2.96352,9.00468e+06,3.61194e+06,1.83863e+07,0,0,0,8.03099e+07
85.139,85.139,4.21035,0.06,0,2.66721,2.96961,0,0.499691,5.32224,4.33291e+06,2.70226e+06,1.15568e+07,0,0,0,2.95599e+08,62.3362,61.308,4.45514,0,0,2.04231,1.73991,0,1.57754,2.96352,9.00468e+06,3.61194e+06,1.83904e+07,0,0,0,8.03099e+07
85.139,85.139,4.55767,0.05,0,2.64137,2.94377,0,0.499835,5.32224,4.33291e+06,2.70226e+06,1.14449e+07,0,0,0,2.95599e+08,62.3362,61.308,3.76321,0,0,2.09183,1.78943,0,1.57789,2.96352,9.00468e+06,3.61194e+06,1.88362e+07,0,0,0,8.03099e+07
85.139,85.139,4.52333,0.05,0,2.64214,2.94454,0,0.494994,5.32224,4.33291e+06,2.70226e+06,1.14482e+07,0,0,0,2.95599e+08,62.3362,61.308,3.53824,0,0,2.09229,1.78989,0,1.61615,2.96352,9.00468e+06,3.61194e+06,1.88404e+07,0,0,0,8.03099e+07
85.139,85.139,4.21653,0.04,0,2.6429,2.9453,0,0.495136,5.32224,4.33291e+06,2.70226e+06,1.14515e+07,0,0,0,2.95599e+08,62.3362,61.308,3.39044,0,0,2.09275,1.79035,0,1.6165,2.96352,9.00468e+06,3.61194e+06,1.88446e+07,0,0,0,8.03099e+07
85.139,85.139,3.72397,0.04,0,2.64366,2.94606,0,0.495279,5.32224,4.33291e+06,2.70226e+06,1.14548e+07,0,0,0,2.95599e+08,62.3362,61.308,3.31214,0,0,2.09322,1.79082,0,1.61686,2.96352,9.00468e+06,3.61194e+06,1.88487e+07,0,0,0,8.03099e+07
85.139,85.139,3.5197,0.04,0,2.7132,3.0156,0,0.495422,5.32224,4.33291e+06,2.70226e+06,1.17561e+07,0,0,0,2.95599e+08,62.3362,61.308,2.94087,0,0,2.13745,1.83505,0,1.61722,2.96352,9.00468e+06,3.61194e+06,1.92471e+07,0,0,0,8.03099e+07
85.139,85.139,3.72867,0.04,0,2.71398,3.01638,0,0.508453,5.32224,4.33291e+06,2.70226e+06,1.17594e+07,0,0,0,2.95599e+08,62.3362,61.308,2.88319,0,0,2.13793,1.83553,0,1.6514,2.96352,9.00468e+06,3.61194e+06,1.92513e+07,0,0,0,8.03099e+07
85.139,85.139,3.41238,0.04,0,2.71476,3.01716,0,0.5086,5.32224,4.33291e+06,2.70226e+06,1.17628e+07,0,0,0,2.95599e+08,62.3362,61.308,2.81118,0,0,2.1384,1.836,0,1.65176,2.96352,9.00468e+06,3.61194e+06,1.92556e+07,0,0,0,8.03099e+07
85.139,85.139,3.13034,0.04,0,2.71554,3.01794,0,0.508746,5.32224,4.33291e+06,2.70226e+06,1.17662e+07,0,0,0,2.95599e+08,62.2792,61.308,2.47324,0,0,2.13888,1.83648,0,1.65213,2.96352,9.00468e+06,3.61194e+06,1.92599e+07,0,0,0,8.03099e+07
85.139,85.139,3.29547,0.04,0,2.91793,3.22033,0,0.508892,5.32224,4.33291e+06,2.70226e+06,1.26431e+07,0,0,0,2.95599e+08,62.3362,61.308,2.92054,0,0,2.29751,1.99511,0,1.6525,2.96352,9.00468e+06,3.61194e+06,2.06883e+07,0,0,0,8.03099e+07
84.744,85.139,2.71496,0.04,0,2.91876,3.22116,0,0.54682,5.32224,4.33291e+06,2.70226e+06,1.26467e+07,0,0,0,2.95599e+08,62.3362,61.308,2.65185,0,0,2.29802,1.99562,0,1.77505,2.96352,9.00468e+06,3.61194e+06,2.0693e+07,0,0,0,8.03099e+07
84.8548,85.139,3.21573,0.09,0,2.9196,3.222,0,0.546976,5.32224,4.33291e+06,2.70226e+06,1.26504e+07,0,0,0,2.95599e+08,62.3362,61.308,2.72302,0,0,2.29854,1.99614,0,1.77545,2.96352,9.00468e+06,3.61194e+06,2.06976e+07,0,0,0,8.03099e+07
84.1813,85.139,2.4308,0.1,0,2.92043,3.22283,0,0.547132,5.32224,4.33291e+06,2.70226e+06,1.2654e+07,0,0,0,2.95599e+08,62.2823,61.308,2.49546,0,0,2.29906,1.99666,0,1.77585,2.96352,9.00468e+06,3.61194e+06,2.07023e+07,0,0,0,8.03099e+07
83.5366,85.139,2.45738,0.09,0,2.92126,3.22366,0,0.547289,5.32224,4.33291e+06,2.70226e+06,1.26576e+07,0,0,0,2.95599e+08,61.9024,61.308,2.47279,0,0,2.29957,1.99717,0,1.77625,2.96352,9.00468e+06,3.61194e+06,2.07069e+07,0,0,0,8.03099e+07
82.6621,85.139,2.16425,0.09,0,2.82371,3.12611,0,0.547445,5.32224,4.33291e+06,2.70226e+06,1.22349e+07,0,0,0,2.95599e+08,61.3211,61.308,1.45413,0,0,2.20397,1.90157,0,1.77665,2.96352,9.00468e+06,3.61194e+06,1.98461e+07,0,0,0,8.03099e+07
81.6678,85.139,2.07356,0.1,0,2.82452,3.12692,0,0.529164,5.32224,4.33291e+06,2.70226e+06,1.22384e+07,0,0,0,2.95599e+08,61.1272,61.308,1.67975,0,0,2.20446,1.90206,0,1.70279,2.96352,9.00468e+06,3.61194e+06,1.98505e+07,0,0,0,8.03099e+07
80.733,85.139,2.12821,0.1,0,2.82533,3.12773,0,0.529316,5.32224,4.33291e+06,2.70226e+06,1.22419e+07,0,0,0,2.95599e+08,60.9053,61.308,2.17444,0,0,2.20496,1.90256,0,1.70317,2.96352,9.00468e+06,3.61194e+06,1.98549e+07,0,0,0,8.03099e+07
79.6192,85.139,1.93143,0.1,0,2.82614,3.12854,0,0.529467,5.32224,4.33291e+06,2.70226e+06,1.22454e+07,0,0,0,2.95599e+08,60.7236,61.308,1.70121,0,0,2.20545,1.90305,0,1.70355,2.96352,9.00468e+06,3.61194e+06,1.98593e+07,0,0,0,8.03099e+07
78.7476,85.139,2.09843,0.1,0,2.74611,3.04851,0,0.529619,5.32224,4.33291e+06,2.70226e+06,1.18987e+07,0,0,0,2.95599e+08,60.1062,61.308,2.32384,0,0,2.11836,1.81596,0,1.70393,2.96352,9.00468e+06,3.61194e+06,1.90751e+07,0,0,0,8.03099e+07
76.933,85.139,1.15372,0.13,0,2.7469,3.0493,0,0.514621,5.32224,4.33291e+06,2.70226e+06,1.19021e+07,0,0,0,2.95599e+08,58.7379,61.308,1.01707,0,0,2.11883,1.81643,0,1.63664,2.96352,9.00468e+06,3.61194e+06,1.90794e+07,0,0,0,8.03099e+07
74.9126,85.139,0.958847,0.13,0,2.74769,3.05009,0,0.514769,5.32224,4.33291e+06,2.70226e+06,1.19055e+07,0,0,0,2.95599e+08,58.0746,61.308,0.730903,0,0,2.1193,1.8169,0,1.63701,2.96352,9.00468e+06,3.61194e+06,1.90836e+07,0,0,0,8.03099e+07
73.3675,85.139,1.44605,0.13,0,2.74848,3.05088,0,0.514917,5.32224,4.33291e+06,2.70226e+06,1.19089e+07,0,0,0,2.95599e+08,57.8906,61.308,1.97462,0,0,2.11977,1.81737,0,1.63737,2.96352,9.00468e+06,3.61194e+06,1.90878e+07,0,0,0,8.03099e+07
73.9676,85.139,3.51655,0.16,0,2.51944,2.82184,0,0.515065,5.32224,4.33291e+06,2.70226e+06,1.09165e+07,0,0,0,2.95599e+08,58.5906,61.308,3.58217,0,0,1.93764,1.63524,0,1.63773,2.96352,9.00468e+06,3.61194e+06,1.74478e+07,0,0,0,8.03099e+07
74.0418,85.139,2.97872,0.14,0,2.52017,2.82257,0,0.472143,5.32224,4.33291e+06,2.70226e+06,1.09197e+07,0,0,0,2.95599e+08,58.5162,61.308,2.71904,0,0,1.93806,1.63566,0,1.49702,2.96352,9.00468e+06,3.61194e+06,1.74516e+07,0,0,0,8.03099e+07
73.544,85.139,2.41044,0.15,0,2.5209,2.8233,0,0.47228,5.32224,4.33291e+06,2.70226e+06,1.09228e+07,0,0,0,2.95599e+08,58.0707,61.308,2.7076,0,0,1.93849,1.63609,0,1.49735,2.96352,9.00468e+06,3.61194e+06,1.74555e+07,0,0,0,8.03099e+07
72.47,85.139,1.74592,0.2,0,2.52163,2.82403,0,0.472417,5.32224,4.33291e+06,2.70226e+06,1.0926e+07,0,0,0,2.95599e+08,57.1228,61.308,1.52166,0,0,1.93891,1.63651,0,1.49768,2.96352,9.00468e+06,3.61194e+06,1.74593e+07,0,0,0,8.03099e+07
71.051,85.139,1.39284,0.2,0,2.52236,2.82476,0,0.472553,5.32224,4.33291e+06,2.70226e+06,1.09292e+07,0,0,0,2.95599e+08,56.3445,61.308,1.48811,0,0,1.93933,1.63693,0,1.498,2.96352,9.00468e+06,3.61194e+06,1.74631e+07,0,0,0,8.03099e+07
71.148,85.139,3.05064,0.21,0,2.61159,2.91399,0,0.47269,5.32224,4.33291e+06,2.70226e+06,1.13158e+07,0,0,0,2.95599e+08,55.4699,61.308,1.64479,0,0,1.99269,1.69029,0,1.49833,2.96352,9.00468e+06,3.61194e+06,1.79435e+07,0,0,0,8.03099e+07
71.7063,85.139,3.56398,0.23,0,2.61231,2.91471,0,0.489411,5.32224,4.33291e+06,2.70226e+06,1.13189e+07,0,0,0,2.95599e+08,54.5258,61.308,1.56961,0,0,1.99311,1.69071,0,1.53955,2.96352,9.00468e+06,3.61194e+06,1.79473e+07,0,0,0,8.03099e+07
71.1912,85.139,2.47421,0.22,0,2.61303,2.91543,0,0.489547,5.32224,4.33291e+06,2.70226e+06,1.1322e+07,0,0,0,2.95599e+08,53.3401,61.308,1.33538,0,0,1.99353,1.69113,0,1.53987,2.96352,9.00468e+06,3.61194e+06,1.79511e+07,0,0,0,8.03099e+07
70.2048,85.139,1.98189,0.22,0,2.61375,2.91615,0,0.489682,5.32224,4.33291e+06,2.70226e+06,1.13252e+07,0,0,0,2.95599e+08,52.1513,61.308,1.12112,0,0,1.99394,1.69154,0,1.5402,2.96352,9.00468e+06,3.61194e+06,1.79548e+07,0,0,0,8.03099e+07
69.3073,85.139,2.28592,0.23,0,2.89898,3.20138,0,0.489818,5.32224,4.33291e+06,2.70226e+06,1.2561e+07,0,0,0,2.95599e+08,51.8695,61.308,1.39956,0,0,2.1933,1.8909,0,1.54052,2.96352,9.00468e+06,3.61194e+06,1.975e+07,0,0,0,8.03099e+07
70.5326,85.139,4.53872,0.23,0,2.89978,3.20218,0,0.543269,5.32224,4.33291e+06,2.70226e+06,1.25645e+07,0,0,0,2.95599e+08,51.4017,61.308,2.57894,0,0,2.19377,1.89137,0,1.69455,2.96352,9.00468e+06,3.61194e+06,1.97542e+07,0,0,0,8.03099e+07
70.0339,85.139,2.75754,0.26,0,2.90057,3.20297,0,0.543418,5.32224,4.33291e+06,2.70226e+06,1.25679e+07,0,0,0,2.95599e+08,50.1657,61.308,1.43284,0,0,2.19424,1.89184,0,1.69491,2.96352,9.00468e+06,3.61194e+06,1.97584e+07,0,0,0,8.03099e+07
68.7991,85.139,1.92925,0.27,0,2.90136,3.20376,0,0.543567,5.32224,4.33291e+06,2.70226e+06,1.25714e+07,0,0,0,2.95599e+08,49.0819,61.308,1.05927,0,0,2.19471,1.89231,0,1.69527,2.96352,9.00468e+06,3.61194e+06,1.97627e+07,0,0,0,8.03099e+07
68.899,85.139,2.97265,0.29,0,2.49596,2.79836,0,0.543715,5.32224,4.33291e+06,2.70226e+06,1.08148e+07,0,0,0,2.95599e+08,48.2961,61.308,1.72116,0,0,1.92793,1.62553,0,1.69563,2.96352,9.00468e+06,3.61194e+06,1.73604e+07,0,0,0,8.03099e+07
69.2855,85.139,3.21582,0.29,0,2.49665,2.79905,0,0.467743,5.32224,4.33291e+06,2.70226e+06,1.08178e+07,0,0,0,2.95599e+08,47.9246,61.308,1.86602,0,0,1.92834,1.62594,0,1.48952,2.96352,9.00468e+06,3.61194e+06,1.73641e+07,0,0,0,8.03099e+07
70.6277,85.139,4.25044,0.32,0,2.49735,2.79975,0,0.467873,5.32224,4.33291e+06,2.70226e+06,1.08208e+07,0,0,0,2.95599e+08,47.6749,61.308,2.12589,0,0,1.92874,1.62634,0,1.48983,2.96352,9.00468e+06,3.61194e+06,1.73677e+07,0,0,0,8.03099e+07
72.0678,85.139,4.3073,0.34,0,2.49804,2.80044,0,0.468003,5.32224,4.33291e+06,2.70226e+06,1.08238e+07,0,0,0,2.95599e+08,47.6893,61.308,2.2437,0,0,1.92914,1.62674,0,1.49014,2.96352,9.00468e+06,3.61194e+06,1.73713e+07,0,0,0,8.03099e+07
74.1477,85.139,5.00505,0.35,0,2.49873,2.80113,0,0.468132,5.32224,4.33291e+06,2.70226e+06,1.08268e+07,0,0,0,2.95599e+08,48.0216,61.308,2.4529,0,0,1.92955,1.62715,0,1.49046,2.96352,9.00468e+06,3.61194e+06,1.73749e+07,0,0,0,8.03099e+07
76.6134,85.139,5.50217,0.31,0,2.6018,2.9042,0,0.468262,5.32224,4.33291e+06,2.70226e+06,1.12734e+07,0,0,0,2.95599e+08,48.2268,61.308,2.85384,0,0,1.99541,1.69301,0,1.49077,2.96352,9.00468e+06,3.61194e+06,1.7968e+07,0,0,0,8.03099e+07
77.6233,85.139,4.06625,0.32,0,2.60252,2.90492,0,0.487577,5.32224,4.33291e+06,2.70226e+06,1.12765e+07,0,0,0,2.95599e+08,47.6578,61.308,2.09954,0,0,1.99583,1.69343,0,1.54165,2.96352,9.00468e+06,3.61194e+06,1.79718e+07,0,0,0,8.03099e+07
77.5866,85.139,2.91352,0.34,0,2.60324,2.90564,0,0.487712,5.32224,4.33291e+06,2.70226e+06,1.12796e+07,0,0,0,2.95599e+08,46.7861,61.308,1.56295,0,0,1.99625,1.69385,0,1.54198,2.96352,9.00468e+06,3.61194e+06,1.79756e+07,0,0,0,8.03099e+07
77.1595,85.139,2.50418,0.34,0,2.60396,2.90636,0,0.487847,5.32224,4.33291e+06,2.70226e+06,1.12827e+07,0,0,0,2.95599e+08,45.9953,61.308,1.38493,0,0,1.99667,1.69427,0,1.5423,2.96352,9.00468e+06,3.61194e+06,1.79793e+07,0,0,0,8.03099e+07
77.2149,85.139,2.9088,0.36,0,2.56461,2.86701,0,0.487982,5.32224,4.33291e+06,2.70226e+06,1.11122e+07,0,0,0,2.95599e+08,45.5529,61.308,1.67589,0,0,1.97164,1.66924,0,1.54262,2.96352,9.00468e+06,3.61194e+06,1.7754e+07,0,0,0,8.03099e+07
77.0911,85.139,2.73801,0.34,0,2.56532,2.86772,0,0.480608,5.32224,4.33291e+06,2.70226e+06,1.11153e+07,0,0,0,2.95599e+08,45.2542,61.308,2.02294,0,0,1.97205,1.66965,0,1.52329,2.96352,9.00468e+06,3.61194e+06,1.77577e+07,0,0,0,8.03099e+07
76.7475,85.139,2.46234,0.32,0,2.56603,2.86843,0,0.480741,5.32224,4.33291e+06,2.70226e+06,1.11184e+07,0,0,0,2.95599e+08,44.8151,61.308,1.78838,0,0,1.97246,1.67006,0,1.52361,2.96352,9.00468e+06,3.61194e+06,1.77614e+07,0,0,0,8.03099e+07
76.3608,85.139,2.37208,0.3,0,2.56674,2.86914,0,0.480874,5.32224,4.33291e+06,2.70226e+06,1.11215e+07,0,0,0,2.95599e+08,44.328,61.308,1.86643,0,0,1.97288,1.67048,0,1.52393,2.96352,9.00468e+06,3.61194e+06,1.77651e+07,0,0,0,8.03099e+07
75.6978,85.139,2.19549,0.29,0,2.70359,3.00599,0,0.481007,5.32224,4.33291e+06,2.70226e+06,1.17144e+07,0,0,0,2.95599e+08,43.9448,61.308,1.74339,0,0,2.06363,1.76123,0,1.52424,2.96352,9.00468e+06,3.61194e+06,1.85823e+07,0,0,0,8.03099e+07
74.8796,85.139,2.03653,0.26,0,2.70433,3.00673,0,0.506652,5.32224,4.33291e+06,2.70226e+06,1.17176e+07,0,0,0,2.95599e+08,43.5575,61.308,1.91734,0,0,2.06406,1.76166,0,1.59436,2.96352,9.00468e+06,3.61194e+06,1.85862e+07,0,0,0,8.03099e+07
73.9691,85.139,1.92812,0.22,0,2.70508,3.00748,0,0.506792,5.32224,4.33291e+06,2.70226e+06,1.17209e+07,0,0,0,2.95599e+08,43.0715,61.308,1.72566,0,0,2.0645,1.7621,0,1.5947,2.96352,9.00468e+06,3.61194e+06,1.85902e+07,0,0,0,8.03099e+07
72.9272,85.139,1.74526,0.21,0,2.70582,3.00822,0,0.506931,5.32224,4.33291e+06,2.70226e+06,1.17241e+07,0,0,0,2.95599e+08,42.4666,61.308,1.66065,0,0,2.06494,1.76254,0,1.59503,2.96352,9.00468e+06,3.61194e+06,1.85941e+07,0,0,0,8.03099e+07
71.8144,85.139,1.65137,0.3,0,2.70656,3.00896,0,0.507071,5.32224,4.33291e+06,2.70226e+06,1.17273e+07,0,0,0,2.95599e+08,42.019,61.308,1.56311,0,0,2.06537,1.76297,0,1.59537,2.96352,9.00468e+06,3.61194e+06,1.8598e+07,0,0,0,8.03099e+07
70.9449,85.139,1.88611,0.29,0,2.68035,2.98275,0,0.50721,5.32224,4.33291e+06,2.70226e+06,1.16137e+07,0,0,0,2.95599e+08,41.6211,61.308,1.75941,0,0,2.11552,1.81312,0,1.59571,2.96352,9.00468e+06,3.61194e+06,1.90496e+07,0,0,0,8.03099e+07
70.0975,85.139,1.91166,0.26,0,2.68109,2.98349,0,0.502298,5.32224,4.33291e+06,2.70226e+06,1.16169e+07,0,0,0,2.95599e+08,41.2175,61.308,1.74026,0,0,2.11597,1.81357,0,1.63445,2.96352,9.00468e+06,3.61194e+06,1.90536e+07,0,0,0,8.03099e+07
69.0962,85.139,1.74904,0.25,0,2.68183,2.98423,0,0.502436,5.32224,4.33291e+06,2.70226e+06,1.16201e+07,0,0,0,2.95599e+08,40.658,61.308,1.74849,0,0,2.11642,1.81402,0,1.6348,2.96352,9.00468e+06,3.61194e+06,1.90577e+07,0,0,0,8.03099e+07
67.9412,85.139,1.57936,0.23,0,2.68257,2.98497,0,0.502575,5.32224,4.33291e+06,2.70226e+06,1.16233e+07,0,0,0,2.95599e+08,40.0565,61.308,1.56041,0,0,2.11687,1.81447,0,1.63514,2.96352,9.00468e+06,3.61194e+06,1.90617e+07,0,0,0,8.03099e+07
66.6981,85.139,1.51239,0.29,0,2.75299,3.05539,0,0.502713,5.32224,4.33291e+06,2.70226e+06,1.19285e+07,0,0,0,2.95599e+08,39.4365,61.308,1.51499,0,0,2.16166,1.85926,0,1.63549,2.96352,9.00468e+06,3.61194e+06,1.94651e+07,0,0,0,8.03099e+07
65.485,85.139,1.52215,0.26,0,2.75374,3.05614,0,0.515909,5.32224,4.33291e+06,2.70226e+06,1.19317e+07,0,0,0,2.95599e+08,38.7625,61.308,1.54092,0,0,2.16212,1.85972,0,1.6701,2.96352,9.00468e+06,3.61194e+06,1.94692e+07,0,0,0,8.03099e+07
64.16,85.139,1.3948,0.24,0,2.7545,3.0569,0,0.516051,5.32224,4.33291e+06,2.70226e+06,1.1935e+07,0,0,0,2.95599e+08,37.9545,61.308,1.49293,0,0,2.16258,1.86018,0,1.67046,2.96352,9.00468e+06,3.61194e+06,1.94734e+07,0,0,0,8.03099e+07
62.7225,85.139,1.26604,0.25,0,2.75525,3.05765,0,0.516193,5.32224,4.33291e+06,2.70226e+06,1.19383e+07,0,0,0,2.95599e+08,37.1139,61.308,1.3656,0,0,2.16304,1.86064,0,1.67081,2.96352,9.00468e+06,3.61194e+06,1.94775e+07,0,0,0,8.03099e+07
60.9989,85.139,1.1135,0.24,0,2.96027,3.26267,0,0.516334,5.32224,4.33291e+06,2.70226e+06,1.28266e+07,0,0,0,2.95599e+08,36.0348,61.308,1.34746,0,0,2.32374,2.02134,0,1.67117,2.96352,9.00468e+06,3.61194e+06,2.09245e+07,0,0,0,8.03099e+07
59.5736,85.139,1.41967,0.26,0,2.96107,3.26347,0,0.554754,5.32224,4.33291e+06,2.70226e+06,1.28301e+07,0,0,0,2.95599e+08,35.1697,61.308,1.12769,0,0,2.32424,2.02184,0,1.79532,2.96352,9.00468e+06,3.61194e+06,2.0929e+07,0,0,0,8.03099e+07
58.1468,85.139,1.4044,0.24,0,2.96188,3.26428,0,0.554905,5.32224,4.33291e+06,2.70226e+06,1.28336e+07,0,0,0,2.95599e+08,34.5085,61.308,1.28926,0,0,2.32474,2.02234,0,1.7957,2.96352,9.00468e+06,3.61194e+06,2.09335e+07,0,0,0,8.03099e+07
56.6555,85.139,1.32585,0.24,0,2.96269,3.26509,0,0.555057,5.32224,4.33291e+06,2.70226e+06,1.28371e+07,0,0,0,2.95599e+08,33.823,61.308,1.47282,0,0,2.32524,2.02284,0,1.79609,2.96352,9.00468e+06,3.61194e+06,2.0938e+07,0,0,0,8.03099e+07
55.142,85.139,1.28022,0.25,0,2.9635,3.2659,0,0.555208,5.32224,4.33291e+06,2.70226e+06,1.28406e+07,0,0,0,2.95599e+08,33.2311,61.308,1.45266,0,0,2.32574,2.02334,0,1.79648,2.96352,9.00468e+06,3.61194e+06,2.09425e+07,0,0,0,8.03099e+07
53.9821,85.139,1.55199,0.25,0,2.86463,3.16703,0,0.555359,5.32224,4.33291e+06,2.70226e+06,1.24122e+07,0,0,0,2.95599e+08,32.8027,61.308,1.58798,0,0,2.22886,1.92646,0,1.79686,2.96352,9.00468e+06,3.61194e+06,2.00702e+07,0,0,0,8.03099e+07
53.3412,85.139,2.08424,0.24,0,2.86541,3.16781,0,0.536832,5.32224,4.33291e+06,2.70226e+06,1.24156e+07,0,0,0,2.95599e+08,32.685,61.308,2.36936,0,0,2.22934,1.92694,0,1.72202,2.96352,9.00468e+06,3.61194e+06,2.00745e+07,0,0,0,8.03099e+07
52.6547,85.139,2.02792,0.25,0,2.8662,3.1686,0,0.536979,5.32224,4.33291e+06,2.70226e+06,1.2419e+07,0,0,0,2.95599e+08,32.4635,61.308,2.18947,0,0,2.22981,1.92741,0,1.72239,2.96352,9.00468e+06,3.61194e+06,2.00788e+07,0,0,0,8.03099e+07
51.954,85.139,2.00248,0.25,0,2.86698,3.16938,0,0.537125,5.32224,4.33291e+06,2.70226e+06,1.24224e+07,0,0,0,2.95599e+08,32.3935,61.308,2.75152,0,0,2.23029,1.92789,0,1.72275,2.96352,9.00468e+06,3.61194e+06,2.0083e+07,0,0,0,8.03099e+07
52.4143,85.139,3.25268,0.26,0,2.78587,3.08827,0,0.537272,5.32224,4.33291e+06,2.70226e+06,1.20709e+07,0,0,0,2.95599e+08,32.338,61.308,2.90739,0,0,2.14204,1.83964,0,1.72312,2.96352,9.00468e+06,3.61194e+06,1.92884e+07,0,0,0,8.03099e+07
51.2061,85.139,1.49313,0.25,0,2.78663,3.08903,0,0.522072,5.32224,4.33291e+06,2.70226e+06,1.20742e+07,0,0,0,2.95599e+08,31.9481,61.308,1.73559,0,0,2.1425,1.8401,0,1.65494,2.96352,9.00468e+06,3.61194e+06,1.92925e+07,0,0,0,8.03099e+07
50.6275,85.139,2.18677,0.25,0,2.7874,3.0898,0,0.522215,5.32224,4.33291e+06,2.70226e+06,1.20776e+07,0,0,0,2.95599e+08,31.8546,61.308,2.77786,0,0,2.14295,1.84055,0,1.65529,2.96352,9.00468e+06,3.61194e+06,1.92966e+07,0,0,0,8.03099e+07
52.0599,85.139,4.28518,0.31,0,2.78816,3.09056,0,0.522358,5.32224,4.33291e+06,2.70226e+06,1.20809e+07,0,0,0,2.95599e+08,32.3094,61.308,3.66362,0,0,2.14341,1.84101,0,1.65564,2.96352,9.00468e+06,3.61194e+06,1.93007e+07,0,0,0,8.03099e+07
53.7912,85.139,4.43241,0.28,0,2.55611,2.85851,0,0.522501,5.32224,4.33291e+06,2.70226e+06,1.10754e+07,0,0,0,2.95599e+08,32.4835,61.308,3.54061,0,0,1.95889,1.65649,0,1.656,2.96352,9.00468e+06,3.61194e+06,1.76392e+07,0,0,0,8.03099e+07
54.4934,85.139,3.37231,0.29,0,2.55682,2.85922,0,0.479015,5.32224,4.33291e+06,2.70226e+06,1.10785e+07,0,0,0,2.95599e+08,32.4204,61.308,2.58828,0,0,1.9593,1.6569,0,1.51344,2.96352,9.00468e+06,3.61194e+06,1.76429e+07,0,0,0,8.03099e+07
54.955,85.139,3.20728,0.29,0,2.55752,2.85992,0,0.479148,5.32224,4.33291e+06,2.70226e+06,1.10815e+07,0,0,0,2.95599e+08,32.6966,61.308,3.51298,0,0,1.95971,1.65731,0,1.51376,2.96352,9.00468e+06,3.61194e+06,1.76466e+07,0,0,0,8.03099e+07
57.1231,85.139,4.94941,0.31,0,2.55823,2.86063,0,0.47928,5.32224,4.33291e+06,2.70226e+06,1.10846e+07,0,0,0,2.95599e+08,33.1141,61.308,3.67043,0,0,1.96012,1.65772,0,1.51407,2.96352,9.00468e+06,3.61194e+06,1.76503e+07,0,0,0,8.03099e+07
57.0545,85.139,2.678,0.29,0,2.55894,2.86134,0,0.479413,5.32224,4.33291e+06,2.70226e+06,1.10877e+07,0,0,0,2.95599e+08,33.3485,61.308,3.08171,0,0,1.96053,1.65813,0,1.51439,2.96352,9.00468e+06,3.61194e+06,1.76539e+07,0,0,0,8.03099e+07
58.435,85.139,4.40085,0.29,0,2.64929,2.95169,0,0.479545,5.32224,4.33291e+06,2.70226e+06,1.14791e+07,0,0,0,2.95599e+08,34.5884,61.308,5.27996,0,0,2.01456,1.71216,0,1.51471,2.96352,9.00468e+06,3.61194e+06,1.81404e+07,0,0,0,8.03099e+07
62.0959,85.139,6.78669,0.3,0,2.64999,2.95239,0,0.496476,5.32224,4.33291e+06,2.70226e+06,1.14822e+07,0,0,0,2.95599e+08,36.812,61.308,8.36418,0,0,2.01496,1.71256,0,1.55645,2.96352,9.00468e+06,3.61194e+06,1.81441e+07,0,0,0,8.03099e+07
66.8117,85.139,7.95949,0.31,0,2.65069,2.95309,0,0.496608,5.32224,4.33291e+06,2.70226e+06,1.14852e+07,0,0,0,2.95599e+08,38.6114,61.308,7.43596,0,0,2.01537,1.71297,0,1.55676,2.96352,9.00468e+06,3.61194e+06,1.81477e+07,0,0,0,8.03099e+07
69.5323,85.139,5.84015,0.29,0,2.65139,2.95379,0,0.496739,5.32224,4.33291e+06,2.70226e+06,1.14882e+07,0,0,0,2.95599e+08,40.3367,61.308,7.46217,0,0,2.01577,1.71337,0,1.55707,2.96352,9.00468e+06,3.61194e+06,1.81514e+07,0,0,0,8.03099e+07
74.9687,85.139,8.9283,0.25,0,2.94026,3.24266,0,0.49687,5.32224,4.33291e+06,2.70226e+06,1.27399e+07,0,0,0,2.95599e+08,42.4872,61.308,8.40352,0,0,2.21768,1.91528,0,1.55739,2.96352,9.00468e+06,3.61194e+06,1.99695e+07,0,0,0,8.03099e+07
85.139,85.139,22.3251,0.21,0,2.94103,3.24343,0,0.551005,5.32224,4.33291e+06,2.70226e+06,1.27432e+07,0,0,0,2.95599e+08,50.9287,61.308,20.6542,0,0,2.21814,1.91574,0,1.71338,2.96352,9.00468e+06,3.61194e+06,1.99736e+07,0,0,0,8.03099e+07
85.139,85.139,10.5136,0.13,0,2.9418,3.2442,0,0.551149,5.32224,4.33291e+06,2.70226e+06,1.27466e+07,0,0,0,2.95599e+08,54.9259,61.308,11.2018,0,0,2.21859,1.91619,0,1.71373,2.96352,9.00468e+06,3.61194e+06,1.99777e+07,0,0,0,8.03099e+07
85.139,85.139,7.4291,0.15,0,2.94257,3.24497,0,0.551293,5.32224,4.33291e+06,2.70226e+06,1.27499e+07,0,0,0,2.95599e+08,57.8971,61.308,9.25258,0,0,2.21905,1.91665,0,1.71408,2.96352,9.00468e+06,3.61194e+06,1.99818e+07,0,0,0,8.03099e+07
85.139,85.139,7.20766,0.15,0,2.53192,2.83432,0,0.551437,5.32224,4.33291e+06,2.70226e+06,1.09706e+07,0,0,0,2.95599e+08,62.3362,61.308,16.0092,0,0,1.94882,1.64642,0,1.71443,2.96352,9.00468e+06,3.61194e+06,1.75485e+07,0,0,0,8.03099e+07
85.139,85.139,6.40679,0.15,0,2.53259,2.83499,0,0.474481,5.32224,4.33291e+06,2.70226e+06,1.09735e+07,0,0,0,2.95599e+08,62.3362,61.308,9.01047,0,0,1.94921,1.64681,0,1.50566,2.96352,9.00468e+06,3.61194e+06,1.7552e+07,0,0,0,8.03099e+07
85.139,85.139,5.99371,0.17,0,2.53326,2.83566,0,0.474607,5.32224,4.33291e+06,2.70226e+06,1.09764e+07,0,0,0,2.95599e+08,62.3362,61.308,5.6392,0,0,1.9496,1.6472,0,1.50596,2.96352,9.00468e+06,3.61194e+06,1.75555e+07,0,0,0,8.03099e+07
85.139,85.139,8.67957,0.18,0,2.53393,2.83633,0,0.474733,5.32224,4.33291e+06,2.70226e+06,1.09793e+07,0,0,0,2.95599e+08,62.3362,61.308,12.8821,0,0,1.94999,1.64759,0,1.50626,2.96352,9.00468e+06,3.61194e+06,1.75591e+07,0,0,0,8.03099e+07
85.139,85.139,9.97869,0.19,0,2.5346,2.837,0,0.474859,5.32224,4.33291e+06,2.70226e+06,1.09822e+07,0,0,0,2.95599e+08,62.3362,61.308,10.1907,0,0,1.95038,1.64798,0,1.50656,2.96352,9.00468e+06,3.61194e+06,1.75626e+07,0,0,0,8.03099e+07
85.139,85.139,6.02664,0.2,0,2.63896,2.94136,0,0.474985,5.32224,4.33291e+06,2.70226e+06,1.14344e+07,0,0,0,2.95599e+08,62.3362,61.308,6.61983,0,0,2.01707,1.71467,0,1.50687,2.96352,9.00468e+06,3.61194e+06,1.81631e+07,0,0,0,8.03099e+07
85.139,85.139,6.38338,0.21,0,2.63965,2.94205,0,0.494541,5.32224,4.33291e+06,2.70226e+06,1.14374e+07,0,0,0,2.95599e+08,62.3362,61.308,9.98126,0,0,2.01748,1.71508,0,1.55839,2.96352,9.00468e+06,3.61194e+06,1.81667e+07,0,0,0,8.03099e+07
85.139,85.139,5.34411,0.2,0,2.64035,2.94275,0,0.494671,5.32224,4.33291e+06,2.70226e+06,1.14404e+07,0,0,0,2.95599e+08,62.3362,61.308,8.53667,0,0,2.01788,1.71548,0,1.5587,2.96352,9.00468e+06,3.61194e+06,1.81704e+07,0,0,0,8.03099e+07
85.139,85.139,4.83052,0.21,0,2.64105,2.94345,0,0.494802,5.32224,4.33291e+06,2.70226e+06,1.14434e+07,0,0,0,2.95599e+08,62.3362,61.308,6.62749,0,0,2.01829,1.71589,0,1.55902,2.96352,9.00468e+06,3.61194e+06,1.8174e+07,0,0,0,8.03099e+07
85.139,85.139,4.4307,0.18,0,2.60117,2.90357,0,0.494932,5.32224,4.33291e+06,2.70226e+06,1.12706e+07,0,0,0,2.95599e+08,62.3362,61.308,5.46591,0,0,1.99292,1.69052,0,1.55933,2.96352,9.00468e+06,3.61194e+06,1.79456e+07,0,0,0,8.03099e+07
85.139,85.139,3.99156,0.15,0,2.60185,2.90425,0,0.487459,5.32224,4.33291e+06,2.70226e+06,1.12736e+07,0,0,0,2.95599e+08,62.3362,61.308,5.40111,0,0,1.99332,1.69092,0,1.53973,2.96352,9.00468e+06,3.61194e+06,1.79492e+07,0,0,0,8.03099e+07
85.139,85.139,3.16665,0.15,0,2.60254,2.90494,0,0.487588,5.32224,4.33291e+06,2.70226e+06,1.12766e+07,0,0,0,2.95599e+08,62.3362,61.308,4.09148,0,0,1.99372,1.69132,0,1.54004,2.96352,9.00468e+06,3.61194e+06,1.79528e+07,0,0,0,8.03099e+07
84.8485,85.139,2.77407,0.14,0,2.60323,2.90563,0,0.487716,5.32224,4.33291e+06,2.70226e+06,1.12796e+07,0,0,0,2.95599e+08,62.3362,61.308,3.70511,0,0,1.99412,1.69172,0,1.54035,2.96352,9.00468e+06,3.61194e+06,1.79564e+07,0,0,0,8.03099e+07
84.1827,85.139,2.48649,0.2,0,2.74178,3.04418,0,0.487845,5.32224,4.33291e+06,2.70226e+06,1.18799e+07,0,0,0,2.95599e+08,62.3362,61.308,3.28622,0,0,2.08601,1.78361,0,1.54066,2.96352,9.00468e+06,3.61194e+06,1.87838e+07,0,0,0,8.03099e+07
83.9387,85.139,2.86085,0.19,0,2.74251,3.04491,0,0.51381,5.32224,4.33291e+06,2.70226e+06,1.1883e+07,0,0,0,2.95599e+08,62.3362,61.308,3.3244,0,0,2.08643,1.78403,0,1.61165,2.96352,9.00468e+06,3.61194e+06,1.87876e+07,0,0,0,8.03099e+07
83.4335,85.139,2.58106,0.16,0,2.74323,3.04563,0,0.513945,5.32224,4.33291e+06,2.70226e+06,1.18862e+07,0,0,0,2.95599e+08,62.3362,61.308,3.25642,0,0,2.08685,1.78445,0,1.61198,2.96352,9.00468e+06,3.61194e+06,1.87914e+07,0,0,0,8.03099e+07
82.7073,85.139,2.34274,0.14,0,2.74395,3.04635,0,0.51408,5.32224,4.33291e+06,2.70226e+06,1.18893e+07,0,0,0,2.95599e+08,62.3362,61.308,2.88034,0,0,2.08727,1.78487,0,1.6123,2.96352,9.00468e+06,3.61194e+06,1.87952e+07,0,0,0,8.03099e+07
81.8782,85.139,2.20043,0.14,0,2.74467,3.04707,0,0.514216,5.32224,4.33291e+06,2.70226e+06,1.18924e+07,0,0,0,2.95599e+08,62.3362,61.308,2.68013,0,0,2.0877,1.7853,0,1.61263,2.96352,9.00468e+06,3.61194e+06,1.8799e+07,0,0,0,8.03099e+07
81.2064,85.139,2.27733,0.13,0,2.71809,3.02049,0,0.514351,5.32224,4.33291e+06,2.70226e+06,1.17773e+07,0,0,0,2.95599e+08,62.3362,61.308,2.6761,0,0,2.13846,1.83606,0,1.61295,2.96352,9.00468e+06,3.61194e+06,1.92561e+07,0,0,0,8.03099e+07
80.6192,85.139,2.32456,0.12,0,2.71881,3.02121,0,0.50937,5.32224,4.33291e+06,2.70226e+06,1.17804e+07,0,0,0,2.95599e+08,62.3362,61.308,2.61842,0,0,2.13889,1.83649,0,1.65217,2.96352,9.00468e+06,3.61194e+06,1.92601e+07,0,0,0,8.03099e+07
79.8581,85.139,2.14532,0.12,0,2.71952,3.02192,0,0.509504,5.32224,4.33291e+06,2.70226e+06,1.17835e+07,0,0,0,2.95599e+08,62.3362,61.308,2.5899,0,0,2.13933,1.83693,0,1.65251,2.96352,9.00468e+06,3.61194e+06,1.9264e+07,0,0,0,8.03099e+07
78.9211,85.139,1.95961,0.13,0,2.72024,3.02264,0,0.509638,5.32224,4.33291e+06,2.70226e+06,1.17865e+07,0,0,0,2.95599e+08,62.3252,61.308,2.31193,0,0,2.13976,1.83736,0,1.65285,2.96352,9.00468e+06,3.61194e+06,1.92679e+07,0,0,0,8.03099e+07
77.7432,85.139,1.74634,0.2,0,2.79151,3.09391,0,0.509772,5.32224,4.33291e+06,2.70226e+06,1.20954e+07,0,0,0,2.95599e+08,61.869,61.308,2.14336,0,0,2.18511,1.88271,0,1.65318,2.96352,9.00468e+06,3.61194e+06,1.96762e+07,0,0,0,8.03099e+07
76.3607,85.139,1.50711,0.2,0,2.79224,3.09464,0,0.523129,5.32224,4.33291e+06,2.70226e+06,1.20985e+07,0,0,0,2.95599e+08,61.3645,61.308,1.67756,0,0,2.18555,1.88315,0,1.68821,2.96352,9.00468e+06,3.61194e+06,1.96802e+07,0,0,0,8.03099e+07
74.9526,85.139,1.47252,0.2,0,2.79297,3.09537,0,0.523266,5.32224,4.33291e+06,2.70226e+06,1.21017e+07,0,0,0,2.95599e+08,60.7936,61.308,1.70557,0,0,2.186,1.8836,0,1.68856,2.96352,9.00468e+06,3.61194e+06,1.96842e+07,0,0,0,8.03099e+07
73.4658,85.139,1.37453,0.19,0,2.79371,3.09611,0,0.523403,5.32224,4.33291e+06,2.70226e+06,1.21049e+07,0,0,0,2.95599e+08,60.0926,61.308,1.6114,0,0,2.18644,1.88404,0,1.6889,2.96352,9.00468e+06,3.61194e+06,1.96882e+07,0,0,0,8.03099e+07
71.7135,85.139,1.2615,0.22,0,3.00126,3.30366,0,0.52354,5.32224,4.33291e+06,2.70226e+06,1.30042e+07,0,0,0,2.95599e+08,59.4627,61.308,1.52303,0,0,2.34913,2.04673,0,1.68925,2.96352,9.00468e+06,3.61194e+06,2.11532e+07,0,0,0,8.03099e+07
69.6538,85.139,0.919955,0.21,0,3.00204,3.30444,0,0.562436,5.32224,4.33291e+06,2.70226e+06,1.30076e+07,0,0,0,2.95599e+08,58.5952,61.308,1.53085,0,0,2.34962,2.04722,0,1.81494,2.96352,9.00468e+06,3.61194e+06,2.11576e+07,0,0,0,8.03099e+07
67.3978,85.139,0.700152,0.21,0,3.00282,3.30522,0,0.562583,5.32224,4.33291e+06,2.70226e+06,1.3011e+07,0,0,0,2.95599e+08,57.8152,61.308,1.26964,0,0,2.3501,2.0477,0,1.81531,2.96352,9.00468e+06,3.61194e+06,2.11619e+07,0,0,0,8.03099e+07
65.502,85.139,1.08507,0.23,0,3.00361,3.30601,0,0.562729,5.32224,4.33291e+06,2.70226e+06,1.30144e+07,0,0,0,2.95599e+08,57.1572,61.308,1.52374,0,0,2.35059,2.04819,0,1.81569,2.96352,9.00468e+06,3.61194e+06,2.11663e+07,0,0,0,8.03099e+07
63.9752,85.139,1.4614,0.23,0,3.00439,3.30679,0,0.562876,5.32224,4.33291e+06,2.70226e+06,1.30178e+07,0,0,0,2.95599e+08,56.6321,61.308,1.69136,0,0,2.35107,2.04867,0,1.81606,2.96352,9.00468e+06,3.61194e+06,2.11706e+07,0,0,0,8.03099e+07
62.046,85.139,0.959435,0.23,0,2.90425,3.20665,0,0.563022,5.32224,4.33291e+06,2.70226e+06,1.25839e+07,0,0,0,2.95599e+08,56.1596,61.308,1.48151,0,0,2.25296,1.95056,0,1.81644,2.96352,9.00468e+06,3.61194e+06,2.02872e+07,0,0,0,8.03099e+07
60.1686,85.139,0.995568,0.24,0,2.90501,3.20741,0,0.544257,5.32224,4.33291e+06,2.70226e+06,1.25872e+07,0,0,0,2.95599e+08,55.8933,61.308,2.57565,0,0,2.25342,1.95102,0,1.74064,2.96352,9.00468e+06,3.61194e+06,2.02913e+07,0,0,0,8.03099e+07
58.1984,85.139,0.88324,0.24,0,2.90577,3.20817,0,0.544399,5.32224,4.33291e+06,2.70226e+06,1.25904e+07,0,0,0,2.95599e+08,55.2066,61.308,1.79345,0,0,2.25388,1.95148,0,1.74099,2.96352,9.00468e+06,3.61194e+06,2.02955e+07,0,0,0,8.03099e+07
56.1015,85.139,0.726845,0.24,0,2.90653,3.20893,0,0.544541,5.32224,4.33291e+06,2.70226e+06,1.25937e+07,0,0,0,2.95599e+08,54.614,61.308,1.41777,0,0,2.25434,1.95194,0,1.74135,2.96352,9.00468e+06,3.61194e+06,2.02996e+07,0,0,0,8.03099e+07
54.4613,85.139,1.18417,0.26,0,2.82437,3.12677,0,0.544683,5.32224,4.33291e+06,2.70226e+06,1.22378e+07,0,0,0,2.95599e+08,54.2551,61.308,1.88462,0,0,2.16498,1.86258,0,1.74171,2.96352,9.00468e+06,3.61194e+06,1.94949e+07,0,0,0,8.03099e+07
52.6866,85.139,0.984239,0.26,0,2.82511,3.12751,0,0.529287,5.32224,4.33291e+06,2.70226e+06,1.2241e+07,0,0,0,2.95599e+08,53.9355,61.308,2.15346,0,0,2.16542,1.86302,0,1.67266,2.96352,9.00468e+06,3.61194e+06,1.94989e+07,0,0,0,8.03099e+07
51.0722,85.139,1.20879,0.27,0,2.82585,3.12825,0,0.529425,5.32224,4.33291e+06,2.70226e+06,1.22442e+07,0,0,0,2.95599e+08,53.5298,61.308,1.6386,0,0,2.16586,1.86346,0,1.673,2.96352,9.00468e+06,3.61194e+06,1.95028e+07,0,0,0,8.03099e+07
49.5167,85.139,1.24335,0.32,0,2.82659,3.12899,0,0.529564,5.32224,4.33291e+06,2.70226e+06,1.22474e+07,0,0,0,2.95599e+08,53.3457,61.308,2.98907,0,0,2.1663,1.8639,0,1.67334,2.96352,9.00468e+06,3.61194e+06,1.95068e+07,0,0,0,8.03099e+07
50.2424,85.139,3.51101,0.34,0,2.59162,2.89402,0,0.529702,5.32224,4.33291e+06,2.70226e+06,1.12293e+07,0,0,0,2.95599e+08,54.5628,61.308,6.74421,0,0,1.97947,1.67707,0,1.67368,2.96352,9.00468e+06,3.61194e+06,1.78245e+07,0,0,0,8.03099e+07
50.1074,85.139,2.55623,0.34,0,2.59231,2.89471,0,0.48567,5.32224,4.33291e+06,2.70226e+06,1.12322e+07,0,0,0,2.95599e+08,54.9919,61.308,4.06646,0,0,1.97987,1.67747,0,1.52934,2.96352,9.00468e+06,3.61194e+06,1.78281e+07,0,0,0,8.03099e+07
49.5352,85.139,2.10672,0.35,0,2.59299,2.89539,0,0.485798,5.32224,4.33291e+06,2.70226e+06,1.12352e+07,0,0,0,2.95599e+08,55.3247,61.308,4.67821,0,0,1.98026,1.67786,0,1.52964,2.96352,9.00468e+06,3.61194e+06,1.78316e+07,0,0,0,8.03099e+07
48.8194,85.139,1.99038,0.34,0,2.59367,2.89607,0,0.485926,5.32224,4.33291e+06,2.70226e+06,1.12382e+07,0,0,0,2.95599e+08,55.5195,61.308,4.00682,0,0,1.98066,1.67826,0,1.52995,2.96352,9.00468e+06,3.61194e+06,1.78352e+07,0,0,0,8.03099e+07
49.0149,85.139,2.87721,0.37,0,2.59436,2.89676,0,0.486054,5.32224,4.33291e+06,2.70226e+06,1.12411e+07,0,0,0,2.95599e+08,56.1875,61.308,6.21672,0,0,1.98106,1.67866,0,1.53026,2.96352,9.00468e+06,3.61194e+06,1.78388e+07,0,0,0,8.03099e+07
51.8134,85.139,5.63369,0.42,0,2.36035,2.89676,0,0.486183,5.32224,4.33291e+06,3.55818e+06,1.02272e+07,0,0,0,2.95599e+08,57.5634,61.308,7.31239,0,0,1.84545,1.67866,0,1.53056,2.96352,9.00468e+06,4.756e+06,1.66177e+07,0,0,0,8.03099e+07
60.2673,85.139,11.6545,0.4,0,2.4444,2.98819,0,0.442329,5.32224,4.33291e+06,3.55818e+06,1.05914e+07,0,0,0,2.95599e+08,61.402,61.308,11.3366,0,0,1.89571,1.73333,0,1.42579,2.96352,9.00468e+06,4.756e+06,1.70702e+07,0,0,0,8.03099e+07
64.622,85.139,7.64228,0.36,0,2.68647,2.98887,0,0.45808,5.32224,4.33291e+06,2.70226e+06,1.16402e+07,0,0,0,2.95599e+08,62.3362,61.308,6.372,0,0,2.03612,1.73372,0,1.46462,2.96352,9.00468e+06,3.61194e+06,1.83346e+07,0,0,0,8.03099e+07
67.6002,85.139,6.20381,0.29,0,2.68715,2.98955,0,0.503445,5.32224,4.33291e+06,2.70226e+06,1.16432e+07,0,0,0,2.95599e+08,62.3362,61.308,4.5744,0,0,2.03652,1.73412,0,1.57311,2.96352,9.00468e+06,3.61194e+06,1.83382e+07,0,0,0,8.03099e+07
71.1137,85.139,6.80973,0.31,0,2.68782,2.99022,0,0.503571,5.32224,4.33291e+06,2.70226e+06,1.16461e+07,0,0,0,2.95599e+08,62.3362,61.308,5.7415,0,0,2.03691,1.73451,0,1.57341,2.96352,9.00468e+06,3.61194e+06,1.83417e+07,0,0,0,8.03099e+07
75.3278,85.139,7.89725,0.29,0,2.98023,3.28263,0,0.503698,5.32224,4.33291e+06,2.70226e+06,1.29131e+07,0,0,0,2.95599e+08,62.3362,61.308,8.53902,0,0,2.24129,1.93889,0,1.57372,2.96352,9.00468e+06,3.61194e+06,2.01821e+07,0,0,0,8.03099e+07
78.4227,85.139,6.65167,0.25,0,2.98097,3.28337,0,0.558494,5.32224,4.33291e+06,2.70226e+06,1.29163e+07,0,0,0,2.95599e+08,62.3362,61.308,6.62018,0,0,2.24173,1.93933,0,1.73162,2.96352,9.00468e+06,3.61194e+06,2.0186e+07,0,0,0,8.03099e+07
80.6947,85.139,5.8651,0.26,0,2.98171,3.28411,0,0.558634,5.32224,4.33291e+06,2.70226e+06,1.29195e+07,0,0,0,2.95599e+08,62.3362,61.308,6.11258,0,0,2.24217,1.93977,0,1.73196,2.96352,9.00468e+06,3.61194e+06,2.019e+07,0,0,0,8.03099e+07
82.8222,85.139,5.83471,0.21,0,2.98246,3.28486,0,0.558773,5.32224,4.33291e+06,2.70226e+06,1.29227e+07,0,0,0,2.95599e+08,62.3362,61.308,5.8566,0,0,2.24261,1.94021,0,1.7323,2.96352,9.00468e+06,3.61194e+06,2.0194e+07,0,0,0,8.03099e+07
85.139,85.139,6.63594,0.22,0,2.56673,2.86913,0,0.558912,5.32224,4.33291e+06,2.70226e+06,1.11214e+07,0,0,0,2.95599e+08,62.3362,61.308,4.95207,0,0,1.96904,1.66664,0,1.73264,2.96352,9.00468e+06,3.61194e+06,1.77306e+07,0,0,0,8.03099e+07
85.139,85.139,5.97158,0.18,0,2.56738,2.86978,0,0.481005,5.32224,4.33291e+06,2.70226e+06,1.11242e+07,0,0,0,2.95599e+08,62.3362,61.308,7.10522,0,0,1.96942,1.66702,0,1.52128,2.96352,9.00468e+06,3.61194e+06,1.7734e+07,0,0,0,8.03099e+07
85.139,85.139,6.03527,0.2,0,2.56803,2.87043,0,0.481126,5.32224,4.33291e+06,2.70226e+06,1.1127e+07,0,0,0,2.95599e+08,62.3362,61.308,5.89103,0,0,1.9698,1.6674,0,1.52157,2.96352,9.00468e+06,3.61194e+06,1.77374e+07,0,0,0,8.03099e+07
85.139,85.139,10.4108,0.21,0,2.56868,2.87108,0,0.481248,5.32224,4.33291e+06,2.70226e+06,1.11299e+07,0,0,0,2.95599e+08,62.3362,61.308,10.286,0,0,1.97018,1.66778,0,1.52187,2.96352,9.00468e+06,3.61194e+06,1.77408e+07,0,0,0,8.03099e+07
85.139,85.139,7.36976,0.21,0,2.56932,2.87172,0,0.48137,5.32224,4.33291e+06,2.70226e+06,1.11327e+07,0,0,0,2.95599e+08,62.3362,61.308,7.69721,0,0,1.97055,1.66815,0,1.52216,2.96352,9.00468e+06,3.61194e+06,1.77442e+07,0,0,0,8.03099e+07
85.139,85.139,5.69588,0.23,0,2.67492,2.97732,0,0.481491,5.32224,4.33291e+06,2.70226e+06,1.15902e+07,0,0,0,2.95599e+08,62.3362,61.308,5.95412,0,0,2.03804,1.73564,0,1.52245,2.96352,9.00468e+06,3.61194e+06,1.83519e+07,0,0,0,8.03099e+07
85.139,85.139,4.29708,0.22,0,2.6756,2.978,0,0.501281,5.32224,4.33291e+06,2.70226e+06,1.15931e+07,0,0,0,2.95599e+08,62.3362,61.308,5.44385,0,0,2.03843,1.73603,0,1.57459,2.96352,9.00468e+06,3.61194e+06,1.83554e+07,0,0,0,8.03099e+07
85.139,85.139,3.5168,0.23,0,2.67627,2.97867,0,0.501407,5.32224,4.33291e+06,2.70226e+06,1.15961e+07,0,0,0,2.95599e+08,62.3362,61.308,4.837,0,0,2.03882,1.73642,0,1.57489,2.96352,9.00468e+06,3.61194e+06,1.83589e+07,0,0,0,8.03099e+07
85.0354,85.139,3.01957,0.22,0,2.67695,2.97935,0,0.501533,5.32224,4.33291e+06,2.70226e+06,1.1599e+07,0,0,0,2.95599e+08,62.3362,61.308,4.1797,0,0,2.03921,1.73681,0,1.57519,2.96352,9.00468e+06,3.61194e+06,1.83625e+07,0,0,0,8.03099e+07
84.8546,85.139,2.88794,0.3,0,2.63655,2.93895,0,0.50166,5.32224,4.33291e+06,2.70226e+06,1.14239e+07,0,0,0,2.95599e+08,62.3362,61.308,3.67775,0,0,2.01352,1.71112,0,1.5755,2.96352,9.00468e+06,3.61194e+06,1.81311e+07,0,0,0,8.03099e+07
84.509,85.139,2.70905,0.29,0,2.63721,2.93961,0,0.494089,5.32224,4.33291e+06,2.70226e+06,1.14268e+07,0,0,0,2.95599e+08,62.3362,61.308,3.05773,0,0,2.01391,1.71151,0,1.55565,2.96352,9.00468e+06,3.61194e+06,1.81346e+07,0,0,0,8.03099e+07
84.6429,85.139,3.17663,0.26,0,2.63788,2.94028,0,0.494213,5.32224,4.33291e+06,2.70226e+06,1.14297e+07,0,0,0,2.95599e+08,62.3362,61.308,3.13561,0,0,2.01429,1.71189,0,1.55594,2.96352,9.00468e+06,3.61194e+06,1.81381e+07,0,0,0,8.03099e+07
84.126,85.139,2.39437,0.22,0,2.63854,2.94094,0,0.494338,5.32224,4.33291e+06,2.70226e+06,1.14326e+07,0,0,0,2.95599e+08,62.3362,61.308,2.97205,0,0,2.01468,1.71228,0,1.55624,2.96352,9.00468e+06,3.61194e+06,1.81416e+07,0,0,0,8.03099e+07
83.5804,85.139,2.47759,0.21,0,2.77875,3.08115,0,0.494463,5.32224,4.33291e+06,2.70226e+06,1.20401e+07,0,0,0,2.95599e+08,62.3362,61.308,3.39902,0,0,2.10766,1.80526,0,1.55654,2.96352,9.00468e+06,3.61194e+06,1.89788e+07,0,0,0,8.03099e+07
82.9426,85.139,2.40589,0.2,0,2.77944,3.08184,0,0.520737,5.32224,4.33291e+06,2.70226e+06,1.20431e+07,0,0,0,2.95599e+08,62.3362,61.308,3.05643,0,0,2.10807,1.80567,0,1.62838,2.96352,9.00468e+06,3.61194e+06,1.89825e+07,0,0,0,8.03099e+07
82.0628,85.139,2.13678,0.18,0,2.78014,3.08254,0,0.520868,5.32224,4.33291e+06,2.70226e+06,1.20461e+07,0,0,0,2.95599e+08,62.3362,61.308,2.68966,0,0,2.10848,1.80608,0,1.6287,2.96352,9.00468e+06,3.61194e+06,1.89862e+07,0,0,0,8.03099e+07
81.0202,85.139,1.93536,0.16,0,2.78084,3.08324,0,0.520998,5.32224,4.33291e+06,2.70226e+06,1.20491e+07,0,0,0,2.95599e+08,62.3362,61.308,2.8562,0,0,2.10889,1.80649,0,1.62901,2.96352,9.00468e+06,3.61194e+06,1.89899e+07,0,0,0,8.03099e+07
80.3874,85.139,2.33446,0.17,0,2.78153,3.08393,0,0.521129,5.32224,4.33291e+06,2.70226e+06,1.20521e+07,0,0,0,2.95599e+08,62.3362,61.308,3.28322,0,0,2.1093,1.8069,0,1.62933,2.96352,9.00468e+06,3.61194e+06,1.89935e+07,0,0,0,8.03099e+07
80.226,85.139,2.81557,0.16,0,2.7546,3.057,0,0.521259,5.32224,4.33291e+06,2.70226e+06,1.19355e+07,0,0,0,2.95599e+08,62.3362,61.308,3.66778,0,0,2.16065,1.85825,0,1.62964,2.96352,9.00468e+06,3.61194e+06,1.9456e+07,0,0,0,8.03099e+07
79.8401,85.139,2.57237,0.16,0,2.75529,3.05769,0,0.516213,5.32224,4.33291e+06,2.70226e+06,1.19385e+07,0,0,0,2.95599e+08,62.3362,61.308,3.50499,0,0,2.16107,1.85867,0,1.66932,2.96352,9.00468e+06,3.61194e+06,1.94598e+07,0,0,0,8.03099e+07
79.3788,85.139,2.47946,0.14,0,2.75598,3.05838,0,0.516342,5.32224,4.33291e+06,2.70226e+06,1.19414e+07,0,0,0,2.95599e+08,62.3362,61.308,3.15756,0,0,2.16149,1.85909,0,1.66965,2.96352,9.00468e+06,3.61194e+06,1.94636e+07,0,0,0,8.03099e+07
78.8347,85.139,2.36953,0.23,0,2.75668,3.05908,0,0.516472,5.32224,4.33291e+06,2.70226e+06,1.19444e+07,0,0,0,2.95599e+08,62.3362,61.308,3.02443,0,0,2.16191,1.85951,0,1.66997,2.96352,9.00468e+06,3.61194e+06,1.94673e+07,0,0,0,8.03099e+07
78.3337,85.139,2.45112,0.21,0,2.82878,3.13118,0,0.516601,5.32224,4.33291e+06,2.70226e+06,1.22568e+07,0,0,0,2.95599e+08,62.3362,61.308,3.17712,0,0,2.20778,1.90538,0,1.6703,2.96352,9.00468e+06,3.61194e+06,1.98804e+07,0,0,0,8.03099e+07
77.6882,85.139,2.29508,0.21,0,2.82948,3.13188,0,0.530113,5.32224,4.33291e+06,2.70226e+06,1.22599e+07,0,0,0,2.95599e+08,62.3362,61.308,3.14821,0,0,2.20821,1.90581,0,1.70573,2.96352,9.00468e+06,3.61194e+06,1.98843e+07,0,0,0,8.03099e+07
76.7957,85.139,2.03724,0.2,0,2.83019,3.13259,0,0.530245,5.32224,4.33291e+06,2.70226e+06,1.2263e+07,0,0,0,2.95599e+08,62.3362,61.308,2.87425,0,0,2.20864,1.90624,0,1.70607,2.96352,9.00468e+06,3.61194e+06,1.98881e+07,0,0,0,8.03099e+07
75.7336,85.139,1.84647,0.2,0,2.8309,3.1333,0,0.530378,5.32224,4.33291e+06,2.70226e+06,1.2266e+07,0,0,0,2.95599e+08,62.3362,61.308,2.81028,0,0,2.20907,1.90667,0,1.7064,2.96352,9.00468e+06,3.61194e+06,1.9892e+07,0,0,0,8.03099e+07
74.5136,85.139,1.85606,0.2,0,3.04091,3.34331,0,0.53051,5.32224,4.33291e+06,2.70226e+06,1.3176e+07,0,0,0,2.95599e+08,62.3362,61.308,2.71965,0,0,2.3737,2.0713,0,1.70673,2.96352,9.00468e+06,3.61194e+06,2.13744e+07,0,0,0,8.03099e+07
73.6687,85.139,2.2307,0.2,0,3.04167,3.34407,0,0.569867,5.32224,4.33291e+06,2.70226e+06,1.31793e+07,0,0,0,2.95599e+08,62.3362,61.308,2.98465,0,0,2.37417,2.07177,0,1.83392,2.96352,9.00468e+06,3.61194e+06,2.13786e+07,0,0,0,8.03099e+07
72.4571,85.139,1.88718,0.21,0,3.04242,3.34482,0,0.570009,5.32224,4.33291e+06,2.70226e+06,1.31826e+07,0,0,0,2.95599e+08,62.277,61.308,2.62337,0,0,2.37463,2.07223,0,1.83428,2.96352,9.00468e+06,3.61194e+06,2.13828e+07,0,0,0,8.03099e+07
71.4393,85.139,2.05058,0.21,0,3.04318,3.34558,0,0.57015,5.32224,4.33291e+06,2.70226e+06,1.31858e+07,0,0,0,2.95599e+08,62.3362,61.308,3.49321,0,0,2.3751,2.0727,0,1.83464,2.96352,9.00468e+06,3.61194e+06,2.1387e+07,0,0,0,8.03099e+07
70.7369,85.139,2.36262,0.21,0,3.04393,3.34633,0,0.570292,5.32224,4.33291e+06,2.70226e+06,1.31891e+07,0,0,0,2.95599e+08,62.3362,61.308,3.58566,0,0,2.37557,2.07317,0,1.835,2.96352,9.00468e+06,3.61194e+06,2.13913e+07,0,0,0,8.03099e+07
70.536,85.139,2.77504,0.21,0,2.94257,3.24497,0,0.570433,5.32224,4.33291e+06,2.70226e+06,1.27499e+07,0,0,0,2.95599e+08,62.3362,61.308,4.26664,0,0,2.27627,1.97387,0,1.83537,2.96352,9.00468e+06,3.61194e+06,2.04971e+07,0,0,0,8.03099e+07
70.0388,85.139,2.4819,0.21,0,2.9433,3.2457,0,0.551437,5.32224,4.33291e+06,2.70226e+06,1.27531e+07,0,0,0,2.95599e+08,62.3362,61.308,4.19605,0,0,2.27671,1.97431,0,1.75864,2.96352,9.00468e+06,3.61194e+06,2.05011e+07,0,0,0,8.03099e+07
69.4302,85.139,2.52178,0.21,0,2.94403,3.24643,0,0.551574,5.32224,4.33291e+06,2.70226e+06,1.27562e+07,0,0,0,2.95599e+08,62.3362,61.308,4.11884,0,0,2.27716,1.97476,0,1.75899,2.96352,9.00468e+06,3.61194e+06,2.05051e+07,0,0,0,8.03099e+07
69.6045,85.139,3.35996,0.21,0,2.94476,3.24716,0,0.551712,5.32224,4.33291e+06,2.70226e+06,1.27594e+07,0,0,0,2.95599e+08,62.3362,61.308,4.50483,0,0,2.2776,1.9752,0,1.75933,2.96352,9.00468e+06,3.61194e+06,2.05091e+07,0,0,0,8.03099e+07
70.7279,85.139,4.19066,0.2,0,2.8616,3.164,0,0.551849,5.32224,4.33291e+06,2.70226e+06,1.23991e+07,0,0,0,2.95599e+08,62.3362,61.308,4.08996,0,0,2.18715,1.88475,0,1.75968,2.96352,9.00468e+06,3.61194e+06,1.96946e+07,0,0,0,8.03099e+07
72.4246,85.139,4.83921,0.2,0,2.86231,3.16471,0,0.536263,5.32224,4.33291e+06,2.70226e+06,1.24021e+07,0,0,0,2.95599e+08,62.3362,61.308,4.45434,0,0,2.18758,1.88518,0,1.68979,2.96352,9.00468e+06,3.61194e+06,1.96984e+07,0,0,0,8.03099e+07
74.0992,85.139,4.87476,0.18,0,2.86303,3.16543,0,0.536397,5.32224,4.33291e+06,2.70226e+06,1.24052e+07,0,0,0,2.95599e+08,62.3362,61.308,4.40552,0,0,2.188,1.8856,0,1.69012,2.96352,9.00468e+06,3.61194e+06,1.97023e+07,0,0,0,8.03099e+07
78.1067,85.139,7.37924,0.17,0,2.86374,3.16614,0,0.536531,5.32224,4.33291e+06,2.70226e+06,1.24083e+07,0,0,0,2.95599e+08,62.3362,61.308,6.63595,0,0,2.18843,1.88603,0,1.69045,2.96352,9.00468e+06,3.61194e+06,1.97061e+07,0,0,0,8.03099e+07
84.276,85.139,9.35407,0.19,0,2.62595,2.92835,0,0.536665,5.32224,4.33291e+06,2.70226e+06,1.1378e+07,0,0,0,2.95599e+08,62.3362,61.308,6.83154,0,0,1.99936,1.69696,0,1.69078,2.96352,9.00468e+06,3.61194e+06,1.80036e+07,0,0,0,8.03099e+07
85.139,85.139,8.15869,0.17,0,2.62661,2.92901,0,0.492104,5.32224,4.33291e+06,2.70226e+06,1.13809e+07,0,0,0,2.95599e+08,62.3362,61.308,6.03698,0,0,1.99975,1.69735,0,1.54471,2.96352,9.00468e+06,3.61194e+06,1.80071e+07,0,0,0,8.03099e+07
85.139,85.139,8.16328,0.16,0,2.62728,2.92968,0,0.492228,5.32224,4.33291e+06,2.70226e+06,1.13838e+07,0,0,0,2.95599e+08,62.3362,61.308,6.16465,0,0,2.00013,1.69773,0,1.54501,2.96352,9.00468e+06,3.61194e+06,1.80105e+07,0,0,0,8.03099e+07
85.139,85.139,11.8392,0.17,0,2.62794,2.93034,0,0.492351,5.32224,4.33291e+06,2.70226e+06,1.13866e+07,0,0,0,2.95599e+08,62.3362,61.308,7.52655,0,0,2.00051,1.69811,0,1.5453,2.96352,9.00468e+06,3.61194e+06,1.8014e+07,0,0,0,8.03099e+07
85.139,85.139,7.09041,0.16,0,2.6286,2.931,0,0.492475,5.32224,4.33291e+06,2.70226e+06,1.13895e+07,0,0,0,2.95599e+08,62.3362,61.308,6.48147,0,0,2.0009,1.6985,0,1.5456,2.96352,9.00468e+06,3.61194e+06,1.80174e+07,0,0,0,8.03099e+07
85.139,85.139,4.37234,0.16,0.02,2.72108,3.02348,0,0.492599,5.32224,4.33291e+06,2.70226e+06,1.17902e+07,0,0,0,2.95599e+08,62.3362,61.308,5.94626,0,0,2.0562,1.7538,0,1.54589,2.96352,9.00468e+06,3.61194e+06,1.85154e+07,0,0,0,8.03099e+07
85.139,85.139,4.78308,0.16,0.02,2.72174,3.02414,0,0.509931,5.32224,4.33291e+06,2.70226e+06,1.1793e+07,0,0,0,2.95599e+08,62.3362,61.308,5.49386,0,0,2.05658,1.75418,0,1.58862,2.96352,9.00468e+06,3.61194e+06,1.85189e+07,0,0,0,8.03099e+07
85.139,85.139,6.87318,0.16,0.02,2.72239,3.02479,0,0.510053,5.32224,4.33291e+06,2.70226e+06,1.17959e+07,0,0,0,2.95599e+08,62.3362,61.308,5.66234,0,0,2.05696,1.75456,0,1.58891,2.96352,9.00468e+06,3.61194e+06,1.85223e+07,0,0,0,8.03099e+07
85.139,85.139,9.93206,0.16,0.02,2.72304,3.02544,0,0.510176,5.32224,4.33291e+06,2.70226e+06,1.17987e+07,0,0,0,2.95599e+08,62.3362,61.308,11.1643,0,0,2.05734,1.75494,0,1.58921,2.96352,9.00468e+06,3.61194e+06,1.85257e+07,0,0,0,8.03099e+07
85.139,85.139,6.71025,0.16,0.02,3.01885,3.32125,0,0.510298,5.32224,4.33291e+06,2.70226e+06,1.30804e+07,0,0,0,2.95599e+08,62.3362,61.308,9.48656,0,0,2.26411,1.96171,0,1.5895,2.96352,9.00468e+06,3.61194e+06,2.03875e+07,0,0,0,8.03099e+07
85.139,85.139,5.2874,0.16,0.02,3.01957,3.32197,0,0.565733,5.32224,4.33291e+06,2.70226e+06,1.30835e+07,0,0,0,2.95599e+08,62.3362,61.308,6.16612,0,0,2.26453,1.96213,0,1.74925,2.96352,9.00468e+06,3.61194e+06,2.03914e+07,0,0,0,8.03099e+07
85.139,85.139,5.24708,0.16,0.02,3.02029,3.32269,0,0.565868,5.32224,4.33291e+06,2.70226e+06,1.30867e+07,0,0,0,2.95599e+08,62.3362,61.308,5.51496,0,0,2.26495,1.96255,0,1.74958,2.96352,9.00468e+06,3.61194e+06,2.03952e+07,0,0,0,8.03099e+07
85.139,85.139,5.97787,0.18,0.02,3.02101,3.32341,0,0.566002,5.32224,4.33291e+06,2.70226e+06,1.30898e+07,0,0,0,2.95599e+08,62.3362,61.308,6.31903,0,0,2.26538,1.96298,0,1.7499,2.96352,9.00468e+06,3.61194e+06,2.0399e+07,0,0,0,8.03099e+07
85.139,85.139,4.29423,0.19,0.02,2.60037,2.90277,0,0.566136,5.32224,4.33291e+06,2.70226e+06,1.12672e+07,0,0,0,2.95599e+08,62.3362,61.308,4.48911,0,0,1.98859,1.68619,0,1.75023,2.96352,9.00468e+06,3.61194e+06,1.79066e+07,0,0,0,8.03099e+07
85.139,85.139,4.53687,0.21,0.02,2.601,2.9034,0,0.487309,5.32224,4.33291e+06,2.70226e+06,1.12699e+07,0,0,0,2.95599e+08,62.3362,61.308,3.81336,0,0,1.98895,1.68655,0,1.53638,2.96352,9.00468e+06,3.61194e+06,1.79099e+07,0,0,0,8.03099e+07
85.139,85.139,6.0537,0.21,0.02,2.60162,2.90402,0,0.487427,5.32224,4.33291e+06,2.70226e+06,1.12726e+07,0,0,0,2.95599e+08,62.3362,61.308,7.02221,0,0,1.98931,1.68691,0,1.53666,2.96352,9.00468e+06,3.61194e+06,1.79131e+07,0,0,0,8.03099e+07
85.139,85.139,5.18618,0.23,0.02,2.60225,2.90465,0,0.487544,5.32224,4.33291e+06,2.70226e+06,1.12753e+07,0,0,0,2.95599e+08,62.3362,61.308,4.20475,0,0,1.98968,1.68728,0,1.53694,2.96352,9.00468e+06,3.61194e+06,1.79164e+07,0,0,0,8.03099e+07
85.139,85.139,4.61009,0.25,0.02,2.60288,2.90528,0,0.487662,5.32224,4.33291e+06,2.70226e+06,1.1278e+07,0,0,0,2.95599e+08,62.3362,61.308,5.10758,0,0,1.99004,1.68764,0,1.53722,2.96352,9.00468e+06,3.61194e+06,1.79197e+07,0,0,0,8.03099e+07
85.139,85.139,4.63894,0.26,0.02,2.70968,3.01208,0,0.487779,5.32224,4.33291e+06,2.70226e+06,1.17408e+07,0,0,0,2.95599e+08,62.3362,61.308,7.7464,0,0,2.0583,1.7559,0,1.53751,2.96352,9.00468e+06,3.61194e+06,1.85343e+07,0,0,0,8.03099e+07
85.139,85.139,4.6909,0.27,0.02,2.71033,3.01273,0,0.507794,5.32224,4.33291e+06,2.70226e+06,1.17436e+07,0,0,0,2.95599e+08,62.3362,61.308,7.39053,0,0,2.05868,1.75628,0,1.59024,2.96352,9.00468e+06,3.61194e+06,1.85377e+07,0,0,0,8.03099e+07
85.139,85.139,3.89165,0.26,0.02,2.71098,3.01338,0,0.507916,5.32224,4.33291e+06,2.70226e+06,1.17464e+07,0,0,0,2.95599e+08,62.3362,61.308,6.88276,0,0,2.05905,1.75665,0,1.59053,2.96352,9.00468e+06,3.61194e+06,1.85411e+07,0,0,0,8.03099e+07
85.139,85.139,4.03553,0.25,0.02,2.71163,3.01403,0,0.508037,5.32224,4.33291e+06,2.70226e+06,1.17493e+07,0,0,0,2.95599e+08,62.3362,61.308,6.35557,0,0,2.05943,1.75703,0,1.59083,2.96352,9.00468e+06,3.61194e+06,1.85445e+07,0,0,0,8.03099e+07
85.0783,85.139,2.96829,0.24,0.02,2.67073,2.97313,0,0.508159,5.32224,4.33291e+06,2.70226e+06,1.1572e+07,0,0,0,2.95599e+08,62.3362,61.308,3.72599,0,0,2.03342,1.73102,0,1.59112,2.96352,9.00468e+06,3.61194e+06,1.83103e+07,0,0,0,8.03099e+07
84.4565,85.139,2.37469,0.31,0.02,2.67137,2.97377,0,0.500495,5.32224,4.33291e+06,2.70226e+06,1.15748e+07,0,0,0,2.95599e+08,62.3362,61.308,3.27329,0,0,2.03379,1.73139,0,1.57102,2.96352,9.00468e+06,3.61194e+06,1.83137e+07,0,0,0,8.03099e+07
83.5969,85.139,2.11487,0.31,0.02,2.67201,2.97441,0,0.500615,5.32224,4.33291e+06,2.70226e+06,1.15776e+07,0,0,0,2.95599e+08,62.3362,61.308,3.25771,0,0,2.03417,1.73177,0,1.57131,2.96352,9.00468e+06,3.61194e+06,1.8317e+07,0,0,0,8.03099e+07
83.3776,85.139,2.76217,0.26,0.02,2.67265,2.97505,0,0.500735,5.32224,4.33291e+06,2.70226e+06,1.15804e+07,0,0,0,2.95599e+08,62.3362,61.308,3.53025,0,0,2.03454,1.73214,0,1.5716,2.96352,9.00468e+06,3.61194e+06,1.83204e+07,0,0,0,8.03099e+07
83.0703,85.139,2.78736,0.24,0.02,2.81445,3.11685,0,0.500855,5.32224,4.33291e+06,2.70226e+06,1.21948e+07,0,0,0,2.95599e+08,62.3362,61.308,3.49365,0,0,2.12858,1.82618,0,1.57189,2.96352,9.00468e+06,3.61194e+06,1.91672e+07,0,0,0,8.03099e+07
82.3418,85.139,2.3147,0.23,0.02,2.81513,3.11753,0,0.527429,5.32224,4.33291e+06,2.70226e+06,1.21977e+07,0,0,0,2.95599e+08,62.3362,61.308,3.073,0,0,2.12898,1.82658,0,1.64454,2.96352,9.00468e+06,3.61194e+06,1.91708e+07,0,0,0,8.03099e+07
81.3195,85.139,2.00431,0.21,0.02,2.8158,3.1182,0,0.527555,5.32224,4.33291e+06,2.70226e+06,1.22006e+07,0,0,0,2.95599e+08,62.3362,61.308,2.74396,0,0,2.12937,1.82697,0,1.64485,2.96352,9.00468e+06,3.61194e+06,1.91743e+07,0,0,0,8.03099e+07
80.091,85.139,1.78584,0.19,0.02,2.81647,3.11887,0,0.527681,5.32224,4.33291e+06,2.70226e+06,1.22035e+07,0,0,0,2.95599e+08,62.3362,61.308,2.46907,0,0,2.12977,1.82737,0,1.64515,2.96352,9.00468e+06,3.61194e+06,1.91779e+07,0,0,0,8.03099e+07
78.9471,85.139,1.8459,0.18,0.02,2.81714,3.11954,0,0.527807,5.32224,4.33291e+06,2.70226e+06,1.22064e+07,0,0,0,2.95599e+08,62.3362,61.308,2.66692,0,0,2.13016,1.82776,0,1.64546,2.96352,9.00468e+06,3.61194e+06,1.91814e+07,0,0,0,8.03099e+07
78.2413,85.139,2.22931,0.27,0.02,2.78987,3.09227,0,0.527933,5.32224,4.33291e+06,2.70226e+06,1.20883e+07,0,0,0,2.95599e+08,62.3362,61.308,2.89678,0,0,2.18209,1.87969,0,1.64576,2.96352,9.00468e+06,3.61194e+06,1.9649e+07,0,0,0,8.03099e+07
77.3444,85.139,2.02155,0.26,0.02,2.79054,3.09294,0,0.522822,5.32224,4.33291e+06,2.70226e+06,1.20912e+07,0,0,0,2.95599e+08,62.3362,61.308,2.62894,0,0,2.1825,1.8801,0,1.68588,2.96352,9.00468e+06,3.61194e+06,1.96527e+07,0,0,0,8.03099e+07
76.3859,85.139,1.91295,0.25,0.02,2.7912,3.0936,0,0.522947,5.32224,4.33291e+06,2.70226e+06,1.2094e+07,0,0,0,2.95599e+08,62.3362,61.308,2.56781,0,0,2.1829,1.8805,0,1.6862,2.96352,9.00468e+06,3.61194e+06,1.96563e+07,0,0,0,8.03099e+07
75.2272,85.139,1.70118,0.24,0.02,2.79187,3.09427,0,0.523071,5.32224,4.33291e+06,2.70226e+06,1.20969e+07,0,0,0,2.95599e+08,62.3362,61.308,2.48605,0,0,2.18331,1.88091,0,1.68651,2.96352,9.00468e+06,3.61194e+06,1.966e+07,0,0,0,8.03099e+07
74.2036,85.139,1.89525,0.24,0.02,2.86477,3.16717,0,0.523196,5.32224,4.33291e+06,2.70226e+06,1.24128e+07,0,0,0,2.95599e+08,62.3362,61.308,2.46558,0,0,2.22968,1.92728,0,1.68682,2.96352,9.00468e+06,3.61194e+06,2.00776e+07,0,0,0,8.03099e+07
73.0112,85.139,1.71562,0.22,0.02,2.86545,3.16785,0,0.536857,5.32224,4.33291e+06,2.70226e+06,1.24157e+07,0,0,0,2.95599e+08,62.2936,61.308,2.31701,0,0,2.2301,1.9277,0,1.72265,2.96352,9.00468e+06,3.61194e+06,2.00813e+07,0,0,0,8.03099e+07
71.6776,85.139,1.56114,0.25,0.02,2.86613,3.16853,0,0.536985,5.32224,4.33291e+06,2.70226e+06,1.24187e+07,0,0,0,2.95599e+08,62.2263,61.308,2.20188,0,0,2.23052,1.92812,0,1.72298,2.96352,9.00468e+06,3.61194e+06,2.00851e+07,0,0,0,8.03099e+07
70.1424,85.139,1.33042,0.23,0.02,2.86682,3.16922,0,0.537113,5.32224,4.33291e+06,2.70226e+06,1.24217e+07,0,0,0,2.95599e+08,62.1485,61.308,2.18579,0,0,2.23093,1.92853,0,1.7233,2.96352,9.00468e+06,3.61194e+06,2.00888e+07,0,0,0,8.03099e+07
68.2817,85.139,1.17126,0.23,0.02,3.0792,3.3816,0,0.537241,5.32224,4.33291e+06,2.70226e+06,1.33419e+07,0,0,0,2.95599e+08,61.9918,61.308,2.1285,0,0,2.39742,2.09502,0,1.72362,2.96352,9.00468e+06,3.61194e+06,2.1588e+07,0,0,0,8.03099e+07
66.302,85.139,1.02669,0.22,0.02,3.07993,3.38233,0,0.577043,5.32224,4.33291e+06,2.70226e+06,1.33451e+07,0,0,0,2.95599e+08,61.7557,61.308,1.993,0,0,2.39787,2.09547,0,1.85225,2.96352,9.00468e+06,3.61194e+06,2.15921e+07,0,0,0,8.03099e+07
64.4566,85.139,1.14229,0.23,0.02,3.08066,3.38306,0,0.577179,5.32224,4.33291e+06,2.70226e+06,1.33482e+07,0,0,0,2.95599e+08,61.5399,61.308,2.04697,0,0,2.39832,2.09592,0,1.8526,2.96352,9.00468e+06,3.61194e+06,2.15961e+07,0,0,0,8.03099e+07
63.2614,85.139,1.83186,0.23,0.02,3.08139,3.38379,0,0.577316,5.32224,4.33291e+06,2.70226e+06,1.33514e+07,0,0,0,2.95599e+08,61.5077,61.308,2.49787,0,0,2.39877,2.09637,0,1.85294,2.96352,9.00468e+06,3.61194e+06,2.16002e+07,0,0,0,8.03099e+07
62.7292,85.139,2.49689,0.23,0.02,3.08212,3.38452,0,0.577452,5.32224,4.33291e+06,2.70226e+06,1.33546e+07,0,0,0,2.95599e+08,61.7852,61.308,3.03199,0,0,2.39923,2.09683,0,1.85329,2.96352,9.00468e+06,3.61194e+06,2.16043e+07,0,0,0,8.03099e+07
62.6033,85.139,2.78995,0.23,0.02,2.97956,3.28196,0,0.577589,5.32224,4.33291e+06,2.70226e+06,1.29102e+07,0,0,0,2.95599e+08,62.3011,61.308,4.52739,0,0,2.29877,1.99637,0,1.85364,2.96352,9.00468e+06,3.61194e+06,2.06997e+07,0,0,0,8.03099e+07
62.3526,85.139,2.74875,0.23,0.02,2.98027,3.28267,0,0.558369,5.32224,4.33291e+06,2.70226e+06,1.29132e+07,0,0,0,2.95599e+08,62.3362,61.308,5.35727,0,0,2.2992,1.9968,0,1.77603,2.96352,9.00468e+06,3.61194e+06,2.07036e+07,0,0,0,8.03099e+07
62.3105,85.139,2.97945,0.26,0.02,2.98097,3.28337,0,0.558502,5.32224,4.33291e+06,2.70226e+06,1.29163e+07,0,0,0,2.95599e+08,62.3362,61.308,5.87364,0,0,2.29963,1.99723,0,1.77636,2.96352,9.00468e+06,3.61194e+06,2.07074e+07,0,0,0,8.03099e+07
62.3191,85.139,3.09783,0.26,0.02,2.98168,3.28408,0,0.558634,5.32224,4.33291e+06,2.70226e+06,1.29194e+07,0,0,0,2.95599e+08,62.3362,61.308,6.16809,0,0,2.30006,1.99766,0,1.77669,2.96352,9.00468e+06,3.61194e+06,2.07113e+07,0,0,0,8.03099e+07
65.1412,85.139,6.07344,0.26,0.02,2.89753,3.19993,0,0.558767,5.32224,4.33291e+06,2.70226e+06,1.25548e+07,0,0,0,2.95599e+08,62.3362,61.308,8.80584,0,0,2.20856,1.90616,0,1.77703,2.96352,9.00468e+06,3.61194e+06,1.98874e+07,0,0,0,8.03099e+07
67.2557,85.139,5.39295,0.24,0.02,2.89822,3.20062,0,0.542998,5.32224,4.33291e+06,2.70226e+06,1.25578e+07,0,0,0,2.95599e+08,62.3362,61.308,5.75395,0,0,2.20897,1.90657,0,1.70633,2.96352,9.00468e+06,3.61194e+06,1.98911e+07,0,0,0,8.03099e+07
67.6973,85.139,3.53081,0.25,0.02,2.89891,3.20131,0,0.543127,5.32224,4.33291e+06,2.70226e+06,1.25607e+07,0,0,0,2.95599e+08,62.3362,61.308,4.41789,0,0,2.20938,1.90698,0,1.70665,2.96352,9.00468e+06,3.61194e+06,1.98948e+07,0,0,0,8.03099e+07
69.5008,85.139,4.98988,0.25,0.02,2.8996,3.202,0,0.543256,5.32224,4.33291e+06,2.70226e+06,1.25637e+07,0,0,0,2.95599e+08,62.3362,61.308,6.37961,0,0,2.20979,1.90739,0,1.70697,2.96352,9.00468e+06,3.61194e+06,1.98984e+07,0,0,0,8.03099e+07
70.5081,85.139,4.01971,0.22,0.02,2.65909,2.96149,0,0.543385,5.32224,4.33291e+06,2.70226e+06,1.15216e+07,0,0,0,2.95599e+08,62.3362,61.308,5.44085,0,0,2.01857,1.71617,0,1.70728,2.96352,9.00468e+06,3.61194e+06,1.81766e+07,0,0,0,8.03099e+07
71.0822,85.139,3.58561,0.23,0.02,2.65973,2.96213,0,0.498314,5.32224,4.33291e+06,2.70226e+06,1.15244e+07,0,0,0,2.95599e+08,62.3362,61.308,5.56549,0,0,2.01894,1.71654,0,1.55955,2.96352,9.00468e+06,3.61194e+06,1.81799e+07,0,0,0,8.03099e+07
71.6314,85.139,3.60645,0.23,0.02,2.66037,2.96277,0,0.498433,5.32224,4.33291e+06,2.70226e+06,1.15271e+07,0,0,0,2.95599e+08,62.3362,61.308,6.96954,0,0,2.01931,1.71691,0,1.55983,2.96352,9.00468e+06,3.61194e+06,1.81832e+07,0,0,0,8.03099e+07
73.3125,85.139,4.77906,0.25,0.02,2.66101,2.96341,0,0.498553,5.32224,4.33291e+06,2.70226e+06,1.15299e+07,0,0,0,2.95599e+08,62.3362,61.308,7.64041,0,0,2.01968,1.71728,0,1.56012,2.96352,9.00468e+06,3.61194e+06,1.81865e+07,0,0,0,8.03099e+07
78.1198,85.139,8.15541,0.26,0.02,2.66164,2.96404,0,0.498672,5.32224,4.33291e+06,2.70226e+06,1.15327e+07,0,0,0,2.95599e+08,62.3362,61.308,10.1404,0,0,2.02005,1.71765,0,1.5604,2.96352,9.00468e+06,3.61194e+06,1.81899e+07,0,0,0,8.03099e+07
82.451,85.139,7.92714,0.25,0.02,2.75514,3.05754,0,0.498792,5.32224,4.33291e+06,2.70226e+06,1.19378e+07,0,0,0,2.95599e+08,62.3362,61.308,6.95518,0,0,2.07596,1.77356,0,1.56069,2.96352,9.00468e+06,3.61194e+06,1.86933e+07,0,0,0,8.03099e+07
85.139,85.139,8.58397,0.22,0.02,2.75577,3.05817,0,0.516313,5.32224,4.33291e+06,2.70226e+06,1.19405e+07,0,0,0,2.95599e+08,62.3362,61.308,6.41717,0,0,2.07632,1.77392,0,1.60388,2.96352,9.00468e+06,3.61194e+06,1.86966e+07,0,0,0,8.03099e+07
85.139,85.139,8.48622,0.17,0.02,2.7564,3.0588,0,0.516431,5.32224,4.33291e+06,2.70226e+06,1.19432e+07,0,0,0,2.95599e+08,62.3362,61.308,8.18398,0,0,2.07669,1.77429,0,1.60417,2.96352,9.00468e+06,3.61194e+06,1.86999e+07,0,0,0,8.03099e+07
85.139,85.139,5.24288,0.18,0.02,2.75703,3.05943,0,0.516549,5.32224,4.33291e+06,2.70226e+06,1.1946e+07,0,0,0,2.95599e+08,62.3362,61.308,4.85791,0,0,2.07705,1.77465,0,1.60445,2.96352,9.00468e+06,3.61194e+06,1.87032e+07,0,0,0,8.03099e+07
85.139,85.139,9.39115,0.18,0.02,3.05613,3.35853,0,0.516667,5.32224,4.33291e+06,2.70226e+06,1.32419e+07,0,0,0,2.95599e+08,62.3362,61.308,7.52636,0,0,2.28612,1.98372,0,1.60473,2.96352,9.00468e+06,3.61194e+06,2.05858e+07,0,0,0,8.03099e+07
85.139,85.139,7.79847,0.18,0.02,3.05682,3.35922,0,0.572718,5.32224,4.33291e+06,2.70226e+06,1.32449e+07,0,0,0,2.95599e+08,62.3362,61.308,8.67815,0,0,2.28653,1.98413,0,1.76626,2.96352,9.00468e+06,3.61194e+06,2.05895e+07,0,0,0,8.03099e+07
85.139,85.139,5.51455,0.19,0.02,3.05751,3.35991,0,0.572848,5.32224,4.33291e+06,2.70226e+06,1.32479e+07,0,0,0,2.95599e+08,62.3362,61.308,4.34579,0,0,2.28694,1.98454,0,1.76657,2.96352,9.00468e+06,3.61194e+06,2.05931e+07,0,0,0,8.03099e+07
85.139,85.139,4.23816,0.2,0.02,3.0582,3.3606,0,0.572977,5.32224,4.33291e+06,2.70226e+06,1.32509e+07,0,0,0,2.95599e+08,62.3362,61.308,3.04537,0,0,2.28735,1.98495,0,1.76689,2.96352,9.00468e+06,3.61194e+06,2.05968e+07,0,0,0,8.03099e+07
85.139,85.139,5.56657,0.2,0.02,2.63283,2.93523,0,0.573107,5.32224,4.33291e+06,2.70226e+06,1.14078e+07,0,0,0,2.95599e+08,62.3362,61.308,5.91615,0,0,2.00744,1.70504,0,1.7672,2.96352,9.00468e+06,3.61194e+06,1.80763e+07,0,0,0,8.03099e+07
85.139,85.139,5.92543,0.21,0.02,2.63343,2.93583,0,0.493392,5.32224,4.33291e+06,2.70226e+06,1.14104e+07,0,0,0,2.95599e+08,62.3362,61.308,7.38749,0,0,2.00779,1.70539,0,1.55095,2.96352,9.00468e+06,3.61194e+06,1.80795e+07,0,0,0,8.03099e+07
85.139,85.139,6.07819,0.23,0.02,2.63403,2.93643,0,0.493505,5.32224,4.33291e+06,2.70226e+06,1.1413e+07,0,0,0,2.95599e+08,62.3362,61.308,7.75677,0,0,2.00814,1.70574,0,1.55122,2.96352,9.00468e+06,3.61194e+06,1.80827e+07,0,0,0,8.03099e+07
85.139,85.139,8.13004,0.24,0.02,2.63464,2.93704,0,0.493618,5.32224,4.33291e+06,2.70226e+06,1.14157e+07,0,0,0,2.95599e+08,62.3362,61.308,8.63648,0,0,2.00849,1.70609,0,1.55149,2.96352,9.00468e+06,3.61194e+06,1.80858e+07,0,0,0,8.03099e+07
85.139,85.139,8.13729,0.27,0.02,2.63524,2.93764,0,0.493731,5.32224,4.33291e+06,2.70226e+06,1.14183e+07,0,0,0,2.95599e+08,62.3362,61.308,8.63781,0,0,2.00884,1.70644,0,1.55176,2.96352,9.00468e+06,3.61194e+06,1.8089e+07,0,0,0,8.03099e+07
85.139,85.139,8.31709,0.27,0.02,2.7432,3.0456,0,0.493844,5.32224,4.33291e+06,2.70226e+06,1.18861e+07,0,0,0,2.95599e+08,62.3362,61.308,11.5873,0,0,2.07784,1.77544,0,1.55203,2.96352,9.00468e+06,3.61194e+06,1.87103e+07,0,0,0,8.03099e+07
85.139,85.139,6.96082,0.28,0.02,2.74383,3.04623,0,0.514076,5.32224,4.33291e+06,2.70226e+06,1.18888e+07,0,0,0,2.95599e+08,62.3362,61.308,9.91894,0,0,2.0782,1.7758,0,1.60534,2.96352,9.00468e+06,3.61194e+06,1.87136e+07,0,0,0,8.03099e+07
85.139,85.139,6.2964,0.28,0.02,2.74445,3.04685,0,0.514193,5.32224,4.33291e+06,2.70226e+06,1.18915e+07,0,0,0,2.95599e+08,62.3362,61.308,7.67279,0,0,2.07857,1.77617,0,1.60562,2.96352,9.00468e+06,3.61194e+06,1.87168e+07,0,0,0,8.03099e+07
85.139,85.139,5.09865,0.28,0.02,2.74508,3.04748,0,0.514311,5.32224,4.33291e+06,2.70226e+06,1.18942e+07,0,0,0,2.95599e+08,62.3362,61.308,5.91637,0,0,2.07893,1.77653,0,1.6059,2.96352,9.00468e+06,3.61194e+06,1.87201e+07,0,0,0,8.03099e+07
85.139,85.139,4.75889,0.26,0.02,2.7037,3.0061,0,0.514428,5.32224,4.33291e+06,2.70226e+06,1.17149e+07,0,0,0,2.95599e+08,62.3362,61.308,4.74751,0,0,2.05262,1.75022,0,1.60618,2.96352,9.00468e+06,3.61194e+06,1.84831e+07,0,0,0,8.03099e+07
85.139,85.139,4.40807,0.24,0.02,2.70431,3.00671,0,0.506673,5.32224,4.33291e+06,2.70226e+06,1.17176e+07,0,0,0,2.95599e+08,62.3362,61.308,4.44265,0,0,2.05297,1.75057,0,1.58585,2.96352,9.00468e+06,3.61194e+06,1.84864e+07,0,0,0,8.03099e+07
85.139,85.139,4.12191,0.21,0.02,2.70493,3.00733,0,0.506788,5.32224,4.33291e+06,2.70226e+06,1.17202e+07,0,0,0,2.95599e+08,62.3362,61.308,4.36534,0,0,2.05333,1.75093,0,1.58613,2.96352,9.00468e+06,3.61194e+06,1.84896e+07,0,0,0,8.03099e+07
85.139,85.139,3.94426,0.2,0.02,2.70555,3.00795,0,0.506904,5.32224,4.33291e+06,2.70226e+06,1.17229e+07,0,0,0,2.95599e+08,62.3362,61.308,5.34295,0,0,2.05369,1.75129,0,1.58641,2.96352,9.00468e+06,3.61194e+06,1.84929e+07,0,0,0,8.03099e+07
85.139,85.139,3.79239,0.18,0.02,2.84888,3.15128,0,0.50702,5.32224,4.33291e+06,2.70226e+06,1.2344e+07,0,0,0,2.95599e+08,62.3362,61.308,4.451,0,0,2.14876,1.84636,0,1.58668,2.96352,9.00468e+06,3.61194e+06,1.93489e+07,0,0,0,8.03099e+07
85.139,85.139,3.76231,0.16,0.02,2.84953,3.15193,0,0.533881,5.32224,4.33291e+06,2.70226e+06,1.23468e+07,0,0,0,2.95599e+08,62.3362,61.308,3.84216,0,0,2.14914,1.84674,0,1.66013,2.96352,9.00468e+06,3.61194e+06,1.93523e+07,0,0,0,8.03099e+07
85.139,85.139,3.59844,0.15,0.02,2.85018,3.15258,0,0.534002,5.32224,4.33291e+06,2.70226e+06,1.23496e+07,0,0,0,2.95599e+08,62.3362,61.308,3.80454,0,0,2.14952,1.84712,0,1.66042,2.96352,9.00468e+06,3.61194e+06,1.93557e+07,0,0,0,8.03099e+07
85.139,85.139,3.43795,0.15,0.02,2.85083,3.15323,0,0.534124,5.32224,4.33291e+06,2.70226e+06,1.23524e+07,0,0,0,2.95599e+08,62.3362,61.308,4.02734,0,0,2.1499,1.8475,0,1.66072,2.96352,9.00468e+06,3.61194e+06,1.93591e+07,0,0,0,8.03099e+07
85.139,85.139,3.24545,0.15,0.02,2.85147,3.15387,0,0.534245,5.32224,4.33291e+06,2.70226e+06,1.23552e+07,0,0,0,2.95599e+08,62.3362,61.308,3.68142,0,0,2.15028,1.84788,0,1.66101,2.96352,9.00468e+06,3.61194e+06,1.93625e+07,0,0,0,8.03099e+07
85.139,85.139,3.44061,0.14,0.02,2.82387,3.12627,0,0.534366,5.32224,4.33291e+06,2.70226e+06,1.22356e+07,0,0,0,2.95599e+08,62.3362,61.308,2.64377,0,0,2.20276,1.90036,0,1.6613,2.96352,9.00468e+06,3.61194e+06,1.98351e+07,0,0,0,8.03099e+07
85.139,85.139,3.13474,0.13,0.02,2.82451,3.12691,0,0.529193,5.32224,4.33291e+06,2.70226e+06,1.22384e+07,0,0,0,2.95599e+08,62.3306,61.308,2.42559,0,0,2.20315,1.90075,0,1.70185,2.96352,9.00468e+06,3.61194e+06,1.98387e+07,0,0,0,8.03099e+07
85.0063,85.139,2.86443,0.14,0.02,2.82515,3.12755,0,0.529313,5.32224,4.33291e+06,2.70226e+06,1.22411e+07,0,0,0,2.95599e+08,62.2593,61.308,2.31953,0,0,2.20354,1.90114,0,1.70215,2.96352,9.00468e+06,3.61194e+06,1.98422e+07,0,0,0,8.03099e+07
84.7461,85.139,2.69586,0.21,0.02,2.8258,3.1282,0,0.529434,5.32224,4.33291e+06,2.70226e+06,1.22439e+07,0,0,0,2.95599e+08,62.0755,61.308,2.23632,0,0,2.20393,1.90153,0,1.70245,2.96352,9.00468e+06,3.61194e+06,1.98457e+07,0,0,0,8.03099e+07
84.6529,85.139,2.95992,0.21,0.02,2.89946,3.20186,0,0.529554,5.32224,4.33291e+06,2.70226e+06,1.25631e+07,0,0,0,2.95599e+08,62.0132,61.308,2.40808,0,0,2.2508,1.9484,0,1.70276,2.96352,9.00468e+06,3.61194e+06,2.02677e+07,0,0,0,8.03099e+07
84.5277,85.139,2.89703,0.2,0.02,2.90012,3.20252,0,0.543359,5.32224,4.33291e+06,2.70226e+06,1.2566e+07,0,0,0,2.95599e+08,61.8875,61.308,2.40589,0,0,2.2512,1.9488,0,1.73896,2.96352,9.00468e+06,3.61194e+06,2.02713e+07,0,0,0,8.03099e+07
84.1696,85.139,2.65731,0.2,0.02,2.90077,3.20317,0,0.543482,5.32224,4.33291e+06,2.70226e+06,1.25688e+07,0,0,0,2.95599e+08,61.6974,61.308,2.11921,0,0,2.2516,1.9492,0,1.73927,2.96352,9.00468e+06,3.61194e+06,2.02749e+07,0,0,0,8.03099e+07
83.9658,85.139,2.79805,0.2,0.02,2.90143,3.20383,0,0.543605,5.32224,4.33291e+06,2.70226e+06,1.25717e+07,0,0,0,2.95599e+08,61.6228,61.308,2.5008,0,0,2.252,1.9496,0,1.73958,2.96352,9.00468e+06,3.61194e+06,2.02785e+07,0,0,0,8.03099e+07
83.6206,85.139,2.83999,0.2,0.02,3.1161,3.4185,0,0.543728,5.32224,4.33291e+06,2.70226e+06,1.35018e+07,0,0,0,2.95599e+08,61.3769,61.308,2.36523,0,0,2.42028,2.11788,0,1.73989,2.96352,9.00468e+06,3.61194e+06,2.17939e+07,0,0,0,8.03099e+07
83.0337,85.139,2.60123,0.2,0.02,3.11681,3.41921,0,0.583958,5.32224,4.33291e+06,2.70226e+06,1.35049e+07,0,0,0,2.95599e+08,61.0913,61.308,1.8145,0,0,2.42072,2.11832,0,1.86991,2.96352,9.00468e+06,3.61194e+06,2.17978e+07,0,0,0,8.03099e+07
82.6113,85.139,2.79361,0.2,0.02,3.11751,3.41991,0,0.584089,5.32224,4.33291e+06,2.70226e+06,1.35079e+07,0,0,0,2.95599e+08,60.6632,61.308,2.23462,0,0,2.42115,2.11875,0,1.87025,2.96352,9.00468e+06,3.61194e+06,2.18017e+07,0,0,0,8.03099e+07
81.7215,85.139,2.31185,0.19,0.02,3.11821,3.42061,0,0.584221,5.32224,4.33291e+06,2.70226e+06,1.35109e+07,0,0,0,2.95599e+08,60.3041,61.308,1.56682,0,0,2.42159,2.11919,0,1.87058,2.96352,9.00468e+06,3.61194e+06,2.18056e+07,0,0,0,8.03099e+07
81.3732,85.139,2.8449,0.19,0.02,3.11891,3.42131,0,0.584352,5.32224,4.33291e+06,2.70226e+06,1.3514e+07,0,0,0,2.95599e+08,60.1964,61.308,2.93958,0,0,2.42202,2.11962,0,1.87092,2.96352,9.00468e+06,3.61194e+06,2.18095e+07,0,0,0,8.03099e+07
81.0615,85.139,2.77158,0.19,0.02,3.0152,3.3176,0,0.584484,5.32224,4.33291e+06,2.70226e+06,1.30646e+07,0,0,0,2.95599e+08,59.9902,61.308,1.79385,0,0,2.32045,2.01805,0,1.87125,2.96352,9.00468e+06,3.61194e+06,2.08949e+07,0,0,0,8.03099e+07
81.0626,85.139,3.13794,0.18,0.02,3.01588,3.31828,0,0.565049,5.32224,4.33291e+06,2.70226e+06,1.30676e+07,0,0,0,2.95599e+08,60.1523,61.308,2.50347,0,0,2.32087,2.01847,0,1.79278,2.96352,9.00468e+06,3.61194e+06,2.08986e+07,0,0,0,8.03099e+07
80.9174,85.139,3.02168,0.18,0.02,3.01657,3.31897,0,0.565177,5.32224,4.33291e+06,2.70226e+06,1.30705e+07,0,0,0,2.95599e+08,60.2836,61.308,2.38745,0,0,2.32128,2.01888,0,1.7931,2.96352,9.00468e+06,3.61194e+06,2.09024e+07,0,0,0,8.03099e+07
81.1306,85.139,3.51458,0.18,0.02,3.01725,3.31965,0,0.565304,5.32224,4.33291e+06,2.70226e+06,1.30735e+07,0,0,0,2.95599e+08,60.7591,61.308,3.02219,0,0,2.32169,2.01929,0,1.79342,2.96352,9.00468e+06,3.61194e+06,2.09061e+07,0,0,0,8.03099e+07
81.1924,85.139,3.38775,0.17,0.02,2.93216,3.23456,0,0.565432,5.32224,4.33291e+06,2.70226e+06,1.27048e+07,0,0,0,2.95599e+08,60.9801,61.308,2.84087,0,0,2.22918,1.92678,0,1.79374,2.96352,9.00468e+06,3.61194e+06,2.00731e+07,0,0,0,8.03099e+07
81.6402,85.139,3.7685,0.17,0.02,2.93282,3.23522,0,0.549486,5.32224,4.33291e+06,2.70226e+06,1.27077e+07,0,0,0,2.95599e+08,61.2576,61.308,3.60765,0,0,2.22958,1.92718,0,1.72227,2.96352,9.00468e+06,3.61194e+06,2.00766e+07,0,0,0,8.03099e+07
81.2337,85.139,2.90991,0.17,0.02,2.93348,3.23588,0,0.54961,5.32224,4.33291e+06,2.70226e+06,1.27105e+07,0,0,0,2.95599e+08,61.5174,61.308,2.89568,0,0,2.22997,1.92757,0,1.72257,2.96352,9.00468e+06,3.61194e+06,2.00802e+07,0,0,0,8.03099e+07
81.7156,85.139,3.77495,0.17,0.02,2.93415,3.23655,0,0.549735,5.32224,4.33291e+06,2.70226e+06,1.27134e+07,0,0,0,2.95599e+08,61.6485,61.308,3.13217,0,0,2.23037,1.92797,0,1.72288,2.96352,9.00468e+06,3.61194e+06,2.00837e+07,0,0,0,8.03099e+07
81.6654,85.139,3.06522,0.19,0.02,2.69101,2.99341,0,0.549859,5.32224,4.33291e+06,2.70226e+06,1.16599e+07,0,0,0,2.95599e+08,61.5091,61.308,2.13908,0,0,2.03707,1.73467,0,1.72318,2.96352,9.00468e+06,3.61194e+06,1.83431e+07,0,0,0,8.03099e+07
82.394,85.139,3.93059,0.21,0.02,2.69163,2.99403,0,0.504296,5.32224,4.33291e+06,2.70226e+06,1.16626e+07,0,0,0,2.95599e+08,61.8712,61.308,3.19709,0,0,2.03742,1.73502,0,1.57384,2.96352,9.00468e+06,3.61194e+06,1.83463e+07,0,0,0,8.03099e+07
83.2014,85.139,4.04996,0.22,0.02,2.69224,2.99464,0,0.504411,5.32224,4.33291e+06,2.70226e+06,1.16652e+07,0,0,0,2.95599e+08,62.2477,61.308,3.2838,0,0,2.03778,1.73538,0,1.57411,2.96352,9.00468e+06,3.61194e+06,1.83495e+07,0,0,0,8.03099e+07
83.8262,85.139,4.20243,0.22,0.02,2.69285,2.99525,0,0.504526,5.32224,4.33291e+06,2.70226e+06,1.16679e+07,0,0,0,2.95599e+08,62.3362,61.308,2.8433,0,0,2.03813,1.73573,0,1.57439,2.96352,9.00468e+06,3.61194e+06,1.83527e+07,0,0,0,8.03099e+07
84.1595,85.139,3.73507,0.22,0.02,2.69347,2.99587,0,0.504641,5.32224,4.33291e+06,2.70226e+06,1.16706e+07,0,0,0,2.95599e+08,62.3362,61.308,2.50375,0,0,2.03849,1.73609,0,1.57466,2.96352,9.00468e+06,3.61194e+06,1.83559e+07,0,0,0,8.03099e+07
84.8781,85.139,4.03494,0.23,0.02,2.78794,3.09034,0,0.504756,5.32224,4.33291e+06,2.70226e+06,1.20799e+07,0,0,0,2.95599e+08,62.3362,61.308,2.4681,0,1,2.09498,1.79258,0,1.57494,2.96352,9.00468e+06,3.61194e+06,1.88646e+07,0,0,0,8.03099e+07
85.139,85.139,4.95426,0.22,0.02,2.78854,3.09094,0,0.522459,5.32224,4.33291e+06,2.70226e+06,1.20825e+07,0,0,0,2.95599e+08,62.3362,61.308,4.88792,0,1,2.09533,1.79293,0,1.61858,2.96352,9.00468e+06,3.61194e+06,1.88678e+07,0,0,0,8.03099e+07
85.139,85.139,6.90764,0.18,0.02,2.78915,3.09155,0,0.522573,5.32224,4.33291e+06,2.70226e+06,1.20851e+07,0,0,0,2.95599e+08,62.3362,61.308,5.47666,0,1,2.09568,1.79328,0,1.61885,2.96352,9.00468e+06,3.61194e+06,1.88709e+07,0,0,0,8.03099e+07
85.139,85.139,5.18596,0.19,0.02,2.78975,3.09215,0,0.522686,5.32224,4.33291e+06,2.70226e+06,1.20877e+07,0,0,0,2.95599e+08,62.3362,61.308,5.16726,0,1,2.09603,1.79363,0,1.61912,2.96352,9.00468e+06,3.61194e+06,1.88741e+07,0,0,0,8.03099e+07
85.139,85.139,4.89345,0.19,0.02,3.09201,3.39441,0,0.522799,5.32224,4.33291e+06,2.70226e+06,1.33974e+07,0,0,0,2.95599e+08,62.3362,61.308,4.41642,0,1,2.30732,2.00492,0,1.61939,2.96352,9.00468e+06,3.61194e+06,2.07767e+07,0,0,0,8.03099e+07
85.139,85.139,5.5312,0.2,0.02,3.09268,3.39508,0,0.579443,5.32224,4.33291e+06,2.70226e+06,1.34003e+07,0,0,0,2.95599e+08,62.3362,61.308,4.33538,0,1,2.30771,2.00531,0,1.78263,2.96352,9.00468e+06,3.61194e+06,2.07802e+07,0,0,0,8.03099e+07
85.139,85.139,5.70784,0.2,0.02,3.09334,3.39574,0,0.579568,5.32224,4.33291e+06,2.70226e+06,1.34032e+07,0,0,0,2.95599e+08,62.3362,61.308,4.07902,0,1,2.3081,2.0057,0,1.78294,2.96352,9.00468e+06,3.61194e+06,2.07837e+07,0,0,0,8.03099e+07
85.139,85.139,4.97072,0.2,0.02,3.094,3.3964,0,0.579692,5.32224,4.33291e+06,2.70226e+06,1.34061e+07,0,0,0,2.95599e+08,62.3362,61.308,4.17907,0,1,2.30849,2.00609,0,1.78324,2.96352,9.00468e+06,3.61194e+06,2.07872e+07,0,0,0,8.03099e+07
85.139,85.139,4.32424,0.21,0.02,2.66407,2.96647,0,0.579816,5.32224,4.33291e+06,2.70226e+06,1.15432e+07,0,0,0,2.95599e+08,62.3362,61.308,3.50528,0,1,2.02559,1.72319,0,1.78354,2.96352,9.00468e+06,3.61194e+06,1.82398e+07,0,0,0,8.03099e+07
85.139,85.139,5.35079,0.23,0.02,2.66465,2.96705,0,0.499246,5.32224,4.33291e+06,2.70226e+06,1.15457e+07,0,0,0,2.95599e+08,62.3362,61.308,4.31072,0,1,2.02592,1.72352,0,1.56497,2.96352,9.00468e+06,3.61194e+06,1.82428e+07,0,0,0,8.03099e+07
85.139,85.139,4.96687,0.25,0.02,2.66523,2.96763,0,0.499355,5.32224,4.33291e+06,2.70226e+06,1.15482e+07,0,0,0,2.95599e+08,62.3362,61.308,3.25192,0,1,2.02626,1.72386,0,1.56523,2.96352,9.00468e+06,3.61194e+06,1.82458e+07,0,0,0,8.03099e+07
85.139,85.139,4.00409,0.26,0.02,2.6658,2.9682,0,0.499463,5.32224,4.33291e+06,2.70226e+06,1.15507e+07,0,0,0,2.95599e+08,61.9435,61.308,2.30387,0,1,2.0266,1.7242,0,1.56549,2.96352,9.00468e+06,3.61194e+06,1.82489e+07,0,0,0,8.03099e+07
84.7884,85.139,2.79391,0.29,0.02,2.66638,2.96878,0,0.499572,5.32224,4.33291e+06,2.70226e+06,1.15532e+07,0,0,0,2.95599e+08,61.5845,61.308,1.81546,0,1,2.02693,1.72453,0,1.56575,2.96352,9.00468e+06,3.61194e+06,1.82519e+07,0,0,0,8.03099e+07
85.139,85.139,5.25865,0.38,0.02,2.77546,3.07786,0,0.49968,5.32224,4.33291e+06,2.70226e+06,1.20258e+07,0,0,0,2.95599e+08,61.4276,61.308,2.8345,0,1,2.09664,1.79424,0,1.56601,2.96352,9.00468e+06,3.61194e+06,1.88796e+07,0,0,0,8.03099e+07
85.139,85.139,4.62898,0.32,0.02,2.77606,3.07846,0,0.520121,5.32224,4.33291e+06,2.70226e+06,1.20284e+07,0,0,0,2.95599e+08,61.4052,61.308,3.11735,0,1,2.09699,1.79459,0,1.61987,2.96352,9.00468e+06,3.61194e+06,1.88827e+07,0,0,0,8.03099e+07
85.139,85.139,5.19517,0.31,0.02,2.77666,3.07906,0,0.520234,5.32224,4.33291e+06,2.70226e+06,1.2031e+07,0,0,0,2.95599e+08,61.3727,61.308,2.81407,0,1,2.09734,1.79494,0,1.62014,2.96352,9.00468e+06,3.61194e+06,1.88859e+07,0,0,0,8.03099e+07
85.139,85.139,4.17469,0.3,0.02,2.77726,3.07966,0,0.520346,5.32224,4.33291e+06,2.70226e+06,1.20336e+07,0,0,0,2.95599e+08,61.1585,61.308,2.81411,0,1,2.09769,1.79529,0,1.62041,2.96352,9.00468e+06,3.61194e+06,1.88891e+07,0,0,0,8.03099e+07
84.8566,85.139,2.88142,0.29,0.02,2.73541,3.03781,0,0.520459,5.32224,4.33291e+06,2.70226e+06,1.18523e+07,0,0,0,2.95599e+08,60.7235,61.308,1.96503,0,1,2.07108,1.76868,0,1.62068,2.96352,9.00468e+06,3.61194e+06,1.86494e+07,0,0,0,8.03099e+07
84.1757,85.139,2.44997,0.36,0.02,2.736,3.0384,0,0.512616,5.32224,4.33291e+06,2.70226e+06,1.18549e+07,0,0,0,2.95599e+08,60.3354,61.308,1.97315,0,1,2.07142,1.76902,0,1.60012,2.96352,9.00468e+06,3.61194e+06,1.86525e+07,0,0,0,8.03099e+07
84.7384,85.139,3.73516,0.36,0.02,2.7366,3.039,0,0.512727,5.32224,4.33291e+06,2.70226e+06,1.18574e+07,0,0,0,2.95599e+08,60.0546,61.308,2.31394,0,1,2.07177,1.76937,0,1.60038,2.96352,9.00468e+06,3.61194e+06,1.86556e+07,0,0,0,8.03099e+07
84.1816,85.139,2.5428,0.33,0.02,2.73719,3.03959,0,0.512838,5.32224,4.33291e+06,2.70226e+06,1.186e+07,0,0,0,2.95599e+08,59.4964,61.308,2.04682,0,1,2.07212,1.76972,0,1.60065,2.96352,9.00468e+06,3.61194e+06,1.86587e+07,0,0,0,8.03099e+07
83.156,85.139,2.13124,0.31,0.02,2.882,3.1844,0,0.512949,5.32224,4.33291e+06,2.70226e+06,1.24875e+07,0,0,0,2.95599e+08,58.7314,61.308,1.66095,0,1,2.16816,1.86576,0,1.60092,2.96352,9.00468e+06,3.61194e+06,1.95236e+07,0,0,0,8.03099e+07
81.9914,85.139,1.92748,0.28,0.02,2.88262,3.18502,0,0.540087,5.32224,4.33291e+06,2.70226e+06,1.24901e+07,0,0,0,2.95599e+08,58.1203,61.308,1.49832,0,1,2.16852,1.86612,0,1.67512,2.96352,9.00468e+06,3.61194e+06,1.95269e+07,0,0,0,8.03099e+07
80.7853,85.139,1.8725,0.27,0.02,2.88324,3.18564,0,0.540203,5.32224,4.33291e+06,2.70226e+06,1.24928e+07,0,0,0,2.95599e+08,57.4788,61.308,1.59437,0,1,2.16889,1.86649,0,1.6754,2.96352,9.00468e+06,3.61194e+06,1.95301e+07,0,0,0,8.03099e+07
79.4063,85.139,1.7042,0.25,0.02,2.88386,3.18626,0,0.540319,5.32224,4.33291e+06,2.70226e+06,1.24955e+07,0,0,0,2.95599e+08,56.854,61.308,1.53473,0,1,2.16925,1.86685,0,1.67568,2.96352,9.00468e+06,3.61194e+06,1.95334e+07,0,0,0,8.03099e+07
77.9904,85.139,1.62186,0.33,0.02,2.88448,3.18688,0,0.540436,5.32224,4.33291e+06,2.70226e+06,1.24982e+07,0,0,0,2.95599e+08,56.2964,61.308,1.56748,0,1,2.16962,1.86722,0,1.67596,2.96352,9.00468e+06,3.61194e+06,1.95367e+07,0,0,0,8.03099e+07
77.0534,85.139,2.06646,0.3,0.02,2.85656,3.15896,0,0.540552,5.32224,4.33291e+06,2.70226e+06,1.23772e+07,0,0,0,2.95599e+08,55.8626,61.308,1.76084,0,1,2.22263,1.92023,0,1.67625,2.96352,9.00468e+06,3.61194e+06,2.00141e+07,0,0,0,8.03099e+07
76.0902,85.139,2.02646,0.29,0.02,2.85717,3.15957,0,0.535319,5.32224,4.33291e+06,2.70226e+06,1.23799e+07,0,0,0,2.95599e+08,55.4327,61.308,1.85465,0,1,2.223,1.9206,0,1.7172,2.96352,9.00468e+06,3.61194e+06,2.00174e+07,0,0,0,8.03099e+07
75.0731,85.139,1.95813,0.26,0.02,2.85779,3.16019,0,0.535435,5.32224,4.33291e+06,2.70226e+06,1.23826e+07,0,0,0,2.95599e+08,54.9262,61.308,1.82781,0,1,2.22338,1.92098,0,1.71749,2.96352,9.00468e+06,3.61194e+06,2.00208e+07,0,0,0,8.03099e+07
73.8936,85.139,1.75162,0.25,0.02,2.85841,3.16081,0,0.53555,5.32224,4.33291e+06,2.70226e+06,1.23852e+07,0,0,0,2.95599e+08,54.1471,61.308,1.67842,0,1,2.22375,1.92135,0,1.71778,2.96352,9.00468e+06,3.61194e+06,2.00242e+07,0,0,0,8.03099e+07
72.3808,85.139,1.44959,0.24,0.02,2.93281,3.23521,0,0.535666,5.32224,4.33291e+06,2.70226e+06,1.27076e+07,0,0,0,2.95599e+08,53.303,61.308,1.40329,0,1,2.27109,1.96869,0,1.71807,2.96352,9.00468e+06,3.61194e+06,2.04504e+07,0,0,0,8.03099e+07
70.909,85.139,1.49581,0.28,0.02,2.93344,3.23584,0,0.549608,5.32224,4.33291e+06,2.70226e+06,1.27103e+07,0,0,0,2.95599e+08,52.5917,61.308,1.501,0,1,2.27147,1.96907,0,1.75464,2.96352,9.00468e+06,3.61194e+06,2.04539e+07,0,0,0,8.03099e+07
69.3242,85.139,1.35013,0.26,0.02,2.93407,3.23647,0,0.549726,5.32224,4.33291e+06,2.70226e+06,1.27131e+07,0,0,0,2.95599e+08,51.636,61.308,1.44226,0,1,2.27186,1.96946,0,1.75494,2.96352,9.00468e+06,3.61194e+06,2.04573e+07,0,0,0,8.03099e+07
67.638,85.139,1.22993,0.25,0.02,2.9347,3.2371,0,0.549844,5.32224,4.33291e+06,2.70226e+06,1.27158e+07,0,0,0,2.95599e+08,50.9128,61.308,1.25078,0,1,2.27224,1.96984,0,1.75524,2.96352,9.00468e+06,3.61194e+06,2.04608e+07,0,0,0,8.03099e+07
65.8878,85.139,1.31646,0.27,0.02,3.15156,3.45396,0,0.549963,5.32224,4.33291e+06,2.70226e+06,1.36555e+07,0,0,0,2.95599e+08,50.3066,61.308,1.57538,0,1,2.44225,2.13985,0,1.75553,2.96352,9.00468e+06,3.61194e+06,2.19917e+07,0,0,0,8.03099e+07
64.0468,85.139,1.20331,0.25,0.02,3.1605,3.45464,0,0.590603,5.32224,4.33291e+06,2.70226e+06,1.36942e+07,0,0,0,2.95599e+08,49.6553,61.308,1.63448,0,1,2.43441,2.14027,0,1.88688,2.96352,9.00468e+06,3.61194e+06,2.19211e+07,0,0,0,8.03099e+07
62.0971,85.139,1.06721,0.25,0.02,3.16159,3.45531,0,0.592277,5.32224,4.33291e+06,2.70226e+06,1.36989e+07,0,0,0,2.95599e+08,48.9943,61.308,1.5181,0,1,2.43441,2.14069,0,1.88082,2.96352,9.00468e+06,3.61194e+06,2.19211e+07,0,0,0,8.03099e+07
60.2866,85.139,1.18597,0.26,0.02,3.16268,3.45599,0,0.592482,5.32224,4.33291e+06,2.70226e+06,1.37036e+07,0,0,0,2.95599e+08,48.4152,61.308,1.55959,0,1,2.43441,2.1411,0,1.88082,2.96352,9.00468e+06,3.61194e+06,2.19211e+07,0,0,0,8.03099e+07
59.1469,85.139,1.9026,0.26,0.02,3.16377,3.45666,0,0.592686,5.32224,4.33291e+06,2.70226e+06,1.37083e+07,0,0,0,2.95599e+08,47.3783,61.308,1.90036,0,1,2.43441,2.14152,0,1.88082,2.96352,9.00468e+06,3.61194e+06,2.19211e+07,0,0,0,8.03099e+07
57.2031,85.139,0.950646,0.26,0.02,3.05938,3.35185,0,0.592891,5.32224,4.33291e+06,2.70226e+06,1.3256e+07,0,0,0,2.95599e+08,46.4949,61.308,0.955902,0,1,2.33135,2.03888,0,1.88082,2.96352,9.00468e+06,3.61194e+06,2.09931e+07,0,0,0,8.03099e+07
55.3467,85.139,0.994878,0.26,0.02,3.0501,3.3525,0,0.573327,5.32224,4.33291e+06,2.70226e+06,1.32158e+07,0,0,0,2.95599e+08,45.2452,61.308,1.35223,0,1,2.34168,2.03928,0,1.8012,2.96352,9.00468e+06,3.61194e+06,2.10861e+07,0,0,0,8.03099e+07
53.0358,85.139,0.516834,0.29,0.02,3.05075,3.35315,0,0.571589,5.32224,4.33291e+06,2.70226e+06,1.32187e+07,0,0,0,2.95599e+08,43.7829,61.308,0.819508,0,1,2.34208,2.03968,0,1.80918,2.96352,9.00468e+06,3.61194e+06,2.10896e+07,0,0,0,8.03099e+07
50.7701,85.139,0.510684,0.29,0.02,3.05141,3.35381,0,0.571711,5.32224,4.33291e+06,2.70226e+06,1.32215e+07,0,0,0,2.95599e+08,42.8528,61.308,0.74373,0,1,2.34247,2.04007,0,1.80949,2.96352,9.00468e+06,3.61194e+06,2.10932e+07,0,0,0,8.03099e+07
49.0469,85.139,1.09919,0.33,0.02,2.96541,3.26781,0,0.571834,5.32224,4.33291e+06,2.70226e+06,1.28489e+07,0,0,0,2.95599e+08,42.245,61.308,1.35107,0,1,2.24899,1.94659,0,1.80979,2.96352,9.00468e+06,3.61194e+06,2.02514e+07,0,0,0,8.03099e+07
47.3526,85.139,1.1192,0.35,0.02,2.96604,3.26844,0,0.555717,5.32224,4.33291e+06,2.70226e+06,1.28516e+07,0,0,0,2.95599e+08,41.4766,61.308,1.82051,0,1,2.24937,1.94697,0,1.73757,2.96352,9.00468e+06,3.61194e+06,2.02548e+07,0,0,0,8.03099e+07
45.8688,85.139,1.31629,0.35,0.02,2.96668,3.26908,0,0.555837,5.32224,4.33291e+06,2.70226e+06,1.28544e+07,0,0,0,2.95599e+08,40.9589,61.308,1.31762,0,1,2.24975,1.94735,0,1.73786,2.96352,9.00468e+06,3.61194e+06,2.02583e+07,0,0,0,8.03099e+07
46.7498,85.139,3.76325,0.36,0.02,2.96732,3.26972,0,0.555956,5.32224,4.33291e+06,2.70226e+06,1.28571e+07,0,0,0,2.95599e+08,41.2586,61.308,4.57162,0,1,2.25013,1.94773,0,1.73816,2.96352,9.00468e+06,3.61194e+06,2.02617e+07,0,0,0,8.03099e+07
47.1608,85.139,3.16967,0.36,0.02,2.72166,3.02406,0,0.556075,5.32224,4.33291e+06,2.70226e+06,1.17927e+07,0,0,0,2.95599e+08,41.6641,61.308,4.83096,0,1,2.05483,1.75243,0,1.73845,2.96352,9.00468e+06,3.61194e+06,1.85031e+07,0,0,0,8.03099e+07
49.5839,85.139,5.35805,0.38,0.02,2.72225,3.02465,0,0.510039,5.32224,4.33291e+06,2.70226e+06,1.17953e+07,0,0,0,2.95599e+08,45.3829,61.308,10.4851,0,1,2.05517,1.75277,0,1.58756,2.96352,9.00468e+06,3.61194e+06,1.85061e+07,0,0,0,8.03099e+07
51.6946,85.139,4.73634,0.4,0.02,2.47845,3.02524,0,0.51015,5.32224,4.33291e+06,3.55818e+06,1.07389e+07,0,0,0,2.95599e+08,47.9497,61.308,9.02102,0,1,1.91389,1.75311,0,1.58782,2.96352,9.00468e+06,4.756e+06,1.72339e+07,0,0,0,8.03099e+07
52.3886,85.139,3.57213,0.39,0.02,2.67454,3.02583,0,0.464461,5.32224,4.33291e+06,2.96515e+06,1.15886e+07,0,0,0,2.95599e+08,48.6812,61.308,5.25188,0,1,2.02752,1.75345,0,1.47867,2.96352,9.00468e+06,3.96333e+06,1.82572e+07,0,0,0,8.03099e+07
53.2426,85.139,3.67008,0.42,0.02,2.47953,3.02642,0,0.501209,5.32224,4.33291e+06,3.55818e+06,1.07436e+07,0,0,0,2.95599e+08,49.2861,61.308,5.19658,0,1,1.91452,1.75379,0,1.56646,2.96352,9.00468e+06,4.756e+06,1.72396e+07,0,0,0,8.03099e+07
53.8735,85.139,3.45976,0.45,0.02,2.56723,3.12182,0,0.464665,5.32224,4.33291e+06,3.55818e+06,1.11236e+07,0,0,0,2.95599e+08,49.7564,61.308,4.65834,0,1,1.96696,1.81084,0,1.47915,2.96352,9.00468e+06,4.756e+06,1.77118e+07,0,0,0,8.03099e+07
53.4132,85.139,2.28544,0.46,0.02,2.56776,3.1224,0,0.481098,5.32224,4.33291e+06,3.55818e+06,1.11259e+07,0,0,0,2.95599e+08,49.9428,61.308,3.09752,0,1,1.96726,1.81118,0,1.51967,2.96352,9.00468e+06,4.756e+06,1.77146e+07,0,0,0,8.03099e+07
52.8982,85.139,2.23239,0.5,0.02,2.56829,3.12297,0,0.481198,5.32224,4.33291e+06,3.55818e+06,1.11282e+07,0,0,0,2.95599e+08,50.2869,61.308,3.19982,0,1,1.96757,1.81151,0,1.51991,2.96352,9.00468e+06,4.756e+06,1.77174e+07,0,0,0,8.03099e+07
52.6788,85.139,2.55749,0.53,0.02,2.56882,3.12355,0,0.481297,5.32224,4.33291e+06,3.55818e+06,1.11305e+07,0,0,0,2.95599e+08,50.5227,61.308,3.23099,0,1,1.96788,1.81185,0,1.52015,2.96352,9.00468e+06,4.756e+06,1.77201e+07,0,0,0,8.03099e+07
53.6711,85.139,4.00157,0.55,0.02,2.84946,3.42885,0,0.481397,5.32224,4.33291e+06,3.55818e+06,1.23464e+07,0,0,0,2.95599e+08,50.6885,61.308,3.2063,0,1,2.16405,2.02526,0,1.52038,2.96352,9.00468e+06,4.756e+06,1.94866e+07,0,0,0,8.03099e+07
54.7412,85.139,4.14375,0.59,0.02,2.85004,3.42948,0,0.533988,5.32224,4.33291e+06,3.55818e+06,1.2349e+07,0,0,0,2.95599e+08,50.4426,61.308,3.19785,0,1,2.16439,2.02563,0,1.67194,2.96352,9.00468e+06,4.756e+06,1.94897e+07,0,0,0,8.03099e+07
53.9966,85.139,2.19148,0.59,0.02,2.85062,3.43012,0,0.534097,5.32224,4.33291e+06,3.55818e+06,1.23515e+07,0,0,0,2.95599e+08,50.18,61.308,1.90925,0,1,2.16474,2.02601,0,1.67221,2.96352,9.00468e+06,4.756e+06,1.94928e+07,0,0,0,8.03099e+07
53.8411,85.139,2.78369,0.61,0.02,2.8512,3.43075,0,0.534206,5.32224,4.33291e+06,3.55818e+06,1.2354e+07,0,0,0,2.95599e+08,50.038,61.308,2.36214,0,1,2.16508,2.02638,0,1.67248,2.96352,9.00468e+06,4.756e+06,1.94959e+07,0,0,0,8.03099e+07
53.731,85.139,2.52988,0.63,0.02,2.45197,2.99644,0,0.534316,5.32224,4.33291e+06,3.55818e+06,1.06242e+07,0,0,0,2.95599e+08,50.1062,61.308,2.69743,0,1,1.90238,1.7406,0,1.67274,2.96352,9.00468e+06,4.756e+06,1.71304e+07,0,0,0,8.03099e+07
54.3626,85.139,3.34336,0.68,0.02,2.45248,2.99699,0,0.4595,5.32224,4.33291e+06,3.55818e+06,1.06264e+07,0,0,0,2.95599e+08,50.0969,61.308,2.95849,0,1,1.90268,1.74092,0,1.46978,2.96352,9.00468e+06,4.756e+06,1.7133e+07,0,0,0,8.03099e+07
56.2244,85.139,4.71576,0.69,0.02,2.45299,2.99755,0,0.459596,5.32224,4.33291e+06,3.55818e+06,1.06286e+07,0,0,0,2.95599e+08,50.1417,61.308,3.1326,0,1,1.90298,1.74124,0,1.47001,2.96352,9.00468e+06,4.756e+06,1.71357e+07,0,0,0,8.03099e+07
58.077,85.139,4.65082,0.72,0.02,2.4535,2.9981,0,0.459691,5.32224,4.33291e+06,3.55818e+06,1.06308e+07,0,0,0,2.95599e+08,50.0756,61.308,3.08885,0,1,1.90327,1.74156,0,1.47024,2.96352,9.00468e+06,4.756e+06,1.71384e+07,0,0,0,8.03099e+07
60.2438,85.139,4.9943,0.71,0.02,2.45401,2.99865,0,0.459787,5.32224,4.33291e+06,3.55818e+06,1.0633e+07,0,0,0,2.95599e+08,50.1925,61.308,3.56972,0,1,1.90357,1.74188,0,1.47047,2.96352,9.00468e+06,4.756e+06,1.7141e+07,0,0,0,8.03099e+07
62.9772,85.139,5.69086,0.71,0.02,2.55525,3.10879,0,0.459882,5.32224,4.33291e+06,3.55818e+06,1.10717e+07,0,0,0,2.95599e+08,50.5428,61.308,3.6084,0,1,1.96827,1.81228,0,1.4707,2.96352,9.00468e+06,4.756e+06,1.77237e+07,0,0,0,8.03099e+07
67.1012,85.139,7.20876,0.69,0.02,2.55578,3.10937,0,0.478855,5.32224,4.33291e+06,3.55818e+06,1.1074e+07,0,0,0,2.95599e+08,51.2962,61.308,5.24935,0,1,1.96858,1.81261,0,1.52069,2.96352,9.00468e+06,4.756e+06,1.77265e+07,0,0,0,8.03099e+07
69.2479,85.139,5.1398,0.7,0.02,2.55631,3.10994,0,0.478954,5.32224,4.33291e+06,3.55818e+06,1.10763e+07,0,0,0,2.95599e+08,51.6649,61.308,3.54166,0,1,1.96889,1.81295,0,1.52093,2.96352,9.00468e+06,4.756e+06,1.77292e+07,0,0,0,8.03099e+07
70.7128,85.139,4.40378,0.65,0.02,2.55684,3.11052,0,0.479053,5.32224,4.33291e+06,3.55818e+06,1.10786e+07,0,0,0,2.95599e+08,51.7964,61.308,3.03688,0,1,1.9692,1.81328,0,1.52117,2.96352,9.00468e+06,4.756e+06,1.7732e+07,0,0,0,8.03099e+07
72.425,85.139,4.66831,0.65,0.02,2.51795,3.06822,0,0.479152,5.32224,4.33291e+06,3.55818e+06,1.09101e+07,0,0,0,2.95599e+08,52.3137,61.308,3.67021,0,1,1.94447,1.78638,0,1.5214,2.96352,9.00468e+06,4.756e+06,1.75094e+07,0,0,0,8.03099e+07
73.6927,85.139,4.1457,0.65,0.02,2.51848,3.06878,0,0.471865,5.32224,4.33291e+06,3.55818e+06,1.09123e+07,0,0,0,2.95599e+08,52.875,61.308,3.55434,0,1,1.94478,1.78671,0,1.5023,2.96352,9.00468e+06,4.756e+06,1.75121e+07,0,0,0,8.03099e+07
74.4239,85.139,3.59046,0.6,0.02,2.519,3.06935,0,0.471962,5.32224,4.33291e+06,3.55818e+06,1.09146e+07,0,0,0,2.95599e+08,53.3697,61.308,3.27707,0,1,1.94508,1.78704,0,1.50253,2.96352,9.00468e+06,4.756e+06,1.75148e+07,0,0,0,8.03099e+07
74.7859,85.139,3.19553,0.47,0.02,2.51952,3.06992,0,0.47206,5.32224,4.33291e+06,3.55818e+06,1.09169e+07,0,0,0,2.95599e+08,53.7121,61.308,2.87872,0,1,1.94538,1.78737,0,1.50277,2.96352,9.00468e+06,4.756e+06,1.75176e+07,0,0,0,8.03099e+07
74.8582,85.139,2.99346,0.42,0.02,2.65393,3.21614,0,0.472158,5.32224,4.33291e+06,3.55818e+06,1.14992e+07,0,0,0,2.95599e+08,54.0151,61.308,2.72683,0,1,2.03453,1.88436,0,1.503,2.96352,9.00468e+06,4.756e+06,1.83203e+07,0,0,0,8.03099e+07
74.9231,85.139,2.97735,0.41,0.02,2.65447,3.21673,0,0.497346,5.32224,4.33291e+06,3.55818e+06,1.15016e+07,0,0,0,2.95599e+08,54.2895,61.308,2.64294,0,1,2.03485,1.88471,0,1.57188,2.96352,9.00468e+06,4.756e+06,1.83232e+07,0,0,0,8.03099e+07
74.4871,85.139,2.61632,0.38,0.02,2.91493,3.21733,0,0.497449,5.32224,4.33291e+06,2.70226e+06,1.26301e+07,0,0,0,2.95599e+08,54.3934,61.308,2.47196,0,1,2.18745,1.88505,0,1.57213,2.96352,9.00468e+06,3.61194e+06,1.96973e+07,0,0,0,8.03099e+07
73.9821,85.139,2.53659,0.35,0.02,2.91552,3.21792,0,0.546258,5.32224,4.33291e+06,2.70226e+06,1.26327e+07,0,0,0,2.95599e+08,54.5583,61.308,2.5161,0,1,2.1878,1.8854,0,1.69003,2.96352,9.00468e+06,3.61194e+06,1.97005e+07,0,0,0,8.03099e+07
73.3585,85.139,2.40496,0.35,0.02,2.91612,3.21852,0,0.546369,5.32224,4.33291e+06,2.70226e+06,1.26353e+07,0,0,0,2.95599e+08,54.6334,61.308,2.424,0,1,2.18815,1.88575,0,1.6903,2.96352,9.00468e+06,3.61194e+06,1.97036e+07,0,0,0,8.03099e+07
72.2496,85.139,1.82299,0.37,0.02,2.88788,3.19028,0,0.54648,5.32224,4.33291e+06,2.70226e+06,1.25129e+07,0,0,0,2.95599e+08,54.5068,61.308,2.05642,0,1,2.24167,1.93927,0,1.69057,2.96352,9.00468e+06,3.61194e+06,2.01855e+07,0,0,0,8.03099e+07
71.062,85.139,1.7213,0.36,0.02,2.88847,3.19087,0,0.541189,5.32224,4.33291e+06,2.70226e+06,1.25155e+07,0,0,0,2.95599e+08,54.3434,61.308,2.07867,0,1,2.24203,1.93963,0,1.73191,2.96352,9.00468e+06,3.61194e+06,2.01887e+07,0,0,0,8.03099e+07
69.8315,85.139,1.6639,0.32,0.02,2.88906,3.19146,0,0.541299,5.32224,4.33291e+06,2.70226e+06,1.25181e+07,0,0,0,2.95599e+08,54.0432,61.308,2.03771,0,1,2.24239,1.93999,0,1.73219,2.96352,9.00468e+06,3.61194e+06,2.0192e+07,0,0,0,8.03099e+07
68.4678,85.139,1.48727,0.3,0.02,2.88965,3.19205,0,0.54141,5.32224,4.33291e+06,2.70226e+06,1.25206e+07,0,0,0,2.95599e+08,53.7215,61.308,1.8855,0,1,2.24275,1.94035,0,1.73247,2.96352,9.00468e+06,3.61194e+06,2.01952e+07,0,0,0,8.03099e+07
66.9884,85.139,1.41855,0.28,0.02,2.96475,3.26715,0,0.54152,5.32224,4.33291e+06,2.70226e+06,1.2846e+07,0,0,0,2.95599e+08,53.2927,61.308,1.86094,0,1,2.29053,1.98813,0,1.73274,2.96352,9.00468e+06,3.61194e+06,2.06254e+07,0,0,0,8.03099e+07
65.5014,85.139,1.39606,0.32,0.02,2.96535,3.26775,0,0.555594,5.32224,4.33291e+06,2.70226e+06,1.28486e+07,0,0,0,2.95599e+08,52.6149,61.308,1.74729,0,1,2.29089,1.98849,0,1.76966,2.96352,9.00468e+06,3.61194e+06,2.06288e+07,0,0,0,8.03099e+07
63.9079,85.139,1.27057,0.29,0.02,2.96596,3.26836,0,0.555707,5.32224,4.33291e+06,2.70226e+06,1.28512e+07,0,0,0,2.95599e+08,52.1411,61.308,1.52536,0,1,2.29126,1.98886,0,1.76994,2.96352,9.00468e+06,3.61194e+06,2.06321e+07,0,0,0,8.03099e+07
62.4957,85.139,1.43056,0.29,0.02,2.96656,3.26896,0,0.55582,5.32224,4.33291e+06,2.70226e+06,1.28539e+07,0,0,0,2.95599e+08,51.7839,61.308,1.99407,0,1,2.29163,1.98923,0,1.77023,2.96352,9.00468e+06,3.61194e+06,2.06354e+07,0,0,0,8.03099e+07
60.8842,85.139,1.3856,0.27,0.02,3.18553,3.48793,0,0.555934,5.32224,4.33291e+06,2.70226e+06,1.38026e+07,0,0,0,2.95599e+08,50.7682,61.308,1.89504,0,1,2.46329,2.16089,0,1.77051,2.96352,9.00468e+06,3.61194e+06,2.21811e+07,0,0,0,8.03099e+07
58.7165,85.139,0.821058,0.28,0.02,3.21547,3.48857,0,0.596967,5.32224,4.33291e+06,2.70226e+06,1.39323e+07,0,0,0,2.95599e+08,49.6719,61.308,0.944452,0,1,2.43439,2.16129,0,1.90314,2.96352,9.00468e+06,3.61194e+06,2.19209e+07,0,0,0,8.03099e+07
56.6699,85.139,0.92336,0.27,0.02,3.21651,3.48921,0,0.602579,5.32224,4.33291e+06,2.70226e+06,1.39369e+07,0,0,0,2.95599e+08,48.429,61.308,1.17733,0,1,2.43439,2.16169,0,1.88081,2.96352,9.00468e+06,3.61194e+06,2.19209e+07,0,0,0,8.03099e+07
54.4653,85.139,0.741244,0.33,0.02,3.21756,3.48986,0,0.602774,5.32224,4.33291e+06,2.70226e+06,1.39414e+07,0,0,0,2.95599e+08,47.5195,61.308,0.848823,0,1,2.43439,2.16209,0,1.88081,2.96352,9.00468e+06,3.61194e+06,2.19209e+07,0,0,0,8.03099e+07
52.4555,85.139,0.900372,0.32,0.02,3.2186,3.4905,0,0.60297,5.32224,4.33291e+06,2.70226e+06,1.39459e+07,0,0,0,2.95599e+08,46.5669,61.308,1.47922,0,1,2.43439,2.16249,0,1.88081,2.96352,9.00468e+06,3.61194e+06,2.19209e+07,0,0,0,8.03099e+07
50.7641,85.139,1.10882,0.31,0.02,3.11312,3.38463,0,0.603165,5.32224,4.33291e+06,2.70226e+06,1.34889e+07,0,0,0,2.95599e+08,45.7674,61.308,1.33751,0,1,2.33033,2.05882,0,1.88081,2.96352,9.00468e+06,3.61194e+06,2.09838e+07,0,0,0,8.03099e+07
49.1185,85.139,1.19687,0.33,0.02,3.08285,3.38525,0,0.583399,5.32224,4.33291e+06,2.70226e+06,1.33577e+07,0,0,0,2.95599e+08,45.4219,61.308,1.62434,0,1,2.3616,2.0592,0,1.80041,2.96352,9.00468e+06,3.61194e+06,2.12655e+07,0,0,0,8.03099e+07
47.6698,85.139,1.38034,0.32,0.02,3.08348,3.38588,0,0.577727,5.32224,4.33291e+06,2.70226e+06,1.33604e+07,0,0,0,2.95599e+08,45.2984,61.308,2.03893,0,1,2.36198,2.05958,0,1.82457,2.96352,9.00468e+06,3.61194e+06,2.12689e+07,0,0,0,8.03099e+07
46.2076,85.139,1.36826,0.32,0.02,3.0841,3.3865,0,0.577844,5.32224,4.33291e+06,2.70226e+06,1.33632e+07,0,0,0,2.95599e+08,45.2864,61.308,2.02823,0,1,2.36236,2.05996,0,1.82487,2.96352,9.00468e+06,3.61194e+06,2.12723e+07,0,0,0,8.03099e+07
44.8421,85.139,1.44285,0.33,0.02,2.99723,3.29963,0,0.577961,5.32224,4.33291e+06,2.70226e+06,1.29867e+07,0,0,0,2.95599e+08,44.8684,61.308,2.29953,0,1,2.26795,1.96555,0,1.82516,2.96352,9.00468e+06,3.61194e+06,2.04221e+07,0,0,0,8.03099e+07
42.8959,85.139,0.694542,0.39,0.02,2.94452,3.30024,0,0.561681,5.32224,4.33291e+06,2.96515e+06,1.27584e+07,0,0,0,2.95599e+08,44.3718,61.308,0.938467,0,1,2.23655,1.96591,0,1.75222,2.96352,9.00468e+06,3.96333e+06,2.01394e+07,0,0,0,8.03099e+07
41.1955,85.139,0.917247,0.39,0.02,2.94512,3.30085,0,0.551803,5.32224,4.33291e+06,2.96515e+06,1.27609e+07,0,0,0,2.95599e+08,44.3522,61.308,2.2908,0,1,2.2369,1.96627,0,1.72796,2.96352,9.00468e+06,3.96333e+06,2.01426e+07,0,0,0,8.03099e+07
41.1254,85.139,2.50193,0.4,0.02,2.73236,3.30146,0,0.551915,5.32224,4.33291e+06,3.55818e+06,1.18391e+07,0,0,0,2.95599e+08,45.3032,61.308,4.57721,0,1,2.11016,1.96664,0,1.72823,2.96352,9.00468e+06,4.756e+06,1.90013e+07,0,0,0,8.03099e+07
40.2476,85.139,1.4755,0.41,0.02,2.50432,3.05339,0,0.512043,5.32224,4.33291e+06,3.55818e+06,1.0851e+07,0,0,0,2.95599e+08,45.2439,61.308,2.2801,0,1,1.92888,1.76942,0,1.63031,2.96352,9.00468e+06,4.756e+06,1.73689e+07,0,0,0,8.03099e+07
39.9152,85.139,2.06954,0.45,0.02,2.50484,3.05395,0,0.46931,5.32224,4.33291e+06,3.55818e+06,1.08533e+07,0,0,0,2.95599e+08,44.8119,61.308,1.44781,0,1,1.92918,1.76975,0,1.49025,2.96352,9.00468e+06,4.756e+06,1.73716e+07,0,0,0,8.03099e+07
42.0618,85.139,4.85725,0.46,0.02,2.50536,3.05451,0,0.469407,5.32224,4.33291e+06,3.55818e+06,1.08555e+07,0,0,0,2.95599e+08,45.4763,61.308,4.6484,0,1,1.92948,1.77007,0,1.49048,2.96352,9.00468e+06,4.756e+06,1.73744e+07,0,0,0,8.03099e+07
43.7697,85.139,4.32827,0.48,0.02,2.50588,3.05508,0,0.469504,5.32224,4.33291e+06,3.55818e+06,1.08577e+07,0,0,0,2.95599e+08,45.3255,61.308,2.4729,0,1,1.92978,1.7704,0,1.49072,2.96352,9.00468e+06,4.756e+06,1.73771e+07,0,0,0,8.03099e+07
45.3184,85.139,4.08982,0.53,0.02,2.50639,3.05564,0,0.469601,5.32224,4.33291e+06,3.55818e+06,1.086e+07,0,0,0,2.95599e+08,45.2372,61.308,2.41303,0,1,1.93008,1.77073,0,1.49095,2.96352,9.00468e+06,4.756e+06,1.73798e+07,0,0,0,8.03099e+07
46.767,85.139,4.03495,0.55,0.02,2.59491,3.15193,0,0.469698,5.32224,4.33291e+06,3.55818e+06,1.12435e+07,0,0,0,2.95599e+08,45.6021,61.308,2.84545,0,1,1.98301,1.82831,0,1.49118,2.96352,9.00468e+06,4.756e+06,1.78564e+07,0,0,0,8.03099e+07
48.3999,85.139,4.23409,0.53,0.02,2.59541,3.15248,0,0.486285,5.32224,4.33291e+06,3.55818e+06,1.12457e+07,0,0,0,2.95599e+08,46.0378,61.308,2.94353,0,1,1.98331,1.82863,0,1.53207,2.96352,9.00468e+06,4.756e+06,1.7859e+07,0,0,0,8.03099e+07
51.3583,85.139,5.65643,0.56,0.02,2.59592,3.15303,0,0.48638,5.32224,4.33291e+06,3.55818e+06,1.12479e+07,0,0,0,2.95599e+08,47.041,61.308,4.15522,0,1,1.9836,1.82895,0,1.5323,2.96352,9.00468e+06,4.756e+06,1.78617e+07,0,0,0,8.03099e+07
55.9556,85.139,7.5233,0.53,0.02,2.59643,3.15358,0,0.486475,5.32224,4.33291e+06,3.55818e+06,1.12501e+07,0,0,0,2.95599e+08,48.3876,61.308,5.16914,0,1,1.98389,1.82927,0,1.53253,2.96352,9.00468e+06,4.756e+06,1.78643e+07,0,0,0,8.03099e+07
57.8045,85.139,4.96008,0.56,0.02,2.87973,3.46178,0,0.48657,5.32224,4.33291e+06,3.55818e+06,1.24776e+07,0,0,0,2.95599e+08,49.0179,61.308,4.31069,0,1,2.18193,2.04471,0,1.53276,2.96352,9.00468e+06,4.756e+06,1.96476e+07,0,0,0,8.03099e+07
59.5497,85.139,4.84708,0.55,0.02,2.88028,3.46239,0,0.539661,5.32224,4.33291e+06,3.55818e+06,1.248e+07,0,0,0,2.95599e+08,50.173,61.308,5.81839,0,1,2.18226,2.04507,0,1.68576,2.96352,9.00468e+06,4.756e+06,1.96505e+07,0,0,0,8.03099e+07
60.9508,85.139,4.58974,0.56,0.02,2.88084,3.46299,0,0.539765,5.32224,4.33291e+06,3.55818e+06,1.24824e+07,0,0,0,2.95599e+08,51.091,61.308,4.80155,0,1,2.18259,2.04542,0,1.68601,2.96352,9.00468e+06,4.756e+06,1.96535e+07,0,0,0,8.03099e+07
61.847,85.139,3.97544,0.55,0.02,2.8814,3.4636,0,0.539869,5.32224,4.33291e+06,3.55818e+06,1.24848e+07,0,0,0,2.95599e+08,51.5695,61.308,3.33972,0,1,2.18292,2.04578,0,1.68627,2.96352,9.00468e+06,4.756e+06,1.96565e+07,0,0,0,8.03099e+07
64.7712,85.139,5.79467,0.6,0.02,2.47832,3.02509,0,0.539974,5.32224,4.33291e+06,3.55818e+06,1.07383e+07,0,0,0,2.95599e+08,52.7468,61.308,5.61751,0,1,1.91769,1.75724,0,1.68652,2.96352,9.00468e+06,4.756e+06,1.72681e+07,0,0,0,8.03099e+07
66.7883,85.139,4.83263,0.55,0.02,2.4788,3.02562,0,0.464436,5.32224,4.33291e+06,3.55818e+06,1.07404e+07,0,0,0,2.95599e+08,53.6929,61.308,4.76842,0,1,1.91797,1.75755,0,1.4816,2.96352,9.00468e+06,4.756e+06,1.72707e+07,0,0,0,8.03099e+07
68.7918,85.139,4.9428,0.58,0.02,2.47929,3.02615,0,0.464527,5.32224,4.33291e+06,3.55818e+06,1.07425e+07,0,0,0,2.95599e+08,54.1564,61.308,4.48792,0,1,1.91825,1.75786,0,1.48182,2.96352,9.00468e+06,4.756e+06,1.72732e+07,0,0,0,8.03099e+07
69.6323,85.139,3.7111,0.56,0.02,2.47977,3.02668,0,0.464618,5.32224,4.33291e+06,3.55818e+06,1.07446e+07,0,0,0,2.95599e+08,54.456,61.308,3.51778,0,1,1.91853,1.75816,0,1.48204,2.96352,9.00468e+06,4.756e+06,1.72758e+07,0,0,0,8.03099e+07
71.1358,85.139,4.41814,0.58,0.02,2.48026,3.02721,0,0.46471,5.32224,4.33291e+06,3.55818e+06,1.07468e+07,0,0,0,2.95599e+08,54.7854,61.308,3.70782,0,1,1.91882,1.75847,0,1.48226,2.96352,9.00468e+06,4.756e+06,1.72783e+07,0,0,0,8.03099e+07
72.9532,85.139,4.81496,0.63,0.02,2.58244,3.13836,0,0.464801,5.32224,4.33291e+06,3.55818e+06,1.11895e+07,0,0,0,2.95599e+08,55.0804,61.308,4.74117,0,1,1.98412,1.82951,0,1.48248,2.96352,9.00468e+06,4.756e+06,1.78664e+07,0,0,0,8.03099e+07
73.8204,85.139,3.85573,0.63,0.02,2.58294,3.13891,0,0.483949,5.32224,4.33291e+06,3.55818e+06,1.11917e+07,0,0,0,2.95599e+08,55.0729,61.308,2.71135,0,1,1.98441,1.82983,0,1.53293,2.96352,9.00468e+06,4.756e+06,1.7869e+07,0,0,0,8.03099e+07
74.2127,85.139,3.36612,0.54,0.02,2.58344,3.13946,0,0.484043,5.32224,4.33291e+06,3.55818e+06,1.11938e+07,0,0,0,2.95599e+08,54.7331,61.308,2.19129,0,1,1.98471,1.83015,0,1.53316,2.96352,9.00468e+06,4.756e+06,1.78717e+07,0,0,0,8.03099e+07
74.4207,85.139,3.1334,0.55,0.02,2.58395,3.14001,0,0.484138,5.32224,4.33291e+06,3.55818e+06,1.1196e+07,0,0,0,2.95599e+08,54.5845,61.308,1.96849,0,1,1.985,1.83047,0,1.53339,2.96352,9.00468e+06,4.756e+06,1.78743e+07,0,0,0,8.03099e+07
74.8606,85.139,3.30126,0.55,0.02,2.54467,3.09727,0,0.484232,5.32224,4.33291e+06,3.55818e+06,1.10258e+07,0,0,0,2.95599e+08,54.661,61.308,2.54308,0,1,1.96002,1.8033,0,1.53361,2.96352,9.00468e+06,4.756e+06,1.76494e+07,0,0,0,8.03099e+07
75.1401,85.139,3.16948,0.56,0.02,2.54516,3.09782,0,0.47687,5.32224,4.33291e+06,3.55818e+06,1.1028e+07,0,0,0,2.95599e+08,54.9271,61.308,3.03119,0,1,1.96031,1.80362,0,1.51431,2.96352,9.00468e+06,4.756e+06,1.7652e+07,0,0,0,8.03099e+07
75.195,85.139,2.87201,0.55,0.02,2.54566,3.09836,0,0.476963,5.32224,4.33291e+06,3.55818e+06,1.10301e+07,0,0,0,2.95599e+08,54.9707,61.308,2.68999,0,1,1.9606,1.80393,0,1.51454,2.96352,9.00468e+06,4.756e+06,1.76546e+07,0,0,0,8.03099e+07
75.1965,85.139,2.78782,0.5,0.02,2.54616,3.0989,0,0.477057,5.32224,4.33291e+06,3.55818e+06,1.10323e+07,0,0,0,2.95599e+08,55.0749,61.308,2.89203,0,1,1.96089,1.80425,0,1.51476,2.96352,9.00468e+06,4.756e+06,1.76572e+07,0,0,0,8.03099e+07
74.9013,85.139,2.5903,0.46,0.02,2.68181,3.24647,0,0.47715,5.32224,4.33291e+06,3.55818e+06,1.162e+07,0,0,0,2.95599e+08,55.1062,61.308,2.63826,0,1,2.05087,1.90213,0,1.51499,2.96352,9.00468e+06,4.756e+06,1.84674e+07,0,0,0,8.03099e+07
74.611,85.139,2.56079,0.43,0.02,2.68233,3.24703,0,0.50257,5.32224,4.33291e+06,3.55818e+06,1.16223e+07,0,0,0,2.95599e+08,55.1723,61.308,2.86178,0,1,2.05117,1.90246,0,1.5845,2.96352,9.00468e+06,4.756e+06,1.84701e+07,0,0,0,8.03099e+07
74.0757,85.139,2.3056,0.41,0.02,2.68285,3.2476,0,0.502668,5.32224,4.33291e+06,3.55818e+06,1.16246e+07,0,0,0,2.95599e+08,55.171,61.308,2.63934,0,1,2.05148,1.90279,0,1.58473,2.96352,9.00468e+06,4.756e+06,1.84729e+07,0,0,0,8.03099e+07
73.3109,85.139,2.23854,0.39,0.02,2.89329,3.24817,0,0.502766,5.32224,4.33291e+06,2.96515e+06,1.25364e+07,0,0,0,2.95599e+08,55.1012,61.308,2.40689,0,1,2.17477,1.90312,0,1.58497,2.96352,9.00468e+06,3.96333e+06,1.95831e+07,0,0,0,8.03099e+07
72.4743,85.139,1.96405,0.46,0.02,2.68389,3.24874,0,0.542202,5.32224,4.33291e+06,3.55818e+06,1.16291e+07,0,0,0,2.95599e+08,54.9635,61.308,2.2434,0,1,2.05209,1.90346,0,1.68023,2.96352,9.00468e+06,4.756e+06,1.84784e+07,0,0,0,8.03099e+07
71.6098,85.139,2.0645,0.39,0.02,2.86577,3.2202,0,0.502961,5.32224,4.33291e+06,2.96515e+06,1.24172e+07,0,0,0,2.95599e+08,54.9931,61.308,2.80522,0,1,2.22823,1.95746,0,1.58544,2.96352,9.00468e+06,3.96333e+06,2.00645e+07,0,0,0,8.03099e+07
70.6589,85.139,2.02101,0.38,0.02,2.91836,3.22076,0,0.537046,5.32224,4.33291e+06,2.70226e+06,1.2645e+07,0,0,0,2.95599e+08,55.0373,61.308,2.67688,0,1,2.2602,1.9578,0,1.72153,2.96352,9.00468e+06,3.61194e+06,2.03524e+07,0,0,0,8.03099e+07
69.5741,85.139,1.85497,0.34,0.02,2.91893,3.22133,0,0.546901,5.32224,4.33291e+06,2.70226e+06,1.26475e+07,0,0,0,2.95599e+08,55.0093,61.308,2.62726,0,1,2.26054,1.95814,0,1.74623,2.96352,9.00468e+06,3.61194e+06,2.03554e+07,0,0,0,8.03099e+07
68.4088,85.139,1.73856,0.32,0.02,2.91949,3.22189,0,0.547007,5.32224,4.33291e+06,2.70226e+06,1.26499e+07,0,0,0,2.95599e+08,54.8817,61.308,2.53679,0,1,2.26088,1.95848,0,1.74649,2.96352,9.00468e+06,3.61194e+06,2.03585e+07,0,0,0,8.03099e+07
67.1371,85.139,1.69439,0.31,0.02,2.99526,3.29766,0,0.547112,5.32224,4.33291e+06,2.70226e+06,1.29782e+07,0,0,0,2.95599e+08,54.7328,61.308,2.47496,0,1,2.30909,2.00669,0,1.74676,2.96352,9.00468e+06,3.61194e+06,2.07926e+07,0,0,0,8.03099e+07
65.9627,85.139,1.77409,0.34,0.02,2.99583,3.29823,0,0.561311,5.32224,4.33291e+06,2.70226e+06,1.29807e+07,0,0,0,2.95599e+08,54.4794,61.308,2.22919,0,1,2.30944,2.00704,0,1.784,2.96352,9.00468e+06,3.61194e+06,2.07958e+07,0,0,0,8.03099e+07
64.6907,85.139,1.65725,0.31,0.02,2.99641,3.29881,0,0.561419,5.32224,4.33291e+06,2.70226e+06,1.29832e+07,0,0,0,2.95599e+08,54.1738,61.308,2.1112,0,1,2.30979,2.00739,0,1.78427,2.96352,9.00468e+06,3.61194e+06,2.07989e+07,0,0,0,8.03099e+07
63.3013,85.139,1.52112,0.31,0.02,2.99698,3.29938,0,0.561527,5.32224,4.33291e+06,2.70226e+06,1.29857e+07,0,0,0,2.95599e+08,53.8618,61.308,1.98453,0,1,2.31014,2.00774,0,1.78454,2.96352,9.00468e+06,3.61194e+06,2.08021e+07,0,0,0,8.03099e+07
62.0543,85.139,1.81636,0.29,0.02,3.21795,3.52035,0,0.561635,5.32224,4.33291e+06,2.70226e+06,1.39431e+07,0,0,0,2.95599e+08,53.6769,61.308,2.60007,0,1,2.48338,2.18098,0,1.78482,2.96352,9.00468e+06,3.61194e+06,2.2362e+07,0,0,0,8.03099e+07
60.4207,85.139,1.47703,0.31,0.02,3.26795,3.52097,0,0.603044,5.32224,4.33291e+06,2.70226e+06,1.41598e+07,0,0,0,2.95599e+08,53.2427,61.308,1.78884,0,1,2.43437,2.18136,0,1.91866,2.96352,9.00468e+06,3.61194e+06,2.19207e+07,0,0,0,8.03099e+07
58.9468,85.139,1.62926,0.3,0.02,3.26895,3.52158,0,0.612415,5.32224,4.33291e+06,2.70226e+06,1.41641e+07,0,0,0,2.95599e+08,52.728,61.308,2.08303,0,1,2.43437,2.18174,0,1.8808,2.96352,9.00468e+06,3.61194e+06,2.19207e+07,0,0,0,8.03099e+07
57.1681,85.139,1.31299,0.29,0.02,3.26994,3.52219,0,0.612601,5.32224,4.33291e+06,2.70226e+06,1.41684e+07,0,0,0,2.95599e+08,52.2097,61.308,1.56415,0,1,2.43437,2.18212,0,1.8808,2.96352,9.00468e+06,3.61194e+06,2.19207e+07,0,0,0,8.03099e+07
55.6792,85.139,1.56971,0.28,0.02,3.27094,3.52281,0,0.612788,5.32224,4.33291e+06,2.70226e+06,1.41727e+07,0,0,0,2.95599e+08,51.9909,61.308,2.56871,0,1,2.43437,2.1825,0,1.8808,2.96352,9.00468e+06,3.61194e+06,2.19207e+07,0,0,0,8.03099e+07
54.404,85.139,1.68459,0.33,0.02,3.16443,3.41592,0,0.612974,5.32224,4.33291e+06,2.70226e+06,1.37112e+07,0,0,0,2.95599e+08,51.7737,61.308,2.41343,0,1,2.32934,2.07786,0,1.8808,2.96352,9.00468e+06,3.61194e+06,2.0975e+07,0,0,0,8.03099e+07
53.5357,85.139,2.07069,0.32,0.02,3.11412,3.41652,0,0.593015,5.32224,4.33291e+06,2.70226e+06,1.34932e+07,0,0,0,2.95599e+08,51.715,61.308,2.56093,0,1,2.38062,2.07822,0,1.79965,2.96352,9.00468e+06,3.61194e+06,2.14367e+07,0,0,0,8.03099e+07
53.3501,85.139,2.77217,0.33,0.02,3.11471,3.41711,0,0.583586,5.32224,4.33291e+06,2.70226e+06,1.34958e+07,0,0,0,2.95599e+08,51.8712,61.308,3.305,0,1,2.38098,2.07858,0,1.83927,2.96352,9.00468e+06,3.61194e+06,2.144e+07,0,0,0,8.03099e+07
53.8611,85.139,3.56763,0.32,0.02,3.11531,3.41771,0,0.583697,5.32224,4.33291e+06,2.70226e+06,1.34984e+07,0,0,0,2.95599e+08,52.5841,61.308,4.95744,0,1,2.38134,2.07894,0,1.83955,2.96352,9.00468e+06,3.61194e+06,2.14432e+07,0,0,0,8.03099e+07
53.854,85.139,2.98446,0.33,0.02,3.0276,3.33,0,0.583809,5.32224,4.33291e+06,2.70226e+06,1.31183e+07,0,0,0,2.95599e+08,52.7883,61.308,3.32994,0,1,2.28604,1.98364,0,1.83983,2.96352,9.00468e+06,3.61194e+06,2.0585e+07,0,0,0,8.03099e+07
52.2638,85.139,1.31014,0.36,0.02,3.02818,3.33058,0,0.567373,5.32224,4.33291e+06,2.70226e+06,1.31209e+07,0,0,0,2.95599e+08,52.8522,61.308,2.88681,0,1,2.28638,1.98398,0,1.76619,2.96352,9.00468e+06,3.61194e+06,2.05882e+07,0,0,0,8.03099e+07
51.2073,85.139,1.93909,0.36,0.02,3.02877,3.33117,0,0.567482,5.32224,4.33291e+06,2.70226e+06,1.31234e+07,0,0,0,2.95599e+08,53.3599,61.308,3.70447,0,1,2.28673,1.98433,0,1.76646,2.96352,9.00468e+06,3.61194e+06,2.05913e+07,0,0,0,8.03099e+07
51.8538,85.139,3.68959,0.37,0.02,3.02935,3.33175,0,0.567591,5.32224,4.33291e+06,2.70226e+06,1.31259e+07,0,0,0,2.95599e+08,54.4234,61.308,5.21944,0,1,2.28708,1.98468,0,1.76673,2.96352,9.00468e+06,3.61194e+06,2.05944e+07,0,0,0,8.03099e+07
52.4639,85.139,3.6003,0.37,0.02,2.77897,3.08137,0,0.567699,5.32224,4.33291e+06,2.70226e+06,1.2041e+07,0,0,0,2.95599e+08,55.3093,61.308,5.69535,0,1,2.08803,1.78563,0,1.767,2.96352,9.00468e+06,3.61194e+06,1.88021e+07,0,0,0,8.03099e+07
51.2974,85.139,1.68968,0.37,0.02,2.7795,3.0819,0,0.520778,5.32224,4.33291e+06,2.70226e+06,1.20433e+07,0,0,0,2.95599e+08,55.7517,61.308,4.00929,0,1,2.08835,1.78595,0,1.61322,2.96352,9.00468e+06,3.61194e+06,1.88049e+07,0,0,0,8.03099e+07
49.9707,85.139,1.51604,0.37,0.02,2.78004,3.08244,0,0.520879,5.32224,4.33291e+06,2.70226e+06,1.20457e+07,0,0,0,2.95599e+08,56.2946,61.308,4.08062,0,1,2.08866,1.78626,0,1.61346,2.96352,9.00468e+06,3.61194e+06,1.88077e+07,0,0,0,8.03099e+07
49.3273,85.139,1.99349,0.47,0.02,2.53152,3.08298,0,0.52098,5.32224,4.33291e+06,3.55818e+06,1.09689e+07,0,0,0,2.95599e+08,56.7914,61.308,3.89511,0,1,1.94464,1.78657,0,1.6137,2.96352,9.00468e+06,4.756e+06,1.75109e+07,0,0,0,8.03099e+07
52.4139,85.139,5.68699,0.49,0.02,2.53202,3.08352,0,0.474408,5.32224,4.33291e+06,3.55818e+06,1.0971e+07,0,0,0,2.95599e+08,58.4688,61.308,6.58899,0,1,1.94493,1.78688,0,1.50243,2.96352,9.00468e+06,4.756e+06,1.75135e+07,0,0,0,8.03099e+07
52.914,85.139,3.26352,0.47,0.02,2.53202,3.08352,0,0.4745,5.32224,4.33291e+06,3.55818e+06,1.0971e+07,0,0,0,2.95599e+08,59.1556,61.308,4.43503,0,1,1.94493,1.78688,0,1.50265,2.96352,9.00468e+06,4.756e+06,1.75135e+07,0,0,0,8.03099e+07
53.0074,85.139,2.985,0.49,0.04,2.62131,3.18065,0,0.4745,6.048,4.33291e+06,3.55818e+06,1.13579e+07,0,0,0,2.95599e+08,59.708,61.308,4.09613,0,1,1.99833,1.84497,0,1.50265,2.96352,9.00468e+06,4.756e+06,1.79943e+07,0,0,0,8.03099e+07
56.7844,85.139,6.69563,0.54,0.04,2.62179,3.18118,0,0.491233,6.048,4.33291e+06,3.55818e+06,1.136e+07,0,0,0,2.95599e+08,61.4542,61.308,7.00433,0,1,1.99861,1.84527,0,1.54391,2.96352,9.00468e+06,4.756e+06,1.79968e+07,0,0,0,8.03099e+07
61.3187,85.139,7.57741,0.5,0.04,2.62227,3.1817,0,0.491323,6.048,4.33291e+06,3.55818e+06,1.13621e+07,0,0,0,2.95599e+08,62.3362,61.308,6.52047,0,1,1.99889,1.84558,0,1.54412,2.96352,9.00468e+06,4.756e+06,1.79993e+07,0,0,0,8.03099e+07
69.8178,85.139,11.8217,0.55,0.04,2.62275,3.18223,0,0.491414,6.048,4.33291e+06,3.55818e+06,1.13642e+07,0,0,0,2.95599e+08,62.3362,61.308,8.37556,0,1,1.99917,1.84588,0,1.54434,2.96352,9.00468e+06,4.756e+06,1.80018e+07,0,0,0,8.03099e+07
70.305,85.139,3.71932,0.41,0.04,2.9086,3.49319,0,0.491504,6.048,4.33291e+06,3.55818e+06,1.26027e+07,0,0,0,2.95599e+08,62.3362,61.308,4.4013,0,1,2.19898,2.06326,0,1.54456,2.96352,9.00468e+06,4.756e+06,1.98011e+07,0,0,0,8.03099e+07
71.2311,85.139,4.18278,0.43,0.04,2.90913,3.49376,0,0.545071,6.048,4.33291e+06,3.55818e+06,1.2605e+07,0,0,0,2.95599e+08,62.3362,61.308,4.91308,0,1,2.19929,2.0636,0,1.69893,2.96352,9.00468e+06,4.756e+06,1.98039e+07,0,0,0,8.03099e+07
72.2874,85.139,4.37632,0.44,0.04,2.90965,3.49434,0,0.54517,6.048,4.33291e+06,3.55818e+06,1.26073e+07,0,0,0,2.95599e+08,62.3362,61.308,4.6538,0,1,2.19961,2.06394,0,1.69917,2.96352,9.00468e+06,4.756e+06,1.98068e+07,0,0,0,8.03099e+07
72.6766,85.139,3.68849,0.46,0.04,2.91018,3.49492,0,0.545269,6.048,4.33291e+06,3.55818e+06,1.26096e+07,0,0,0,2.95599e+08,62.3362,61.308,4.09656,0,1,2.19992,2.06428,0,1.69942,2.96352,9.00468e+06,4.756e+06,1.98096e+07,0,0,0,8.03099e+07
76.2847,85.139,6.70354,0.5,0.04,2.50343,3.05242,0,0.545369,6.048,4.33291e+06,3.55818e+06,1.08472e+07,0,0,0,2.95599e+08,62.3362,61.308,12.4661,0,1,1.93228,1.77311,0,1.69966,2.96352,9.00468e+06,4.756e+06,1.73995e+07,0,0,0,8.03099e+07
78.4434,85.139,5.30461,0.45,0.04,2.50389,3.05292,0,0.469143,6.048,4.33291e+06,3.55818e+06,1.08492e+07,0,0,0,2.95599e+08,62.3362,61.308,9.67015,0,1,1.93254,1.77341,0,1.49288,2.96352,9.00468e+06,4.756e+06,1.74019e+07,0,0,0,8.03099e+07
79.6726,85.139,4.28985,0.48,0.04,2.50436,3.05342,0,0.46923,6.048,4.33291e+06,3.55818e+06,1.08512e+07,0,0,0,2.95599e+08,62.3362,61.308,7.23274,0,1,1.93281,1.7737,0,1.49308,2.96352,9.00468e+06,4.756e+06,1.74044e+07,0,0,0,8.03099e+07
81.4623,85.139,4.83769,0.4,0.04,2.50482,3.05393,0,0.469316,6.048,4.33291e+06,3.55818e+06,1.08532e+07,0,0,0,2.95599e+08,62.3362,61.308,9.35604,0,1,1.93308,1.77399,0,1.49329,2.96352,9.00468e+06,4.756e+06,1.74068e+07,0,0,0,8.03099e+07
83.2486,85.139,4.94613,0.44,0.04,2.50528,3.05443,0,0.469403,6.048,4.33291e+06,3.55818e+06,1.08552e+07,0,0,0,2.95599e+08,62.3362,61.308,8.67357,0,1,1.93335,1.77428,0,1.4935,2.96352,9.00468e+06,4.756e+06,1.74092e+07,0,0,0,8.03099e+07
83.1457,85.139,2.99749,0.47,0.04,2.60835,3.16655,0,0.46949,6.048,4.33291e+06,3.55818e+06,1.13017e+07,0,0,0,2.95599e+08,62.3362,61.308,5.37506,0,1,1.99923,1.84595,0,1.49371,2.96352,9.00468e+06,4.756e+06,1.80024e+07,0,0,0,8.03099e+07
82.712,85.139,2.64211,0.48,0.04,2.60883,3.16707,0,0.488804,6.048,4.33291e+06,3.55818e+06,1.13038e+07,0,0,0,2.95599e+08,62.3362,61.308,5.01415,0,1,1.9995,1.84625,0,1.5446,2.96352,9.00468e+06,4.756e+06,1.80049e+07,0,0,0,8.03099e+07
82.5086,85.139,2.82921,0.46,0.04,2.60931,3.1676,0,0.488894,6.048,4.33291e+06,3.55818e+06,1.13059e+07,0,0,0,2.95599e+08,62.3362,61.308,4.94015,0,1,1.99978,1.84656,0,1.54482,2.96352,9.00468e+06,4.756e+06,1.80074e+07,0,0,0,8.03099e+07
81.8204,85.139,2.29619,0.45,0.04,2.60979,3.16812,0,0.488984,6.048,4.33291e+06,3.55818e+06,1.1308e+07,0,0,0,2.95599e+08,62.3362,61.308,4.13463,0,1,2.00006,1.84686,0,1.54503,2.96352,9.00468e+06,4.756e+06,1.80099e+07,0,0,0,8.03099e+07
81.2821,85.139,2.40194,0.45,0.04,2.57012,3.12497,0,0.489074,6.048,4.33291e+06,3.55818e+06,1.11361e+07,0,0,0,2.95599e+08,62.3362,61.308,3.97746,0,1,1.97485,1.81943,0,1.54525,2.96352,9.00468e+06,4.756e+06,1.77829e+07,0,0,0,8.03099e+07
81.7714,85.139,3.45738,0.41,0.04,2.5706,3.12548,0,0.481641,6.048,4.33291e+06,3.55818e+06,1.11382e+07,0,0,0,2.95599e+08,62.3362,61.308,4.52466,0,1,1.97512,1.81973,0,1.52577,2.96352,9.00468e+06,4.756e+06,1.77853e+07,0,0,0,8.03099e+07
81.4684,85.139,2.62574,0.42,0.04,2.57107,3.126,0,0.48173,6.048,4.33291e+06,3.55818e+06,1.11402e+07,0,0,0,2.95599e+08,62.3362,61.308,4.09774,0,1,1.9754,1.82003,0,1.52598,2.96352,9.00468e+06,4.756e+06,1.77878e+07,0,0,0,8.03099e+07
80.5195,85.139,2.13272,0.38,0.04,2.82411,3.12651,0,0.481818,6.048,4.33291e+06,2.70226e+06,1.22366e+07,0,0,0,2.95599e+08,62.3362,61.308,3.58437,0,1,2.12273,1.82033,0,1.52619,2.96352,9.00468e+06,3.61194e+06,1.91145e+07,0,0,0,8.03099e+07
79.4601,85.139,2.09936,0.34,0.04,2.97297,3.27537,0,0.529239,6.048,4.33291e+06,2.70226e+06,1.28816e+07,0,0,0,2.95599e+08,62.3362,61.308,3.23604,0,1,2.22146,1.91906,0,1.64002,2.96352,9.00468e+06,3.61194e+06,2.00035e+07,0,0,0,8.03099e+07
78.4958,85.139,1.90075,0.43,0.04,2.70887,3.2759,0,0.557134,6.048,4.33291e+06,3.55818e+06,1.17373e+07,0,0,0,2.95599e+08,62.3362,61.308,3.15164,0,1,2.06672,1.91937,0,1.7163,2.96352,9.00468e+06,4.756e+06,1.86102e+07,0,0,0,8.03099e+07
77.5156,85.139,1.87568,0.42,0.04,2.70936,3.27644,0,0.507641,6.048,4.33291e+06,3.55818e+06,1.17394e+07,0,0,0,2.95599e+08,62.3362,61.308,3.20003,0,1,2.06701,1.91969,0,1.59675,2.96352,9.00468e+06,4.756e+06,1.86128e+07,0,0,0,8.03099e+07
76.2094,85.139,1.75692,0.38,0.04,2.97458,3.27698,0,0.507734,6.048,4.33291e+06,2.70226e+06,1.28886e+07,0,0,0,2.95599e+08,62.3362,61.308,3.06209,0,1,2.22241,1.92001,0,1.59697,2.96352,9.00468e+06,3.61194e+06,2.00121e+07,0,0,0,8.03099e+07
74.8122,85.139,1.64197,0.34,0.04,2.97512,3.27752,0,0.557437,6.048,4.33291e+06,2.70226e+06,1.2891e+07,0,0,0,2.95599e+08,61.9384,61.308,2.19846,0,1,2.22272,1.92032,0,1.71703,2.96352,9.00468e+06,3.61194e+06,2.00149e+07,0,0,0,8.03099e+07
73.3419,85.139,1.52655,0.32,0.04,2.9463,3.2487,0,0.557538,6.048,4.33291e+06,2.70226e+06,1.27661e+07,0,0,0,2.95599e+08,61.3732,61.308,1.6633,0,1,2.27718,1.97478,0,1.71728,2.96352,9.00468e+06,3.61194e+06,2.05053e+07,0,0,0,8.03099e+07
71.7546,85.139,1.39787,0.37,0.04,2.94684,3.24924,0,0.552137,6.048,4.33291e+06,2.70226e+06,1.27684e+07,0,0,0,2.95599e+08,60.677,61.308,1.65814,0,1,2.27751,1.97511,0,1.75935,2.96352,9.00468e+06,3.61194e+06,2.05082e+07,0,0,0,8.03099e+07
70.0557,85.139,1.26411,0.34,0.04,2.94737,3.24977,0,0.552238,6.048,4.33291e+06,2.70226e+06,1.27707e+07,0,0,0,2.95599e+08,59.9349,61.308,1.48614,0,1,2.27783,1.97543,0,1.7596,2.96352,9.00468e+06,3.61194e+06,2.05112e+07,0,0,0,8.03099e+07
68.3494,85.139,1.20773,0.32,0.04,2.94791,3.25031,0,0.552338,6.048,4.33291e+06,2.70226e+06,1.2773e+07,0,0,0,2.95599e+08,59.2147,61.308,1.45839,0,1,2.27816,1.97576,0,1.75985,2.96352,9.00468e+06,3.61194e+06,2.05141e+07,0,0,0,8.03099e+07
66.7649,85.139,1.38192,0.31,0.04,3.02431,3.32671,0,0.552438,6.048,4.33291e+06,2.70226e+06,1.31041e+07,0,0,0,2.95599e+08,58.7569,61.308,1.76364,0,1,2.32677,2.02437,0,1.76011,2.96352,9.00468e+06,3.61194e+06,2.09518e+07,0,0,0,8.03099e+07
65.0918,85.139,1.26301,0.34,0.04,3.02486,3.32726,0,0.566756,6.048,4.33291e+06,2.70226e+06,1.31065e+07,0,0,0,2.95599e+08,58.064,61.308,1.70712,0,1,2.3271,2.0247,0,1.79766,2.96352,9.00468e+06,3.61194e+06,2.09548e+07,0,0,0,8.03099e+07
63.334,85.139,1.15911,0.33,0.04,3.02541,3.32781,0,0.566859,6.048,4.33291e+06,2.70226e+06,1.31088e+07,0,0,0,2.95599e+08,57.5047,61.308,1.50576,0,1,2.32744,2.02504,0,1.79792,2.96352,9.00468e+06,3.61194e+06,2.09578e+07,0,0,0,8.03099e+07
61.6629,85.139,1.21925,0.32,0.04,3.02596,3.32836,0,0.566962,6.048,4.33291e+06,2.70226e+06,1.31112e+07,0,0,0,2.95599e+08,56.6979,61.308,1.77556,0,1,2.32777,2.02537,0,1.79818,2.96352,9.00468e+06,3.61194e+06,2.09608e+07,0,0,0,8.03099e+07
59.5889,85.139,0.953621,0.33,0.04,3.24883,3.55123,0,0.567064,6.048,4.33291e+06,2.70226e+06,1.40769e+07,0,0,0,2.95599e+08,55.7271,61.308,1.24665,0,1,2.50251,2.20011,0,1.79844,2.96352,9.00468e+06,3.61194e+06,2.25343e+07,0,0,0,8.03099e+07
57.4721,85.139,0.942347,0.32,0.04,3.31793,3.55181,0,0.60883,6.048,4.33291e+06,2.70226e+06,1.43763e+07,0,0,0,2.95599e+08,54.5712,61.308,1.28491,0,1,2.43435,2.20047,0,1.93344,2.96352,9.00468e+06,3.61194e+06,2.19206e+07,0,0,0,8.03099e+07
55.1961,85.139,0.75848,0.31,0.04,3.31888,3.5524,0,0.62178,6.048,4.33291e+06,2.70226e+06,1.43804e+07,0,0,0,2.95599e+08,53.709,61.308,0.927526,0,1,2.43435,2.20083,0,1.88078,2.96352,9.00468e+06,3.61194e+06,2.19206e+07,0,0,0,8.03099e+07
53.1175,85.139,0.918368,0.36,0.04,3.31982,3.55298,0,0.621957,6.048,4.33291e+06,2.70226e+06,1.43845e+07,0,0,0,2.95599e+08,52.7776,61.308,1.6091,0,1,2.43435,2.2012,0,1.88078,2.96352,9.00468e+06,3.61194e+06,2.19206e+07,0,0,0,8.03099e+07
50.8738,85.139,0.716288,0.35,0.04,3.32077,3.55357,0,0.622135,6.048,4.33291e+06,2.70226e+06,1.43886e+07,0,0,0,2.95599e+08,52.2311,61.308,1.1654,0,1,2.43435,2.20156,0,1.88078,2.96352,9.00468e+06,3.61194e+06,2.19206e+07,0,0,0,8.03099e+07
48.7204,85.139,0.686242,0.37,0.04,3.21328,3.44571,0,0.622312,6.048,4.33291e+06,2.70226e+06,1.39229e+07,0,0,0,2.95599e+08,51.5362,61.308,2.00729,0,1,2.32841,2.09598,0,1.88078,2.96352,9.00468e+06,3.61194e+06,2.09666e+07,0,0,0,8.03099e+07
46.5444,85.139,0.574158,0.36,0.04,3.14388,3.44628,0,0.602168,6.048,4.33291e+06,2.70226e+06,1.36222e+07,0,0,0,2.95599e+08,50.5063,61.308,1.057,0,1,2.39872,2.09632,0,1.79893,2.96352,9.00468e+06,3.61194e+06,2.15997e+07,0,0,0,8.03099e+07
44.6039,85.139,0.816205,0.36,0.04,3.14444,3.44684,0,0.589163,6.048,4.33291e+06,2.70226e+06,1.36246e+07,0,0,0,2.95599e+08,50.0183,61.308,1.2402,0,1,2.39907,2.09667,0,1.85325,2.96352,9.00468e+06,3.61194e+06,2.16028e+07,0,0,0,8.03099e+07
43.967,85.139,2.01769,0.43,0.04,2.86652,3.44741,0,0.589269,6.048,4.33291e+06,3.55818e+06,1.24204e+07,0,0,0,2.95599e+08,49.9622,61.308,2.24592,0,1,2.23001,2.09701,0,1.85352,2.96352,9.00468e+06,4.756e+06,2.00805e+07,0,0,0,8.03099e+07
42.4852,85.139,1.05402,0.44,0.04,2.78516,3.35891,0,0.537185,6.048,4.33291e+06,3.55818e+06,1.20679e+07,0,0,0,2.95599e+08,48.8582,61.308,1.21682,0,1,2.14162,2.00086,0,1.7229,2.96352,9.00468e+06,4.756e+06,1.92846e+07,0,0,0,8.03099e+07
40.8878,85.139,0.938601,0.43,0.04,2.78567,3.35946,0,0.52194,6.048,4.33291e+06,3.55818e+06,1.20701e+07,0,0,0,2.95599e+08,48.2905,61.308,0.86808,0,1,2.14192,2.00119,0,1.65462,2.96352,9.00468e+06,4.756e+06,1.92873e+07,0,0,0,8.03099e+07
39.6126,85.139,1.23904,0.44,0.04,2.78618,3.36001,0,0.522035,6.048,4.33291e+06,3.55818e+06,1.20723e+07,0,0,0,2.95599e+08,48.0879,61.308,2.13531,0,1,2.14223,2.00152,0,1.65485,2.96352,9.00468e+06,4.756e+06,1.92901e+07,0,0,0,8.03099e+07
40.3829,85.139,3.36938,0.51,0.04,2.78669,3.36057,0,0.52213,6.048,4.33291e+06,3.55818e+06,1.20745e+07,0,0,0,2.95599e+08,48.7365,61.308,4.19333,0,1,2.14253,2.00185,0,1.65508,2.96352,9.00468e+06,4.756e+06,1.92928e+07,0,0,0,8.03099e+07
40.4641,85.139,2.53071,0.5,0.04,2.55452,3.10799,0,0.522226,6.048,4.33291e+06,3.55818e+06,1.10685e+07,0,0,0,2.95599e+08,48.6224,61.308,2.02407,0,1,1.95797,1.80106,0,1.65532,2.96352,9.00468e+06,4.756e+06,1.76309e+07,0,0,0,8.03099e+07
40.7124,85.139,2.72389,0.51,0.04,2.55499,3.1085,0,0.478716,6.048,4.33291e+06,3.55818e+06,1.10705e+07,0,0,0,2.95599e+08,48.8759,61.308,3.02394,0,1,1.95824,1.80136,0,1.51273,2.96352,9.00468e+06,4.756e+06,1.76333e+07,0,0,0,8.03099e+07
40.3954,85.139,2.11011,0.53,0.04,2.55546,3.10901,0,0.478804,6.048,4.33291e+06,3.55818e+06,1.10726e+07,0,0,0,2.95599e+08,48.496,61.308,2.02626,0,1,1.95851,1.80166,0,1.51294,2.96352,9.00468e+06,4.756e+06,1.76358e+07,0,0,0,8.03099e+07
40.4143,85.139,2.4633,0.56,0.04,2.55593,3.10952,0,0.478892,6.048,4.33291e+06,3.55818e+06,1.10746e+07,0,0,0,2.95599e+08,48.0717,61.308,1.72985,0,1,1.95878,1.80195,0,1.51315,2.96352,9.00468e+06,4.756e+06,1.76382e+07,0,0,0,8.03099e+07
41.2062,85.139,3.33447,0.6,0.04,2.5564,3.11004,0,0.47898,6.048,4.33291e+06,3.55818e+06,1.10766e+07,0,0,0,2.95599e+08,48.2856,61.308,3.14749,0,1,1.95906,1.80225,0,1.51336,2.96352,9.00468e+06,4.756e+06,1.76407e+07,0,0,0,8.03099e+07
44.0296,85.139,5.55526,0.63,0.02,2.64642,3.20798,0,0.479069,6.048,4.33291e+06,3.55818e+06,1.14667e+07,0,0,0,2.95599e+08,49.1847,61.308,4.82202,0,1,2.0129,1.86082,0,1.51357,2.96352,9.00468e+06,4.756e+06,1.81255e+07,0,0,0,8.03099e+07
45.8783,85.139,4.56818,0.63,0.02,2.64688,3.20847,0,0.49594,6.048,4.33291e+06,3.55818e+06,1.14687e+07,0,0,0,2.95599e+08,49.6835,61.308,3.70841,0,1,2.01316,1.86111,0,1.55516,2.96352,9.00468e+06,4.756e+06,1.81279e+07,0,0,0,8.03099e+07
48.8687,85.139,5.8684,0.61,0.02,2.64734,3.20897,0,0.496025,6.048,4.33291e+06,3.55818e+06,1.14707e+07,0,0,0,2.95599e+08,50.182,61.308,3.89625,0,1,2.01343,1.8614,0,1.55537,2.96352,9.00468e+06,4.756e+06,1.81303e+07,0,0,0,8.03099e+07
50.1281,85.139,4.07454,0.64,0.02,2.6478,3.20947,0,0.496111,6.048,4.33291e+06,3.55818e+06,1.14727e+07,0,0,0,2.95599e+08,50.554,61.308,3.34971,0,1,2.01369,1.86168,0,1.55557,2.96352,9.00468e+06,4.756e+06,1.81326e+07,0,0,0,8.03099e+07
51.5414,85.139,4.51214,0.66,0.02,2.93605,3.52306,0,0.496197,6.048,4.33291e+06,3.55818e+06,1.27217e+07,0,0,0,2.95599e+08,50.9547,61.308,3.76987,0,1,2.2152,2.0809,0,1.55578,2.96352,9.00468e+06,4.756e+06,1.99472e+07,0,0,0,8.03099e+07
52.9705,85.139,4.602,0.64,0.02,2.93655,3.5236,0,0.550216,6.048,4.33291e+06,3.55818e+06,1.27238e+07,0,0,0,2.95599e+08,51.6087,61.308,4.62885,0,1,2.2155,2.08122,0,1.71146,2.96352,9.00468e+06,4.756e+06,1.99498e+07,0,0,0,8.03099e+07
54.63,85.139,4.81833,0.65,0.02,2.93706,3.52415,0,0.55031,6.048,4.33291e+06,3.55818e+06,1.2726e+07,0,0,0,2.95599e+08,51.8737,61.308,3.5019,0,1,2.21579,2.08155,0,1.71169,2.96352,9.00468e+06,4.756e+06,1.99525e+07,0,0,0,8.03099e+07
55.7144,85.139,4.25876,0.68,0.02,2.93756,3.5247,0,0.550404,6.048,4.33291e+06,3.55818e+06,1.27282e+07,0,0,0,2.95599e+08,52.234,61.308,3.56791,0,1,2.21609,2.08187,0,1.71192,2.96352,9.00468e+06,4.756e+06,1.99552e+07,0,0,0,8.03099e+07
58.4371,85.139,5.51419,0.7,0.02,2.52731,3.0784,0,0.550498,6.048,4.33291e+06,3.55818e+06,1.09506e+07,0,0,0,2.95599e+08,52.7967,61.308,4.15154,0,1,1.94615,1.7882,0,1.71215,2.96352,9.00468e+06,4.756e+06,1.75244e+07,0,0,0,8.03099e+07
60.309,85.139,4.80302,0.69,0.02,2.52775,3.07887,0,0.473618,6.048,4.33291e+06,3.55818e+06,1.09525e+07,0,0,0,2.95599e+08,53.9102,61.308,4.38301,0,1,1.9464,1.78848,0,1.50359,2.96352,9.00468e+06,4.756e+06,1.75267e+07,0,0,0,8.03099e+07
63.9887,85.139,6.62637,0.73,0.02,2.52819,3.07935,0,0.4737,6.048,4.33291e+06,3.55818e+06,1.09544e+07,0,0,0,2.95599e+08,55.7667,61.308,6.88802,0,1,1.94666,1.78876,0,1.50379,2.96352,9.00468e+06,4.756e+06,1.7529e+07,0,0,0,8.03099e+07
67.522,85.139,6.66691,0.72,0.02,2.52863,3.07983,0,0.473783,6.048,4.33291e+06,3.55818e+06,1.09563e+07,0,0,0,2.95599e+08,57.6783,61.308,6.83005,0,1,1.94691,1.78904,0,1.50399,2.96352,9.00468e+06,4.756e+06,1.75313e+07,0,0,0,8.03099e+07
68.6137,85.139,4.10926,0.72,0.02,2.52907,3.0803,0,0.473865,6.048,4.33291e+06,3.55818e+06,1.09582e+07,0,0,0,2.95599e+08,58.2253,61.308,3.94648,0,1,1.94717,1.78931,0,1.50418,2.96352,9.00468e+06,4.756e+06,1.75336e+07,0,0,0,8.03099e+07
69.1433,85.139,3.49365,0.69,0.02,2.63298,3.19335,0,0.473947,6.048,4.33291e+06,3.55818e+06,1.14085e+07,0,0,0,2.95599e+08,58.6387,61.308,3.99056,0,1,2.01358,1.86157,0,1.50438,2.96352,9.00468e+06,4.756e+06,1.81317e+07,0,0,0,8.03099e+07
71.5348,85.139,5.4374,0.69,0.02,2.63343,3.19384,0,0.49342,6.048,4.33291e+06,3.55818e+06,1.14104e+07,0,0,0,2.95599e+08,59.462,61.308,5.00056,0,1,2.01385,1.86186,0,1.55569,2.96352,9.00468e+06,4.756e+06,1.81341e+07,0,0,0,8.03099e+07
72.9615,85.139,4.46489,0.7,0.02,2.63389,3.19434,0,0.493505,6.048,4.33291e+06,3.55818e+06,1.14124e+07,0,0,0,2.95599e+08,59.9114,61.308,3.96679,0,1,2.01411,1.86214,0,1.5559,2.96352,9.00468e+06,4.756e+06,1.81364e+07,0,0,0,8.03099e+07
73.4228,85.139,3.43621,0.69,0.02,2.63434,3.19483,0,0.49359,6.048,4.33291e+06,3.55818e+06,1.14144e+07,0,0,0,2.95599e+08,60.1403,61.308,3.4124,0,1,2.01438,1.86243,0,1.5561,2.96352,9.00468e+06,4.756e+06,1.81388e+07,0,0,0,8.03099e+07
74.2605,85.139,3.76585,0.69,0.02,2.59431,3.15129,0,0.493676,6.048,4.33291e+06,3.55818e+06,1.12409e+07,0,0,0,2.95599e+08,60.5581,61.308,4.09305,0,1,1.98893,1.83475,0,1.55631,2.96352,9.00468e+06,4.756e+06,1.79097e+07,0,0,0,8.03099e+07
74.3361,85.139,2.97467,0.6,0.02,2.59476,3.15177,0,0.486175,6.048,4.33291e+06,3.55818e+06,1.12429e+07,0,0,0,2.95599e+08,60.6588,61.308,3.16173,0,1,1.98919,1.83503,0,1.53665,2.96352,9.00468e+06,4.756e+06,1.7912e+07,0,0,0,8.03099e+07
74.0705,85.139,2.62207,0.57,0.02,2.59521,3.15226,0,0.486259,6.048,4.33291e+06,3.55818e+06,1.12448e+07,0,0,0,2.95599e+08,60.7232,61.308,2.96446,0,1,1.98945,1.83532,0,1.53685,2.96352,9.00468e+06,4.756e+06,1.79144e+07,0,0,0,8.03099e+07
74.1362,85.139,2.9714,0.53,0.02,2.59566,3.15275,0,0.486343,6.048,4.33291e+06,3.55818e+06,1.12468e+07,0,0,0,2.95599e+08,60.8293,61.308,2.86057,0,1,1.98972,1.8356,0,1.53705,2.96352,9.00468e+06,4.756e+06,1.79167e+07,0,0,0,8.03099e+07
73.5665,85.139,2.33735,0.5,0.02,2.73361,3.30282,0,0.486427,6.048,4.33291e+06,3.55818e+06,1.18445e+07,0,0,0,2.95599e+08,60.7695,61.308,2.57167,0,1,2.08122,1.93514,0,1.53725,2.96352,9.00468e+06,4.756e+06,1.87407e+07,0,0,0,8.03099e+07
72.8139,85.139,2.13021,0.61,0.02,2.73408,3.30333,0,0.512278,6.048,4.33291e+06,3.55818e+06,1.18465e+07,0,0,0,2.95599e+08,60.7789,61.308,2.84452,0,1,2.08149,1.93544,0,1.60795,2.96352,9.00468e+06,4.756e+06,1.87432e+07,0,0,0,8.03099e+07
71.9396,85.139,1.9954,0.56,0.02,2.73455,3.30384,0,0.512366,6.048,4.33291e+06,3.55818e+06,1.18486e+07,0,0,0,2.95599e+08,60.734,61.308,2.72688,0,1,2.08177,1.93574,0,1.60816,2.96352,9.00468e+06,4.756e+06,1.87456e+07,0,0,0,8.03099e+07
70.9729,85.139,1.87141,0.51,0.02,2.73502,3.30435,0,0.512454,6.048,4.33291e+06,3.55818e+06,1.18506e+07,0,0,0,2.95599e+08,60.629,61.308,2.56802,0,1,2.08204,1.93604,0,1.60837,2.96352,9.00468e+06,4.756e+06,1.87481e+07,0,0,0,8.03099e+07
70.2742,85.139,2.12321,0.45,0.02,2.73549,3.30487,0,0.512542,6.048,4.33291e+06,3.55818e+06,1.18526e+07,0,0,0,2.95599e+08,60.5357,61.308,2.7596,0,1,2.08232,1.93634,0,1.60859,2.96352,9.00468e+06,4.756e+06,1.87506e+07,0,0,0,8.03099e+07
69.9049,85.139,2.46851,0.41,0.02,2.70875,3.27577,0,0.51263,6.048,4.33291e+06,3.55818e+06,1.17368e+07,0,0,0,2.95599e+08,60.5489,61.308,3.0158,0,1,2.13278,1.99124,0,1.6088,2.96352,9.00468e+06,4.756e+06,1.9205e+07,0,0,0,8.03099e+07
69.3887,85.139,2.30557,0.4,0.02,2.70921,3.27628,0,0.507619,6.048,4.33291e+06,3.55818e+06,1.17388e+07,0,0,0,2.95599e+08,60.4813,61.308,2.7053,0,1,2.13306,1.99155,0,1.64779,2.96352,9.00468e+06,4.756e+06,1.92075e+07,0,0,0,8.03099e+07
68.5941,85.139,2.22387,0.37,0.02,2.97439,3.27679,0,0.507706,6.048,4.33291e+06,2.70226e+06,1.28878e+07,0,0,0,2.95599e+08,60.3806,61.308,2.56986,0,1,2.29426,1.99186,0,1.648,2.96352,9.00468e+06,3.61194e+06,2.0659e+07,0,0,0,8.03099e+07
67.926,85.139,2.31247,0.35,0.02,2.9749,3.2773,0,0.5574,6.048,4.33291e+06,2.70226e+06,1.289e+07,0,0,0,2.95599e+08,60.3934,61.308,2.79914,0,1,2.29456,1.99216,0,1.77254,2.96352,9.00468e+06,3.61194e+06,2.06618e+07,0,0,0,8.03099e+07
66.5492,85.139,1.59411,0.39,0.02,2.99771,3.3543,0,0.557496,6.048,4.33291e+06,2.96515e+06,1.29888e+07,0,0,0,2.95599e+08,60.0006,61.308,1.89648,0,1,2.31058,2.04116,0,1.77278,2.96352,9.00468e+06,3.96333e+06,2.0806e+07,0,0,0,8.03099e+07
65.087,85.139,1.51713,0.37,0.02,3.05242,3.35482,0,0.56177,6.048,4.33291e+06,2.70226e+06,1.32259e+07,0,0,0,2.95599e+08,59.6175,61.308,1.78916,0,1,2.34388,2.04148,0,1.78515,2.96352,9.00468e+06,3.61194e+06,2.11058e+07,0,0,0,8.03099e+07
63.7154,85.139,1.59152,0.35,0.02,3.05294,3.35534,0,0.572024,6.048,4.33291e+06,2.70226e+06,1.32281e+07,0,0,0,2.95599e+08,59.1189,61.308,1.94205,0,1,2.34419,2.04179,0,1.81088,2.96352,9.00468e+06,3.61194e+06,2.11087e+07,0,0,0,8.03099e+07
62.3534,85.139,1.6086,0.34,0.02,3.05346,3.35586,0,0.572121,6.048,4.33291e+06,2.70226e+06,1.32304e+07,0,0,0,2.95599e+08,58.6418,61.308,1.80365,0,1,2.34451,2.04211,0,1.81112,2.96352,9.00468e+06,3.61194e+06,2.11115e+07,0,0,0,8.03099e+07
60.5059,85.139,1.25529,0.35,0.02,3.27814,3.58054,0,0.572218,6.048,4.33291e+06,2.70226e+06,1.42039e+07,0,0,0,2.95599e+08,57.9803,61.308,1.61003,0,1,2.52067,2.21827,0,1.81137,2.96352,9.00468e+06,3.61194e+06,2.26978e+07,0,0,0,8.03099e+07
58.4771,85.139,1.11111,0.35,0.02,3.36537,3.58109,0,0.614323,6.048,4.33291e+06,2.70226e+06,1.45818e+07,0,0,0,2.95599e+08,57.435,61.308,1.50908,0,1,2.43434,2.21861,0,1.94747,2.96352,9.00468e+06,3.61194e+06,2.19204e+07,0,0,0,8.03099e+07
56.723,85.139,1.35889,0.33,0.02,3.36626,3.58165,0,0.63067,6.048,4.33291e+06,2.70226e+06,1.45857e+07,0,0,0,2.95599e+08,56.8038,61.308,1.66197,0,1,2.43434,2.21895,0,1.88077,2.96352,9.00468e+06,3.61194e+06,2.19204e+07,0,0,0,8.03099e+07
54.7215,85.139,1.04179,0.39,0.02,3.30929,3.5822,0,0.630838,6.048,4.33291e+06,2.96515e+06,1.43389e+07,0,0,0,2.95599e+08,56.0163,61.308,1.49203,0,1,2.39848,2.2193,0,1.88077,2.96352,9.00468e+06,3.96333e+06,2.15975e+07,0,0,0,8.03099e+07
52.5481,85.139,0.894144,0.37,0.02,3.36806,3.58275,0,0.62016,6.048,4.33291e+06,2.70226e+06,1.45935e+07,0,0,0,2.95599e+08,55.4831,61.308,1.35214,0,1,2.43434,2.21964,0,1.85306,2.96352,9.00468e+06,3.61194e+06,2.19204e+07,0,0,0,8.03099e+07
51.0469,85.139,1.42565,0.36,0.02,3.25963,3.47398,0,0.631174,6.048,4.33291e+06,2.70226e+06,1.41237e+07,0,0,0,2.95599e+08,55.1997,61.308,2.19059,0,1,2.32752,2.11317,0,1.88077,2.96352,9.00468e+06,3.61194e+06,2.09586e+07,0,0,0,8.03099e+07
49.1387,85.139,0.960609,0.38,0.02,3.17212,3.47452,0,0.610854,6.048,4.33291e+06,2.70226e+06,1.37445e+07,0,0,0,2.95599e+08,54.368,61.308,1.7007,0,1,2.4159,2.1135,0,1.79824,2.96352,9.00468e+06,3.61194e+06,2.17544e+07,0,0,0,8.03099e+07
47.1055,85.139,0.765641,0.38,0.02,3.17265,3.47505,0,0.594454,6.048,4.33291e+06,2.70226e+06,1.37468e+07,0,0,0,2.95599e+08,53.8676,61.308,1.26855,0,1,2.41623,2.11383,0,1.86652,2.96352,9.00468e+06,3.61194e+06,2.17573e+07,0,0,0,8.03099e+07
46.3005,85.139,1.8236,0.42,0.02,2.89242,3.47559,0,0.594555,6.048,4.33291e+06,3.55818e+06,1.25326e+07,0,0,0,2.95599e+08,53.5945,61.308,2.59428,0,1,2.24576,2.11415,0,1.86678,2.96352,9.00468e+06,4.756e+06,2.02224e+07,0,0,0,8.03099e+07
45.3363,85.139,1.64626,0.43,0.02,2.81037,3.38633,0,0.54204,6.048,4.33291e+06,3.55818e+06,1.21771e+07,0,0,0,2.95599e+08,53.4552,61.308,2.54274,0,1,2.15664,2.01719,0,1.73508,2.96352,9.00468e+06,4.756e+06,1.94198e+07,0,0,0,8.03099e+07
45.4511,85.139,2.74265,0.47,0.02,2.81085,3.38686,0,0.526664,6.048,4.33291e+06,3.55818e+06,1.21792e+07,0,0,0,2.95599e+08,53.5875,61.308,2.9377,0,1,2.15692,2.01751,0,1.66622,2.96352,9.00468e+06,4.756e+06,1.94224e+07,0,0,0,8.03099e+07
45.0734,85.139,2.24015,0.45,0.02,2.81134,3.38738,0,0.526754,6.048,4.33291e+06,3.55818e+06,1.21813e+07,0,0,0,2.95599e+08,53.9279,61.308,4.32003,0,1,2.15721,2.01782,0,1.66644,2.96352,9.00468e+06,4.756e+06,1.9425e+07,0,0,0,8.03099e+07
44.4842,85.139,2.04087,0.51,0.02,2.81182,3.3879,0,0.526844,6.048,4.33291e+06,3.55818e+06,1.21834e+07,0,0,0,2.95599e+08,53.9606,61.308,2.99059,0,1,2.1575,2.01813,0,1.66666,2.96352,9.00468e+06,4.756e+06,1.94276e+07,0,0,0,8.03099e+07
47.1287,85.139,5.28342,0.52,0.02,2.57773,3.13324,0,0.526935,6.048,4.33291e+06,3.55818e+06,1.11691e+07,0,0,0,2.95599e+08,54.4844,61.308,5.08276,0,1,1.97142,1.8157,0,1.66688,2.96352,9.00468e+06,4.756e+06,1.7752e+07,0,0,0,8.03099e+07
50.2326,85.139,5.76806,0.49,0.02,2.57817,3.13373,0,0.483066,6.048,4.33291e+06,3.55818e+06,1.1171e+07,0,0,0,2.95599e+08,55.018,61.308,4.74933,0,1,1.97168,1.81598,0,1.52312,2.96352,9.00468e+06,4.756e+06,1.77543e+07,0,0,0,8.03099e+07
52.8624,85.139,5.28746,0.51,0.02,2.57862,3.13421,0,0.48315,6.048,4.33291e+06,3.55818e+06,1.11729e+07,0,0,0,2.95599e+08,55.4811,61.308,4.47458,0,1,1.97193,1.81626,0,1.52332,2.96352,9.00468e+06,4.756e+06,1.77566e+07,0,0,0,8.03099e+07
56.8324,85.139,6.68953,0.49,0.02,2.57906,3.1347,0,0.483233,6.048,4.33291e+06,3.55818e+06,1.11749e+07,0,0,0,2.95599e+08,55.8956,61.308,4.50093,0,1,1.97219,1.81654,0,1.52352,2.96352,9.00468e+06,4.756e+06,1.7759e+07,0,0,0,8.03099e+07
61.2709,85.139,7.22747,0.47,0.02,2.57951,3.13518,0,0.483317,6.048,4.33291e+06,3.55818e+06,1.11768e+07,0,0,0,2.95599e+08,56.3724,61.308,5.00882,0,1,1.97245,1.81682,0,1.52372,2.96352,9.00468e+06,4.756e+06,1.77613e+07,0,0,0,8.03099e+07
66.0353,85.139,7.7976,0.49,0.02,2.67024,3.23388,0,0.4834,6.048,4.33291e+06,3.55818e+06,1.15699e+07,0,0,0,2.95599e+08,57.5104,61.308,5.53867,0,1,2.02671,1.87584,0,1.52392,3.38688,9.00468e+06,4.756e+06,1.82499e+07,0,0,0,8.03099e+07
68.6212,85.139,5.68029,0.47,0.02,2.67067,3.23435,0,0.500402,6.048,4.33291e+06,3.55818e+06,1.15718e+07,0,0,0,2.95599e+08,58.1817,61.308,4.38575,0,1,2.02696,1.87612,0,1.56583,3.38688,9.00468e+06,4.756e+06,1.82521e+07,0,0,0,8.03099e+07
71.1275,85.139,5.55812,0.42,0.02,2.6711,3.23482,0,0.500483,6.048,4.33291e+06,3.55818e+06,1.15736e+07,0,0,0,2.95599e+08,58.6454,61.308,3.80332,0,1,2.02721,1.87639,0,1.56603,3.38688,9.00468e+06,4.756e+06,1.82544e+07,0,0,0,8.03099e+07
72.6627,85.139,4.73044,0.45,0.02,2.67153,3.23529,0,0.500564,6.048,4.33291e+06,3.55818e+06,1.15755e+07,0,0,0,2.95599e+08,59.2853,61.308,4.21819,0,1,2.02746,1.87666,0,1.56622,3.38688,9.00468e+06,4.756e+06,1.82566e+07,0,0,0,8.03099e+07
72.5994,85.139,3.19747,0.48,0.02,2.96207,3.55137,0,0.500645,6.048,4.33291e+06,3.55818e+06,1.28344e+07,0,0,0,2.95599e+08,60.1262,61.308,3.98336,0,1,2.23057,2.09762,0,1.56641,3.38688,9.00468e+06,4.756e+06,2.00856e+07,0,0,0,8.03099e+07
72.3123,85.139,2.94285,0.48,0.02,2.96255,3.55188,0,0.555093,6.048,4.33291e+06,3.55818e+06,1.28365e+07,0,0,0,2.95599e+08,60.7631,61.308,3.7437,0,1,2.23085,2.09793,0,1.72334,3.38688,9.00468e+06,4.756e+06,2.00881e+07,0,0,0,8.03099e+07
72.7981,85.139,3.78249,0.5,0.02,2.96302,3.5524,0,0.555182,6.048,4.33291e+06,3.55818e+06,1.28385e+07,0,0,0,2.95599e+08,61.4914,61.308,4.10142,0,1,2.23113,2.09823,0,1.72355,3.38688,9.00468e+06,4.756e+06,2.00906e+07,0,0,0,8.03099e+07
73.3956,85.139,3.91896,0.52,0.02,2.9635,3.55291,0,0.55527,6.048,4.33291e+06,3.55818e+06,1.28406e+07,0,0,0,2.95599e+08,62.3122,61.308,4.34611,0,1,2.23141,2.09854,0,1.72377,3.38688,9.00468e+06,4.756e+06,2.00931e+07,0,0,0,8.03099e+07
75.6827,85.139,5.41854,0.54,0.02,2.54994,3.10301,0,0.555359,6.048,4.33291e+06,3.55818e+06,1.10487e+07,0,0,0,2.95599e+08,62.3362,61.308,4.20161,0,1,1.95929,1.8025,0,1.72399,3.38688,9.00468e+06,4.756e+06,1.76428e+07,0,0,0,8.03099e+07
79.0878,85.139,6.6088,0.48,0.02,2.55035,3.10346,0,0.477858,6.048,4.33291e+06,3.55818e+06,1.10505e+07,0,0,0,2.95599e+08,62.3362,61.308,5.72202,0,1,1.95953,1.80276,0,1.51375,3.38688,9.00468e+06,4.756e+06,1.76449e+07,0,0,0,8.03099e+07
82.1485,85.139,6.36093,0.52,0.02,2.55076,3.10391,0,0.477936,6.048,4.33291e+06,3.55818e+06,1.10522e+07,0,0,0,2.95599e+08,62.3362,61.308,5.21726,0,1,1.95977,1.80303,0,1.51393,3.38688,9.00468e+06,4.756e+06,1.76471e+07,0,0,0,8.03099e+07
85.139,85.139,7.141,0.45,0.02,2.55118,3.10436,0,0.478013,6.048,4.33291e+06,3.55818e+06,1.1054e+07,0,0,0,2.95599e+08,62.3362,61.308,8.04129,0,1,1.96001,1.80329,0,1.51412,3.38688,9.00468e+06,4.756e+06,1.76493e+07,0,0,0,8.03099e+07
85.139,85.139,9.0745,0.38,0.02,2.80241,3.10481,0,0.478091,6.048,4.33291e+06,2.70226e+06,1.21426e+07,0,0,0,2.95599e+08,62.3362,61.308,8.9676,0,1,2.10595,1.80355,0,1.5143,3.38688,9.00468e+06,3.61194e+06,1.89634e+07,0,0,0,8.03099e+07
85.139,85.139,4.09353,0.39,0.02,2.86432,3.21872,0,0.525172,6.048,4.33291e+06,2.96515e+06,1.24108e+07,0,0,0,2.95599e+08,62.3362,61.308,4.37224,0,1,2.14844,1.87636,0,1.62706,3.38688,9.00468e+06,3.96333e+06,1.9346e+07,0,0,0,8.03099e+07
85.139,85.139,3.76229,0.4,0.02,2.65673,3.21919,0,0.536773,6.048,4.33291e+06,3.55818e+06,1.15114e+07,0,0,0,2.95599e+08,62.3362,61.308,3.88259,0,1,2.02743,1.87663,0,1.65989,3.38688,9.00468e+06,4.756e+06,1.82564e+07,0,0,0,8.03099e+07
85.139,85.139,3.35108,0.39,0.02,2.86523,3.21965,0,0.497871,6.048,4.33291e+06,2.96515e+06,1.24148e+07,0,0,0,2.95599e+08,62.3362,61.308,3.94858,0,1,2.14898,1.8769,0,1.56639,3.38688,9.00468e+06,3.96333e+06,1.93509e+07,0,0,0,8.03099e+07
85.111,85.139,3.31373,0.38,0.02,2.91772,3.22012,0,0.536945,6.048,4.33291e+06,2.70226e+06,1.26422e+07,0,0,0,2.95599e+08,62.3236,61.308,3.56256,0,1,2.17957,1.87717,0,1.6603,3.38688,9.00468e+06,3.61194e+06,1.96264e+07,0,0,0,8.03099e+07
84.9499,85.139,2.86638,0.5,0.02,2.61722,3.1762,0,0.546781,6.048,4.33291e+06,3.55818e+06,1.13402e+07,0,0,0,2.95599e+08,62.2064,61.308,2.66871,0,1,2.00226,1.84925,0,1.68394,3.38688,9.00468e+06,4.756e+06,1.80298e+07,0,0,0,8.03099e+07
84.4813,85.139,2.53635,0.47,0.02,2.61764,3.17666,0,0.490466,6.048,4.33291e+06,3.55818e+06,1.1342e+07,0,0,0,2.95599e+08,62.2148,61.308,2.40011,0,1,2.00251,1.84952,0,1.54695,3.38688,9.00468e+06,4.756e+06,1.8032e+07,0,0,0,8.03099e+07
83.9097,85.139,2.34788,0.47,0.02,2.61806,3.17712,0,0.490546,6.048,4.33291e+06,3.55818e+06,1.13438e+07,0,0,0,2.95599e+08,62.215,61.308,2.20681,0,1,2.00276,1.84979,0,1.54714,3.38688,9.00468e+06,4.756e+06,1.80342e+07,0,0,0,8.03099e+07
83.2908,85.139,2.29322,0.44,0.02,2.61849,3.17758,0,0.490625,6.048,4.33291e+06,3.55818e+06,1.13457e+07,0,0,0,2.95599e+08,62.1834,61.308,2.50214,0,1,2.003,1.85006,0,1.54733,3.38688,9.00468e+06,4.756e+06,1.80364e+07,0,0,0,8.03099e+07
82.3037,85.139,2.18761,0.39,0.02,2.97262,3.3288,0,0.490704,6.048,4.33291e+06,2.96515e+06,1.28801e+07,0,0,0,2.95599e+08,61.9783,61.308,2.20067,0,1,2.22125,1.95037,0,1.54752,3.38688,9.00468e+06,3.96333e+06,2.00017e+07,0,0,0,8.03099e+07
81.1174,85.139,1.99951,0.35,0.02,3.02688,3.32928,0,0.557069,6.048,4.33291e+06,2.70226e+06,1.31152e+07,0,0,0,2.95599e+08,61.6798,61.308,2.05563,0,1,2.25305,1.95065,0,1.71614,3.38688,9.00468e+06,3.61194e+06,2.0288e+07,0,0,0,8.03099e+07
79.8839,85.139,1.93729,0.35,0.02,3.02737,3.32977,0,0.567238,6.048,4.33291e+06,2.70226e+06,1.31173e+07,0,0,0,2.95599e+08,61.2527,61.308,1.8616,0,1,2.25333,1.95093,0,1.74071,3.38688,9.00468e+06,3.61194e+06,2.02905e+07,0,0,0,8.03099e+07
78.4672,85.139,1.71362,0.32,0.02,3.02785,3.33025,0,0.567328,6.048,4.33291e+06,2.70226e+06,1.31194e+07,0,0,0,2.95599e+08,60.895,61.308,1.75265,0,1,2.25361,1.95121,0,1.74092,3.38688,9.00468e+06,3.61194e+06,2.02931e+07,0,0,0,8.03099e+07
77.1411,85.139,1.72602,0.39,0.02,2.97452,3.33073,0,0.567419,6.048,4.33291e+06,2.96515e+06,1.28883e+07,0,0,0,2.95599e+08,60.6845,61.308,1.86653,0,1,2.22237,1.9515,0,1.74114,3.38688,9.00468e+06,3.96333e+06,2.00117e+07,0,0,0,8.03099e+07
75.9336,85.139,1.88195,0.34,0.02,2.99898,3.30138,0,0.557425,6.048,4.33291e+06,2.70226e+06,1.29943e+07,0,0,0,2.95599e+08,60.4843,61.308,2.25603,0,1,2.3092,2.0068,0,1.717,3.38688,9.00468e+06,3.61194e+06,2.07936e+07,0,0,0,8.03099e+07
74.5746,85.139,1.71964,0.34,0.02,2.99946,3.30186,0,0.562009,6.048,4.33291e+06,2.70226e+06,1.29964e+07,0,0,0,2.95599e+08,60.2667,61.308,2.21835,0,1,2.30949,2.00709,0,1.78409,3.38688,9.00468e+06,3.61194e+06,2.07962e+07,0,0,0,8.03099e+07
73.0773,85.139,1.55897,0.31,0.02,2.99994,3.30234,0,0.562098,6.048,4.33291e+06,2.70226e+06,1.29985e+07,0,0,0,2.95599e+08,60.0067,61.308,2.00344,0,1,2.30978,2.00738,0,1.78431,3.38688,9.00468e+06,3.61194e+06,2.07989e+07,0,0,0,8.03099e+07
71.5469,85.139,1.47414,0.35,0.02,3.00041,3.30281,0,0.562188,6.048,4.33291e+06,2.70226e+06,1.30005e+07,0,0,0,2.95599e+08,59.5045,61.308,1.96848,0,1,2.31008,2.00768,0,1.78454,3.38688,9.00468e+06,3.61194e+06,2.08015e+07,0,0,0,8.03099e+07
69.8195,85.139,1.32956,0.33,0.02,3.07799,3.38039,0,0.562278,6.048,4.33291e+06,2.70226e+06,1.33367e+07,0,0,0,2.95599e+08,59.0654,61.308,1.76815,0,1,2.35943,2.05703,0,1.78476,3.38688,9.00468e+06,3.61194e+06,2.12459e+07,0,0,0,8.03099e+07
68.0155,85.139,1.22569,0.33,0.02,3.07848,3.38088,0,0.576815,6.048,4.33291e+06,2.70226e+06,1.33388e+07,0,0,0,2.95599e+08,58.4777,61.308,1.75318,0,1,2.35973,2.05733,0,1.8229,3.38688,9.00468e+06,3.61194e+06,2.12486e+07,0,0,0,8.03099e+07
66.1526,85.139,1.14704,0.35,0.02,3.07897,3.38137,0,0.576906,6.048,4.33291e+06,2.70226e+06,1.33409e+07,0,0,0,2.95599e+08,57.9271,61.308,1.60825,0,1,2.36003,2.05763,0,1.82313,3.38688,9.00468e+06,3.61194e+06,2.12513e+07,0,0,0,8.03099e+07
64.2927,85.139,1.12729,0.34,0.02,3.07946,3.38186,0,0.576998,6.048,4.33291e+06,2.70226e+06,1.3343e+07,0,0,0,2.95599e+08,57.3767,61.308,1.72373,0,1,2.36033,2.05793,0,1.82336,3.38688,9.00468e+06,3.61194e+06,2.1254e+07,0,0,0,8.03099e+07
62.353,85.139,1.20249,0.32,0.02,3.30584,3.60824,0,0.57709,6.048,4.33291e+06,2.70226e+06,1.43239e+07,0,0,0,2.95599e+08,56.7706,61.308,1.66423,0,1,2.53783,2.23543,0,1.82359,3.38688,9.00468e+06,3.61194e+06,2.28523e+07,0,0,0,8.03099e+07
60.4461,85.139,1.21444,0.37,0.02,3.30636,3.60876,0,0.619514,6.048,4.33291e+06,2.70226e+06,1.43262e+07,0,0,0,2.95599e+08,56.0828,61.308,1.57838,0,1,2.53815,2.23575,0,1.96073,3.38688,9.00468e+06,3.61194e+06,2.28553e+07,0,0,0,8.03099e+07
58.4209,85.139,1.09062,0.26,0.02,3.30689,3.60929,0,0.619612,6.048,4.33291e+06,2.70226e+06,1.43285e+07,0,0,0,2.95599e+08,55.4403,61.308,1.51239,0,1,2.53848,2.23608,0,1.96098,3.38688,9.00468e+06,3.61194e+06,2.28582e+07,0,0,0,8.03099e+07
56.4426,85.139,1.10139,0.18,0.02,3.30741,3.60981,0,0.61971,6.048,4.33291e+06,2.70226e+06,1.43307e+07,0,0,0,2.95599e+08,54.9748,61.308,1.63877,0,1,2.5388,2.2364,0,1.96123,3.38688,9.00468e+06,3.61194e+06,2.28611e+07,0,0,0,8.03099e+07
54.519,85.139,1.13003,0.21,0.02,3.30793,3.61033,0,0.619808,6.048,4.33291e+06,2.70226e+06,1.4333e+07,0,0,0,2.95599e+08,54.4679,61.308,1.85667,0,1,2.53913,2.23673,0,1.96148,3.38688,9.00468e+06,3.61194e+06,2.2864e+07,0,0,0,8.03099e+07
52.6757,85.139,1.09305,0.18,0.02,3.19828,3.50068,0,0.619906,6.048,4.33291e+06,2.70226e+06,1.38579e+07,0,0,0,2.95599e+08,53.8842,61.308,1.59802,0,1,2.43182,2.12942,0,1.96173,3.38688,9.00468e+06,3.61194e+06,2.18977e+07,0,0,0,8.03099e+07
50.7108,85.139,1.18446,0,0.02,3.50119,3.50119,0,0.599358,6.048,4.33291e+06,2.70226e+06,1.51704e+07,0,0,0,2.95599e+08,53.373,61.308,1.72332,0,1,2.12972,2.12972,0,1.87882,3.38688,9.00468e+06,3.61194e+06,1.91775e+07,0,0,0,8.03099e+07
49.0273,85.139,1.22141,0.11,0.02,3.1993,3.5017,0,0.656123,6.048,4.33291e+06,2.70226e+06,1.38623e+07,0,0,0,2.95599e+08,52.8733,61.308,1.81948,0,1,2.43243,2.13003,0,1.64543,3.38688,9.00468e+06,3.61194e+06,2.19033e+07,0,0,0,8.03099e+07
47.2716,85.139,1.41844,0,0.02,3.50221,3.50221,0,0.599548,6.048,4.33291e+06,2.70226e+06,1.51748e+07,0,0,0,2.95599e+08,52.5867,61.308,2.33951,0,1,2.13034,2.13034,0,1.8793,3.38688,9.00468e+06,3.61194e+06,1.9183e+07,0,0,0,8.03099e+07
46.2509,85.139,2.09072,0,0.02,3.41223,3.41223,0,0.656313,6.048,4.33291e+06,2.70226e+06,1.47849e+07,0,0,0,2.95599e+08,52.2191,61.308,1.74873,0,1,2.03262,2.03262,0,1.6459,3.38688,9.00468e+06,3.61194e+06,1.83031e+07,0,0,0,8.03099e+07
46.9931,85.139,3.86886,0,0.02,3.41272,3.41272,0,0.639452,6.048,4.33291e+06,2.70226e+06,1.4787e+07,0,0,0,2.95599e+08,52.3175,61.308,2.82531,0,1,2.03291,2.03291,0,1.5704,3.38688,9.00468e+06,3.61194e+06,1.83057e+07,0,0,0,8.03099e+07
47.0182,85.139,3.15566,0,0.02,3.41322,3.41322,0,0.639544,6.048,4.33291e+06,2.70226e+06,1.47892e+07,0,0,0,2.95599e+08,52.6159,61.308,4.15508,0,1,2.03321,2.03321,0,1.57063,3.38688,9.00468e+06,3.61194e+06,1.83084e+07,0,0,0,8.03099e+07
46.7391,85.139,2.87178,0,0.02,3.41371,3.41371,0,0.639637,6.048,4.33291e+06,2.70226e+06,1.47913e+07,0,0,0,2.95599e+08,52.6184,61.308,2.87632,0,1,2.0335,2.0335,0,1.57086,3.38688,9.00468e+06,3.61194e+06,1.8311e+07,0,0,0,8.03099e+07
49.9566,85.139,6.37575,0,0.02,3.15708,3.15708,0,0.63973,6.048,4.33291e+06,2.70226e+06,1.36794e+07,0,0,0,2.95599e+08,52.7891,61.308,3.69211,0,1,1.82951,1.82951,0,1.57108,3.38688,9.00468e+06,3.61194e+06,1.64741e+07,0,0,0,8.03099e+07
49.7207,85.139,2.77567,0,0.02,3.15754,3.15754,0,0.591637,6.048,4.33291e+06,2.70226e+06,1.36813e+07,0,0,0,2.95599e+08,52.4259,61.308,1.69817,0,1,1.82977,1.82977,0,1.41348,3.38688,9.00468e+06,3.61194e+06,1.64765e+07,0,0,0,8.03099e+07
51.323,85.139,4.74956,0,0.02,3.15799,3.15799,0,0.591722,6.048,4.33291e+06,2.70226e+06,1.36833e+07,0,0,0,2.95599e+08,52.8728,61.308,4.21775,0,1,1.83004,1.83004,0,1.41368,3.38688,9.00468e+06,3.61194e+06,1.64789e+07,0,0,0,8.03099e+07
53.5279,85.139,5.39607,0,0.02,3.15845,3.15845,0,0.591808,6.048,4.33291e+06,2.70226e+06,1.36853e+07,0,0,0,2.95599e+08,53.0768,61.308,3.59105,0,1,1.8303,1.8303,0,1.41389,3.38688,9.00468e+06,3.61194e+06,1.64813e+07,0,0,0,8.03099e+07
56.4649,85.139,6.07587,0,0.02,3.15891,3.15891,0,0.591894,6.048,4.33291e+06,2.70226e+06,1.36873e+07,0,0,0,2.95599e+08,52.8393,61.308,2.40457,0,1,1.83057,1.83057,0,1.41409,3.38688,9.00468e+06,3.61194e+06,1.64837e+07,0,0,0,8.03099e+07
62.0091,85.139,8.93387,0,0.02,3.25832,3.25832,0,0.591979,6.048,4.33291e+06,2.70226e+06,1.4118e+07,0,0,0,2.95599e+08,53.6144,61.308,4.42957,0,0,1.89002,1.89002,0,1.4143,3.38688,9.00468e+06,3.61194e+06,1.70191e+07,0,0,0,8.03099e+07
66.3906,85.139,7.89387,0,0.02,3.25876,3.25876,0,0.61061,6.048,4.33291e+06,2.70226e+06,1.41199e+07,0,0,0,2.95599e+08,53.907,61.308,3.29969,0,0,1.89028,1.89028,0,1.46023,3.38688,9.00468e+06,3.61194e+06,1.70214e+07,0,0,0,8.03099e+07
70.6593,85.139,7.82936,0,0.02,3.25921,3.25921,0,0.610692,6.048,4.33291e+06,2.70226e+06,1.41219e+07,0,0,0,2.95599e+08,54.48,61.308,3.98433,0,0,1.89053,1.89053,0,1.46043,3.38688,9.00468e+06,3.61194e+06,1.70237e+07,0,0,0,8.03099e+07
72.8108,85.139,5.70468,0,0.02,3.25965,3.25965,0,0.610775,6.048,4.33291e+06,2.70226e+06,1.41238e+07,0,0,0,2.95599e+08,54.5596,61.308,2.71232,0,0,1.89079,1.89079,0,1.46063,3.38688,9.00468e+06,3.61194e+06,1.7026e+07,0,0,0,8.03099e+07
75.3547,85.139,6.49038,0,0.02,3.57807,3.57807,0,0.610858,6.048,4.33291e+06,2.70226e+06,1.55035e+07,0,0,0,2.95599e+08,54.9456,61.308,3.48822,0,0,2.11339,2.11339,0,1.46083,3.38688,9.00468e+06,3.61194e+06,1.90304e+07,0,0,0,8.03099e+07
78.3056,85.139,6.93169,0,0.02,3.57855,3.57855,0,0.67053,6.048,4.33291e+06,2.70226e+06,1.55056e+07,0,0,0,2.95599e+08,55.5602,61.308,4.26638,0,0,2.11368,2.11368,0,1.63281,3.38688,9.00468e+06,3.61194e+06,1.9033e+07,0,0,0,8.03099e+07
82.7265,85.139,8.52718,0,0.02,3.57904,3.57904,0,0.670621,6.048,4.33291e+06,2.70226e+06,1.55077e+07,0,0,0,2.95599e+08,56.3077,61.308,4.28814,0,0,2.11397,2.11397,0,1.63303,3.38688,9.00468e+06,3.61194e+06,1.90356e+07,0,0,0,8.03099e+07
85.139,85.139,7.32115,0,0.02,3.57952,3.57952,0,0.670712,6.048,4.33291e+06,2.70226e+06,1.55098e+07,0,0,0,2.95599e+08,57.6782,61.308,5.54006,0,0,2.11425,2.11425,0,1.63325,3.38688,9.00468e+06,3.61194e+06,1.90382e+07,0,0,0,8.03099e+07
85.139,85.139,7.78882,0,0.02,3.12622,3.12622,0,0.670802,6.048,4.33291e+06,2.70226e+06,1.35456e+07,0,0,0,2.95599e+08,58.2251,61.308,3.75495,0,0,1.81598,1.81598,0,1.63347,3.38688,9.00468e+06,3.61194e+06,1.63524e+07,0,0,0,8.03099e+07
85.139,85.139,7.82822,0,0.02,3.12664,3.12664,0,0.585853,6.048,4.33291e+06,2.70226e+06,1.35475e+07,0,0,0,2.95599e+08,59.6001,61.308,5.47614,0,0,1.81623,1.81623,0,1.40303,3.38688,9.00468e+06,3.61194e+06,1.63546e+07,0,0,0,8.03099e+07
85.139,85.139,7.20403,0,0.02,3.12706,3.12706,0,0.585933,6.048,4.33291e+06,2.70226e+06,1.35493e+07,0,0,0,2.95599e+08,61.362,61.308,5.6588,0,0,1.81648,1.81648,0,1.40322,3.38688,9.00468e+06,3.61194e+06,1.63568e+07,0,0,0,8.03099e+07
85.139,85.139,7.90511,0,0.02,3.12749,3.12749,0,0.586012,6.048,4.33291e+06,2.70226e+06,1.35511e+07,0,0,0,2.95599e+08,62.3362,61.308,7.05599,0,0,1.81672,1.81672,0,1.40341,3.38688,9.00468e+06,3.61194e+06,1.6359e+07,0,0,0,8.03099e+07
85.139,85.139,14.397,0.24,0.02,2.82551,3.12791,0,0.586091,6.048,4.33291e+06,2.70226e+06,1.22427e+07,0,0,0,2.95599e+08,62.3362,61.308,9.73806,0,0,2.11937,1.81697,0,1.4036,3.38688,9.00468e+06,3.61194e+06,1.90842e+07,0,0,0,8.03099e+07
85.139,85.139,11.4413,0.44,0.02,2.67828,3.24264,0,0.529501,6.048,4.33291e+06,3.55818e+06,1.16048e+07,0,0,0,2.95599e+08,62.3362,61.308,6.96283,0,0,2.04,1.8903,0,1.63742,3.38688,9.00468e+06,4.756e+06,1.83695e+07,0,0,0,8.03099e+07
85.139,85.139,9.1304,0.46,0.02,2.67869,3.24308,0,0.501911,6.048,4.33291e+06,3.55818e+06,1.16065e+07,0,0,0,2.95599e+08,62.3362,61.308,6.30697,0,0,2.04023,1.89056,0,1.5761,3.38688,9.00468e+06,4.756e+06,1.83716e+07,0,0,0,8.03099e+07
85.139,85.139,7.19165,0.44,0.02,2.67909,3.24351,0,0.501986,6.048,4.33291e+06,3.55818e+06,1.16083e+07,0,0,0,2.95599e+08,62.3362,61.308,4.65101,0,0,2.04047,1.89081,0,1.57628,3.38688,9.00468e+06,4.756e+06,1.83737e+07,0,0,0,8.03099e+07
85.139,85.139,6.49542,0.41,0.02,2.6795,3.24395,0,0.502062,6.048,4.33291e+06,3.55818e+06,1.161e+07,0,0,0,2.95599e+08,62.3362,61.308,5.24258,0,0,2.0407,1.89107,0,1.57646,3.38688,9.00468e+06,4.756e+06,1.83759e+07,0,0,0,8.03099e+07
85.139,85.139,5.15525,0.41,0.02,2.6388,3.19968,0,0.502137,6.048,4.33291e+06,3.55818e+06,1.14337e+07,0,0,0,2.95599e+08,62.3362,61.308,2.78511,0,0,2.01483,1.86292,0,1.57665,3.38688,9.00468e+06,4.756e+06,1.81429e+07,0,0,0,8.03099e+07
85.139,85.139,4.7691,0.39,0.02,2.84601,3.20011,0,0.49451,6.048,4.33291e+06,2.96515e+06,1.23315e+07,0,0,0,2.95599e+08,62.3023,61.308,2.49221,0,0,2.13547,1.86317,0,1.55666,3.38688,9.00468e+06,3.96333e+06,1.92292e+07,0,0,0,8.03099e+07
85.139,85.139,4.38331,0.34,0.02,2.89814,3.20054,0,0.533341,6.048,4.33291e+06,2.70226e+06,1.25574e+07,0,0,0,2.95599e+08,62.2611,61.308,2.50968,0,0,2.16583,1.86343,0,1.64987,3.38688,9.00468e+06,3.61194e+06,1.95026e+07,0,0,0,8.03099e+07
85.139,85.139,4.23407,0.33,0.02,2.89857,3.20097,0,0.543112,6.048,4.33291e+06,2.70226e+06,1.25593e+07,0,0,0,2.95599e+08,62.3362,61.308,3.09461,0,0,2.16608,1.86368,0,1.67332,3.38688,9.00468e+06,3.61194e+06,1.95048e+07,0,0,0,8.03099e+07
85.139,85.139,4.12409,0.33,0.02,3.05087,3.35327,0,0.543193,6.048,4.33291e+06,2.70226e+06,1.32192e+07,0,0,0,2.95599e+08,62.2816,61.308,2.38374,0,0,2.2671,1.9647,0,1.67351,3.38688,9.00468e+06,3.61194e+06,2.04145e+07,0,0,0,8.03099e+07
85.139,85.139,3.54321,0.3,0.02,3.05133,3.35373,0,0.571734,6.048,4.33291e+06,2.70226e+06,1.32211e+07,0,0,0,2.95599e+08,62.0265,61.308,2.18694,0,0,2.26737,1.96497,0,1.75156,3.38688,9.00468e+06,3.61194e+06,2.04169e+07,0,0,0,8.03099e+07
85.139,85.139,3.25458,0.27,0.02,3.05178,3.35418,0,0.571819,6.048,4.33291e+06,2.70226e+06,1.32231e+07,0,0,0,2.95599e+08,61.7022,61.308,1.92919,0,0,2.26764,1.96524,0,1.75177,3.38688,9.00468e+06,3.61194e+06,2.04193e+07,0,0,0,8.03099e+07
85.0593,85.139,3.12039,0.27,0.02,3.05223,3.35463,0,0.571904,6.048,4.33291e+06,2.70226e+06,1.32251e+07,0,0,0,2.95599e+08,61.405,61.308,1.92705,0,0,2.2679,1.9655,0,1.75198,3.38688,9.00468e+06,3.61194e+06,2.04217e+07,0,0,0,8.03099e+07
84.8996,85.139,3.03929,0.34,0.02,3.05269,3.35509,0,0.571989,6.048,4.33291e+06,2.70226e+06,1.3227e+07,0,0,0,2.95599e+08,61.1126,61.308,2.04579,0,0,2.26817,1.96577,0,1.75218,3.38688,9.00468e+06,3.61194e+06,2.04241e+07,0,0,0,8.03099e+07
85.0541,85.139,3.35595,0.31,0.02,3.02309,3.32549,0,0.572074,6.048,4.33291e+06,2.70226e+06,1.30988e+07,0,0,0,2.95599e+08,60.8678,61.308,2.12386,0,0,2.32386,2.02146,0,1.75239,3.38688,9.00468e+06,3.61194e+06,2.09256e+07,0,0,0,8.03099e+07
85.0188,85.139,3.16625,0.3,0.02,3.02354,3.32594,0,0.566527,6.048,4.33291e+06,2.70226e+06,1.31007e+07,0,0,0,2.95599e+08,60.5839,61.308,1.98979,0,0,2.32413,2.02173,0,1.79541,3.38688,9.00468e+06,3.61194e+06,2.09281e+07,0,0,0,8.03099e+07
84.7159,85.139,2.89741,0.29,0.02,3.02399,3.32639,0,0.566611,6.048,4.33291e+06,2.70226e+06,1.31027e+07,0,0,0,2.95599e+08,60.1715,61.308,1.98502,0,0,2.3244,2.022,0,1.79562,3.38688,9.00468e+06,3.61194e+06,2.09305e+07,0,0,0,8.03099e+07
84.1552,85.139,2.62033,0.27,0.02,3.02444,3.32684,0,0.566695,6.048,4.33291e+06,2.70226e+06,1.31046e+07,0,0,0,2.95599e+08,59.5124,61.308,1.77277,0,0,2.32468,2.02228,0,1.79583,3.38688,9.00468e+06,3.61194e+06,2.0933e+07,0,0,0,8.03099e+07
83.2895,85.139,2.3348,0.26,0.02,3.10254,3.40494,0,0.56678,6.048,4.33291e+06,2.70226e+06,1.3443e+07,0,0,0,2.95599e+08,58.8446,61.308,1.47201,0,0,2.37437,2.07197,0,1.79605,3.38688,9.00468e+06,3.61194e+06,2.13805e+07,0,0,0,8.03099e+07
82.6628,85.139,2.57159,0.25,0.02,3.103,3.4054,0,0.581416,6.048,4.33291e+06,2.70226e+06,1.3445e+07,0,0,0,2.95599e+08,58.3994,61.308,1.69427,0,0,2.37465,2.07225,0,1.83444,3.38688,9.00468e+06,3.61194e+06,2.1383e+07,0,0,0,8.03099e+07
81.873,85.139,2.38165,0.25,0.02,3.10346,3.40586,0,0.581502,6.048,4.33291e+06,2.70226e+06,1.3447e+07,0,0,0,2.95599e+08,57.7319,61.308,1.69993,0,0,2.37493,2.07253,0,1.83466,3.38688,9.00468e+06,3.61194e+06,2.13855e+07,0,0,0,8.03099e+07
80.9178,85.139,2.20639,0.25,0.02,3.10392,3.40632,0,0.581588,6.048,4.33291e+06,2.70226e+06,1.3449e+07,0,0,0,2.95599e+08,56.9669,61.308,1.51927,0,0,2.37521,2.07281,0,1.83487,3.38688,9.00468e+06,3.61194e+06,2.1388e+07,0,0,0,8.03099e+07
79.4018,85.139,1.8129,0.24,0.02,3.33191,3.63431,0,0.581675,6.048,4.33291e+06,2.70226e+06,1.44369e+07,0,0,0,2.95599e+08,56.0629,61.308,1.44355,0,0,2.55398,2.25158,0,1.83509,3.38688,9.00468e+06,3.61194e+06,2.29978e+07,0,0,0,8.03099e+07
77.306,85.139,1.20044,0.28,0.02,3.3324,3.6348,0,0.624399,6.048,4.33291e+06,2.70226e+06,1.4439e+07,0,0,0,2.95599e+08,55.2768,61.308,1.24294,0,0,2.55428,2.25188,0,1.9732,3.38688,9.00468e+06,3.61194e+06,2.30005e+07,0,0,0,8.03099e+07
75.7403,85.139,1.72392,0.29,0.02,3.33289,3.63529,0,0.624491,6.048,4.33291e+06,2.70226e+06,1.44411e+07,0,0,0,2.95599e+08,54.6359,61.308,1.45209,0,0,2.55459,2.25219,0,1.97344,3.38688,9.00468e+06,3.61194e+06,2.30032e+07,0,0,0,8.03099e+07
74.8867,85.139,2.49862,0.29,0.02,3.33338,3.63578,0,0.624583,6.048,4.33291e+06,2.70226e+06,1.44433e+07,0,0,0,2.95599e+08,54.0524,61.308,1.68691,0,0,2.55489,2.25249,0,1.97367,3.38688,9.00468e+06,3.61194e+06,2.3006e+07,0,0,0,8.03099e+07
73.2892,85.139,1.74534,0.29,0.02,3.33387,3.63627,0,0.624675,6.048,4.33291e+06,2.70226e+06,1.44454e+07,0,0,0,2.95599e+08,53.6361,61.308,1.46902,0,0,2.5552,2.2528,0,1.97391,3.38688,9.00468e+06,3.61194e+06,2.30087e+07,0,0,0,8.03099e+07
71.4673,85.139,1.36686,0.3,0.02,3.2234,3.5258,0,0.624768,6.048,4.33291e+06,2.70226e+06,1.39667e+07,0,0,0,2.95599e+08,52.8867,61.308,2.02379,0,0,2.4471,2.1447,0,1.97415,3.38688,9.00468e+06,3.61194e+06,2.20353e+07,0,0,0,8.03099e+07
69.5085,85.139,1.2168,0.31,0.02,3.22388,3.52628,0,0.604065,6.048,4.33291e+06,2.70226e+06,1.39688e+07,0,0,0,2.95599e+08,51.8356,61.308,1.20413,0,0,2.44738,2.14498,0,1.89063,3.38688,9.00468e+06,3.61194e+06,2.20379e+07,0,0,0,8.03099e+07
67.3944,85.139,1.03811,0.31,0.02,3.22435,3.52675,0,0.604155,6.048,4.33291e+06,2.70226e+06,1.39709e+07,0,0,0,2.95599e+08,51.0488,61.308,1.09539,0,0,2.44767,2.14527,0,1.89085,3.38688,9.00468e+06,3.61194e+06,2.20405e+07,0,0,0,8.03099e+07
66.2971,85.139,2.21814,0.34,0.02,3.22483,3.52723,0,0.604244,6.048,4.33291e+06,2.70226e+06,1.39729e+07,0,0,0,2.95599e+08,50.6805,61.308,1.59558,0,0,2.44796,2.14556,0,1.89107,3.38688,9.00468e+06,3.61194e+06,2.20431e+07,0,0,0,8.03099e+07
65.7526,85.139,2.70763,0.35,0.02,3.13418,3.43658,0,0.604333,6.048,4.33291e+06,2.70226e+06,1.35801e+07,0,0,0,2.95599e+08,50.3836,61.308,1.85186,0,0,2.34952,2.04712,0,1.8913,3.38688,9.00468e+06,3.61194e+06,2.11567e+07,0,0,0,8.03099e+07
64.2756,85.139,1.71701,0.37,0.02,3.13464,3.43704,0,0.587345,6.048,4.33291e+06,2.70226e+06,1.35821e+07,0,0,0,2.95599e+08,50.0428,61.308,1.86454,0,0,2.3498,2.0474,0,1.81524,3.38688,9.00468e+06,3.61194e+06,2.11592e+07,0,0,0,8.03099e+07
63.7592,85.139,2.69935,0.37,0.02,3.13511,3.43751,0,0.587432,6.048,4.33291e+06,2.70226e+06,1.35842e+07,0,0,0,2.95599e+08,50.2621,61.308,3.38934,0,0,2.35008,2.04768,0,1.81546,3.38688,9.00468e+06,3.61194e+06,2.11617e+07,0,0,0,8.03099e+07
62.3798,85.139,1.74087,0.39,0.02,3.08003,3.43797,0,0.587519,6.048,4.33291e+06,2.96515e+06,1.33455e+07,0,0,0,2.95599e+08,50.2084,61.308,2.80938,0,0,2.31727,2.04795,0,1.81567,3.38688,9.00468e+06,3.96333e+06,2.08662e+07,0,0,0,8.03099e+07
62.3208,85.139,2.81522,0.42,0.02,2.62023,3.17948,0,0.577197,6.048,4.33291e+06,3.55818e+06,1.13532e+07,0,0,0,2.95599e+08,50.061,61.308,2.58525,0,0,1.99605,1.84249,0,1.79032,3.38688,9.00468e+06,4.756e+06,1.79738e+07,0,0,0,8.03099e+07
61.8206,85.139,2.35949,0.42,0.02,2.62063,3.17991,0,0.491032,6.048,4.33291e+06,3.55818e+06,1.1355e+07,0,0,0,2.95599e+08,49.8468,61.308,2.97477,0,0,1.99628,1.84274,0,1.54215,3.38688,9.00468e+06,4.756e+06,1.79759e+07,0,0,0,8.03099e+07
61.1589,85.139,2.18423,0.45,0.02,2.62102,3.18034,0,0.491106,6.048,4.33291e+06,3.55818e+06,1.13567e+07,0,0,0,2.95599e+08,49.5511,61.308,2.45848,0,0,1.99651,1.84299,0,1.54233,3.38688,9.00468e+06,4.756e+06,1.79779e+07,0,0,0,8.03099e+07
60.5341,85.139,2.18235,0.5,0.02,2.62142,3.18077,0,0.49118,6.048,4.33291e+06,3.55818e+06,1.13584e+07,0,0,0,2.95599e+08,49.2319,61.308,2.24904,0,0,1.99674,1.84324,0,1.5425,3.38688,9.00468e+06,4.756e+06,1.798e+07,0,0,0,8.03099e+07
60.7193,85.139,3.01344,0.52,0.02,2.62181,3.1812,0,0.491254,6.048,4.33291e+06,3.55818e+06,1.13601e+07,0,0,0,2.95599e+08,49.274,61.308,3.08272,0,0,1.99697,1.84349,0,1.54268,3.38688,9.00468e+06,4.756e+06,1.7982e+07,0,0,0,8.03099e+07
63.7955,85.139,6.23135,0.53,0.02,2.71381,3.28129,0,0.491328,6.048,4.33291e+06,3.55818e+06,1.17587e+07,0,0,0,2.95599e+08,50.8421,61.308,5.93696,0,0,2.05199,1.90334,0,1.54286,3.38688,9.00468e+06,4.756e+06,1.84775e+07,0,0,0,8.03099e+07
65.857,85.139,5.22915,0.43,0.02,2.71419,3.2817,0,0.508569,6.048,4.33291e+06,3.55818e+06,1.17604e+07,0,0,0,2.95599e+08,51.7999,61.308,4.63105,0,0,2.05221,1.90358,0,1.58536,3.38688,9.00468e+06,4.756e+06,1.84795e+07,0,0,0,8.03099e+07
67.7214,85.139,4.97898,0.54,0.02,2.71457,3.28211,0,0.50864,6.048,4.33291e+06,3.55818e+06,1.1762e+07,0,0,0,2.95599e+08,52.6731,61.308,4.71951,0,0,2.05243,1.90382,0,1.58553,3.38688,9.00468e+06,4.756e+06,1.84814e+07,0,0,0,8.03099e+07
69.2894,85.139,4.68529,0.57,0.02,2.71495,3.28253,0,0.508711,6.048,4.33291e+06,3.55818e+06,1.17637e+07,0,0,0,2.95599e+08,53.3816,61.308,4.42294,0,0,2.05265,1.90406,0,1.5857,3.38688,9.00468e+06,4.756e+06,1.84834e+07,0,0,0,8.03099e+07
71.1858,85.139,5.52756,0.27,0.02,3.30075,3.60315,0,0.508782,6.048,4.33291e+06,2.70226e+06,1.43019e+07,0,0,0,2.95599e+08,54.4157,61.308,4.95022,0,0,2.43061,2.12821,0,1.58587,3.38688,9.00468e+06,3.61194e+06,2.18869e+07,0,0,0,8.03099e+07
72.2187,85.139,4.70414,0.28,0.02,3.30121,3.60361,0,0.618561,6.048,4.33291e+06,2.70226e+06,1.43038e+07,0,0,0,2.95599e+08,55.4842,61.308,4.93791,0,0,2.43088,2.12848,0,1.87789,3.38688,9.00468e+06,3.61194e+06,2.18893e+07,0,0,0,8.03099e+07
74.0139,85.139,5.54025,0.29,0.02,3.30166,3.60406,0,0.618646,6.048,4.33291e+06,2.70226e+06,1.43058e+07,0,0,0,2.95599e+08,56.6509,61.308,4.98176,0,0,2.43115,2.12875,0,1.8781,3.38688,9.00468e+06,3.61194e+06,2.18917e+07,0,0,0,8.03099e+07
76.0923,85.139,5.85715,0.18,0.02,3.30211,3.60451,0,0.618731,6.048,4.33291e+06,2.70226e+06,1.43078e+07,0,0,0,2.95599e+08,57.8438,61.308,5.29644,0,0,2.43141,2.12901,0,1.8783,3.38688,9.00468e+06,3.61194e+06,2.18941e+07,0,0,0,8.03099e+07
79.5487,85.139,6.83664,0.27,0.02,2.84562,3.14802,0,0.618816,6.048,4.33291e+06,2.70226e+06,1.23298e+07,0,0,0,2.95599e+08,60.1145,61.308,6.91709,0,0,2.13105,1.82865,0,1.87851,3.38688,9.00468e+06,3.61194e+06,1.91894e+07,0,0,0,8.03099e+07
83.218,85.139,7.02983,0.06,0.02,2.84601,3.14841,0,0.533268,6.048,4.33291e+06,2.70226e+06,1.23315e+07,0,0,0,2.95599e+08,61.6108,61.308,5.44206,0,0,2.13128,1.82888,0,1.64645,3.38688,9.00468e+06,3.61194e+06,1.91915e+07,0,0,0,8.03099e+07
85.139,85.139,5.76268,0.26,0.02,2.84641,3.14881,0,0.533343,6.048,4.33291e+06,2.70226e+06,1.23332e+07,0,0,0,2.95599e+08,62.3362,61.308,4.40689,0,0,2.13151,1.82911,0,1.64662,3.38688,9.00468e+06,3.61194e+06,1.91935e+07,0,0,0,8.03099e+07
85.139,85.139,7.22131,0.05,0.02,2.8468,3.1492,0,0.533417,6.048,4.33291e+06,2.70226e+06,1.2335e+07,0,0,0,2.95599e+08,62.3362,61.308,5.71702,0,0,2.13174,1.82934,0,1.6468,3.38688,9.00468e+06,3.61194e+06,1.91956e+07,0,0,0,8.03099e+07
85.139,85.139,9.78822,0.25,0.02,2.8472,3.1496,0,0.533491,6.048,4.33291e+06,2.70226e+06,1.23367e+07,0,0,0,2.95599e+08,62.3362,61.308,7.73841,0,0,2.13197,1.82957,0,1.64698,3.38688,9.00468e+06,3.61194e+06,1.91977e+07,0,0,0,8.03099e+07
85.139,85.139,6.39106,0.45,0.02,2.69893,3.26509,0,0.533565,6.048,4.33291e+06,3.55818e+06,1.16942e+07,0,0,0,2.95599e+08,62.3362,61.308,3.97316,0,0,2.05203,1.90339,0,1.64716,3.38688,9.00468e+06,4.756e+06,1.84779e+07,0,0,0,8.03099e+07
85.139,85.139,5.75197,0.46,0.02,2.6993,3.2655,0,0.505779,6.048,4.33291e+06,3.55818e+06,1.16959e+07,0,0,0,2.95599e+08,62.3362,61.308,4.22619,0,0,2.05225,1.90363,0,1.5854,3.38688,9.00468e+06,4.756e+06,1.84798e+07,0,0,0,8.03099e+07
85.139,85.139,4.18465,0.45,0.02,2.69968,3.26591,0,0.50585,6.048,4.33291e+06,3.55818e+06,1.16975e+07,0,0,0,2.95599e+08,62.3362,61.308,4.26996,0,0,2.05247,1.90387,0,1.58557,3.38688,9.00468e+06,4.756e+06,1.84818e+07,0,0,0,8.03099e+07
85.139,85.139,3.83911,0.41,0.02,2.70006,3.26632,0,0.50592,6.048,4.33291e+06,3.55818e+06,1.16991e+07,0,0,0,2.95599e+08,62.3362,61.308,4.37393,0,0,2.05269,1.90411,0,1.58574,3.38688,9.00468e+06,4.756e+06,1.84838e+07,0,0,0,8.03099e+07
85.139,85.139,4.14038,0.43,0.02,2.65905,3.22171,0,0.505991,6.048,4.33291e+06,3.55818e+06,1.15214e+07,0,0,0,2.95599e+08,62.3362,61.308,4.05268,0,0,2.02662,1.87575,0,1.58591,3.38688,9.00468e+06,4.756e+06,1.82491e+07,0,0,0,8.03099e+07
85.139,85.139,3.89902,0.41,0.02,2.65942,3.22212,0,0.498306,6.048,4.33291e+06,3.55818e+06,1.15231e+07,0,0,0,2.95599e+08,62.3362,61.308,3.3646,0,0,2.02684,1.87599,0,1.56577,3.38688,9.00468e+06,4.756e+06,1.8251e+07,0,0,0,8.03099e+07
85.139,85.139,3.58877,0.35,0.02,2.92012,3.22252,0,0.498376,6.048,4.33291e+06,2.70226e+06,1.26526e+07,0,0,0,2.95599e+08,62.3362,61.308,3.04452,0,0,2.17862,1.87622,0,1.56594,3.38688,9.00468e+06,3.61194e+06,1.96178e+07,0,0,0,8.03099e+07
85.139,85.139,3.49874,0.34,0.02,2.92053,3.22293,0,0.547231,6.048,4.33291e+06,2.70226e+06,1.26544e+07,0,0,0,2.95599e+08,62.3362,61.308,3.42173,0,0,2.17886,1.87646,0,1.68321,3.38688,9.00468e+06,3.61194e+06,1.96199e+07,0,0,0,8.03099e+07
85.139,85.139,3.33929,0.33,0.02,3.07384,3.37624,0,0.547307,6.048,4.33291e+06,2.70226e+06,1.33187e+07,0,0,0,2.95599e+08,62.3362,61.308,3.17746,0,0,2.28056,1.97816,0,1.68339,3.38688,9.00468e+06,3.61194e+06,2.05357e+07,0,0,0,8.03099e+07
84.9629,85.139,3.06763,0.31,0.02,3.07427,3.37667,0,0.576038,6.048,4.33291e+06,2.70226e+06,1.33205e+07,0,0,0,2.95599e+08,62.3362,61.308,3.16642,0,0,2.28081,1.97841,0,1.76196,3.38688,9.00468e+06,3.61194e+06,2.0538e+07,0,0,0,8.03099e+07
84.751,85.139,3.02597,0.37,0.02,3.07469,3.37709,0,0.576117,6.048,4.33291e+06,2.70226e+06,1.33224e+07,0,0,0,2.95599e+08,62.3362,61.308,3.21811,0,0,2.28106,1.97866,0,1.76215,3.38688,9.00468e+06,3.61194e+06,2.05402e+07,0,0,0,8.03099e+07
84.3541,85.139,2.83008,0.37,0.02,3.07512,3.37752,0,0.576197,6.048,4.33291e+06,2.70226e+06,1.33242e+07,0,0,0,2.95599e+08,62.3362,61.308,3.04221,0,0,2.28131,1.97891,0,1.76235,3.38688,9.00468e+06,3.61194e+06,2.05424e+07,0,0,0,8.03099e+07
83.8227,85.139,2.65417,0.34,0.02,3.07554,3.37794,0,0.576277,6.048,4.33291e+06,2.70226e+06,1.33261e+07,0,0,0,2.95599e+08,62.3362,61.308,2.93359,0,0,2.28156,1.97916,0,1.76254,3.38688,9.00468e+06,3.61194e+06,2.05447e+07,0,0,0,8.03099e+07
83.0822,85.139,2.44782,0.31,0.02,3.04571,3.34811,0,0.576356,6.048,4.33291e+06,2.70226e+06,1.31968e+07,0,0,0,2.95599e+08,62.3362,61.308,3.10695,0,0,2.33761,2.03521,0,1.76273,3.38688,9.00468e+06,3.61194e+06,2.10494e+07,0,0,0,8.03099e+07
82.1742,85.139,2.26312,0.3,0.02,3.04613,3.34853,0,0.570766,6.048,4.33291e+06,2.70226e+06,1.31986e+07,0,0,0,2.95599e+08,62.3362,61.308,3.15757,0,0,2.33786,2.03546,0,1.80604,3.38688,9.00468e+06,3.61194e+06,2.10517e+07,0,0,0,8.03099e+07
81.1557,85.139,2.14175,0.29,0.02,3.04655,3.34895,0,0.570845,6.048,4.33291e+06,2.70226e+06,1.32004e+07,0,0,0,2.95599e+08,62.3362,61.308,3.13753,0,0,2.33812,2.03572,0,1.80623,3.38688,9.00468e+06,3.61194e+06,2.1054e+07,0,0,0,8.03099e+07
80.0985,85.139,2.08845,0.28,0.02,3.04697,3.34937,0,0.570924,6.048,4.33291e+06,2.70226e+06,1.32023e+07,0,0,0,2.95599e+08,62.3362,61.308,3.06926,0,0,2.33838,2.03598,0,1.80643,3.38688,9.00468e+06,3.61194e+06,2.10563e+07,0,0,0,8.03099e+07
79.1552,85.139,2.24981,0.25,0.02,3.12557,3.42797,0,0.571003,6.048,4.33291e+06,2.70226e+06,1.35428e+07,0,0,0,2.95599e+08,62.3362,61.308,3.17151,0,0,2.38839,2.08599,0,1.80663,3.38688,9.00468e+06,3.61194e+06,2.15067e+07,0,0,0,8.03099e+07
78.3252,85.139,2.35091,0.3,0.02,3.126,3.4284,0,0.585732,6.048,4.33291e+06,2.70226e+06,1.35447e+07,0,0,0,2.95599e+08,62.3362,61.308,3.2734,0,0,2.38865,2.08625,0,1.84527,3.38688,9.00468e+06,3.61194e+06,2.1509e+07,0,0,0,8.03099e+07
77.2448,85.139,2.0881,0.29,0.02,3.12643,3.42883,0,0.585813,6.048,4.33291e+06,2.70226e+06,1.35466e+07,0,0,0,2.95599e+08,62.3362,61.308,3.09472,0,0,2.38891,2.08651,0,1.84547,3.38688,9.00468e+06,3.61194e+06,2.15114e+07,0,0,0,8.03099e+07
76.0028,85.139,1.91201,0.25,0.02,3.12687,3.42927,0,0.585894,6.048,4.33291e+06,2.70226e+06,1.35484e+07,0,0,0,2.95599e+08,62.3362,61.308,2.89798,0,0,2.38918,2.08678,0,1.84567,3.38688,9.00468e+06,3.61194e+06,2.15138e+07,0,0,0,8.03099e+07
74.3383,85.139,1.64954,0.15,0.02,3.35635,3.65875,0,0.585975,6.048,4.33291e+06,2.70226e+06,1.45428e+07,0,0,0,2.95599e+08,62.3362,61.308,2.87339,0,0,2.56912,2.26672,0,1.84588,3.38688,9.00468e+06,3.61194e+06,2.31341e+07,0,0,0,8.03099e+07
72.431,85.139,1.39639,0.15,0.02,3.35681,3.65921,0,0.62898,6.048,4.33291e+06,2.70226e+06,1.45448e+07,0,0,0,2.95599e+08,62.2875,61.308,2.7271,0,0,2.56941,2.26701,0,1.98491,3.38688,9.00468e+06,3.61194e+06,2.31367e+07,0,0,0,8.03099e+07
70.5122,85.139,1.36065,0.15,0.02,3.35727,3.65967,0,0.629067,6.048,4.33291e+06,2.70226e+06,1.45468e+07,0,0,0,2.95599e+08,62.1785,61.308,2.56567,0,0,2.56969,2.26729,0,1.98513,3.38688,9.00468e+06,3.61194e+06,2.31393e+07,0,0,0,8.03099e+07
69.1883,85.139,1.95022,0.1,0.02,3.35773,3.66013,0,0.629153,6.048,4.33291e+06,2.70226e+06,1.45488e+07,0,0,0,2.95599e+08,62.1993,61.308,2.99675,0,0,2.56998,2.26758,0,1.98535,3.38688,9.00468e+06,3.61194e+06,2.31418e+07,0,0,0,8.03099e+07
68.4216,85.139,2.82924,0,0.02,3.66059,3.66059,0,0.629239,6.048,4.33291e+06,2.70226e+06,1.5861e+07,0,0,0,2.95599e+08,62.3362,61.308,3.48786,0,0,2.26787,2.26787,0,1.98557,3.38688,9.00468e+06,3.61194e+06,2.04214e+07,0,0,0,8.03099e+07
67.63,85.139,2.6492,0,0.02,3.54935,3.54935,0,0.685995,6.048,4.33291e+06,2.70226e+06,1.5379e+07,0,0,0,2.95599e+08,62.3362,61.308,3.05726,0,0,2.15902,2.15902,0,1.75215,3.38688,9.00468e+06,3.61194e+06,1.94413e+07,0,0,0,8.03099e+07
67.3281,85.139,2.93885,0.1,0.02,3.2474,3.5498,0,0.665148,6.048,4.33291e+06,2.70226e+06,1.40707e+07,0,0,0,2.95599e+08,62.3362,61.308,3.84699,0,0,2.46169,2.15929,0,1.66806,3.38688,9.00468e+06,3.61194e+06,2.21667e+07,0,0,0,8.03099e+07
66.6024,85.139,2.78124,0,0.02,3.55024,3.55024,0,0.608562,6.048,4.33291e+06,2.70226e+06,1.53829e+07,0,0,0,2.95599e+08,62.3362,61.308,3.99439,0,0,2.15956,2.15956,0,1.9019,3.38688,9.00468e+06,3.61194e+06,1.94462e+07,0,0,0,8.03099e+07
66.1847,85.139,3.14189,0,0.02,3.55069,3.55069,0,0.665316,6.048,4.33291e+06,2.70226e+06,1.53848e+07,0,0,0,2.95599e+08,62.3362,61.308,4.51071,0,0,2.15983,2.15983,0,1.66848,3.38688,9.00468e+06,3.61194e+06,1.94486e+07,0,0,0,8.03099e+07
65.4012,85.139,2.81969,0,0.02,3.4594,3.4594,0,0.665399,6.048,4.33291e+06,2.70226e+06,1.49893e+07,0,0,0,2.95599e+08,61.7954,61.308,3.96013,0,0,2.06072,2.06072,0,1.66869,3.38688,9.00468e+06,3.61194e+06,1.85561e+07,0,0,0,8.03099e+07
63.6199,85.139,1.62629,0,0.02,3.45984,3.45984,0,0.648292,6.048,4.33291e+06,2.70226e+06,1.49912e+07,0,0,0,2.95599e+08,61.4163,61.308,1.22463,0,0,2.06098,2.06098,0,1.59211,3.38688,9.00468e+06,3.61194e+06,1.85585e+07,0,0,0,8.03099e+07
62.1193,85.139,1.89799,0,0.02,3.46027,3.46027,0,0.648374,6.048,4.33291e+06,2.70226e+06,1.49931e+07,0,0,0,2.95599e+08,61.539,61.308,2.64911,0,0,2.06124,2.06124,0,1.59231,3.38688,9.00468e+06,3.61194e+06,1.85608e+07,0,0,0,8.03099e+07
63.651,85.139,5.09028,0,0.02,3.46071,3.46071,0,0.648455,6.048,4.33291e+06,2.70226e+06,1.4995e+07,0,0,0,2.95599e+08,62.066,61.308,5.54664,0,0,2.0615,2.0615,0,1.59251,3.38688,9.00468e+06,3.61194e+06,1.85631e+07,0,0,0,8.03099e+07
63.5577,85.139,3.21983,0,0.02,3.20048,3.20048,0,0.648537,6.048,4.33291e+06,2.70226e+06,1.38674e+07,0,0,0,2.95599e+08,62.3362,61.308,2.30254,0,0,1.85466,1.85466,0,1.59271,3.38688,9.00468e+06,3.61194e+06,1.67006e+07,0,0,0,8.03099e+07
63.8959,85.139,3.73919,0,0.02,3.20088,3.20088,0,0.59977,6.048,4.33291e+06,2.70226e+06,1.38691e+07,0,0,0,2.95599e+08,62.3362,61.308,2.5158,0,0,1.85489,1.85489,0,1.43291,3.38688,9.00468e+06,3.61194e+06,1.67027e+07,0,0,0,8.03099e+07
66.9448,85.139,6.54993,0,0.02,3.20128,3.20128,0,0.599845,6.048,4.33291e+06,2.70226e+06,1.38709e+07,0,0,0,2.95599e+08,62.3362,61.308,5.94944,0,0,1.85513,1.85513,0,1.43309,3.38688,9.00468e+06,3.61194e+06,1.67048e+07,0,0,0,8.03099e+07
68.1152,85.139,4.73236,0,0.02,3.20169,3.20169,0,0.599921,6.048,4.33291e+06,2.70226e+06,1.38726e+07,0,0,0,2.95599e+08,62.2707,61.308,3.28508,0,0,1.85536,1.85536,0,1.43327,3.38688,9.00468e+06,3.61194e+06,1.67069e+07,0,0,0,8.03099e+07
68.4417,85.139,3.85255,0,0.02,3.20209,3.20209,0,0.599996,6.048,4.33291e+06,2.70226e+06,1.38744e+07,0,0,0,2.95599e+08,62.3362,61.308,2.55206,0,0,1.85559,1.85559,0,1.43345,3.38688,9.00468e+06,3.61194e+06,1.6709e+07,0,0,0,8.03099e+07
69.494,85.139,4.68828,0,0.02,3.3028,3.3028,0,0.600072,6.048,4.33291e+06,2.70226e+06,1.43108e+07,0,0,0,2.95599e+08,62.3362,61.308,3.25379,0,0,1.91582,1.91582,0,1.43363,3.38688,9.00468e+06,3.61194e+06,1.72514e+07,0,0,0,8.03099e+07
79.5456,85.139,13.9434,0,0.02,3.30319,3.30319,0,0.618945,6.048,4.33291e+06,2.70226e+06,1.43124e+07,0,0,0,2.95599e+08,62.3362,61.308,9.55556,0,0,1.91605,1.91605,0,1.48017,3.38688,9.00468e+06,3.61194e+06,1.72534e+07,0,0,0,8.03099e+07
85.139,85.139,17.8419,0,0.02,3.30357,3.30357,0,0.619017,6.048,4.33291e+06,2.70226e+06,1.43141e+07,0,0,0,2.95599e+08,62.3362,61.308,18.3967,0,0,1.91627,1.91627,0,1.48034,3.38688,9.00468e+06,3.61194e+06,1.72554e+07,0,0,0,8.03099e+07
85.139,85.139,14.1789,0,0.02,3.30396,3.30396,0,0.61909,6.048,4.33291e+06,2.70226e+06,1.43158e+07,0,0,0,2.95599e+08,62.3362,61.308,13.5959,0,0,1.9165,1.9165,0,1.48051,3.38688,9.00468e+06,3.61194e+06,1.72574e+07,0,0,0,8.03099e+07
85.139,85.139,11.3081,0.31,0.02,3.32424,3.62664,0,0.619162,6.048,4.33291e+06,2.70226e+06,1.44037e+07,0,0,0,2.95599e+08,62.3362,61.308,8.93625,0,0,2.44448,2.14208,0,1.48068,3.38688,9.00468e+06,3.61194e+06,2.20118e+07,0,0,0,8.03099e+07
85.139,85.139,14.6118,0.31,0.02,3.32467,3.62707,0,0.622963,6.048,4.33291e+06,2.70226e+06,1.44055e+07,0,0,0,2.95599e+08,62.3362,61.308,11.5042,0,0,2.44473,2.14233,0,1.88861,3.38688,9.00468e+06,3.61194e+06,2.20141e+07,0,0,0,8.03099e+07
85.139,85.139,7.63157,0.33,0.02,3.32509,3.62749,0,0.623043,6.048,4.33291e+06,2.70226e+06,1.44073e+07,0,0,0,2.95599e+08,62.3362,61.308,6.59343,0,0,2.44499,2.14259,0,1.8888,3.38688,9.00468e+06,3.61194e+06,2.20163e+07,0,0,0,8.03099e+07
85.139,85.139,5.97119,0.32,0.02,3.32552,3.62792,0,0.623122,6.048,4.33291e+06,2.70226e+06,1.44092e+07,0,0,0,2.95599e+08,62.3362,61.308,5.65152,0,0,2.44524,2.14284,0,1.889,3.38688,9.00468e+06,3.61194e+06,2.20186e+07,0,0,0,8.03099e+07
85.139,85.139,8.43477,0.33,0.02,2.86602,3.16842,0,0.623202,6.048,4.33291e+06,2.70226e+06,1.24182e+07,0,0,0,2.95599e+08,62.3362,61.308,13.8794,0,0,2.1429,1.8405,0,1.88919,3.38688,9.00468e+06,3.61194e+06,1.92961e+07,0,0,0,8.03099e+07
85.139,85.139,8.38256,0.35,0.02,2.86639,3.16879,0,0.537093,6.048,4.33291e+06,2.70226e+06,1.24198e+07,0,0,0,2.95599e+08,62.3362,61.308,16.1331,0,0,2.14312,1.84072,0,1.65561,3.38688,9.00468e+06,3.61194e+06,1.92981e+07,0,0,0,8.03099e+07
85.139,85.139,7.41504,0.37,0.02,2.86676,3.16916,0,0.537162,6.048,4.33291e+06,2.70226e+06,1.24214e+07,0,0,0,2.95599e+08,62.3362,61.308,11.6902,0,0,2.14333,1.84093,0,1.65577,3.38688,9.00468e+06,3.61194e+06,1.93e+07,0,0,0,8.03099e+07
85.139,85.139,8.78611,0.41,0.02,2.61109,3.16953,0,0.537232,6.048,4.33291e+06,3.55818e+06,1.13136e+07,0,0,0,2.95599e+08,62.3362,61.308,14.2856,0,0,1.99481,1.84115,0,1.65594,3.38688,9.00468e+06,4.756e+06,1.79626e+07,0,0,0,8.03099e+07
85.139,85.139,10.2378,0.44,0.02,2.61143,3.1699,0,0.489318,6.048,4.33291e+06,3.55818e+06,1.13151e+07,0,0,0,2.95599e+08,62.3362,61.308,18.8264,0,0,1.99501,1.84136,0,1.54119,3.38688,9.00468e+06,4.756e+06,1.79644e+07,0,0,0,8.03099e+07
85.139,85.139,6.86563,0.46,0.02,2.71825,3.28611,0,0.489382,6.048,4.33291e+06,3.55818e+06,1.17779e+07,0,0,0,2.95599e+08,62.3362,61.308,8.39971,0,0,2.06329,1.91564,0,1.54134,3.38688,9.00468e+06,4.756e+06,1.85793e+07,0,0,0,8.03099e+07
85.139,85.139,6.77818,0.49,0.02,2.7186,3.28649,0,0.509399,6.048,4.33291e+06,3.55818e+06,1.17795e+07,0,0,0,2.95599e+08,62.3362,61.308,9.17595,0,0,2.0635,1.91587,0,1.5941,3.38688,9.00468e+06,4.756e+06,1.85811e+07,0,0,0,8.03099e+07
85.139,85.139,7.29097,0.48,0.02,2.71895,3.28688,0,0.509465,6.048,4.33291e+06,3.55818e+06,1.1781e+07,0,0,0,2.95599e+08,62.3362,61.308,9.60663,0,0,2.0637,1.91609,0,1.59426,3.38688,9.00468e+06,4.756e+06,1.8583e+07,0,0,0,8.03099e+07
85.139,85.139,5.93276,0.46,0.02,2.7193,3.28726,0,0.509532,6.048,4.33291e+06,3.55818e+06,1.17825e+07,0,0,0,2.95599e+08,62.3362,61.308,7.32275,0,0,2.06391,1.91631,0,1.59442,3.38688,9.00468e+06,4.756e+06,1.85848e+07,0,0,0,8.03099e+07
85.139,85.139,5.34392,0.43,0.02,2.67801,3.24233,0,0.509598,6.048,4.33291e+06,3.55818e+06,1.16036e+07,0,0,0,2.95599e+08,62.3362,61.308,5.72314,0,0,2.03766,1.88776,0,1.59458,3.38688,9.00468e+06,4.756e+06,1.83485e+07,0,0,0,8.03099e+07
85.139,85.139,4.836,0.43,0.02,2.67835,3.24271,0,0.501858,6.048,4.33291e+06,3.55818e+06,1.16051e+07,0,0,0,2.95599e+08,62.3362,61.308,4.48075,0,0,2.03786,1.88798,0,1.57429,3.38688,9.00468e+06,4.756e+06,1.83503e+07,0,0,0,8.03099e+07
85.139,85.139,5.13349,0.41,0.02,2.6787,3.24309,0,0.501924,6.048,4.33291e+06,3.55818e+06,1.16066e+07,0,0,0,2.95599e+08,62.3362,61.308,6.32826,0,0,2.03806,1.8882,0,1.57445,3.38688,9.00468e+06,4.756e+06,1.83521e+07,0,0,0,8.03099e+07
85.139,85.139,4.64982,0.37,0.02,2.94107,3.24347,0,0.501989,6.048,4.33291e+06,2.70226e+06,1.27434e+07,0,0,0,2.95599e+08,62.3362,61.308,5.92702,0,0,2.19082,1.88842,0,1.57461,3.38688,9.00468e+06,3.61194e+06,1.97276e+07,0,0,0,8.03099e+07
85.139,85.139,4.07656,0.34,0.02,3.09533,3.39773,0,0.551156,6.048,4.33291e+06,2.70226e+06,1.34118e+07,0,0,0,2.95599e+08,62.3362,61.308,5.08882,0,0,2.29315,1.99075,0,1.69263,3.38688,9.00468e+06,3.61194e+06,2.06491e+07,0,0,0,8.03099e+07
85.139,85.139,3.98508,0.33,0.02,3.09572,3.39812,0,0.580064,6.048,4.33291e+06,2.70226e+06,1.34135e+07,0,0,0,2.95599e+08,62.3362,61.308,4.94665,0,0,2.29338,1.99098,0,1.77169,3.38688,9.00468e+06,3.61194e+06,2.06512e+07,0,0,0,8.03099e+07
85.139,85.139,3.76948,0.32,0.02,3.09612,3.39852,0,0.580138,6.048,4.33291e+06,2.70226e+06,1.34152e+07,0,0,0,2.95599e+08,62.3362,61.308,4.20958,0,0,2.29361,1.99121,0,1.77187,3.38688,9.00468e+06,3.61194e+06,2.06533e+07,0,0,0,8.03099e+07
85.139,85.139,3.50135,0.28,0.02,3.09652,3.39892,0,0.580213,6.048,4.33291e+06,2.70226e+06,1.34169e+07,0,0,0,2.95599e+08,62.3362,61.308,3.79518,0,0,2.29385,1.99145,0,1.77205,3.38688,9.00468e+06,3.61194e+06,2.06554e+07,0,0,0,8.03099e+07
85.139,85.139,3.31307,0.29,0.02,3.09691,3.39931,0,0.580287,6.048,4.33291e+06,2.70226e+06,1.34187e+07,0,0,0,2.95599e+08,62.3362,61.308,3.46839,0,0,2.29408,1.99168,0,1.77223,3.38688,9.00468e+06,3.61194e+06,2.06575e+07,0,0,0,8.03099e+07
85.139,85.139,3.51055,0.28,0.02,3.06686,3.36926,0,0.580361,6.048,4.33291e+06,2.70226e+06,1.32884e+07,0,0,0,2.95599e+08,62.3362,61.308,3.89966,0,0,2.35047,2.04807,0,1.77241,3.38688,9.00468e+06,3.61194e+06,2.11652e+07,0,0,0,8.03099e+07
85.139,85.139,3.37879,0.28,0.02,3.06725,3.36965,0,0.57473,6.048,4.33291e+06,2.70226e+06,1.32902e+07,0,0,0,2.95599e+08,62.3362,61.308,4.01494,0,0,2.35071,2.04831,0,1.81597,3.38688,9.00468e+06,3.61194e+06,2.11673e+07,0,0,0,8.03099e+07
85.0057,85.139,3.13016,0.26,0.02,3.06765,3.37005,0,0.574803,6.048,4.33291e+06,2.70226e+06,1.32919e+07,0,0,0,2.95599e+08,62.3362,61.308,3.89582,0,0,2.35094,2.04854,0,1.81615,3.38688,9.00468e+06,3.61194e+06,2.11695e+07,0,0,0,8.03099e+07
84.6693,85.139,2.91029,0.29,0.02,3.06804,3.37044,0,0.574877,6.048,4.33291e+06,2.70226e+06,1.32936e+07,0,0,0,2.95599e+08,62.3362,61.308,4.02331,0,0,2.35118,2.04878,0,1.81634,3.38688,9.00468e+06,3.61194e+06,2.11717e+07,0,0,0,8.03099e+07
84.2248,85.139,2.89226,0.28,0.02,3.1471,3.4495,0,0.574951,6.048,4.33291e+06,2.70226e+06,1.36361e+07,0,0,0,2.95599e+08,62.3362,61.308,3.94067,0,0,2.40149,2.09909,0,1.81652,3.38688,9.00468e+06,3.61194e+06,2.16247e+07,0,0,0,8.03099e+07
83.6019,85.139,2.6713,0.28,0.02,3.14751,3.44991,0,0.589767,6.048,4.33291e+06,2.70226e+06,1.36379e+07,0,0,0,2.95599e+08,62.3362,61.308,3.71686,0,0,2.40174,2.09934,0,1.85539,3.38688,9.00468e+06,3.61194e+06,2.16269e+07,0,0,0,8.03099e+07
82.82,85.139,2.50001,0.28,0.02,3.14791,3.45031,0,0.589843,6.048,4.33291e+06,2.70226e+06,1.36396e+07,0,0,0,2.95599e+08,62.3362,61.308,3.41266,0,0,2.40198,2.09958,0,1.85558,3.38688,9.00468e+06,3.61194e+06,2.16291e+07,0,0,0,8.03099e+07
82.0116,85.139,2.45658,0.28,0.02,3.14831,3.45071,0,0.589918,6.048,4.33291e+06,2.70226e+06,1.36414e+07,0,0,0,2.95599e+08,62.3362,61.308,3.66132,0,0,2.40223,2.09983,0,1.85577,3.38688,9.00468e+06,3.61194e+06,2.16313e+07,0,0,0,8.03099e+07
81.213,85.139,2.6432,0.28,0.02,3.3792,3.6816,0,0.589993,6.048,4.33291e+06,2.70226e+06,1.46418e+07,0,0,0,2.95599e+08,62.3362,61.308,3.97685,0,0,2.58328,2.28088,0,1.85596,3.38688,9.00468e+06,3.61194e+06,2.32616e+07,0,0,0,8.03099e+07
79.4878,85.139,1.68884,0.28,0.02,3.37963,3.68203,0,0.633262,6.048,4.33291e+06,2.70226e+06,1.46436e+07,0,0,0,2.95599e+08,62.3362,61.308,2.60557,0,0,2.58354,2.28114,0,1.99584,3.38688,9.00468e+06,3.61194e+06,2.3264e+07,0,0,0,8.03099e+07
77.5988,85.139,1.50089,0.28,0.02,3.38006,3.68246,0,0.633342,6.048,4.33291e+06,2.70226e+06,1.46455e+07,0,0,0,2.95599e+08,62.3362,61.308,2.40303,0,0,2.58381,2.28141,0,1.99605,3.38688,9.00468e+06,3.61194e+06,2.32664e+07,0,0,0,8.03099e+07
75.8452,85.139,1.6177,0.3,0.02,3.38049,3.68289,0,0.633423,6.048,4.33291e+06,2.70226e+06,1.46474e+07,0,0,0,2.95599e+08,62.3362,61.308,2.42553,0,0,2.58408,2.28168,0,1.99625,3.38688,9.00468e+06,3.61194e+06,2.32688e+07,0,0,0,8.03099e+07
74.9222,85.139,2.50514,0.3,0.02,3.38092,3.68332,0,0.633503,6.048,4.33291e+06,2.70226e+06,1.46492e+07,0,0,0,2.95599e+08,62.2259,61.308,2.91189,0,0,2.58434,2.28194,0,1.99646,3.38688,9.00468e+06,3.61194e+06,2.32712e+07,0,0,0,8.03099e+07
73.9425,85.139,2.26426,0.3,0.02,3.26895,3.57135,0,0.633584,6.048,4.33291e+06,2.70226e+06,1.41641e+07,0,0,0,2.95599e+08,62.0116,61.308,2.20398,0,0,2.4748,2.1724,0,1.99666,3.38688,9.00468e+06,3.61194e+06,2.22848e+07,0,0,0,8.03099e+07
72.2599,85.139,1.6281,0.3,0.02,3.26937,3.57177,0,0.612602,6.048,4.33291e+06,2.70226e+06,1.41659e+07,0,0,0,2.95599e+08,61.9309,61.308,1.89615,0,0,2.47506,2.17266,0,1.91203,3.38688,9.00468e+06,3.61194e+06,2.22871e+07,0,0,0,8.03099e+07
70.8267,85.139,1.87962,0.33,0.02,3.26979,3.57219,0,0.61268,6.048,4.33291e+06,2.70226e+06,1.41677e+07,0,0,0,2.95599e+08,62.1232,61.308,2.38401,0,0,2.47531,2.17291,0,1.91223,3.38688,9.00468e+06,3.61194e+06,2.22894e+07,0,0,0,8.03099e+07
69.3527,85.139,1.85542,0.33,0.02,3.2702,3.5726,0,0.612758,6.048,4.33291e+06,2.70226e+06,1.41695e+07,0,0,0,2.95599e+08,62.3362,61.308,2.37158,0,0,2.47556,2.17316,0,1.91242,3.38688,9.00468e+06,3.61194e+06,2.22917e+07,0,0,0,8.03099e+07
67.8845,85.139,1.87212,0.34,0.02,3.17832,3.48072,0,0.612836,6.048,4.33291e+06,2.70226e+06,1.37714e+07,0,0,0,2.95599e+08,62.0112,61.308,2.74139,0,0,2.37582,2.07342,0,1.91262,3.38688,9.00468e+06,3.61194e+06,2.13935e+07,0,0,0,8.03099e+07
66.098,85.139,1.43773,0.39,0.02,3.12248,3.48113,0,0.595617,6.048,4.33291e+06,2.96515e+06,1.35294e+07,0,0,0,2.95599e+08,61.461,61.308,1.67483,0,0,2.34256,2.07366,0,1.83556,3.38688,9.00468e+06,3.96333e+06,2.1094e+07,0,0,0,8.03099e+07
64.8971,85.139,2.03296,0.39,0.02,3.12288,3.48153,0,0.585153,6.048,4.33291e+06,2.96515e+06,1.35312e+07,0,0,0,2.95599e+08,61.2874,61.308,1.53149,0,0,2.34279,2.0739,0,1.80986,3.38688,9.00468e+06,3.96333e+06,2.10961e+07,0,0,0,8.03099e+07
66.9424,85.139,5.26878,0.41,0.02,2.89825,3.48194,0,0.585228,6.048,4.33291e+06,3.55818e+06,1.25579e+07,0,0,0,2.95599e+08,62.3362,61.308,4.94634,0,0,2.20899,2.07414,0,1.81004,3.38688,9.00468e+06,4.756e+06,1.98912e+07,0,0,0,8.03099e+07
67.6267,85.139,3.6647,0.41,0.02,2.65755,3.22008,0,0.543133,6.048,4.33291e+06,3.55818e+06,1.1515e+07,0,0,0,2.95599e+08,62.2992,61.308,3.36506,0,0,2.01768,1.86602,0,1.70666,3.38688,9.00468e+06,4.756e+06,1.81685e+07,0,0,0,8.03099e+07
67.4169,85.139,2.9096,0.41,0.02,2.6579,3.22046,0,0.498026,6.048,4.33291e+06,3.55818e+06,1.15165e+07,0,0,0,2.95599e+08,62.3362,61.308,2.20634,0,0,2.01788,1.86624,0,1.55886,3.38688,9.00468e+06,4.756e+06,1.81703e+07,0,0,0,8.03099e+07
67.6026,85.139,3.29654,0.43,0.02,2.65824,3.22083,0,0.49809,6.048,4.33291e+06,3.55818e+06,1.15179e+07,0,0,0,2.95599e+08,62.3362,61.308,2.82289,0,0,2.01808,1.86646,0,1.55901,3.38688,9.00468e+06,4.756e+06,1.81721e+07,0,0,0,8.03099e+07
69.8964,85.139,5.41959,0.47,0.02,2.65859,3.22121,0,0.498155,6.048,4.33291e+06,3.55818e+06,1.15194e+07,0,0,0,2.95599e+08,62.3362,61.308,2.95414,0,0,2.01828,1.86667,0,1.55917,3.38688,9.00468e+06,4.756e+06,1.81739e+07,0,0,0,8.03099e+07
72.1781,85.139,5.42069,0.44,0.02,2.65894,3.22159,0,0.49822,6.048,4.33291e+06,3.55818e+06,1.15209e+07,0,0,0,2.95599e+08,62.3362,61.308,3.14004,0,0,2.01848,1.86689,0,1.55932,3.38688,9.00468e+06,4.756e+06,1.81757e+07,0,0,0,8.03099e+07
76.0862,85.139,7.15112,0.46,0.02,2.65894,3.22159,0,0.498284,6.048,4.33291e+06,3.55818e+06,1.15209e+07,0,0,0,2.95599e+08,62.3362,61.308,4.08559,0,0,2.01848,1.86689,0,1.55948,3.38688,9.00468e+06,4.756e+06,1.81757e+07,0,0,0,8.03099e+07
79.4762,110.355,6.58958,0.49,0.02,2.75205,3.32288,0,0.498284,6.048,4.33291e+06,3.55818e+06,1.19244e+07,0,0,0,2.95599e+08,62.3362,61.308,3.08275,0,0,2.07416,1.92747,0,1.55948,3.38688,9.00468e+06,4.756e+06,1.86772e+07,0,0,0,8.03099e+07
85.7921,110.355,9.62427,0.43,0.02,2.75238,3.32324,0,0.515734,6.048,4.33291e+06,3.55818e+06,1.19258e+07,0,0,0,2.95599e+08,62.3362,61.308,3.49574,0,0,2.07435,1.92768,0,1.6025,3.38688,9.00468e+06,4.756e+06,1.86789e+07,0,0,0,8.03099e+07
89.6502,110.355,7.52343,0.39,0.02,2.9675,3.3236,0,0.515796,6.048,4.33291e+06,2.96515e+06,1.28579e+07,0,0,0,2.95599e+08,62.3362,61.308,4.05672,0,0,2.19914,1.92789,0,1.60265,3.38688,9.00468e+06,3.96333e+06,1.98025e+07,0,0,0,8.03099e+07
92.0027,110.355,5.81109,0.42,0.02,2.75304,3.32396,0,0.55611,6.048,4.33291e+06,3.55818e+06,1.19287e+07,0,0,0,2.95599e+08,62.3362,61.308,4.58031,0,0,2.07474,1.9281,0,1.69905,3.38688,9.00468e+06,4.756e+06,1.86823e+07,0,0,0,8.03099e+07
94.3121,110.355,6.3328,0.34,0.02,3.34616,3.64856,0,0.515919,6.048,4.33291e+06,2.70226e+06,1.44986e+07,0,0,0,2.95599e+08,62.3362,61.308,5.24191,0,0,2.45743,2.15503,0,1.60294,3.38688,9.00468e+06,3.61194e+06,2.21284e+07,0,0,0,8.03099e+07
95.717,110.355,5.58052,0.35,0.02,3.34656,3.64896,0,0.627071,6.048,4.33291e+06,2.70226e+06,1.45003e+07,0,0,0,2.95599e+08,62.3362,61.308,5.31623,0,0,2.45766,2.15526,0,1.89861,3.38688,9.00468e+06,3.61194e+06,2.21305e+07,0,0,0,8.03099e+07
96.5979,110.355,4.90953,0.35,0.02,3.34695,3.64935,0,0.627145,6.048,4.33291e+06,2.70226e+06,1.4502e+07,0,0,0,2.95599e+08,62.3362,61.308,4.73113,0,0,2.4579,2.1555,0,1.89879,3.38688,9.00468e+06,3.61194e+06,2.21326e+07,0,0,0,8.03099e+07
98.3588,110.355,5.80316,0.28,0.02,3.34734,3.64974,0,0.627218,6.048,4.33291e+06,2.70226e+06,1.45038e+07,0,0,0,2.95599e+08,62.3362,61.308,5.70377,0,0,2.45813,2.15573,0,1.89897,3.38688,9.00468e+06,3.61194e+06,2.21347e+07,0,0,0,8.03099e+07
102.812,110.355,8.33534,0.28,0.02,2.88506,3.18746,0,0.627292,6.048,4.33291e+06,2.70226e+06,1.25007e+07,0,0,0,2.95599e+08,62.3362,61.308,9.77646,0,0,2.15396,1.85156,0,1.89915,3.38688,9.00468e+06,3.61194e+06,1.93957e+07,0,0,0,8.03099e+07
106.328,110.355,7.36263,0.25,0.02,2.8854,3.1878,0,0.54066,6.048,4.33291e+06,2.70226e+06,1.25022e+07,0,0,0,2.95599e+08,62.3362,61.308,9.40094,0,0,2.15416,1.85176,0,1.66415,3.38688,9.00468e+06,3.61194e+06,1.93975e+07,0,0,0,8.03099e+07
110.355,110.355,9.50298,0.25,0.02,2.88575,3.18815,0,0.540724,6.048,4.33291e+06,2.70226e+06,1.25037e+07,0,0,0,2.95599e+08,62.3362,61.308,10.4515,0,0,2.15436,1.85196,0,1.6643,3.38688,9.00468e+06,3.61194e+06,1.93993e+07,0,0,0,8.03099e+07
110.355,110.355,9.0873,0.17,0.02,2.88609,3.18849,0,0.540789,6.048,4.33291e+06,2.70226e+06,1.25052e+07,0,0,0,2.95599e+08,62.3362,61.308,10.1799,0,0,2.15456,1.85216,0,1.66446,3.38688,9.00468e+06,3.61194e+06,1.94011e+07,0,0,0,8.03099e+07
110.355,110.355,10.3742,0.18,0.02,2.88643,3.18883,0,0.540853,6.048,4.33291e+06,2.70226e+06,1.25067e+07,0,0,0,2.95599e+08,62.3362,61.308,8.36781,0,0,2.15476,1.85236,0,1.66461,3.38688,9.00468e+06,3.61194e+06,1.94029e+07,0,0,0,8.03099e+07
110.355,110.355,10.2477,0.19,0.02,3.0033,3.3057,0,0.540918,6.048,4.33291e+06,2.70226e+06,1.30131e+07,0,0,0,2.95599e+08,62.3362,61.308,8.91759,0,0,2.22947,1.92707,0,1.66477,3.38688,9.00468e+06,3.61194e+06,2.00756e+07,0,0,0,8.03099e+07
110.355,110.355,7.37672,0.17,0.02,3.00366,3.30606,0,0.562819,6.048,4.33291e+06,2.70226e+06,1.30146e+07,0,0,0,2.95599e+08,62.3362,61.308,6.28544,0,0,2.22967,1.92727,0,1.72248,3.38688,9.00468e+06,3.61194e+06,2.00775e+07,0,0,0,8.03099e+07
110.355,110.355,6.72052,0.15,0.02,3.00402,3.30642,0,0.562886,6.048,4.33291e+06,2.70226e+06,1.30161e+07,0,0,0,2.95599e+08,62.3362,61.308,5.60315,0,0,2.22988,1.92748,0,1.72265,3.38688,9.00468e+06,3.61194e+06,2.00794e+07,0,0,0,8.03099e+07
110.355,110.355,5.56235,0.15,0.02,3.00437,3.30677,0,0.562953,6.048,4.33291e+06,2.70226e+06,1.30177e+07,0,0,0,2.95599e+08,62.3362,61.308,5.46719,0,0,2.23009,1.92769,0,1.72281,3.38688,9.00468e+06,3.61194e+06,2.00812e+07,0,0,0,8.03099e+07
110.355,110.355,4.99531,0.15,0.02,2.95915,3.26155,0,0.563019,6.048,4.33291e+06,2.70226e+06,1.28217e+07,0,0,0,2.95599e+08,62.3362,61.308,3.15796,0,0,2.20135,1.89895,0,1.72297,3.38688,9.00468e+06,3.61194e+06,1.98224e+07,0,0,0,8.03099e+07
110.355,110.355,5.12064,0.13,0.02,2.9595,3.2619,0,0.554545,6.048,4.33291e+06,2.70226e+06,1.28233e+07,0,0,0,2.95599e+08,62.3362,61.308,3.12999,0,0,2.20155,1.89915,0,1.70076,3.38688,9.00468e+06,3.61194e+06,1.98243e+07,0,0,0,8.03099e+07
110.355,110.355,4.94778,0.13,0.02,2.95985,3.26225,0,0.55461,6.048,4.33291e+06,2.70226e+06,1.28248e+07,0,0,0,2.95599e+08,62.3362,61.308,3.15668,0,0,2.20176,1.89936,0,1.70092,3.38688,9.00468e+06,3.61194e+06,1.98261e+07,0,0,0,8.03099e+07
110.355,110.355,4.65391,0.1,0.02,2.9602,3.2626,0,0.554676,6.048,4.33291e+06,2.70226e+06,1.28263e+07,0,0,0,2.95599e+08,62.2927,61.308,3.05106,0,0,2.20196,1.89956,0,1.70108,3.38688,9.00468e+06,3.61194e+06,1.98279e+07,0,0,0,8.03099e+07
110.355,110.355,3.86963,0.09,0.02,3.11534,3.41774,0,0.554742,6.048,4.33291e+06,2.70226e+06,1.34985e+07,0,0,0,2.95599e+08,62.1031,61.308,2.15919,0,0,2.30488,2.00248,0,1.70123,3.38688,9.00468e+06,3.61194e+06,2.07547e+07,0,0,0,8.03099e+07
110.229,110.355,3.53216,0.06,0.02,3.11571,3.41811,0,0.583815,6.048,4.33291e+06,2.70226e+06,1.35001e+07,0,0,0,2.95599e+08,61.8258,61.308,1.99742,0,0,2.30509,2.00269,0,1.78075,3.38688,9.00468e+06,3.61194e+06,2.07566e+07,0,0,0,8.03099e+07
109.89,110.355,3.26473,0.06,0.02,3.11608,3.41848,0,0.583884,6.048,4.33291e+06,2.70226e+06,1.35017e+07,0,0,0,2.95599e+08,61.5538,61.308,2.01035,0,0,2.30531,2.00291,0,1.78091,3.38688,9.00468e+06,3.61194e+06,2.07586e+07,0,0,0,8.03099e+07
109.456,110.355,3.16011,0.06,0.02,3.11645,3.41885,0,0.583953,6.048,4.33291e+06,2.70226e+06,1.35033e+07,0,0,0,2.95599e+08,61.3123,61.308,1.98998,0,0,2.30552,2.00312,0,1.78108,3.38688,9.00468e+06,3.61194e+06,2.07605e+07,0,0,0,8.03099e+07
108.299,110.355,2.3629,0.07,0.02,3.11681,3.41921,0,0.584022,6.048,4.33291e+06,2.70226e+06,1.35049e+07,0,0,0,2.95599e+08,61.0099,61.308,2.02419,0,0,2.30574,2.00334,0,1.78125,3.38688,9.00468e+06,3.61194e+06,2.07624e+07,0,0,0,8.03099e+07
106.807,110.355,1.96483,0.07,0.02,3.08656,3.38896,0,0.584091,6.048,4.33291e+06,2.70226e+06,1.33738e+07,0,0,0,2.95599e+08,60.7086,61.308,1.8534,0,0,2.36244,2.06004,0,1.78141,3.38688,9.00468e+06,3.61194e+06,2.1273e+07,0,0,0,8.03099e+07
105.2,110.355,1.80269,0.14,0.02,3.08692,3.38932,0,0.578421,6.048,4.33291e+06,2.70226e+06,1.33754e+07,0,0,0,2.95599e+08,60.3258,61.308,1.82143,0,0,2.36266,2.06026,0,1.82522,3.38688,9.00468e+06,3.61194e+06,2.1275e+07,0,0,0,8.03099e+07
103.53,110.355,1.6886,0.15,0.02,3.08729,3.38969,0,0.578489,6.048,4.33291e+06,2.70226e+06,1.33769e+07,0,0,0,2.95599e+08,59.741,61.308,1.76151,0,0,2.36288,2.06048,0,1.82539,3.38688,9.00468e+06,3.61194e+06,2.1277e+07,0,0,0,8.03099e+07
101.675,110.355,1.48531,0.16,0.02,3.08765,3.39005,0,0.578558,6.048,4.33291e+06,2.70226e+06,1.33785e+07,0,0,0,2.95599e+08,59.0668,61.308,1.60191,0,0,2.3631,2.0607,0,1.82556,3.38688,9.00468e+06,3.61194e+06,2.1279e+07,0,0,0,8.03099e+07
99.8494,110.355,1.57862,0.16,0.02,3.16714,3.46954,0,0.578626,6.048,4.33291e+06,2.70226e+06,1.3723e+07,0,0,0,2.95599e+08,58.5777,61.308,1.68829,0,0,2.41369,2.11129,0,1.82573,3.38688,9.00468e+06,3.61194e+06,2.17345e+07,0,0,0,8.03099e+07
97.932,110.355,1.46108,0.21,0.02,3.16752,3.46992,0,0.593523,6.048,4.33291e+06,2.70226e+06,1.37246e+07,0,0,0,2.95599e+08,57.901,61.308,1.6984,0,0,2.41391,2.11151,0,1.86481,3.38688,9.00468e+06,3.61194e+06,2.17365e+07,0,0,0,8.03099e+07
95.9217,110.355,1.35389,0.21,0.02,3.16789,3.47029,0,0.593593,6.048,4.33291e+06,2.70226e+06,1.37262e+07,0,0,0,2.95599e+08,57.3284,61.308,1.51695,0,0,2.41414,2.11174,0,1.86499,3.38688,9.00468e+06,3.61194e+06,2.17386e+07,0,0,0,8.03099e+07
93.9584,110.355,1.37795,0.21,0.02,3.16826,3.47066,0,0.593663,6.048,4.33291e+06,2.70226e+06,1.37278e+07,0,0,0,2.95599e+08,56.6977,61.308,1.71001,0,0,2.41437,2.11197,0,1.86517,3.38688,9.00468e+06,3.61194e+06,2.17406e+07,0,0,0,8.03099e+07
91.6388,110.355,1.18788,0.24,0.02,3.40045,3.70285,0,0.593733,6.048,4.33291e+06,2.70226e+06,1.47339e+07,0,0,0,2.95599e+08,56.1664,61.308,1.52854,0,0,2.59645,2.29405,0,1.86534,3.38688,9.00468e+06,3.61194e+06,2.33802e+07,0,0,0,8.03099e+07
89.4138,110.355,1.28536,0.24,0.02,3.40085,3.70325,0,0.637245,6.048,4.33291e+06,2.70226e+06,1.47356e+07,0,0,0,2.95599e+08,55.419,61.308,1.84109,0,0,2.59669,2.29429,0,2.00602,3.38688,9.00468e+06,3.61194e+06,2.33824e+07,0,0,0,8.03099e+07
86.9486,110.355,1.03254,0.28,0.02,3.40125,3.70365,0,0.63732,6.048,4.33291e+06,2.70226e+06,1.47373e+07,0,0,0,2.95599e+08,54.829,61.308,1.32634,0,0,2.59694,2.29454,0,2.00621,3.38688,9.00468e+06,3.61194e+06,2.33846e+07,0,0,0,8.03099e+07
84.7296,110.355,1.25319,0.28,0.02,3.40165,3.70405,0,0.637395,6.048,4.33291e+06,2.70226e+06,1.47391e+07,0,0,0,2.95599e+08,54.4005,61.308,2.31806,0,0,2.59719,2.29479,0,2.0064,3.38688,9.00468e+06,3.61194e+06,2.33869e+07,0,0,0,8.03099e+07
82.2181,110.355,0.884304,0.28,0.02,3.40205,3.70445,0,0.63747,6.048,4.33291e+06,2.70226e+06,1.47408e+07,0,0,0,2.95599e+08,53.6372,61.308,1.57788,0,0,2.59744,2.29504,0,2.00659,3.38688,9.00468e+06,3.61194e+06,2.33891e+07,0,0,0,8.03099e+07
79.6944,110.355,0.784359,0.31,0.02,3.28941,3.59181,0,0.637544,6.048,4.33291e+06,2.70226e+06,1.42527e+07,0,0,0,2.95599e+08,53.0915,61.308,1.42516,0,0,2.48725,2.18485,0,2.00678,3.38688,9.00468e+06,3.61194e+06,2.23969e+07,0,0,0,8.03099e+07
77.5426,110.355,1.16537,0.31,0.02,3.2898,3.5922,0,0.616436,6.048,4.33291e+06,2.70226e+06,1.42544e+07,0,0,0,2.95599e+08,52.6237,61.308,1.7342,0,0,2.48748,2.18508,0,1.92165,3.38688,9.00468e+06,3.61194e+06,2.2399e+07,0,0,0,8.03099e+07
75.7991,110.355,1.60412,0.33,0.02,3.29019,3.59259,0,0.616508,6.048,4.33291e+06,2.70226e+06,1.42561e+07,0,0,0,2.95599e+08,52.454,61.308,2.81492,0,0,2.48772,2.18532,0,1.92183,3.38688,9.00468e+06,3.61194e+06,2.24011e+07,0,0,0,8.03099e+07
73.7709,110.355,1.33977,0.34,0.02,3.29057,3.59297,0,0.616581,6.048,4.33291e+06,2.70226e+06,1.42578e+07,0,0,0,2.95599e+08,51.9918,61.308,1.89477,0,0,2.48795,2.18555,0,1.92201,3.38688,9.00468e+06,3.61194e+06,2.24032e+07,0,0,0,8.03099e+07
71.5791,110.355,1.07481,0.35,0.02,3.19813,3.50053,0,0.616653,6.048,4.33291e+06,2.70226e+06,1.38572e+07,0,0,0,2.95599e+08,51.5311,61.308,1.61509,0,0,2.38762,2.08522,0,1.92219,3.38688,9.00468e+06,3.61194e+06,2.14998e+07,0,0,0,8.03099e+07
71.7552,110.355,3.33281,0.4,0.02,2.9157,3.50091,0,0.59933,6.048,4.33291e+06,3.55818e+06,1.26335e+07,0,0,0,2.95599e+08,52.0322,61.308,5.16616,0,0,2.21938,2.08545,0,1.84468,3.38688,9.00468e+06,4.756e+06,1.99848e+07,0,0,0,8.03099e+07
71.3383,110.355,2.73446,0.41,0.02,2.91604,3.50129,0,0.546401,6.048,4.33291e+06,3.55818e+06,1.2635e+07,0,0,0,2.95599e+08,52.3486,61.308,2.83704,0,0,2.21958,2.08567,0,1.71469,3.38688,9.00468e+06,4.756e+06,1.99866e+07,0,0,0,8.03099e+07
70.4239,110.355,2.18752,0.41,0.02,2.91639,3.50167,0,0.546466,6.048,4.33291e+06,3.55818e+06,1.26365e+07,0,0,0,2.95599e+08,52.4925,61.308,3.0362,0,0,2.21979,2.0859,0,1.71485,3.38688,9.00468e+06,4.756e+06,1.99885e+07,0,0,0,8.03099e+07
70.1876,110.355,2.72767,0.41,0.02,2.6743,3.2383,0,0.546531,6.048,4.33291e+06,3.55818e+06,1.15875e+07,0,0,0,2.95599e+08,53.979,61.308,6.29163,0,0,2.02738,1.87658,0,1.71501,3.38688,9.00468e+06,4.756e+06,1.82559e+07,0,0,0,8.03099e+07
71.8935,110.355,4.89867,0.43,0.02,2.67462,3.23865,0,0.501163,6.048,4.33291e+06,3.55818e+06,1.15889e+07,0,0,0,2.95599e+08,58.0056,61.308,10.89,0,0,2.02757,1.87678,0,1.56635,3.38688,9.00468e+06,4.756e+06,1.82576e+07,0,0,0,8.03099e+07
72.778,110.355,3.9118,0.48,0.02,2.67494,3.239,0,0.501224,6.048,4.33291e+06,3.55818e+06,1.15903e+07,0,0,0,2.95599e+08,59.826,61.308,7.34742,0,0,2.02775,1.87698,0,1.5665,3.38688,9.00468e+06,4.756e+06,1.82593e+07,0,0,0,8.03099e+07
72.7281,110.355,3.10336,0.49,0.02,2.67526,3.23935,0,0.501284,6.048,4.33291e+06,3.55818e+06,1.15917e+07,0,0,0,2.95599e+08,60.4691,61.308,4.96835,0,0,2.02794,1.87718,0,1.56664,3.38688,9.00468e+06,4.756e+06,1.82609e+07,0,0,0,8.03099e+07
75.5035,110.355,5.94089,0.51,0.02,2.67558,3.23969,0,0.501344,6.048,4.33291e+06,3.55818e+06,1.15931e+07,0,0,0,2.95599e+08,62.3362,61.308,7.79629,0,0,2.02812,1.87739,0,1.56678,3.38688,9.00468e+06,4.756e+06,1.82626e+07,0,0,0,8.03099e+07
78.3853,110.355,6.33012,0.49,0.02,2.76919,3.34153,0,0.501404,6.048,4.33291e+06,3.55818e+06,1.19987e+07,0,0,0,2.95599e+08,62.3362,61.308,6.37135,0,0,2.08411,1.93829,0,1.56693,3.38688,9.00468e+06,4.756e+06,1.87667e+07,0,0,0,8.03099e+07
80.3214,110.355,5.42728,0.52,0.02,2.76949,3.34186,0,0.518946,6.048,4.33291e+06,3.55818e+06,1.2e+07,0,0,0,2.95599e+08,62.3362,61.308,4.7556,0,0,2.08428,1.93848,0,1.61018,3.38688,9.00468e+06,4.756e+06,1.87683e+07,0,0,0,8.03099e+07
82.075,110.355,5.17264,0.47,0.02,2.7698,3.34219,0,0.519003,6.048,4.33291e+06,3.55818e+06,1.20013e+07,0,0,0,2.95599e+08,62.3362,61.308,4.41304,0,0,2.08446,1.93867,0,1.61032,3.38688,9.00468e+06,4.756e+06,1.87699e+07,0,0,0,8.03099e+07
84.0804,110.355,5.47882,0.48,0.02,2.7701,3.34252,0,0.51906,6.048,4.33291e+06,3.55818e+06,1.20026e+07,0,0,0,2.95599e+08,62.3362,61.308,6.21149,0,0,2.08464,1.93886,0,1.61045,3.38688,9.00468e+06,4.756e+06,1.87715e+07,0,0,0,8.03099e+07
101.31,110.355,21.4003,0.5,0.02,3.07012,3.66891,0,0.519117,6.048,4.33291e+06,3.55818e+06,1.33026e+07,0,0,0,2.95599e+08,62.3362,61.308,15.3912,0,0,2.29439,2.16705,0,1.61059,3.38688,9.00468e+06,4.756e+06,2.06602e+07,0,0,0,8.03099e+07
106.183,110.355,10.0971,0.27,0.02,3.36687,3.66927,0,0.575341,6.048,4.33291e+06,2.70226e+06,1.45884e+07,0,0,0,2.95599e+08,62.3362,61.308,8.36067,0,0,2.46966,2.16726,0,1.77264,3.38688,9.00468e+06,3.61194e+06,2.22385e+07,0,0,0,8.03099e+07
108.792,110.355,7.12858,0.21,0.02,3.36724,3.66964,0,0.630952,6.048,4.33291e+06,2.70226e+06,1.45899e+07,0,0,0,2.95599e+08,62.3362,61.308,6.91552,0,0,2.46988,2.16748,0,1.90806,3.38688,9.00468e+06,3.61194e+06,2.22405e+07,0,0,0,8.03099e+07
110.355,110.355,6.91699,0.17,0.02,3.3676,3.67,0,0.63102,6.048,4.33291e+06,2.70226e+06,1.45915e+07,0,0,0,2.95599e+08,62.3362,61.308,11.8825,0,0,2.47009,2.16769,0,1.90823,3.38688,9.00468e+06,3.61194e+06,2.22424e+07,0,0,0,8.03099e+07
110.355,110.355,7.68534,0.17,0.02,2.90272,3.20512,0,0.631088,6.048,4.33291e+06,2.70226e+06,1.25772e+07,0,0,0,2.95599e+08,62.3362,61.308,6.45013,0,0,2.16422,1.86182,0,1.90839,3.38688,9.00468e+06,3.61194e+06,1.94881e+07,0,0,0,8.03099e+07
110.355,110.355,5.52968,0.18,0.02,2.90304,3.20544,0,0.54397,6.048,4.33291e+06,2.70226e+06,1.25786e+07,0,0,0,2.95599e+08,62.3362,61.308,5.10864,0,0,2.1644,1.862,0,1.67207,3.38688,9.00468e+06,3.61194e+06,1.94897e+07,0,0,0,8.03099e+07
110.355,110.355,4.93431,0.17,0.02,2.90336,3.20576,0,0.544029,6.048,4.33291e+06,2.70226e+06,1.258e+07,0,0,0,2.95599e+08,62.3362,61.308,3.68046,0,0,2.16459,1.86219,0,1.67222,3.38688,9.00468e+06,3.61194e+06,1.94914e+07,0,0,0,8.03099e+07
110.355,110.355,5.20869,0.18,0.02,2.90367,3.20607,0,0.544089,6.048,4.33291e+06,2.70226e+06,1.25814e+07,0,0,0,2.95599e+08,62.3362,61.308,4.83153,0,0,2.16477,1.86237,0,1.67236,3.38688,9.00468e+06,3.61194e+06,1.94931e+07,0,0,0,8.03099e+07
110.355,110.355,9.05244,0.18,0.02,2.90399,3.20639,0,0.544148,6.048,4.33291e+06,2.70226e+06,1.25827e+07,0,0,0,2.95599e+08,62.3362,61.308,8.20718,0,0,2.16496,1.86256,0,1.6725,3.38688,9.00468e+06,3.61194e+06,1.94947e+07,0,0,0,8.03099e+07
110.355,110.355,5.84276,0.19,0.02,3.02147,3.32387,0,0.544208,6.048,4.33291e+06,2.70226e+06,1.30918e+07,0,0,0,2.95599e+08,62.3362,61.308,4.53157,0,0,2.24006,1.93766,0,1.67264,3.38688,9.00468e+06,3.61194e+06,2.0171e+07,0,0,0,8.03099e+07
110.355,110.355,5.58773,0.18,0.02,3.0218,3.3242,0,0.566224,6.048,4.33291e+06,2.70226e+06,1.30932e+07,0,0,0,2.95599e+08,62.3362,61.308,4.69583,0,0,2.24025,1.93785,0,1.73067,3.38688,9.00468e+06,3.61194e+06,2.01727e+07,0,0,0,8.03099e+07
110.355,110.355,5.00231,0.16,0.02,3.02213,3.32453,0,0.566286,6.048,4.33291e+06,2.70226e+06,1.30946e+07,0,0,0,2.95599e+08,62.3362,61.308,4.53627,0,0,2.24044,1.93804,0,1.73082,3.38688,9.00468e+06,3.61194e+06,2.01745e+07,0,0,0,8.03099e+07
110.355,110.355,4.51164,0.15,0.02,3.02246,3.32486,0,0.566348,6.048,4.33291e+06,2.70226e+06,1.30961e+07,0,0,0,2.95599e+08,62.3362,61.308,3.84087,0,0,2.24063,1.93823,0,1.73097,3.38688,9.00468e+06,3.61194e+06,2.01762e+07,0,0,0,8.03099e+07
110.355,110.355,4.61835,0.15,0.02,2.97696,3.27936,0,0.566409,6.048,4.33291e+06,2.70226e+06,1.28989e+07,0,0,0,2.95599e+08,62.3362,61.308,4.04863,0,0,2.21172,1.90932,0,1.73111,3.38688,9.00468e+06,3.61194e+06,1.99158e+07,0,0,0,8.03099e+07
110.355,110.355,4.37494,0.13,0.02,2.97729,3.27969,0,0.557883,6.048,4.33291e+06,2.70226e+06,1.29003e+07,0,0,0,2.95599e+08,62.3362,61.308,3.90034,0,0,2.21191,1.90951,0,1.70877,3.38688,9.00468e+06,3.61194e+06,1.99175e+07,0,0,0,8.03099e+07
110.355,110.355,4.05089,0.13,0.02,2.97761,3.28001,0,0.557943,6.048,4.33291e+06,2.70226e+06,1.29017e+07,0,0,0,2.95599e+08,62.3362,61.308,4.46515,0,0,2.21209,1.90969,0,1.70892,3.38688,9.00468e+06,3.61194e+06,1.99192e+07,0,0,0,8.03099e+07
110.355,110.355,3.81458,0.1,0.02,2.97794,3.28034,0,0.558004,6.048,4.33291e+06,2.70226e+06,1.29031e+07,0,0,0,2.95599e+08,62.3362,61.308,4.24742,0,0,2.21228,1.90988,0,1.70906,3.38688,9.00468e+06,3.61194e+06,1.99209e+07,0,0,0,8.03099e+07
110.287,110.355,3.55813,0.1,0.02,3.13388,3.43628,0,0.558065,6.048,4.33291e+06,2.70226e+06,1.35789e+07,0,0,0,2.95599e+08,62.3362,61.308,3.1279,0,0,2.31574,2.01334,0,1.70921,3.38688,9.00468e+06,3.61194e+06,2.08525e+07,0,0,0,8.03099e+07
110.184,110.355,3.4845,0.08,0.02,3.13423,3.43663,0,0.58729,6.048,4.33291e+06,2.70226e+06,1.35803e+07,0,0,0,2.95599e+08,62.3362,61.308,3.09796,0,0,2.31594,2.01354,0,1.78914,3.38688,9.00468e+06,3.61194e+06,2.08543e+07,0,0,0,8.03099e+07
109.722,110.355,3.1363,0.08,0.02,3.13457,3.43697,0,0.587354,6.048,4.33291e+06,2.70226e+06,1.35818e+07,0,0,0,2.95599e+08,62.3362,61.308,3.05536,0,0,2.31614,2.01374,0,1.7893,3.38688,9.00468e+06,3.61194e+06,2.08561e+07,0,0,0,8.03099e+07
109.151,110.355,2.98825,0.08,0.02,3.13491,3.43731,0,0.587418,6.048,4.33291e+06,2.70226e+06,1.35833e+07,0,0,0,2.95599e+08,62.3362,61.308,3.07753,0,0,2.31634,2.01394,0,1.78945,3.38688,9.00468e+06,3.61194e+06,2.08579e+07,0,0,0,8.03099e+07
108.595,110.355,2.89673,0.07,0.02,3.13525,3.43765,0,0.587481,6.048,4.33291e+06,2.70226e+06,1.35848e+07,0,0,0,2.95599e+08,62.3362,61.308,2.67665,0,0,2.31654,2.01414,0,1.7896,3.38688,9.00468e+06,3.61194e+06,2.08597e+07,0,0,0,8.03099e+07
107.953,110.355,2.76681,0.08,0.02,3.10479,3.40719,0,0.587545,6.048,4.33291e+06,2.70226e+06,1.34528e+07,0,0,0,2.95599e+08,62.2937,61.308,2.32827,0,0,2.37352,2.07112,0,1.78976,3.38688,9.00468e+06,3.61194e+06,2.13728e+07,0,0,0,8.03099e+07
107.079,110.355,2.53179,0.09,0.02,3.10513,3.40753,0,0.581838,6.048,4.33291e+06,2.70226e+06,1.34543e+07,0,0,0,2.95599e+08,62.2428,61.308,2.32194,0,0,2.37373,2.07133,0,1.83379,3.38688,9.00468e+06,3.61194e+06,2.13747e+07,0,0,0,8.03099e+07
105.983,110.355,2.28967,0.15,0.02,3.10547,3.40787,0,0.581902,6.048,4.33291e+06,2.70226e+06,1.34557e+07,0,0,0,2.95599e+08,62.1326,61.308,2.07695,0,0,2.37393,2.07153,0,1.83394,3.38688,9.00468e+06,3.61194e+06,2.13765e+07,0,0,0,8.03099e+07
104.866,110.355,2.21085,0.15,0.02,3.10581,3.40821,0,0.581965,6.048,4.33291e+06,2.70226e+06,1.34572e+07,0,0,0,2.95599e+08,61.8431,61.308,2.02935,0,0,2.37414,2.07174,0,1.8341,3.38688,9.00468e+06,3.61194e+06,2.13784e+07,0,0,0,8.03099e+07
103.702,110.355,2.25161,0.15,0.02,3.18569,3.48809,0,0.582028,6.048,4.33291e+06,2.70226e+06,1.38033e+07,0,0,0,2.95599e+08,61.4547,61.308,1.89702,0,0,2.42497,2.12257,0,1.83426,3.38688,9.00468e+06,3.61194e+06,2.18361e+07,0,0,0,8.03099e+07
102.329,110.355,2.03053,0.15,0.02,3.18604,3.48844,0,0.596999,6.048,4.33291e+06,2.70226e+06,1.38048e+07,0,0,0,2.95599e+08,60.9471,61.308,1.81613,0,0,2.42518,2.12278,0,1.87353,3.38688,9.00468e+06,3.61194e+06,2.1838e+07,0,0,0,8.03099e+07
100.791,110.355,1.85124,0.15,0.02,3.18638,3.48878,0,0.597063,6.048,4.33291e+06,2.70226e+06,1.38063e+07,0,0,0,2.95599e+08,60.4029,61.308,1.67864,0,0,2.42539,2.12299,0,1.8737,3.38688,9.00468e+06,3.61194e+06,2.18399e+07,0,0,0,8.03099e+07
99.0498,110.355,1.61151,0.19,0.02,3.18673,3.48913,0,0.597128,6.048,4.33291e+06,2.70226e+06,1.38078e+07,0,0,0,2.95599e+08,59.7677,61.308,1.66434,0,0,2.4256,2.1232,0,1.87386,3.38688,9.00468e+06,3.61194e+06,2.18418e+07,0,0,0,8.03099e+07
96.7663,110.355,1.29764,0.19,0.02,3.42012,3.72252,0,0.597193,6.048,4.33291e+06,2.70226e+06,1.48191e+07,0,0,0,2.95599e+08,58.9699,61.308,1.48867,0,0,2.60863,2.30623,0,1.87402,3.38688,9.00468e+06,3.61194e+06,2.34899e+07,0,0,0,8.03099e+07
94.3037,110.355,1.10786,0.19,0.02,3.42049,3.72289,0,0.640931,6.048,4.33291e+06,2.70226e+06,1.48207e+07,0,0,0,2.95599e+08,58.0974,61.308,1.33291,0,0,2.60886,2.30646,0,2.01543,3.38688,9.00468e+06,3.61194e+06,2.34919e+07,0,0,0,8.03099e+07
91.9227,110.355,1.16872,0.23,0.02,3.42086,3.72326,0,0.641,6.048,4.33291e+06,2.70226e+06,1.48223e+07,0,0,0,2.95599e+08,57.3987,61.308,1.31545,0,0,2.60909,2.30669,0,2.0156,3.38688,9.00468e+06,3.61194e+06,2.3494e+07,0,0,0,8.03099e+07
90.0886,110.355,1.75228,0.23,0.02,3.42123,3.72363,0,0.641069,6.048,4.33291e+06,2.70226e+06,1.48239e+07,0,0,0,2.95599e+08,56.5639,61.308,1.57244,0,0,2.60932,2.30692,0,2.01578,3.38688,9.00468e+06,3.61194e+06,2.34961e+07,0,0,0,8.03099e+07
88.3749,110.355,1.92035,0.27,0.02,3.42159,3.72399,0,0.641138,6.048,4.33291e+06,2.70226e+06,1.48255e+07,0,0,0,2.95599e+08,55.3131,61.308,1.32238,0,0,2.60954,2.30714,0,2.01596,3.38688,9.00468e+06,3.61194e+06,2.34981e+07,0,0,0,8.03099e+07
86.033,110.355,1.18786,0.26,0.02,3.30833,3.61073,0,0.641207,6.048,4.33291e+06,2.70226e+06,1.43347e+07,0,0,0,2.95599e+08,54.1416,61.308,0.692699,0,0,2.49875,2.19635,0,2.01613,3.38688,9.00468e+06,3.61194e+06,2.25005e+07,0,0,0,8.03099e+07
83.5328,110.355,1.00382,0.26,0.02,3.30868,3.61108,0,0.619981,6.048,4.33291e+06,2.70226e+06,1.43362e+07,0,0,0,2.95599e+08,52.7274,61.308,1.12512,0,0,2.49897,2.19657,0,1.93054,3.38688,9.00468e+06,3.61194e+06,2.25024e+07,0,0,0,8.03099e+07
80.9852,110.355,0.867912,0.3,0.02,3.30904,3.61144,0,0.620048,6.048,4.33291e+06,2.70226e+06,1.43378e+07,0,0,0,2.95599e+08,51.149,61.308,0.625363,0,0,2.49919,2.19679,0,1.93071,3.38688,9.00468e+06,3.61194e+06,2.25044e+07,0,0,0,8.03099e+07
78.4729,110.355,0.900389,0.29,0.02,3.3094,3.6118,0,0.620115,6.048,4.33291e+06,2.70226e+06,1.43393e+07,0,0,0,2.95599e+08,49.4709,61.308,0.604952,0,0,2.49941,2.19701,0,1.93087,3.38688,9.00468e+06,3.61194e+06,2.25064e+07,0,0,0,8.03099e+07
75.6985,110.355,0.571714,0.34,0.02,3.21645,3.51885,0,0.620182,6.048,4.33291e+06,2.70226e+06,1.39366e+07,0,0,0,2.95599e+08,48.4171,61.308,0.446798,0,0,2.39853,2.09613,0,1.93104,3.38688,9.00468e+06,3.61194e+06,2.1598e+07,0,0,0,8.03099e+07
73.7846,110.355,1.46115,0.35,0.02,3.21679,3.51919,0,0.602762,6.048,4.33291e+06,2.70226e+06,1.39381e+07,0,0,0,2.95599e+08,47.255,61.308,1.38084,0,0,2.39874,2.09634,0,1.8531,3.38688,9.00468e+06,3.61194e+06,2.15999e+07,0,0,0,8.03099e+07
72.1112,110.355,1.72078,0.36,0.02,3.21714,3.51954,0,0.602827,6.048,4.33291e+06,2.70226e+06,1.39396e+07,0,0,0,2.95599e+08,46.0963,61.308,1.1746,0,0,2.39894,2.09654,0,1.85326,3.38688,9.00468e+06,3.61194e+06,2.16017e+07,0,0,0,8.03099e+07
70.1803,110.355,1.18646,0.4,0.02,2.93314,3.51989,0,0.602892,6.048,4.33291e+06,3.55818e+06,1.27091e+07,0,0,0,2.95599e+08,45.5876,61.308,0.841555,0,0,2.22977,2.09675,0,1.85342,3.38688,9.00468e+06,4.756e+06,2.00784e+07,0,0,0,8.03099e+07
70.5167,110.355,3.56367,0.39,0.02,2.90013,3.25512,0,0.549671,6.048,4.33291e+06,2.96515e+06,1.2566e+07,0,0,0,2.95599e+08,46.0022,61.308,2.59322,0,0,2.15825,1.88633,0,1.72272,3.38688,9.00468e+06,3.96333e+06,1.94343e+07,0,0,0,8.03099e+07
72.1815,110.355,4.7665,0.42,0.02,2.69006,3.25545,0,0.543485,6.048,4.33291e+06,3.55818e+06,1.16558e+07,0,0,0,2.95599e+08,46.1084,61.308,3.33718,0,0,2.03651,1.88651,0,1.66746,3.38688,9.00468e+06,4.756e+06,1.83382e+07,0,0,0,8.03099e+07
72.5156,110.355,3.41237,0.47,0.02,2.69036,3.25577,0,0.504117,6.048,4.33291e+06,3.55818e+06,1.16571e+07,0,0,0,2.95599e+08,45.2204,61.308,1.56564,0,0,2.03669,1.8867,0,1.57341,3.38688,9.00468e+06,4.756e+06,1.83397e+07,0,0,0,8.03099e+07
72.9251,110.355,3.46051,0.48,0.02,2.69065,3.25609,0,0.504173,6.048,4.33291e+06,3.55818e+06,1.16584e+07,0,0,0,2.95599e+08,44.4767,61.308,1.4613,0,0,2.03686,1.88689,0,1.57354,3.38688,9.00468e+06,4.756e+06,1.83412e+07,0,0,0,8.03099e+07
73.7314,110.355,3.97106,0.49,0.02,2.69095,3.25641,0,0.504228,6.048,4.33291e+06,3.55818e+06,1.16597e+07,0,0,0,2.95599e+08,44.3184,61.308,1.74427,0,0,2.03703,1.88707,0,1.57368,3.38688,9.00468e+06,4.756e+06,1.83428e+07,0,0,0,8.03099e+07
76.3426,110.355,5.95819,0.48,0.02,2.78501,3.35875,0,0.504284,6.048,4.33291e+06,3.55818e+06,1.20672e+07,0,0,0,6.19558e+08,45.5635,61.308,4.56487,0,0,2.09329,1.94827,0,1.57381,3.38688,9.00468e+06,4.756e+06,1.88494e+07,0,0,0,8.03099e+07
78.9312,110.355,6.12158,0.51,0.02,2.78529,3.35905,0,0.521912,6.048,4.33291e+06,3.55818e+06,1.20684e+07,0,0,0,6.19558e+08,46.7639,61.308,4.46803,0,0,2.09345,1.94845,0,1.61727,3.38688,9.00468e+06,4.756e+06,1.88508e+07,0,0,0,8.03099e+07
82.6454,110.355,7.31195,0.45,0.02,2.78557,3.35935,0,0.521964,6.048,4.33291e+06,3.55818e+06,1.20696e+07,0,0,0,6.19558e+08,48.9017,61.308,6.20837,0,0,2.09361,1.94863,0,1.6174,3.38688,9.00468e+06,4.756e+06,1.88523e+07,0,0,0,8.03099e+07
90.1043,110.355,11.1971,0.47,0.02,2.78585,3.35966,0,0.522016,6.048,4.33291e+06,3.55818e+06,1.20709e+07,0,0,0,6.19558e+08,52.4448,61.308,8.36188,0,0,2.09377,1.9488,0,1.61752,3.38688,9.00468e+06,4.756e+06,1.88537e+07,0,0,0,8.03099e+07
97.3286,110.355,11.4367,0.41,0.02,3.08738,3.68768,0,0.522069,6.048,4.33291e+06,3.55818e+06,1.33773e+07,0,0,0,6.19558e+08,56.3404,61.308,8.76194,0,0,2.30458,2.17814,0,1.61765,3.38688,9.00468e+06,4.756e+06,2.0752e+07,0,0,0,8.03099e+07
105.043,110.355,12.3122,0.25,0.02,3.38562,3.68802,0,0.578575,6.048,4.33291e+06,2.70226e+06,1.46696e+07,0,0,0,6.19558e+08,62.0351,61.308,11.4591,0,0,2.48073,2.17833,0,1.78052,3.38688,9.00468e+06,3.61194e+06,2.23382e+07,0,0,0,8.03099e+07
110.355,110.355,11.8673,0.2,0.02,3.38595,3.68835,0,0.634464,6.048,4.33291e+06,2.70226e+06,1.4671e+07,0,0,0,6.19558e+08,62.3362,61.308,12.7593,0,0,2.48093,2.17853,0,1.91662,3.38688,9.00468e+06,3.61194e+06,2.234e+07,0,0,0,8.03099e+07
110.355,110.355,10.8637,0.15,0.02,3.38628,3.68868,0,0.634527,6.048,4.33291e+06,2.70226e+06,1.46725e+07,0,0,0,6.19558e+08,62.3362,61.308,10.4538,0,0,2.48113,2.17873,0,1.91677,3.38688,9.00468e+06,3.61194e+06,2.23418e+07,0,0,0,8.03099e+07
110.355,110.355,10.3416,0.16,0.02,2.91901,3.22141,0,0.634589,6.048,4.33291e+06,2.70226e+06,1.26478e+07,0,0,0,6.19558e+08,62.3362,61.308,9.59627,0,0,2.17368,1.87128,0,1.91692,3.38688,9.00468e+06,3.61194e+06,1.95733e+07,0,0,0,8.03099e+07
110.355,110.355,11.3814,0.18,0.02,2.9193,3.2217,0,0.547022,6.048,4.33291e+06,2.70226e+06,1.26491e+07,0,0,0,6.19558e+08,62.3362,61.308,10.0227,0,0,2.17385,1.87145,0,1.67939,3.38688,9.00468e+06,3.61194e+06,1.95748e+07,0,0,0,8.03099e+07
110.355,110.355,20.2272,0.18,0.02,2.91959,3.22199,0,0.547077,6.048,4.33291e+06,2.70226e+06,1.26503e+07,0,0,0,6.19558e+08,62.3362,61.308,16.5802,0,0,2.17402,1.87162,0,1.67952,3.38688,9.00468e+06,3.61194e+06,1.95763e+07,0,0,0,8.03099e+07
110.355,110.355,12.6208,0.17,0.02,2.91988,3.22228,0,0.547132,6.048,4.33291e+06,2.70226e+06,1.26516e+07,0,0,0,6.19558e+08,62.3362,61.308,9.03754,0,0,2.17419,1.87179,0,1.67965,3.38688,9.00468e+06,3.61194e+06,1.95779e+07,0,0,0,8.03099e+07
110.355,110.355,12.4719,0.18,0.02,2.92017,3.22257,0,0.547186,6.048,4.33291e+06,2.70226e+06,1.26529e+07,0,0,0,6.19558e+08,62.3362,61.308,9.01154,0,0,2.17436,1.87196,0,1.67978,3.38688,9.00468e+06,3.61194e+06,1.95794e+07,0,0,0,8.03099e+07
110.355,110.355,12.6161,0.18,0.02,3.03822,3.34062,0,0.547241,6.048,4.33291e+06,2.70226e+06,1.31644e+07,0,0,0,6.19558e+08,62.3362,61.308,9.76555,0,0,2.24982,1.94742,0,1.67991,3.38688,9.00468e+06,3.61194e+06,2.02589e+07,0,0,0,8.03099e+07
110.355,110.355,10.4178,0.18,0.02,3.03852,3.34092,0,0.569363,6.048,4.33291e+06,2.70226e+06,1.31657e+07,0,0,0,6.19558e+08,62.3362,61.308,9.2145,0,0,2.25,1.9476,0,1.73821,3.38688,9.00468e+06,3.61194e+06,2.02605e+07,0,0,0,8.03099e+07
110.355,110.355,9.63763,0.18,0.02,3.03883,3.34123,0,0.569419,6.048,4.33291e+06,2.70226e+06,1.3167e+07,0,0,0,6.19558e+08,62.3362,61.308,9.72473,0,0,2.25017,1.94777,0,1.73835,3.38688,9.00468e+06,3.61194e+06,2.02621e+07,0,0,0,8.03099e+07
110.355,110.355,9.20608,0.17,0.02,3.03913,3.34153,0,0.569476,6.048,4.33291e+06,2.70226e+06,1.31683e+07,0,0,0,6.19558e+08,62.3362,61.308,8.66391,0,0,2.25035,1.94795,0,1.73848,3.38688,9.00468e+06,3.61194e+06,2.02637e+07,0,0,0,8.03099e+07
110.355,110.355,6.09154,0.15,0.02,2.99337,3.29577,0,0.569533,6.048,4.33291e+06,2.70226e+06,1.297e+07,0,0,0,6.19558e+08,62.3362,61.308,5.34521,0,0,2.22127,1.91887,0,1.73862,3.38688,9.00468e+06,3.61194e+06,2.00018e+07,0,0,0,8.03099e+07
110.355,110.355,5.53285,0.15,0.02,2.99367,3.29607,0,0.560958,6.048,4.33291e+06,2.70226e+06,1.29713e+07,0,0,0,6.19558e+08,62.3362,61.308,4.59714,0,0,2.22144,1.91904,0,1.71615,3.38688,9.00468e+06,3.61194e+06,2.00034e+07,0,0,0,8.03099e+07
110.355,110.355,5.33472,0.13,0.02,2.99397,3.29637,0,0.561014,6.048,4.33291e+06,2.70226e+06,1.29726e+07,0,0,0,6.19558e+08,62.3362,61.308,4.29173,0,0,2.22162,1.91922,0,1.71629,3.38688,9.00468e+06,3.61194e+06,2.0005e+07,0,0,0,8.03099e+07
110.355,110.355,5.14537,0.11,0.02,2.99426,3.29666,0,0.561069,6.048,4.33291e+06,2.70226e+06,1.29739e+07,0,0,0,6.19558e+08,62.3362,61.308,4.29481,0,0,2.22179,1.91939,0,1.71642,3.38688,9.00468e+06,3.61194e+06,2.00065e+07,0,0,0,8.03099e+07
110.355,110.355,4.47546,0.11,0.02,3.15096,3.45336,0,0.561125,6.048,4.33291e+06,2.70226e+06,1.36528e+07,0,0,0,6.19558e+08,62.3362,61.308,3.66491,0,0,2.32575,2.02335,0,1.71656,3.38688,9.00468e+06,3.61194e+06,2.09426e+07,0,0,0,8.03099e+07
110.355,110.355,4.22892,0.11,0.02,3.15127,3.45367,0,0.59049,6.048,4.33291e+06,2.70226e+06,1.36542e+07,0,0,0,6.19558e+08,62.3362,61.308,2.94819,0,0,2.32593,2.02353,0,1.79687,3.38688,9.00468e+06,3.61194e+06,2.09442e+07,0,0,0,8.03099e+07
110.355,110.355,3.93845,0.1,0.02,3.15158,3.45398,0,0.590549,6.048,4.33291e+06,2.70226e+06,1.36555e+07,0,0,0,6.19558e+08,62.3362,61.308,2.65861,0,0,2.32611,2.02371,0,1.79701,3.38688,9.00468e+06,3.61194e+06,2.09459e+07,0,0,0,8.03099e+07
110.355,110.355,3.7119,0.09,0.02,3.1519,3.4543,0,0.590607,6.048,4.33291e+06,2.70226e+06,1.36569e+07,0,0,0,6.19558e+08,62.3362,61.308,2.46047,0,0,2.3263,2.0239,0,1.79715,3.38688,9.00468e+06,3.61194e+06,2.09475e+07,0,0,0,8.03099e+07
110.355,110.355,3.95524,0.1,0.02,3.15221,3.45461,0,0.590666,6.048,4.33291e+06,2.70226e+06,1.36583e+07,0,0,0,6.19558e+08,62.3362,61.308,2.80297,0,0,2.32648,2.02408,0,1.7973,3.38688,9.00468e+06,3.61194e+06,2.09492e+07,0,0,0,8.03099e+07
110.355,110.355,4.38612,0.1,0.02,3.12158,3.42398,0,0.590724,6.048,4.33291e+06,2.70226e+06,1.35255e+07,0,0,0,6.19558e+08,62.3362,61.308,3.40729,0,0,2.38373,2.08133,0,1.79744,3.38688,9.00468e+06,3.61194e+06,2.14647e+07,0,0,0,8.03099e+07
110.355,110.355,4.06369,0.11,0.02,3.12189,3.42429,0,0.584984,6.048,4.33291e+06,2.70226e+06,1.35269e+07,0,0,0,6.19558e+08,62.3362,61.308,3.30316,0,0,2.38391,2.08151,0,1.84167,3.38688,9.00468e+06,3.61194e+06,2.14664e+07,0,0,0,8.03099e+07
110.355,110.355,3.77839,0.12,0.02,3.1222,3.4246,0,0.585042,6.048,4.33291e+06,2.70226e+06,1.35282e+07,0,0,0,6.19558e+08,62.3362,61.308,3.41603,0,0,2.3841,2.0817,0,1.84181,3.38688,9.00468e+06,3.61194e+06,2.14681e+07,0,0,0,8.03099e+07
110.355,110.355,3.64732,0.13,0.02,3.12251,3.42491,0,0.5851,6.048,4.33291e+06,2.70226e+06,1.35296e+07,0,0,0,6.19558e+08,62.3362,61.308,3.28939,0,0,2.38429,2.08189,0,1.84196,3.38688,9.00468e+06,3.61194e+06,2.14698e+07,0,0,0,8.03099e+07
110.094,110.355,3.22304,0.13,0.02,3.20275,3.50515,0,0.585158,6.048,4.33291e+06,2.70226e+06,1.38773e+07,0,0,0,6.19558e+08,62.3362,61.308,2.74757,0,0,2.43536,2.13296,0,1.8421,3.38688,9.00468e+06,3.61194e+06,2.19296e+07,0,0,0,8.03099e+07
109.863,110.355,3.30215,0.13,0.02,3.20307,3.50547,0,0.600196,6.048,4.33291e+06,2.70226e+06,1.38786e+07,0,0,0,6.19558e+08,62.3362,61.308,2.89062,0,0,2.43555,2.13315,0,1.88156,3.38688,9.00468e+06,3.61194e+06,2.19313e+07,0,0,0,8.03099e+07
109.439,110.355,3.05912,0.12,0.02,3.20339,3.50579,0,0.600255,6.048,4.33291e+06,2.70226e+06,1.388e+07,0,0,0,6.19558e+08,62.3362,61.308,2.78354,0,0,2.43574,2.13334,0,1.8817,3.38688,9.00468e+06,3.61194e+06,2.19331e+07,0,0,0,8.03099e+07
108.76,110.355,2.78541,0.12,0.02,3.2037,3.5061,0,0.600315,6.048,4.33291e+06,2.70226e+06,1.38814e+07,0,0,0,6.19558e+08,62.2908,61.308,2.45499,0,0,2.43593,2.13353,0,1.88185,3.38688,9.00468e+06,3.61194e+06,2.19348e+07,0,0,0,8.03099e+07
107.676,110.355,2.55524,0.12,0.02,3.4382,3.7406,0,0.600374,6.048,4.33291e+06,2.70226e+06,1.48974e+07,0,0,0,6.19558e+08,62.2572,61.308,2.79457,0,0,2.61983,2.31743,0,1.882,3.38688,9.00468e+06,3.61194e+06,2.35907e+07,0,0,0,8.03099e+07
106.184,110.355,2.12084,0.12,0.02,3.43854,3.74094,0,0.644318,6.048,4.33291e+06,2.70226e+06,1.48989e+07,0,0,0,6.19558e+08,62.0828,61.308,2.37358,0,0,2.62004,2.31764,0,2.02408,3.38688,9.00468e+06,3.61194e+06,2.35926e+07,0,0,0,8.03099e+07
104.347,110.355,1.79774,0.17,0.02,3.43887,3.74127,0,0.644382,6.048,4.33291e+06,2.70226e+06,1.49003e+07,0,0,0,6.19558e+08,61.8042,61.308,2.08664,0,0,2.62025,2.31785,0,2.02424,3.38688,9.00468e+06,3.61194e+06,2.35945e+07,0,0,0,8.03099e+07
102.692,110.355,1.95087,0.17,0.02,3.43921,3.74161,0,0.644445,6.048,4.33291e+06,2.70226e+06,1.49018e+07,0,0,0,6.19558e+08,61.7887,61.308,2.77695,0,0,2.62046,2.31806,0,2.02441,3.38688,9.00468e+06,3.61194e+06,2.35964e+07,0,0,0,8.03099e+07
101.326,110.355,2.24332,0.17,0.02,3.43955,3.74195,0,0.644508,6.048,4.33291e+06,2.70226e+06,1.49033e+07,0,0,0,6.19558e+08,61.6135,61.308,2.6318,0,0,2.62067,2.31827,0,2.02457,3.38688,9.00468e+06,3.61194e+06,2.35983e+07,0,0,0,8.03099e+07
101.077,110.355,3.29071,0.19,0.02,3.32571,3.62811,0,0.644572,6.048,4.33291e+06,2.70226e+06,1.441e+07,0,0,0,6.19558e+08,61.9257,61.308,3.80213,0,0,2.50933,2.20693,0,2.02473,3.38688,9.00468e+06,3.61194e+06,2.25957e+07,0,0,0,8.03099e+07
100.558,110.355,3.03957,0.2,0.02,3.32603,3.62843,0,0.623237,6.048,4.33291e+06,2.70226e+06,1.44114e+07,0,0,0,6.19558e+08,61.932,61.308,3.09518,0,0,2.50952,2.20712,0,1.9387,3.38688,9.00468e+06,3.61194e+06,2.25975e+07,0,0,0,8.03099e+07
99.6902,110.355,2.72459,0.2,0.02,3.32636,3.62876,0,0.623299,6.048,4.33291e+06,2.70226e+06,1.44128e+07,0,0,0,6.19558e+08,61.9311,61.308,3.01939,0,0,2.50972,2.20732,0,1.93886,3.38688,9.00468e+06,3.61194e+06,2.25993e+07,0,0,0,8.03099e+07
98.7693,110.355,2.90691,0.19,0.02,3.32669,3.62909,0,0.62336,6.048,4.33291e+06,2.70226e+06,1.44143e+07,0,0,0,6.19558e+08,61.9796,61.308,3.03261,0,0,2.50992,2.20752,0,1.93901,3.38688,9.00468e+06,3.61194e+06,2.26011e+07,0,0,0,8.03099e+07
101.492,110.355,6.66877,0.19,0.02,3.23326,3.53566,0,0.623422,6.048,4.33291e+06,2.70226e+06,1.40094e+07,0,0,0,6.19558e+08,62.3362,61.308,7.37141,0,0,2.40855,2.10615,0,1.93917,3.38688,9.00468e+06,3.61194e+06,2.16882e+07,0,0,0,8.03099e+07
103.375,110.355,5.81554,0.19,0.02,3.23358,3.53598,0,0.605913,6.048,4.33291e+06,2.70226e+06,1.40108e+07,0,0,0,6.19558e+08,62.3362,61.308,5.60548,0,0,2.40874,2.10634,0,1.86084,3.38688,9.00468e+06,3.61194e+06,2.16899e+07,0,0,0,8.03099e+07
103.448,110.355,3.81585,0.15,0.02,3.2339,3.5363,0,0.605973,6.048,4.33291e+06,2.70226e+06,1.40122e+07,0,0,0,6.19558e+08,62.3362,61.308,4.29748,0,0,2.40893,2.10653,0,1.86099,3.38688,9.00468e+06,3.61194e+06,2.16916e+07,0,0,0,8.03099e+07
105.009,110.355,5.39181,0.18,0.02,3.23422,3.53662,0,0.606033,6.048,4.33291e+06,2.70226e+06,1.40136e+07,0,0,0,6.19558e+08,62.3362,61.308,6.19937,0,0,2.40912,2.10672,0,1.86114,3.38688,9.00468e+06,3.61194e+06,2.16933e+07,0,0,0,8.03099e+07
105.511,110.355,4.09817,0.21,0.02,2.96817,3.27057,0,0.606093,6.048,4.33291e+06,2.70226e+06,1.28608e+07,0,0,0,6.19558e+08,62.3362,61.308,5.13008,0,0,2.19768,1.89528,0,1.86128,3.38688,9.00468e+06,3.61194e+06,1.97894e+07,0,0,0,8.03099e+07
104.917,110.355,3.03352,0.21,0.02,2.96846,3.27086,0,0.556234,6.048,4.33291e+06,2.70226e+06,1.28621e+07,0,0,0,6.19558e+08,62.3362,61.308,5.20253,0,0,2.19785,1.89545,0,1.69792,3.38688,9.00468e+06,3.61194e+06,1.97909e+07,0,0,0,8.03099e+07
104.993,110.355,3.6423,0.21,0.02,2.96876,3.27116,0,0.55629,6.048,4.33291e+06,2.70226e+06,1.28634e+07,0,0,0,6.19558e+08,62.3362,61.308,5.74372,0,0,2.19802,1.89562,0,1.69806,3.38688,9.00468e+06,3.61194e+06,1.97924e+07,0,0,0,8.03099e+07
104.974,110.355,3.74444,0.22,0.02,2.96905,3.27145,0,0.556345,6.048,4.33291e+06,2.70226e+06,1.28646e+07,0,0,0,6.19558e+08,62.3362,61.308,5.47201,0,0,2.19819,1.89579,0,1.69819,3.38688,9.00468e+06,3.61194e+06,1.9794e+07,0,0,0,8.03099e+07
110.355,110.355,10.042,0.22,0.02,2.96935,3.27175,0,0.5564,6.048,4.33291e+06,2.70226e+06,1.28659e+07,0,0,0,6.19558e+08,62.3362,61.308,8.3241,0,0,2.19836,1.89596,0,1.69832,3.38688,9.00468e+06,3.61194e+06,1.97955e+07,0,0,0,8.03099e+07
110.355,110.355,8.09887,0.14,0.02,3.07213,3.37453,0,0.556456,6.048,4.33291e+06,2.70226e+06,1.33113e+07,0,0,0,6.19558e+08,62.3362,61.308,3.56076,0,0,2.25983,1.95743,0,1.69845,3.38688,9.00468e+06,3.61194e+06,2.03491e+07,0,0,0,8.03099e+07
110.355,110.355,4.75101,0.14,0.02,3.07241,3.37481,0,0.575718,6.048,4.33291e+06,2.70226e+06,1.33125e+07,0,0,0,6.19558e+08,62.3362,61.308,2.84289,0,0,2.25999,1.95759,0,1.74595,3.38688,9.00468e+06,3.61194e+06,2.03505e+07,0,0,0,8.03099e+07
110.316,110.355,3.81322,0.14,0.02,3.07269,3.37509,0,0.57577,6.048,4.33291e+06,2.70226e+06,1.33137e+07,0,0,0,6.19558e+08,62.1864,61.308,2.38702,0,0,2.26015,1.95775,0,1.74607,3.38688,9.00468e+06,3.61194e+06,2.0352e+07,0,0,0,8.03099e+07
109.913,110.355,3.47936,0.14,0.02,3.07296,3.37536,0,0.575821,6.048,4.33291e+06,2.70226e+06,1.33149e+07,0,0,0,6.19558e+08,62.0908,61.308,2.28396,0,0,2.26031,1.95791,0,1.74619,3.38688,9.00468e+06,3.61194e+06,2.03534e+07,0,0,0,8.03099e+07
110.355,110.355,6.01472,0.16,0.02,3.40249,3.70489,0,0.575873,6.048,4.33291e+06,2.70226e+06,1.47427e+07,0,0,0,6.19558e+08,62.3362,61.308,3.68858,0,0,2.4907,2.1883,0,1.74632,3.38688,9.00468e+06,3.61194e+06,2.2428e+07,0,0,0,8.03099e+07
110.355,110.355,6.86612,0.17,0.02,3.4028,3.7052,0,0.637627,6.048,4.33291e+06,2.70226e+06,1.4744e+07,0,0,0,6.19558e+08,62.3362,61.308,3.83201,0,0,2.49088,2.18848,0,1.92432,3.38688,9.00468e+06,3.61194e+06,2.24296e+07,0,0,0,8.03099e+07
110.355,110.355,7.17665,0.18,0.02,3.4031,3.7055,0,0.637684,6.048,4.33291e+06,2.70226e+06,1.47453e+07,0,0,0,6.19558e+08,62.3362,61.308,3.49491,0,0,2.49106,2.18866,0,1.92445,3.38688,9.00468e+06,3.61194e+06,2.24312e+07,0,0,0,8.03099e+07
110.355,110.355,6.03448,0.19,0.02,3.4034,3.7058,0,0.637741,6.048,4.33291e+06,2.70226e+06,1.47467e+07,0,0,0,6.19558e+08,62.3362,61.308,3.80617,0,0,2.49124,2.18884,0,1.92459,3.38688,9.00468e+06,3.61194e+06,2.24328e+07,0,0,0,8.03099e+07
110.355,110.355,5.42601,0.18,0.02,2.93393,3.23633,0,0.637798,6.048,4.33291e+06,2.70226e+06,1.27125e+07,0,0,0,6.19558e+08,62.3362,61.308,3.65063,0,0,2.18235,1.87995,0,1.92473,3.38688,9.00468e+06,3.61194e+06,1.96514e+07,0,0,0,8.03099e+07
110.355,110.355,7.07003,0.18,0.02,2.9342,3.2366,0,0.549819,6.048,4.33291e+06,2.70226e+06,1.27136e+07,0,0,0,6.19558e+08,62.3362,61.308,5.02286,0,0,2.1825,1.8801,0,1.68608,3.38688,9.00468e+06,3.61194e+06,1.96527e+07,0,0,0,8.03099e+07
110.355,110.355,6.64661,0.19,0.02,2.93446,3.23686,0,0.549869,6.048,4.33291e+06,2.70226e+06,1.27148e+07,0,0,0,6.19558e+08,62.3362,61.308,4.01945,0,0,2.18266,1.88026,0,1.6862,3.38688,9.00468e+06,3.61194e+06,1.96541e+07,0,0,0,8.03099e+07
110.355,110.355,5.29867,0.19,0.02,2.93473,3.23713,0,0.549919,6.048,4.33291e+06,2.70226e+06,1.27159e+07,0,0,0,6.19558e+08,62.3362,61.308,3.30414,0,0,2.18281,1.88041,0,1.68632,3.38688,9.00468e+06,3.61194e+06,1.96555e+07,0,0,0,8.03099e+07
110.355,110.355,7.14362,0.19,0.02,2.935,3.2374,0,0.549968,6.048,4.33291e+06,2.70226e+06,1.27171e+07,0,0,0,6.19558e+08,62.3362,61.308,4.33184,0,0,2.18297,1.88057,0,1.68644,3.38688,9.00468e+06,3.61194e+06,1.96569e+07,0,0,0,8.03099e+07
110.355,110.355,8.21912,0.18,0.02,3.05356,3.35596,0,0.550018,6.048,4.33291e+06,2.70226e+06,1.32308e+07,0,0,0,6.19558e+08,62.3362,61.308,5.73041,0,0,2.25876,1.95636,0,1.68656,3.38688,9.00468e+06,3.61194e+06,2.03394e+07,0,0,0,8.03099e+07
110.355,110.355,7.18092,0.19,0.02,3.05383,3.35623,0,0.572237,6.048,4.33291e+06,2.70226e+06,1.3232e+07,0,0,0,6.19558e+08,62.3362,61.308,4.37004,0,0,2.25892,1.95652,0,1.74512,3.38688,9.00468e+06,3.61194e+06,2.03409e+07,0,0,0,8.03099e+07
110.355,110.355,6.69253,0.19,0.02,3.05411,3.35651,0,0.572288,6.048,4.33291e+06,2.70226e+06,1.32332e+07,0,0,0,6.19558e+08,62.3362,61.308,3.85029,0,0,2.25908,1.95668,0,1.74524,3.38688,9.00468e+06,3.61194e+06,2.03423e+07,0,0,0,8.03099e+07
110.355,110.355,6.27294,0.18,0.02,3.05438,3.35678,0,0.57234,6.048,4.33291e+06,2.70226e+06,1.32344e+07,0,0,0,6.19558e+08,62.3362,61.308,3.46863,0,0,2.25924,1.95684,0,1.74537,3.38688,9.00468e+06,3.61194e+06,2.03438e+07,0,0,0,8.03099e+07
110.355,110.355,5.49171,0.17,0.02,3.00839,3.31079,0,0.572391,6.048,4.33291e+06,2.70226e+06,1.30351e+07,0,0,0,6.19558e+08,62.3362,61.308,3.37293,0,0,2.23001,1.92761,0,1.74549,3.38688,9.00468e+06,3.61194e+06,2.00806e+07,0,0,0,8.03099e+07
110.355,110.355,4.85878,0.16,0.02,3.00866,3.31106,0,0.563772,6.048,4.33291e+06,2.70226e+06,1.30363e+07,0,0,0,6.19558e+08,62.3362,61.308,3.64664,0,0,2.23017,1.92777,0,1.72291,3.38688,9.00468e+06,3.61194e+06,2.0082e+07,0,0,0,8.03099e+07
110.355,110.355,4.94282,0.14,0.02,3.00893,3.31133,0,0.563823,6.048,4.33291e+06,2.70226e+06,1.30374e+07,0,0,0,6.19558e+08,62.3362,61.308,3.04656,0,0,2.23033,1.92793,0,1.72303,3.38688,9.00468e+06,3.61194e+06,2.00834e+07,0,0,0,8.03099e+07
110.355,110.355,5.05922,0.14,0.02,3.0092,3.3116,0,0.563874,6.048,4.33291e+06,2.70226e+06,1.30386e+07,0,0,0,6.19558e+08,62.3362,61.308,3.11418,0,0,2.23049,1.92809,0,1.72315,3.38688,9.00468e+06,3.61194e+06,2.00848e+07,0,0,0,8.03099e+07
110.355,110.355,3.73631,0.12,0.02,3.16658,3.46898,0,0.563925,6.048,4.33291e+06,2.70226e+06,1.37205e+07,0,0,0,6.19558e+08,62.3046,61.308,2.58108,0,0,2.3349,2.0325,0,1.72328,3.38688,9.00468e+06,3.61194e+06,2.1025e+07,0,0,0,8.03099e+07
110.138,110.355,3.41395,0.11,0.02,3.16686,3.46926,0,0.593417,6.048,4.33291e+06,2.70226e+06,1.37218e+07,0,0,0,6.19558e+08,62.2947,61.308,2.61602,0,0,2.33506,2.03266,0,1.80394,3.38688,9.00468e+06,3.61194e+06,2.10265e+07,0,0,0,8.03099e+07
109.832,110.355,3.18458,0.09,0.02,3.16715,3.46955,0,0.59347,6.048,4.33291e+06,2.70226e+06,1.3723e+07,0,0,0,6.19558e+08,62.1597,61.308,2.40163,0,0,2.33523,2.03283,0,1.80407,3.38688,9.00468e+06,3.61194e+06,2.1028e+07,0,0,0,8.03099e+07
109.252,110.355,2.89638,0.08,0.02,3.16743,3.46983,0,0.593524,6.048,4.33291e+06,2.70226e+06,1.37242e+07,0,0,0,6.19558e+08,61.7593,61.308,2.00371,0,0,2.3354,2.033,0,1.8042,3.38688,9.00468e+06,3.61194e+06,2.10295e+07,0,0,0,8.03099e+07
108.323,110.355,2.55573,0.08,0.02,3.16772,3.47012,0,0.593577,6.048,4.33291e+06,2.70226e+06,1.37254e+07,0,0,0,6.19558e+08,60.9502,61.308,1.69829,0,0,2.33556,2.03316,0,1.80433,3.38688,9.00468e+06,3.61194e+06,2.1031e+07,0,0,0,8.03099e+07
106.711,110.355,1.81671,0.1,0.02,3.13692,3.43932,0,0.59363,6.048,4.33291e+06,2.70226e+06,1.3592e+07,0,0,0,6.19558e+08,60.0581,61.308,1.37964,0,0,2.39305,2.09065,0,1.80446,3.38688,9.00468e+06,3.61194e+06,2.15487e+07,0,0,0,8.03099e+07
105.035,110.355,1.68041,0.17,0.02,3.1372,3.4396,0,0.587859,6.048,4.33291e+06,2.70226e+06,1.35932e+07,0,0,0,6.19558e+08,59.192,61.308,1.3204,0,0,2.39322,2.09082,0,1.84887,3.38688,9.00468e+06,3.61194e+06,2.15502e+07,0,0,0,8.03099e+07
103.263,110.355,1.56927,0.16,0.02,3.13748,3.43988,0,0.587912,6.048,4.33291e+06,2.70226e+06,1.35944e+07,0,0,0,6.19558e+08,58.3131,61.308,1.36342,0,0,2.3934,2.091,0,1.849,3.38688,9.00468e+06,3.61194e+06,2.15518e+07,0,0,0,8.03099e+07
101.412,110.355,1.47397,0.16,0.02,3.13777,3.44017,0,0.587964,6.048,4.33291e+06,2.70226e+06,1.35957e+07,0,0,0,6.19558e+08,57.24,61.308,1.33752,0,0,2.39357,2.09117,0,1.84914,3.38688,9.00468e+06,3.61194e+06,2.15533e+07,0,0,0,8.03099e+07
99.3712,110.355,1.35393,0.2,0.02,3.21834,3.52074,0,0.588017,6.048,4.33291e+06,2.70226e+06,1.39448e+07,0,0,0,6.19558e+08,56.0374,61.308,1.05414,0,0,2.44484,2.14244,0,1.84927,3.38688,9.00468e+06,3.61194e+06,2.2015e+07,0,0,0,8.03099e+07
97.279,110.355,1.29134,0.2,0.02,3.21863,3.52103,0,0.603117,6.048,4.33291e+06,2.70226e+06,1.3946e+07,0,0,0,6.19558e+08,54.7976,61.308,1.02865,0,0,2.44502,2.14262,0,1.88888,3.38688,9.00468e+06,3.61194e+06,2.20166e+07,0,0,0,8.03099e+07
95.0394,110.355,1.12855,0.2,0.02,3.21892,3.52132,0,0.603171,6.048,4.33291e+06,2.70226e+06,1.39473e+07,0,0,0,6.19558e+08,53.5075,61.308,0.949673,0,0,2.44519,2.14279,0,1.88902,3.38688,9.00468e+06,3.61194e+06,2.20182e+07,0,0,0,8.03099e+07
92.7288,110.355,1.04077,0.24,0.02,3.21921,3.52161,0,0.603225,6.048,4.33291e+06,2.70226e+06,1.39485e+07,0,0,0,6.19558e+08,52.1425,61.308,0.910359,0,0,2.44537,2.14297,0,1.88916,3.38688,9.00468e+06,3.61194e+06,2.20197e+07,0,0,0,8.03099e+07
90.0772,110.355,0.894599,0.24,0.02,3.45471,3.75711,0,0.603279,6.048,4.33291e+06,2.70226e+06,1.49689e+07,0,0,0,6.19558e+08,50.6823,61.308,0.801436,0,0,2.63006,2.32766,0,1.88929,3.38688,9.00468e+06,3.61194e+06,2.36828e+07,0,0,0,8.03099e+07
87.4188,110.355,0.91768,0.26,0.02,3.45501,3.75741,0,0.647412,6.048,4.33291e+06,2.70226e+06,1.49703e+07,0,0,0,6.19558e+08,49.1793,61.308,0.712279,0,0,2.63025,2.32785,0,2.03198,3.38688,9.00468e+06,3.61194e+06,2.36845e+07,0,0,0,8.03099e+07
84.6742,110.355,0.825175,0.26,0.02,3.45532,3.75772,0,0.64747,6.048,4.33291e+06,2.70226e+06,1.49716e+07,0,0,0,6.19558e+08,47.6987,61.308,0.682601,0,0,2.63044,2.32804,0,2.03213,3.38688,9.00468e+06,3.61194e+06,2.36863e+07,0,0,0,8.03099e+07
82.0175,110.355,0.8328,0.26,0.02,3.45563,3.75803,0,0.647527,6.048,4.33291e+06,2.70226e+06,1.49729e+07,0,0,0,6.19558e+08,46.4023,61.308,0.740528,0,0,2.63063,2.32823,0,2.03228,3.38688,9.00468e+06,3.61194e+06,2.3688e+07,0,0,0,8.03099e+07
79.4533,110.355,0.89619,0.28,0.02,3.45594,3.75834,0,0.647585,6.048,4.33291e+06,2.70226e+06,1.49743e+07,0,0,0,6.19558e+08,45.2337,61.308,0.890646,0,0,2.63082,2.32842,0,2.03243,3.38688,9.00468e+06,3.61194e+06,2.36897e+07,0,0,0,8.03099e+07
77.1251,110.355,1.05553,0.28,0.02,3.34157,3.64397,0,0.647643,6.048,4.33291e+06,2.70226e+06,1.44787e+07,0,0,0,6.19558e+08,44.2643,61.308,1.03819,0,0,2.51897,2.21657,0,2.03257,3.38688,9.00468e+06,3.61194e+06,2.26825e+07,0,0,0,8.03099e+07
74.9328,110.355,1.20704,0.32,0.02,3.34186,3.64426,0,0.626209,6.048,4.33291e+06,2.70226e+06,1.448e+07,0,0,0,6.19558e+08,43.3723,61.308,1.31716,0,0,2.51915,2.21675,0,1.94616,3.38688,9.00468e+06,3.61194e+06,2.26842e+07,0,0,0,8.03099e+07
72.7107,110.355,1.17037,0.32,0.02,3.34216,3.64456,0,0.626265,6.048,4.33291e+06,2.70226e+06,1.44813e+07,0,0,0,6.19558e+08,42.7107,61.308,1.28411,0,0,2.51934,2.21694,0,1.9463,3.38688,9.00468e+06,3.61194e+06,2.26858e+07,0,0,0,8.03099e+07
70.6734,110.355,1.39891,0.38,0.02,3.34246,3.64486,0,0.626321,6.048,4.33291e+06,2.70226e+06,1.44826e+07,0,0,0,6.19558e+08,42.227,61.308,1.65023,0,0,2.51952,2.21712,0,1.94644,3.38688,9.00468e+06,3.61194e+06,2.26874e+07,0,0,0,8.03099e+07
69.1047,110.355,1.81598,0.38,0.02,3.2486,3.551,0,0.626377,6.048,4.33291e+06,2.70226e+06,1.40759e+07,0,0,0,6.19558e+08,41.5842,61.308,1.73898,0,0,2.41768,2.11528,0,1.94658,3.38688,9.00468e+06,3.61194e+06,2.17704e+07,0,0,0,8.03099e+07
67.1663,110.355,1.33612,0.39,0.02,3.19151,3.55129,0,0.608787,6.048,4.33291e+06,2.96515e+06,1.38285e+07,0,0,0,6.19558e+08,41.1226,61.308,1.40428,0,0,2.38368,2.11545,0,1.8679,3.38688,9.00468e+06,3.96333e+06,2.14642e+07,0,0,0,8.03099e+07
66.1452,110.355,2.09345,0.42,0.02,2.96227,3.55158,0,0.598089,6.048,4.33291e+06,3.55818e+06,1.28353e+07,0,0,0,6.19558e+08,40.8678,61.308,2.01722,0,0,2.24712,2.11563,0,1.84163,3.38688,9.00468e+06,4.756e+06,2.02346e+07,0,0,0,8.03099e+07
66.668,110.355,3.70889,0.44,0.02,2.96254,3.55187,0,0.555129,6.048,4.33291e+06,3.55818e+06,1.28364e+07,0,0,0,6.19558e+08,41.0385,61.308,2.67479,0,0,2.24728,2.1158,0,1.73612,3.38688,9.00468e+06,4.756e+06,2.0236e+07,0,0,0,8.03099e+07
67.1405,110.355,3.43955,0.45,0.02,2.7169,3.28464,0,0.555179,6.048,4.33291e+06,3.55818e+06,1.17721e+07,0,0,0,6.19558e+08,40.8797,61.308,2.49662,0,0,2.05207,1.90343,0,1.73625,3.38688,9.00468e+06,4.756e+06,1.84782e+07,0,0,0,8.03099e+07
65.7302,110.355,1.51789,0.47,0.02,2.71714,3.28491,0,0.509146,6.048,4.33291e+06,3.55818e+06,1.17731e+07,0,0,0,6.19558e+08,40.3653,61.308,1.57154,0,0,2.05221,1.90359,0,1.58543,3.38688,9.00468e+06,4.756e+06,1.84795e+07,0,0,0,8.03099e+07
64.7796,110.355,1.98233,0.5,0.02,2.71739,3.28518,0,0.509193,6.048,4.33291e+06,3.55818e+06,1.17742e+07,0,0,0,6.19558e+08,39.4074,61.308,1.93838,0,0,2.05235,1.90374,0,1.58554,3.38688,9.00468e+06,4.756e+06,1.84808e+07,0,0,0,8.03099e+07
64.044,110.355,2.20206,0.52,0.02,2.71764,3.28545,0,0.509239,6.048,4.33291e+06,3.55818e+06,1.17753e+07,0,0,0,6.19558e+08,38.5487,61.308,1.26111,0,0,2.0525,1.9039,0,1.58565,3.38688,9.00468e+06,4.756e+06,1.84821e+07,0,0,0,8.03099e+07
64.0643,110.355,3.00106,0.55,0.02,2.71789,3.28572,0,0.509285,6.048,4.33291e+06,3.55818e+06,1.17764e+07,0,0,0,6.19558e+08,38.4595,61.308,1.87556,0,0,2.05264,1.90405,0,1.58576,3.38688,9.00468e+06,4.756e+06,1.84834e+07,0,0,0,8.03099e+07
66.2905,110.355,5.44042,0.58,0.02,2.81274,3.38891,0,0.509332,6.048,4.33291e+06,3.55818e+06,1.21874e+07,0,0,0,6.19558e+08,38.6595,61.308,3.45972,0,0,2.10937,1.96577,0,1.58587,3.38688,9.00468e+06,4.756e+06,1.89942e+07,0,0,0,8.03099e+07
69.4083,110.355,6.46136,0.6,0.02,2.81297,3.38916,0,0.527108,6.048,4.33291e+06,3.55818e+06,1.21884e+07,0,0,0,6.19558e+08,39.0468,61.308,3.4871,0,0,2.1095,1.96592,0,1.6297,3.38688,9.00468e+06,4.756e+06,1.89954e+07,0,0,0,8.03099e+07
69.9135,110.355,3.66086,0.59,0.02,2.8132,3.38941,0,0.527151,6.048,4.33291e+06,3.55818e+06,1.21894e+07,0,0,0,6.19558e+08,39.0498,61.308,2.54876,0,0,2.10964,1.96606,0,1.6298,3.38688,9.00468e+06,4.756e+06,1.89966e+07,0,0,0,8.03099e+07
69.6623,110.355,2.89848,0.61,0.02,2.81343,3.38966,0,0.527194,6.048,4.33291e+06,3.55818e+06,1.21904e+07,0,0,0,6.19558e+08,38.9573,61.308,2.33571,0,0,2.10977,1.96621,0,1.62991,3.38688,9.00468e+06,4.756e+06,1.89978e+07,0,0,0,8.03099e+07
69.7282,110.355,3.53233,0.63,0.02,3.1176,3.72056,0,0.527237,6.048,4.33291e+06,3.55818e+06,1.35083e+07,0,0,0,6.19558e+08,38.9774,61.308,2.72829,0,0,2.32243,2.19755,0,1.63001,3.38688,9.00468e+06,4.756e+06,2.09127e+07,0,0,0,8.03099e+07
70.2798,110.355,4.02183,0.64,0.02,3.11785,3.72083,0,0.584238,6.048,4.33291e+06,3.55818e+06,1.35094e+07,0,0,0,6.19558e+08,39.1827,61.308,3.48829,0,0,2.32258,2.19772,0,1.79431,3.38688,9.00468e+06,4.756e+06,2.09141e+07,0,0,0,8.03099e+07
70.9968,110.355,4.23735,0.67,0.02,3.1181,3.7211,0,0.584285,6.048,4.33291e+06,3.55818e+06,1.35105e+07,0,0,0,6.19558e+08,39.3619,61.308,3.17433,0,0,2.32273,2.19788,0,1.79442,3.38688,9.00468e+06,4.756e+06,2.09154e+07,0,0,0,8.03099e+07
71.7882,110.355,4.29868,0.69,0.02,3.11835,3.72138,0,0.584332,6.048,4.33291e+06,3.55818e+06,1.35116e+07,0,0,0,6.19558e+08,39.8679,61.308,4.62699,0,0,2.32287,2.19804,0,1.79454,3.38688,9.00468e+06,4.756e+06,2.09167e+07,0,0,0,8.03099e+07
74.8028,110.355,6.40914,0.71,0.02,2.68497,3.24991,0,0.584379,6.048,4.33291e+06,3.55818e+06,1.16337e+07,0,0,0,6.19558e+08,40.6877,61.308,5.58947,0,0,2.03773,1.88784,0,1.79465,3.38688,9.00468e+06,4.756e+06,1.83491e+07,0,0,0,8.03099e+07
77.774,110.355,6.08058,0.69,0.02,2.68519,3.25015,0,0.503163,6.048,4.33291e+06,3.55818e+06,1.16347e+07,0,0,0,6.19558e+08,41.5952,61.308,5.10773,0,0,2.03786,1.88797,0,1.57435,3.38688,9.00468e+06,4.756e+06,1.83502e+07,0,0,0,8.03099e+07
80.5795,110.355,6.19793,0.72,0.02,2.68541,3.25039,0,0.503205,6.048,4.33291e+06,3.55818e+06,1.16357e+07,0,0,0,6.19558e+08,42.4339,61.308,4.94995,0,0,2.03798,1.88811,0,1.57445,3.38688,9.00468e+06,4.756e+06,1.83514e+07,0,0,0,8.03099e+07
82.9029,110.355,5.7388,0.7,0.02,2.68563,3.25063,0,0.503246,6.048,4.33291e+06,3.55818e+06,1.16366e+07,0,0,0,6.19558e+08,43.1231,61.308,4.7455,0,0,2.03811,1.88825,0,1.57455,3.38688,9.00468e+06,4.756e+06,1.83526e+07,0,0,0,8.03099e+07
85.4278,110.355,5.92048,0.7,0.02,2.68585,3.25087,0,0.503287,6.048,4.33291e+06,3.55818e+06,1.16376e+07,0,0,0,6.19558e+08,43.5836,61.308,4.23892,0,0,2.03824,1.88839,0,1.57465,3.38688,9.00468e+06,4.756e+06,1.83537e+07,0,0,0,8.03099e+07
86.7196,110.355,4.83245,0.65,0.02,2.79526,3.36989,0,0.503328,6.048,4.33291e+06,3.55818e+06,1.21116e+07,0,0,0,6.19558e+08,43.9303,61.308,4.08194,0,0,2.10819,1.96449,0,1.57474,3.38688,9.00468e+06,4.756e+06,1.89836e+07,0,0,0,8.03099e+07
88.581,110.355,5.43757,0.63,0.02,2.79549,3.37014,0,0.523832,6.048,4.33291e+06,3.55818e+06,1.21126e+07,0,0,0,6.19558e+08,44.5969,61.308,4.86569,0,0,2.10832,1.96463,0,1.62879,3.38688,9.00468e+06,4.756e+06,1.89847e+07,0,0,0,8.03099e+07
90.4551,110.355,5.40892,0.62,0.02,2.79572,3.37039,0,0.523875,6.048,4.33291e+06,3.55818e+06,1.21136e+07,0,0,0,6.19558e+08,45.4395,61.308,5.43353,0,0,2.10845,1.96477,0,1.62889,3.38688,9.00468e+06,4.756e+06,1.89859e+07,0,0,0,8.03099e+07
94.6647,110.355,8.01564,0.51,0.02,2.79595,3.37064,0,0.523918,6.048,4.33291e+06,3.55818e+06,1.21146e+07,0,0,0,6.19558e+08,46.9696,61.308,6.73935,0,0,2.10859,1.96492,0,1.62899,3.38688,9.00468e+06,4.756e+06,1.89871e+07,0,0,0,8.03099e+07
95.7953,110.355,4.65479,0.46,0.02,2.75347,3.32443,0,0.52396,6.048,4.33291e+06,3.55818e+06,1.19305e+07,0,0,0,6.19558e+08,48.375,61.308,6.05482,0,0,2.08159,1.93556,0,1.62909,3.38688,9.00468e+06,4.756e+06,1.87441e+07,0,0,0,8.03099e+07
96.9059,110.355,4.62898,0.44,0.02,2.75369,3.32467,0,0.516,6.048,4.33291e+06,3.55818e+06,1.19315e+07,0,0,0,6.19558e+08,48.9835,61.308,4.31613,0,0,2.08173,1.9357,0,1.60824,3.38688,9.00468e+06,4.756e+06,1.87453e+07,0,0,0,8.03099e+07
96.7586,110.355,3.52214,0.29,0.02,3.02252,3.32492,0,0.516042,6.048,4.33291e+06,2.70226e+06,1.30963e+07,0,0,0,6.19558e+08,49.2465,61.308,3.9403,0,0,2.23824,1.93584,0,1.60834,3.38688,9.00468e+06,3.61194e+06,2.01546e+07,0,0,0,8.03099e+07
96.4303,110.355,3.27061,0.28,0.02,3.02276,3.32516,0,0.56642,6.048,4.33291e+06,2.70226e+06,1.30974e+07,0,0,0,6.19558e+08,49.3065,61.308,3.09127,0,0,2.23838,1.93598,0,1.72926,3.38688,9.00468e+06,3.61194e+06,2.01559e+07,0,0,0,8.03099e+07
95.7351,110.355,2.92849,0.27,0.02,3.18075,3.48315,0,0.566466,6.048,4.33291e+06,2.70226e+06,1.37819e+07,0,0,0,6.19558e+08,49.3282,61.308,3.41534,0,0,2.3432,2.0408,0,1.72937,3.38688,9.00468e+06,3.61194e+06,2.10998e+07,0,0,0,8.03099e+07
95.2006,110.355,3.03185,0.33,0.02,3.18101,3.48341,0,0.596073,6.048,4.33291e+06,2.70226e+06,1.3783e+07,0,0,0,6.19558e+08,49.4424,61.308,3.57033,0,0,2.34335,2.04095,0,1.81036,3.38688,9.00468e+06,3.61194e+06,2.11011e+07,0,0,0,8.03099e+07
94.4109,110.355,2.76524,0.31,0.02,3.18127,3.48367,0,0.596121,6.048,4.33291e+06,2.70226e+06,1.37842e+07,0,0,0,6.19558e+08,49.5167,61.308,2.97083,0,0,2.3435,2.0411,0,1.81047,3.38688,9.00468e+06,3.61194e+06,2.11025e+07,0,0,0,8.03099e+07
93.3304,110.355,2.44477,0.28,0.02,3.18152,3.48392,0,0.596169,6.048,4.33291e+06,2.70226e+06,1.37853e+07,0,0,0,6.19558e+08,49.4915,61.308,2.63821,0,0,2.34365,2.04125,0,1.81059,3.38688,9.00468e+06,3.61194e+06,2.11038e+07,0,0,0,8.03099e+07
92.1821,110.355,2.32432,0.26,0.02,3.18178,3.48418,0,0.596217,6.048,4.33291e+06,2.70226e+06,1.37864e+07,0,0,0,6.19558e+08,49.4486,61.308,2.82665,0,0,2.3438,2.0414,0,1.81071,3.38688,9.00468e+06,3.61194e+06,2.11052e+07,0,0,0,8.03099e+07
91.5749,110.355,2.80464,0.25,0.02,3.15083,3.45323,0,0.596266,6.048,4.33291e+06,2.70226e+06,1.36523e+07,0,0,0,6.19558e+08,49.4034,61.308,2.95845,0,0,2.40151,2.09911,0,1.81082,3.38688,9.00468e+06,3.61194e+06,2.16248e+07,0,0,0,8.03099e+07
90.8153,110.355,2.64733,0.24,0.02,3.15108,3.45348,0,0.590465,6.048,4.33291e+06,2.70226e+06,1.36534e+07,0,0,0,6.19558e+08,49.3098,61.308,2.77055,0,0,2.40166,2.09926,0,1.8554,3.38688,9.00468e+06,3.61194e+06,2.16262e+07,0,0,0,8.03099e+07
89.839,110.355,2.42452,0.22,0.02,3.15134,3.45374,0,0.590513,6.048,4.33291e+06,2.70226e+06,1.36545e+07,0,0,0,6.19558e+08,49.2082,61.308,2.76518,0,0,2.40182,2.09942,0,1.85552,3.38688,9.00468e+06,3.61194e+06,2.16276e+07,0,0,0,8.03099e+07
88.6541,110.355,2.19249,0.26,0.02,3.15159,3.45399,0,0.590561,6.048,4.33291e+06,2.70226e+06,1.36556e+07,0,0,0,6.19558e+08,49.0491,61.308,2.4639,0,0,2.40197,2.09957,0,1.85564,3.38688,9.00468e+06,3.61194e+06,2.1629e+07,0,0,0,8.03099e+07
87.6008,110.355,2.37095,0.24,0.02,3.23246,3.53486,0,0.590608,6.048,4.33291e+06,2.70226e+06,1.4006e+07,0,0,0,6.19558e+08,48.8909,61.308,2.53191,0,0,2.45343,2.15103,0,1.85576,3.38688,9.00468e+06,3.61194e+06,2.20924e+07,0,0,0,8.03099e+07
86.4398,110.355,2.23102,0.23,0.02,3.23272,3.53512,0,0.605763,6.048,4.33291e+06,2.70226e+06,1.40071e+07,0,0,0,6.19558e+08,48.6168,61.308,2.53009,0,0,2.45359,2.15119,0,1.89552,3.38688,9.00468e+06,3.61194e+06,2.20938e+07,0,0,0,8.03099e+07
85.1502,110.355,2.08782,0.24,0.02,3.23298,3.53538,0,0.605812,6.048,4.33291e+06,2.70226e+06,1.40082e+07,0,0,0,6.19558e+08,48.2936,61.308,2.31984,0,0,2.45375,2.15135,0,1.89564,3.38688,9.00468e+06,3.61194e+06,2.20952e+07,0,0,0,8.03099e+07
83.843,110.355,2.05208,0.23,0.02,3.23324,3.53564,0,0.605861,6.048,4.33291e+06,2.70226e+06,1.40094e+07,0,0,0,6.19558e+08,48.0214,61.308,2.48512,0,0,2.45391,2.15151,0,1.89577,3.38688,9.00468e+06,3.61194e+06,2.20967e+07,0,0,0,8.03099e+07
82.431,110.355,2.09369,0.25,0.02,3.46965,3.77205,0,0.605909,6.048,4.33291e+06,2.70226e+06,1.50337e+07,0,0,0,6.19558e+08,47.7276,61.308,2.42085,0,0,2.63932,2.33692,0,1.89589,3.38688,9.00468e+06,3.61194e+06,2.37662e+07,0,0,0,8.03099e+07
80.8674,110.355,1.95056,0.25,0.02,3.46993,3.77233,0,0.650212,6.048,4.33291e+06,2.70226e+06,1.50349e+07,0,0,0,6.19558e+08,47.2425,61.308,2.02292,0,0,2.63949,2.33709,0,2.03914,3.38688,9.00468e+06,3.61194e+06,2.37677e+07,0,0,0,8.03099e+07
78.9509,110.355,1.60489,0.24,0.02,3.4702,3.7726,0,0.650264,6.048,4.33291e+06,2.70226e+06,1.50361e+07,0,0,0,6.19558e+08,46.7194,61.308,1.6139,0,0,2.63966,2.33726,0,2.03927,3.38688,9.00468e+06,3.61194e+06,2.37693e+07,0,0,0,8.03099e+07
77.322,110.355,1.8598,0.24,0.02,3.47048,3.77288,0,0.650316,6.048,4.33291e+06,2.70226e+06,1.50373e+07,0,0,0,6.19558e+08,46.4286,61.308,2.4375,0,0,2.63983,2.33743,0,2.0394,3.38688,9.00468e+06,3.61194e+06,2.37708e+07,0,0,0,8.03099e+07
75.4145,110.355,1.56216,0.3,0.02,3.47076,3.77316,0,0.650368,6.048,4.33291e+06,2.70226e+06,1.50385e+07,0,0,0,6.19558e+08,45.9789,61.308,1.88626,0,0,2.64,2.3376,0,2.03953,3.38688,9.00468e+06,3.61194e+06,2.37724e+07,0,0,0,8.03099e+07
74.3371,110.355,2.30558,0.31,0.02,3.35591,3.65831,0,0.65042,6.048,4.33291e+06,2.70226e+06,1.45409e+07,0,0,0,6.19558e+08,45.9766,61.308,2.8459,0,0,2.5277,2.2253,0,2.03967,3.38688,9.00468e+06,3.61194e+06,2.27611e+07,0,0,0,8.03099e+07
73.5307,110.355,2.59995,0.31,0.02,3.35618,3.65858,0,0.628897,6.048,4.33291e+06,2.70226e+06,1.4542e+07,0,0,0,6.19558e+08,45.9825,61.308,2.74393,0,0,2.52786,2.22546,0,1.9529,3.38688,9.00468e+06,3.61194e+06,2.27626e+07,0,0,0,8.03099e+07
74.102,110.355,4.05577,0.3,0.02,3.35644,3.65884,0,0.628947,6.048,4.33291e+06,2.70226e+06,1.45432e+07,0,0,0,6.19558e+08,46.6015,61.308,4.66675,0,0,2.52802,2.22562,0,1.95302,3.38688,9.00468e+06,3.61194e+06,2.2764e+07,0,0,0,8.03099e+07
74.3606,110.355,3.92771,0.31,0.02,3.35671,3.65911,0,0.628998,6.048,4.33291e+06,2.70226e+06,1.45444e+07,0,0,0,6.19558e+08,47.0951,61.308,4.25696,0,0,2.52819,2.22579,0,1.95315,3.38688,9.00468e+06,3.61194e+06,2.27655e+07,0,0,0,8.03099e+07
74.1212,110.355,3.35751,0.33,0.02,3.26245,3.56485,0,0.629048,6.048,4.33291e+06,2.70226e+06,1.41359e+07,0,0,0,6.19558e+08,47.6769,61.308,3.7536,0,0,2.42594,2.12354,0,1.95328,3.38688,9.00468e+06,3.61194e+06,2.18448e+07,0,0,0,8.03099e+07
74.0113,110.355,3.49168,0.33,0.02,3.26271,3.56511,0,0.611384,6.048,4.33291e+06,2.70226e+06,1.41371e+07,0,0,0,6.19558e+08,48.2645,61.308,4.48967,0,0,2.42609,2.12369,0,1.87428,3.38688,9.00468e+06,3.61194e+06,2.18462e+07,0,0,0,8.03099e+07
73.2373,110.355,2.79687,0.34,0.02,3.26298,3.56538,0,0.611433,6.048,4.33291e+06,2.70226e+06,1.41382e+07,0,0,0,6.19558e+08,48.2569,61.308,2.8684,0,0,2.42625,2.12385,0,1.8744,3.38688,9.00468e+06,3.61194e+06,2.18476e+07,0,0,0,8.03099e+07
72.7471,110.355,3.15696,0.34,0.02,3.26324,3.56564,0,0.611482,6.048,4.33291e+06,2.70226e+06,1.41393e+07,0,0,0,6.19558e+08,48.5195,61.308,3.54434,0,0,2.4264,2.124,0,1.87452,3.38688,9.00468e+06,3.61194e+06,2.1849e+07,0,0,0,8.03099e+07
73.2449,110.355,3.94152,0.37,0.02,2.99495,3.29735,0,0.611531,6.048,4.33291e+06,2.70226e+06,1.29769e+07,0,0,0,6.19558e+08,50.615,61.308,5.67793,0,0,2.2132,1.9108,0,1.87464,3.38688,9.00468e+06,3.61194e+06,1.99291e+07,0,0,0,8.03099e+07
73.3747,110.355,3.57367,0.37,0.02,2.99519,3.29759,0,0.561253,6.048,4.33291e+06,2.70226e+06,1.29779e+07,0,0,0,6.19558e+08,50.9294,61.308,4.13703,0,0,2.21334,1.91094,0,1.70991,3.38688,9.00468e+06,3.61194e+06,1.99304e+07,0,0,0,8.03099e+07
76.0098,110.355,5.85016,0.4,0.02,2.72902,3.29783,0,0.561299,6.048,4.33291e+06,3.55818e+06,1.18246e+07,0,0,0,6.19558e+08,51.7187,61.308,4.98909,0,0,2.05909,1.91108,0,1.71002,3.38688,9.00468e+06,4.756e+06,1.85415e+07,0,0,0,8.03099e+07
76.7977,110.355,4.09886,0.42,0.02,2.72925,3.29808,0,0.511419,6.048,4.33291e+06,3.55818e+06,1.18256e+07,0,0,0,6.19558e+08,51.9725,61.308,3.57535,0,0,2.05922,1.91122,0,1.59086,3.38688,9.00468e+06,4.756e+06,1.85426e+07,0,0,0,8.03099e+07
76.1117,110.355,2.39695,0.45,0.02,2.72947,3.29832,0,0.511461,6.048,4.33291e+06,3.55818e+06,1.18266e+07,0,0,0,6.19558e+08,51.7324,61.308,2.18967,0,0,2.05935,1.91136,0,1.59096,3.38688,9.00468e+06,4.756e+06,1.85438e+07,0,0,0,8.03099e+07
75.6926,110.355,2.78722,0.46,0.02,2.82467,3.40188,0,0.511503,6.048,4.33291e+06,3.55818e+06,1.2239e+07,0,0,0,6.19558e+08,51.7385,61.308,2.90769,0,0,2.11629,1.9733,0,1.59106,3.38688,9.00468e+06,4.756e+06,1.90565e+07,0,0,0,8.03099e+07
81.2484,110.355,9.12018,0.49,0.02,2.82487,3.40211,0,0.529343,6.048,4.33291e+06,3.55818e+06,1.22399e+07,0,0,0,6.19558e+08,53.1962,61.308,6.71857,0,0,2.11641,1.97343,0,1.63504,3.38688,9.00468e+06,4.756e+06,1.90576e+07,0,0,0,8.03099e+07
81.7202,110.355,3.78155,0.43,0.02,2.82508,3.40233,0,0.529381,6.048,4.33291e+06,3.55818e+06,1.22408e+07,0,0,0,6.19558e+08,54.0939,61.308,5.00799,0,0,2.11652,1.97355,0,1.63513,3.38688,9.00468e+06,4.756e+06,1.90586e+07,0,0,0,8.03099e+07
81.8706,110.355,3.44441,0.47,0.02,2.82528,3.40255,0,0.529419,6.048,4.33291e+06,3.55818e+06,1.22417e+07,0,0,0,6.19558e+08,55.5507,61.308,6.46129,0,0,2.11664,1.97368,0,1.63523,3.38688,9.00468e+06,4.756e+06,1.90597e+07,0,0,0,8.03099e+07
89.2847,110.355,11.3867,0.5,0.02,3.13057,3.73467,0,0.529457,6.048,4.33291e+06,3.55818e+06,1.35645e+07,0,0,0,6.19558e+08,60.1259,61.308,16.3833,0,0,2.33009,2.20589,0,1.63532,3.38688,9.00468e+06,4.756e+06,2.09817e+07,0,0,0,8.03099e+07
93.5711,110.355,8.21518,0.41,0.02,3.1308,3.73492,0,0.586669,6.048,4.33291e+06,3.55818e+06,1.35655e+07,0,0,0,6.19558e+08,61.5617,61.308,9.12137,0,0,2.33022,2.20604,0,1.80023,3.38688,9.00468e+06,4.756e+06,2.09829e+07,0,0,0,8.03099e+07
96.41,110.355,6.97198,0.32,0.02,3.43276,3.73516,0,0.586711,6.048,4.33291e+06,2.70226e+06,1.48739e+07,0,0,0,6.19558e+08,62.3362,61.308,10.1626,0,0,2.50858,2.20618,0,1.80033,3.38688,9.00468e+06,3.61194e+06,2.2589e+07,0,0,0,8.03099e+07
99.062,110.355,6.85598,0.27,0.02,3.433,3.7354,0,0.643299,6.048,4.33291e+06,2.70226e+06,1.48749e+07,0,0,0,6.19558e+08,62.3362,61.308,9.65234,0,0,2.50872,2.20632,0,1.93813,3.38688,9.00468e+06,3.61194e+06,2.25902e+07,0,0,0,8.03099e+07
100.607,110.355,5.33522,0.27,0.02,2.95973,3.26213,0,0.643345,6.048,4.33291e+06,2.70226e+06,1.28243e+07,0,0,0,6.19558e+08,62.3362,61.308,8.92131,0,0,2.19733,1.89493,0,1.93824,3.38688,9.00468e+06,3.61194e+06,1.97863e+07,0,0,0,8.03099e+07
101.511,110.355,4.67911,0.29,0.02,2.95994,3.26234,0,0.554653,6.048,4.33291e+06,2.70226e+06,1.28252e+07,0,0,0,6.19558e+08,62.3362,61.308,8.54779,0,0,2.19746,1.89506,0,1.69766,3.38688,9.00468e+06,3.61194e+06,1.97874e+07,0,0,0,8.03099e+07
103.76,110.355,6.16728,0.31,0.02,2.96016,3.26256,0,0.554693,6.048,4.33291e+06,2.70226e+06,1.28261e+07,0,0,0,6.19558e+08,62.3362,61.308,8.65762,0,0,2.19758,1.89518,0,1.69776,3.38688,9.00468e+06,3.61194e+06,1.97885e+07,0,0,0,8.03099e+07
105.348,110.355,5.41365,0.24,0.02,2.96037,3.26277,0,0.554733,6.048,4.33291e+06,2.70226e+06,1.2827e+07,0,0,0,6.19558e+08,62.3362,61.308,8.37215,0,0,2.19771,1.89531,0,1.69785,3.38688,9.00468e+06,3.61194e+06,1.97896e+07,0,0,0,8.03099e+07
108.121,110.355,6.63053,0.26,0.02,2.96058,3.26298,0,0.554773,6.048,4.33291e+06,2.70226e+06,1.2828e+07,0,0,0,6.19558e+08,62.3362,61.308,10.1676,0,0,2.19783,1.89543,0,1.69795,3.38688,9.00468e+06,3.61194e+06,1.97908e+07,0,0,0,8.03099e+07
110.355,110.355,7.0159,0.17,0.02,3.08003,3.38243,0,0.554813,6.048,4.33291e+06,2.70226e+06,1.33455e+07,0,0,0,6.19558e+08,62.3362,61.308,8.35447,0,0,2.27419,1.97179,0,1.69804,3.38688,9.00468e+06,3.61194e+06,2.04784e+07,0,0,0,8.03099e+07
110.355,110.355,7.4551,0.18,0.02,3.08025,3.38265,0,0.577197,6.048,4.33291e+06,2.70226e+06,1.33464e+07,0,0,0,6.19558e+08,62.3362,61.308,10.9535,0,0,2.27432,1.97192,0,1.75704,3.38688,9.00468e+06,3.61194e+06,2.04795e+07,0,0,0,8.03099e+07
110.355,110.355,6.32248,0.18,0.02,3.08047,3.38287,0,0.577238,6.048,4.33291e+06,2.70226e+06,1.33474e+07,0,0,0,6.19558e+08,62.3362,61.308,8.9519,0,0,2.27445,1.97205,0,1.75714,3.38688,9.00468e+06,3.61194e+06,2.04807e+07,0,0,0,8.03099e+07
110.355,110.355,5.07703,0.17,0.02,3.08069,3.38309,0,0.57728,6.048,4.33291e+06,2.70226e+06,1.33484e+07,0,0,0,6.19558e+08,62.3362,61.308,6.41275,0,0,2.27458,1.97218,0,1.75724,3.38688,9.00468e+06,3.61194e+06,2.04818e+07,0,0,0,8.03099e+07
110.355,110.355,4.48584,0.16,0.02,3.03428,3.33668,0,0.577321,6.048,4.33291e+06,2.70226e+06,1.31473e+07,0,0,0,6.19558e+08,62.3362,61.308,5.03773,0,0,2.24509,1.94269,0,1.75734,3.38688,9.00468e+06,3.61194e+06,2.02163e+07,0,0,0,8.03099e+07
110.355,110.355,4.07046,0.15,0.02,3.0345,3.3369,0,0.568624,6.048,4.33291e+06,2.70226e+06,1.31482e+07,0,0,0,6.19558e+08,62.3362,61.308,4.59361,0,0,2.24522,1.94282,0,1.73456,3.38688,9.00468e+06,3.61194e+06,2.02174e+07,0,0,0,8.03099e+07
110.355,110.355,4.58298,0.13,0.02,3.03472,3.33712,0,0.568665,6.048,4.33291e+06,2.70226e+06,1.31492e+07,0,0,0,6.19558e+08,62.3362,61.308,4.12766,0,0,2.24534,1.94294,0,1.73465,3.38688,9.00468e+06,3.61194e+06,2.02186e+07,0,0,0,8.03099e+07
110.355,110.355,3.88291,0.13,0.02,3.03493,3.33733,0,0.568706,6.048,4.33291e+06,2.70226e+06,1.31501e+07,0,0,0,6.19558e+08,62.3362,61.308,4.20972,0,0,2.24547,1.94307,0,1.73475,3.38688,9.00468e+06,3.61194e+06,2.02197e+07,0,0,0,8.03099e+07
110.222,110.355,3.44906,0.11,0.02,3.19348,3.49588,0,0.568747,6.048,4.33291e+06,2.70226e+06,1.38371e+07,0,0,0,6.19558e+08,62.3362,61.308,3.90868,0,0,2.35066,2.04826,0,1.73485,3.38688,9.00468e+06,3.61194e+06,2.11669e+07,0,0,0,8.03099e+07
110.289,110.355,3.65526,0.11,0.02,3.1937,3.4961,0,0.598457,6.048,4.33291e+06,2.70226e+06,1.3838e+07,0,0,0,6.19558e+08,62.3362,61.308,4.45937,0,0,2.35079,2.04839,0,1.81612,3.38688,9.00468e+06,3.61194e+06,2.11681e+07,0,0,0,8.03099e+07
110.006,110.355,3.23336,0.09,0.02,3.19393,3.49633,0,0.5985,6.048,4.33291e+06,2.70226e+06,1.3839e+07,0,0,0,6.19558e+08,62.3362,61.308,3.74173,0,0,2.35092,2.04852,0,1.81622,3.38688,9.00468e+06,3.61194e+06,2.11693e+07,0,0,0,8.03099e+07
109.552,110.355,3.04607,0.08,0.02,3.19416,3.49656,0,0.598543,6.048,4.33291e+06,2.70226e+06,1.384e+07,0,0,0,6.19558e+08,62.3021,61.308,3.22357,0,0,2.35106,2.04866,0,1.81632,3.38688,9.00468e+06,3.61194e+06,2.11705e+07,0,0,0,8.03099e+07
108.992,110.355,2.92449,0.08,0.02,3.19439,3.49679,0,0.598586,6.048,4.33291e+06,2.70226e+06,1.3841e+07,0,0,0,6.19558e+08,62.1023,61.308,3.01736,0,0,2.35119,2.04879,0,1.81643,3.38688,9.00468e+06,3.61194e+06,2.11717e+07,0,0,0,8.03099e+07
108.062,110.355,2.51832,0.1,0.02,3.1633,3.4657,0,0.598628,6.048,4.33291e+06,2.70226e+06,1.37063e+07,0,0,0,6.19558e+08,62.0704,61.308,3.1009,0,0,2.40909,2.10669,0,1.81653,3.38688,9.00468e+06,3.61194e+06,2.1693e+07,0,0,0,8.03099e+07
106.985,110.355,2.36677,0.1,0.02,3.16352,3.46592,0,0.592802,6.048,4.33291e+06,2.70226e+06,1.37073e+07,0,0,0,6.19558e+08,61.9941,61.308,2.92368,0,0,2.40922,2.10682,0,1.86126,3.38688,9.00468e+06,3.61194e+06,2.16943e+07,0,0,0,8.03099e+07
105.711,110.355,2.16221,0.15,0.02,3.16375,3.46615,0,0.592844,6.048,4.33291e+06,2.70226e+06,1.37083e+07,0,0,0,6.19558e+08,61.8964,61.308,2.87558,0,0,2.40936,2.10696,0,1.86137,3.38688,9.00468e+06,3.61194e+06,2.16955e+07,0,0,0,8.03099e+07
104.256,110.355,1.96028,0.15,0.02,3.16398,3.46638,0,0.592887,6.048,4.33291e+06,2.70226e+06,1.37092e+07,0,0,0,6.19558e+08,61.7473,61.308,2.59395,0,0,2.4095,2.1071,0,1.86147,3.38688,9.00468e+06,3.61194e+06,2.16968e+07,0,0,0,8.03099e+07
102.785,110.355,1.96251,0.15,0.02,3.24511,3.54751,0,0.592929,6.048,4.33291e+06,2.70226e+06,1.40608e+07,0,0,0,6.19558e+08,61.509,61.308,2.55892,0,0,2.46113,2.15873,0,1.86158,3.38688,9.00468e+06,3.61194e+06,2.21617e+07,0,0,0,8.03099e+07
101.365,110.355,2.00886,0.15,0.02,3.24534,3.54774,0,0.608133,6.048,4.33291e+06,2.70226e+06,1.40618e+07,0,0,0,6.19558e+08,61.2776,61.308,2.57121,0,0,2.46127,2.15887,0,1.90147,3.38688,9.00468e+06,3.61194e+06,2.21629e+07,0,0,0,8.03099e+07
99.7615,110.355,1.81155,0.18,0.02,3.24557,3.54797,0,0.608176,6.048,4.33291e+06,2.70226e+06,1.40628e+07,0,0,0,6.19558e+08,61.0011,61.308,2.46694,0,0,2.46141,2.15901,0,1.90158,3.38688,9.00468e+06,3.61194e+06,2.21642e+07,0,0,0,8.03099e+07
98.0119,110.355,1.65153,0.18,0.02,3.2458,3.5482,0,0.60822,6.048,4.33291e+06,2.70226e+06,1.40638e+07,0,0,0,6.19558e+08,60.697,61.308,2.27104,0,0,2.46155,2.15915,0,1.90169,3.38688,9.00468e+06,3.61194e+06,2.21655e+07,0,0,0,8.03099e+07
95.8815,110.355,1.43811,0.18,0.02,3.48302,3.78542,0,0.608263,6.048,4.33291e+06,2.70226e+06,1.50916e+07,0,0,0,6.19558e+08,60.3826,61.308,2.2582,0,0,2.6476,2.3452,0,1.90179,3.38688,9.00468e+06,3.61194e+06,2.38408e+07,0,0,0,8.03099e+07
93.4626,110.355,1.14101,0.18,0.02,3.48326,3.78566,0,0.652717,6.048,4.33291e+06,2.70226e+06,1.50927e+07,0,0,0,6.19558e+08,60.0208,61.308,2.16824,0,0,2.64775,2.34535,0,2.04553,3.38688,9.00468e+06,3.61194e+06,2.38422e+07,0,0,0,8.03099e+07
91.0802,110.355,1.15729,0.21,0.02,3.48351,3.78591,0,0.652764,6.048,4.33291e+06,2.70226e+06,1.50938e+07,0,0,0,6.19558e+08,59.6349,61.308,2.07904,0,0,2.6479,2.3455,0,2.04565,3.38688,9.00468e+06,3.61194e+06,2.38435e+07,0,0,0,8.03099e+07
89.2376,110.355,1.71022,0.21,0.02,3.48376,3.78616,0,0.65281,6.048,4.33291e+06,2.70226e+06,1.50948e+07,0,0,0,6.19558e+08,59.3541,61.308,2.49299,0,0,2.64806,2.34566,0,2.04577,3.38688,9.00468e+06,3.61194e+06,2.38449e+07,0,0,0,8.03099e+07
88.0641,110.355,2.44298,0.24,0.02,3.48401,3.78641,0,0.652856,6.048,4.33291e+06,2.70226e+06,1.50959e+07,0,0,0,6.19558e+08,59.2773,61.308,2.77444,0,0,2.64821,2.34581,0,2.04589,3.38688,9.00468e+06,3.61194e+06,2.38463e+07,0,0,0,8.03099e+07
86.347,110.355,1.73045,0.24,0.02,3.36872,3.67112,0,0.652903,6.048,4.33291e+06,2.70226e+06,1.45964e+07,0,0,0,6.19558e+08,59.0978,61.308,3.06366,0,0,2.53549,2.23309,0,2.04601,3.38688,9.00468e+06,3.61194e+06,2.28313e+07,0,0,0,8.03099e+07
84.3318,110.355,1.39908,0.25,0.02,3.36896,3.67136,0,0.631298,6.048,4.33291e+06,2.70226e+06,1.45974e+07,0,0,0,6.19558e+08,58.8081,61.308,2.64762,0,0,2.53564,2.23324,0,1.95892,3.38688,9.00468e+06,3.61194e+06,2.28326e+07,0,0,0,8.03099e+07
83.1489,110.355,2.29558,0.27,0.02,3.3692,3.6716,0,0.631343,6.048,4.33291e+06,2.70226e+06,1.45984e+07,0,0,0,6.19558e+08,58.9147,61.308,3.52442,0,0,2.53578,2.23338,0,1.95903,3.38688,9.00468e+06,3.61194e+06,2.28339e+07,0,0,0,8.03099e+07
84.6192,110.355,5.15285,0.27,0.02,3.36944,3.67184,0,0.631388,6.048,4.33291e+06,2.70226e+06,1.45995e+07,0,0,0,6.19558e+08,59.6507,61.308,5.09543,0,0,2.53593,2.23353,0,1.95914,3.38688,9.00468e+06,3.61194e+06,2.28352e+07,0,0,0,8.03099e+07
83.2418,110.355,2.1302,0.26,0.02,3.27482,3.57722,0,0.631433,6.048,4.33291e+06,2.70226e+06,1.41895e+07,0,0,0,6.19558e+08,59.523,61.308,2.7735,0,0,2.4333,2.1309,0,1.95926,3.38688,9.00468e+06,3.61194e+06,2.19111e+07,0,0,0,8.03099e+07
82.4712,110.355,2.77735,0.29,0.02,3.27505,3.57745,0,0.613701,6.048,4.33291e+06,2.70226e+06,1.41905e+07,0,0,0,6.19558e+08,59.6768,61.308,3.31443,0,0,2.43344,2.13104,0,1.87997,3.38688,9.00468e+06,3.61194e+06,2.19124e+07,0,0,0,8.03099e+07
84.623,110.355,5.92196,0.29,0.02,3.27529,3.57769,0,0.613745,6.048,4.33291e+06,2.70226e+06,1.41915e+07,0,0,0,6.19558e+08,60.9301,61.308,7.59625,0,0,2.43358,2.13118,0,1.88008,3.38688,9.00468e+06,3.61194e+06,2.19136e+07,0,0,0,8.03099e+07
85.8279,110.355,4.82171,0.26,0.02,3.27552,3.57792,0,0.613789,6.048,4.33291e+06,2.70226e+06,1.41925e+07,0,0,0,6.19558e+08,61.7703,61.308,5.57131,0,0,2.43372,2.13132,0,1.88018,3.38688,9.00468e+06,3.61194e+06,2.19149e+07,0,0,0,8.03099e+07
86.2488,110.355,3.87012,0.26,0.02,3.00628,3.30868,0,0.613832,6.048,4.33291e+06,2.70226e+06,1.30259e+07,0,0,0,6.19558e+08,62.3362,61.308,5.67015,0,0,2.21976,1.91736,0,1.88029,3.38688,9.00468e+06,3.61194e+06,1.99882e+07,0,0,0,8.03099e+07
89.4793,110.355,6.72896,0.29,0.02,3.00649,3.30889,0,0.563376,6.048,4.33291e+06,2.70226e+06,1.30269e+07,0,0,0,6.19558e+08,62.3362,61.308,6.28924,0,0,2.21989,1.91749,0,1.71499,3.38688,9.00468e+06,3.61194e+06,1.99894e+07,0,0,0,8.03099e+07
93.3206,110.355,7.80176,0.29,0.02,3.00671,3.30911,0,0.563417,6.048,4.33291e+06,2.70226e+06,1.30278e+07,0,0,0,6.19558e+08,62.3362,61.308,7.6567,0,0,2.22001,1.91761,0,1.71508,3.38688,9.00468e+06,3.61194e+06,1.99905e+07,0,0,0,8.03099e+07
96.8873,110.355,7.35544,0.23,0.02,3.00693,3.30933,0,0.563457,6.048,4.33291e+06,2.70226e+06,1.30288e+07,0,0,0,6.19558e+08,62.3362,61.308,6.48188,0,0,2.22014,1.91774,0,1.71518,3.38688,9.00468e+06,3.61194e+06,1.99916e+07,0,0,0,8.03099e+07
99.6798,110.355,6.73082,0.2,0.02,3.00714,3.30954,0,0.563498,6.048,4.33291e+06,2.70226e+06,1.30297e+07,0,0,0,6.19558e+08,62.3362,61.308,6.80114,0,0,2.22026,1.91786,0,1.71528,3.38688,9.00468e+06,3.61194e+06,1.99927e+07,0,0,0,8.03099e+07
103.84,110.355,7.88734,0.21,0.02,3.00714,3.30954,0,0.563538,6.048,4.33291e+06,2.70226e+06,1.30297e+07,0,0,0,6.19558e+08,62.1872,61.308,3.82544,0,0,2.22026,1.91786,0,1.71537,3.38688,9.00468e+06,3.61194e+06,1.99927e+07,0,0,0,1.5806e+08
103.82,110.355,3.74414,0.18,0.04,3.11103,3.41343,0,0.563538,6.048,4.33291e+06,2.70226e+06,1.34798e+07,0,0,0,6.19558e+08,61.769,61.308,1.94034,0,0,2.28239,1.97999,0,1.71537,3.38688,9.00468e+06,3.61194e+06,2.05522e+07,0,0,0,1.5806e+08
103.105,110.355,3.06889,0.17,0.04,3.11123,3.41363,0,0.583007,6.048,4.33291e+06,2.70226e+06,1.34807e+07,0,0,0,6.19558e+08,61.7036,61.308,2.12978,0,0,2.28251,1.98011,0,1.76338,3.38688,9.00468e+06,3.61194e+06,2.05532e+07,0,0,0,1.5806e+08
104.36,110.355,5.28016,0.18,0.04,3.11142,3.41382,0,0.583044,6.048,4.33291e+06,2.70226e+06,1.34815e+07,0,0,0,6.19558e+08,62.1563,61.308,3.55345,0,0,2.28262,1.98022,0,1.76347,3.38688,9.00468e+06,3.61194e+06,2.05543e+07,0,0,0,1.5806e+08
104.6,110.355,4.15146,0.2,0.04,3.11161,3.41401,0,0.58308,6.048,4.33291e+06,2.70226e+06,1.34824e+07,0,0,0,6.19558e+08,62.0401,61.308,2.8963,0,0,2.28273,1.98033,0,1.76355,3.38688,9.00468e+06,3.61194e+06,2.05553e+07,0,0,0,1.5806e+08
105.435,110.355,5.10369,0.2,0.04,3.44482,3.74722,0,0.583117,6.048,4.33291e+06,2.70226e+06,1.49261e+07,0,0,0,6.19558e+08,62.0153,61.308,3.26566,0,0,2.51571,2.21331,0,1.76364,3.38688,9.00468e+06,3.61194e+06,2.26531e+07,0,0,0,1.5806e+08
104.899,110.355,3.72151,0.19,0.04,3.44504,3.74744,0,0.64556,6.048,4.33291e+06,2.70226e+06,1.49271e+07,0,0,0,6.19558e+08,62.1773,61.308,3.34513,0,0,2.51583,2.21343,0,1.94363,3.38688,9.00468e+06,3.61194e+06,2.26543e+07,0,0,0,1.5806e+08
104.506,110.355,3.77509,0.19,0.04,3.44525,3.74765,0,0.6456,6.048,4.33291e+06,2.70226e+06,1.4928e+07,0,0,0,6.19558e+08,62.1413,61.308,3.04931,0,0,2.51596,2.21356,0,1.94373,3.38688,9.00468e+06,3.61194e+06,2.26554e+07,0,0,0,1.5806e+08
104.351,110.355,3.97643,0.2,0.04,3.44547,3.74787,0,0.64564,6.048,4.33291e+06,2.70226e+06,1.49289e+07,0,0,0,6.19558e+08,62.1735,61.308,2.97238,0,0,2.51608,2.21368,0,1.94383,3.38688,9.00468e+06,3.61194e+06,2.26565e+07,0,0,0,1.5806e+08
104.927,110.355,4.46859,0.21,0.04,2.97059,3.27299,0,0.64568,6.048,4.33291e+06,2.70226e+06,1.28713e+07,0,0,0,6.19558e+08,62.2989,61.308,3.24833,0,0,2.20364,1.90124,0,1.94393,3.38688,9.00468e+06,3.61194e+06,1.98431e+07,0,0,0,1.5806e+08
106.673,110.355,5.55447,0.23,0.04,2.97077,3.27317,0,0.556688,6.048,4.33291e+06,2.70226e+06,1.28721e+07,0,0,0,6.19558e+08,62.3362,61.308,3.89915,0,0,2.20375,1.90135,0,1.70253,3.38688,9.00468e+06,3.61194e+06,1.98441e+07,0,0,0,1.5806e+08
108.636,110.355,6.0267,0.25,0.04,2.97096,3.27336,0,0.556723,6.048,4.33291e+06,2.70226e+06,1.28729e+07,0,0,0,6.19558e+08,62.3362,61.308,6.13228,0,0,2.20386,1.90146,0,1.70262,3.38688,9.00468e+06,3.61194e+06,1.9845e+07,0,0,0,1.5806e+08
110.355,110.355,6.44086,0.17,0.04,2.97115,3.27355,0,0.556758,6.048,4.33291e+06,2.70226e+06,1.28737e+07,0,0,0,6.19558e+08,62.3362,61.308,4.96777,0,0,2.20397,1.90157,0,1.7027,3.38688,9.00468e+06,3.61194e+06,1.9846e+07,0,0,0,1.5806e+08
110.355,110.355,5.31289,0.18,0.04,2.97134,3.27374,0,0.556793,6.048,4.33291e+06,2.70226e+06,1.28745e+07,0,0,0,6.19558e+08,62.3362,61.308,5.83432,0,0,2.20408,1.90168,0,1.70278,3.38688,9.00468e+06,3.61194e+06,1.9847e+07,0,0,0,1.5806e+08
109.966,110.355,3.52395,0.18,0.04,3.09114,3.39354,0,0.556828,6.048,4.33291e+06,2.70226e+06,1.33937e+07,0,0,0,6.19558e+08,62.2061,61.308,3.12378,0,0,2.28067,1.97827,0,1.70287,3.38688,9.00468e+06,3.61194e+06,2.05367e+07,0,0,0,1.5806e+08
110.355,110.355,4.54565,0.18,0.04,3.09134,3.39374,0,0.57928,6.048,4.33291e+06,2.70226e+06,1.33945e+07,0,0,0,6.19558e+08,62.3362,61.308,4.63188,0,0,2.28079,1.97839,0,1.76205,3.38688,9.00468e+06,3.61194e+06,2.05377e+07,0,0,0,1.5806e+08
110.355,110.355,4.01835,0.17,0.04,3.09153,3.39393,0,0.579317,6.048,4.33291e+06,2.70226e+06,1.33953e+07,0,0,0,6.19558e+08,62.2066,61.308,3.32525,0,0,2.2809,1.9785,0,1.76213,3.38688,9.00468e+06,3.61194e+06,2.05388e+07,0,0,0,1.5806e+08
109.82,110.355,3.21012,0.16,0.04,3.09173,3.39413,0,0.579353,6.048,4.33291e+06,2.70226e+06,1.33962e+07,0,0,0,6.19558e+08,61.9212,61.308,2.51264,0,0,2.28101,1.97861,0,1.76222,3.38688,9.00468e+06,3.61194e+06,2.05398e+07,0,0,0,1.5806e+08
108.989,110.355,2.84381,0.15,0.04,3.04514,3.34754,0,0.579389,6.048,4.33291e+06,2.70226e+06,1.31943e+07,0,0,0,6.19558e+08,61.6166,61.308,2.40906,0,0,2.25141,1.94901,0,1.76231,3.38688,9.00468e+06,3.61194e+06,2.02732e+07,0,0,0,1.5806e+08
107.893,110.355,2.55846,0.13,0.04,3.04533,3.34773,0,0.570659,6.048,4.33291e+06,2.70226e+06,1.31951e+07,0,0,0,6.19558e+08,61.3443,61.308,2.48939,0,0,2.25152,1.94912,0,1.73944,3.38688,9.00468e+06,3.61194e+06,2.02742e+07,0,0,0,1.5806e+08
107.011,110.355,2.77132,0.13,0.04,3.04552,3.34792,0,0.570695,6.048,4.33291e+06,2.70226e+06,1.3196e+07,0,0,0,6.19558e+08,60.9877,61.308,2.13232,0,0,2.25163,1.94923,0,1.73953,3.38688,9.00468e+06,3.61194e+06,2.02752e+07,0,0,0,1.5806e+08
106.01,110.355,2.55671,0.19,0.04,3.04571,3.34811,0,0.57073,6.048,4.33291e+06,2.70226e+06,1.31968e+07,0,0,0,6.19558e+08,60.6084,61.308,2.20865,0,0,2.25174,1.94934,0,1.73961,3.38688,9.00468e+06,3.61194e+06,2.02762e+07,0,0,0,1.5806e+08
104.848,110.355,2.4812,0.19,0.04,3.20474,3.50714,0,0.570766,6.048,4.33291e+06,2.70226e+06,1.38858e+07,0,0,0,6.19558e+08,60.2633,61.308,2.26439,0,0,2.35725,2.05485,0,1.7397,3.38688,9.00468e+06,3.61194e+06,2.12263e+07,0,0,0,1.5806e+08
103.461,110.355,2.23973,0.16,0.04,3.20494,3.50734,0,0.600567,6.048,4.33291e+06,2.70226e+06,1.38867e+07,0,0,0,6.19558e+08,59.8785,61.308,2.0906,0,0,2.35737,2.05497,0,1.82121,3.38688,9.00468e+06,3.61194e+06,2.12274e+07,0,0,0,1.5806e+08
102.02,110.355,2.16427,0.15,0.04,3.20514,3.50754,0,0.600605,6.048,4.33291e+06,2.70226e+06,1.38876e+07,0,0,0,6.19558e+08,59.4337,61.308,1.87294,0,0,2.35749,2.05509,0,1.8213,3.38688,9.00468e+06,3.61194e+06,2.12284e+07,0,0,0,1.5806e+08
100.411,110.355,1.92543,0.15,0.04,3.20534,3.50774,0,0.600643,6.048,4.33291e+06,2.70226e+06,1.38884e+07,0,0,0,6.19558e+08,58.8912,61.308,1.7898,0,0,2.35761,2.05521,0,1.8214,3.38688,9.00468e+06,3.61194e+06,2.12295e+07,0,0,0,1.5806e+08
98.8445,110.355,1.87634,0.21,0.04,3.20554,3.50794,0,0.60068,6.048,4.33291e+06,2.70226e+06,1.38893e+07,0,0,0,6.19558e+08,58.2557,61.308,1.73498,0,0,2.35772,2.05532,0,1.82149,3.38688,9.00468e+06,3.61194e+06,2.12305e+07,0,0,0,1.5806e+08
97.2621,110.355,1.81678,0.2,0.04,3.17432,3.47672,0,0.600718,6.048,4.33291e+06,2.70226e+06,1.3754e+07,0,0,0,6.19558e+08,57.6633,61.308,1.61925,0,0,2.41579,2.11339,0,1.82158,3.38688,9.00468e+06,3.61194e+06,2.17534e+07,0,0,0,1.5806e+08
95.5424,110.355,1.66896,0.18,0.04,3.17452,3.47692,0,0.594867,6.048,4.33291e+06,2.70226e+06,1.37549e+07,0,0,0,6.19558e+08,56.8884,61.308,1.62982,0,0,2.41591,2.11351,0,1.86644,3.38688,9.00468e+06,3.61194e+06,2.17545e+07,0,0,0,1.5806e+08
93.6984,110.355,1.52821,0.21,0.04,3.17471,3.47711,0,0.594904,6.048,4.33291e+06,2.70226e+06,1.37558e+07,0,0,0,6.19558e+08,56.1172,61.308,1.42844,0,0,2.41603,2.11363,0,1.86653,3.38688,9.00468e+06,3.61194e+06,2.17555e+07,0,0,0,1.5806e+08
91.8893,110.355,1.52586,0.2,0.04,3.17491,3.47731,0,0.594941,6.048,4.33291e+06,2.70226e+06,1.37566e+07,0,0,0,6.19558e+08,55.4532,61.308,1.45201,0,0,2.41615,2.11375,0,1.86662,3.38688,9.00468e+06,3.61194e+06,2.17566e+07,0,0,0,1.5806e+08
90.1437,110.355,1.63673,0.21,0.04,3.25627,3.55867,0,0.594979,6.048,4.33291e+06,2.70226e+06,1.41091e+07,0,0,0,6.19558e+08,54.7362,61.308,1.59849,0,0,2.46792,2.16552,0,1.86672,3.38688,9.00468e+06,3.61194e+06,2.22228e+07,0,0,0,1.5806e+08
88.2323,110.355,1.45474,0.23,0.04,3.25647,3.55887,0,0.610225,6.048,4.33291e+06,2.70226e+06,1.411e+07,0,0,0,6.19558e+08,53.9579,61.308,1.49154,0,0,2.46804,2.16564,0,1.90672,3.38688,9.00468e+06,3.61194e+06,2.2224e+07,0,0,0,1.5806e+08
86.2079,110.355,1.32439,0.23,0.04,3.25668,3.55908,0,0.610263,6.048,4.33291e+06,2.70226e+06,1.41109e+07,0,0,0,6.19558e+08,53.1616,61.308,1.41019,0,0,2.46817,2.16577,0,1.90681,3.38688,9.00468e+06,3.61194e+06,2.22251e+07,0,0,0,1.5806e+08
84.0307,110.355,1.13052,0.23,0.04,3.25688,3.55928,0,0.610301,6.048,4.33291e+06,2.70226e+06,1.41118e+07,0,0,0,6.19558e+08,51.8667,61.308,1.39928,0,0,2.46829,2.16589,0,1.90691,3.38688,9.00468e+06,3.61194e+06,2.22262e+07,0,0,0,1.5806e+08
81.6495,110.355,1.07682,0.24,0.04,3.4948,3.7972,0,0.610339,6.048,4.33291e+06,2.70226e+06,1.51427e+07,0,0,0,6.19558e+08,50.6091,61.308,0.815041,0,0,2.6549,2.3525,0,1.907,3.38688,9.00468e+06,3.61194e+06,2.39065e+07,0,0,0,1.5806e+08
79.4105,110.355,1.21118,0.24,0.04,3.49502,3.79742,0,0.654926,6.048,4.33291e+06,2.70226e+06,1.51436e+07,0,0,0,6.19558e+08,49.2576,61.308,1.01558,0,0,2.65504,2.35264,0,2.05118,3.38688,9.00468e+06,3.61194e+06,2.39077e+07,0,0,0,1.5806e+08
76.9474,110.355,0.972639,0.24,0.04,3.49524,3.79764,0,0.654967,6.048,4.33291e+06,2.70226e+06,1.51446e+07,0,0,0,6.19558e+08,48.1777,61.308,0.73248,0,0,2.65517,2.35277,0,2.05128,3.38688,9.00468e+06,3.61194e+06,2.39089e+07,0,0,0,1.5806e+08
74.7198,110.355,1.18093,0.3,0.04,3.49546,3.79786,0,0.655008,6.048,4.33291e+06,2.70226e+06,1.51455e+07,0,0,0,6.19558e+08,47.6674,61.308,1.27472,0,0,2.6553,2.3529,0,2.05138,3.38688,9.00468e+06,3.61194e+06,2.39102e+07,0,0,0,1.5806e+08
73.0995,110.355,1.84818,0.31,0.04,3.49567,3.79807,0,0.655048,6.048,4.33291e+06,2.70226e+06,1.51464e+07,0,0,0,6.19558e+08,47.6571,61.308,2.15,0,0,2.65544,2.35304,0,2.05149,3.38688,9.00468e+06,3.61194e+06,2.39114e+07,0,0,0,1.5806e+08
73.4895,110.355,3.75034,0.34,0.04,3.38,3.6824,0,0.655089,6.048,4.33291e+06,2.70226e+06,1.46452e+07,0,0,0,6.19558e+08,48.5518,61.308,4.51727,0,0,2.54235,2.23995,0,2.05159,3.38688,9.00468e+06,3.61194e+06,2.28931e+07,0,0,0,1.5806e+08
72.24,110.355,2.14883,0.3,0.04,3.38021,3.68261,0,0.633412,6.048,4.33291e+06,2.70226e+06,1.46462e+07,0,0,0,6.19558e+08,48.7992,61.308,3.02779,0,0,2.54248,2.24008,0,1.96422,3.38688,9.00468e+06,3.61194e+06,2.28942e+07,0,0,0,1.5806e+08
70.8582,110.355,1.93899,0.36,0.04,3.38042,3.68282,0,0.633451,6.048,4.33291e+06,2.70226e+06,1.46471e+07,0,0,0,6.19558e+08,49.0638,61.308,2.6187,0,0,2.54261,2.24021,0,1.96432,3.38688,9.00468e+06,3.61194e+06,2.28954e+07,0,0,0,1.5806e+08
70.6723,110.355,3.25499,0.36,0.04,3.38063,3.68303,0,0.633491,6.048,4.33291e+06,2.70226e+06,1.4648e+07,0,0,0,6.19558e+08,49.4666,61.308,3.46493,0,0,2.54273,2.24033,0,1.96442,3.38688,9.00468e+06,3.61194e+06,2.28965e+07,0,0,0,1.5806e+08
70.0443,110.355,2.77163,0.37,0.04,3.28569,3.58809,0,0.63353,6.048,4.33291e+06,2.70226e+06,1.42366e+07,0,0,0,6.19558e+08,49.8294,61.308,2.92387,0,0,2.43978,2.13738,0,1.96452,3.38688,9.00468e+06,3.61194e+06,2.19694e+07,0,0,0,1.5806e+08
69.6635,110.355,3.0027,0.37,0.04,3.2859,3.5883,0,0.615739,6.048,4.33291e+06,2.70226e+06,1.42375e+07,0,0,0,6.19558e+08,50.8465,61.308,4.129,0,0,2.4399,2.1375,0,1.88497,3.38688,9.00468e+06,3.61194e+06,2.19705e+07,0,0,0,1.5806e+08
69.0354,110.355,2.80611,0.38,0.04,3.2861,3.5885,0,0.615777,6.048,4.33291e+06,2.70226e+06,1.42384e+07,0,0,0,6.19558e+08,52.0921,61.308,4.22637,0,0,2.44002,2.13762,0,1.88507,3.38688,9.00468e+06,3.61194e+06,2.19716e+07,0,0,0,1.5806e+08
70.7469,110.355,5.2426,0.38,0.04,3.28631,3.58871,0,0.615816,6.048,4.33291e+06,2.70226e+06,1.42393e+07,0,0,0,6.19558e+08,53.0825,61.308,4.81347,0,0,2.44015,2.13775,0,1.88516,3.38688,9.00468e+06,3.61194e+06,2.19727e+07,0,0,0,1.5806e+08
71.9424,110.355,4.23924,0.42,0.04,2.74814,3.31863,0,0.615854,6.048,4.33291e+06,3.55818e+06,1.19074e+07,0,0,0,6.19558e+08,54.0718,61.308,3.6586,0,0,2.07017,1.92313,0,1.88526,3.38688,9.00468e+06,4.756e+06,1.86412e+07,0,0,0,1.5806e+08
74.4403,110.355,5.69604,0.46,0.04,2.74831,3.31882,0,0.515001,6.048,4.33291e+06,3.55818e+06,1.19082e+07,0,0,0,6.19558e+08,55.6466,61.308,4.93276,0,0,2.07027,1.92324,0,1.59941,3.38688,9.00468e+06,4.756e+06,1.86421e+07,0,0,0,1.5806e+08
80.02,110.355,8.90239,0.43,0.04,2.74848,3.319,0,0.515033,6.048,4.33291e+06,3.55818e+06,1.19089e+07,0,0,0,6.19558e+08,60.0493,61.308,9.73505,0,0,2.07037,1.92335,0,1.59949,3.38688,9.00468e+06,4.756e+06,1.8643e+07,0,0,0,1.5806e+08
85.2513,110.355,8.44434,0.41,0.04,2.74866,3.31919,0,0.515066,6.048,4.33291e+06,3.55818e+06,1.19097e+07,0,0,0,6.19558e+08,61.1198,61.308,4.15279,0,0,2.07047,1.92345,0,1.59957,3.38688,9.00468e+06,4.756e+06,1.86439e+07,0,0,0,1.5806e+08
88.9168,110.355,7.46529,0.31,0.04,3.01698,3.31938,0,0.515099,6.048,4.33291e+06,2.70226e+06,1.30723e+07,0,0,0,6.19558e+08,62.3362,61.308,7.2796,0,0,2.22596,1.92356,0,1.59965,3.38688,9.00468e+06,3.61194e+06,2.00441e+07,0,0,0,1.5806e+08
93.2372,110.355,8.29188,0.35,0.04,3.12115,3.42355,0,0.565383,6.048,4.33291e+06,2.70226e+06,1.35237e+07,0,0,0,6.19558e+08,62.3362,61.308,7.39581,0,0,2.28827,1.98587,0,1.71978,3.38688,9.00468e+06,3.61194e+06,2.06051e+07,0,0,0,1.5806e+08
97.734,110.355,8.6505,0.31,0.04,3.12132,3.42372,0,0.584904,6.048,4.33291e+06,2.70226e+06,1.35244e+07,0,0,0,6.19558e+08,62.3362,61.308,9.26499,0,0,2.28836,1.98596,0,1.76791,3.38688,9.00468e+06,3.61194e+06,2.0606e+07,0,0,0,1.5806e+08
99.6557,110.355,5.91337,0.25,0.04,3.12149,3.42389,0,0.584936,6.048,4.33291e+06,2.70226e+06,1.35251e+07,0,0,0,6.19558e+08,62.3362,61.308,6.20133,0,0,2.28846,1.98606,0,1.76799,3.38688,9.00468e+06,3.61194e+06,2.06069e+07,0,0,0,1.5806e+08
104.156,110.355,8.4247,0.26,0.04,3.12166,3.42406,0,0.584967,6.048,4.33291e+06,2.70226e+06,1.35259e+07,0,0,0,6.19558e+08,62.3362,61.308,7.00854,0,0,2.28856,1.98616,0,1.76807,3.38688,9.00468e+06,3.61194e+06,2.06077e+07,0,0,0,1.5806e+08
104.922,110.355,5.02954,0.2,0.04,3.45582,3.75822,0,0.584999,6.048,4.33291e+06,2.70226e+06,1.49738e+07,0,0,0,6.19558e+08,62.3362,61.308,6.52767,0,0,2.5222,2.2198,0,1.76814,3.38688,9.00468e+06,3.61194e+06,2.27116e+07,0,0,0,1.5806e+08
106.868,110.355,6.32513,0.19,0.04,3.456,3.7584,0,0.64762,6.048,4.33291e+06,2.70226e+06,1.49746e+07,0,0,0,6.19558e+08,62.3362,61.308,7.46594,0,0,2.52231,2.21991,0,1.94865,3.38688,9.00468e+06,3.61194e+06,2.27126e+07,0,0,0,1.5806e+08
110.355,110.355,8.01947,0.2,0.04,3.45618,3.75858,0,0.647654,6.048,4.33291e+06,2.70226e+06,1.49754e+07,0,0,0,6.19558e+08,62.3362,61.308,8.81499,0,0,2.52242,2.22002,0,1.94873,3.38688,9.00468e+06,3.61194e+06,2.27135e+07,0,0,0,1.5806e+08
110.355,110.355,5.55753,0.16,0.04,3.45637,3.75877,0,0.647689,6.048,4.33291e+06,2.70226e+06,1.49762e+07,0,0,0,6.19558e+08,62.3362,61.308,8.14207,0,0,2.52252,2.22012,0,1.94882,3.38688,9.00468e+06,3.61194e+06,2.27145e+07,0,0,0,1.5806e+08
110.355,110.355,4.78939,0.17,0.04,2.98008,3.28248,0,0.647724,6.048,4.33291e+06,2.70226e+06,1.29124e+07,0,0,0,6.19558e+08,62.3362,61.308,9.42364,0,0,2.20916,1.90676,0,1.9489,3.38688,9.00468e+06,3.61194e+06,1.98927e+07,0,0,0,1.5806e+08
110.355,110.355,5.49196,0.17,0.04,2.98024,3.28264,0,0.558467,6.048,4.33291e+06,2.70226e+06,1.29131e+07,0,0,0,6.19558e+08,62.3362,61.308,10.8064,0,0,2.20925,1.90685,0,1.70679,3.38688,9.00468e+06,3.61194e+06,1.98936e+07,0,0,0,1.5806e+08
110.355,110.355,4.71444,0.18,0.04,2.9804,3.2828,0,0.558498,6.048,4.33291e+06,2.70226e+06,1.29138e+07,0,0,0,6.19558e+08,62.3362,61.308,8.8637,0,0,2.20934,1.90694,0,1.70687,3.38688,9.00468e+06,3.61194e+06,1.98944e+07,0,0,0,1.5806e+08
110.355,110.355,4.17627,0.17,0.04,2.98057,3.28297,0,0.558528,6.048,4.33291e+06,2.70226e+06,1.29145e+07,0,0,0,6.19558e+08,62.3362,61.308,7.66653,0,0,2.20944,1.90704,0,1.70694,3.38688,9.00468e+06,3.61194e+06,1.98953e+07,0,0,0,1.5806e+08
110.355,110.355,5.17207,0.18,0.04,2.98073,3.28313,0,0.558558,6.048,4.33291e+06,2.70226e+06,1.29152e+07,0,0,0,6.19558e+08,62.3362,61.308,7.40395,0,0,2.20953,1.90713,0,1.70701,3.38688,9.00468e+06,3.61194e+06,1.98961e+07,0,0,0,1.5806e+08
110.355,110.355,4.07203,0.18,0.04,3.10085,3.40325,0,0.558588,6.048,4.33291e+06,2.70226e+06,1.34357e+07,0,0,0,6.19558e+08,62.3362,61.308,5.18538,0,0,2.28633,1.98393,0,1.70708,3.38688,9.00468e+06,3.61194e+06,2.05877e+07,0,0,0,1.5806e+08
109.639,110.355,3.2252,0.18,0.04,3.10102,3.40342,0,0.5811,6.048,4.33291e+06,2.70226e+06,1.34364e+07,0,0,0,6.19558e+08,62.3362,61.308,4.33368,0,0,2.28643,1.98403,0,1.76642,3.38688,9.00468e+06,3.61194e+06,2.05886e+07,0,0,0,1.5806e+08
108.569,110.355,2.69435,0.18,0.04,3.10119,3.40359,0,0.581131,6.048,4.33291e+06,2.70226e+06,1.34372e+07,0,0,0,6.19558e+08,62.3362,61.308,3.7286,0,0,2.28653,1.98413,0,1.76649,3.38688,9.00468e+06,3.61194e+06,2.05894e+07,0,0,0,1.5806e+08
107.545,110.355,2.69552,0.16,0.04,3.10135,3.40375,0,0.581162,6.048,4.33291e+06,2.70226e+06,1.34379e+07,0,0,0,6.19558e+08,62.3362,61.308,3.25928,0,0,2.28662,1.98422,0,1.76657,3.38688,9.00468e+06,3.61194e+06,2.05903e+07,0,0,0,1.5806e+08
106.474,110.355,2.52798,0.15,0.04,3.05461,3.35701,0,0.581193,6.048,4.33291e+06,2.70226e+06,1.32353e+07,0,0,0,6.19558e+08,62.3362,61.308,2.67611,0,0,2.25692,1.95452,0,1.76665,3.38688,9.00468e+06,3.61194e+06,2.03229e+07,0,0,0,1.5806e+08
105.139,110.355,2.23693,0.19,0.04,3.05477,3.35717,0,0.572433,6.048,4.33291e+06,2.70226e+06,1.32361e+07,0,0,0,6.19558e+08,62.301,61.308,2.41699,0,0,2.25702,1.95462,0,1.7437,3.38688,9.00468e+06,3.61194e+06,2.03237e+07,0,0,0,1.5806e+08
103.773,110.355,2.07075,0.2,0.04,3.05493,3.35733,0,0.572464,6.048,4.33291e+06,2.70226e+06,1.32368e+07,0,0,0,6.19558e+08,62.1599,61.308,2.22447,0,0,2.25711,1.95471,0,1.74377,3.38688,9.00468e+06,3.61194e+06,2.03246e+07,0,0,0,1.5806e+08
102.371,110.355,2.02255,0.19,0.04,3.0551,3.3575,0,0.572495,6.048,4.33291e+06,2.70226e+06,1.32375e+07,0,0,0,6.19558e+08,62.111,61.308,2.52489,0,0,2.25721,1.95481,0,1.74385,3.38688,9.00468e+06,3.61194e+06,2.03255e+07,0,0,0,1.5806e+08
100.984,110.355,2.18591,0.19,0.04,3.21454,3.51694,0,0.572526,6.048,4.33291e+06,2.70226e+06,1.39283e+07,0,0,0,6.19558e+08,62.0838,61.308,2.52464,0,0,2.363,2.0606,0,1.74392,3.38688,9.00468e+06,3.61194e+06,2.1278e+07,0,0,0,1.5806e+08
99.5652,110.355,2.13938,0.24,0.04,3.21471,3.51711,0,0.602405,6.048,4.33291e+06,2.70226e+06,1.39291e+07,0,0,0,6.19558e+08,62.1253,61.308,2.5615,0,0,2.3631,2.0607,0,1.82565,3.38688,9.00468e+06,3.61194e+06,2.1279e+07,0,0,0,1.5806e+08
98.0217,110.355,1.99698,0.23,0.04,3.21489,3.51729,0,0.602437,6.048,4.33291e+06,2.70226e+06,1.39298e+07,0,0,0,6.19558e+08,62.0884,61.308,2.36458,0,0,2.3632,2.0608,0,1.82573,3.38688,9.00468e+06,3.61194e+06,2.12799e+07,0,0,0,1.5806e+08
96.4417,110.355,1.88127,0.22,0.04,3.21506,3.51746,0,0.60247,6.048,4.33291e+06,2.70226e+06,1.39306e+07,0,0,0,6.19558e+08,61.9542,61.308,2.33829,0,0,2.3633,2.0609,0,1.82581,3.38688,9.00468e+06,3.61194e+06,2.12808e+07,0,0,0,1.5806e+08
94.7724,110.355,1.73578,0.21,0.04,3.21523,3.51763,0,0.602502,6.048,4.33291e+06,2.70226e+06,1.39313e+07,0,0,0,6.19558e+08,61.6261,61.308,2.03414,0,0,2.3634,2.061,0,1.82589,3.38688,9.00468e+06,3.61194e+06,2.12817e+07,0,0,0,1.5806e+08
93.0043,110.355,1.59142,0.24,0.04,3.1839,3.4863,0,0.602534,6.048,4.33291e+06,2.70226e+06,1.37956e+07,0,0,0,6.19558e+08,61.1705,61.308,1.90986,0,0,2.42161,2.11921,0,1.82597,3.38688,9.00468e+06,3.61194e+06,2.18058e+07,0,0,0,1.5806e+08
91.1511,110.355,1.486,0.22,0.04,3.18407,3.48647,0,0.596662,6.048,4.33291e+06,2.70226e+06,1.37963e+07,0,0,0,6.19558e+08,60.5969,61.308,1.71571,0,0,2.42171,2.11931,0,1.87093,3.38688,9.00468e+06,3.61194e+06,2.18067e+07,0,0,0,1.5806e+08
89.2665,110.355,1.43217,0.21,0.04,3.18424,3.48664,0,0.596694,6.048,4.33291e+06,2.70226e+06,1.3797e+07,0,0,0,6.19558e+08,59.9645,61.308,1.63128,0,0,2.42182,2.11942,0,1.87102,3.38688,9.00468e+06,3.61194e+06,2.18077e+07,0,0,0,1.5806e+08
87.4494,110.355,1.44693,0.24,0.04,3.18441,3.48681,0,0.596726,6.048,4.33291e+06,2.70226e+06,1.37978e+07,0,0,0,6.19558e+08,59.3792,61.308,1.58622,0,0,2.42192,2.11952,0,1.8711,3.38688,9.00468e+06,3.61194e+06,2.18086e+07,0,0,0,1.5806e+08
85.6866,110.355,1.57187,0.23,0.04,3.26596,3.56836,0,0.596758,6.048,4.33291e+06,2.70226e+06,1.41511e+07,0,0,0,6.19558e+08,58.7014,61.308,1.70425,0,0,2.47382,2.17142,0,1.87118,3.38688,9.00468e+06,3.61194e+06,2.22759e+07,0,0,0,1.5806e+08
83.7465,110.355,1.37805,0.23,0.04,3.26614,3.56854,0,0.612041,6.048,4.33291e+06,2.70226e+06,1.41519e+07,0,0,0,6.19558e+08,57.9797,61.308,1.56887,0,0,2.47393,2.17153,0,1.91127,3.38688,9.00468e+06,3.61194e+06,2.22769e+07,0,0,0,1.5806e+08
81.7462,110.355,1.27286,0.25,0.04,3.26631,3.56871,0,0.612074,6.048,4.33291e+06,2.70226e+06,1.41526e+07,0,0,0,6.19558e+08,57.2469,61.308,1.51582,0,0,2.47403,2.17163,0,1.91135,3.38688,9.00468e+06,3.61194e+06,2.22779e+07,0,0,0,1.5806e+08
79.5497,110.355,1.04997,0.25,0.04,3.26649,3.56889,0,0.612107,6.048,4.33291e+06,2.70226e+06,1.41534e+07,0,0,0,6.19558e+08,56.4842,61.308,1.51365,0,0,2.47414,2.17174,0,1.91144,3.38688,9.00468e+06,3.61194e+06,2.22788e+07,0,0,0,1.5806e+08
77.2,110.355,1.0707,0.24,0.04,3.50502,3.80742,0,0.612139,6.048,4.33291e+06,2.70226e+06,1.5187e+07,0,0,0,6.19558e+08,55.6966,61.308,1.48197,0,0,2.66123,2.35883,0,1.91152,3.38688,9.00468e+06,3.61194e+06,2.39635e+07,0,0,0,1.5806e+08
74.7655,110.355,0.958203,0.28,0.04,3.50521,3.80761,0,0.656841,6.048,4.33291e+06,2.70226e+06,1.51878e+07,0,0,0,6.19558e+08,54.8652,61.308,1.37565,0,0,2.66135,2.35895,0,2.05607,3.38688,9.00468e+06,3.61194e+06,2.39646e+07,0,0,0,1.5806e+08
72.4078,110.355,1.01051,0.28,0.04,3.5054,3.8078,0,0.656876,6.048,4.33291e+06,2.70226e+06,1.51886e+07,0,0,0,6.19558e+08,54.1958,61.308,1.35825,0,0,2.66146,2.35906,0,2.05616,3.38688,9.00468e+06,3.61194e+06,2.39656e+07,0,0,0,1.5806e+08
70.5323,110.355,1.51503,0.34,0.04,3.50558,3.80798,0,0.656911,6.048,4.33291e+06,2.70226e+06,1.51894e+07,0,0,0,6.19558e+08,53.4335,61.308,1.62302,0,0,2.66158,2.35918,0,2.05625,3.38688,9.00468e+06,3.61194e+06,2.39667e+07,0,0,0,1.5806e+08
69.0868,110.355,1.96205,0.35,0.04,3.50577,3.80817,0,0.656946,6.048,4.33291e+06,2.70226e+06,1.51902e+07,0,0,0,6.19558e+08,52.9492,61.308,1.51771,0,0,2.66169,2.35929,0,2.05634,3.38688,9.00468e+06,3.61194e+06,2.39677e+07,0,0,0,1.5806e+08
67.3933,110.355,1.5791,0.34,0.04,3.38976,3.69216,0,0.656981,6.048,4.33291e+06,2.70226e+06,1.46875e+07,0,0,0,6.19558e+08,52.2885,61.308,1.90565,0,0,2.54829,2.24589,0,2.05642,3.38688,9.00468e+06,3.61194e+06,2.29465e+07,0,0,0,1.5806e+08
65.5911,110.355,1.40936,0.39,0.04,3.33028,3.69234,0,0.635241,6.048,4.33291e+06,2.96515e+06,1.44298e+07,0,0,0,6.19558e+08,51.1679,61.308,1.11431,0,0,2.51211,2.246,0,1.96881,3.38688,9.00468e+06,3.96333e+06,2.26207e+07,0,0,0,1.5806e+08
63.802,110.355,1.20421,0.41,0.04,3.09183,3.69252,0,0.624095,6.048,4.33291e+06,3.55818e+06,1.33966e+07,0,0,0,6.19558e+08,50.1927,61.308,1.01431,0,0,2.36706,2.24611,0,1.94086,3.38688,9.00468e+06,4.756e+06,2.13146e+07,0,0,0,1.5806e+08
62.636,110.355,2.24199,0.35,0.04,3.3903,3.6927,0,0.579408,6.048,4.33291e+06,2.70226e+06,1.46899e+07,0,0,0,6.19558e+08,49.7924,61.308,1.46781,0,0,2.54862,2.24622,0,1.82879,3.38688,9.00468e+06,3.61194e+06,2.29495e+07,0,0,0,1.5806e+08
60.8665,110.355,1.53328,0.21,0.04,3.29509,3.59749,0,0.635343,6.048,4.33291e+06,2.70226e+06,1.42773e+07,0,0,0,6.19558e+08,48.8534,61.308,1.47214,0,0,2.44538,2.14298,0,1.96906,3.38688,9.00468e+06,3.61194e+06,2.20198e+07,0,0,0,1.5806e+08
59.5971,110.355,1.80343,0.45,0.04,3.00463,3.59766,0,0.617499,6.048,4.33291e+06,3.55818e+06,1.30188e+07,0,0,0,6.19558e+08,48.3596,61.308,1.07309,0,0,2.27235,2.14308,0,1.8893,3.38688,9.00468e+06,4.756e+06,2.04618e+07,0,0,0,1.5806e+08
61.3337,110.355,5.16539,0.26,0.04,3.29544,3.59784,0,0.563068,6.048,4.33291e+06,2.70226e+06,1.42789e+07,0,0,0,6.19558e+08,48.7681,61.308,3.69791,0,0,2.44559,2.14319,0,1.75562,3.38688,9.00468e+06,3.61194e+06,2.20217e+07,0,0,0,1.5806e+08
62.0018,110.355,4.16586,0.26,0.04,3.29562,3.59802,0,0.617565,6.048,4.33291e+06,2.70226e+06,1.42796e+07,0,0,0,6.19558e+08,48.8803,61.308,3.17606,0,0,2.44569,2.14329,0,1.88946,3.38688,9.00468e+06,3.61194e+06,2.20227e+07,0,0,0,1.5806e+08
62.0846,110.355,3.76206,0,0.04,3.32721,3.32721,0,0.617598,6.048,4.33291e+06,2.70226e+06,1.44165e+07,0,0,0,6.19558e+08,48.897,61.308,2.71844,0,0,1.9281,1.9281,0,1.88954,3.38688,9.00468e+06,3.61194e+06,1.73619e+07,0,0,0,1.5806e+08
62.4066,110.355,3.87581,0,0.04,3.32737,3.32737,0,0.623519,6.048,4.33291e+06,2.70226e+06,1.44172e+07,0,0,0,6.19558e+08,48.8671,61.308,2.54928,0,0,1.92819,1.92819,0,1.48965,3.38688,9.00468e+06,3.61194e+06,1.73628e+07,0,0,0,1.5806e+08
62.8648,110.355,4.03282,0,0.04,3.32753,3.32753,0,0.623549,6.048,4.33291e+06,2.70226e+06,1.44179e+07,0,0,0,6.19558e+08,49.2246,61.308,3.09184,0,0,1.92829,1.92829,0,1.48972,3.38688,9.00468e+06,3.61194e+06,1.73636e+07,0,0,0,1.5806e+08
64.9955,110.355,6.03264,0,0.04,3.3277,3.3277,0,0.62358,6.048,4.33291e+06,2.70226e+06,1.44186e+07,0,0,0,6.19558e+08,49.6489,61.308,3.24525,0,0,1.92838,1.92838,0,1.4898,3.38688,9.00468e+06,3.61194e+06,1.73645e+07,0,0,0,1.5806e+08
71.0919,110.355,10.0198,0,0.04,3.32786,3.32786,0,0.62361,6.048,4.33291e+06,2.70226e+06,1.44193e+07,0,0,0,6.19558e+08,50.4205,61.308,5.36386,0,0,1.92848,1.92848,0,1.48987,3.38688,9.00468e+06,3.61194e+06,1.73653e+07,0,0,0,1.5806e+08
74.4101,110.355,6.91403,0.13,0.04,3.12987,3.43227,0,0.623641,6.048,4.33291e+06,2.70226e+06,1.35615e+07,0,0,0,6.19558e+08,50.5219,61.308,4.35823,0,0,2.29332,1.99092,0,1.48994,3.38688,9.00468e+06,3.61194e+06,2.06506e+07,0,0,0,1.5806e+08
79.1306,110.355,8.5855,0,0.04,3.43241,3.43241,0,0.586537,6.048,4.33291e+06,2.70226e+06,1.48723e+07,0,0,0,6.19558e+08,50.8588,61.308,4.93572,0,0,1.991,1.991,0,1.77182,3.38688,9.00468e+06,3.61194e+06,1.79283e+07,0,0,0,1.5806e+08
82.6757,110.355,7.76469,0,0.04,3.43255,3.43255,0,0.643233,6.048,4.33291e+06,2.70226e+06,1.48729e+07,0,0,0,6.19558e+08,51.7096,61.308,5.34492,0,0,1.99109,1.99109,0,1.53825,3.38688,9.00468e+06,3.61194e+06,1.79291e+07,0,0,0,1.5806e+08
84.8133,110.355,5.86681,0.14,0.04,3.13029,3.43269,0,0.64326,6.048,4.33291e+06,2.70226e+06,1.35633e+07,0,0,0,6.19558e+08,51.9092,61.308,3.48519,0,0,2.29357,1.99117,0,1.53831,3.38688,9.00468e+06,3.61194e+06,2.06528e+07,0,0,0,1.5806e+08
92.4622,110.355,12.5574,0,0.04,3.76766,3.76766,0,0.586617,6.048,4.33291e+06,2.70226e+06,1.6325e+07,0,0,0,6.19558e+08,52.8635,61.308,6.66601,0,0,2.22538,2.22538,0,1.77201,3.38688,9.00468e+06,3.61194e+06,2.00388e+07,0,0,0,1.5806e+08
95.8127,110.355,7.97466,0,0.04,3.76782,3.76782,0,0.70606,6.048,4.33291e+06,2.70226e+06,1.63256e+07,0,0,0,6.19558e+08,53.2052,61.308,4.21365,0,0,2.22547,2.22547,0,1.71933,3.38688,9.00468e+06,3.61194e+06,2.00396e+07,0,0,0,1.5806e+08
98.0348,110.355,6.49577,0.19,0.04,3.46557,3.76797,0,0.706089,6.048,4.33291e+06,2.70226e+06,1.5016e+07,0,0,0,6.19558e+08,53.5335,61.308,4.56977,0,0,2.52796,2.22556,0,1.7194,3.38688,9.00468e+06,3.61194e+06,2.27635e+07,0,0,0,1.5806e+08
100.023,110.355,6.24992,0.04,0.04,3.46573,3.76813,0,0.649448,6.048,4.33291e+06,2.70226e+06,1.50167e+07,0,0,0,6.19558e+08,53.8267,61.308,4.35476,0,0,2.52805,2.22565,0,1.9531,3.38688,9.00468e+06,3.61194e+06,2.27643e+07,0,0,0,1.5806e+08
105.665,110.355,10.047,0.15,0.04,2.98823,3.29063,0,0.649477,6.048,4.33291e+06,2.70226e+06,1.29477e+07,0,0,0,6.19558e+08,55.1948,61.308,7.44948,0,0,2.21389,1.91149,0,1.95317,3.38688,9.00468e+06,3.61194e+06,1.99354e+07,0,0,0,1.5806e+08
110.123,110.355,8.58224,0.12,0.04,2.98836,3.29076,0,0.559994,6.048,4.33291e+06,2.70226e+06,1.29483e+07,0,0,0,6.19558e+08,56.1122,61.308,5.62301,0,0,2.21397,1.91157,0,1.71045,3.38688,9.00468e+06,3.61194e+06,1.99361e+07,0,0,0,1.5806e+08
110.355,110.355,8.17011,0.08,0.04,2.9885,3.2909,0,0.560019,6.048,4.33291e+06,2.70226e+06,1.29489e+07,0,0,0,6.19558e+08,56.8114,61.308,4.83881,0,0,2.21404,1.91164,0,1.71051,3.38688,9.00468e+06,3.61194e+06,1.99368e+07,0,0,0,1.5806e+08
110.355,110.355,8.45976,0.13,0.04,2.98863,3.29103,0,0.560044,6.048,4.33291e+06,2.70226e+06,1.29495e+07,0,0,0,6.19558e+08,57.3819,61.308,4.82499,0,0,2.21412,1.91172,0,1.71057,3.38688,9.00468e+06,3.61194e+06,1.99375e+07,0,0,0,1.5806e+08
110.355,110.355,8.38741,0.17,0.04,2.98877,3.29117,0,0.56007,6.048,4.33291e+06,2.70226e+06,1.29501e+07,0,0,0,6.19558e+08,57.8895,61.308,4.34574,0,0,2.2142,1.9118,0,1.71063,3.38688,9.00468e+06,3.61194e+06,1.99382e+07,0,0,0,1.5806e+08
110.355,110.355,7.43477,0.17,0.04,3.10916,3.41156,0,0.560095,6.048,4.33291e+06,2.70226e+06,1.34717e+07,0,0,0,6.19558e+08,58.4124,61.308,4.39119,0,0,2.29117,1.98877,0,1.71069,3.38688,9.00468e+06,3.61194e+06,2.06313e+07,0,0,0,1.5806e+08
110.355,110.355,6.04379,0.17,0.04,3.1093,3.4117,0,0.582657,6.048,4.33291e+06,2.70226e+06,1.34723e+07,0,0,0,6.19558e+08,58.709,61.308,4.25758,0,0,2.29126,1.98886,0,1.77016,3.38688,9.00468e+06,3.61194e+06,2.0632e+07,0,0,0,1.5806e+08
110.355,110.355,4.61401,0.17,0.04,3.10944,3.41184,0,0.582683,6.048,4.33291e+06,2.70226e+06,1.34729e+07,0,0,0,6.19558e+08,58.706,61.308,3.10734,0,0,2.29134,1.98894,0,1.77022,3.38688,9.00468e+06,3.61194e+06,2.06328e+07,0,0,0,1.5806e+08
110.355,110.355,4.57572,0.16,0.04,3.10958,3.41198,0,0.582709,6.048,4.33291e+06,2.70226e+06,1.34735e+07,0,0,0,6.19558e+08,58.5822,61.308,2.66826,0,0,2.29142,1.98902,0,1.77029,3.38688,9.00468e+06,3.61194e+06,2.06335e+07,0,0,0,1.5806e+08
110.355,110.355,4.43312,0.15,0.04,3.06269,3.36509,0,0.582735,6.048,4.33291e+06,2.70226e+06,1.32704e+07,0,0,0,6.19558e+08,58.2956,61.308,2.28168,0,0,2.26163,1.95923,0,1.77035,3.38688,9.00468e+06,3.61194e+06,2.03653e+07,0,0,0,1.5806e+08
110.355,110.355,4.19263,0.13,0.04,3.06283,3.36523,0,0.573949,6.048,4.33291e+06,2.70226e+06,1.3271e+07,0,0,0,6.19558e+08,57.9681,61.308,2.19419,0,0,2.26171,1.95931,0,1.74734,3.38688,9.00468e+06,3.61194e+06,2.0366e+07,0,0,0,1.5806e+08
110.355,110.355,3.87433,0.13,0.04,3.06297,3.36537,0,0.573974,6.048,4.33291e+06,2.70226e+06,1.32716e+07,0,0,0,6.19558e+08,57.6887,61.308,2.39494,0,0,2.26179,1.95939,0,1.7474,3.38688,9.00468e+06,3.61194e+06,2.03667e+07,0,0,0,1.5806e+08
110.227,110.355,3.66315,0.11,0.04,3.06311,3.36551,0,0.574,6.048,4.33291e+06,2.70226e+06,1.32722e+07,0,0,0,6.19558e+08,57.4771,61.308,2.50731,0,0,2.26187,1.95947,0,1.74746,3.38688,9.00468e+06,3.61194e+06,2.03674e+07,0,0,0,1.5806e+08
110.085,110.355,3.64867,0.11,0.04,3.2229,3.5253,0,0.574026,6.048,4.33291e+06,2.70226e+06,1.39646e+07,0,0,0,6.19558e+08,57.0438,61.308,2.0088,0,0,2.3679,2.0655,0,1.74752,3.38688,9.00468e+06,3.61194e+06,2.13221e+07,0,0,0,1.5806e+08
109.871,110.355,3.50293,0.09,0.04,3.22305,3.52545,0,0.603972,6.048,4.33291e+06,2.70226e+06,1.39652e+07,0,0,0,6.19558e+08,56.6204,61.308,1.84595,0,0,2.36798,2.06558,0,1.82944,3.38688,9.00468e+06,3.61194e+06,2.13229e+07,0,0,0,1.5806e+08
109.57,110.355,3.4025,0.08,0.04,3.22319,3.52559,0,0.603999,6.048,4.33291e+06,2.70226e+06,1.39658e+07,0,0,0,6.19558e+08,56.2046,61.308,1.96347,0,0,2.36807,2.06567,0,1.8295,3.38688,9.00468e+06,3.61194e+06,2.13237e+07,0,0,0,1.5806e+08
108.945,110.355,3.09742,0.08,0.04,3.22333,3.52573,0,0.604026,6.048,4.33291e+06,2.70226e+06,1.39664e+07,0,0,0,6.19558e+08,55.7659,61.308,1.88965,0,0,2.36815,2.06575,0,1.82957,3.38688,9.00468e+06,3.61194e+06,2.13244e+07,0,0,0,1.5806e+08
108.073,110.355,2.79829,0.09,0.04,3.22348,3.52588,0,0.604053,6.048,4.33291e+06,2.70226e+06,1.39671e+07,0,0,0,6.19558e+08,55.2843,61.308,2.06286,0,0,2.36824,2.06584,0,1.82963,3.38688,9.00468e+06,3.61194e+06,2.13252e+07,0,0,0,1.5806e+08
106.962,110.355,2.4685,0.09,0.04,3.19204,3.49444,0,0.60408,6.048,4.33291e+06,2.70226e+06,1.38309e+07,0,0,0,6.19558e+08,54.7541,61.308,2.0725,0,0,2.42656,2.12416,0,1.8297,3.38688,9.00468e+06,3.61194e+06,2.18504e+07,0,0,0,1.5806e+08
105.783,110.355,2.37943,0.13,0.04,3.19219,3.49459,0,0.598189,6.048,4.33291e+06,2.70226e+06,1.38315e+07,0,0,0,6.19558e+08,54.1996,61.308,1.8421,0,0,2.42665,2.12425,0,1.87476,3.38688,9.00468e+06,3.61194e+06,2.18512e+07,0,0,0,1.5806e+08
104.536,110.355,2.274,0.13,0.04,3.19233,3.49473,0,0.598216,6.048,4.33291e+06,2.70226e+06,1.38321e+07,0,0,0,6.19558e+08,53.6188,61.308,1.76861,0,0,2.42674,2.12434,0,1.87483,3.38688,9.00468e+06,3.61194e+06,2.1852e+07,0,0,0,1.5806e+08
103.502,110.355,2.46476,0.13,0.04,3.19247,3.49487,0,0.598243,6.048,4.33291e+06,2.70226e+06,1.38327e+07,0,0,0,6.19558e+08,53.109,61.308,1.99302,0,0,2.42682,2.12442,0,1.8749,3.38688,9.00468e+06,3.61194e+06,2.18528e+07,0,0,0,1.5806e+08
102.049,110.355,2.09208,0.13,0.04,3.27418,3.57658,0,0.59827,6.048,4.33291e+06,2.70226e+06,1.41868e+07,0,0,0,6.19558e+08,52.5693,61.308,1.78836,0,0,2.47882,2.17642,0,1.87496,3.38688,9.00468e+06,3.61194e+06,2.2321e+07,0,0,0,1.5806e+08
100.429,110.355,1.88879,0.13,0.04,3.27433,3.57673,0,0.613582,6.048,4.33291e+06,2.70226e+06,1.41874e+07,0,0,0,6.19558e+08,51.8746,61.308,1.74296,0,0,2.47891,2.17651,0,1.91514,3.38688,9.00468e+06,3.61194e+06,2.23218e+07,0,0,0,1.5806e+08
98.6583,110.355,1.72054,0.16,0.04,3.27448,3.57688,0,0.61361,6.048,4.33291e+06,2.70226e+06,1.4188e+07,0,0,0,6.19558e+08,51.2387,61.308,1.50198,0,0,2.479,2.1766,0,1.91521,3.38688,9.00468e+06,3.61194e+06,2.23226e+07,0,0,0,1.5806e+08
97.052,110.355,1.86431,0.16,0.04,3.27462,3.57702,0,0.613637,6.048,4.33291e+06,2.70226e+06,1.41887e+07,0,0,0,6.19558e+08,50.6653,61.308,1.86664,0,0,2.47909,2.17669,0,1.91528,3.38688,9.00468e+06,3.61194e+06,2.23234e+07,0,0,0,1.5806e+08
95.4129,110.355,2.03953,0.16,0.04,3.51368,3.81608,0,0.613665,6.048,4.33291e+06,2.70226e+06,1.52245e+07,0,0,0,6.19558e+08,50.1463,61.308,2.07584,0,0,2.66659,2.36419,0,1.91535,3.38688,9.00468e+06,3.61194e+06,2.40118e+07,0,0,0,1.5806e+08
93.6262,110.355,1.89318,0.19,0.04,3.51383,3.81623,0,0.658463,6.048,4.33291e+06,2.70226e+06,1.52251e+07,0,0,0,6.19558e+08,49.6169,61.308,1.98651,0,0,2.66669,2.36429,0,2.06021,3.38688,9.00468e+06,3.61194e+06,2.40127e+07,0,0,0,1.5806e+08
91.97,110.355,2.01238,0.19,0.04,3.51399,3.81639,0,0.658492,6.048,4.33291e+06,2.70226e+06,1.52258e+07,0,0,0,6.19558e+08,49.0941,61.308,2.12347,0,0,2.66679,2.36439,0,2.06028,3.38688,9.00468e+06,3.61194e+06,2.40135e+07,0,0,0,1.5806e+08
90.5643,110.355,2.2462,0.19,0.04,3.51415,3.81655,0,0.658521,6.048,4.33291e+06,2.70226e+06,1.52265e+07,0,0,0,6.19558e+08,48.5862,61.308,2.08699,0,0,2.66688,2.36448,0,2.06036,3.38688,9.00468e+06,3.61194e+06,2.40144e+07,0,0,0,1.5806e+08
88.6412,110.355,1.68192,0.11,0.04,3.5143,3.8167,0,0.658551,6.048,4.33291e+06,2.70226e+06,1.52272e+07,0,0,0,6.19558e+08,47.9759,61.308,1.81614,0,0,2.66698,2.36458,0,2.06043,3.38688,9.00468e+06,3.61194e+06,2.40153e+07,0,0,0,1.5806e+08
86.6415,110.355,1.43452,0.21,0.04,3.398,3.7004,0,0.65858,6.048,4.33291e+06,2.70226e+06,1.47233e+07,0,0,0,6.19558e+08,47.4017,61.308,2.76441,0,0,2.5533,2.2509,0,2.06051,3.38688,9.00468e+06,3.61194e+06,2.29917e+07,0,0,0,1.5806e+08
84.4598,110.355,1.23952,0.12,0.04,3.39815,3.70055,0,0.636785,6.048,4.33291e+06,2.70226e+06,1.47239e+07,0,0,0,6.19558e+08,46.679,61.308,1.53908,0,0,2.55339,2.25099,0,1.97268,3.38688,9.00468e+06,3.61194e+06,2.29925e+07,0,0,0,1.5806e+08
82.3439,110.355,1.28632,0.19,0.04,3.39831,3.70071,0,0.636814,6.048,4.33291e+06,2.70226e+06,1.47246e+07,0,0,0,6.19558e+08,45.9646,61.308,1.49072,0,0,2.55349,2.25109,0,1.97275,3.38688,9.00468e+06,3.61194e+06,2.29933e+07,0,0,0,1.5806e+08
82.4188,110.355,3.7407,0.13,0.04,3.39846,3.70086,0,0.636842,6.048,4.33291e+06,2.70226e+06,1.47252e+07,0,0,0,6.19558e+08,45.5733,61.308,2.44234,0,0,2.55358,2.25118,0,1.97282,3.38688,9.00468e+06,3.61194e+06,2.29942e+07,0,0,0,1.5806e+08
81.1426,110.355,2.11028,0.13,0.04,3.303,3.6054,0,0.636871,6.048,4.33291e+06,2.70226e+06,1.43116e+07,0,0,0,6.19558e+08,44.807,61.308,1.71408,0,0,2.45009,2.14769,0,1.97289,3.38688,9.00468e+06,3.61194e+06,2.20623e+07,0,0,0,1.5806e+08
79.3449,110.355,1.87934,0,0.04,3.60555,3.60555,0,0.618983,6.048,4.33291e+06,2.70226e+06,1.56225e+07,0,0,0,6.19558e+08,44.1747,61.308,1.23502,0,0,2.14778,2.14778,0,1.89294,3.38688,9.00468e+06,3.61194e+06,1.93401e+07,0,0,0,1.5806e+08
78.138,110.355,2.48074,0,0.04,3.6057,3.6057,0,0.67568,6.048,4.33291e+06,2.70226e+06,1.56232e+07,0,0,0,6.19558e+08,43.8249,61.308,3.08858,0,0,2.14787,2.14787,0,1.65937,3.38688,9.00468e+06,3.61194e+06,1.93409e+07,0,0,0,1.5806e+08
81.2492,110.355,6.74245,0.12,0.04,3.30345,3.60585,0,0.675708,6.048,4.33291e+06,2.70226e+06,1.43136e+07,0,0,0,6.19558e+08,44.1394,61.308,5.83961,0,0,2.45035,2.14795,0,1.65944,3.38688,9.00468e+06,3.61194e+06,2.20647e+07,0,0,0,1.5806e+08
80.5226,110.355,2.88403,0,0.04,3.33442,3.33442,0,0.619066,6.048,4.33291e+06,2.70226e+06,1.44478e+07,0,0,0,6.19558e+08,43.6831,61.308,1.92092,0,0,1.93228,1.93228,0,1.89314,3.38688,9.00468e+06,3.61194e+06,1.73996e+07,0,0,0,1.5806e+08
82.1449,110.355,5.51719,0,0.04,3.33456,3.33456,0,0.624871,6.048,4.33291e+06,2.70226e+06,1.44484e+07,0,0,0,6.19558e+08,43.8556,61.308,5.10053,0,0,1.93236,1.93236,0,1.49288,3.38688,9.00468e+06,3.61194e+06,1.74003e+07,0,0,0,1.5806e+08
83.2999,110.355,4.93387,0,0.04,3.3347,3.3347,0,0.624896,6.048,4.33291e+06,2.70226e+06,1.44489e+07,0,0,0,6.19558e+08,43.4815,61.308,2.77025,0,0,1.93244,1.93244,0,1.49294,3.38688,9.00468e+06,3.61194e+06,1.7401e+07,0,0,0,1.5806e+08
84.3054,110.355,4.67915,0,0.04,3.33483,3.33483,0,0.624922,6.048,4.33291e+06,2.70226e+06,1.44495e+07,0,0,0,6.19558e+08,43.1523,61.308,2.65712,0,0,1.93252,1.93252,0,1.493,3.38688,9.00468e+06,3.61194e+06,1.74017e+07,0,0,0,1.5806e+08
86.3155,110.355,5.73569,0,0.04,3.33497,3.33497,0,0.624948,6.048,4.33291e+06,2.70226e+06,1.44501e+07,0,0,0,6.19558e+08,43.1718,61.308,3.29673,0,0,1.9326,1.9326,0,1.49306,3.38688,9.00468e+06,3.61194e+06,1.74024e+07,0,0,0,1.5806e+08
87.313,110.355,4.89623,0,0.04,3.43957,3.43957,0,0.624973,6.048,4.33291e+06,2.70226e+06,1.49034e+07,0,0,0,6.19558e+08,43.1623,61.308,3.15967,0,0,1.99516,1.99516,0,1.49312,3.38688,9.00468e+06,3.61194e+06,1.79658e+07,0,0,0,1.5806e+08
87.4323,110.355,3.9872,0,0.04,3.43969,3.43969,0,0.644576,6.048,4.33291e+06,2.70226e+06,1.49039e+07,0,0,0,6.19558e+08,43.0609,61.308,2.74024,0,0,1.99522,1.99522,0,1.54146,3.38688,9.00468e+06,3.61194e+06,1.79664e+07,0,0,0,1.5806e+08
88.1751,110.355,4.70755,0,0.04,3.4398,3.4398,0,0.644597,6.048,4.33291e+06,2.70226e+06,1.49044e+07,0,0,0,6.19558e+08,43.2048,61.308,3.36995,0,0,1.99529,1.99529,0,1.54151,3.38688,9.00468e+06,3.61194e+06,1.79669e+07,0,0,0,1.5806e+08
89.2225,110.355,5.01008,0,0.04,3.43991,3.43991,0,0.644618,6.048,4.33291e+06,2.70226e+06,1.49048e+07,0,0,0,6.19558e+08,43.1182,61.308,3.009,0,0,1.99536,1.99536,0,1.54156,3.38688,9.00468e+06,3.61194e+06,1.79675e+07,0,0,0,1.5806e+08
89.054,110.355,4.07814,0,0.04,3.77556,3.77556,0,0.64464,6.048,4.33291e+06,2.70226e+06,1.63592e+07,0,0,0,6.19558e+08,42.8772,61.308,2.24761,0,0,2.23004,2.23004,0,1.54161,3.38688,9.00468e+06,3.61194e+06,2.00808e+07,0,0,0,1.5806e+08
87.9604,110.355,3.22019,0,0.04,3.77568,3.77568,0,0.70754,6.048,4.33291e+06,2.70226e+06,1.63597e+07,0,0,0,6.19558e+08,42.7507,61.308,2.51306,0,0,2.23011,2.23011,0,1.72293,3.38688,9.00468e+06,3.61194e+06,2.00815e+07,0,0,0,1.5806e+08
87.2668,110.355,3.53666,0,0.04,3.77581,3.77581,0,0.707563,6.048,4.33291e+06,2.70226e+06,1.63602e+07,0,0,0,6.19558e+08,42.8348,61.308,3.0579,0,0,2.23019,2.23019,0,1.72299,3.38688,9.00468e+06,3.61194e+06,2.00821e+07,0,0,0,1.5806e+08
88.1109,110.355,5.08312,0,0.04,3.77593,3.77593,0,0.707586,6.048,4.33291e+06,2.70226e+06,1.63608e+07,0,0,0,6.19558e+08,43.0163,61.308,3.61081,0,0,2.23026,2.23026,0,1.72304,3.38688,9.00468e+06,3.61194e+06,2.00828e+07,0,0,0,1.5806e+08
88.3996,110.355,4.23145,0,0.04,3.29742,3.29742,0,0.707609,6.048,4.33291e+06,2.70226e+06,1.42874e+07,0,0,0,6.19558e+08,43.0292,61.308,2.79832,0,0,1.91543,1.91543,0,1.7231,3.38688,9.00468e+06,3.61194e+06,1.72478e+07,0,0,0,1.5806e+08
90.6452,110.355,6.34943,0,0.04,3.29753,3.29753,0,0.617936,6.048,4.33291e+06,2.70226e+06,1.42879e+07,0,0,0,6.19558e+08,43.7869,61.308,4.04968,0,0,1.91549,1.91549,0,1.47986,3.38688,9.00468e+06,3.61194e+06,1.72484e+07,0,0,0,1.5806e+08
91.0872,110.355,4.42777,0,0.04,3.29763,3.29763,0,0.617956,6.048,4.33291e+06,2.70226e+06,1.42884e+07,0,0,0,6.19558e+08,44.0388,61.308,3.39844,0,0,1.91556,1.91556,0,1.47991,3.38688,9.00468e+06,3.61194e+06,1.7249e+07,0,0,0,1.5806e+08
91.0913,110.355,3.91654,0,0.04,3.29774,3.29774,0,0.617977,6.048,4.33291e+06,2.70226e+06,1.42888e+07,0,0,0,6.19558e+08,44.2528,61.308,3.31468,0,0,1.91562,1.91562,0,1.47996,3.38688,9.00468e+06,3.61194e+06,1.72496e+07,0,0,0,1.5806e+08
91.1704,110.355,4.06712,0,0.04,3.29785,3.29785,0,0.617997,6.048,4.33291e+06,2.70226e+06,1.42893e+07,0,0,0,6.19558e+08,44.616,61.308,3.50215,0,0,1.91568,1.91568,0,1.48001,3.38688,9.00468e+06,3.61194e+06,1.72501e+07,0,0,0,1.5806e+08
91.4067,110.355,4.3628,0,0.04,3.41846,3.41846,0,0.618017,6.048,4.33291e+06,2.70226e+06,1.48119e+07,0,0,0,6.19558e+08,45.315,61.308,4.08197,0,0,1.9928,1.9928,0,1.48006,3.38688,9.00468e+06,3.61194e+06,1.79445e+07,0,0,0,1.5806e+08
91.1278,110.355,3.8075,0,0.04,3.41857,3.41857,0,0.640619,6.048,4.33291e+06,2.70226e+06,1.48124e+07,0,0,0,6.19558e+08,45.8689,61.308,3.73735,0,0,1.99286,1.99286,0,1.53964,3.38688,9.00468e+06,3.61194e+06,1.79451e+07,0,0,0,1.5806e+08
90.7193,110.355,3.63496,0,0.04,3.41869,3.41869,0,0.640641,6.048,4.33291e+06,2.70226e+06,1.48129e+07,0,0,0,6.19558e+08,46.3254,61.308,3.71594,0,0,1.99293,1.99293,0,1.53969,3.38688,9.00468e+06,3.61194e+06,1.79457e+07,0,0,0,1.5806e+08
90.6624,110.355,3.96159,0,0.04,3.4188,3.4188,0,0.640662,6.048,4.33291e+06,2.70226e+06,1.48134e+07,0,0,0,6.19558e+08,46.8429,61.308,3.75885,0,0,1.99299,1.99299,0,1.53974,3.38688,9.00468e+06,3.61194e+06,1.79463e+07,0,0,0,1.5806e+08
89.5988,110.355,2.82419,0,0.04,3.37179,3.37179,0,0.640683,6.048,4.33291e+06,2.70226e+06,1.46097e+07,0,0,0,6.19558e+08,47.3294,61.308,3.95944,0,0,1.96313,1.96313,0,1.53979,3.38688,9.00468e+06,3.61194e+06,1.76774e+07,0,0,0,1.5806e+08
88.3179,110.355,2.59479,0,0.04,3.3719,3.3719,0,0.631873,6.048,4.33291e+06,2.70226e+06,1.46102e+07,0,0,0,6.19558e+08,47.6324,61.308,3.1813,0,0,1.9632,1.9632,0,1.51671,3.38688,9.00468e+06,3.61194e+06,1.76779e+07,0,0,0,1.5806e+08
87.6973,110.355,3.20583,0,0.04,3.37201,3.37201,0,0.631894,6.048,4.33291e+06,2.70226e+06,1.46106e+07,0,0,0,6.19558e+08,48.1559,61.308,3.71864,0,0,1.96326,1.96326,0,1.51676,3.38688,9.00468e+06,3.61194e+06,1.76785e+07,0,0,0,1.5806e+08
86.4577,110.355,2.46945,0,0.04,3.37212,3.37212,0,0.631915,6.048,4.33291e+06,2.70226e+06,1.46111e+07,0,0,0,6.19558e+08,48.3014,61.308,3.28081,0,0,1.96332,1.96332,0,1.51681,3.38688,9.00468e+06,3.61194e+06,1.76791e+07,0,0,0,1.5806e+08
84.8576,110.355,2.24499,0,0.04,3.5322,3.5322,0,0.631936,6.048,4.33291e+06,2.70226e+06,1.53047e+07,0,0,0,6.19558e+08,48.4016,61.308,3.16517,0,0,2.06954,2.06954,0,1.51686,3.38688,9.00468e+06,3.61194e+06,1.86355e+07,0,0,0,1.5806e+08
83.3704,110.355,2.23018,0,0.04,3.53232,3.53232,0,0.661935,6.048,4.33291e+06,2.70226e+06,1.53052e+07,0,0,0,6.19558e+08,48.5993,61.308,4.07552,0,0,2.06961,2.06961,0,1.59893,3.38688,9.00468e+06,3.61194e+06,1.86362e+07,0,0,0,1.5806e+08
81.7696,110.355,2.03375,0,0.04,3.53244,3.53244,0,0.661957,6.048,4.33291e+06,2.70226e+06,1.53057e+07,0,0,0,6.19558e+08,48.6146,61.308,3.58195,0,0,2.06968,2.06968,0,1.59898,3.38688,9.00468e+06,3.61194e+06,1.86368e+07,0,0,0,1.5806e+08
80.0294,110.355,1.86908,0,0.04,3.53255,3.53255,0,0.661978,6.048,4.33291e+06,2.70226e+06,1.53062e+07,0,0,0,6.19558e+08,48.4543,61.308,3.0131,0,0,2.06975,2.06975,0,1.59903,3.38688,9.00468e+06,3.61194e+06,1.86374e+07,0,0,0,1.5806e+08
78.6162,110.355,2.16723,0,0.04,3.53267,3.53267,0,0.662,6.048,4.33291e+06,2.70226e+06,1.53067e+07,0,0,0,6.19558e+08,48.3325,61.308,3.02088,0,0,2.06981,2.06981,0,1.59909,3.38688,9.00468e+06,3.61194e+06,1.8638e+07,0,0,0,1.5806e+08
77.5357,110.355,2.45663,0,0.04,3.50114,3.50114,0,0.662022,6.048,4.33291e+06,2.70226e+06,1.51702e+07,0,0,0,6.19558e+08,48.3649,61.308,3.08242,0,0,2.12823,2.12823,0,1.59914,3.38688,9.00468e+06,3.61194e+06,1.91641e+07,0,0,0,1.5806e+08
76.2566,110.355,2.24614,0,0.04,3.50126,3.50126,0,0.656114,6.048,4.33291e+06,2.70226e+06,1.51707e+07,0,0,0,6.19558e+08,48.3831,61.308,3.10104,0,0,2.1283,2.1283,0,1.64427,3.38688,9.00468e+06,3.61194e+06,1.91647e+07,0,0,0,1.5806e+08
74.7793,110.355,2.02766,0,0.04,3.50137,3.50137,0,0.656136,6.048,4.33291e+06,2.70226e+06,1.51712e+07,0,0,0,6.19558e+08,48.3385,61.308,2.75965,0,0,2.12837,2.12837,0,1.64433,3.38688,9.00468e+06,3.61194e+06,1.91653e+07,0,0,0,1.5806e+08
73.2534,110.355,1.93238,0,0.04,3.50149,3.50149,0,0.656158,6.048,4.33291e+06,2.70226e+06,1.51717e+07,0,0,0,6.19558e+08,48.1979,61.308,2.68906,0,0,2.12844,2.12844,0,1.64438,3.38688,9.00468e+06,3.61194e+06,1.9166e+07,0,0,0,1.5806e+08
71.8343,110.355,2.08815,0,0.04,3.58333,3.58333,0,0.656179,6.048,4.33291e+06,2.70226e+06,1.55262e+07,0,0,0,6.19558e+08,47.9902,61.308,2.72337,0,0,2.18053,2.18053,0,1.64444,3.38688,9.00468e+06,3.61194e+06,1.96349e+07,0,0,0,1.5806e+08
70.3255,110.355,1.97147,0,0.04,3.58344,3.58344,0,0.671515,6.048,4.33291e+06,2.70226e+06,1.55268e+07,0,0,0,6.19558e+08,47.7054,61.308,2.83959,0,0,2.1806,2.1806,0,1.68467,3.38688,9.00468e+06,3.61194e+06,1.96356e+07,0,0,0,1.5806e+08
68.7097,110.355,1.84463,0,0.04,3.58356,3.58356,0,0.671537,6.048,4.33291e+06,2.70226e+06,1.55273e+07,0,0,0,6.19558e+08,47.3721,61.308,2.60265,0,0,2.18067,2.18067,0,1.68473,3.38688,9.00468e+06,3.61194e+06,1.96362e+07,0,0,0,1.5806e+08
67.0868,110.355,1.81404,0,0.04,3.58368,3.58368,0,0.671559,6.048,4.33291e+06,2.70226e+06,1.55278e+07,0,0,0,6.19558e+08,47.0895,61.308,2.78689,0,0,2.18074,2.18074,0,1.68478,3.38688,9.00468e+06,3.61194e+06,1.96369e+07,0,0,0,1.5806e+08
65.5435,110.355,2.05715,0,0.04,3.82314,3.82314,0,0.671582,6.048,4.33291e+06,2.70226e+06,1.65654e+07,0,0,0,6.19558e+08,46.7777,61.308,2.67978,0,0,2.36857,2.36857,0,1.68484,3.38688,9.00468e+06,3.61194e+06,2.13282e+07,0,0,0,1.5806e+08
64.2253,110.355,2.26355,0,0.04,3.82327,3.82327,0,0.716457,6.048,4.33291e+06,2.70226e+06,1.65659e+07,0,0,0,6.19558e+08,46.462,61.308,2.78544,0,0,2.36865,2.36865,0,1.82996,3.38688,9.00468e+06,3.61194e+06,2.13289e+07,0,0,0,1.5806e+08
62.5407,110.355,1.90461,0,0.04,3.8234,3.8234,0,0.716481,6.048,4.33291e+06,2.70226e+06,1.65665e+07,0,0,0,6.19558e+08,46.064,61.308,2.45272,0,0,2.36873,2.36873,0,1.83002,3.38688,9.00468e+06,3.61194e+06,2.13296e+07,0,0,0,1.5806e+08
61.067,110.355,2.07698,0,0.04,3.82352,3.82352,0,0.716505,6.048,4.33291e+06,2.70226e+06,1.6567e+07,0,0,0,6.19558e+08,45.876,61.308,3.24695,0,0,2.36881,2.36881,0,1.83008,3.38688,9.00468e+06,3.61194e+06,2.13303e+07,0,0,0,1.5806e+08
59.5015,110.355,1.98519,0,0.04,3.82365,3.82365,0,0.716528,6.048,4.33291e+06,2.70226e+06,1.65675e+07,0,0,0,6.19558e+08,45.5652,61.308,2.93368,0,0,2.36888,2.36888,0,1.83014,3.38688,9.00468e+06,3.61194e+06,2.1331e+07,0,0,0,1.5806e+08
57.9262,110.355,1.89691,0,0.04,3.70711,3.70711,0,0.716552,6.048,4.33291e+06,2.70226e+06,1.60626e+07,0,0,0,6.19558e+08,45.3779,61.308,2.93932,0,0,2.25498,2.25498,0,1.8302,3.38688,9.00468e+06,3.61194e+06,2.03054e+07,0,0,0,1.5806e+08
56.4068,110.355,1.93548,0,0.04,3.70723,3.70723,0,0.694712,6.048,4.33291e+06,2.70226e+06,1.60631e+07,0,0,0,6.19558e+08,45.1882,61.308,2.9885,0,0,2.25505,2.25505,0,1.7422,3.38688,9.00468e+06,3.61194e+06,2.0306e+07,0,0,0,1.5806e+08
54.544,110.355,1.54692,0,0.04,3.70735,3.70735,0,0.694735,6.048,4.33291e+06,2.70226e+06,1.60636e+07,0,0,0,6.19558e+08,44.8588,61.308,2.53373,0,0,2.25513,2.25513,0,1.74226,3.38688,9.00468e+06,3.61194e+06,2.03067e+07,0,0,0,1.5806e+08
53.1228,110.355,1.95006,0,0.04,3.70747,3.70747,0,0.694758,6.048,4.33291e+06,2.70226e+06,1.60642e+07,0,0,0,6.19558e+08,44.5357,61.308,2.64136,0,0,2.2552,2.2552,0,1.74231,3.38688,9.00468e+06,3.61194e+06,2.03074e+07,0,0,0,1.5806e+08
51.8051,110.355,2.04601,0,0.04,3.61182,3.61182,0,0.69478,6.048,4.33291e+06,2.70226e+06,1.56497e+07,0,0,0,6.19558e+08,44.2871,61.308,2.7383,0,0,2.15151,2.15151,0,1.74237,3.38688,9.00468e+06,3.61194e+06,1.93737e+07,0,0,0,1.5806e+08
50.3241,110.355,1.88952,0,0.04,3.61194,3.61194,0,0.676855,6.048,4.33291e+06,2.70226e+06,1.56502e+07,0,0,0,6.19558e+08,44.3859,61.308,3.45141,0,0,2.15158,2.15158,0,1.66226,3.38688,9.00468e+06,3.61194e+06,1.93743e+07,0,0,0,1.5806e+08
48.5705,110.355,1.58319,0,0.04,3.61206,3.61206,0,0.676877,6.048,4.33291e+06,2.70226e+06,1.56507e+07,0,0,0,6.19558e+08,44.2684,61.308,2.8402,0,0,2.15165,2.15165,0,1.66231,3.38688,9.00468e+06,3.61194e+06,1.9375e+07,0,0,0,1.5806e+08
48.244,110.355,3.0893,0,0.04,3.61218,3.61218,0,0.6769,6.048,4.33291e+06,2.70226e+06,1.56513e+07,0,0,0,6.19558e+08,44.6443,61.308,4.60243,0,0,2.15173,2.15173,0,1.66237,3.38688,9.00468e+06,3.61194e+06,1.93756e+07,0,0,0,1.5806e+08
48.9976,110.355,4.02464,0,0.04,3.34025,3.34025,0,0.676922,6.048,4.33291e+06,2.70226e+06,1.4473e+07,0,0,0,6.19558e+08,44.3681,61.308,2.92681,0,0,1.93566,1.93566,0,1.66242,3.38688,9.00468e+06,3.61194e+06,1.743e+07,0,0,0,1.5806e+08
49.155,110.355,3.44497,0,0.04,3.34036,3.34036,0,0.625962,6.048,4.33291e+06,2.70226e+06,1.44735e+07,0,0,0,6.19558e+08,44.0671,61.308,2.26623,0,0,1.93572,1.93572,0,1.49549,3.38688,9.00468e+06,3.61194e+06,1.74305e+07,0,0,0,1.5806e+08
48.8733,110.355,3.0588,0,0.04,3.34047,3.34047,0,0.625983,6.048,4.33291e+06,2.70226e+06,1.4474e+07,0,0,0,6.19558e+08,43.9049,61.308,2.80143,0,0,1.93578,1.93578,0,1.49554,3.38688,9.00468e+06,3.61194e+06,1.74311e+07,0,0,0,1.5806e+08
48.5145,110.355,2.94089,0,0.04,3.34058,3.34058,0,0.626004,6.048,4.33291e+06,2.70226e+06,1.44744e+07,0,0,0,6.19558e+08,43.6894,61.308,2.71433,0,0,1.93585,1.93585,0,1.49559,3.38688,9.00468e+06,3.61194e+06,1.74317e+07,0,0,0,1.5806e+08
49.2664,110.355,4.11387,0,0.04,3.34069,3.34069,0,0.626024,6.048,4.33291e+06,2.70226e+06,1.44749e+07,0,0,0,6.19558e+08,43.5891,61.308,3.29194,0,0,1.93591,1.93591,0,1.49564,3.38688,9.00468e+06,3.61194e+06,1.74323e+07,0,0,0,1.5806e+08
48.4214,110.355,2.51059,0,0.04,3.44544,3.44544,0,0.626045,6.048,4.33291e+06,2.70226e+06,1.49288e+07,0,0,0,6.19558e+08,43.8624,61.308,3.82299,0,0,1.99856,1.99856,0,1.49568,3.38688,9.00468e+06,3.61194e+06,1.79964e+07,0,0,0,1.5806e+08
48.1541,110.355,3.07406,0,0.04,3.44553,3.44553,0,0.645676,6.048,4.33291e+06,2.70226e+06,1.49292e+07,0,0,0,6.19558e+08,44.4827,61.308,4.67764,0,0,1.99861,1.99861,0,1.54409,3.38688,9.00468e+06,3.61194e+06,1.79969e+07,0,0,0,1.5806e+08
47.5812,110.355,2.73744,0,0.04,3.44561,3.44561,0,0.645692,6.048,4.33291e+06,2.70226e+06,1.49296e+07,0,0,0,6.19558e+08,45.0939,61.308,4.70888,0,0,1.99866,1.99866,0,1.54413,3.38688,9.00468e+06,3.61194e+06,1.79973e+07,0,0,0,1.5806e+08
46.9129,110.355,2.5805,0,0.04,3.4457,3.4457,0,0.645708,6.048,4.33291e+06,2.70226e+06,1.49299e+07,0,0,0,6.19558e+08,45.5196,61.308,4.001,0,0,1.99871,1.99871,0,1.54417,3.38688,9.00468e+06,3.61194e+06,1.79978e+07,0,0,0,1.5806e+08
48.7228,110.355,5.49684,0,0.04,3.78188,3.78188,0,0.645724,6.048,4.33291e+06,2.70226e+06,1.63866e+07,0,0,0,6.19558e+08,46.4679,61.308,5.63569,0,0,2.23377,2.23377,0,1.54421,3.38688,9.00468e+06,3.61194e+06,2.01144e+07,0,0,0,1.5806e+08
48.3388,110.355,3.23931,0,0.04,3.78197,3.78197,0,0.708724,6.048,4.33291e+06,2.70226e+06,1.6387e+07,0,0,0,6.19558e+08,46.9239,61.308,4.10103,0,0,2.23383,2.23383,0,1.72581,3.38688,9.00468e+06,3.61194e+06,2.01149e+07,0,0,0,1.5806e+08
47.0889,110.355,2.26508,0,0.04,3.78207,3.78207,0,0.708742,6.048,4.33291e+06,2.70226e+06,1.63874e+07,0,0,0,6.19558e+08,47.0566,61.308,3.02141,0,0,2.23389,2.23389,0,1.72586,3.38688,9.00468e+06,3.61194e+06,2.01154e+07,0,0,0,1.5806e+08
46.598,110.355,3.04914,0,0.04,3.78216,3.78216,0,0.70876,6.048,4.33291e+06,2.70226e+06,1.63878e+07,0,0,0,6.19558e+08,47.8362,61.308,4.64168,0,0,2.23394,2.23394,0,1.7259,3.38688,9.00468e+06,3.61194e+06,2.01159e+07,0,0,0,1.5806e+08
47.8348,110.355,4.61422,0,0.04,3.30283,3.30283,0,0.708777,6.048,4.33291e+06,2.70226e+06,1.43109e+07,0,0,0,6.19558e+08,50.5812,61.308,9.56585,0,0,1.91858,1.91858,0,1.72594,3.38688,9.00468e+06,3.61194e+06,1.72762e+07,0,0,0,1.5806e+08
48.8185,110.355,4.43924,0,0.04,3.30291,3.30291,0,0.618951,6.048,4.33291e+06,2.70226e+06,1.43112e+07,0,0,0,6.19558e+08,53.0207,61.308,7.80284,0,0,1.91862,1.91862,0,1.48229,3.38688,9.00468e+06,3.61194e+06,1.72766e+07,0,0,0,1.5806e+08
50.8289,110.355,5.60494,0,0.04,3.303,3.303,0,0.618966,6.048,4.33291e+06,2.70226e+06,1.43116e+07,0,0,0,6.19558e+08,54.8825,61.308,5.79918,0,0,1.91867,1.91867,0,1.48233,3.38688,9.00468e+06,3.61194e+06,1.7277e+07,0,0,0,1.5806e+08
55.8311,110.355,8.86447,0,0.04,3.30308,3.30308,0,0.618981,6.048,4.33291e+06,2.70226e+06,1.4312e+07,0,0,0,6.19558e+08,59.6154,61.308,10.8815,0,0,1.91872,1.91872,0,1.48237,3.38688,9.00468e+06,3.61194e+06,1.72775e+07,0,0,0,1.5806e+08
57.9832,110.355,5.81093,0,0.04,3.30316,3.30316,0,0.618997,6.048,4.33291e+06,2.70226e+06,1.43123e+07,0,0,0,6.19558e+08,62.1647,61.308,7.17192,0,0,1.91877,1.91877,0,1.4824,3.38688,9.00468e+06,3.61194e+06,1.72779e+07,0,0,0,1.5806e+08
59.7546,110.355,5.6216,0,0.04,3.42394,3.42394,0,0.619012,6.048,4.33291e+06,2.70226e+06,1.48356e+07,0,0,0,6.19558e+08,62.3362,61.308,8.03949,0,0,1.99599,1.99599,0,1.48244,3.38688,9.00468e+06,3.61194e+06,1.79732e+07,0,0,0,1.5806e+08
60.4871,110.355,4.53471,0,0.04,3.42402,3.42402,0,0.641645,6.048,4.33291e+06,2.70226e+06,1.4836e+07,0,0,0,6.19558e+08,62.3362,61.308,6.21756,0,0,1.99604,1.99604,0,1.5421,3.38688,9.00468e+06,3.61194e+06,1.79737e+07,0,0,0,1.5806e+08
61.2459,110.355,4.49045,0,0.04,3.42411,3.42411,0,0.641661,6.048,4.33291e+06,2.70226e+06,1.48364e+07,0,0,0,6.19558e+08,62.3362,61.308,6.50364,0,0,1.99609,1.99609,0,1.54214,3.38688,9.00468e+06,3.61194e+06,1.79741e+07,0,0,0,1.5806e+08
62.0757,110.355,4.52093,0,0.04,3.42419,3.42419,0,0.641677,6.048,4.33291e+06,2.70226e+06,1.48367e+07,0,0,0,6.19558e+08,62.3362,61.308,6.43688,0,0,1.99614,1.99614,0,1.54218,3.38688,9.00468e+06,3.61194e+06,1.79746e+07,0,0,0,1.5806e+08
61.808,110.355,3.19142,0,0.04,3.37708,3.37708,0,0.641693,6.048,4.33291e+06,2.70226e+06,1.46326e+07,0,0,0,6.19558e+08,62.3362,61.308,3.22208,0,0,1.96621,1.96621,0,1.54222,3.38688,9.00468e+06,3.61194e+06,1.77051e+07,0,0,0,1.5806e+08
61.1978,110.355,2.81391,0,0.04,3.37716,3.37716,0,0.632865,6.048,4.33291e+06,2.70226e+06,1.4633e+07,0,0,0,6.19558e+08,62.3362,61.308,2.88715,0,0,1.96626,1.96626,0,1.51909,3.38688,9.00468e+06,3.61194e+06,1.77055e+07,0,0,0,1.5806e+08
60.3384,110.355,2.52951,0,0.04,3.37725,3.37725,0,0.632881,6.048,4.33291e+06,2.70226e+06,1.46333e+07,0,0,0,6.19558e+08,62.3362,61.308,2.58154,0,0,1.96631,1.96631,0,1.51913,3.38688,9.00468e+06,3.61194e+06,1.7706e+07,0,0,0,1.5806e+08
59.3251,110.355,2.33209,0,0.04,3.37733,3.37733,0,0.632896,6.048,4.33291e+06,2.70226e+06,1.46337e+07,0,0,0,6.19558e+08,62.3362,61.308,2.45285,0,0,1.96636,1.96636,0,1.51917,3.38688,9.00468e+06,3.61194e+06,1.77064e+07,0,0,0,1.5806e+08
58.1929,110.355,2.29323,0,0.04,3.53763,3.53763,0,0.632912,6.048,4.33291e+06,2.70226e+06,1.53283e+07,0,0,0,6.19558e+08,62.2632,61.308,2.5361,0,0,2.07272,2.07272,0,1.51921,3.38688,9.00468e+06,3.61194e+06,1.86642e+07,0,0,0,1.5806e+08
57.086,110.355,2.27885,0,0.04,3.53772,3.53772,0,0.662952,6.048,4.33291e+06,2.70226e+06,1.53286e+07,0,0,0,6.19558e+08,62.0304,61.308,2.19292,0,0,2.07277,2.07277,0,1.60138,3.38688,9.00468e+06,3.61194e+06,1.86647e+07,0,0,0,1.5806e+08
55.7309,110.355,1.99194,0,0.04,3.53781,3.53781,0,0.662969,6.048,4.33291e+06,2.70226e+06,1.5329e+07,0,0,0,6.19558e+08,61.7818,61.308,2.04491,0,0,2.07282,2.07282,0,1.60142,3.38688,9.00468e+06,3.61194e+06,1.86651e+07,0,0,0,1.5806e+08
54.3216,110.355,1.86959,0,0.04,3.5379,3.5379,0,0.662985,6.048,4.33291e+06,2.70226e+06,1.53294e+07,0,0,0,6.19558e+08,61.4027,61.308,1.95462,0,0,2.07288,2.07288,0,1.60146,3.38688,9.00468e+06,3.61194e+06,1.86656e+07,0,0,0,1.5806e+08
52.7932,110.355,1.72246,0,0.04,3.53798,3.53798,0,0.663002,6.048,4.33291e+06,2.70226e+06,1.53298e+07,0,0,0,6.19558e+08,61.0008,61.308,1.86857,0,0,2.07293,2.07293,0,1.6015,3.38688,9.00468e+06,3.61194e+06,1.8666e+07,0,0,0,1.5806e+08
51.183,110.355,1.57865,0,0.04,3.50638,3.50638,0,0.663018,6.048,4.33291e+06,2.70226e+06,1.51929e+07,0,0,0,6.19558e+08,60.6262,61.308,1.85021,0,0,2.13142,2.13142,0,1.60154,3.38688,9.00468e+06,3.61194e+06,1.91927e+07,0,0,0,1.5806e+08
49.49,110.355,1.46725,0,0.04,3.50647,3.50647,0,0.657096,6.048,4.33291e+06,2.70226e+06,1.51932e+07,0,0,0,6.19558e+08,60.1535,61.308,1.8086,0,0,2.13147,2.13147,0,1.64673,3.38688,9.00468e+06,3.61194e+06,1.91932e+07,0,0,0,1.5806e+08
47.7034,110.355,1.33906,0,0.04,3.50656,3.50656,0,0.657113,6.048,4.33291e+06,2.70226e+06,1.51936e+07,0,0,0,6.19558e+08,59.6032,61.308,1.65737,0,0,2.13152,2.13152,0,1.64677,3.38688,9.00468e+06,3.61194e+06,1.91937e+07,0,0,0,1.5806e+08
45.8548,110.355,1.2224,0,0.04,3.50664,3.50664,0,0.657129,6.048,4.33291e+06,2.70226e+06,1.5194e+07,0,0,0,6.19558e+08,58.8996,61.308,1.5852,0,0,2.13158,2.13158,0,1.64682,3.38688,9.00468e+06,3.61194e+06,1.91942e+07,0,0,0,1.5806e+08
43.8661,110.355,1.0664,0,0.04,3.58857,3.58857,0,0.657145,6.048,4.33291e+06,2.70226e+06,1.5549e+07,0,0,0,6.19558e+08,58.2254,61.308,1.50142,0,0,2.18372,2.18372,0,1.64686,3.38688,9.00468e+06,3.61194e+06,1.96637e+07,0,0,0,1.5806e+08
41.9051,110.355,1.06714,0,0.04,3.58866,3.58866,0,0.672498,6.048,4.33291e+06,2.70226e+06,1.55494e+07,0,0,0,6.19558e+08,57.4911,61.308,1.53717,0,0,2.18377,2.18377,0,1.68714,3.38688,9.00468e+06,3.61194e+06,1.96642e+07,0,0,0,1.5806e+08
39.9321,110.355,0.986878,0,0.04,3.58875,3.58875,0,0.672515,6.048,4.33291e+06,2.70226e+06,1.55497e+07,0,0,0,6.19558e+08,56.603,61.308,1.48136,0,0,2.18383,2.18383,0,1.68718,3.38688,9.00468e+06,3.61194e+06,1.96647e+07,0,0,0,1.5806e+08
37.9327,110.355,0.898593,0,0.04,3.58884,3.58884,0,0.672532,6.048,4.33291e+06,2.70226e+06,1.55501e+07,0,0,0,6.19558e+08,55.8328,61.308,1.30437,0,0,2.18388,2.18388,0,1.68722,3.38688,9.00468e+06,3.61194e+06,1.96651e+07,0,0,0,1.5806e+08
35.8557,110.355,0.908574,0,0.04,3.82862,3.82862,0,0.672549,6.048,4.33291e+06,2.70226e+06,1.65891e+07,0,0,0,6.19558e+08,54.6906,61.308,1.47518,0,0,2.37196,2.37196,0,1.68727,3.38688,9.00468e+06,3.61194e+06,2.13588e+07,0,0,0,1.5806e+08
33.6368,110.355,0.683102,0,0.04,3.82871,3.82871,0,0.717483,6.048,4.33291e+06,2.70226e+06,1.65895e+07,0,0,0,6.19558e+08,53.5149,61.308,0.935096,0,0,2.37202,2.37202,0,1.83258,3.38688,9.00468e+06,3.61194e+06,2.13593e+07,0,0,0,1.5806e+08
31.551,110.355,0.736423,0,0.04,3.82881,3.82881,0,0.717501,6.048,4.33291e+06,2.70226e+06,1.65899e+07,0,0,0,6.19558e+08,52.2088,61.308,1.1517,0,0,2.37208,2.37208,0,1.83262,3.38688,9.00468e+06,3.61194e+06,2.13598e+07,0,0,0,1.5806e+08
29.4422,110.355,0.611015,0,0.04,3.8289,3.8289,0,0.717519,6.048,4.33291e+06,2.70226e+06,1.65903e+07,0,0,0,6.19558e+08,51.3024,61.308,0.805624,0,0,2.37214,2.37214,0,1.83267,3.38688,9.00468e+06,3.61194e+06,2.13604e+07,0,0,0,1.5806e+08
27.6536,110.355,0.829565,0,0.04,3.829,3.829,0,0.717537,6.048,4.33291e+06,2.70226e+06,1.65907e+07,0,0,0,6.19558e+08,50.5046,61.308,1.57787,0,0,2.3722,2.3722,0,1.83272,3.38688,9.00468e+06,3.61194e+06,2.13609e+07,0,0,0,1.5806e+08
26.638,110.355,1.32227,0.18,0.04,3.40986,3.71226,0,0.717555,6.048,4.33291e+06,2.70226e+06,1.47747e+07,0,0,0,6.19558e+08,50.2725,61.308,1.56456,0,0,2.56052,2.25812,0,1.83276,3.38688,9.00468e+06,3.61194e+06,2.30566e+07,0,0,0,1.5806e+08
25.4664,110.355,1.10183,0.36,0.04,3.40996,3.71236,0,0.639009,6.048,4.33291e+06,2.70226e+06,1.47751e+07,0,0,0,6.19558e+08,49.8323,61.308,2.44907,0,0,2.56057,2.25817,0,1.97826,3.38688,9.00468e+06,3.61194e+06,2.30571e+07,0,0,0,1.5806e+08
24.2002,110.355,0.926473,0.27,0.04,3.41005,3.71245,0,0.639026,6.048,4.33291e+06,2.70226e+06,1.47755e+07,0,0,0,6.19558e+08,49.026,61.308,1.28799,0,0,2.56063,2.25823,0,1.9783,3.38688,9.00468e+06,3.61194e+06,2.30577e+07,0,0,0,1.5806e+08
23.3632,110.355,1.30777,0.18,0.04,3.41014,3.71254,0,0.639043,6.048,4.33291e+06,2.70226e+06,1.47759e+07,0,0,0,6.19558e+08,48.5455,61.308,1.50675,0,0,2.56069,2.25829,0,1.97834,3.38688,9.00468e+06,3.61194e+06,2.30582e+07,0,0,0,1.5806e+08
23.0466,110.355,1.79648,0.31,0.04,3.31433,3.61673,0,0.639061,6.048,4.33291e+06,2.70226e+06,1.43607e+07,0,0,0,6.19558e+08,47.7377,61.308,1.76203,0,0,2.45684,2.15444,0,1.97839,3.38688,9.00468e+06,3.61194e+06,2.2123e+07,0,0,0,1.5806e+08
22.8109,110.355,1.69245,0.4,0.04,3.02224,3.61682,0,0.621105,6.048,4.33291e+06,3.55818e+06,1.30951e+07,0,0,0,6.19558e+08,47.3169,61.308,0.976581,0,0,2.28284,2.15449,0,1.89815,3.38688,9.00468e+06,4.756e+06,2.05563e+07,0,0,0,1.5806e+08
24.8078,110.355,4.094,0.39,0.04,3.25607,3.61691,0,0.566367,6.048,4.33291e+06,2.96515e+06,1.41083e+07,0,0,0,6.19558e+08,47.6247,61.308,2.65036,0,0,2.42213,2.15454,0,1.76372,3.38688,9.00468e+06,3.96333e+06,2.18105e+07,0,0,0,1.5806e+08
28.2849,110.355,5.72346,0.47,0.04,3.0224,3.617,0,0.610188,6.048,4.33291e+06,3.55818e+06,1.30958e+07,0,0,0,6.19558e+08,48.3833,61.308,4.27338,0,0,2.28294,2.1546,0,1.87134,3.38688,9.00468e+06,4.756e+06,2.05572e+07,0,0,0,1.5806e+08
30.6491,110.355,4.77273,0.03,0.04,3.04228,3.34468,0,0.566398,6.048,4.33291e+06,2.70226e+06,1.31819e+07,0,0,0,6.19558e+08,48.7967,61.308,3.23787,0,0,2.24062,1.93822,0,1.7638,3.38688,9.00468e+06,3.61194e+06,2.01761e+07,0,0,0,1.5806e+08
31.6137,110.355,3.59328,0.33,0.04,3.04236,3.34476,0,0.570123,6.048,4.33291e+06,2.70226e+06,1.31823e+07,0,0,0,6.19558e+08,48.931,61.308,3.65257,0,0,2.24067,1.93827,0,1.73111,3.38688,9.00468e+06,3.61194e+06,2.01765e+07,0,0,0,1.5806e+08
34.8565,110.355,5.92545,0.14,0.04,3.04245,3.34485,0,0.570139,6.048,4.33291e+06,2.70226e+06,1.31827e+07,0,0,0,6.19558e+08,49.0066,61.308,3.88708,0,0,2.24072,1.93832,0,1.73114,3.38688,9.00468e+06,3.61194e+06,2.0177e+07,0,0,0,1.5806e+08
37.7989,110.355,5.92767,0,0.04,3.34493,3.34493,0,0.570154,6.048,4.33291e+06,2.70226e+06,1.44933e+07,0,0,0,6.19558e+08,49.4066,61.308,3.97056,0,0,1.93837,1.93837,0,1.73118,3.38688,9.00468e+06,3.61194e+06,1.74544e+07,0,0,0,1.5806e+08
44.716,110.355,10.1873,0,0.04,3.34501,3.34501,0,0.62684,6.048,4.33291e+06,2.70226e+06,1.44937e+07,0,0,0,6.19558e+08,50.4541,61.308,4.97934,0,0,1.93842,1.93842,0,1.49758,3.38688,9.00468e+06,3.61194e+06,1.74548e+07,0,0,0,1.5806e+08
49.732,110.355,8.182,0.02,0.04,3.14747,3.44987,0,0.626855,6.048,4.33291e+06,2.70226e+06,1.36377e+07,0,0,0,6.19558e+08,51.3986,61.308,5.59831,0,0,2.30353,2.00113,0,1.49762,3.38688,9.00468e+06,3.61194e+06,2.07426e+07,0,0,0,1.5806e+08
56.3358,110.355,10.375,0,0.04,3.44993,3.44993,0,0.589837,6.048,4.33291e+06,2.70226e+06,1.49483e+07,0,0,0,6.19558e+08,53.5208,61.308,10.4382,0,0,2.00117,2.00117,0,1.77971,3.38688,9.00468e+06,3.61194e+06,1.80199e+07,0,0,0,1.5806e+08
60.9931,110.355,8.48034,0,0.04,3.44999,3.44999,0,0.646517,6.048,4.33291e+06,2.70226e+06,1.49485e+07,0,0,0,6.19558e+08,56.0957,61.308,7.78009,0,0,2.0012,2.0012,0,1.5461,3.38688,9.00468e+06,3.61194e+06,1.80202e+07,0,0,0,1.5806e+08
66.1305,110.355,8.99734,0,0.04,3.45005,3.45005,0,0.646528,6.048,4.33291e+06,2.70226e+06,1.49488e+07,0,0,0,6.19558e+08,57.0599,61.308,5.39946,0,0,2.00124,2.00124,0,1.54613,3.38688,9.00468e+06,3.61194e+06,1.80205e+07,0,0,0,1.5806e+08
71.365,110.355,9.42303,0,0.04,3.78662,3.78662,0,0.646539,6.048,4.33291e+06,2.70226e+06,1.64071e+07,0,0,0,6.19558e+08,59.3071,61.308,9.73812,0,0,2.23658,2.23658,0,1.54616,3.38688,9.00468e+06,3.61194e+06,2.01397e+07,0,0,0,1.5806e+08
77.78,110.355,10.8638,0,0.04,3.78669,3.78669,0,0.709613,6.048,4.33291e+06,2.70226e+06,1.64074e+07,0,0,0,6.19558e+08,61.5157,61.308,11.4162,0,0,2.23661,2.23661,0,1.72798,3.38688,9.00468e+06,3.61194e+06,2.014e+07,0,0,0,1.5806e+08
80.9426,110.355,7.30819,0.09,0.04,3.48435,3.78675,0,0.709625,6.048,4.33291e+06,2.70226e+06,1.50974e+07,0,0,0,6.19558e+08,62.3362,61.308,5.91166,0,0,2.53905,2.23665,0,1.72801,3.38688,9.00468e+06,3.61194e+06,2.28634e+07,0,0,0,1.5806e+08
82.9057,110.355,6.17732,0,0.04,3.78682,3.78682,0,0.652967,6.048,4.33291e+06,2.70226e+06,1.64079e+07,0,0,0,6.19558e+08,62.3362,61.308,4.24215,0,0,2.23669,2.23669,0,1.96167,3.38688,9.00468e+06,3.61194e+06,2.01407e+07,0,0,0,1.5806e+08
86.2838,110.355,7.44245,0,0.04,3.30687,3.30687,0,0.709649,6.048,4.33291e+06,2.70226e+06,1.43284e+07,0,0,0,6.19558e+08,62.3362,61.308,10.2487,0,0,1.92092,1.92092,0,1.72807,3.38688,9.00468e+06,3.61194e+06,1.72973e+07,0,0,0,1.5806e+08
91.683,110.355,9.93108,0,0.04,3.30692,3.30692,0,0.619707,6.048,4.33291e+06,2.70226e+06,1.43286e+07,0,0,0,6.19558e+08,62.3362,61.308,15.3134,0,0,1.92095,1.92095,0,1.4841,3.38688,9.00468e+06,3.61194e+06,1.72976e+07,0,0,0,1.5806e+08
98.4955,110.355,11.5681,0,0.04,3.30698,3.30698,0,0.619718,6.048,4.33291e+06,2.70226e+06,1.43289e+07,0,0,0,6.19558e+08,62.3362,61.308,20.6551,0,0,1.92099,1.92099,0,1.48413,3.38688,9.00468e+06,3.61194e+06,1.72979e+07,0,0,0,1.5806e+08
102.797,110.355,8.54034,0.03,0.04,3.00464,3.30704,0,0.619728,6.048,4.33291e+06,2.70226e+06,1.30188e+07,0,0,0,6.19558e+08,62.3362,61.308,12.6519,0,0,2.22342,1.92102,0,1.48415,3.38688,9.00468e+06,3.61194e+06,2.00212e+07,0,0,0,1.5806e+08
110.031,110.355,11.7923,0,0.04,3.30709,3.30709,0,0.563069,6.048,4.33291e+06,2.70226e+06,1.43293e+07,0,0,0,6.19558e+08,62.3362,61.308,14.7388,0,0,1.92105,1.92105,0,1.71781,3.38688,9.00468e+06,3.61194e+06,1.72985e+07,0,0,0,1.5806e+08
110.355,110.355,8.81662,0.08,0.04,3.12558,3.42798,0,0.619749,6.048,4.33291e+06,2.70226e+06,1.35429e+07,0,0,0,6.19558e+08,62.3362,61.308,13.9281,0,0,2.30075,1.99835,0,1.4842,3.38688,9.00468e+06,3.61194e+06,2.07175e+07,0,0,0,1.5806e+08
110.355,110.355,8.23205,0.13,0.04,3.12564,3.42804,0,0.585734,6.048,4.33291e+06,2.70226e+06,1.35431e+07,0,0,0,6.19558e+08,62.3362,61.308,8.61129,0,0,2.30078,1.99838,0,1.77756,3.38688,9.00468e+06,3.61194e+06,2.07178e+07,0,0,0,1.5806e+08
110.355,110.355,5.01956,0.15,0.04,3.1257,3.4281,0,0.585745,6.048,4.33291e+06,2.70226e+06,1.35434e+07,0,0,0,6.19558e+08,62.3362,61.308,6.20495,0,0,2.30082,1.99842,0,1.77758,3.38688,9.00468e+06,3.61194e+06,2.07181e+07,0,0,0,1.5806e+08
110.355,110.355,4.22881,0.14,0.04,3.12576,3.42816,0,0.585756,6.048,4.33291e+06,2.70226e+06,1.35436e+07,0,0,0,6.19558e+08,62.3362,61.308,5.76595,0,0,2.30085,1.99845,0,1.77761,3.38688,9.00468e+06,3.61194e+06,2.07184e+07,0,0,0,1.5806e+08
110.355,110.355,4.68696,0.13,0.04,3.07857,3.38097,0,0.585767,6.048,4.33291e+06,2.70226e+06,1.33392e+07,0,0,0,6.19558e+08,62.3362,61.308,4.6709,0,0,2.27087,1.96847,0,1.77764,3.38688,9.00468e+06,3.61194e+06,2.04485e+07,0,0,0,1.5806e+08
110.355,110.355,4.22757,0.13,0.04,3.07862,3.38102,0,0.576923,6.048,4.33291e+06,2.70226e+06,1.33394e+07,0,0,0,6.19558e+08,62.3362,61.308,4.18,0,0,2.27091,1.96851,0,1.75448,3.38688,9.00468e+06,3.61194e+06,2.04488e+07,0,0,0,1.5806e+08
110.355,110.355,3.76227,0.12,0.04,3.07868,3.38108,0,0.576934,6.048,4.33291e+06,2.70226e+06,1.33397e+07,0,0,0,6.19558e+08,62.3362,61.308,3.66825,0,0,2.27094,1.96854,0,1.7545,3.38688,9.00468e+06,3.61194e+06,2.04491e+07,0,0,0,1.5806e+08
110.209,110.355,3.46934,0.1,0.04,3.07874,3.38114,0,0.576945,6.048,4.33291e+06,2.70226e+06,1.33399e+07,0,0,0,6.19558e+08,62.3362,61.308,3.41488,0,0,2.27097,1.96857,0,1.75453,3.38688,9.00468e+06,3.61194e+06,2.04494e+07,0,0,0,1.5806e+08
109.825,110.355,3.30272,0.1,0.04,3.23919,3.54159,0,0.576955,6.048,4.33291e+06,2.70226e+06,1.40351e+07,0,0,0,6.19558e+08,62.3362,61.308,3.46417,0,0,2.37744,2.07504,0,1.75455,3.38688,9.00468e+06,3.61194e+06,2.14081e+07,0,0,0,1.5806e+08
109.66,110.355,3.4682,0.08,0.04,3.23925,3.54165,0,0.607024,6.048,4.33291e+06,2.70226e+06,1.40354e+07,0,0,0,6.19558e+08,62.3362,61.308,3.10215,0,0,2.37747,2.07507,0,1.83681,3.38688,9.00468e+06,3.61194e+06,2.14084e+07,0,0,0,1.5806e+08
109.181,110.355,3.14651,0.08,0.04,3.23931,3.54171,0,0.607035,6.048,4.33291e+06,2.70226e+06,1.40356e+07,0,0,0,6.19558e+08,62.3362,61.308,2.50318,0,0,2.37751,2.07511,0,1.83684,3.38688,9.00468e+06,3.61194e+06,2.14087e+07,0,0,0,1.5806e+08
108.375,110.355,2.79574,0.08,0.04,3.23937,3.54177,0,0.607046,6.048,4.33291e+06,2.70226e+06,1.40359e+07,0,0,0,6.19558e+08,62.2546,61.308,2.198,0,0,2.37754,2.07514,0,1.83686,3.38688,9.00468e+06,3.61194e+06,2.1409e+07,0,0,0,1.5806e+08
107.297,110.355,2.48481,0.09,0.04,3.23943,3.54183,0,0.607057,6.048,4.33291e+06,2.70226e+06,1.40362e+07,0,0,0,6.19558e+08,62.1432,61.308,2.33355,0,0,2.37758,2.07518,0,1.83689,3.38688,9.00468e+06,3.61194e+06,2.14093e+07,0,0,0,1.5806e+08
105.928,110.355,2.1449,0.06,0.04,3.20776,3.51016,0,0.607069,6.048,4.33291e+06,2.70226e+06,1.3899e+07,0,0,0,6.19558e+08,61.9604,61.308,2.56524,0,0,2.43612,2.13372,0,1.83692,3.38688,9.00468e+06,3.61194e+06,2.19365e+07,0,0,0,1.5806e+08
104.505,110.355,2.0741,0.13,0.04,3.20782,3.51022,0,0.601135,6.048,4.33291e+06,2.70226e+06,1.38992e+07,0,0,0,6.19558e+08,61.7907,61.308,2.69648,0,0,2.43615,2.13375,0,1.88214,3.38688,9.00468e+06,3.61194e+06,2.19368e+07,0,0,0,1.5806e+08
103.044,110.355,2.01987,0.1,0.04,3.20788,3.51028,0,0.601146,6.048,4.33291e+06,2.70226e+06,1.38995e+07,0,0,0,6.19558e+08,61.5742,61.308,2.64256,0,0,2.43619,2.13379,0,1.88217,3.38688,9.00468e+06,3.61194e+06,2.19371e+07,0,0,0,1.5806e+08
101.499,110.355,1.88356,0.07,0.04,3.20794,3.51034,0,0.601157,6.048,4.33291e+06,2.70226e+06,1.38997e+07,0,0,0,6.19558e+08,61.3044,61.308,2.52211,0,0,2.43622,2.13382,0,1.8822,3.38688,9.00468e+06,3.61194e+06,2.19374e+07,0,0,0,1.5806e+08
99.5169,110.355,1.47381,0.17,0.04,3.28993,3.59233,0,0.601168,6.048,4.33291e+06,2.70226e+06,1.4255e+07,0,0,0,6.19558e+08,60.9758,61.308,2.05209,0,0,2.4884,2.186,0,1.88223,3.38688,9.00468e+06,3.61194e+06,2.24073e+07,0,0,0,1.5806e+08
97.5417,110.355,1.50168,0.1,0.04,3.28999,3.59239,0,0.616532,6.048,4.33291e+06,2.70226e+06,1.42552e+07,0,0,0,6.19558e+08,60.6691,61.308,2.18474,0,0,2.48844,2.18604,0,1.92254,3.38688,9.00468e+06,3.61194e+06,2.24076e+07,0,0,0,1.5806e+08
95.4847,110.355,1.38235,0.07,0.04,3.29005,3.59245,0,0.616544,6.048,4.33291e+06,2.70226e+06,1.42555e+07,0,0,0,6.19558e+08,60.2869,61.308,2.08907,0,0,2.48848,2.18608,0,1.92257,3.38688,9.00468e+06,3.61194e+06,2.24079e+07,0,0,0,1.5806e+08
93.3234,110.355,1.25839,0.12,0.04,3.29011,3.59251,0,0.616555,6.048,4.33291e+06,2.70226e+06,1.42558e+07,0,0,0,6.19558e+08,59.8695,61.308,1.81868,0,0,2.48851,2.18611,0,1.9226,3.38688,9.00468e+06,3.61194e+06,2.24083e+07,0,0,0,1.5806e+08
91.1105,110.355,1.39606,0.01,0.04,3.5301,3.8325,0,0.616566,6.048,4.33291e+06,2.70226e+06,1.52956e+07,0,0,0,6.19558e+08,59.5521,61.308,2.3503,0,0,2.67677,2.37437,0,1.92263,3.38688,9.00468e+06,3.61194e+06,2.41034e+07,0,0,0,1.5806e+08
88.5592,110.355,1.31076,0,0.04,3.83257,3.83257,0,0.661541,6.048,4.33291e+06,2.70226e+06,1.66062e+07,0,0,0,6.19558e+08,59.1422,61.308,2.14937,0,0,2.37441,2.37441,0,2.06807,3.38688,9.00468e+06,3.61194e+06,2.13808e+07,0,0,0,1.5806e+08
86.1047,110.355,1.41632,0,0.04,3.83263,3.83263,0,0.718223,6.048,4.33291e+06,2.70226e+06,1.66065e+07,0,0,0,6.19558e+08,58.8658,61.308,2.64772,0,0,2.37445,2.37445,0,1.83447,3.38688,9.00468e+06,3.61194e+06,2.13812e+07,0,0,0,1.5806e+08
83.4399,110.355,1.17696,0,0.04,3.8327,3.8327,0,0.718235,6.048,4.33291e+06,2.70226e+06,1.66067e+07,0,0,0,6.19558e+08,58.3973,61.308,1.84137,0,0,2.37449,2.37449,0,1.8345,3.38688,9.00468e+06,3.61194e+06,2.13815e+07,0,0,0,1.5806e+08
81.0835,110.355,1.43539,0,0.04,3.83276,3.83276,0,0.718247,6.048,4.33291e+06,2.70226e+06,1.6607e+07,0,0,0,6.19558e+08,58.308,61.308,3.51287,0,0,2.37453,2.37453,0,1.83453,3.38688,9.00468e+06,3.61194e+06,2.13819e+07,0,0,0,1.5806e+08
78.7336,110.355,1.42163,0,0.04,3.71588,3.71588,0,0.718259,6.048,4.33291e+06,2.70226e+06,1.61006e+07,0,0,0,6.19558e+08,58.2266,61.308,4.88687,0,0,2.26032,2.26032,0,1.83456,3.38688,9.00468e+06,3.61194e+06,2.03534e+07,0,0,0,1.5806e+08
75.8946,110.355,0.861422,0,0.04,3.71594,3.71594,0,0.696356,6.048,4.33291e+06,2.70226e+06,1.61009e+07,0,0,0,6.19558e+08,57.8825,61.308,2.94671,0,0,2.26036,2.26036,0,1.74632,3.38688,9.00468e+06,3.61194e+06,2.03538e+07,0,0,0,1.5806e+08
73.3239,110.355,1.15101,0,0.04,3.71601,3.71601,0,0.696368,6.048,4.33291e+06,2.70226e+06,1.61011e+07,0,0,0,6.19558e+08,57.7497,61.308,3.52393,0,0,2.26039,2.26039,0,1.74635,3.38688,9.00468e+06,3.61194e+06,2.03541e+07,0,0,0,1.5806e+08
72.3937,110.355,2.92337,0,0.04,3.71607,3.71607,0,0.69638,6.048,4.33291e+06,2.70226e+06,1.61014e+07,0,0,0,6.19558e+08,58.1571,61.308,7.71011,0,0,2.26043,2.26043,0,1.74638,3.38688,9.00468e+06,3.61194e+06,2.03545e+07,0,0,0,1.5806e+08
71.6349,110.355,3.02976,0,0.04,3.62014,3.62014,0,0.696392,6.048,4.33291e+06,2.70226e+06,1.56857e+07,0,0,0,6.19558e+08,58.8378,61.308,6.13471,0,0,2.15647,2.15647,0,1.74641,3.38688,9.00468e+06,3.61194e+06,1.94183e+07,0,0,0,1.5806e+08
74.9418,110.355,7.33755,0,0.04,3.6202,3.6202,0,0.678414,6.048,4.33291e+06,2.70226e+06,1.5686e+07,0,0,0,6.19558e+08,60.2411,61.308,8.24666,0,0,2.1565,2.1565,0,1.66609,3.38688,9.00468e+06,3.61194e+06,1.94186e+07,0,0,0,1.5806e+08
76.2412,110.355,5.27049,0,0.04,3.62026,3.62026,0,0.678425,6.048,4.33291e+06,2.70226e+06,1.56863e+07,0,0,0,6.19558e+08,61.2817,61.308,7.71283,0,0,2.15654,2.15654,0,1.66611,3.38688,9.00468e+06,3.61194e+06,1.94189e+07,0,0,0,1.5806e+08
78.6039,110.355,6.42441,0,0.04,3.62032,3.62032,0,0.678436,6.048,4.33291e+06,2.70226e+06,1.56865e+07,0,0,0,6.19558e+08,62.3362,61.308,8.7356,0,0,2.15658,2.15658,0,1.66614,3.38688,9.00468e+06,3.61194e+06,1.94193e+07,0,0,0,1.5806e+08
82.1619,110.355,7.91592,0,0.04,3.34772,3.34772,0,0.678448,6.048,4.33291e+06,2.70226e+06,1.45054e+07,0,0,0,6.19558e+08,62.3362,61.308,10.0489,0,0,1.93999,1.93999,0,1.66617,3.38688,9.00468e+06,3.61194e+06,1.7469e+07,0,0,0,1.5806e+08
83.5224,110.355,5.31771,0,0.04,3.34778,3.34778,0,0.627364,6.048,4.33291e+06,2.70226e+06,1.45056e+07,0,0,0,6.19558e+08,62.3362,61.308,11.2286,0,0,1.94002,1.94002,0,1.49883,3.38688,9.00468e+06,3.61194e+06,1.74693e+07,0,0,0,1.5806e+08
84.0785,110.355,4.53236,0,0.04,3.34784,3.34784,0,0.627374,6.048,4.33291e+06,2.70226e+06,1.45059e+07,0,0,0,6.19558e+08,62.3362,61.308,7.68095,0,0,1.94005,1.94005,0,1.49886,3.38688,9.00468e+06,3.61194e+06,1.74696e+07,0,0,0,1.5806e+08
87.2082,110.355,7.65637,0,0.04,3.34789,3.34789,0,0.627385,6.048,4.33291e+06,2.70226e+06,1.45061e+07,0,0,0,6.19558e+08,62.3362,61.308,14.3068,0,0,1.94009,1.94009,0,1.49889,3.38688,9.00468e+06,3.61194e+06,1.74699e+07,0,0,0,1.5806e+08
100.999,110.355,18.5044,0,0.04,3.34795,3.34795,0,0.627395,6.048,4.33291e+06,2.70226e+06,1.45064e+07,0,0,0,6.19558e+08,62.3362,61.308,17.0148,0,0,1.94012,1.94012,0,1.49891,3.38688,9.00468e+06,3.61194e+06,1.74701e+07,0,0,0,1.5806e+08
103.587,110.355,7.24553,0,0.04,3.34795,3.34795,0,0.627406,6.048,4.33291e+06,2.70226e+06,1.45064e+07,0,0,0,6.19558e+08,62.3362,61.308,8.00574,0,0,1.94012,1.94012,0,1.49894,3.38688,9.00468e+06,3.61194e+06,1.74701e+07,0,0,0,1.5806e+08
105.069,110.355,5.77025,0,0.04,3.45288,3.45288,0,0.627406,6.048,4.33291e+06,2.70226e+06,1.4961e+07,0,0,0,6.19558e+08,62.3362,61.308,7.37065,0,0,2.00288,2.00288,0,1.49894,3.38688,9.00468e+06,3.61194e+06,1.80353e+07,0,0,0,1.5806e+08
105.155,110.355,4.29629,0,0.04,3.45291,3.45291,0,0.647069,6.048,4.33291e+06,2.70226e+06,1.49612e+07,0,0,0,6.19558e+08,62.3362,61.308,5.58782,0,0,2.0029,2.0029,0,1.54742,3.38688,9.00468e+06,3.61194e+06,1.80354e+07,0,0,0,1.5806e+08
106.245,110.355,5.24188,0,0.04,3.45294,3.45294,0,0.647075,6.048,4.33291e+06,2.70226e+06,1.49613e+07,0,0,0,6.19558e+08,62.3362,61.308,6.81215,0,0,2.00291,2.00291,0,1.54744,3.38688,9.00468e+06,3.61194e+06,1.80356e+07,0,0,0,1.5806e+08
105.745,110.355,3.77502,0,0.04,3.45297,3.45297,0,0.647081,6.048,4.33291e+06,2.70226e+06,1.49614e+07,0,0,0,6.19558e+08,62.3362,61.308,5.20799,0,0,2.00293,2.00293,0,1.54745,3.38688,9.00468e+06,3.61194e+06,1.80358e+07,0,0,0,1.5806e+08
105.209,110.355,4.02574,0,0.04,3.7898,3.7898,0,0.647087,6.048,4.33291e+06,2.70226e+06,1.64209e+07,0,0,0,6.19558e+08,62.3362,61.308,4.97686,0,0,2.23845,2.23845,0,1.54746,3.38688,9.00468e+06,3.61194e+06,2.01566e+07,0,0,0,1.5806e+08
106.215,110.355,5.79459,0,0.04,3.78984,3.78984,0,0.710209,6.048,4.33291e+06,2.70226e+06,1.6421e+07,0,0,0,6.19558e+08,62.3362,61.308,5.94291,0,0,2.23847,2.23847,0,1.72943,3.38688,9.00468e+06,3.61194e+06,2.01567e+07,0,0,0,1.5806e+08
105.387,110.355,3.74465,0,0.04,3.78987,3.78987,0,0.710215,6.048,4.33291e+06,2.70226e+06,1.64212e+07,0,0,0,6.19558e+08,62.3362,61.308,4.71604,0,0,2.23849,2.23849,0,1.72944,3.38688,9.00468e+06,3.61194e+06,2.01569e+07,0,0,0,1.5806e+08
104.791,110.355,3.92459,0,0.04,3.7899,3.7899,0,0.710222,6.048,4.33291e+06,2.70226e+06,1.64213e+07,0,0,0,6.19558e+08,62.3362,61.308,4.43819,0,0,2.23851,2.23851,0,1.72946,3.38688,9.00468e+06,3.61194e+06,2.01571e+07,0,0,0,1.5806e+08
104.247,110.355,3.46361,0,0.04,3.30954,3.30954,0,0.710228,6.048,4.33291e+06,2.70226e+06,1.43399e+07,0,0,0,6.19558e+08,62.3362,61.308,2.97162,0,0,1.92247,1.92247,0,1.72948,3.38688,9.00468e+06,3.61194e+06,1.73113e+07,0,0,0,1.5806e+08
104.583,110.355,4.38444,0,0.04,3.30957,3.30957,0,0.620208,6.048,4.33291e+06,2.70226e+06,1.43401e+07,0,0,0,6.19558e+08,62.3362,61.308,3.83641,0,0,1.92249,1.92249,0,1.4853,3.38688,9.00468e+06,3.61194e+06,1.73114e+07,0,0,0,1.5806e+08
105.491,110.355,5.09072,0,0.04,3.3096,3.3096,0,0.620213,6.048,4.33291e+06,2.70226e+06,1.43402e+07,0,0,0,6.19558e+08,62.3362,61.308,5.867,0,0,1.92251,1.92251,0,1.48532,3.38688,9.00468e+06,3.61194e+06,1.73116e+07,0,0,0,1.5806e+08
107.143,110.355,6.01525,0,0.04,3.30963,3.30963,0,0.620219,6.048,4.33291e+06,2.70226e+06,1.43403e+07,0,0,0,6.19558e+08,62.3362,61.308,5.86302,0,0,1.92253,1.92253,0,1.48533,3.38688,9.00468e+06,3.61194e+06,1.73117e+07,0,0,0,1.5806e+08
106.959,110.355,3.77903,0,0.04,3.30966,3.30966,0,0.620224,6.048,4.33291e+06,2.70226e+06,1.43405e+07,0,0,0,6.19558e+08,62.3362,61.308,5.58382,0,0,1.92254,1.92254,0,1.48534,3.38688,9.00468e+06,3.61194e+06,1.73119e+07,0,0,0,1.5806e+08
106.127,110.355,3.20336,0,0.04,3.43062,3.43062,0,0.62023,6.048,4.33291e+06,2.70226e+06,1.48646e+07,0,0,0,6.19558e+08,62.3362,61.308,3.74228,0,0,1.99988,1.99988,0,1.48536,3.38688,9.00468e+06,3.61194e+06,1.80083e+07,0,0,0,1.5806e+08
104.972,110.355,2.82928,0,0.04,3.43065,3.43065,0,0.642898,6.048,4.33291e+06,2.70226e+06,1.48647e+07,0,0,0,6.19558e+08,62.3362,61.308,3.33061,0,0,1.9999,1.9999,0,1.54511,3.38688,9.00468e+06,3.61194e+06,1.80085e+07,0,0,0,1.5806e+08
103.786,110.355,2.69248,0,0.04,3.43068,3.43068,0,0.642903,6.048,4.33291e+06,2.70226e+06,1.48648e+07,0,0,0,6.19558e+08,62.3362,61.308,3.13141,0,0,1.99992,1.99992,0,1.54512,3.38688,9.00468e+06,3.61194e+06,1.80086e+07,0,0,0,1.5806e+08
102.541,110.355,2.58468,0,0.04,3.43071,3.43071,0,0.642909,6.048,4.33291e+06,2.70226e+06,1.4865e+07,0,0,0,6.19558e+08,62.3362,61.308,3.32276,0,0,1.99994,1.99994,0,1.54514,3.38688,9.00468e+06,3.61194e+06,1.80088e+07,0,0,0,1.5806e+08
101.21,110.355,2.43858,0,0.04,3.38346,3.38346,0,0.642915,6.048,4.33291e+06,2.70226e+06,1.46602e+07,0,0,0,6.19558e+08,62.3362,61.308,3.93389,0,0,1.96992,1.96992,0,1.54515,3.38688,9.00468e+06,3.61194e+06,1.77385e+07,0,0,0,1.5806e+08
99.668,110.355,2.20414,0,0.04,3.38349,3.38349,0,0.63406,6.048,4.33291e+06,2.70226e+06,1.46604e+07,0,0,0,6.19558e+08,62.3362,61.308,3.4317,0,0,1.96994,1.96994,0,1.52196,3.38688,9.00468e+06,3.61194e+06,1.77387e+07,0,0,0,1.5806e+08
98.5049,110.355,2.56875,0,0.04,3.38352,3.38352,0,0.634066,6.048,4.33291e+06,2.70226e+06,1.46605e+07,0,0,0,6.19558e+08,62.3362,61.308,3.3301,0,0,1.96996,1.96996,0,1.52198,3.38688,9.00468e+06,3.61194e+06,1.77388e+07,0,0,0,1.5806e+08
96.9631,110.355,2.10334,0,0.04,3.38355,3.38355,0,0.634071,6.048,4.33291e+06,2.70226e+06,1.46606e+07,0,0,0,6.19558e+08,62.3362,61.308,3.30157,0,0,1.96998,1.96998,0,1.52199,3.38688,9.00468e+06,3.61194e+06,1.7739e+07,0,0,0,1.5806e+08
95.0828,110.355,1.89238,0,0.04,3.54409,3.54409,0,0.634077,6.048,4.33291e+06,2.70226e+06,1.53562e+07,0,0,0,6.19558e+08,62.3362,61.308,3.07651,0,0,2.0765,2.0765,0,1.522,3.38688,9.00468e+06,3.61194e+06,1.86982e+07,0,0,0,1.5806e+08
93.0268,110.355,1.69288,0,0.04,3.54412,3.54412,0,0.664162,6.048,4.33291e+06,2.70226e+06,1.53564e+07,0,0,0,6.19558e+08,62.3362,61.308,2.84151,0,0,2.07652,2.07652,0,1.60431,3.38688,9.00468e+06,3.61194e+06,1.86984e+07,0,0,0,1.5806e+08
90.9552,110.355,1.65496,0,0.04,3.54415,3.54415,0,0.664168,6.048,4.33291e+06,2.70226e+06,1.53565e+07,0,0,0,6.19558e+08,62.3362,61.308,2.58456,0,0,2.07654,2.07654,0,1.60432,3.38688,9.00468e+06,3.61194e+06,1.86986e+07,0,0,0,1.5806e+08
88.7138,110.355,1.4468,0,0.04,3.54418,3.54418,0,0.664174,6.048,4.33291e+06,2.70226e+06,1.53566e+07,0,0,0,6.19558e+08,62.3362,61.308,2.40905,0,0,2.07656,2.07656,0,1.60434,3.38688,9.00468e+06,3.61194e+06,1.86988e+07,0,0,0,1.5806e+08
86.9358,110.355,1.83228,0,0.04,3.54421,3.54421,0,0.66418,6.048,4.33291e+06,2.70226e+06,1.53568e+07,0,0,0,6.19558e+08,62.3362,61.308,3.07953,0,0,2.07658,2.07658,0,1.60435,3.38688,9.00468e+06,3.61194e+06,1.86989e+07,0,0,0,1.5806e+08
85.0948,110.355,1.72888,0,0.04,3.5125,3.5125,0,0.664186,6.048,4.33291e+06,2.70226e+06,1.52194e+07,0,0,0,6.19558e+08,62.3362,61.308,2.88663,0,0,2.13514,2.13514,0,1.60436,3.38688,9.00468e+06,3.61194e+06,1.92262e+07,0,0,0,1.5806e+08
83.1511,110.355,1.58235,0,0.04,3.51253,3.51253,0,0.658243,6.048,4.33291e+06,2.70226e+06,1.52195e+07,0,0,0,6.19558e+08,62.3362,61.308,2.87801,0,0,2.13516,2.13516,0,1.64961,3.38688,9.00468e+06,3.61194e+06,1.92264e+07,0,0,0,1.5806e+08
81.0797,110.355,1.43102,0,0.04,3.51257,3.51257,0,0.658249,6.048,4.33291e+06,2.70226e+06,1.52196e+07,0,0,0,6.19558e+08,62.3362,61.308,2.57791,0,0,2.13518,2.13518,0,1.64962,3.38688,9.00468e+06,3.61194e+06,1.92266e+07,0,0,0,1.5806e+08
78.9245,110.355,1.30784,0,0.04,3.5126,3.5126,0,0.658255,6.048,4.33291e+06,2.70226e+06,1.52198e+07,0,0,0,6.19558e+08,62.2296,61.308,2.40907,0,0,2.1352,2.1352,0,1.64964,3.38688,9.00468e+06,3.61194e+06,1.92268e+07,0,0,0,1.5806e+08
76.613,110.355,1.20318,0,0.04,3.59461,3.59461,0,0.658261,6.048,4.33291e+06,2.70226e+06,1.55751e+07,0,0,0,6.19558e+08,61.9512,61.308,2.11309,0,0,2.18739,2.18739,0,1.64965,3.38688,9.00468e+06,3.61194e+06,1.96967e+07,0,0,0,1.5806e+08
74.228,110.355,1.10428,0,0.04,3.59464,3.59464,0,0.673629,6.048,4.33291e+06,2.70226e+06,1.55753e+07,0,0,0,6.19558e+08,61.7245,61.308,1.99457,0,0,2.18741,2.18741,0,1.68998,3.38688,9.00468e+06,3.61194e+06,1.96969e+07,0,0,0,1.5806e+08
72.0859,110.355,1.31594,0,0.04,3.59467,3.59467,0,0.673635,6.048,4.33291e+06,2.70226e+06,1.55754e+07,0,0,0,6.19558e+08,61.6797,61.308,2.59783,0,0,2.18743,2.18743,0,1.68999,3.38688,9.00468e+06,3.61194e+06,1.96971e+07,0,0,0,1.5806e+08
69.9484,110.355,1.3038,0,0.04,3.5947,3.5947,0,0.673642,6.048,4.33291e+06,2.70226e+06,1.55755e+07,0,0,0,6.19558e+08,61.633,61.308,2.62206,0,0,2.18745,2.18745,0,1.69001,3.38688,9.00468e+06,3.61194e+06,1.96973e+07,0,0,0,1.5806e+08
67.373,110.355,1.05146,0,0.04,3.83481,3.83481,0,0.673648,6.048,4.33291e+06,2.70226e+06,1.66159e+07,0,0,0,6.19558e+08,61.3674,61.308,2.14307,0,0,2.3758,2.3758,0,1.69002,3.38688,9.00468e+06,3.61194e+06,2.13933e+07,0,0,0,1.5806e+08
64.7243,110.355,0.942461,0,0.04,3.83485,3.83485,0,0.718644,6.048,4.33291e+06,2.70226e+06,1.66161e+07,0,0,0,6.19558e+08,61.0341,61.308,1.98304,0,0,2.37582,2.37582,0,1.83554,3.38688,9.00468e+06,3.61194e+06,2.13935e+07,0,0,0,1.5806e+08
62.2814,110.355,1.11864,0,0.04,3.83488,3.83488,0,0.718651,6.048,4.33291e+06,2.70226e+06,1.66162e+07,0,0,0,6.19558e+08,60.7506,61.308,2.14584,0,0,2.37584,2.37584,0,1.83556,3.38688,9.00468e+06,3.61194e+06,2.13937e+07,0,0,0,1.5806e+08
60.6007,110.355,1.90985,0,0.04,3.83492,3.83492,0,0.718657,6.048,4.33291e+06,2.70226e+06,1.66164e+07,0,0,0,6.19558e+08,60.6756,61.308,2.58465,0,0,2.37587,2.37587,0,1.83558,3.38688,9.00468e+06,3.61194e+06,2.13939e+07,0,0,0,1.5806e+08
58.63,110.355,1.6062,0,0.04,3.83495,3.83495,0,0.718664,6.048,4.33291e+06,2.70226e+06,1.66165e+07,0,0,0,6.19558e+08,60.6467,61.308,2.10584,0,0,2.37589,2.37589,0,1.83559,3.38688,9.00468e+06,3.61194e+06,2.13941e+07,0,0,0,1.5806e+08
56.7513,110.355,1.59892,0,0.04,3.71798,3.71798,0,0.71867,6.048,4.33291e+06,2.70226e+06,1.61097e+07,0,0,0,6.19558e+08,61.1667,61.308,3.27919,0,0,2.26159,2.26159,0,1.83561,3.38688,9.00468e+06,3.61194e+06,2.03649e+07,0,0,0,1.5806e+08
54.8545,110.355,1.54812,0,0.04,3.71801,3.71801,0,0.696749,6.048,4.33291e+06,2.70226e+06,1.61098e+07,0,0,0,6.19558e+08,61.6879,61.308,3.28625,0,0,2.26161,2.26161,0,1.74731,3.38688,9.00468e+06,3.61194e+06,2.03651e+07,0,0,0,1.5806e+08
52.9306,110.355,1.48586,0,0.04,3.71804,3.71804,0,0.696755,6.048,4.33291e+06,2.70226e+06,1.611e+07,0,0,0,6.19558e+08,62.2393,61.308,3.48919,0,0,2.26163,2.26163,0,1.74732,3.38688,9.00468e+06,3.61194e+06,2.03653e+07,0,0,0,1.5806e+08
51.7326,110.355,2.23111,0,0.04,3.71808,3.71808,0,0.696761,6.048,4.33291e+06,2.70226e+06,1.61101e+07,0,0,0,6.19558e+08,62.3362,61.308,3.59586,0,0,2.26165,2.26165,0,1.74734,3.38688,9.00468e+06,3.61194e+06,2.03655e+07,0,0,0,1.5806e+08
52.3823,110.355,3.99268,0,0.04,3.62206,3.62206,0,0.696768,6.048,4.33291e+06,2.70226e+06,1.56941e+07,0,0,0,6.19558e+08,62.3362,61.308,2.95223,0,0,2.15761,2.15761,0,1.74735,3.38688,9.00468e+06,3.61194e+06,1.94286e+07,0,0,0,1.5806e+08
53.6978,110.355,4.73073,0,0.04,3.6221,3.6221,0,0.678775,6.048,4.33291e+06,2.70226e+06,1.56942e+07,0,0,0,6.19558e+08,62.3362,61.308,3.05807,0,0,2.15763,2.15763,0,1.66697,3.38688,9.00468e+06,3.61194e+06,1.94288e+07,0,0,0,1.5806e+08
54.8614,110.355,4.67138,0,0.04,3.62213,3.62213,0,0.678781,6.048,4.33291e+06,2.70226e+06,1.56944e+07,0,0,0,6.19558e+08,62.3362,61.308,4.08623,0,0,2.15765,2.15765,0,1.66699,3.38688,9.00468e+06,3.61194e+06,1.9429e+07,0,0,0,1.5806e+08
56.0388,110.355,4.72136,0,0.04,3.62216,3.62216,0,0.678787,6.048,4.33291e+06,2.70226e+06,1.56945e+07,0,0,0,6.19558e+08,62.3362,61.308,4.47674,0,0,2.15767,2.15767,0,1.667,3.38688,9.00468e+06,3.61194e+06,1.94292e+07,0,0,0,1.5806e+08
58.974,110.355,6.28229,0,0.04,3.3494,3.3494,0,0.678793,6.048,4.33291e+06,2.70226e+06,1.45127e+07,0,0,0,6.19558e+08,62.3362,61.308,5.35566,0,0,1.94096,1.94096,0,1.66702,3.38688,9.00468e+06,3.61194e+06,1.74777e+07,0,0,0,1.5806e+08
62.5835,110.355,7.10146,0,0.04,3.34943,3.34943,0,0.627678,6.048,4.33291e+06,2.70226e+06,1.45128e+07,0,0,0,6.19558e+08,62.3362,61.308,6.10879,0,0,1.94098,1.94098,0,1.49959,3.38688,9.00468e+06,3.61194e+06,1.74779e+07,0,0,0,1.5806e+08
65.8802,110.355,6.75438,0,0.04,3.34946,3.34946,0,0.627684,6.048,4.33291e+06,2.70226e+06,1.45129e+07,0,0,0,6.19558e+08,62.3362,61.308,5.96092,0,0,1.94099,1.94099,0,1.4996,3.38688,9.00468e+06,3.61194e+06,1.7478e+07,0,0,0,1.5806e+08
69.1144,110.355,6.77185,0,0.04,3.34949,3.34949,0,0.627689,6.048,4.33291e+06,2.70226e+06,1.45131e+07,0,0,0,6.19558e+08,62.3362,61.308,5.30211,0,0,1.94101,1.94101,0,1.49961,3.38688,9.00468e+06,3.61194e+06,1.74782e+07,0,0,0,1.5806e+08
73.4682,110.355,7.98633,0,0.04,3.34952,3.34952,0,0.627695,6.048,4.33291e+06,2.70226e+06,1.45132e+07,0,0,0,6.19558e+08,62.3362,61.308,7.22404,0,0,1.94103,1.94103,0,1.49963,3.38688,9.00468e+06,3.61194e+06,1.74784e+07,0,0,0,1.5806e+08
75.4696,110.355,5.83527,0,0.04,3.45447,3.45447,0,0.627701,6.048,4.33291e+06,2.70226e+06,1.49679e+07,0,0,0,6.19558e+08,62.3362,61.308,5.8004,0,0,2.0038,2.0038,0,1.49964,3.38688,9.00468e+06,3.61194e+06,1.80436e+07,0,0,0,1.5806e+08
75.8479,110.355,4.14903,0,0.04,3.45448,3.45448,0,0.647368,6.048,4.33291e+06,2.70226e+06,1.4968e+07,0,0,0,6.19558e+08,62.3362,61.308,5.08369,0,0,2.0038,2.0038,0,1.54814,3.38688,9.00468e+06,3.61194e+06,1.80436e+07,0,0,0,1.5806e+08
75.9025,110.355,3.92287,0,0.04,3.45448,3.45448,0,0.647369,6.048,4.33291e+06,2.70226e+06,1.4968e+07,0,0,0,6.19558e+08,62.3362,61.308,5.00473,0,0,2.00381,2.00381,0,1.54814,3.38688,9.00468e+06,3.61194e+06,1.80436e+07,0,0,0,1.5806e+08
79.7566,110.355,8.65364,0,0.04,3.45449,3.45449,0,0.64737,6.048,4.33291e+06,2.70226e+06,1.4968e+07,0,0,0,6.19558e+08,62.3362,61.308,8.76237,0,0,2.00381,2.00381,0,1.54814,3.38688,9.00468e+06,3.61194e+06,1.80437e+07,0,0,0,1.5806e+08
81.6415,110.355,6.50568,0,0.04,3.79143,3.79143,0,0.647371,6.048,4.33291e+06,2.70226e+06,1.6428e+07,0,0,0,6.19558e+08,62.3362,61.308,6.34674,0,0,2.23942,2.23942,0,1.54814,3.38688,9.00468e+06,3.61194e+06,2.01652e+07,0,0,0,1.5806e+08
82.6047,110.355,5.41492,0,0.04,3.79144,3.79144,0,0.710514,6.048,4.33291e+06,2.70226e+06,1.6428e+07,0,0,0,6.19558e+08,62.3362,61.308,5.35156,0,0,2.23942,2.23942,0,1.73017,3.38688,9.00468e+06,3.61194e+06,2.01653e+07,0,0,0,1.5806e+08
85.1217,110.355,7.07106,0,0.04,3.79144,3.79144,0,0.710515,6.048,4.33291e+06,2.70226e+06,1.6428e+07,0,0,0,6.19558e+08,62.3362,61.308,8.12947,0,0,2.23942,2.23942,0,1.73018,3.38688,9.00468e+06,3.61194e+06,2.01653e+07,0,0,0,1.5806e+08
86.589,110.355,5.8709,0,0.04,3.79145,3.79145,0,0.710516,6.048,4.33291e+06,2.70226e+06,1.6428e+07,0,0,0,6.19558e+08,62.3362,61.308,5.97169,0,0,2.23943,2.23943,0,1.73018,3.38688,9.00468e+06,3.61194e+06,2.01653e+07,0,0,0,1.5806e+08
86.7234,110.355,4.10485,0,0.04,3.31086,3.31086,0,0.710517,6.048,4.33291e+06,2.70226e+06,1.43457e+07,0,0,0,6.19558e+08,62.3362,61.308,6.51049,0,0,1.92324,1.92324,0,1.73018,3.38688,9.00468e+06,3.61194e+06,1.73182e+07,0,0,0,1.5806e+08
86.4331,110.355,3.64043,0,0.04,3.31086,3.31086,0,0.620455,6.048,4.33291e+06,2.70226e+06,1.43457e+07,0,0,0,6.19558e+08,62.3362,61.308,6.23031,0,0,1.92324,1.92324,0,1.4859,3.38688,9.00468e+06,3.61194e+06,1.73182e+07,0,0,0,1.5806e+08
86.8386,110.355,4.40126,0,0.04,3.31087,3.31087,0,0.620456,6.048,4.33291e+06,2.70226e+06,1.43457e+07,0,0,0,6.19558e+08,62.3362,61.308,5.80769,0,0,1.92325,1.92325,0,1.4859,3.38688,9.00468e+06,3.61194e+06,1.73182e+07,0,0,0,1.5806e+08
86.4754,110.355,3.56923,0,0.04,3.31087,3.31087,0,0.620457,6.048,4.33291e+06,2.70226e+06,1.43457e+07,0,0,0,6.19558e+08,62.3362,61.308,5.02226,0,0,1.92325,1.92325,0,1.4859,3.38688,9.00468e+06,3.61194e+06,1.73182e+07,0,0,0,1.5806e+08
86.528,110.355,4.10477,0,0.04,3.31088,3.31088,0,0.620457,6.048,4.33291e+06,2.70226e+06,1.43457e+07,0,0,0,6.19558e+08,62.3362,61.308,5.59707,0,0,1.92325,1.92325,0,1.4859,3.38688,9.00468e+06,3.61194e+06,1.73183e+07,0,0,0,1.5806e+08
86.7184,110.355,4.32652,0,0.04,3.43185,3.43185,0,0.620458,6.048,4.33291e+06,2.70226e+06,1.48699e+07,0,0,0,6.19558e+08,62.3362,61.308,6.42907,0,0,2.0006,2.0006,0,1.4859,3.38688,9.00468e+06,3.61194e+06,1.80148e+07,0,0,0,1.5806e+08
87.3046,110.355,4.63313,0,0.04,3.43186,3.43186,0,0.643129,6.048,4.33291e+06,2.70226e+06,1.48699e+07,0,0,0,6.19558e+08,62.3362,61.308,6.20786,0,0,2.00061,2.00061,0,1.54567,3.38688,9.00468e+06,3.61194e+06,1.80148e+07,0,0,0,1.5806e+08
87.1851,110.355,3.91329,0,0.04,3.43186,3.43186,0,0.64313,6.048,4.33291e+06,2.70226e+06,1.487e+07,0,0,0,6.19558e+08,62.3362,61.308,5.44237,0,0,2.00061,2.00061,0,1.54567,3.38688,9.00468e+06,3.61194e+06,1.80148e+07,0,0,0,1.5806e+08
86.9602,110.355,3.70509,0,0.04,3.43187,3.43187,0,0.643131,6.048,4.33291e+06,2.70226e+06,1.487e+07,0,0,0,6.19558e+08,62.3362,61.308,4.65127,0,0,2.00061,2.00061,0,1.54567,3.38688,9.00468e+06,3.61194e+06,1.80149e+07,0,0,0,1.5806e+08
86.2831,110.355,3.17432,0,0.04,3.38457,3.38457,0,0.643132,6.048,4.33291e+06,2.70226e+06,1.46651e+07,0,0,0,6.19558e+08,62.3362,61.308,3.80152,0,0,1.97057,1.97057,0,1.54567,3.38688,9.00468e+06,3.61194e+06,1.77444e+07,0,0,0,1.5806e+08
85.167,110.355,2.64809,0,0.04,3.38457,3.38457,0,0.634268,6.048,4.33291e+06,2.70226e+06,1.46651e+07,0,0,0,6.19558e+08,62.3362,61.308,3.21385,0,0,1.97057,1.97057,0,1.52246,3.38688,9.00468e+06,3.61194e+06,1.77444e+07,0,0,0,1.5806e+08
83.8581,110.355,2.34951,0,0.04,3.38458,3.38458,0,0.634269,6.048,4.33291e+06,2.70226e+06,1.46651e+07,0,0,0,6.19558e+08,62.3362,61.308,2.88723,0,0,1.97058,1.97058,0,1.52247,3.38688,9.00468e+06,3.61194e+06,1.77444e+07,0,0,0,1.5806e+08
82.4361,110.355,2.14997,0,0.04,3.38458,3.38458,0,0.63427,6.048,4.33291e+06,2.70226e+06,1.46651e+07,0,0,0,6.19558e+08,62.3362,61.308,2.72627,0,0,1.97058,1.97058,0,1.52247,3.38688,9.00468e+06,3.61194e+06,1.77444e+07,0,0,0,1.5806e+08
81.1871,110.355,2.46922,0,0.04,3.54514,3.54514,0,0.634271,6.048,4.33291e+06,2.70226e+06,1.53608e+07,0,0,0,6.19558e+08,62.3362,61.308,2.84903,0,0,2.07712,2.07712,0,1.52247,3.38688,9.00468e+06,3.61194e+06,1.87038e+07,0,0,0,1.5806e+08
79.696,110.355,2.19955,0,0.04,3.54515,3.54515,0,0.664359,6.048,4.33291e+06,2.70226e+06,1.53608e+07,0,0,0,6.19558e+08,62.3362,61.308,2.60354,0,0,2.07712,2.07712,0,1.60478,3.38688,9.00468e+06,3.61194e+06,1.87038e+07,0,0,0,1.5806e+08
78.1525,110.355,2.06906,0,0.04,3.54515,3.54515,0,0.66436,6.048,4.33291e+06,2.70226e+06,1.53608e+07,0,0,0,6.19558e+08,62.3362,61.308,2.50346,0,0,2.07713,2.07713,0,1.60479,3.38688,9.00468e+06,3.61194e+06,1.87039e+07,0,0,0,1.5806e+08
76.5071,110.355,1.95222,0,0.04,3.54515,3.54515,0,0.664361,6.048,4.33291e+06,2.70226e+06,1.53608e+07,0,0,0,6.19558e+08,62.0286,61.308,2.34642,0,0,2.07713,2.07713,0,1.60479,3.38688,9.00468e+06,3.61194e+06,1.87039e+07,0,0,0,1.5806e+08
74.4744,110.355,1.48358,0,0.04,3.54516,3.54516,0,0.664362,6.048,4.33291e+06,2.70226e+06,1.53609e+07,0,0,0,6.19558e+08,61.3393,61.308,1.59756,0,0,2.07713,2.07713,0,1.60479,3.38688,9.00468e+06,3.61194e+06,1.87039e+07,0,0,0,1.5806e+08
72.3458,110.355,1.32703,0,0.04,3.51341,3.51341,0,0.664363,6.048,4.33291e+06,2.70226e+06,1.52233e+07,0,0,0,6.19558e+08,60.6721,61.308,1.53777,0,0,2.13569,2.13569,0,1.60479,3.38688,9.00468e+06,3.61194e+06,1.92312e+07,0,0,0,1.5806e+08
70.2313,110.355,1.31625,0,0.04,3.51341,3.51341,0,0.658413,6.048,4.33291e+06,2.70226e+06,1.52233e+07,0,0,0,6.19558e+08,59.9722,61.308,1.5419,0,0,2.13569,2.13569,0,1.65003,3.38688,9.00468e+06,3.61194e+06,1.92312e+07,0,0,0,1.5806e+08
68.0905,110.355,1.25158,0,0.04,3.51342,3.51342,0,0.658414,6.048,4.33291e+06,2.70226e+06,1.52233e+07,0,0,0,6.19558e+08,59.1227,61.308,1.5158,0,0,2.1357,2.1357,0,1.65004,3.38688,9.00468e+06,3.61194e+06,1.92313e+07,0,0,0,1.5806e+08
65.8341,110.355,1.09371,0,0.04,3.51342,3.51342,0,0.658415,6.048,4.33291e+06,2.70226e+06,1.52234e+07,0,0,0,6.19558e+08,58.2256,61.308,1.37264,0,0,2.1357,2.1357,0,1.65004,3.38688,9.00468e+06,3.61194e+06,1.92313e+07,0,0,0,1.5806e+08
63.5582,110.355,1.1152,0,0.04,3.59542,3.59542,0,0.658416,6.048,4.33291e+06,2.70226e+06,1.55787e+07,0,0,0,6.19558e+08,57.2517,61.308,1.36634,0,0,2.18789,2.18789,0,1.65004,3.38688,9.00468e+06,3.61194e+06,1.97012e+07,0,0,0,1.5806e+08
61.1729,110.355,0.975306,0,0.04,3.59543,3.59543,0,0.673782,6.048,4.33291e+06,2.70226e+06,1.55787e+07,0,0,0,6.19558e+08,56.2432,61.308,1.26193,0,0,2.18789,2.18789,0,1.69036,3.38688,9.00468e+06,3.61194e+06,1.97012e+07,0,0,0,1.5806e+08
58.7456,110.355,0.899632,0,0.04,3.59543,3.59543,0,0.673783,6.048,4.33291e+06,2.70226e+06,1.55787e+07,0,0,0,6.19558e+08,55.2233,61.308,1.21032,0,0,2.18789,2.18789,0,1.69036,3.38688,9.00468e+06,3.61194e+06,1.97013e+07,0,0,0,1.5806e+08
56.2234,110.355,0.754448,0,0.04,3.59544,3.59544,0,0.673784,6.048,4.33291e+06,2.70226e+06,1.55787e+07,0,0,0,6.19558e+08,53.9307,61.308,1.20322,0,0,2.1879,2.1879,0,1.69037,3.38688,9.00468e+06,3.61194e+06,1.97013e+07,0,0,0,1.5806e+08
53.7713,110.355,0.979964,0,0.04,3.83557,3.83557,0,0.673785,6.048,4.33291e+06,2.70226e+06,1.66192e+07,0,0,0,6.19558e+08,52.8708,61.308,0.922291,0,0,2.37627,2.37627,0,1.69037,3.38688,9.00468e+06,3.61194e+06,2.13975e+07,0,0,0,1.5806e+08
51.3039,110.355,0.922089,0,0.04,3.83557,3.83557,0,0.718785,6.048,4.33291e+06,2.70226e+06,1.66192e+07,0,0,0,6.19558e+08,51.8911,61.308,1.18489,0,0,2.37627,2.37627,0,1.8359,3.38688,9.00468e+06,3.61194e+06,2.13975e+07,0,0,0,1.5806e+08
48.8328,110.355,0.874061,0,0.04,3.83558,3.83558,0,0.718786,6.048,4.33291e+06,2.70226e+06,1.66192e+07,0,0,0,6.19558e+08,50.8901,61.308,1.21488,0,0,2.37627,2.37627,0,1.83591,3.38688,9.00468e+06,3.61194e+06,2.13976e+07,0,0,0,1.5806e+08
46.3943,110.355,0.853507,0,0.04,3.83558,3.83558,0,0.718787,6.048,4.33291e+06,2.70226e+06,1.66192e+07,0,0,0,6.19558e+08,50.2974,61.308,1.20799,0,0,2.37628,2.37628,0,1.83591,3.38688,9.00468e+06,3.61194e+06,2.13976e+07,0,0,0,1.5806e+08
44.0364,110.355,0.8542,0,0.04,3.83558,3.83558,0,0.718788,6.048,4.33291e+06,2.70226e+06,1.66193e+07,0,0,0,6.19558e+08,49.4379,61.308,1.91068,0,0,2.37628,2.37628,0,1.83591,3.38688,9.00468e+06,3.61194e+06,2.13976e+07,0,0,0,1.5806e+08
41.7136,110.355,0.739887,0,0.04,3.71856,3.71856,0,0.718789,6.048,4.33291e+06,2.70226e+06,1.61122e+07,0,0,0,6.19558e+08,48.3132,61.308,1.05496,0,0,2.26195,2.26195,0,1.83591,3.38688,9.00468e+06,3.61194e+06,2.03681e+07,0,0,0,1.5806e+08
39.4686,110.355,0.767385,0,0.04,3.71857,3.71857,0,0.696858,6.048,4.33291e+06,2.70226e+06,1.61122e+07,0,0,0,6.19558e+08,47.5904,61.308,1.02066,0,0,2.26195,2.26195,0,1.74758,3.38688,9.00468e+06,3.61194e+06,2.03681e+07,0,0,0,1.5806e+08
38.5741,110.355,2.2322,0,0.04,3.71857,3.71857,0,0.696859,6.048,4.33291e+06,2.70226e+06,1.61122e+07,0,0,0,6.19558e+08,47.352,61.308,1.80678,0,0,2.26195,2.26195,0,1.74758,3.38688,9.00468e+06,3.61194e+06,2.03682e+07,0,0,0,1.5806e+08
37.2006,110.355,1.69524,0,0.04,3.71857,3.71857,0,0.69686,6.048,4.33291e+06,2.70226e+06,1.61123e+07,0,0,0,6.19558e+08,46.5368,61.308,1.62968,0,0,2.26196,2.26196,0,1.74759,3.38688,9.00468e+06,3.61194e+06,2.03682e+07,0,0,0,1.5806e+08
35.7897,110.355,1.49685,0,0.04,3.62252,3.62252,0,0.696861,6.048,4.33291e+06,2.70226e+06,1.56961e+07,0,0,0,6.19558e+08,46.0077,61.308,1.10599,0,0,2.15789,2.15789,0,1.74759,3.38688,9.00468e+06,3.61194e+06,1.94311e+07,0,0,0,1.5806e+08
34.4727,110.355,1.54028,0,0.04,3.62252,3.62252,0,0.67886,6.048,4.33291e+06,2.70226e+06,1.56961e+07,0,0,0,6.19558e+08,45.6348,61.308,2.01157,0,0,2.15789,2.15789,0,1.66718,3.38688,9.00468e+06,3.61194e+06,1.94311e+07,0,0,0,1.5806e+08
35.8611,110.355,4.33711,0,0.04,3.62253,3.62253,0,0.678861,6.048,4.33291e+06,2.70226e+06,1.56961e+07,0,0,0,6.19558e+08,46.0107,61.308,4.55611,0,0,2.15789,2.15789,0,1.66718,3.38688,9.00468e+06,3.61194e+06,1.94311e+07,0,0,0,1.5806e+08
35.6984,110.355,2.78742,0,0.04,3.62253,3.62253,0,0.678862,6.048,4.33291e+06,2.70226e+06,1.56961e+07,0,0,0,6.19558e+08,46.062,61.308,1.97791,0,0,2.15789,2.15789,0,1.66719,3.38688,9.00468e+06,3.61194e+06,1.94311e+07,0,0,0,1.5806e+08
35.2192,110.355,2.25918,0,0.04,3.34972,3.34972,0,0.678863,6.048,4.33291e+06,2.70226e+06,1.4514e+07,0,0,0,6.19558e+08,45.7678,61.308,2.72705,0,0,1.94114,1.94114,0,1.66719,3.38688,9.00468e+06,3.61194e+06,1.74794e+07,0,0,0,1.5806e+08
35.9759,110.355,3.52,0,0.04,3.34972,3.34972,0,0.627737,6.048,4.33291e+06,2.70226e+06,1.45141e+07,0,0,0,6.19558e+08,45.2867,61.308,2.47669,0,0,1.94115,1.94115,0,1.49973,3.38688,9.00468e+06,3.61194e+06,1.74794e+07,0,0,0,1.5806e+08
37.0492,110.355,3.87468,0,0.04,3.34973,3.34973,0,0.627738,6.048,4.33291e+06,2.70226e+06,1.45141e+07,0,0,0,6.19558e+08,44.9923,61.308,1.78556,0,0,1.94115,1.94115,0,1.49973,3.38688,9.00468e+06,3.61194e+06,1.74794e+07,0,0,0,1.5806e+08
38.3609,110.355,4.15898,0,0.04,3.34973,3.34973,0,0.627739,6.048,4.33291e+06,2.70226e+06,1.45141e+07,0,0,0,6.19558e+08,45.4768,61.308,3.2063,0,0,1.94115,1.94115,0,1.49973,3.38688,9.00468e+06,3.61194e+06,1.74794e+07,0,0,0,1.5806e+08
41.6602,110.355,6.40401,0,0.04,3.34973,3.34973,0,0.627739,6.048,4.33291e+06,2.70226e+06,1.45141e+07,0,0,0,6.19558e+08,46.0631,61.308,3.72593,0,0,1.94115,1.94115,0,1.49973,3.38688,9.00468e+06,3.61194e+06,1.74795e+07,0,0,0,1.5806e+08
42.5923,110.355,4.12736,0,0.04,3.45466,3.45466,0,0.62774,6.048,4.33291e+06,2.70226e+06,1.49688e+07,0,0,0,6.29277e+08,46.2743,61.308,2.86425,0,0,2.00391,2.00391,0,1.49973,3.38688,9.00468e+06,3.61194e+06,1.80446e+07,0,0,0,1.5806e+08
43.1482,110.355,3.7586,0,0.04,3.45464,3.45464,0,0.647404,6.048,4.33291e+06,2.70226e+06,1.49687e+07,0,0,0,6.29277e+08,46.8259,61.308,3.69756,0,0,2.0039,2.0039,0,1.54822,3.38688,9.00468e+06,3.61194e+06,1.80445e+07,0,0,0,1.5806e+08
52.6919,110.355,13.2079,0,0.04,3.45462,3.45462,0,0.6474,6.048,4.33291e+06,2.70226e+06,1.49686e+07,0,0,0,6.29277e+08,49.7786,61.308,10.1245,0,0,2.00389,2.00389,0,1.54821,3.38688,9.00468e+06,3.61194e+06,1.80444e+07,0,0,0,1.5806e+08
55.4548,110.355,6.30612,0,0.04,3.4546,3.4546,0,0.647395,6.048,4.33291e+06,2.70226e+06,1.49685e+07,0,0,0,6.29277e+08,51.2047,61.308,5.9724,0,0,2.00387,2.00387,0,1.5482,3.38688,9.00468e+06,3.61194e+06,1.80442e+07,0,0,0,1.5806e+08
58.9254,110.355,7.33864,0,0.04,3.79152,3.79152,0,0.647391,6.048,4.33291e+06,2.70226e+06,1.64284e+07,0,0,0,6.29277e+08,52.0421,61.308,4.29006,0,0,2.23947,2.23947,0,1.54819,3.38688,9.00468e+06,3.61194e+06,2.01657e+07,0,0,0,1.5806e+08
61.5571,110.355,6.59175,0,0.04,3.7915,3.7915,0,0.710532,6.048,4.33291e+06,2.70226e+06,1.64282e+07,0,0,0,6.29277e+08,53.6127,61.308,5.53247,0,0,2.23946,2.23946,0,1.73022,3.38688,9.00468e+06,3.61194e+06,2.01656e+07,0,0,0,1.5806e+08
63.6427,110.355,6.11047,0,0.04,3.79147,3.79147,0,0.710527,6.048,4.33291e+06,2.70226e+06,1.64281e+07,0,0,0,6.29277e+08,55.3217,61.308,7.16445,0,0,2.23944,2.23944,0,1.7302,3.38688,9.00468e+06,3.61194e+06,2.01655e+07,0,0,0,1.5806e+08
66.5584,110.355,6.95486,0,0.04,3.79145,3.79145,0,0.710522,6.048,4.33291e+06,2.70226e+06,1.6428e+07,0,0,0,6.29277e+08,56.3798,61.308,5.26754,0,0,2.23943,2.23943,0,1.73019,3.38688,9.00468e+06,3.61194e+06,2.01653e+07,0,0,0,1.5806e+08
67.4483,110.355,4.45235,0,0.04,3.31084,3.31084,0,0.710518,6.048,4.33291e+06,2.70226e+06,1.43456e+07,0,0,0,6.29277e+08,56.9489,61.308,3.28916,0,0,1.92323,1.92323,0,1.73018,3.38688,9.00468e+06,3.61194e+06,1.7318e+07,0,0,0,1.5806e+08
68.5605,110.355,4.64816,0,0.04,3.31082,3.31082,0,0.620451,6.048,4.33291e+06,2.70226e+06,1.43455e+07,0,0,0,6.29277e+08,57.7457,61.308,3.63334,0,0,1.92321,1.92321,0,1.48589,3.38688,9.00468e+06,3.61194e+06,1.73179e+07,0,0,0,1.5806e+08
70.6131,110.355,5.66366,0,0.04,3.31079,3.31079,0,0.620447,6.048,4.33291e+06,2.70226e+06,1.43454e+07,0,0,0,6.29277e+08,58.7096,61.308,4.01717,0,0,1.9232,1.9232,0,1.48588,3.38688,9.00468e+06,3.61194e+06,1.73178e+07,0,0,0,1.5806e+08
73.4002,110.355,6.48347,0,0.04,3.31077,3.31077,0,0.620443,6.048,4.33291e+06,2.70226e+06,1.43453e+07,0,0,0,6.29277e+08,60.2479,61.308,4.86543,0,0,1.92319,1.92319,0,1.48587,3.38688,9.00468e+06,3.61194e+06,1.73177e+07,0,0,0,1.5806e+08
76.008,110.355,6.52336,0,0.04,3.31075,3.31075,0,0.620439,6.048,4.33291e+06,2.70226e+06,1.43452e+07,0,0,0,6.29277e+08,61.1483,61.308,3.98885,0,0,1.92318,1.92318,0,1.48586,3.38688,9.00468e+06,3.61194e+06,1.73176e+07,0,0,0,1.5806e+08
78.2362,110.355,6.1147,0,0.04,3.43169,3.43169,0,0.620435,6.048,4.33291e+06,2.70226e+06,1.48692e+07,0,0,0,6.29277e+08,62.0096,61.308,3.78372,0,0,2.00051,2.00051,0,1.48585,3.38688,9.00468e+06,3.61194e+06,1.8014e+07,0,0,0,1.5806e+08
80.8536,110.355,6.39145,0,0.04,3.43167,3.43167,0,0.6431,6.048,4.33291e+06,2.70226e+06,1.48691e+07,0,0,0,6.29277e+08,62.3362,61.308,4.071,0,0,2.0005,2.0005,0,1.5456,3.38688,9.00468e+06,3.61194e+06,1.80139e+07,0,0,0,1.5806e+08
82.3863,110.355,5.27406,0,0.04,3.43165,3.43165,0,0.643095,6.048,4.33291e+06,2.70226e+06,1.4869e+07,0,0,0,6.29277e+08,62.3362,61.308,3.29904,0,0,2.00049,2.00049,0,1.54559,3.38688,9.00468e+06,3.61194e+06,1.80137e+07,0,0,0,1.5806e+08
82.9928,110.355,4.3138,0,0.04,3.43163,3.43163,0,0.643091,6.048,4.33291e+06,2.70226e+06,1.48689e+07,0,0,0,6.29277e+08,62.3293,61.308,2.86701,0,0,2.00047,2.00047,0,1.54558,3.38688,9.00468e+06,3.61194e+06,1.80136e+07,0,0,0,1.5806e+08
82.9342,110.355,3.56846,0,0.04,3.38431,3.38431,0,0.643087,6.048,4.33291e+06,2.70226e+06,1.46639e+07,0,0,0,6.29277e+08,62.17,61.308,2.59782,0,0,1.97042,1.97042,0,1.54557,3.38688,9.00468e+06,3.61194e+06,1.7743e+07,0,0,0,1.5806e+08
82.3519,110.355,3.02053,0,0.04,3.38429,3.38429,0,0.634219,6.048,4.33291e+06,2.70226e+06,1.46638e+07,0,0,0,6.29277e+08,61.9031,61.308,2.35611,0,0,1.97041,1.97041,0,1.52235,3.38688,9.00468e+06,3.61194e+06,1.77429e+07,0,0,0,1.5806e+08
81.5258,110.355,2.77044,0,0.04,3.38426,3.38426,0,0.634215,6.048,4.33291e+06,2.70226e+06,1.46637e+07,0,0,0,6.29277e+08,61.6596,61.308,1.90888,0,0,1.97039,1.97039,0,1.52234,3.38688,9.00468e+06,3.61194e+06,1.77428e+07,0,0,0,1.5806e+08
81.3926,110.355,3.43264,0,0.04,3.38424,3.38424,0,0.634211,6.048,4.33291e+06,2.70226e+06,1.46636e+07,0,0,0,6.29277e+08,61.6566,61.308,2.24104,0,0,1.97038,1.97038,0,1.52233,3.38688,9.00468e+06,3.61194e+06,1.77426e+07,0,0,0,1.5806e+08
80.6008,110.355,2.88399,0,0.04,3.54476,3.54476,0,0.634207,6.048,4.33291e+06,2.70226e+06,1.53591e+07,0,0,0,6.29277e+08,61.505,61.308,2.13703,0,0,2.0769,2.0769,0,1.52232,3.38688,9.00468e+06,3.61194e+06,1.87018e+07,0,0,0,1.5806e+08
79.6662,110.355,2.70783,0,0.04,3.54473,3.54473,0,0.664287,6.048,4.33291e+06,2.70226e+06,1.5359e+07,0,0,0,6.29277e+08,61.4196,61.308,2.17421,0,0,2.07688,2.07688,0,1.60461,3.38688,9.00468e+06,3.61194e+06,1.87017e+07,0,0,0,1.5806e+08
78.6391,110.355,2.59948,0,0.04,3.54471,3.54471,0,0.664283,6.048,4.33291e+06,2.70226e+06,1.53589e+07,0,0,0,6.29277e+08,61.2647,61.308,2.12434,0,0,2.07687,2.07687,0,1.6046,3.38688,9.00468e+06,3.61194e+06,1.87015e+07,0,0,0,1.5806e+08
77.4655,110.355,2.43571,0,0.04,3.54469,3.54469,0,0.664279,6.048,4.33291e+06,2.70226e+06,1.53588e+07,0,0,0,6.29277e+08,61.2081,61.308,1.97857,0,0,2.07685,2.07685,0,1.60459,3.38688,9.00468e+06,3.61194e+06,1.87014e+07,0,0,0,1.5806e+08
76.5406,110.355,2.64764,0,0.04,3.54466,3.54466,0,0.664274,6.048,4.33291e+06,2.70226e+06,1.53587e+07,0,0,0,6.29277e+08,61.2712,61.308,2.61079,0,0,2.07684,2.07684,0,1.60458,3.38688,9.00468e+06,3.61194e+06,1.87013e+07,0,0,0,1.5806e+08
75.5459,110.355,2.54349,0,0.04,3.51289,3.51289,0,0.66427,6.048,4.33291e+06,2.70226e+06,1.52211e+07,0,0,0,6.29277e+08,61.3892,61.308,2.81909,0,0,2.13538,2.13538,0,1.60457,3.38688,9.00468e+06,3.61194e+06,1.92284e+07,0,0,0,1.5806e+08
74.3384,110.355,2.30616,0,0.04,3.51287,3.51287,0,0.658316,6.048,4.33291e+06,2.70226e+06,1.5221e+07,0,0,0,6.29277e+08,61.4455,61.308,2.55188,0,0,2.13536,2.13536,0,1.64979,3.38688,9.00468e+06,3.61194e+06,1.92282e+07,0,0,0,1.5806e+08
73.0608,110.355,2.18151,0,0.04,3.51285,3.51285,0,0.658312,6.048,4.33291e+06,2.70226e+06,1.52209e+07,0,0,0,6.29277e+08,61.3675,61.308,2.5003,0,0,2.13535,2.13535,0,1.64978,3.38688,9.00468e+06,3.61194e+06,1.92281e+07,0,0,0,1.5806e+08
71.6141,110.355,1.9895,0,0.04,3.51282,3.51282,0,0.658307,6.048,4.33291e+06,2.70226e+06,1.52208e+07,0,0,0,6.29277e+08,61.2593,61.308,2.3564,0,0,2.13533,2.13533,0,1.64977,3.38688,9.00468e+06,3.61194e+06,1.9228e+07,0,0,0,1.5806e+08
70.0573,110.355,1.9566,0,0.04,3.59478,3.59478,0,0.658303,6.048,4.33291e+06,2.70226e+06,1.55759e+07,0,0,0,6.29277e+08,61.0323,61.308,2.1052,0,0,2.1875,2.1875,0,1.64976,3.38688,9.00468e+06,3.61194e+06,1.96977e+07,0,0,0,1.5806e+08
68.3927,110.355,1.80711,0,0.04,3.59476,3.59476,0,0.673662,6.048,4.33291e+06,2.70226e+06,1.55758e+07,0,0,0,6.29277e+08,60.6065,61.308,2.0035,0,0,2.18748,2.18748,0,1.69006,3.38688,9.00468e+06,3.61194e+06,1.96976e+07,0,0,0,1.5806e+08
66.5909,110.355,1.64471,0,0.04,3.59473,3.59473,0,0.673658,6.048,4.33291e+06,2.70226e+06,1.55757e+07,0,0,0,6.29277e+08,60.2569,61.308,1.75237,0,0,2.18747,2.18747,0,1.69005,3.38688,9.00468e+06,3.61194e+06,1.96974e+07,0,0,0,1.5806e+08
65.0214,110.355,1.85145,0,0.04,3.59471,3.59471,0,0.673653,6.048,4.33291e+06,2.70226e+06,1.55756e+07,0,0,0,6.29277e+08,60.0372,61.308,2.28649,0,0,2.18745,2.18745,0,1.69004,3.38688,9.00468e+06,3.61194e+06,1.96973e+07,0,0,0,1.5806e+08
62.9807,110.355,1.57764,0,0.04,3.83476,3.83476,0,0.673649,6.048,4.33291e+06,2.70226e+06,1.66157e+07,0,0,0,6.29277e+08,59.6469,61.308,1.82861,0,0,2.37577,2.37577,0,1.69003,3.38688,9.00468e+06,3.61194e+06,2.1393e+07,0,0,0,1.5806e+08
61.0825,110.355,1.71197,0,0.04,3.83474,3.83474,0,0.718634,6.048,4.33291e+06,2.70226e+06,1.66156e+07,0,0,0,6.29277e+08,59.1863,61.308,2.11391,0,0,2.37575,2.37575,0,1.83552,3.38688,9.00468e+06,3.61194e+06,2.13929e+07,0,0,0,1.5806e+08
58.8775,110.355,1.38914,0,0.04,3.83471,3.83471,0,0.718629,6.048,4.33291e+06,2.70226e+06,1.66155e+07,0,0,0,6.29277e+08,58.7057,61.308,1.58733,0,0,2.37574,2.37574,0,1.83551,3.38688,9.00468e+06,3.61194e+06,2.13927e+07,0,0,0,1.5806e+08
56.9795,110.355,1.64918,0,0.04,3.83468,3.83468,0,0.718625,6.048,4.33291e+06,2.70226e+06,1.66154e+07,0,0,0,6.29277e+08,58.332,61.308,2.60658,0,0,2.37572,2.37572,0,1.83549,3.38688,9.00468e+06,3.61194e+06,2.13926e+07,0,0,0,1.5806e+08
54.6438,110.355,1.16017,0,0.04,3.83466,3.83466,0,0.71862,6.048,4.33291e+06,2.70226e+06,1.66153e+07,0,0,0,6.29277e+08,57.3095,61.308,1.52548,0,0,2.37571,2.37571,0,1.83548,3.38688,9.00468e+06,3.61194e+06,2.13925e+07,0,0,0,1.5806e+08
52.3055,110.355,1.04893,0,0.04,3.71763,3.71763,0,0.718615,6.048,4.33291e+06,2.70226e+06,1.61082e+07,0,0,0,6.29277e+08,56.4525,61.308,1.14846,0,0,2.26138,2.26138,0,1.83547,3.38688,9.00468e+06,3.61194e+06,2.0363e+07,0,0,0,1.5806e+08
50.3408,110.355,1.40412,0,0.04,3.71761,3.71761,0,0.696685,6.048,4.33291e+06,2.70226e+06,1.61081e+07,0,0,0,6.29277e+08,55.9744,61.308,1.48134,0,0,2.26137,2.26137,0,1.74715,3.38688,9.00468e+06,3.61194e+06,2.03629e+07,0,0,0,1.5806e+08
48.7613,110.355,1.82202,0,0.04,3.71759,3.71759,0,0.69668,6.048,4.33291e+06,2.70226e+06,1.6108e+07,0,0,0,6.29277e+08,55.4775,61.308,2.22198,0,0,2.26135,2.26135,0,1.74713,3.38688,9.00468e+06,3.61194e+06,2.03628e+07,0,0,0,1.5806e+08
47.0343,110.355,1.65568,0,0.04,3.71756,3.71756,0,0.696676,6.048,4.33291e+06,2.70226e+06,1.61079e+07,0,0,0,6.29277e+08,54.8141,61.308,1.46958,0,0,2.26134,2.26134,0,1.74712,3.38688,9.00468e+06,3.61194e+06,2.03626e+07,0,0,0,1.5806e+08
45.0493,110.355,1.26681,0,0.04,3.6215,3.6215,0,0.696671,6.048,4.33291e+06,2.70226e+06,1.56917e+07,0,0,0,6.29277e+08,54.3086,61.308,1.35413,0,0,2.15728,2.15728,0,1.74711,3.38688,9.00468e+06,3.61194e+06,1.94256e+07,0,0,0,1.5806e+08
44.9472,110.355,3.24032,0,0.04,3.62148,3.62148,0,0.67867,6.048,4.33291e+06,2.70226e+06,1.56916e+07,0,0,0,6.29277e+08,54.5189,61.308,4.17202,0,0,2.15727,2.15727,0,1.66672,3.38688,9.00468e+06,3.61194e+06,1.94255e+07,0,0,0,1.5806e+08
45.3671,110.355,3.81657,0,0.04,3.62146,3.62146,0,0.678665,6.048,4.33291e+06,2.70226e+06,1.56915e+07,0,0,0,6.29277e+08,55.045,61.308,3.38428,0,0,2.15725,2.15725,0,1.6667,3.38688,9.00468e+06,3.61194e+06,1.94254e+07,0,0,0,1.5806e+08
44.6705,110.355,2.6308,0,0.04,3.62143,3.62143,0,0.678661,6.048,4.33291e+06,2.70226e+06,1.56914e+07,0,0,0,6.29277e+08,55.1033,61.308,2.45906,0,0,2.15724,2.15724,0,1.66669,3.38688,9.00468e+06,3.61194e+06,1.94252e+07,0,0,0,1.5806e+08
43.4894,110.355,1.90914,0,0.04,3.34867,3.34867,0,0.678656,6.048,4.33291e+06,2.70226e+06,1.45095e+07,0,0,0,6.29277e+08,55.0652,61.308,3.02401,0,0,1.94054,1.94054,0,1.66668,3.38688,9.00468e+06,3.61194e+06,1.74739e+07,0,0,0,1.5806e+08
42.8226,110.355,2.49857,0,0.04,3.34865,3.34865,0,0.627542,6.048,4.33291e+06,2.70226e+06,1.45094e+07,0,0,0,6.29277e+08,55.2363,61.308,3.98007,0,0,1.94053,1.94053,0,1.49926,3.38688,9.00468e+06,3.61194e+06,1.74738e+07,0,0,0,1.5806e+08
41.8751,110.355,2.15397,0,0.04,3.34863,3.34863,0,0.627538,6.048,4.33291e+06,2.70226e+06,1.45093e+07,0,0,0,6.29277e+08,55.1552,61.308,2.91565,0,0,1.94051,1.94051,0,1.49925,3.38688,9.00468e+06,3.61194e+06,1.74737e+07,0,0,0,1.5806e+08
41.0145,110.355,2.19076,0,0.04,3.34861,3.34861,0,0.627533,6.048,4.33291e+06,2.70226e+06,1.45092e+07,0,0,0,6.29277e+08,55.1415,61.308,3.09689,0,0,1.9405,1.9405,0,1.49924,3.38688,9.00468e+06,3.61194e+06,1.74736e+07,0,0,0,1.5806e+08
40.0395,110.355,2.02136,0,0.04,3.34859,3.34859,0,0.627529,6.048,4.33291e+06,2.70226e+06,1.45091e+07,0,0,0,6.29277e+08,55.4185,61.308,3.34721,0,0,1.94049,1.94049,0,1.49923,3.38688,9.00468e+06,3.61194e+06,1.74735e+07,0,0,0,1.5806e+08
38.1447,110.355,1.07955,0,0.04,3.45345,3.45345,0,0.627525,6.048,4.33291e+06,2.70226e+06,1.49635e+07,0,0,0,6.29277e+08,55.2618,61.308,2.30894,0,0,2.00321,2.00321,0,1.49922,3.38688,9.00468e+06,3.61194e+06,1.80383e+07,0,0,0,1.5806e+08
37.3556,110.355,2.14642,0,0.04,3.4534,3.4534,0,0.647177,6.048,4.33291e+06,2.70226e+06,1.49633e+07,0,0,0,6.29277e+08,55.3622,61.308,3.19391,0,0,2.00318,2.00318,0,1.54768,3.38688,9.00468e+06,3.61194e+06,1.8038e+07,0,0,0,1.5806e+08
37.387,110.355,3.03373,0,0.04,3.45335,3.45335,0,0.647168,6.048,4.33291e+06,2.70226e+06,1.49631e+07,0,0,0,6.29277e+08,55.3625,61.308,2.82331,0,0,2.00315,2.00315,0,1.54766,3.38688,9.00468e+06,3.61194e+06,1.80378e+07,0,0,0,1.5806e+08
36.9902,110.355,2.63058,0,0.04,3.45331,3.45331,0,0.647159,6.048,4.33291e+06,2.70226e+06,1.49629e+07,0,0,0,6.29277e+08,55.3184,61.308,2.76976,0,0,2.00312,2.00312,0,1.54764,3.38688,9.00468e+06,3.61194e+06,1.80375e+07,0,0,0,1.5806e+08
38.0362,110.355,4.34121,0,0.04,3.79008,3.79008,0,0.647149,6.048,4.33291e+06,2.70226e+06,1.64221e+07,0,0,0,6.29277e+08,55.8483,61.308,4.34759,0,0,2.23862,2.23862,0,1.54761,3.38688,9.00468e+06,3.61194e+06,2.0158e+07,0,0,0,1.5806e+08
37.875,110.355,3.11648,0,0.04,3.79002,3.79002,0,0.710261,6.048,4.33291e+06,2.70226e+06,1.64218e+07,0,0,0,6.29277e+08,55.5536,61.308,2.76187,0,0,2.23859,2.23859,0,1.72956,3.38688,9.00468e+06,3.61194e+06,2.01577e+07,0,0,0,1.5806e+08
36.6225,110.355,1.92519,0,0.04,3.78997,3.78997,0,0.71025,6.048,4.33291e+06,2.70226e+06,1.64216e+07,0,0,0,6.29277e+08,55.2467,61.308,1.8748,0,0,2.23855,2.23855,0,1.72953,3.38688,9.00468e+06,3.61194e+06,2.01575e+07,0,0,0,1.5806e+08
36.2009,110.355,2.75054,0,0.04,3.78992,3.78992,0,0.71024,6.048,4.33291e+06,2.70226e+06,1.64214e+07,0,0,0,6.29277e+08,55.2525,61.308,2.78779,0,0,2.23852,2.23852,0,1.72951,3.38688,9.00468e+06,3.61194e+06,2.01572e+07,0,0,0,1.5806e+08
37.0298,110.355,3.75906,0,0.04,3.30947,3.30947,0,0.71023,6.048,4.33291e+06,2.70226e+06,1.43397e+07,0,0,0,6.29277e+08,56.3246,61.308,6.02293,0,0,1.92243,1.92243,0,1.72948,3.38688,9.00468e+06,3.61194e+06,1.73109e+07,0,0,0,1.5806e+08
38.904,110.355,4.87467,0,0.04,3.30942,3.30942,0,0.620195,6.048,4.33291e+06,2.70226e+06,1.43395e+07,0,0,0,6.29277e+08,57.72,61.308,6.24446,0,0,1.92241,1.92241,0,1.48527,3.38688,9.00468e+06,3.61194e+06,1.73107e+07,0,0,0,1.5806e+08
40.4971,110.355,4.82355,0,0.04,3.30938,3.30938,0,0.620186,6.048,4.33291e+06,2.70226e+06,1.43392e+07,0,0,0,6.29277e+08,59.0045,61.308,6.94894,0,0,1.92238,1.92238,0,1.48525,3.38688,9.00468e+06,3.61194e+06,1.73104e+07,0,0,0,1.5806e+08
42.926,110.355,5.5647,0,0.04,3.30933,3.30933,0,0.620177,6.048,4.33291e+06,2.70226e+06,1.4339e+07,0,0,0,6.29277e+08,59.7419,61.308,5.28804,0,0,1.92235,1.92235,0,1.48523,3.38688,9.00468e+06,3.61194e+06,1.73102e+07,0,0,0,1.5806e+08
44.3758,110.355,4.58003,0,0.04,3.30928,3.30928,0,0.620168,6.048,4.33291e+06,2.70226e+06,1.43388e+07,0,0,0,6.29277e+08,60.47,61.308,4.47943,0,0,1.92232,1.92232,0,1.48521,3.38688,9.00468e+06,3.61194e+06,1.73099e+07,0,0,0,1.5806e+08
45.0623,110.355,3.94488,0,0.04,3.43015,3.43015,0,0.620159,6.048,4.33291e+06,2.70226e+06,1.48625e+07,0,0,0,6.29277e+08,61.1855,61.308,3.92923,0,0,1.99961,1.99961,0,1.48519,3.38688,9.00468e+06,3.61194e+06,1.80058e+07,0,0,0,1.5806e+08
45.0094,110.355,3.16461,0,0.04,3.4301,3.4301,0,0.642809,6.048,4.33291e+06,2.70226e+06,1.48623e+07,0,0,0,6.29277e+08,61.6405,61.308,3.51334,0,0,1.99958,1.99958,0,1.5449,3.38688,9.00468e+06,3.61194e+06,1.80056e+07,0,0,0,1.5806e+08
44.9163,110.355,3.10804,0,0.04,3.43005,3.43005,0,0.6428,6.048,4.33291e+06,2.70226e+06,1.48621e+07,0,0,0,6.29277e+08,61.8861,61.308,3.70833,0,0,1.99955,1.99955,0,1.54488,3.38688,9.00468e+06,3.61194e+06,1.80053e+07,0,0,0,1.5806e+08
44.5481,110.355,2.7991,0,0.04,3.43,3.43,0,0.642791,6.048,4.33291e+06,2.70226e+06,1.48619e+07,0,0,0,6.29277e+08,61.7262,61.308,2.87048,0,0,1.99952,1.99952,0,1.54485,3.38688,9.00468e+06,3.61194e+06,1.80051e+07,0,0,0,1.5806e+08
43.3826,110.355,1.91849,0,0.04,3.38268,3.38268,0,0.642782,6.048,4.33291e+06,2.70226e+06,1.46568e+07,0,0,0,6.29277e+08,61.2713,61.308,2.00083,0,0,1.96947,1.96947,0,1.54483,3.38688,9.00468e+06,3.61194e+06,1.77344e+07,0,0,0,1.5806e+08
42.1335,110.355,1.79919,0,0.04,3.38263,3.38263,0,0.633914,6.048,4.33291e+06,2.70226e+06,1.46566e+07,0,0,0,6.29277e+08,61.0848,61.308,1.96296,0,0,1.96944,1.96944,0,1.52161,3.38688,9.00468e+06,3.61194e+06,1.77342e+07,0,0,0,1.5806e+08
41.8913,110.355,2.80582,0,0.04,3.38258,3.38258,0,0.633905,6.048,4.33291e+06,2.70226e+06,1.46564e+07,0,0,0,6.29277e+08,60.9165,61.308,2.45494,0,0,1.96941,1.96941,0,1.52159,3.38688,9.00468e+06,3.61194e+06,1.77339e+07,0,0,0,1.5806e+08
40.6633,110.355,1.74557,0,0.04,3.38253,3.38253,0,0.633895,6.048,4.33291e+06,2.70226e+06,1.46562e+07,0,0,0,6.29277e+08,60.4171,61.308,1.9542,0,0,1.96938,1.96938,0,1.52157,3.38688,9.00468e+06,3.61194e+06,1.77337e+07,0,0,0,1.5806e+08
39.3334,110.355,1.70415,0,0.04,3.54294,3.54294,0,0.633886,6.048,4.33291e+06,2.70226e+06,1.53512e+07,0,0,0,6.29277e+08,59.8725,61.308,1.7823,0,0,2.07583,2.07583,0,1.52155,3.38688,9.00468e+06,3.61194e+06,1.86922e+07,0,0,0,1.5806e+08
37.9038,110.355,1.52135,0,0.04,3.54289,3.54289,0,0.663946,6.048,4.33291e+06,2.70226e+06,1.5351e+07,0,0,0,6.29277e+08,59.2154,61.308,1.67756,0,0,2.0758,2.0758,0,1.60379,3.38688,9.00468e+06,3.61194e+06,1.86919e+07,0,0,0,1.5806e+08
36.4633,110.355,1.45428,0,0.04,3.54284,3.54284,0,0.663937,6.048,4.33291e+06,2.70226e+06,1.53508e+07,0,0,0,6.29277e+08,58.6384,61.308,1.69982,0,0,2.07577,2.07577,0,1.60376,3.38688,9.00468e+06,3.61194e+06,1.86916e+07,0,0,0,1.5806e+08
35.0113,110.355,1.38793,0,0.04,3.54278,3.54278,0,0.663927,6.048,4.33291e+06,2.70226e+06,1.53506e+07,0,0,0,6.29277e+08,57.8824,61.308,1.65313,0,0,2.07574,2.07574,0,1.60374,3.38688,9.00468e+06,3.61194e+06,1.86914e+07,0,0,0,1.5806e+08
33.2838,110.355,1.02365,0,0.04,3.54273,3.54273,0,0.663918,6.048,4.33291e+06,2.70226e+06,1.53504e+07,0,0,0,6.29277e+08,56.8402,61.308,1.37749,0,0,2.07571,2.07571,0,1.60372,3.38688,9.00468e+06,3.61194e+06,1.86911e+07,0,0,0,1.5806e+08
31.4305,110.355,0.786279,0,0.04,3.51095,3.51095,0,0.663908,6.048,4.33291e+06,2.70226e+06,1.52127e+07,0,0,0,6.29277e+08,55.7096,61.308,1.14034,0,0,2.1342,2.1342,0,1.60369,3.38688,9.00468e+06,3.61194e+06,1.92178e+07,0,0,0,1.5806e+08
29.6035,110.355,0.730534,0,0.04,3.5109,3.5109,0,0.657953,6.048,4.33291e+06,2.70226e+06,1.52124e+07,0,0,0,6.29277e+08,54.5381,61.308,1.11404,0,0,2.13417,2.13417,0,1.64888,3.38688,9.00468e+06,3.61194e+06,1.92175e+07,0,0,0,1.5806e+08
27.8043,110.355,0.666478,0,0.04,3.51085,3.51085,0,0.657943,6.048,4.33291e+06,2.70226e+06,1.52122e+07,0,0,0,6.29277e+08,53.2901,61.308,1.02254,0,0,2.13414,2.13414,0,1.64886,3.38688,9.00468e+06,3.61194e+06,1.92172e+07,0,0,0,1.5806e+08
26.0427,110.355,0.591051,0,0.04,3.5108,3.5108,0,0.657934,6.048,4.33291e+06,2.70226e+06,1.5212e+07,0,0,0,6.29277e+08,51.9677,61.308,0.933756,0,0,2.1341,2.1341,0,1.64883,3.38688,9.00468e+06,3.61194e+06,1.92169e+07,0,0,0,1.5806e+08
24.4493,110.355,0.525181,0.06,0.04,3.29029,3.59269,0,0.657924,6.048,4.33291e+06,2.70226e+06,1.42565e+07,0,0,0,6.29277e+08,50.6799,61.308,0.897299,0,0,2.48862,2.18622,0,1.64881,3.38688,9.00468e+06,3.61194e+06,2.24092e+07,0,0,0,1.5806e+08
22.9382,110.355,0.494921,0.06,0.04,3.29023,3.59263,0,0.6166,6.048,4.33291e+06,2.70226e+06,1.42563e+07,0,0,0,6.29277e+08,49.3066,61.308,0.913394,0,0,2.48859,2.18619,0,1.92271,3.38688,9.00468e+06,3.61194e+06,2.2409e+07,0,0,0,1.5806e+08
21.5127,110.355,0.463287,0.04,0.04,3.29018,3.59258,0,0.61659,6.048,4.33291e+06,2.70226e+06,1.42561e+07,0,0,0,6.29277e+08,47.9836,61.308,0.838339,0,0,2.48856,2.18616,0,1.92268,3.38688,9.00468e+06,3.61194e+06,2.24087e+07,0,0,0,1.5806e+08
19.9579,110.355,0.454896,0.54,0.04,2.99991,3.59253,0,0.61658,6.048,4.33291e+06,3.55818e+06,1.29984e+07,0,0,0,6.29277e+08,46.6614,61.308,0.89907,0,0,2.31192,2.18613,0,1.92266,3.38688,9.00468e+06,4.756e+06,2.08181e+07,0,0,0,1.5806e+08
18.1831,110.355,0.47221,0.54,0.04,3.22041,3.83241,0,0.562184,6.048,4.33291e+06,3.55818e+06,1.39538e+07,0,0,0,6.29277e+08,45.2193,61.308,0.878569,0,0,2.4849,2.37431,0,1.78619,3.38688,9.00468e+06,4.756e+06,2.23758e+07,0,0,0,1.5806e+08
17.9885,110.355,0.373858,0.54,0.04,3.22036,3.83235,0,0.603505,6.048,4.33291e+06,3.55818e+06,1.39535e+07,0,0,0,6.29277e+08,43.8538,61.308,0.692726,0,0,2.48487,2.37428,0,1.91984,3.38688,9.00468e+06,4.756e+06,2.23755e+07,0,0,0,1.5806e+08
16.288,110.355,0.402639,0.54,0.04,3.22031,3.8323,0,0.603496,6.048,4.33291e+06,3.55818e+06,1.39533e+07,0,0,0,6.29277e+08,42.5652,61.308,0.923346,0,0,2.48484,2.37424,0,1.91981,3.38688,9.00468e+06,4.756e+06,2.23752e+07,0,0,0,1.5806e+08
14.4891,110.355,0.375106,1,0.04,3.22026,3.83224,0,0.603486,6.048,4.33291e+06,3.55818e+06,1.39531e+07,0,0,0,6.29277e+08,41.298,61.308,0.809101,0,0,2.48481,2.37421,0,1.91979,3.38688,9.00468e+06,4.756e+06,2.23749e+07,0,0,0,1.5806e+08
13.3376,110.355,0.435373,0.99,0.04,3.22021,3.83219,0,0.603477,6.048,4.33291e+06,3.55818e+06,1.39529e+07,0,0,0,6.29277e+08,40.2402,61.308,0.921174,0,0,2.48478,2.37417,0,1.91976,3.38688,9.00468e+06,4.756e+06,2.23746e+07,0,0,0,1.5806e+08
13.2319,110.355,0.583518,0.99,0.04,3.11268,3.71521,0,0.603467,6.048,4.33291e+06,3.55818e+06,1.3487e+07,0,0,0,6.29277e+08,39.2417,61.308,1.14297,0,0,2.37975,2.25991,0,1.91974,3.38688,9.00468e+06,4.756e+06,2.14288e+07,0,0,0,1.5806e+08
12.341,110.355,0.69516,0.98,0.04,3.11263,3.71516,0,0.583317,6.048,4.33291e+06,3.55818e+06,1.34868e+07,0,0,0,6.29277e+08,38.7359,61.308,1.16093,0,0,2.37972,2.25988,0,1.83859,3.38688,9.00468e+06,4.756e+06,2.14286e+07,0,0,0,1.5806e+08
14.3424,110.355,1.08121,0.99,0.04,3.11258,3.7151,0,0.583307,6.048,4.33291e+06,3.55818e+06,1.34866e+07,0,0,0,6.29277e+08,38.3212,61.308,2.00283,0,0,2.37969,2.25984,0,1.83857,3.38688,9.00468e+06,4.756e+06,2.14283e+07,0,0,0,1.5806e+08
14.094,110.355,0.948173,0.97,0.04,3.11253,3.71505,0,0.583298,6.048,4.33291e+06,3.55818e+06,1.34863e+07,0,0,0,6.29277e+08,37.9496,61.308,1.58491,0,0,2.37966,2.25981,0,1.83855,3.38688,9.00468e+06,4.756e+06,2.1428e+07,0,0,0,1.5806e+08
14.8221,110.355,1.88821,0.96,0.04,3.02427,3.61903,0,0.583289,6.048,4.33291e+06,3.55818e+06,1.31039e+07,0,0,0,6.29277e+08,37.257,61.308,2.03257,0,0,2.28405,2.15581,0,1.83852,3.38688,9.00468e+06,4.756e+06,2.05672e+07,0,0,0,1.5806e+08
15.4585,110.355,1.7883,0.97,0.04,3.02422,3.61898,0,0.566748,6.048,4.33291e+06,3.55818e+06,1.31037e+07,0,0,0,6.29277e+08,36.8568,61.308,1.19998,0,0,2.28403,2.15578,0,1.76466,3.38688,9.00468e+06,4.756e+06,2.05669e+07,0,0,0,1.5806e+08
17.8578,110.355,3.61202,0.97,0.04,3.02418,3.61892,0,0.566739,6.048,4.33291e+06,3.55818e+06,1.31035e+07,0,0,0,6.29277e+08,37.0031,61.308,2.84773,0,0,2.284,2.15575,0,1.76464,3.38688,9.00468e+06,4.756e+06,2.05667e+07,0,0,0,1.5806e+08
