0st_vol,0capacity,0net_inf,0st_rof,0lt_rof,0rest_demand,0unrest_demand,0unfulf_demand,0wastewater,0treat_capacity,0agg_price,0res_price,0gross_rev,0drought_cost,0cont_contrib,0debt_serv,0infra_npv,1st_vol,1capacity,1net_inf,1st_rof,1lt_rof,1rest_demand,1unrest_demand,1unfulf_demand,1wastewater,1treat_capacity,1agg_price,1res_price,1gross_rev,1drought_cost,1cont_contrib,1debt_serv,1infra_npv
85.139,85.139,4.97232,0,0,2.46977,2.46977,0,0,4.47552,4.12061e+06,2.70226e+06,1.0177e+07,0,0,0,0,62.3362,61.308,4.72891,0,1,1.43262,1.43262,0,0,2.1168,8.56347e+06,3.61194e+06,1.22682e+07,0,0,0,0
85.139,85.139,3.75098,0,0,2.47081,2.47081,0,0.462835,4.47552,4.12061e+06,2.70226e+06,1.01812e+07,0,0,0,0,62.3362,61.308,4.92998,0,1,1.43322,1.43322,0,1.10684,2.1168,8.56347e+06,3.61194e+06,1.22733e+07,0,0,0,0
85.139,85.139,5.19752,0,0,2.47184,2.47184,0,0.463029,4.47552,4.12061e+06,2.70226e+06,1.01855e+07,0,0,0,0,62.3362,61.308,3.10007,0,1,1.43382,1.43382,0,1.1073,2.1168,8.56347e+06,3.61194e+06,1.22785e+07,0,0,0,0
85.139,85.139,5.94603,0,0,2.47288,2.47288,0,0.463223,4.47552,4.12061e+06,2.70226e+06,1.01898e+07,0,0,0,0,62.3362,61.308,3.66984,0,1,1.43442,1.43442,0,1.10777,2.1168,8.56347e+06,3.61194e+06,1.22836e+07,0,0,0,0
85.139,85.139,4.49934,0,0,2.71521,2.71521,0,0.463417,4.47552,4.12061e+06,2.70226e+06,1.11883e+07,0,0,0,0,62.3362,61.308,2.78249,0,1,1.60375,1.60375,0,1.10823,2.1168,8.56347e+06,3.61194e+06,1.37336e+07,0,0,0,0
85.139,85.139,4.73337,0,0,2.71635,2.71635,0,0.508831,4.47552,4.12061e+06,2.70226e+06,1.1193e+07,0,0,0,0,62.3362,61.308,2.92656,0,1,1.60442,1.60442,0,1.23905,2.1168,8.56347e+06,3.61194e+06,1.37394e+07,0,0,0,0
85.139,85.139,6.50023,0,0,2.71749,2.71749,0,0.509044,4.47552,4.12061e+06,2.70226e+06,1.11977e+07,0,0,0,0,62.3362,61.308,5.11332,0,1,1.60509,1.60509,0,1.23957,2.1168,8.56347e+06,3.61194e+06,1.37451e+07,0,0,0,0
85.139,85.139,4.17422,0,0,2.71862,2.71862,0,0.509257,4.47552,4.12061e+06,2.70226e+06,1.12024e+07,0,0,0,0,62.305,61.308,2.8895,0,1,1.60576,1.60576,0,1.24009,2.1168,8.56347e+06,3.61194e+06,1.37509e+07,0,0,0,0
85.139,85.139,5.15649,0,0,2.37502,2.37502,0,0.50947,4.47552,4.12061e+06,2.70226e+06,9.78651e+06,0,0,0,0,62.3362,61.308,3.58229,0,1,1.37962,1.37962,0,1.24061,2.1168,8.56347e+06,3.61194e+06,1.18143e+07,0,0,0,0
85.139,85.139,4.31862,0,0,2.37601,2.37601,0,0.445078,4.47552,4.12061e+06,2.70226e+06,9.79061e+06,0,0,0,0,62.3362,61.308,2.98674,0,1,1.3802,1.3802,0,1.06589,2.1168,8.56347e+06,3.61194e+06,1.18193e+07,0,0,0,0
85.139,85.139,5.23933,0,0,2.377,2.377,0,0.445264,4.47552,4.12061e+06,2.70226e+06,9.79471e+06,0,0,0,0,62.3362,61.308,3.94566,0,1,1.38077,1.38077,0,1.06634,2.1168,8.56347e+06,3.61194e+06,1.18242e+07,0,0,0,0
85.139,85.139,4.98683,0,0,2.378,2.378,0,0.44545,4.47552,4.12061e+06,2.70226e+06,9.7988e+06,0,0,0,0,62.3362,61.308,3.41966,0,1,1.38135,1.38135,0,1.06679,2.1168,8.56347e+06,3.61194e+06,1.18292e+07,0,0,0,0
85.139,85.139,5.06928,0,0,2.37899,2.37899,0,0.445637,4.47552,4.12061e+06,2.70226e+06,9.8029e+06,0,0,0,0,62.3362,61.308,4.23694,0,1,1.38193,1.38193,0,1.06723,2.1168,8.56347e+06,3.61194e+06,1.18341e+07,0,0,0,0
85.139,85.139,8.1644,0,0,2.46695,2.46695,0,0.445823,4.47552,4.12061e+06,2.70226e+06,1.01653e+07,0,0,0,0,62.3362,61.308,5.05685,0,1,1.43811,1.43811,0,1.06768,2.1168,8.56347e+06,3.61194e+06,1.23152e+07,0,0,0,0
85.139,85.139,5.4018,0,0,2.46798,2.46798,0,0.462306,4.47552,4.12061e+06,2.70226e+06,1.01696e+07,0,0,0,0,62.3362,61.308,3.73128,0,1,1.43871,1.43871,0,1.11108,2.1168,8.56347e+06,3.61194e+06,1.23204e+07,0,0,0,0
85.139,85.139,5.5299,0,0,2.46901,2.46901,0,0.462499,4.47552,4.12061e+06,2.70226e+06,1.01738e+07,0,0,0,0,62.3362,61.308,3.40692,0,1,1.43931,1.43931,0,1.11155,2.1168,8.56347e+06,3.61194e+06,1.23255e+07,0,0,0,0
85.139,85.139,4.293,0,0,2.47004,2.47004,0,0.462692,4.47552,4.12061e+06,2.70226e+06,1.01781e+07,0,0,0,0,62.3362,61.308,3.2051,0,1,1.43991,1.43991,0,1.11201,2.1168,8.56347e+06,3.61194e+06,1.23307e+07,0,0,0,0
85.139,85.139,3.84037,0,0,2.43702,2.43702,0,0.462886,4.47552,4.12061e+06,2.70226e+06,1.0042e+07,0,0,0,0,62.2525,61.308,2.44781,0,1,1.41888,1.41888,0,1.11248,2.1168,8.56347e+06,3.61194e+06,1.21506e+07,0,0,0,0
85.139,85.139,3.56538,0,0,2.43803,2.43803,0,0.456697,4.47552,4.12061e+06,2.70226e+06,1.00462e+07,0,0,0,0,62.2679,61.308,2.1645,0,1,1.41948,1.41948,0,1.09623,2.1168,8.56347e+06,3.61194e+06,1.21557e+07,0,0,0,0
85.139,85.139,3.3007,0,0,2.43905,2.43905,0,0.456888,4.47552,4.12061e+06,2.70226e+06,1.00504e+07,0,0,0,0,62.2754,61.308,1.99278,0,1,1.42007,1.42007,0,1.09669,2.1168,8.56347e+06,3.61194e+06,1.21607e+07,0,0,0,0
85.139,85.139,3.224,0,0,2.44007,2.44007,0,0.457078,4.47552,4.12061e+06,2.70226e+06,1.00546e+07,0,0,0,0,62.2478,61.308,2.26276,0,1,1.42066,1.42066,0,1.09715,2.1168,8.56347e+06,3.61194e+06,1.21658e+07,0,0,0,0
85.139,85.139,3.07972,0,0,2.55689,2.55689,0,0.457269,4.47552,4.12061e+06,2.70226e+06,1.05359e+07,0,0,0,0,61.9966,61.308,2.02297,0,1,1.4981,1.4981,0,1.0976,2.1168,8.56347e+06,3.61194e+06,1.28289e+07,0,0,0,0
85.139,85.139,2.95601,0,0,2.55796,2.55796,0,0.479161,4.47552,4.12061e+06,2.70226e+06,1.05403e+07,0,0,0,0,61.604,61.308,1.77935,0,1,1.49872,1.49872,0,1.15743,2.1168,8.56347e+06,3.61194e+06,1.28343e+07,0,0,0,0
84.9547,85.139,2.63249,0,0,2.55902,2.55902,0,0.479361,4.47552,4.12061e+06,2.70226e+06,1.05447e+07,0,0,0,0,61.1231,61.308,1.62531,0,1,1.49935,1.49935,0,1.15791,2.1168,8.56347e+06,3.61194e+06,1.28396e+07,0,0,0,0
84.6822,85.139,2.47913,0,0,2.56009,2.56009,0,0.479561,4.47552,4.12061e+06,2.70226e+06,1.05491e+07,0,0,0,0,60.553,61.308,1.56301,0,1,1.49997,1.49997,0,1.1584,2.1168,8.56347e+06,3.61194e+06,1.2845e+07,0,0,0,0
84.1693,85.139,2.23648,0,0,2.56116,2.56116,0,0.479761,4.47552,4.12061e+06,2.70226e+06,1.05535e+07,0,0,0,0,60.1888,61.308,1.52782,0,1,1.5006,1.5006,0,1.15888,2.1168,8.56347e+06,3.61194e+06,1.28503e+07,0,0,0,0
82.9272,85.139,1.48486,0,0,2.53928,2.53928,0,0.479961,4.47552,4.12061e+06,2.70226e+06,1.04634e+07,0,0,0,0,60.0242,61.308,1.86076,0,1,1.54355,1.54355,0,1.15936,2.1168,8.56347e+06,3.61194e+06,1.32181e+07,0,0,0,0
81.6558,85.139,1.44353,0,0,2.54034,2.54034,0,0.475861,4.47552,4.12061e+06,2.70226e+06,1.04678e+07,0,0,0,0,59.8657,61.308,1.95328,0,1,1.54419,1.54419,0,1.19254,2.1168,8.56347e+06,3.61194e+06,1.32236e+07,0,0,0,0
80.3536,85.139,1.40038,0,0,2.5414,2.5414,0,0.47606,4.47552,4.12061e+06,2.70226e+06,1.04721e+07,0,0,0,0,59.5928,61.308,1.91818,0,1,1.54484,1.54484,0,1.19304,2.1168,8.56347e+06,3.61194e+06,1.32292e+07,0,0,0,0
78.9708,85.139,1.28083,0,0,2.54246,2.54246,0,0.476258,4.47552,4.12061e+06,2.70226e+06,1.04765e+07,0,0,0,0,59.2747,61.308,1.79459,0,1,1.54548,1.54548,0,1.19354,2.1168,8.56347e+06,3.61194e+06,1.32347e+07,0,0,0,0
77.5924,85.139,1.32781,0,0,2.60288,2.60288,0,0.476457,4.47552,4.12061e+06,2.70226e+06,1.07255e+07,0,0,0,0,59.0367,61.308,1.91114,0,1,1.5839,1.5839,0,1.19404,2.1168,8.56347e+06,3.61194e+06,1.35637e+07,0,0,0,0
76.1347,85.139,1.24112,0,0,2.60397,2.60397,0,0.48778,4.47552,4.12061e+06,2.70226e+06,1.07299e+07,0,0,0,0,58.7437,61.308,1.91824,0,1,1.58457,1.58457,0,1.22372,2.1168,8.56347e+06,3.61194e+06,1.35694e+07,0,0,0,0
74.6188,85.139,1.17008,0,0,2.60505,2.60505,0,0.487983,4.47552,4.12061e+06,2.70226e+06,1.07344e+07,0,0,0,0,58.3313,61.308,1.7819,0,1,1.58523,1.58523,0,1.22423,2.1168,8.56347e+06,3.61194e+06,1.3575e+07,0,0,0,0
73.0139,85.139,1.05659,0,0,2.60614,2.60614,0,0.488187,4.47552,4.12061e+06,2.70226e+06,1.07389e+07,0,0,0,0,57.7471,61.308,1.65946,0,1,1.58589,1.58589,0,1.22475,2.1168,8.56347e+06,3.61194e+06,1.35807e+07,0,0,0,0
71.1824,85.139,0.949429,0,0,2.78135,2.78135,0,0.48839,4.47552,4.12061e+06,2.70226e+06,1.14609e+07,0,0,0,0,56.8192,61.308,1.45674,0,1,1.72314,1.72314,0,1.22526,2.1168,8.56347e+06,3.61194e+06,1.47561e+07,0,0,0,0
69.3492,85.139,0.945642,0,0,2.78251,2.78251,0,0.521225,4.47552,4.12061e+06,2.70226e+06,1.14656e+07,0,0,0,0,55.7042,61.308,1.3254,0,1,1.72386,1.72386,0,1.3313,2.1168,8.56347e+06,3.61194e+06,1.47622e+07,0,0,0,0
67.3565,85.139,0.771001,0,0,2.78367,2.78367,0,0.521442,4.47552,4.12061e+06,2.70226e+06,1.14704e+07,0,0,0,0,54.8675,61.308,0.937794,0,1,1.72458,1.72458,0,1.33185,2.1168,8.56347e+06,3.61194e+06,1.47684e+07,0,0,0,0
65.5531,85.139,0.939072,0,0,2.78483,2.78483,0,0.521659,4.47552,4.12061e+06,2.70226e+06,1.14752e+07,0,0,0,0,54.0536,61.308,1.69381,0,1,1.7253,1.7253,0,1.33241,2.1168,8.56347e+06,3.61194e+06,1.47745e+07,0,0,0,0
63.5914,85.139,0.757999,0,0,2.78599,2.78599,0,0.521876,4.47552,4.12061e+06,2.70226e+06,1.148e+07,0,0,0,0,52.8652,61.308,1.18545,0,1,1.72601,1.72601,0,1.33296,2.1168,8.56347e+06,3.61194e+06,1.47807e+07,0,0,0,0
61.6369,85.139,0.767662,0,0,2.70211,2.70211,0,0.522094,4.47552,4.12061e+06,2.70226e+06,1.11343e+07,0,0,0,0,52.1374,61.308,0.999165,0,1,1.64365,1.64365,0,1.33352,2.1168,8.56347e+06,3.61194e+06,1.40754e+07,0,0,0,0
60.2431,85.139,1.2506,0.01,0,2.6326,2.70323,0,0.506375,4.47552,4.12061e+06,2.70226e+06,1.08479e+07,0,0,0,0,51.3262,61.308,1.68709,0,1,1.71496,1.64434,0,1.26989,2.1168,8.56347e+06,3.61194e+06,1.4686e+07,0,0,0,0
58.2679,85.139,0.656875,0.01,0,2.63441,2.70436,0,0.49335,4.47552,4.12061e+06,2.70226e+06,1.08554e+07,0,0,0,0,50.1141,61.308,1.02658,0,1,1.71496,1.64502,0,1.32498,2.1168,8.56347e+06,3.61194e+06,1.4686e+07,0,0,0,0
56.3291,85.139,0.644061,0.01,0,2.63622,2.70548,0,0.493689,4.47552,4.12061e+06,2.70226e+06,1.08629e+07,0,0,0,0,49.101,61.308,0.995966,0,1,1.71496,1.64571,0,1.32498,2.1168,8.56347e+06,3.61194e+06,1.4686e+07,0,0,0,0
54.6808,85.139,0.968599,0.02,0,2.56812,2.63669,0,0.494028,4.47552,4.12061e+06,2.70226e+06,1.05822e+07,0,0,0,0,48.3562,61.308,1.11648,0,1,1.63921,1.57064,0,1.32498,2.1168,8.56347e+06,3.61194e+06,1.40374e+07,0,0,0,0
54.1103,85.139,2.01994,0.02,0,2.49415,2.63779,0,0.481265,4.47552,4.12061e+06,2.70226e+06,1.02774e+07,0,0,0,0,48.1082,61.308,1.33138,0,1,1.71493,1.57129,0,1.26646,2.1168,8.56347e+06,3.61194e+06,1.46858e+07,0,0,0,0
54.6415,85.139,3.16993,0.02,0,2.4959,2.63888,0,0.467403,4.47552,4.12061e+06,2.70226e+06,1.02846e+07,0,0,0,0,48.3016,61.308,2.49519,0,1,1.71493,1.57195,0,1.32496,2.1168,8.56347e+06,3.61194e+06,1.46858e+07,0,0,0,0
54.1044,85.139,2.04591,0.02,0,2.49765,2.63998,0,0.467731,4.47552,4.12061e+06,2.70226e+06,1.02918e+07,0,0,0,0,48.2284,61.308,2.02081,0,1,1.71493,1.5726,0,1.32496,2.1168,8.56347e+06,3.61194e+06,1.46858e+07,0,0,0,0
55.0845,85.139,3.5844,0.02,0,2.3005,2.44218,0,0.468059,4.47552,4.12061e+06,2.70226e+06,9.47945e+06,0,0,0,0,48.4364,61.308,2.10564,0,1,1.55691,1.41523,0,1.32496,2.1168,8.56347e+06,3.61194e+06,1.33325e+07,0,0,0,0
56.025,85.139,3.42835,0.02,0,2.14414,2.44319,0,0.431113,4.47552,4.12061e+06,2.70226e+06,8.83516e+06,0,0,0,0,48.2839,61.308,2.27707,0,1,1.71487,1.41582,0,1.20287,2.1168,8.56347e+06,3.61194e+06,1.46852e+07,0,0,0,0
56.7488,85.139,3.14777,0.02,0,2.14574,2.44421,0,0.401811,4.47552,4.12061e+06,2.70226e+06,8.84177e+06,0,0,0,0,48.055,61.308,2.03791,0,1,1.71487,1.4164,0,1.32491,2.1168,8.56347e+06,3.61194e+06,1.46852e+07,0,0,0,0
57.9921,85.139,3.71786,0.02,0,2.14735,2.44522,0,0.402112,4.47552,4.12061e+06,2.70226e+06,8.84838e+06,0,0,0,0,47.9657,61.308,2.05668,0,1,1.71487,1.41699,0,1.32491,2.1168,8.56347e+06,3.61194e+06,1.46852e+07,0,0,0,0
59.7924,85.139,4.27004,0.01,0,2.14895,2.44624,0,0.402413,4.47552,4.12061e+06,2.70226e+06,8.85499e+06,0,0,0,0,47.5848,61.308,2.2033,0,1,1.71487,1.41758,0,1.32491,2.1168,8.56347e+06,3.61194e+06,1.46852e+07,0,0,0,0
60.5368,85.139,3.56751,0,0,2.5239,2.5239,0,0.402713,4.47552,4.12061e+06,2.70226e+06,1.04e+07,0,0,0,0,47.1574,61.308,1.67697,0,1,1.46401,1.46401,0,1.32491,2.1168,8.56347e+06,3.61194e+06,1.2537e+07,0,0,0,0
61.2291,85.139,3.51358,0,0,2.52491,2.52491,0,0.472979,4.47552,4.12061e+06,2.70226e+06,1.04042e+07,0,0,0,0,47.7069,61.308,2.34338,0,1,1.4646,1.4646,0,1.1311,2.1168,8.56347e+06,3.61194e+06,1.25421e+07,0,0,0,0
61.6495,85.139,3.28938,0,0,2.52593,2.52593,0,0.473169,4.47552,4.12061e+06,2.70226e+06,1.04084e+07,0,0,0,0,48.5547,61.308,3.05357,0,1,1.46519,1.46519,0,1.13155,2.1168,8.56347e+06,3.61194e+06,1.25471e+07,0,0,0,0
61.4728,85.139,2.5776,0,0,2.52695,2.52695,0,0.47336,4.47552,4.12061e+06,2.70226e+06,1.04126e+07,0,0,0,0,49.3264,61.308,2.93006,0,1,1.46578,1.46578,0,1.13201,2.1168,8.56347e+06,3.61194e+06,1.25522e+07,0,0,0,0
61.2123,85.139,2.75397,0,0,2.77454,2.77454,0,0.47355,4.47552,4.12061e+06,2.70226e+06,1.14328e+07,0,0,0,0,49.5012,61.308,2.44753,0,1,1.63879,1.63879,0,1.13246,2.1168,8.56347e+06,3.61194e+06,1.40337e+07,0,0,0,0
62.1477,85.139,4.05653,0,0,2.77565,2.77565,0,0.519948,4.47552,4.12061e+06,2.70226e+06,1.14374e+07,0,0,0,0,49.6964,61.308,3.14861,0,1,1.63945,1.63945,0,1.26613,2.1168,8.56347e+06,3.61194e+06,1.40393e+07,0,0,0,0
62.8186,85.139,3.71705,0.01,0,2.70194,2.77677,0,0.520157,4.47552,4.12061e+06,2.70226e+06,1.11336e+07,0,0,0,0,49.886,61.308,3.31586,0,1,1.71494,1.6401,0,1.26664,2.1168,8.56347e+06,3.61194e+06,1.46858e+07,0,0,0,0
63.8945,85.139,4.1826,0,0,2.77789,2.77789,0,0.506343,4.47552,4.12061e+06,2.70226e+06,1.14466e+07,0,0,0,0,50.0639,61.308,3.36309,0,1,1.64076,1.64076,0,1.32496,2.1168,8.56347e+06,3.61194e+06,1.40506e+07,0,0,0,0
65.2311,85.139,4.17216,0,0,2.42675,2.42675,0,0.520576,4.47552,4.12061e+06,2.70226e+06,9.99968e+06,0,0,0,0,50.8423,61.308,4.33927,0,1,1.40967,1.40967,0,1.26765,2.1168,8.56347e+06,3.61194e+06,1.20717e+07,0,0,0,0
66.7106,85.139,4.27987,0,0,2.42772,2.42772,0,0.454772,4.47552,4.12061e+06,2.70226e+06,1.00037e+07,0,0,0,0,51.5695,61.308,4.27508,0,1,1.41024,1.41024,0,1.08911,2.1168,8.56347e+06,3.61194e+06,1.20765e+07,0,0,0,0
68.7435,85.139,5.04496,0,0,2.4287,2.4287,0,0.454955,4.47552,4.12061e+06,2.70226e+06,1.00077e+07,0,0,0,0,53.8087,61.308,7.38965,0,1,1.4108,1.4108,0,1.08955,2.1168,8.56347e+06,3.61194e+06,1.20814e+07,0,0,0,0
70.4607,85.139,4.65714,0,0,2.42968,2.42968,0,0.455138,4.47552,4.12061e+06,2.70226e+06,1.00117e+07,0,0,0,0,54.9485,61.308,5.25314,0,1,1.41137,1.41137,0,1.08999,2.1168,8.56347e+06,3.61194e+06,1.20862e+07,0,0,0,0
71.9162,85.139,4.32409,0,0,2.43065,2.43065,0,0.455321,4.47552,4.12061e+06,2.70226e+06,1.00158e+07,0,0,0,0,55.6907,61.308,4.74266,0,1,1.41194,1.41194,0,1.09043,2.1168,8.56347e+06,3.61194e+06,1.20911e+07,0,0,0,0
73.9728,85.139,5.03506,0,0,2.52048,2.52048,0,0.455504,4.47552,4.12061e+06,2.70226e+06,1.03859e+07,0,0,0,0,56.3476,61.308,3.63876,0,1,1.46932,1.46932,0,1.09086,2.1168,8.56347e+06,3.61194e+06,1.25824e+07,0,0,0,0
75.2436,85.139,4.26123,0,0,2.52149,2.52149,0,0.472337,4.47552,4.12061e+06,2.70226e+06,1.03901e+07,0,0,0,0,56.7367,61.308,2.97343,0,1,1.46991,1.46991,0,1.13519,2.1168,8.56347e+06,3.61194e+06,1.25875e+07,0,0,0,0
75.8474,85.139,3.58113,0,0,2.5225,2.5225,0,0.472527,4.47552,4.12061e+06,2.70226e+06,1.03942e+07,0,0,0,0,56.7981,61.308,2.46106,0,1,1.4705,1.4705,0,1.13565,2.1168,8.56347e+06,3.61194e+06,1.25926e+07,0,0,0,0
75.9038,85.139,2.91357,0,0,2.52351,2.52351,0,0.472717,4.47552,4.12061e+06,2.70226e+06,1.03984e+07,0,0,0,0,56.8627,61.308,2.06849,0,1,1.47109,1.47109,0,1.13611,2.1168,8.56347e+06,3.61194e+06,1.25976e+07,0,0,0,0
76.6286,85.139,3.59207,0,0,2.48973,2.48973,0,0.472907,4.47552,4.12061e+06,2.70226e+06,1.02592e+07,0,0,0,0,56.8461,61.308,2.42974,0,1,1.44958,1.44958,0,1.13656,2.1168,8.56347e+06,3.61194e+06,1.24134e+07,0,0,0,0
76.8893,85.139,3.12235,0,0,2.49073,2.49073,0,0.466576,4.47552,4.12061e+06,2.70226e+06,1.02633e+07,0,0,0,0,56.8092,61.308,2.09409,0,1,1.45016,1.45016,0,1.11994,2.1168,8.56347e+06,3.61194e+06,1.24184e+07,0,0,0,0
76.8883,85.139,2.80806,0,0,2.49173,2.49173,0,0.466763,4.47552,4.12061e+06,2.70226e+06,1.02675e+07,0,0,0,0,56.6798,61.308,1.87759,0,1,1.45074,1.45074,0,1.12039,2.1168,8.56347e+06,3.61194e+06,1.24234e+07,0,0,0,0
76.829,85.139,2.70522,0,0,2.49273,2.49273,0,0.466951,4.47552,4.12061e+06,2.70226e+06,1.02716e+07,0,0,0,0,56.4734,61.308,1.95857,0,1,1.45132,1.45132,0,1.12084,2.1168,8.56347e+06,3.61194e+06,1.24284e+07,0,0,0,0
76.5425,85.139,2.56183,0,0,2.61203,2.61203,0,0.467138,4.47552,4.12061e+06,2.70226e+06,1.07632e+07,0,0,0,0,56.1141,61.308,1.84709,0,1,1.5304,1.5304,0,1.12129,2.1168,8.56347e+06,3.61194e+06,1.31056e+07,0,0,0,0
76.2903,85.139,2.57807,0,0,2.61308,2.61308,0,0.489494,4.47552,4.12061e+06,2.70226e+06,1.07675e+07,0,0,0,0,55.8091,61.308,1.82006,0,1,1.53102,1.53102,0,1.18239,2.1168,8.56347e+06,3.61194e+06,1.31108e+07,0,0,0,0
75.9169,85.139,2.44844,0,0,2.61413,2.61413,0,0.489691,4.47552,4.12061e+06,2.70226e+06,1.07718e+07,0,0,0,0,55.3914,61.308,1.772,0,1,1.53163,1.53163,0,1.18287,2.1168,8.56347e+06,3.61194e+06,1.31161e+07,0,0,0,0
75.411,85.139,2.30429,0,0,2.61517,2.61517,0,0.489887,4.47552,4.12061e+06,2.70226e+06,1.07761e+07,0,0,0,0,54.9189,61.308,1.66049,0,1,1.53225,1.53225,0,1.18334,2.1168,8.56347e+06,3.61194e+06,1.31214e+07,0,0,0,0
74.7712,85.139,2.1217,0,0,2.61622,2.61622,0,0.490084,4.47552,4.12061e+06,2.70226e+06,1.07804e+07,0,0,0,0,54.2323,61.308,1.58279,0,1,1.53286,1.53286,0,1.18381,2.1168,8.56347e+06,3.61194e+06,1.31266e+07,0,0,0,0
73.1397,85.139,1.06066,0,0,2.59383,2.59383,0,0.49028,4.47552,4.12061e+06,2.70226e+06,1.06882e+07,0,0,0,0,53.3508,61.308,1.34034,0,1,1.57671,1.57671,0,1.18429,2.1168,8.56347e+06,3.61194e+06,1.35021e+07,0,0,0,0
71.4299,85.139,0.96489,0,0,2.59487,2.59487,0,0.486084,4.47552,4.12061e+06,2.70226e+06,1.06925e+07,0,0,0,0,52.3721,61.308,1.25748,0,1,1.57734,1.57734,0,1.21816,2.1168,8.56347e+06,3.61194e+06,1.35075e+07,0,0,0,0
69.6693,85.139,0.896555,0,0,2.59591,2.59591,0,0.486279,4.47552,4.12061e+06,2.70226e+06,1.06967e+07,0,0,0,0,51.3092,61.308,1.14911,0,1,1.57797,1.57797,0,1.21865,2.1168,8.56347e+06,3.61194e+06,1.35129e+07,0,0,0,0
67.8994,85.139,0.868275,0,0,2.59695,2.59695,0,0.486474,4.47552,4.12061e+06,2.70226e+06,1.0701e+07,0,0,0,0,50.1222,61.308,1.07217,0,1,1.5786,1.5786,0,1.21914,2.1168,8.56347e+06,3.61194e+06,1.35183e+07,0,0,0,0
65.9768,85.139,0.733006,0,0,2.65863,2.65863,0,0.486669,4.47552,4.12061e+06,2.70226e+06,1.09552e+07,0,0,0,0,48.9625,61.308,0.921615,0,1,1.61783,1.61783,0,1.21963,2.1168,8.56347e+06,3.61194e+06,1.38542e+07,0,0,0,0
64.0936,85.139,0.768224,0,0,2.65969,2.65969,0,0.498226,4.47552,4.12061e+06,2.70226e+06,1.09596e+07,0,0,0,0,47.9321,61.308,1.09849,0,1,1.61847,1.61847,0,1.24993,2.1168,8.56347e+06,3.61194e+06,1.38598e+07,0,0,0,0
62.1627,85.139,0.693255,0,0,2.66076,2.66076,0,0.498426,4.47552,4.12061e+06,2.70226e+06,1.09639e+07,0,0,0,0,46.7231,61.308,1.05225,0,1,1.61912,1.61912,0,1.25043,2.1168,8.56347e+06,3.61194e+06,1.38653e+07,0,0,0,0
60.1907,85.139,0.631571,0,0,2.66182,2.66182,0,0.498626,4.47552,4.12061e+06,2.70226e+06,1.09683e+07,0,0,0,0,45.6336,61.308,0.913791,0,1,1.61977,1.61977,0,1.25093,2.1168,8.56347e+06,3.61194e+06,1.38709e+07,0,0,0,0
58.1351,85.139,0.6608,0,0,2.84073,2.84073,0,0.498825,4.47552,4.12061e+06,2.70226e+06,1.17055e+07,0,0,0,0,44.2795,61.308,1.0874,0,1,1.75993,1.75993,0,1.25144,2.1168,8.56347e+06,3.61194e+06,1.50711e+07,0,0,0,0
55.982,85.139,0.545744,0,0,2.84187,2.84187,0,0.532353,4.47552,4.12061e+06,2.70226e+06,1.17102e+07,0,0,0,0,42.8701,61.308,0.782827,0,1,1.76064,1.76064,0,1.35972,2.1168,8.56347e+06,3.61194e+06,1.50772e+07,0,0,0,0
53.7917,85.139,0.492591,0.01,0,2.84301,2.84301,0,0.532566,4.47552,4.12061e+06,2.70226e+06,1.17149e+07,0,0,0,0,41.4858,61.308,0.750119,0,1,1.76134,1.76134,0,1.36027,2.1168,8.56347e+06,3.61194e+06,1.50832e+07,0,0,0,0
51.6389,85.139,0.496237,0.02,0,2.84415,2.84415,0,0.532779,4.47552,4.12061e+06,2.70226e+06,1.17196e+07,0,0,0,0,40.2738,61.308,0.812949,0,1,1.76205,1.76205,0,1.36081,2.1168,8.56347e+06,3.61194e+06,1.50892e+07,0,0,0,0
49.5188,85.139,0.500913,0.02,0,2.84528,2.84528,0,0.532993,4.47552,4.12061e+06,2.70226e+06,1.17243e+07,0,0,0,0,39.5748,61.308,0.950559,0,1,1.76275,1.76275,0,1.36136,2.1168,8.56347e+06,3.61194e+06,1.50953e+07,0,0,0,0
47.6077,85.139,0.604707,0.02,0,2.75957,2.75957,0,0.533206,4.47552,4.12061e+06,2.70226e+06,1.13711e+07,0,0,0,0,38.9089,61.308,1.74697,0,1,1.67861,1.67861,0,1.3619,2.1168,8.56347e+06,3.61194e+06,1.43747e+07,0,0,0,0
45.7232,85.139,0.577013,0.02,0,2.72501,2.76068,0,0.517144,4.47552,4.12061e+06,2.70226e+06,1.12287e+07,0,0,0,0,37.837,61.308,1.26216,0,1,1.71495,1.67928,0,1.29689,2.1168,8.56347e+06,3.61194e+06,1.46859e+07,0,0,0,0
43.7703,85.139,0.474324,0.02,0,2.72679,2.76178,0,0.510667,4.47552,4.12061e+06,2.70226e+06,1.1236e+07,0,0,0,0,36.8938,61.308,1.00077,0,1,1.71495,1.67995,0,1.32497,2.1168,8.56347e+06,3.61194e+06,1.46859e+07,0,0,0,0
42.0815,85.139,0.773798,0.02,0,2.72856,2.76289,0,0.511,4.47552,4.12061e+06,2.70226e+06,1.12433e+07,0,0,0,0,36.4949,61.308,1.34439,0,1,1.71495,1.68063,0,1.32497,2.1168,8.56347e+06,3.61194e+06,1.46859e+07,0,0,0,0
41.3253,85.139,1.72378,0.02,0,2.65894,2.69259,0,0.511333,4.47552,4.12061e+06,2.70226e+06,1.09565e+07,0,0,0,0,36.2533,61.308,1.9579,0,1,1.6376,1.60394,0,1.32497,2.1168,8.56347e+06,3.61194e+06,1.40235e+07,0,0,0,0
40.3452,85.139,1.40356,0.02,0,2.58333,2.69367,0,0.498285,4.47552,4.12061e+06,2.70226e+06,1.06449e+07,0,0,0,0,35.8923,61.308,1.50449,0,1,1.71492,1.60458,0,1.26521,2.1168,8.56347e+06,3.61194e+06,1.46857e+07,0,0,0,0
39.4244,85.139,1.44379,0.02,0,2.58505,2.69475,0,0.484116,4.47552,4.12061e+06,2.70226e+06,1.0652e+07,0,0,0,0,35.7464,61.308,2.73143,0,1,1.71492,1.60522,0,1.32495,2.1168,8.56347e+06,3.61194e+06,1.46857e+07,0,0,0,0
40.9539,85.139,4.07468,0.02,0,2.58677,2.69582,0,0.484438,4.47552,4.12061e+06,2.70226e+06,1.06591e+07,0,0,0,0,36.96,61.308,6.20106,0,1,1.71492,1.60587,0,1.32495,2.1168,8.56347e+06,3.61194e+06,1.46857e+07,0,0,0,0
41.5264,85.139,2.93304,0.02,0,2.38538,2.49379,0,0.484761,4.47552,4.12061e+06,2.70226e+06,9.82923e+06,0,0,0,0,37.5166,61.308,2.69912,0,1,1.55355,1.44514,0,1.32495,2.1168,8.56347e+06,3.61194e+06,1.33038e+07,0,0,0,0
43.2875,85.139,4.02082,0.02,0,2.22565,2.49479,0,0.44702,4.47552,4.12061e+06,2.70226e+06,9.17104e+06,0,0,0,0,37.7019,61.308,2.77347,0,1,1.71486,1.44572,0,1.20028,2.1168,8.56347e+06,3.61194e+06,1.46851e+07,0,0,0,0
44.8283,85.139,3.88266,0.02,0,2.22723,2.49579,0,0.417087,4.47552,4.12061e+06,2.70226e+06,9.17753e+06,0,0,0,0,38.0346,61.308,3.1007,0,1,1.71486,1.4463,0,1.3249,2.1168,8.56347e+06,3.61194e+06,1.46851e+07,0,0,0,0
47.4585,85.139,4.94322,0.02,0,2.2288,2.49679,0,0.417382,4.47552,4.12061e+06,2.70226e+06,9.18402e+06,0,0,0,0,38.515,61.308,3.66766,0,1,1.71486,1.44687,0,1.3249,2.1168,8.56347e+06,3.61194e+06,1.46851e+07,0,0,0,0
49.7487,85.139,4.81069,0.02,0,2.23038,2.49778,0,0.417677,4.47552,4.12061e+06,2.70226e+06,9.19051e+06,0,0,0,0,38.919,61.308,3.62273,0,1,1.71486,1.44745,0,1.3249,2.1168,8.56347e+06,3.61194e+06,1.46851e+07,0,0,0,0
53.4448,85.139,6.2652,0.02,0,2.31021,2.57704,0,0.417972,4.47552,4.12061e+06,2.70226e+06,9.51947e+06,0,0,0,0,38.9904,61.308,2.99997,0,1,1.76167,1.49484,0,1.3249,2.1168,8.56347e+06,3.61194e+06,1.5086e+07,0,0,0,9.32321e+07
55.9824,85.139,5.13759,0.01,0,2.35859,2.57803,0,0.432933,4.47552,4.12061e+06,2.70226e+06,9.71883e+06,0,0,0,0,39.3057,61.308,2.94057,0,1,1.71486,1.49541,0,1.36106,2.1168,8.56347e+06,3.61194e+06,1.46851e+07,0,0,0,9.32321e+07
58.3907,85.139,5.10821,0.01,0,2.36016,2.57903,0,0.442,4.47552,4.12061e+06,2.70226e+06,9.72531e+06,0,0,0,0,39.9752,61.308,3.75385,0,1,1.71486,1.49599,0,1.3249,2.1168,8.56347e+06,3.61194e+06,1.46851e+07,0,0,0,9.32321e+07
59.5641,85.139,3.95011,0,0,2.58002,2.58002,0,0.442294,4.47552,4.12061e+06,2.70226e+06,1.06313e+07,0,0,0,0,40.872,61.308,3.88632,0,1,1.49657,1.49657,0,1.3249,2.1168,8.56347e+06,3.61194e+06,1.28158e+07,0,0,0,9.32321e+07
60.5765,85.139,4.04602,0,0,2.83277,2.83277,0,0.483496,4.47552,4.12061e+06,2.70226e+06,1.16727e+07,0,0,0,0,41.2232,61.308,3.43204,0,1,1.67318,1.67318,0,1.15625,2.1168,8.56347e+06,3.61194e+06,1.43282e+07,0,0,0,9.32321e+07
62.2861,85.139,4.76045,0,0,2.83386,2.83386,0,0.53086,4.47552,4.12061e+06,2.70226e+06,1.16772e+07,0,0,0,0,41.3544,61.308,3.6883,0,1,1.67383,1.67383,0,1.2927,2.1168,8.56347e+06,3.61194e+06,1.43338e+07,0,0,0,9.32321e+07
62.956,85.139,3.63426,0.01,0,2.7945,2.83495,0,0.531065,4.47552,4.12061e+06,2.70226e+06,1.1515e+07,0,0,0,0,41.4697,61.308,2.64603,0,1,1.71493,1.67447,0,1.2932,2.1168,8.56347e+06,3.61194e+06,1.46857e+07,0,0,0,9.32321e+07
64.9696,85.139,5.09699,0,0,2.83605,2.83605,0,0.523689,4.47552,4.12061e+06,2.70226e+06,1.16862e+07,0,0,0,0,41.586,61.308,2.61331,0,1,1.67512,1.67512,0,1.32495,2.1168,8.56347e+06,3.61194e+06,1.43448e+07,0,0,0,9.32321e+07
67.3045,85.139,5.3844,0,0,2.47752,2.47752,0,0.531475,4.47552,4.12061e+06,2.70226e+06,1.02089e+07,0,0,0,0,42.5593,61.308,4.01856,0,1,1.43916,1.43916,0,1.2942,2.1168,8.56347e+06,3.61194e+06,1.23242e+07,0,0,0,9.32321e+07
71.3777,85.139,7.0781,0,0,2.47847,2.47847,0,0.464286,4.47552,4.12061e+06,2.70226e+06,1.02128e+07,0,0,0,0,44.1392,61.308,7.45905,0,1,1.43972,1.43972,0,1.1119,2.1168,8.56347e+06,3.61194e+06,1.2329e+07,0,0,0,9.32321e+07
74.9911,85.139,6.58436,0,0,2.47943,2.47943,0,0.464466,4.47552,4.12061e+06,2.70226e+06,1.02168e+07,0,0,0,0,45.1757,61.308,5.6268,0,1,1.44027,1.44027,0,1.11232,2.1168,8.56347e+06,3.61194e+06,1.23337e+07,0,0,0,9.32321e+07
77.2564,85.139,5.28593,0,0,2.48038,2.48038,0,0.464645,4.47552,4.12061e+06,2.70226e+06,1.02207e+07,0,0,0,0,45.7821,61.308,3.98688,0,1,1.44083,1.44083,0,1.11275,2.1168,8.56347e+06,3.61194e+06,1.23385e+07,0,0,0,9.32321e+07
77.9766,85.139,3.67856,0,0,2.48134,2.48134,0,0.464824,4.47552,4.12061e+06,2.70226e+06,1.02246e+07,0,0,0,0,46.0273,61.308,3.14019,0,1,1.44138,1.44138,0,1.11318,2.1168,8.56347e+06,3.61194e+06,1.23432e+07,0,0,0,9.32321e+07
81.0052,85.139,6.19286,0,0,2.57299,2.57299,0,0.465003,4.47552,4.12061e+06,2.70226e+06,1.06023e+07,0,0,0,0,46.6595,61.308,5.18357,0,1,1.49993,1.49993,0,1.11361,2.1168,8.56347e+06,3.61194e+06,1.28446e+07,0,0,0,9.32321e+07
84.971,85.139,7.23425,0,0,2.57399,2.57399,0,0.482179,4.47552,4.12061e+06,2.70226e+06,1.06064e+07,0,0,0,0,48.0985,61.308,6.72844,0,1,1.50051,1.50051,0,1.15885,2.1168,8.56347e+06,3.61194e+06,1.28496e+07,0,0,0,9.32321e+07
85.139,85.139,5.09287,0,0,2.57498,2.57498,0,0.482365,4.47552,4.12061e+06,2.70226e+06,1.06105e+07,0,0,0,0,48.5413,61.308,4.1013,0,1,1.50109,1.50109,0,1.15929,2.1168,8.56347e+06,3.61194e+06,1.28545e+07,0,0,0,9.32321e+07
85.139,85.139,4.64736,0,0,2.57597,2.57597,0,0.482551,4.47552,4.12061e+06,2.70226e+06,1.06146e+07,0,0,0,0,49.0788,61.308,4.29456,0,1,1.50167,1.50167,0,1.15974,2.1168,8.56347e+06,3.61194e+06,1.28595e+07,0,0,0,9.32321e+07
85.139,85.139,4.05736,0,0,2.54145,2.54145,0,0.482737,4.47552,4.12061e+06,2.70226e+06,1.04723e+07,0,0,0,0,49.4825,61.308,3.67101,0,1,1.47969,1.47969,0,1.16019,2.1168,8.56347e+06,3.61194e+06,1.26712e+07,0,0,0,9.32321e+07
85.139,85.139,3.40218,0,0,2.54243,2.54243,0,0.476267,4.47552,4.12061e+06,2.70226e+06,1.04763e+07,0,0,0,0,49.894,61.308,3.68289,0,1,1.48026,1.48026,0,1.14321,2.1168,8.56347e+06,3.61194e+06,1.26761e+07,0,0,0,9.32321e+07
85.139,85.139,4.4419,0,0,2.5434,2.5434,0,0.476451,4.47552,4.12061e+06,2.70226e+06,1.04804e+07,0,0,0,0,50.4254,61.308,3.95314,0,1,1.48083,1.48083,0,1.14365,2.1168,8.56347e+06,3.61194e+06,1.2681e+07,0,0,0,9.32321e+07
85.139,85.139,4.04504,0,0,2.54438,2.54438,0,0.476634,4.47552,4.12061e+06,2.70226e+06,1.04844e+07,0,0,0,0,50.9197,61.308,3.84077,0,1,1.4814,1.4814,0,1.14409,2.1168,8.56347e+06,3.61194e+06,1.26859e+07,0,0,0,9.32321e+07
85.1088,85.139,2.99146,0,0,2.66611,2.66611,0,0.476818,4.47552,4.12061e+06,2.70226e+06,1.0986e+07,0,0,0,0,51.1388,61.308,3.20921,0,1,1.56209,1.56209,0,1.14453,2.1168,8.56347e+06,3.61194e+06,1.33769e+07,0,0,0,9.32321e+07
84.9031,85.139,2.77269,0,0,2.66714,2.66714,0,0.499629,4.47552,4.12061e+06,2.70226e+06,1.09902e+07,0,0,0,0,51.2471,61.308,2.70209,0,1,1.56269,1.56269,0,1.20687,2.1168,8.56347e+06,3.61194e+06,1.33821e+07,0,0,0,9.32321e+07
84.4174,85.139,2.42836,0,0,2.66816,2.66816,0,0.499821,4.47552,4.12061e+06,2.70226e+06,1.09945e+07,0,0,0,0,51.1863,61.308,2.4958,0,1,1.56329,1.56329,0,1.20734,2.1168,8.56347e+06,3.61194e+06,1.33872e+07,0,0,0,9.32321e+07
83.8416,85.139,2.32196,0,0,2.66919,2.66919,0,0.500013,4.47552,4.12061e+06,2.70226e+06,1.09987e+07,0,0,0,0,51.1583,61.308,2.52067,0,1,1.56389,1.56389,0,1.2078,2.1168,8.56347e+06,3.61194e+06,1.33924e+07,0,0,0,9.32321e+07
83.1694,85.139,2.21658,0,0,2.67022,2.67022,0,0.500206,4.47552,4.12061e+06,2.70226e+06,1.10029e+07,0,0,0,0,51.1328,61.308,2.44421,0,1,1.5645,1.5645,0,1.20827,2.1168,8.56347e+06,3.61194e+06,1.33975e+07,0,0,0,9.32321e+07
82.5127,85.139,2.17603,0,0,2.64732,2.64732,0,0.500398,4.47552,4.12061e+06,2.70226e+06,1.09086e+07,0,0,0,0,51.0426,61.308,2.26746,0,1,1.60922,1.60922,0,1.20873,2.1168,8.56347e+06,3.61194e+06,1.37805e+07,0,0,0,9.32321e+07
81.7208,85.139,2.03215,0,0,2.64834,2.64834,0,0.496108,4.47552,4.12061e+06,2.70226e+06,1.09128e+07,0,0,0,0,50.936,61.308,2.19943,0,1,1.60984,1.60984,0,1.24328,2.1168,8.56347e+06,3.61194e+06,1.37858e+07,0,0,0,9.32321e+07
80.7554,85.139,1.85164,0,0,2.64936,2.64936,0,0.496298,4.47552,4.12061e+06,2.70226e+06,1.0917e+07,0,0,0,0,50.7903,61.308,2.01364,0,1,1.61046,1.61046,0,1.24376,2.1168,8.56347e+06,3.61194e+06,1.37911e+07,0,0,0,9.32321e+07
79.6568,85.139,1.69189,0,0,2.65038,2.65038,0,0.496489,4.47552,4.12061e+06,2.70226e+06,1.09212e+07,0,0,0,0,50.4108,61.308,1.92623,0,1,1.61108,1.61108,0,1.24424,2.1168,8.56347e+06,3.61194e+06,1.37964e+07,0,0,0,9.32321e+07
78.3652,85.139,1.50424,0,0,2.71327,2.71327,0,0.49668,4.47552,4.12061e+06,2.70226e+06,1.11803e+07,0,0,0,0,49.7798,61.308,1.6345,0,1,1.65108,1.65108,0,1.24472,2.1168,8.56347e+06,3.61194e+06,1.4139e+07,0,0,0,9.32321e+07
77.0732,85.139,1.50711,0,0,2.71432,2.71432,0,0.508467,4.47552,4.12061e+06,2.70226e+06,1.11846e+07,0,0,0,0,49.2852,61.308,1.62966,0,1,1.65172,1.65172,0,1.27562,2.1168,8.56347e+06,3.61194e+06,1.41444e+07,0,0,0,9.32321e+07
75.676,85.139,1.3784,0,0,2.71536,2.71536,0,0.508663,4.47552,4.12061e+06,2.70226e+06,1.11889e+07,0,0,0,0,48.5415,61.308,1.60651,0,1,1.65235,1.65235,0,1.27612,2.1168,8.56347e+06,3.61194e+06,1.41499e+07,0,0,0,9.32321e+07
74.1772,85.139,1.26474,0,0,2.7164,2.7164,0,0.508858,4.47552,4.12061e+06,2.70226e+06,1.11932e+07,0,0,0,0,47.9545,61.308,1.40797,0,1,1.65299,1.65299,0,1.27661,2.1168,8.56347e+06,3.61194e+06,1.41553e+07,0,0,0,9.32321e+07
72.6142,85.139,1.33093,0,0,2.89893,2.89893,0,0.509054,4.47552,4.12061e+06,2.70226e+06,1.19454e+07,0,0,0,0,47.337,61.308,1.66615,0,1,1.79599,1.79599,0,1.2771,2.1168,8.56347e+06,3.61194e+06,1.53799e+07,0,0,0,9.32321e+07
70.8274,85.139,1.07367,0,0,2.90005,2.90005,0,0.54326,4.47552,4.12061e+06,2.70226e+06,1.195e+07,0,0,0,0,46.6389,61.308,1.58417,0,1,1.79668,1.79668,0,1.38758,2.1168,8.56347e+06,3.61194e+06,1.53858e+07,0,0,0,9.32321e+07
68.9989,85.139,1.0122,0,0,2.90116,2.90116,0,0.543469,4.47552,4.12061e+06,2.70226e+06,1.19546e+07,0,0,0,0,46.0421,61.308,1.47653,0,1,1.79737,1.79737,0,1.38812,2.1168,8.56347e+06,3.61194e+06,1.53917e+07,0,0,0,9.32321e+07
67.5458,85.139,1.37841,0,0,2.90228,2.90228,0,0.543678,4.47552,4.12061e+06,2.70226e+06,1.19592e+07,0,0,0,0,45.5625,61.308,1.66336,0,1,1.79806,1.79806,0,1.38865,2.1168,8.56347e+06,3.61194e+06,1.53976e+07,0,0,0,9.32321e+07
66.6776,85.139,2.0212,0.01,0,2.90339,2.90339,0,0.543887,4.47552,4.12061e+06,2.70226e+06,1.19637e+07,0,0,0,0,45.2557,61.308,1.97386,0,1,1.79875,1.79875,0,1.38918,2.1168,8.56347e+06,3.61194e+06,1.54036e+07,0,0,0,9.32321e+07
65.4147,85.139,1.54073,0.01,0,2.81589,2.81589,0,0.544096,4.47552,4.12061e+06,2.70226e+06,1.16032e+07,0,0,0,0,45.2834,61.308,4.66391,0,1,1.71286,1.71286,0,1.38972,2.1168,8.56347e+06,3.61194e+06,1.46681e+07,0,0,0,9.32321e+07
63.7827,85.139,1.162,0,0,2.81697,2.81697,0,0.527697,4.47552,4.12061e+06,2.70226e+06,1.16076e+07,0,0,0,0,44.9449,61.308,3.61443,0,1,1.71352,1.71352,0,1.32336,2.1168,8.56347e+06,3.61194e+06,1.46737e+07,0,0,0,9.32321e+07
61.9637,85.139,0.953726,0,0,2.81805,2.81805,0,0.5279,4.47552,4.12061e+06,2.70226e+06,1.16121e+07,0,0,0,0,44.5,61.308,2.84781,0,1,1.71418,1.71418,0,1.32387,2.1168,8.56347e+06,3.61194e+06,1.46793e+07,0,0,0,9.32321e+07
60.6722,85.139,1.55878,0.02,0,2.81903,2.81913,0,0.528103,4.47552,4.12061e+06,2.70226e+06,1.16161e+07,0,0,0,0,44.3659,61.308,3.74123,0,1,1.71494,1.71484,0,1.32438,2.1168,8.56347e+06,3.61194e+06,1.46858e+07,0,0,0,9.32321e+07
60.8098,85.139,3.1165,0.02,0,2.74736,2.74736,0,0.528286,4.47552,4.12061e+06,2.70226e+06,1.13208e+07,0,0,0,0,44.716,61.308,5.01244,0,1,1.63657,1.63657,0,1.32496,2.1168,8.56347e+06,3.61194e+06,1.40147e+07,0,0,0,9.32321e+07
58.7684,85.139,0.819219,0.02,0,2.6707,2.74841,0,0.514855,4.47552,4.12061e+06,2.70226e+06,1.10049e+07,0,0,0,0,44.4259,61.308,1.70333,0,1,1.71491,1.63719,0,1.26441,2.1168,8.56347e+06,3.61194e+06,1.46856e+07,0,0,0,9.32321e+07
57.5702,85.139,1.69735,0.02,0,2.67238,2.74947,0,0.500489,4.47552,4.12061e+06,2.70226e+06,1.10119e+07,0,0,0,0,44.7566,61.308,3.72766,0,1,1.71491,1.63782,0,1.32494,2.1168,8.56347e+06,3.61194e+06,1.46856e+07,0,0,0,9.32321e+07
57.9705,85.139,3.46101,0.01,0,2.67407,2.75052,0,0.500805,4.47552,4.12061e+06,2.70226e+06,1.10188e+07,0,0,0,0,46.2,61.308,7.84544,0,1,1.71491,1.63845,0,1.32494,2.1168,8.56347e+06,3.61194e+06,1.46856e+07,0,0,0,9.32321e+07
57.9737,85.139,2.76929,0.01,0,2.46853,2.54435,0,0.50112,4.47552,4.12061e+06,2.70226e+06,1.01718e+07,0,0,0,0,47.3277,61.308,5.86905,0,1,1.55027,1.47444,0,1.32494,2.1168,8.56347e+06,3.61194e+06,1.32757e+07,0,0,0,9.32321e+07
57.7631,85.139,2.34783,0.01,0,2.30549,2.54533,0,0.462602,4.47552,4.12061e+06,2.70226e+06,9.50003e+06,0,0,0,0,48.6322,61.308,5.89643,0,1,1.71485,1.475,0,1.19774,2.1168,8.56347e+06,3.61194e+06,1.4685e+07,0,0,0,9.32321e+07
57.4293,85.139,2.26688,0.01,0,2.30703,2.54631,0,0.432049,4.47552,4.12061e+06,2.70226e+06,9.50638e+06,0,0,0,0,49.9936,61.308,5.8521,0,1,1.71485,1.47557,0,1.32489,2.1168,8.56347e+06,3.61194e+06,1.4685e+07,0,0,0,9.32321e+07
57.9327,85.139,3.06072,0.01,0,2.30857,2.54728,0,0.432338,4.47552,4.12061e+06,2.70226e+06,9.51273e+06,0,0,0,0,51.8535,61.308,7.53815,0,1,1.71485,1.47614,0,1.32489,2.1168,8.56347e+06,3.61194e+06,1.4685e+07,0,0,0,9.32321e+07
58.2599,85.139,3.05271,0.01,0,2.31012,2.54826,0,0.432627,4.47552,4.12061e+06,2.70226e+06,9.51909e+06,0,0,0,0,53.8039,61.308,8.12106,0,1,1.71485,1.4767,0,1.32489,2.1168,8.56347e+06,3.61194e+06,1.4685e+07,0,0,0,9.32321e+07
60.4423,85.139,4.9427,0.01,0,2.3915,2.62907,0,0.432916,4.47552,4.12061e+06,2.70226e+06,9.85442e+06,0,0,0,0,55.7334,61.308,7.04514,0,1,1.7626,1.52502,0,1.32489,2.1168,8.56347e+06,3.61194e+06,1.5094e+07,0,0,0,9.32321e+07
60.0993,85.139,2.49767,0.01,0,2.44079,2.63005,0,0.448166,4.47552,4.12061e+06,2.70226e+06,1.00575e+07,0,0,0,0,56.4285,61.308,4.24483,0,1,1.71484,1.52558,0,1.36178,2.1168,8.56347e+06,3.61194e+06,1.4685e+07,0,0,0,9.32321e+07
62.7449,85.139,5.51108,0.01,0,2.44232,2.63102,0,0.457403,4.47552,4.12061e+06,2.70226e+06,1.00639e+07,0,0,0,0,58.4272,61.308,7.27546,0,1,1.71484,1.52615,0,1.32489,2.1168,8.56347e+06,3.61194e+06,1.4685e+07,0,0,0,9.32321e+07
65.8718,85.139,6.24868,0,0,2.63199,2.63199,0,0.457691,4.47552,4.12061e+06,2.70226e+06,1.08454e+07,0,0,0,0,60.6354,61.308,6.7911,0,1,1.52671,1.52671,0,1.32489,2.1168,8.56347e+06,3.61194e+06,1.3074e+07,0,0,0,9.32321e+07
72.2795,85.139,9.99989,0,0,2.88978,2.88978,0,0.493235,4.47552,4.12061e+06,2.70226e+06,1.19077e+07,0,0,0,0,62.3362,61.308,9.39293,0,1,1.70685,1.70685,0,1.17954,2.1168,8.56347e+06,3.61194e+06,1.46166e+07,0,0,0,9.32321e+07
77.4001,85.139,8.75295,0,0,2.89085,2.89085,0,0.541545,4.47552,4.12061e+06,2.70226e+06,1.19121e+07,0,0,0,0,62.3362,61.308,11.9674,0,1,1.70749,1.70749,0,1.31872,2.1168,8.56347e+06,3.61194e+06,1.4622e+07,0,0,0,9.32321e+07
79.9033,85.139,6.19311,0,0,2.89192,2.89192,0,0.541745,4.47552,4.12061e+06,2.70226e+06,1.19165e+07,0,0,0,0,62.3362,61.308,6.04276,0,1,1.70812,1.70812,0,1.3192,2.1168,8.56347e+06,3.61194e+06,1.46274e+07,0,0,0,9.32321e+07
81.1788,85.139,4.75818,0,0,2.89299,2.89299,0,0.541945,4.47552,4.12061e+06,2.70226e+06,1.19209e+07,0,0,0,0,62.3362,61.308,4.23603,0,1,1.70875,1.70875,0,1.31969,2.1168,8.56347e+06,3.61194e+06,1.46328e+07,0,0,0,9.32321e+07
82.4281,85.139,4.35319,0,0,2.52722,2.52722,0,0.542146,4.47552,4.12061e+06,2.70226e+06,1.04137e+07,0,0,0,0,62.3362,61.308,4.22065,0,1,1.46803,1.46803,0,1.32018,2.1168,8.56347e+06,3.61194e+06,1.25714e+07,0,0,0,9.32321e+07
83.8412,85.139,4.74896,0,0,2.52815,2.52815,0,0.4736,4.47552,4.12061e+06,2.70226e+06,1.04175e+07,0,0,0,0,62.3362,61.308,6.31963,0,1,1.46857,1.46857,0,1.1342,2.1168,8.56347e+06,3.61194e+06,1.25761e+07,0,0,0,9.32321e+07
85.139,85.139,4.76577,0,0,2.52908,2.52908,0,0.473775,4.47552,4.12061e+06,2.70226e+06,1.04214e+07,0,0,0,0,62.3362,61.308,5.71177,0,1,1.46912,1.46912,0,1.13462,2.1168,8.56347e+06,3.61194e+06,1.25807e+07,0,0,0,9.32321e+07
85.139,85.139,5.82159,0,0,2.53002,2.53002,0,0.47395,4.47552,4.12061e+06,2.70226e+06,1.04252e+07,0,0,0,0,62.3362,61.308,7.7185,0,1,1.46966,1.46966,0,1.13504,2.1168,8.56347e+06,3.61194e+06,1.25854e+07,0,0,0,9.32321e+07
85.139,85.139,4.73538,0,0,2.53095,2.53095,0,0.474125,4.47552,4.12061e+06,2.70226e+06,1.04291e+07,0,0,0,0,62.3362,61.308,5.56891,0,1,1.4702,1.4702,0,1.13546,2.1168,8.56347e+06,3.61194e+06,1.259e+07,0,0,0,9.32321e+07
85.139,85.139,4.09356,0,0,2.6244,2.6244,0,0.474301,4.47552,4.12061e+06,2.70226e+06,1.08141e+07,0,0,0,0,62.3362,61.308,5.34234,0,1,1.5299,1.5299,0,1.13588,2.1168,8.56347e+06,3.61194e+06,1.31012e+07,0,0,0,9.32321e+07
85.139,85.139,5.75635,0,0,2.62537,2.62537,0,0.491812,4.47552,4.12061e+06,2.70226e+06,1.08181e+07,0,0,0,0,62.3362,61.308,8.36765,0,1,1.53046,1.53046,0,1.182,2.1168,8.56347e+06,3.61194e+06,1.31061e+07,0,0,0,9.32321e+07
85.139,85.139,4.3872,0,0,2.62634,2.62634,0,0.491994,4.47552,4.12061e+06,2.70226e+06,1.08221e+07,0,0,0,0,62.3362,61.308,6.36161,0,1,1.53103,1.53103,0,1.18244,2.1168,8.56347e+06,3.61194e+06,1.31109e+07,0,0,0,9.32321e+07
85.139,85.139,3.56027,0,0,2.62731,2.62731,0,0.492176,4.47552,4.12061e+06,2.70226e+06,1.08261e+07,0,0,0,0,62.3362,61.308,5.14398,0,1,1.53159,1.53159,0,1.18287,2.1168,8.56347e+06,3.61194e+06,1.31157e+07,0,0,0,9.32321e+07
85.0668,85.139,2.98445,0,0,2.59205,2.59205,0,0.492357,4.47552,4.12061e+06,2.70226e+06,1.06808e+07,0,0,0,0,62.3362,61.308,4.18283,0,1,1.50915,1.50915,0,1.18331,2.1168,8.56347e+06,3.61194e+06,1.29236e+07,0,0,0,9.32321e+07
84.475,85.139,2.40258,0,0,2.59301,2.59301,0,0.485751,4.47552,4.12061e+06,2.70226e+06,1.06848e+07,0,0,0,0,62.3362,61.308,3.35891,0,1,1.50971,1.50971,0,1.16597,2.1168,8.56347e+06,3.61194e+06,1.29283e+07,0,0,0,9.32321e+07
84.9124,85.139,3.45925,0,0,2.59397,2.59397,0,0.48593,4.47552,4.12061e+06,2.70226e+06,1.06887e+07,0,0,0,0,62.3362,61.308,3.808,0,1,1.51026,1.51026,0,1.1664,2.1168,8.56347e+06,3.61194e+06,1.29331e+07,0,0,0,9.32321e+07
84.5571,85.139,2.62627,0,0,2.59492,2.59492,0,0.486109,4.47552,4.12061e+06,2.70226e+06,1.06927e+07,0,0,0,0,62.3362,61.308,3.44447,0,1,1.51082,1.51082,0,1.16683,2.1168,8.56347e+06,3.61194e+06,1.29379e+07,0,0,0,9.32321e+07
83.6636,85.139,2.13327,0,0,2.71902,2.71902,0,0.486289,4.47552,4.12061e+06,2.70226e+06,1.1204e+07,0,0,0,0,62.3362,61.308,3.01604,0,1,1.59309,1.59309,0,1.16726,2.1168,8.56347e+06,3.61194e+06,1.36424e+07,0,0,0,9.32321e+07
82.9025,85.139,2.26227,0,0,2.72003,2.72003,0,0.509545,4.47552,4.12061e+06,2.70226e+06,1.12082e+07,0,0,0,0,62.3362,61.308,2.78961,0,1,1.59368,1.59368,0,1.23082,2.1168,8.56347e+06,3.61194e+06,1.36474e+07,0,0,0,9.32321e+07
81.9699,85.139,2.06907,0,0,2.72103,2.72103,0,0.509733,4.47552,4.12061e+06,2.70226e+06,1.12123e+07,0,0,0,0,62.3362,61.308,2.5267,0,1,1.59427,1.59427,0,1.23128,2.1168,8.56347e+06,3.61194e+06,1.36525e+07,0,0,0,9.32321e+07
80.9488,85.139,1.91527,0,0,2.72203,2.72203,0,0.509921,4.47552,4.12061e+06,2.70226e+06,1.12164e+07,0,0,0,0,62.3014,61.308,2.43272,0,1,1.59486,1.59486,0,1.23173,2.1168,8.56347e+06,3.61194e+06,1.36575e+07,0,0,0,9.32321e+07
79.836,85.139,1.80902,0,0,2.72304,2.72304,0,0.510109,4.47552,4.12061e+06,2.70226e+06,1.12206e+07,0,0,0,0,62.2263,61.308,2.28297,0,1,1.59544,1.59544,0,1.23219,2.1168,8.56347e+06,3.61194e+06,1.36625e+07,0,0,0,9.32321e+07
78.8483,85.139,1.86857,0,0,2.69964,2.69964,0,0.510297,4.47552,4.12061e+06,2.70226e+06,1.11242e+07,0,0,0,0,61.8646,61.308,1.85548,0,1,1.64103,1.64103,0,1.23264,2.1168,8.56347e+06,3.61194e+06,1.40529e+07,0,0,0,9.32321e+07
77.7846,85.139,1.77194,0,0,2.70064,2.70064,0,0.505913,4.47552,4.12061e+06,2.70226e+06,1.11283e+07,0,0,0,0,61.2929,61.308,1.71817,0,1,1.64163,1.64163,0,1.26786,2.1168,8.56347e+06,3.61194e+06,1.40581e+07,0,0,0,9.32321e+07
76.5723,85.139,1.6144,0,0,2.70163,2.70163,0,0.5061,4.47552,4.12061e+06,2.70226e+06,1.11324e+07,0,0,0,0,60.6496,61.308,1.56847,0,1,1.64224,1.64224,0,1.26832,2.1168,8.56347e+06,3.61194e+06,1.40632e+07,0,0,0,9.32321e+07
75.2477,85.139,1.47519,0,0,2.70263,2.70263,0,0.506286,4.47552,4.12061e+06,2.70226e+06,1.11365e+07,0,0,0,0,59.8666,61.308,1.5011,0,1,1.64284,1.64284,0,1.26879,2.1168,8.56347e+06,3.61194e+06,1.40684e+07,0,0,0,9.32321e+07
73.8066,85.139,1.37562,0,0,2.76672,2.76672,0,0.506473,4.47552,4.12061e+06,2.70226e+06,1.14006e+07,0,0,0,0,58.897,61.308,1.3649,0,1,1.68361,1.68361,0,1.26926,2.1168,8.56347e+06,3.61194e+06,1.44175e+07,0,0,0,9.32321e+07
72.3948,85.139,1.40196,0,0,2.76774,2.76774,0,0.518484,4.47552,4.12061e+06,2.70226e+06,1.14048e+07,0,0,0,0,58.123,61.308,1.34634,0,1,1.68423,1.68423,0,1.30075,2.1168,8.56347e+06,3.61194e+06,1.44228e+07,0,0,0,9.32321e+07
70.9235,85.139,1.32368,0,0,2.76876,2.76876,0,0.518675,4.47552,4.12061e+06,2.70226e+06,1.1409e+07,0,0,0,0,57.2184,61.308,1.39477,0,1,1.68485,1.68485,0,1.30123,2.1168,8.56347e+06,3.61194e+06,1.44281e+07,0,0,0,9.32321e+07
69.3811,85.139,1.23852,0,0,2.76978,2.76978,0,0.518866,4.47552,4.12061e+06,2.70226e+06,1.14132e+07,0,0,0,0,56.3509,61.308,1.27888,0,1,1.68547,1.68547,0,1.30171,2.1168,8.56347e+06,3.61194e+06,1.44335e+07,0,0,0,9.32321e+07
67.6836,85.139,1.218,0,0,2.95585,2.95585,0,0.519057,4.47552,4.12061e+06,2.70226e+06,1.21799e+07,0,0,0,0,55.5786,61.308,1.36997,0,1,1.83125,1.83125,0,1.30219,2.1168,8.56347e+06,3.61194e+06,1.56819e+07,0,0,0,9.32321e+07
65.9257,85.139,1.12859,0,0,2.95694,2.95694,0,0.553927,4.47552,4.12061e+06,2.70226e+06,1.21844e+07,0,0,0,0,54.9622,61.308,1.48941,0,1,1.83193,1.83193,0,1.41483,2.1168,8.56347e+06,3.61194e+06,1.56877e+07,0,0,0,9.32321e+07
64.3972,85.139,1.35818,0,0,2.95803,2.95803,0,0.554131,4.47552,4.12061e+06,2.70226e+06,1.21889e+07,0,0,0,0,54.12,61.308,1.59448,0,1,1.8326,1.8326,0,1.41535,2.1168,8.56347e+06,3.61194e+06,1.56934e+07,0,0,0,9.32321e+07
62.5908,85.139,1.05692,0,0,2.95912,2.95912,0,0.554335,4.47552,4.12061e+06,2.70226e+06,1.21934e+07,0,0,0,0,53.1282,61.308,1.24571,0,1,1.83328,1.83328,0,1.41587,2.1168,8.56347e+06,3.61194e+06,1.56992e+07,0,0,0,9.32321e+07
60.4916,85.139,0.788224,0.01,0,2.96021,2.96021,0,0.554539,4.47552,4.12061e+06,2.70226e+06,1.21979e+07,0,0,0,0,52.0033,61.308,1.17617,0,1,1.83395,1.83395,0,1.41639,2.1168,8.56347e+06,3.61194e+06,1.5705e+07,0,0,0,9.32321e+07
58.3911,85.139,0.700634,0.02,0,2.87094,2.87094,0,0.554743,4.47552,4.12061e+06,2.70226e+06,1.183e+07,0,0,0,0,51.3164,61.308,1.03757,0,1,1.74636,1.74636,0,1.41691,2.1168,8.56347e+06,3.61194e+06,1.49549e+07,0,0,0,9.32321e+07
57.0804,85.139,1.47671,0.02,0,2.872,2.872,0,0.538015,4.47552,4.12061e+06,2.70226e+06,1.18344e+07,0,0,0,0,50.297,61.308,1.79078,0,1,1.747,1.747,0,1.34923,2.1168,8.56347e+06,3.61194e+06,1.49604e+07,0,0,0,9.32321e+07
55.0172,85.139,0.697342,0.02,0,2.87306,2.87306,0,0.538213,4.47552,4.12061e+06,2.70226e+06,1.18388e+07,0,0,0,0,49.0563,61.308,0.993007,0,1,1.74764,1.74764,0,1.34973,2.1168,8.56347e+06,3.61194e+06,1.49659e+07,0,0,0,9.32321e+07
53.0622,85.139,0.76589,0.02,0,2.87412,2.87412,0,0.538411,4.47552,4.12061e+06,2.70226e+06,1.18431e+07,0,0,0,0,48.4094,61.308,0.992999,0,1,1.74828,1.74828,0,1.35023,2.1168,8.56347e+06,3.61194e+06,1.49714e+07,0,0,0,9.32321e+07
52.4008,85.139,2.09394,0.02,0,2.8009,2.8009,0,0.538609,4.47552,4.12061e+06,2.70226e+06,1.15414e+07,0,0,0,0,47.6534,61.308,2.33983,0,1,1.66846,1.66846,0,1.35072,2.1168,8.56347e+06,3.61194e+06,1.42878e+07,0,0,0,9.32321e+07
51.2338,85.139,1.55253,0.02,0,2.75611,2.80193,0,0.524889,4.47552,4.12061e+06,2.70226e+06,1.13569e+07,0,0,0,0,46.8141,61.308,1.15037,0,1,1.71489,1.66907,0,1.28905,2.1168,8.56347e+06,3.61194e+06,1.46854e+07,0,0,0,9.32321e+07
49.8618,85.139,1.31685,0.02,0,2.75775,2.80296,0,0.516495,4.47552,4.12061e+06,2.70226e+06,1.13636e+07,0,0,0,0,46.2629,61.308,1.38141,0,1,1.71489,1.66969,0,1.32493,2.1168,8.56347e+06,3.61194e+06,1.46854e+07,0,0,0,9.32321e+07
51.1213,85.139,4.07991,0.02,0,2.7594,2.80399,0,0.516803,4.47552,4.12061e+06,2.70226e+06,1.13704e+07,0,0,0,0,46.4011,61.308,4.41856,0,1,1.71489,1.6703,0,1.32493,2.1168,8.56347e+06,3.61194e+06,1.46854e+07,0,0,0,9.32321e+07
51.8011,85.139,3.3477,0.02,0,2.54979,2.59377,0,0.517111,4.47552,4.12061e+06,2.70226e+06,1.05067e+07,0,0,0,0,46.559,61.308,2.34552,0,1,1.54706,1.50308,0,1.32493,2.1168,8.56347e+06,3.61194e+06,1.32482e+07,0,0,0,9.32321e+07
53.2509,85.139,4.03609,0.02,0,2.38352,2.59473,0,0.477831,4.47552,4.12061e+06,2.70226e+06,9.82157e+06,0,0,0,0,46.2768,61.308,2.77269,0,1,1.71483,1.50363,0,1.19526,2.1168,8.56347e+06,3.61194e+06,1.46849e+07,0,0,0,9.32321e+07
54.9968,85.139,4.38533,0.02,0,2.38503,2.59568,0,0.446672,4.47552,4.12061e+06,2.70226e+06,9.82778e+06,0,0,0,0,46.2556,61.308,3.66734,0,1,1.71483,1.50418,0,1.32488,2.1168,8.56347e+06,3.61194e+06,1.46849e+07,0,0,0,9.32321e+07
57.4274,85.139,5.28539,0.02,0,2.38654,2.59663,0,0.446954,4.47552,4.12061e+06,2.70226e+06,9.83399e+06,0,0,0,0,46.4748,61.308,5.66941,0,1,1.71483,1.50473,0,1.32488,2.1168,8.56347e+06,3.61194e+06,1.46849e+07,0,0,0,9.32321e+07
59.7031,85.139,5.10964,0.02,0,2.38804,2.59759,0,0.447237,4.47552,4.12061e+06,2.70226e+06,9.8402e+06,0,0,0,0,46.7062,61.308,4.89775,0,1,1.71483,1.50529,0,1.32488,2.1168,8.56347e+06,3.61194e+06,1.46849e+07,0,0,0,9.32321e+07
62.9592,85.139,6.29687,0.01,0.02,2.47093,2.67992,0,0.447519,4.47552,4.12061e+06,2.70226e+06,1.01817e+07,0,0,0,0,47.4698,61.308,5.33608,0,1,1.76351,1.55452,0,1.32488,2.1168,8.56347e+06,3.61194e+06,1.51018e+07,0,0,0,9.32321e+07
66.5062,85.139,6.81192,0,0.02,2.68087,2.68087,0,0.463052,4.47552,4.12061e+06,2.70226e+06,1.10468e+07,0,0,0,0,48.9108,61.308,6.60922,0,1,1.55507,1.55507,0,1.36249,2.1168,8.56347e+06,3.61194e+06,1.33168e+07,0,0,0,9.32321e+07
69.5506,85.139,6.24891,0,0.02,2.68182,2.68182,0,0.502395,4.47552,4.12061e+06,2.70226e+06,1.10507e+07,0,0,0,0,50.3359,61.308,6.18318,0,1,1.55562,1.55562,0,1.20144,2.1168,8.56347e+06,3.61194e+06,1.33215e+07,0,0,0,9.32321e+07
72.6459,85.139,6.34189,0,0.02,2.68277,2.68277,0,0.502573,4.47552,4.12061e+06,2.70226e+06,1.10547e+07,0,0,0,0,51.0261,61.308,4.65579,0,1,1.55617,1.55617,0,1.20187,2.1168,8.56347e+06,3.61194e+06,1.33262e+07,0,0,0,9.32321e+07
74.7538,85.139,5.63617,0,0.02,2.94549,2.94549,0,0.502751,4.47552,4.12061e+06,2.70226e+06,1.21372e+07,0,0,0,0,51.8083,61.308,4.95286,0,1,1.73976,1.73976,0,1.2023,2.1168,8.56347e+06,3.61194e+06,1.48984e+07,0,0,0,9.32321e+07
75.877,85.139,4.71254,0,0.02,2.94653,2.94653,0,0.551984,4.47552,4.12061e+06,2.70226e+06,1.21415e+07,0,0,0,0,52.4395,61.308,3.92142,0,1,1.74037,1.74037,0,1.34414,2.1168,8.56347e+06,3.61194e+06,1.49036e+07,0,0,0,9.32321e+07
76.2652,85.139,3.81539,0,0.02,2.94757,2.94757,0,0.552179,4.47552,4.12061e+06,2.70226e+06,1.21458e+07,0,0,0,0,52.733,61.308,2.8009,0,1,1.74099,1.74099,0,1.34461,2.1168,8.56347e+06,3.61194e+06,1.49089e+07,0,0,0,9.32321e+07
79.4287,85.139,6.75562,0,0.02,2.94861,2.94861,0,0.552375,4.47552,4.12061e+06,2.70226e+06,1.21501e+07,0,0,0,0,53.9168,61.308,5.39893,0,1,1.74161,1.74161,0,1.34509,2.1168,8.56347e+06,3.61194e+06,1.49142e+07,0,0,0,9.32321e+07
83.6852,85.139,7.58399,0,0.02,2.57577,2.57577,0,0.55257,4.47552,4.12061e+06,2.70226e+06,1.06137e+07,0,0,0,0,55.9263,61.308,7.98174,0,1,1.49624,1.49624,0,1.34556,2.1168,8.56347e+06,3.61194e+06,1.2813e+07,0,0,0,9.32321e+07
85.139,85.139,5.64263,0,0.02,2.57668,2.57668,0,0.482699,4.47552,4.12061e+06,2.70226e+06,1.06175e+07,0,0,0,0,57.3497,61.308,5.05627,0,1,1.49677,1.49677,0,1.15599,2.1168,8.56347e+06,3.61194e+06,1.28175e+07,0,0,0,9.32321e+07
85.139,85.139,5.05079,0,0.02,2.57759,2.57759,0,0.48287,4.47552,4.12061e+06,2.70226e+06,1.06213e+07,0,0,0,0,58.5416,61.308,4.96022,0,1,1.49729,1.49729,0,1.1564,2.1168,8.56347e+06,3.61194e+06,1.2822e+07,0,0,0,9.32321e+07
85.139,85.139,6.95792,0,0.02,2.5785,2.5785,0,0.483041,4.47552,4.12061e+06,2.70226e+06,1.0625e+07,0,0,0,0,60.0182,61.308,5.61578,0,1,1.49782,1.49782,0,1.15681,2.1168,8.56347e+06,3.61194e+06,1.28266e+07,0,0,0,9.32321e+07
85.139,85.139,6.07604,0,0.02,2.57942,2.57942,0,0.483212,4.47552,4.12061e+06,2.70226e+06,1.06288e+07,0,0,0,0,61.2746,61.308,5.20992,0,1,1.49835,1.49835,0,1.15722,2.1168,8.56347e+06,3.61194e+06,1.28311e+07,0,0,0,9.32321e+07
85.139,85.139,9.57538,0,0.02,2.67461,2.67461,0,0.483383,4.47552,4.12061e+06,2.70226e+06,1.1021e+07,0,0,0,0,62.3362,61.308,7.26655,0,1,1.55917,1.55917,0,1.15763,2.1168,8.56347e+06,3.61194e+06,1.33519e+07,0,0,0,9.32321e+07
85.139,85.139,8.06009,0,0.02,2.67555,2.67555,0,0.501222,4.47552,4.12061e+06,2.70226e+06,1.10249e+07,0,0,0,0,62.3362,61.308,7.83403,0,1,1.55972,1.55972,0,1.20461,2.1168,8.56347e+06,3.61194e+06,1.33566e+07,0,0,0,9.32321e+07
85.139,85.139,5.79418,0,0.02,2.6765,2.6765,0,0.501399,4.47552,4.12061e+06,2.70226e+06,1.10288e+07,0,0,0,0,62.3362,61.308,6.13546,0,1,1.56027,1.56027,0,1.20504,2.1168,8.56347e+06,3.61194e+06,1.33613e+07,0,0,0,9.32321e+07
85.139,85.139,4.97254,0,0.02,2.67745,2.67745,0,0.501576,4.47552,4.12061e+06,2.70226e+06,1.10327e+07,0,0,0,0,62.3362,61.308,5.84471,0,1,1.56082,1.56082,0,1.20547,2.1168,8.56347e+06,3.61194e+06,1.33661e+07,0,0,0,9.32321e+07
85.139,85.139,4.66064,0,0.02,2.64148,2.64148,0,0.501753,4.47552,4.12061e+06,2.70226e+06,1.08845e+07,0,0,0,0,62.3362,61.308,5.38974,0,1,1.53793,1.53793,0,1.20589,2.1168,8.56347e+06,3.61194e+06,1.317e+07,0,0,0,9.32321e+07
85.139,85.139,3.65354,0,0.02,2.64241,2.64241,0,0.495013,4.47552,4.12061e+06,2.70226e+06,1.08884e+07,0,0,0,0,62.3362,61.308,3.18466,0,1,1.53847,1.53847,0,1.1882,2.1168,8.56347e+06,3.61194e+06,1.31746e+07,0,0,0,9.32321e+07
85.139,85.139,3.35389,0,0.02,2.64335,2.64335,0,0.495188,4.47552,4.12061e+06,2.70226e+06,1.08922e+07,0,0,0,0,62.3362,61.308,3.42282,0,1,1.53901,1.53901,0,1.18862,2.1168,8.56347e+06,3.61194e+06,1.31793e+07,0,0,0,9.32321e+07
85.139,85.139,3.29766,0,0.02,2.64428,2.64428,0,0.495363,4.47552,4.12061e+06,2.70226e+06,1.0896e+07,0,0,0,0,62.3362,61.308,3.19353,0,1,1.53956,1.53956,0,1.18904,2.1168,8.56347e+06,3.61194e+06,1.3184e+07,0,0,0,9.32321e+07
84.9949,85.139,3.01152,0,0.02,2.77069,2.77069,0,0.495538,4.47552,4.12061e+06,2.70226e+06,1.1417e+07,0,0,0,0,62.3362,61.308,2.93909,0,1,1.62337,1.62337,0,1.18946,2.1168,8.56347e+06,3.61194e+06,1.39017e+07,0,0,0,9.32321e+07
84.8113,85.139,2.93582,0,0.02,2.77167,2.77167,0,0.519228,4.47552,4.12061e+06,2.70226e+06,1.1421e+07,0,0,0,0,62.3362,61.308,2.58321,0,1,1.62394,1.62394,0,1.25421,2.1168,8.56347e+06,3.61194e+06,1.39066e+07,0,0,0,9.32321e+07
84.3609,85.139,2.59461,0,0.02,2.77265,2.77265,0,0.519412,4.47552,4.12061e+06,2.70226e+06,1.1425e+07,0,0,0,0,62.2973,61.308,2.456,0,1,1.62451,1.62451,0,1.25466,2.1168,8.56347e+06,3.61194e+06,1.39115e+07,0,0,0,9.32321e+07
83.8414,85.139,2.51543,0,0.02,2.77363,2.77363,0,0.519595,4.47552,4.12061e+06,2.70226e+06,1.14291e+07,0,0,0,0,62.3065,61.308,2.48543,0,1,1.62509,1.62509,0,1.2551,2.1168,8.56347e+06,3.61194e+06,1.39164e+07,0,0,0,9.32321e+07
83.2037,85.139,2.38481,0,0.02,2.77461,2.77461,0,0.519779,4.47552,4.12061e+06,2.70226e+06,1.14331e+07,0,0,0,0,62.2916,61.308,2.39153,0,1,1.62566,1.62566,0,1.25554,2.1168,8.56347e+06,3.61194e+06,1.39213e+07,0,0,0,9.32321e+07
82.505,85.139,2.2785,0,0.02,2.75073,2.75073,0,0.519962,4.47552,4.12061e+06,2.70226e+06,1.13347e+07,0,0,0,0,62.2395,61.308,2.46083,0,1,1.67208,1.67208,0,1.25599,2.1168,8.56347e+06,3.61194e+06,1.43188e+07,0,0,0,9.32321e+07
81.7659,85.139,2.22631,0,0.02,2.7517,2.7517,0,0.515487,4.47552,4.12061e+06,2.70226e+06,1.13387e+07,0,0,0,0,62.1764,61.308,2.45856,0,1,1.67267,1.67267,0,1.29185,2.1168,8.56347e+06,3.61194e+06,1.43239e+07,0,0,0,9.32321e+07
80.8543,85.139,2.04767,0,0.02,2.75267,2.75267,0,0.515669,4.47552,4.12061e+06,2.70226e+06,1.13427e+07,0,0,0,0,62.0924,61.308,2.46761,0,1,1.67326,1.67326,0,1.29231,2.1168,8.56347e+06,3.61194e+06,1.43289e+07,0,0,0,9.32321e+07
79.7858,85.139,1.87593,0,0.02,2.75364,2.75364,0,0.515851,4.47552,4.12061e+06,2.70226e+06,1.13467e+07,0,0,0,0,61.954,61.308,2.17581,0,1,1.67385,1.67385,0,1.29276,2.1168,8.56347e+06,3.61194e+06,1.4334e+07,0,0,0,9.32321e+07
78.5452,85.139,1.71851,0,0.02,2.8189,2.8189,0,0.516033,4.47552,4.12061e+06,2.70226e+06,1.16156e+07,0,0,0,0,61.7237,61.308,2.12254,0,1,1.71536,1.71536,0,1.29322,2.1168,8.56347e+06,3.61194e+06,1.46894e+07,0,0,0,9.32321e+07
77.439,85.139,1.85946,0,0.02,2.8199,2.8199,0,0.528263,4.47552,4.12061e+06,2.70226e+06,1.16197e+07,0,0,0,0,61.731,61.308,2.53241,0,1,1.71596,1.71596,0,1.32529,2.1168,8.56347e+06,3.61194e+06,1.46946e+07,0,0,0,9.32321e+07
76.2505,85.139,1.75182,0,0.02,2.82089,2.82089,0,0.528449,4.47552,4.12061e+06,2.70226e+06,1.16238e+07,0,0,0,0,61.6329,61.308,2.57644,0,1,1.71657,1.71657,0,1.32575,2.1168,8.56347e+06,3.61194e+06,1.46998e+07,0,0,0,9.32321e+07
74.9646,85.139,1.63995,0,0.02,2.82189,2.82189,0,0.528635,4.47552,4.12061e+06,2.70226e+06,1.16279e+07,0,0,0,0,61.4681,61.308,2.36482,0,1,1.71718,1.71718,0,1.32622,2.1168,8.56347e+06,3.61194e+06,1.4705e+07,0,0,0,9.32321e+07
73.5104,85.139,1.60987,0,0.02,3.01141,3.01141,0,0.528822,4.47552,4.12061e+06,2.70226e+06,1.24089e+07,0,0,0,0,61.3715,61.308,2.5362,0,1,1.86567,1.86567,0,1.32669,2.1168,8.56347e+06,3.61194e+06,1.59766e+07,0,0,0,9.32321e+07
72.0581,85.139,1.55699,0,0.02,3.01247,3.01247,0,0.564338,4.47552,4.12061e+06,2.70226e+06,1.24132e+07,0,0,0,0,61.1906,61.308,2.29443,0,1,1.86633,1.86633,0,1.44142,2.1168,8.56347e+06,3.61194e+06,1.59823e+07,0,0,0,9.32321e+07
70.7131,85.139,1.66432,0,0.02,3.01354,3.01354,0,0.564537,4.47552,4.12061e+06,2.70226e+06,1.24176e+07,0,0,0,0,61.109,61.308,2.57452,0,1,1.86699,1.86699,0,1.44193,2.1168,8.56347e+06,3.61194e+06,1.59879e+07,0,0,0,9.32321e+07
69.0577,85.139,1.35549,0,0.02,3.0146,3.0146,0,0.564737,4.47552,4.12061e+06,2.70226e+06,1.2422e+07,0,0,0,0,60.8057,61.308,1.93314,0,1,1.86765,1.86765,0,1.44244,2.1168,8.56347e+06,3.61194e+06,1.59936e+07,0,0,0,9.32321e+07
67.6797,85.139,1.60317,0,0.02,3.01566,3.01566,0,0.564936,4.47552,4.12061e+06,2.70226e+06,1.24264e+07,0,0,0,0,60.9387,61.308,3.16908,0,1,1.86831,1.86831,0,1.44295,2.1168,8.56347e+06,3.61194e+06,1.59992e+07,0,0,0,9.32321e+07
66.0194,85.139,1.20446,0.01,0.02,2.92468,2.92468,0,0.565135,4.47552,4.12061e+06,2.70226e+06,1.20515e+07,0,0,0,0,60.2448,61.308,2.05093,0,1,1.77904,1.77904,0,1.44345,2.1168,8.56347e+06,3.61194e+06,1.52348e+07,0,0,0,9.32321e+07
64.2607,85.139,1.0929,0.01,0.02,2.92571,2.92571,0,0.548085,4.47552,4.12061e+06,2.70226e+06,1.20557e+07,0,0,0,0,59.6797,61.308,1.45765,0,1,1.77967,1.77967,0,1.37449,2.1168,8.56347e+06,3.61194e+06,1.52401e+07,0,0,0,9.32321e+07
62.8554,85.139,1.4627,0.01,0.02,2.92674,2.92674,0,0.548278,4.47552,4.12061e+06,2.70226e+06,1.206e+07,0,0,0,0,59.4547,61.308,1.86819,0,1,1.7803,1.7803,0,1.37497,2.1168,8.56347e+06,3.61194e+06,1.52455e+07,0,0,0,9.32321e+07
61.8176,85.139,1.91794,0.02,0.02,2.92777,2.92777,0,0.548471,4.47552,4.12061e+06,2.70226e+06,1.20642e+07,0,0,0,0,59.4518,61.308,2.80207,0,1,1.78092,1.78092,0,1.37546,2.1168,8.56347e+06,3.61194e+06,1.52509e+07,0,0,0,9.32321e+07
60.6792,85.139,1.76322,0.02,0.02,2.85315,2.85315,0,0.548665,4.47552,4.12061e+06,2.70226e+06,1.17567e+07,0,0,0,0,59.2615,61.308,1.88048,0,1,1.69958,1.69958,0,1.37594,2.1168,8.56347e+06,3.61194e+06,1.45543e+07,0,0,0,9.32321e+07
60.2115,85.139,2.52202,0.02,0.02,2.83945,2.85415,0,0.534679,4.47552,4.12061e+06,2.70226e+06,1.17003e+07,0,0,0,0,58.8758,61.308,2.38227,0,1,1.71488,1.70018,0,1.3131,2.1168,8.56347e+06,3.61194e+06,1.46853e+07,0,0,0,9.32321e+07
58.4199,85.139,1.08061,0.02,0.02,2.84105,2.85516,0,0.532113,4.47552,4.12061e+06,2.70226e+06,1.17069e+07,0,0,0,0,58.4236,61.308,1.55226,0,1,1.71488,1.70078,0,1.32492,2.1168,8.56347e+06,3.61194e+06,1.46853e+07,0,0,0,9.32321e+07
57.0079,85.139,1.48976,0.02,0.02,2.84266,2.85616,0,0.532414,4.47552,4.12061e+06,2.70226e+06,1.17135e+07,0,0,0,0,58.1834,61.308,1.97986,0,1,1.71488,1.70138,0,1.32492,2.1168,8.56347e+06,3.61194e+06,1.46853e+07,0,0,0,9.32321e+07
56.5227,85.139,2.32299,0.02,0.02,2.62909,2.64199,0,0.532714,4.47552,4.12061e+06,2.70226e+06,1.08334e+07,0,0,0,0,58.4086,61.308,2.59571,0,1,1.54392,1.53102,0,1.32492,2.1168,8.56347e+06,3.61194e+06,1.32213e+07,0,0,0,9.32321e+07
57.2906,85.139,3.48527,0.02,0.02,2.45966,2.64292,0,0.492691,4.47552,4.12061e+06,2.70226e+06,1.01353e+07,0,0,0,0,58.9068,61.308,3.81783,0,1,1.71482,1.53156,0,1.19283,2.1168,8.56347e+06,3.61194e+06,1.46848e+07,0,0,0,9.32321e+07
56.8619,85.139,2.23474,0.02,0.02,2.46113,2.64385,0,0.46094,4.47552,4.12061e+06,2.70226e+06,1.01413e+07,0,0,0,0,59.0123,61.308,3.16241,0,1,1.71482,1.5321,0,1.32487,2.1168,8.56347e+06,3.61194e+06,1.46848e+07,0,0,0,9.32321e+07
57.0528,85.139,2.98429,0.02,0.02,2.4626,2.64478,0,0.461215,4.47552,4.12061e+06,2.70226e+06,1.01474e+07,0,0,0,0,59.5442,61.308,3.73901,0,1,1.71482,1.53264,0,1.32487,2.1168,8.56347e+06,3.61194e+06,1.46848e+07,0,0,0,9.32321e+07
57.6081,85.139,3.33243,0.02,0.02,2.46407,2.64571,0,0.46149,4.47552,4.12061e+06,2.70226e+06,1.01535e+07,0,0,0,0,60.3469,61.308,4.45204,0,1,1.71482,1.53317,0,1.32487,2.1168,8.56347e+06,3.61194e+06,1.46848e+07,0,0,0,9.32321e+07
58.8726,85.139,4.38656,0.02,0.02,2.54842,2.72953,0,0.461766,4.47552,4.12061e+06,2.70226e+06,1.05011e+07,0,0,0,0,61.511,61.308,5.29568,0,1,1.7644,1.58329,0,1.32487,2.1168,8.56347e+06,3.61194e+06,1.51094e+07,0,0,0,9.32321e+07
64.5565,85.139,8.85399,0.02,0.02,2.42805,2.73045,0,0.477575,4.47552,4.12061e+06,2.70226e+06,1.00051e+07,0,0,0,0,62.0725,61.308,3.74674,0,1,1.88623,1.58383,0,1.36317,2.96352,8.56347e+06,3.61194e+06,1.61527e+07,0,0,0,9.32321e+07
64.6153,85.139,3.16194,0,0.02,2.73138,2.73138,0,0.455017,4.47552,4.12061e+06,2.70226e+06,1.1255e+07,0,0,0,0,62.3362,61.308,2.76611,0,1,1.58436,1.58436,0,1.4573,2.96352,8.56347e+06,3.61194e+06,1.35677e+07,0,0,0,9.32321e+07
67.2975,85.139,5.97351,0,0.02,2.73231,2.73231,0,0.511861,4.47552,4.12061e+06,2.70226e+06,1.12588e+07,0,0,0,0,62.3362,61.308,5.23537,0,1,1.5849,1.5849,0,1.22408,2.96352,8.56347e+06,3.61194e+06,1.35723e+07,0,0,0,9.32321e+07
73.1629,85.139,9.63687,0,0.02,2.99982,2.99982,0,0.512034,4.47552,4.12061e+06,2.70226e+06,1.23611e+07,0,0,0,0,62.3362,61.308,9.15125,0,1,1.77185,1.77185,0,1.22449,2.96352,8.56347e+06,3.61194e+06,1.51732e+07,0,0,0,9.32321e+07
75.0065,85.139,5.26808,0,0.02,3.00084,3.00084,0,0.562167,4.47552,4.12061e+06,2.70226e+06,1.23653e+07,0,0,0,0,62.3362,61.308,4.45961,0,1,1.77245,1.77245,0,1.36893,2.96352,8.56347e+06,3.61194e+06,1.51783e+07,0,0,0,9.32321e+07
77.0207,85.139,5.45313,0,0.02,3.00186,3.00186,0,0.562357,4.47552,4.12061e+06,2.70226e+06,1.23695e+07,0,0,0,0,62.3362,61.308,4.89735,0,1,1.77305,1.77305,0,1.3694,2.96352,8.56347e+06,3.61194e+06,1.51835e+07,0,0,0,9.32321e+07
78.4026,85.139,4.84475,0,0.02,3.00287,3.00287,0,0.562548,4.47552,4.12061e+06,2.70226e+06,1.23737e+07,0,0,0,0,62.3362,61.308,3.27637,0,1,1.77365,1.77365,0,1.36986,2.96352,8.56347e+06,3.61194e+06,1.51886e+07,0,0,0,9.32321e+07
81.4705,85.139,6.31693,0,0.02,2.62313,2.62313,0,0.562738,4.47552,4.12061e+06,2.70226e+06,1.08089e+07,0,0,0,0,62.3362,61.308,3.84105,0,1,1.52374,1.52374,0,1.37032,2.96352,8.56347e+06,3.61194e+06,1.30485e+07,0,0,0,9.32321e+07
85.139,85.139,7.91101,0,0.02,2.62401,2.62401,0,0.491574,4.47552,4.12061e+06,2.70226e+06,1.08125e+07,0,0,0,0,62.3362,61.308,6.05524,0,1,1.52426,1.52426,0,1.17725,2.96352,8.56347e+06,3.61194e+06,1.3053e+07,0,0,0,9.32321e+07
85.139,85.139,5.02224,0,0.02,2.6249,2.6249,0,0.49174,4.47552,4.12061e+06,2.70226e+06,1.08162e+07,0,0,0,0,62.3362,61.308,5.17214,0,1,1.52478,1.52478,0,1.17764,2.96352,8.56347e+06,3.61194e+06,1.30574e+07,0,0,0,9.32321e+07
85.139,85.139,3.51051,0,0.02,2.62579,2.62579,0,0.491907,4.47552,4.12061e+06,2.70226e+06,1.08199e+07,0,0,0,0,62.3362,61.308,4.77486,0,1,1.52529,1.52529,0,1.17804,2.96352,8.56347e+06,3.61194e+06,1.30618e+07,0,0,0,9.32321e+07
85.139,85.139,4.73306,0,0.02,2.62668,2.62668,0,0.492073,4.47552,4.12061e+06,2.70226e+06,1.08235e+07,0,0,0,0,62.3362,61.308,4.56547,0,1,1.52581,1.52581,0,1.17844,2.96352,8.56347e+06,3.61194e+06,1.30662e+07,0,0,0,9.32321e+07
85.139,85.139,4.55492,0,0.02,2.72357,2.72357,0,0.49224,4.47552,4.12061e+06,2.70226e+06,1.12228e+07,0,0,0,0,62.3362,61.308,4.22635,0,1,1.58771,1.58771,0,1.17884,2.96352,8.56347e+06,3.61194e+06,1.35963e+07,0,0,0,9.32321e+07
85.139,85.139,4.65704,0,0.02,2.7245,2.7245,0,0.510398,4.47552,4.12061e+06,2.70226e+06,1.12266e+07,0,0,0,0,62.3362,61.308,3.71841,0,1,1.58825,1.58825,0,1.22667,2.96352,8.56347e+06,3.61194e+06,1.36009e+07,0,0,0,9.32321e+07
85.139,85.139,5.8207,0,0.02,2.72542,2.72542,0,0.510571,4.47552,4.12061e+06,2.70226e+06,1.12304e+07,0,0,0,0,62.3362,61.308,4.99269,0,1,1.58879,1.58879,0,1.22708,2.96352,8.56347e+06,3.61194e+06,1.36055e+07,0,0,0,9.32321e+07
85.139,85.139,4.10156,0,0.02,2.72634,2.72634,0,0.510743,4.47552,4.12061e+06,2.70226e+06,1.12342e+07,0,0,0,0,62.3362,61.308,3.24827,0,1,1.58932,1.58932,0,1.2275,2.96352,8.56347e+06,3.61194e+06,1.36101e+07,0,0,0,9.32321e+07
85.139,85.139,3.6128,0,0.02,2.68967,2.68967,0,0.510916,4.47552,4.12061e+06,2.70226e+06,1.10831e+07,0,0,0,0,62.3362,61.308,2.74061,0,1,1.56599,1.56599,0,1.22791,2.96352,8.56347e+06,3.61194e+06,1.34103e+07,0,0,0,9.32321e+07
85.139,85.139,3.50897,0,0.02,2.69058,2.69058,0,0.504045,4.47552,4.12061e+06,2.70226e+06,1.10868e+07,0,0,0,0,62.3362,61.308,3.21339,0,1,1.56652,1.56652,0,1.20988,2.96352,8.56347e+06,3.61194e+06,1.34148e+07,0,0,0,9.32321e+07
85.139,85.139,3.2908,0,0.02,2.69149,2.69149,0,0.504215,4.47552,4.12061e+06,2.70226e+06,1.10906e+07,0,0,0,0,62.3362,61.308,2.65798,0,1,1.56705,1.56705,0,1.21029,2.96352,8.56347e+06,3.61194e+06,1.34194e+07,0,0,0,9.32321e+07
85.139,85.139,3.86913,0,0.02,2.6924,2.6924,0,0.504386,4.47552,4.12061e+06,2.70226e+06,1.10943e+07,0,0,0,0,62.3362,61.308,2.74099,0,1,1.56758,1.56758,0,1.2107,2.96352,8.56347e+06,3.61194e+06,1.34239e+07,0,0,0,9.32321e+07
84.9743,85.139,2.92297,0,0.02,2.82107,2.82107,0,0.504556,4.47552,4.12061e+06,2.70226e+06,1.16246e+07,0,0,0,0,62.3293,61.308,2.59998,0,1,1.65289,1.65289,0,1.21111,2.96352,8.56347e+06,3.61194e+06,1.41544e+07,0,0,0,9.32321e+07
84.5883,85.139,2.66491,0,0.02,2.82203,2.82203,0,0.528669,4.47552,4.12061e+06,2.70226e+06,1.16285e+07,0,0,0,0,62.2305,61.308,2.25494,0,1,1.65344,1.65344,0,1.27702,2.96352,8.56347e+06,3.61194e+06,1.41592e+07,0,0,0,9.32321e+07
84.0571,85.139,2.52395,0,0.02,2.82298,2.82298,0,0.528848,4.47552,4.12061e+06,2.70226e+06,1.16324e+07,0,0,0,0,62.1461,61.308,2.24329,0,1,1.654,1.654,0,1.27745,2.96352,8.56347e+06,3.61194e+06,1.4164e+07,0,0,0,9.32321e+07
83.4355,85.139,2.42267,0,0.02,2.82394,2.82394,0,0.529027,4.47552,4.12061e+06,2.70226e+06,1.16363e+07,0,0,0,0,62.0592,61.308,2.18372,0,1,1.65456,1.65456,0,1.27788,2.96352,8.56347e+06,3.61194e+06,1.41688e+07,0,0,0,9.32321e+07
82.6732,85.139,2.27005,0,0.02,2.82489,2.82489,0,0.529206,4.47552,4.12061e+06,2.70226e+06,1.16403e+07,0,0,0,0,61.9344,61.308,2.03404,0,1,1.65512,1.65512,0,1.27831,2.96352,8.56347e+06,3.61194e+06,1.41736e+07,0,0,0,9.32321e+07
81.6835,85.139,1.94166,0,0.02,2.80054,2.80054,0,0.529384,4.47552,4.12061e+06,2.70226e+06,1.15399e+07,0,0,0,0,61.6837,61.308,2.11152,0,1,1.70236,1.70236,0,1.27875,2.96352,8.56347e+06,3.61194e+06,1.45781e+07,0,0,0,9.32321e+07
80.3833,85.139,1.60357,0,0.02,2.80148,2.80148,0,0.52482,4.47552,4.12061e+06,2.70226e+06,1.15438e+07,0,0,0,0,61.3883,61.308,1.99979,0,1,1.70293,1.70293,0,1.31524,2.96352,8.56347e+06,3.61194e+06,1.4583e+07,0,0,0,9.32321e+07
78.9678,85.139,1.47953,0,0.02,2.80243,2.80243,0,0.524998,4.47552,4.12061e+06,2.70226e+06,1.15477e+07,0,0,0,0,60.9701,61.308,1.98217,0,1,1.70351,1.70351,0,1.31568,2.96352,8.56347e+06,3.61194e+06,1.45879e+07,0,0,0,9.32321e+07
77.4356,85.139,1.35115,0,0.02,2.80337,2.80337,0,0.525175,4.47552,4.12061e+06,2.70226e+06,1.15516e+07,0,0,0,0,60.5067,61.308,1.75979,0,1,1.70408,1.70408,0,1.31613,2.96352,8.56347e+06,3.61194e+06,1.45928e+07,0,0,0,9.32321e+07
75.7697,85.139,1.23959,0,0.02,2.86977,2.86977,0,0.525352,4.47552,4.12061e+06,2.70226e+06,1.18252e+07,0,0,0,0,60.0226,61.308,1.72784,0,1,1.74631,1.74631,0,1.31657,2.96352,8.56347e+06,3.61194e+06,1.49545e+07,0,0,0,9.32321e+07
74.2066,85.139,1.3231,0,0.02,2.87074,2.87074,0,0.537794,4.47552,4.12061e+06,2.70226e+06,1.18292e+07,0,0,0,0,59.8158,61.308,1.99707,0,1,1.7469,1.7469,0,1.3492,2.96352,8.56347e+06,3.61194e+06,1.49595e+07,0,0,0,9.32321e+07
72.5684,85.139,1.22481,0,0.02,2.87171,2.87171,0,0.537976,4.47552,4.12061e+06,2.70226e+06,1.18332e+07,0,0,0,0,59.4047,61.308,1.99198,0,1,1.74749,1.74749,0,1.34966,2.96352,8.56347e+06,3.61194e+06,1.49646e+07,0,0,0,9.32321e+07
70.8544,85.139,1.13488,0,0.02,2.87267,2.87267,0,0.538158,4.47552,4.12061e+06,2.70226e+06,1.18372e+07,0,0,0,0,59.0463,61.308,1.78282,0,1,1.74808,1.74808,0,1.35011,2.96352,8.56347e+06,3.61194e+06,1.49696e+07,0,0,0,9.32321e+07
69.0237,85.139,1.1552,0,0.02,3.06556,3.06556,0,0.538339,4.47552,4.12061e+06,2.70226e+06,1.2632e+07,0,0,0,0,58.7559,61.308,2.00808,0,1,1.89922,1.89922,0,1.35057,2.96352,8.56347e+06,3.61194e+06,1.62639e+07,0,0,0,9.32321e+07
67.0647,85.139,0.99492,0,0.02,3.0666,3.0666,0,0.574486,4.47552,4.12061e+06,2.70226e+06,1.26363e+07,0,0,0,0,58.4125,61.308,1.97258,0,1,1.89986,1.89986,0,1.46734,2.96352,8.56347e+06,3.61194e+06,1.62694e+07,0,0,0,9.32321e+07
65.1172,85.139,0.733913,0.01,0.02,2.76523,3.06763,0,0.57468,4.47552,4.12061e+06,2.70226e+06,1.13944e+07,0,0,0,0,57.9517,61.308,1.79338,0,1,2.2029,1.9005,0,1.46783,2.96352,8.56347e+06,3.61194e+06,1.88645e+07,0,0,0,9.32321e+07
63.1996,85.139,0.743989,0.01,0.02,2.76627,3.06867,0,0.518204,4.47552,4.12061e+06,2.70226e+06,1.13987e+07,0,0,0,0,57.5514,61.308,1.71943,0,1,2.20355,1.90115,0,1.70196,2.96352,8.56347e+06,3.61194e+06,1.887e+07,0,0,0,9.32321e+07
61.6347,85.139,1.09873,0.02,0.02,2.7673,3.0697,0,0.518398,4.47552,4.12061e+06,2.70226e+06,1.1403e+07,0,0,0,0,57.2582,61.308,2.05953,0,1,2.20419,1.90179,0,1.70246,2.96352,8.56347e+06,3.61194e+06,1.88755e+07,0,0,0,9.32321e+07
60.5074,85.139,1.48864,0.02,0.02,2.67465,2.97705,0,0.518592,4.47552,4.12061e+06,2.70226e+06,1.10212e+07,0,0,0,0,57.1171,61.308,2.20546,0,1,2.11329,1.81089,0,1.70295,2.96352,8.56347e+06,3.61194e+06,1.80971e+07,0,0,0,9.32321e+07
59.4272,85.139,1.5208,0.02,0.02,2.67565,2.97805,0,0.501229,4.47552,4.12061e+06,2.70226e+06,1.10253e+07,0,0,0,0,57.1053,61.308,2.63735,0,1,2.11391,1.81151,0,1.63273,2.96352,8.56347e+06,3.61194e+06,1.81024e+07,0,0,0,9.32321e+07
58.2863,85.139,1.46057,0.02,0.02,2.67665,2.97905,0,0.501417,4.47552,4.12061e+06,2.70226e+06,1.10294e+07,0,0,0,0,57.0684,61.308,2.50595,0,1,2.11452,1.81212,0,1.6332,2.96352,8.56347e+06,3.61194e+06,1.81076e+07,0,0,0,9.32321e+07
57.3321,85.139,1.68572,0.02,0.02,2.67766,2.98006,0,0.501605,4.47552,4.12061e+06,2.70226e+06,1.10336e+07,0,0,0,0,57.3151,61.308,3.15033,0,1,2.11513,1.81273,0,1.63367,2.96352,8.56347e+06,3.61194e+06,1.81128e+07,0,0,0,9.32321e+07
56.4693,85.139,1.79588,0.02,0.02,2.60165,2.90405,0,0.501793,4.47552,4.12061e+06,2.70226e+06,1.07204e+07,0,0,0,0,57.5078,61.308,2.77364,0,1,2.03231,1.72991,0,1.63415,2.96352,8.56347e+06,3.61194e+06,1.74036e+07,0,0,0,9.32321e+07
57.3467,85.139,3.61933,0.02,0.02,2.60263,2.90503,0,0.48755,4.47552,4.12061e+06,2.70226e+06,1.07244e+07,0,0,0,0,57.6671,61.308,3.31856,0,1,2.03289,1.73049,0,1.57016,2.96352,8.56347e+06,3.61194e+06,1.74086e+07,0,0,0,9.32321e+07
58.1986,85.139,3.65682,0.02,0.02,2.60361,2.90601,0,0.487733,4.47552,4.12061e+06,2.70226e+06,1.07285e+07,0,0,0,0,58.6566,61.308,4.90642,0,1,2.03347,1.73107,0,1.57061,2.96352,8.56347e+06,3.61194e+06,1.74136e+07,0,0,0,9.32321e+07
59.0793,85.139,3.64441,0.02,0.02,2.60459,2.90699,0,0.487917,4.47552,4.12061e+06,2.70226e+06,1.07325e+07,0,0,0,0,59.2882,61.308,4.87879,0,1,2.03406,1.73166,0,1.57106,2.96352,8.56347e+06,3.61194e+06,1.74186e+07,0,0,0,9.32321e+07
60.9958,85.139,4.70214,0.02,0.02,2.38657,2.68897,0,0.4881,4.47552,4.12061e+06,2.70226e+06,9.83412e+06,0,0,0,0,60.9239,61.308,6.22447,0,1,1.86064,1.55824,0,1.57151,2.96352,8.56347e+06,3.61194e+06,1.59336e+07,0,0,0,9.32321e+07
65.4762,85.139,7.27448,0.02,0.02,2.38747,2.68987,0,0.447243,4.47552,4.12061e+06,2.70226e+06,9.83785e+06,0,0,0,0,62.1037,61.308,5.82069,0,1,1.86117,1.55877,0,1.43753,2.96352,8.56347e+06,3.61194e+06,1.5938e+07,0,0,0,9.32321e+07
66.9418,85.139,4.26811,0.02,0.02,2.38838,2.69078,0,0.447412,4.47552,4.12061e+06,2.70226e+06,9.84158e+06,0,0,0,0,62.3362,61.308,3.9816,0,1,1.86169,1.55929,0,1.43794,2.96352,8.56347e+06,3.61194e+06,1.59425e+07,0,0,0,9.32321e+07
68.612,85.139,4.44625,0.02,0.02,2.38929,2.69169,0,0.447582,4.47552,4.12061e+06,2.70226e+06,9.84532e+06,0,0,0,0,62.3362,61.308,3.45603,0,1,1.86222,1.55982,0,1.43834,2.96352,8.56347e+06,3.61194e+06,1.5947e+07,0,0,0,9.32321e+07
70.4306,85.139,4.92666,0,0.02,2.69259,2.69259,0,0.447752,4.47552,4.12061e+06,2.70226e+06,1.10951e+07,0,0,0,0,62.3362,61.308,4.46444,0,1,1.56034,1.56034,0,1.43875,2.96352,8.56347e+06,3.61194e+06,1.33619e+07,0,0,0,9.32321e+07
77.111,85.139,9.92371,0,0.02,2.69259,2.69259,0,0.504592,4.47552,4.12061e+06,2.70226e+06,1.10951e+07,0,0,0,0,62.3362,61.308,8.28344,0,1,1.56034,1.56034,0,1.20552,2.96352,8.56347e+06,3.61194e+06,1.33619e+07,0,0,0,9.32321e+07
81.8825,85.139,8.31019,0,0.04,2.77785,2.77785,0,0.504592,4.47552,4.12061e+06,2.70226e+06,1.14465e+07,0,0,0,0,62.3362,61.308,7.17708,0,0,1.61132,1.61132,0,1.20552,2.96352,8.56347e+06,3.61194e+06,1.37985e+07,0,0,0,9.32321e+07
84.3141,85.139,5.84924,0,0.04,2.77875,2.77875,0,0.52057,4.47552,4.12061e+06,2.70226e+06,1.14502e+07,0,0,0,0,62.3362,61.308,5.69364,0,0,1.61184,1.61184,0,1.24491,2.96352,8.56347e+06,3.61194e+06,1.3803e+07,0,0,0,9.32321e+07
85.139,85.139,5.76516,0,0.04,2.77965,2.77965,0,0.520739,4.47552,4.12061e+06,2.70226e+06,1.14539e+07,0,0,0,0,62.3362,61.308,5.58651,0,0,1.61237,1.61237,0,1.24531,2.96352,8.56347e+06,3.61194e+06,1.38075e+07,0,0,0,9.32321e+07
85.139,85.139,7.31673,0,0.04,2.78055,2.78055,0,0.520907,4.47552,4.12061e+06,2.70226e+06,1.14576e+07,0,0,0,0,62.3362,61.308,6.70582,0,0,1.61289,1.61289,0,1.24571,2.96352,8.56347e+06,3.61194e+06,1.38119e+07,0,0,0,9.32321e+07
85.139,85.139,7.63174,0,0.04,3.05275,3.05275,0,0.521076,4.47552,4.12061e+06,2.70226e+06,1.25792e+07,0,0,0,0,62.3362,61.308,7.69365,0,0,1.80311,1.80311,0,1.24612,2.96352,8.56347e+06,3.61194e+06,1.54409e+07,0,0,0,9.32321e+07
85.139,85.139,7.13158,0,0.04,3.05374,3.05374,0,0.572086,4.47552,4.12061e+06,2.70226e+06,1.25833e+07,0,0,0,0,62.3362,61.308,7.55629,0,0,1.8037,1.8037,0,1.39309,2.96352,8.56347e+06,3.61194e+06,1.54459e+07,0,0,0,9.32321e+07
85.139,85.139,6.31606,0,0.04,3.05473,3.05473,0,0.572271,4.47552,4.12061e+06,2.70226e+06,1.25873e+07,0,0,0,0,62.3362,61.308,7.68367,0,0,1.80428,1.80428,0,1.39354,2.96352,8.56347e+06,3.61194e+06,1.54509e+07,0,0,0,9.32321e+07
85.139,85.139,8.90031,0,0.04,3.05572,3.05572,0,0.572456,4.47552,4.12061e+06,2.70226e+06,1.25914e+07,0,0,0,0,62.3362,61.308,9.87307,0,0,1.80487,1.80487,0,1.39399,2.96352,8.56347e+06,3.61194e+06,1.54559e+07,0,0,0,9.32321e+07
85.139,85.139,7.97697,0,0.04,2.66925,2.66925,0,0.572641,4.47552,4.12061e+06,2.70226e+06,1.09989e+07,0,0,0,0,62.3362,61.308,7.43778,0,0,1.55054,1.55054,0,1.39444,2.96352,8.56347e+06,3.61194e+06,1.3278e+07,0,0,0,9.32321e+07
85.139,85.139,5.82497,0,0.04,2.67011,2.67011,0,0.500217,4.47552,4.12061e+06,2.70226e+06,1.10025e+07,0,0,0,0,62.3362,61.308,6.24306,0,0,1.55104,1.55104,0,1.19794,2.96352,8.56347e+06,3.61194e+06,1.32823e+07,0,0,0,9.32321e+07
85.139,85.139,6.52072,0,0.04,2.67098,2.67098,0,0.500379,4.47552,4.12061e+06,2.70226e+06,1.10061e+07,0,0,0,0,62.3362,61.308,9.5143,0,0,1.55154,1.55154,0,1.19833,2.96352,8.56347e+06,3.61194e+06,1.32866e+07,0,0,0,9.32321e+07
85.139,85.139,6.85094,0,0.04,2.67184,2.67184,0,0.500541,4.47552,4.12061e+06,2.70226e+06,1.10096e+07,0,0,0,0,62.3362,61.308,8.80842,0,0,1.55204,1.55204,0,1.19872,2.96352,8.56347e+06,3.61194e+06,1.32909e+07,0,0,0,9.32321e+07
85.139,85.139,6.69097,0,0.04,2.6727,2.6727,0,0.500703,4.47552,4.12061e+06,2.70226e+06,1.10132e+07,0,0,0,0,62.3362,61.308,10.507,0,0,1.55254,1.55254,0,1.19911,2.96352,8.56347e+06,3.61194e+06,1.32952e+07,0,0,0,9.32321e+07
85.139,85.139,9.97956,0,0.04,2.77126,2.77126,0,0.500865,4.47552,4.12061e+06,2.70226e+06,1.14193e+07,0,0,0,0,62.3362,61.308,13.9085,0,0,1.61551,1.61551,0,1.1995,2.96352,8.56347e+06,3.61194e+06,1.38344e+07,0,0,0,9.32321e+07
85.139,85.139,7.39614,0,0.04,2.77215,2.77215,0,0.519333,4.47552,4.12061e+06,2.70226e+06,1.1423e+07,0,0,0,0,62.3362,61.308,13.1691,0,0,1.61603,1.61603,0,1.24814,2.96352,8.56347e+06,3.61194e+06,1.38388e+07,0,0,0,9.32321e+07
85.139,85.139,6.2529,0,0.04,2.77305,2.77305,0,0.519501,4.47552,4.12061e+06,2.70226e+06,1.14267e+07,0,0,0,0,62.3362,61.308,10.0633,0,0,1.61655,1.61655,0,1.24855,2.96352,8.56347e+06,3.61194e+06,1.38433e+07,0,0,0,9.32321e+07
85.139,85.139,5.34569,0,0.04,2.77395,2.77395,0,0.519669,4.47552,4.12061e+06,2.70226e+06,1.14304e+07,0,0,0,0,62.3362,61.308,11.6271,0,0,1.61708,1.61708,0,1.24895,2.96352,8.56347e+06,3.61194e+06,1.38478e+07,0,0,0,9.32321e+07
85.139,85.139,5.98891,0,0.04,2.7366,2.7366,0,0.519837,4.47552,4.12061e+06,2.70226e+06,1.12765e+07,0,0,0,0,62.3362,61.308,9.93878,0,0,1.59331,1.59331,0,1.24935,2.96352,8.56347e+06,3.61194e+06,1.36442e+07,0,0,0,9.32321e+07
85.139,85.139,5.16088,0,0.04,2.73748,2.73748,0,0.512838,4.47552,4.12061e+06,2.70226e+06,1.12801e+07,0,0,0,0,62.3362,61.308,8.765,0,0,1.59382,1.59382,0,1.23099,2.96352,8.56347e+06,3.61194e+06,1.36487e+07,0,0,0,9.32321e+07
85.139,85.139,4.76215,0,0.04,2.73837,2.73837,0,0.513004,4.47552,4.12061e+06,2.70226e+06,1.12837e+07,0,0,0,0,62.3362,61.308,8.2168,0,0,1.59434,1.59434,0,1.23139,2.96352,8.56347e+06,3.61194e+06,1.36531e+07,0,0,0,9.32321e+07
85.139,85.139,4.38361,0,0.04,2.73925,2.73925,0,0.51317,4.47552,4.12061e+06,2.70226e+06,1.12874e+07,0,0,0,0,62.3362,61.308,7.78653,0,0,1.59485,1.59485,0,1.23179,2.96352,8.56347e+06,3.61194e+06,1.36575e+07,0,0,0,9.32321e+07
85.139,85.139,4.42146,0,0.04,2.87012,2.87012,0,0.513336,4.47552,4.12061e+06,2.70226e+06,1.18267e+07,0,0,0,0,62.3362,61.308,8.46898,0,0,1.68162,1.68162,0,1.23218,2.96352,8.56347e+06,3.61194e+06,1.44005e+07,0,0,0,9.32321e+07
85.139,85.139,4.06406,0,0.04,2.87105,2.87105,0,0.537861,4.47552,4.12061e+06,2.70226e+06,1.18305e+07,0,0,0,0,62.3362,61.308,6.34485,0,0,1.68217,1.68217,0,1.29922,2.96352,8.56347e+06,3.61194e+06,1.44052e+07,0,0,0,9.32321e+07
85.139,85.139,3.71343,0,0.04,2.87198,2.87198,0,0.538034,4.47552,4.12061e+06,2.70226e+06,1.18343e+07,0,0,0,0,62.3362,61.308,6.20032,0,0,1.68271,1.68271,0,1.29964,2.96352,8.56347e+06,3.61194e+06,1.44098e+07,0,0,0,9.32321e+07
85.139,85.139,3.61302,0,0.04,2.8729,2.8729,0,0.538208,4.47552,4.12061e+06,2.70226e+06,1.18381e+07,0,0,0,0,62.3362,61.308,6.50289,0,0,1.68325,1.68325,0,1.30006,2.96352,8.56347e+06,3.61194e+06,1.44145e+07,0,0,0,9.32321e+07
85.139,85.139,3.52571,0,0.04,2.87383,2.87383,0,0.538382,4.47552,4.12061e+06,2.70226e+06,1.18419e+07,0,0,0,0,62.3362,61.308,6.04752,0,0,1.6838,1.6838,0,1.30048,2.96352,8.56347e+06,3.61194e+06,1.44191e+07,0,0,0,9.32321e+07
85.139,85.139,3.32506,0,0.04,2.84901,2.84901,0,0.538556,4.47552,4.12061e+06,2.70226e+06,1.17397e+07,0,0,0,0,62.3362,61.308,5.13141,0,0,1.73182,1.73182,0,1.3009,2.96352,8.56347e+06,3.61194e+06,1.48304e+07,0,0,0,9.32321e+07
85.1241,85.139,3.10223,0,0.04,2.84993,2.84993,0,0.533905,4.47552,4.12061e+06,2.70226e+06,1.17435e+07,0,0,0,0,62.3362,61.308,4.79928,0,0,1.73238,1.73238,0,1.33801,2.96352,8.56347e+06,3.61194e+06,1.48352e+07,0,0,0,9.32321e+07
84.9448,85.139,2.92892,0,0.04,2.85085,2.85085,0,0.534077,4.47552,4.12061e+06,2.70226e+06,1.17473e+07,0,0,0,0,62.3362,61.308,4.51327,0,0,1.73294,1.73294,0,1.33844,2.96352,8.56347e+06,3.61194e+06,1.484e+07,0,0,0,9.32321e+07
84.6607,85.139,2.79098,0,0.04,2.85177,2.85177,0,0.53425,4.47552,4.12061e+06,2.70226e+06,1.1751e+07,0,0,0,0,62.3362,61.308,3.98278,0,0,1.7335,1.7335,0,1.33887,2.96352,8.56347e+06,3.61194e+06,1.48448e+07,0,0,0,9.32321e+07
84.6606,85.139,3.1429,0,0.04,2.91927,2.91927,0,0.534422,4.47552,4.12061e+06,2.70226e+06,1.20292e+07,0,0,0,0,62.3362,61.308,4.58126,0,0,1.77643,1.77643,0,1.3393,2.96352,8.56347e+06,3.61194e+06,1.52124e+07,0,0,0,9.32321e+07
84.4279,85.139,2.86693,0,0.04,2.92021,2.92021,0,0.547071,4.47552,4.12061e+06,2.70226e+06,1.20331e+07,0,0,0,0,62.3362,61.308,4.5702,0,0,1.77701,1.77701,0,1.37247,2.96352,8.56347e+06,3.61194e+06,1.52173e+07,0,0,0,9.32321e+07
83.9696,85.139,2.63153,0,0.04,2.92115,2.92115,0,0.547248,4.47552,4.12061e+06,2.70226e+06,1.20369e+07,0,0,0,0,62.3362,61.308,3.99196,0,0,1.77758,1.77758,0,1.37292,2.96352,8.56347e+06,3.61194e+06,1.52223e+07,0,0,0,9.32321e+07
83.6618,85.139,2.76714,0,0.04,2.9221,2.9221,0,0.547424,4.47552,4.12061e+06,2.70226e+06,1.20408e+07,0,0,0,0,62.3362,61.308,4.73284,0,0,1.77815,1.77815,0,1.37336,2.96352,8.56347e+06,3.61194e+06,1.52272e+07,0,0,0,9.32321e+07
83.4497,85.139,3.01728,0,0.04,3.11826,3.11826,0,0.547601,4.47552,4.12061e+06,2.70226e+06,1.28491e+07,0,0,0,0,62.3362,61.308,4.78,0,0,1.93187,1.93187,0,1.3738,2.96352,8.56347e+06,3.61194e+06,1.65435e+07,0,0,0,9.32321e+07
83.5509,85.139,3.33411,0,0.04,3.11926,3.11926,0,0.584361,4.47552,4.12061e+06,2.70226e+06,1.28533e+07,0,0,0,0,62.3362,61.308,4.8822,0,0,1.93249,1.93249,0,1.49256,2.96352,8.56347e+06,3.61194e+06,1.65488e+07,0,0,0,9.32321e+07
83.0925,85.139,2.81735,0,0.04,3.12027,3.12027,0,0.58455,4.47552,4.12061e+06,2.70226e+06,1.28574e+07,0,0,0,0,62.3362,61.308,4.2963,0,0,1.93311,1.93311,0,1.49304,2.96352,8.56347e+06,3.61194e+06,1.65542e+07,0,0,0,9.32321e+07
82.9128,85.139,3.06366,0,0.04,3.12127,3.12127,0,0.584738,4.47552,4.12061e+06,2.70226e+06,1.28616e+07,0,0,0,0,62.3362,61.308,5.69897,0,0,1.93374,1.93374,0,1.49352,2.96352,8.56347e+06,3.61194e+06,1.65595e+07,0,0,0,9.32321e+07
82.4858,85.139,2.82022,0,0.04,3.12228,3.12228,0,0.584927,4.47552,4.12061e+06,2.70226e+06,1.28657e+07,0,0,0,0,62.3362,61.308,5.0306,0,0,1.93436,1.93436,0,1.49401,2.96352,8.56347e+06,3.61194e+06,1.65649e+07,0,0,0,9.32321e+07
81.7261,85.139,2.37449,0,0.04,3.02799,3.02799,0,0.585115,4.47552,4.12061e+06,2.70226e+06,1.24772e+07,0,0,0,0,62.3362,61.308,4.774,0,0,1.84188,1.84188,0,1.49449,2.96352,8.56347e+06,3.61194e+06,1.57729e+07,0,0,0,9.32321e+07
81.1921,85.139,2.62305,0,0.04,3.02897,3.02897,0,0.567446,4.47552,4.12061e+06,2.70226e+06,1.24812e+07,0,0,0,0,62.3362,61.308,4.35199,0,0,1.84248,1.84248,0,1.42304,2.96352,8.56347e+06,3.61194e+06,1.5778e+07,0,0,0,9.32321e+07
81.498,85.139,3.51124,0,0.04,3.02995,3.02995,0,0.567629,4.47552,4.12061e+06,2.70226e+06,1.24852e+07,0,0,0,0,62.3362,61.308,5.66084,0,0,1.84307,1.84307,0,1.4235,2.96352,8.56347e+06,3.61194e+06,1.57831e+07,0,0,0,9.32321e+07
82.6686,85.139,4.55319,0,0.04,3.03092,3.03092,0,0.567812,4.47552,4.12061e+06,2.70226e+06,1.24893e+07,0,0,0,0,62.3362,61.308,8.49181,0,0,1.84367,1.84367,0,1.42396,2.96352,8.56347e+06,3.61194e+06,1.57882e+07,0,0,0,9.32321e+07
81.4552,85.139,2.05924,0,0.04,2.95358,2.95358,0,0.567995,4.47552,4.12061e+06,2.70226e+06,1.21705e+07,0,0,0,0,62.3362,61.308,3.90145,0,0,1.75941,1.75941,0,1.42442,2.96352,8.56347e+06,3.61194e+06,1.50666e+07,0,0,0,9.32321e+07
79.1587,85.139,0.921565,0,0.04,2.95453,2.95453,0,0.5535,4.47552,4.12061e+06,2.70226e+06,1.21745e+07,0,0,0,0,62.1205,61.308,2.43143,0,0,1.75997,1.75997,0,1.35932,2.96352,8.56347e+06,3.61194e+06,1.50715e+07,0,0,0,9.32321e+07
78.4311,85.139,2.49692,0,0.04,2.95548,2.95548,0,0.553679,4.47552,4.12061e+06,2.70226e+06,1.21784e+07,0,0,0,0,62.3362,61.308,3.84287,0,0,1.76054,1.76054,0,1.35976,2.96352,8.56347e+06,3.61194e+06,1.50763e+07,0,0,0,9.32321e+07
79.0792,85.139,4.10727,0,0.04,2.95643,2.95643,0,0.553857,4.47552,4.12061e+06,2.70226e+06,1.21823e+07,0,0,0,0,62.3362,61.308,5.37646,0,0,1.76111,1.76111,0,1.36019,2.96352,8.56347e+06,3.61194e+06,1.50812e+07,0,0,0,9.32321e+07
78.6463,85.139,2.67291,0,0.04,2.73466,2.73466,0,0.554036,4.47552,4.12061e+06,2.70226e+06,1.12685e+07,0,0,0,0,62.3362,61.308,3.7089,0,0,1.58472,1.58472,0,1.36063,2.96352,8.56347e+06,3.61194e+06,1.35707e+07,0,0,0,9.32321e+07
78.746,85.139,3.19453,0,0.04,2.73554,2.73554,0,0.512475,4.47552,4.12061e+06,2.70226e+06,1.12721e+07,0,0,0,0,62.3362,61.308,3.51702,0,0,1.58523,1.58523,0,1.22436,2.96352,8.56347e+06,3.61194e+06,1.35751e+07,0,0,0,9.32321e+07
79.7514,85.139,4.14821,0,0.04,2.73642,2.73642,0,0.512641,4.47552,4.12061e+06,2.70226e+06,1.12757e+07,0,0,0,0,62.3362,61.308,4.90854,0,0,1.58574,1.58574,0,1.22475,2.96352,8.56347e+06,3.61194e+06,1.35795e+07,0,0,0,9.32321e+07
80.0716,85.139,3.51119,0,0.04,2.7373,2.7373,0,0.512806,4.47552,4.12061e+06,2.70226e+06,1.12794e+07,0,0,0,0,62.3362,61.308,4.44232,0,0,1.58625,1.58625,0,1.22514,2.96352,8.56347e+06,3.61194e+06,1.35838e+07,0,0,0,9.32321e+07
79.3616,85.139,2.44065,0,0.04,2.73819,2.73819,0,0.512971,4.47552,4.12061e+06,2.70226e+06,1.1283e+07,0,0,0,0,62.3362,61.308,3.60622,0,0,1.58676,1.58676,0,1.22554,2.96352,8.56347e+06,3.61194e+06,1.35882e+07,0,0,0,9.32321e+07
84.0744,85.139,8.23081,0,0.04,2.82485,2.82485,0,0.513136,4.47552,4.12061e+06,2.70226e+06,1.16401e+07,0,0,0,0,62.3362,61.308,8.21242,0,0,1.63858,1.63858,0,1.22593,2.96352,8.56347e+06,3.61194e+06,1.4032e+07,0,0,0,9.32321e+07
85.139,85.139,6.98566,0,0.04,2.82572,2.82572,0,0.529377,4.47552,4.12061e+06,2.70226e+06,1.16437e+07,0,0,0,0,62.3362,61.308,7.28907,0,0,1.63909,1.63909,0,1.26597,2.96352,8.56347e+06,3.61194e+06,1.40363e+07,0,0,0,9.32321e+07
85.139,85.139,5.05316,0,0.04,2.8266,2.8266,0,0.529541,4.47552,4.12061e+06,2.70226e+06,1.16473e+07,0,0,0,0,62.3362,61.308,5.39314,0,0,1.6396,1.6396,0,1.26636,2.96352,8.56347e+06,3.61194e+06,1.40406e+07,0,0,0,9.32321e+07
85.139,85.139,5.80067,0,0.04,2.82747,2.82747,0,0.529704,4.47552,4.12061e+06,2.70226e+06,1.16509e+07,0,0,0,0,62.3362,61.308,6.62921,0,0,1.6401,1.6401,0,1.26675,2.96352,8.56347e+06,3.61194e+06,1.4045e+07,0,0,0,9.32321e+07
85.139,85.139,7.44632,0,0.04,3.10421,3.10421,0,0.529868,4.47552,4.12061e+06,2.70226e+06,1.27913e+07,0,0,0,0,62.3362,61.308,5.77641,0,0,1.83351,1.83351,0,1.26714,2.96352,8.56347e+06,3.61194e+06,1.57012e+07,0,0,0,9.32321e+07
85.139,85.139,5.9223,0,0.04,3.10517,3.10517,0,0.58173,4.47552,4.12061e+06,2.70226e+06,1.27952e+07,0,0,0,0,62.3362,61.308,5.52855,0,0,1.83408,1.83408,0,1.41657,2.96352,8.56347e+06,3.61194e+06,1.57061e+07,0,0,0,9.32321e+07
85.139,85.139,8.37931,0,0.04,3.10613,3.10613,0,0.58191,4.47552,4.12061e+06,2.70226e+06,1.27992e+07,0,0,0,0,62.3362,61.308,5.67776,0,0,1.83464,1.83464,0,1.41701,2.96352,8.56347e+06,3.61194e+06,1.57109e+07,0,0,0,9.32321e+07
85.139,85.139,6.63425,0,0.04,3.10709,3.10709,0,0.582089,4.47552,4.12061e+06,2.70226e+06,1.28031e+07,0,0,0,0,62.3362,61.308,7.22974,0,0,1.83521,1.83521,0,1.41745,2.96352,8.56347e+06,3.61194e+06,1.57158e+07,0,0,0,9.32321e+07
85.139,85.139,6.20171,0,0.04,2.71409,2.71409,0,0.582269,4.47552,4.12061e+06,2.70226e+06,1.11837e+07,0,0,0,0,62.3362,61.308,4.46665,0,0,1.57658,1.57658,0,1.41788,2.96352,8.56347e+06,3.61194e+06,1.3501e+07,0,0,0,9.32321e+07
85.139,85.139,6.07654,0,0.04,2.71493,2.71493,0,0.50862,4.47552,4.12061e+06,2.70226e+06,1.11872e+07,0,0,0,0,62.3362,61.308,6.04431,0,0,1.57707,1.57707,0,1.21807,2.96352,8.56347e+06,3.61194e+06,1.35052e+07,0,0,0,9.32321e+07
85.139,85.139,5.57778,0,0.04,2.71576,2.71576,0,0.508777,4.47552,4.12061e+06,2.70226e+06,1.11906e+07,0,0,0,0,62.3362,61.308,4.0798,0,0,1.57756,1.57756,0,1.21844,2.96352,8.56347e+06,3.61194e+06,1.35094e+07,0,0,0,9.32321e+07
85.139,85.139,7.96299,0,0.04,2.7166,2.7166,0,0.508934,4.47552,4.12061e+06,2.70226e+06,1.11941e+07,0,0,0,0,62.3362,61.308,8.27965,0,0,1.57804,1.57804,0,1.21882,2.96352,8.56347e+06,3.61194e+06,1.35135e+07,0,0,0,9.32321e+07
85.139,85.139,9.30938,0,0.04,2.71744,2.71744,0,0.509091,4.47552,4.12061e+06,2.70226e+06,1.11975e+07,0,0,0,0,62.3362,61.308,8.18206,0,0,1.57853,1.57853,0,1.2192,2.96352,8.56347e+06,3.61194e+06,1.35177e+07,0,0,0,9.32321e+07
85.139,85.139,5.01368,0,0.04,2.8176,2.8176,0,0.509249,4.47552,4.12061e+06,2.70226e+06,1.16102e+07,0,0,0,0,62.3362,61.308,6.6558,0,0,1.64253,1.64253,0,1.21957,2.96352,8.56347e+06,3.61194e+06,1.40657e+07,0,0,0,9.32321e+07
85.139,85.139,5.76952,0,0.04,2.81847,2.81847,0,0.528018,4.47552,4.12061e+06,2.70226e+06,1.16138e+07,0,0,0,0,62.3362,61.308,6.8081,0,0,1.64303,1.64303,0,1.26901,2.96352,8.56347e+06,3.61194e+06,1.40701e+07,0,0,0,9.32321e+07
85.139,85.139,5.83507,0,0.04,2.81934,2.81934,0,0.528181,4.47552,4.12061e+06,2.70226e+06,1.16174e+07,0,0,0,0,62.3362,61.308,6.74868,0,0,1.64354,1.64354,0,1.26941,2.96352,8.56347e+06,3.61194e+06,1.40744e+07,0,0,0,9.32321e+07
85.139,85.139,5.42604,0,0.04,2.82021,2.82021,0,0.528344,4.47552,4.12061e+06,2.70226e+06,1.1621e+07,0,0,0,0,62.3362,61.308,6.17434,0,0,1.64405,1.64405,0,1.2698,2.96352,8.56347e+06,3.61194e+06,1.40787e+07,0,0,0,9.32321e+07
85.139,85.139,4.75642,0,0.04,2.7822,2.7822,0,0.528508,4.47552,4.12061e+06,2.70226e+06,1.14644e+07,0,0,0,0,62.3362,61.308,6.3484,0,0,1.61986,1.61986,0,1.27019,2.96352,8.56347e+06,3.61194e+06,1.38716e+07,0,0,0,9.32321e+07
85.139,85.139,4.48199,0,0.04,2.78306,2.78306,0,0.521384,4.47552,4.12061e+06,2.70226e+06,1.14679e+07,0,0,0,0,62.3362,61.308,5.56059,0,0,1.62036,1.62036,0,1.2515,2.96352,8.56347e+06,3.61194e+06,1.38759e+07,0,0,0,9.32321e+07
85.139,85.139,4.11576,0,0.04,2.78392,2.78392,0,0.521545,4.47552,4.12061e+06,2.70226e+06,1.14714e+07,0,0,0,0,62.3362,61.308,5.35442,0,0,1.62086,1.62086,0,1.25189,2.96352,8.56347e+06,3.61194e+06,1.38802e+07,0,0,0,9.32321e+07
85.139,85.139,3.79133,0,0.04,2.78478,2.78478,0,0.521706,4.47552,4.12061e+06,2.70226e+06,1.1475e+07,0,0,0,0,62.3362,61.308,5.14646,0,0,1.62136,1.62136,0,1.25227,2.96352,8.56347e+06,3.61194e+06,1.38845e+07,0,0,0,9.32321e+07
85.139,85.139,3.68628,0,0.04,2.91778,2.91778,0,0.521867,4.47552,4.12061e+06,2.70226e+06,1.2023e+07,0,0,0,0,62.3362,61.308,4.83232,0,0,1.70954,1.70954,0,1.25266,2.96352,8.56347e+06,3.61194e+06,1.46396e+07,0,0,0,9.32321e+07
85.139,85.139,3.48951,0,0.04,2.91868,2.91868,0,0.546791,4.47552,4.12061e+06,2.70226e+06,1.20267e+07,0,0,0,0,62.3362,61.308,4.36707,0,0,1.71007,1.71007,0,1.32079,2.96352,8.56347e+06,3.61194e+06,1.46441e+07,0,0,0,9.32321e+07
85.139,85.139,3.24526,0,0.04,2.91958,2.91958,0,0.54696,4.47552,4.12061e+06,2.70226e+06,1.20304e+07,0,0,0,0,62.3362,61.308,4.11908,0,0,1.7106,1.7106,0,1.3212,2.96352,8.56347e+06,3.61194e+06,1.46487e+07,0,0,0,9.32321e+07
85.0221,85.139,3.07309,0,0.04,2.92048,2.92048,0,0.547129,4.47552,4.12061e+06,2.70226e+06,1.20342e+07,0,0,0,0,62.3362,61.308,4.42467,0,0,1.71113,1.71113,0,1.32161,2.96352,8.56347e+06,3.61194e+06,1.46532e+07,0,0,0,9.32321e+07
84.8619,85.139,3.0205,0,0.04,2.92138,2.92138,0,0.547297,4.47552,4.12061e+06,2.70226e+06,1.20379e+07,0,0,0,0,62.3362,61.308,4.1797,0,0,1.71165,1.71165,0,1.32202,2.96352,8.56347e+06,3.61194e+06,1.46577e+07,0,0,0,9.32321e+07
85.139,85.139,3.45016,0,0.04,2.89611,2.89611,0,0.547466,4.47552,4.12061e+06,2.70226e+06,1.19337e+07,0,0,0,0,62.3362,61.308,4.01475,0,0,1.76045,1.76045,0,1.32242,2.96352,8.56347e+06,3.61194e+06,1.50756e+07,0,0,0,9.32321e+07
85.139,85.139,3.27216,0,0.04,2.897,2.897,0,0.54273,4.47552,4.12061e+06,2.70226e+06,1.19374e+07,0,0,0,0,62.3362,61.308,3.88422,0,0,1.76099,1.76099,0,1.36012,2.96352,8.56347e+06,3.61194e+06,1.50802e+07,0,0,0,9.32321e+07
85.0637,85.139,3.0468,0,0.04,2.89789,2.89789,0,0.542897,4.47552,4.12061e+06,2.70226e+06,1.19411e+07,0,0,0,0,62.3362,61.308,3.60755,0,0,1.76154,1.76154,0,1.36054,2.96352,8.56347e+06,3.61194e+06,1.50849e+07,0,0,0,9.32321e+07
84.833,85.139,2.88272,0,0.04,2.89878,2.89878,0,0.543065,4.47552,4.12061e+06,2.70226e+06,1.19448e+07,0,0,0,0,62.3362,61.308,3.39784,0,0,1.76208,1.76208,0,1.36096,2.96352,8.56347e+06,3.61194e+06,1.50895e+07,0,0,0,9.32321e+07
84.6531,85.139,2.9534,0,0.04,2.96735,2.96735,0,0.543232,4.47552,4.12061e+06,2.70226e+06,1.22273e+07,0,0,0,0,62.3362,61.308,3.12528,0,0,1.80569,1.80569,0,1.36138,2.96352,8.56347e+06,3.61194e+06,1.5463e+07,0,0,0,9.32321e+07
84.4743,85.139,2.9348,0,0.04,2.96826,2.96826,0,0.556081,4.47552,4.12061e+06,2.70226e+06,1.22311e+07,0,0,0,0,62.3062,61.308,3.13511,0,0,1.80625,1.80625,0,1.39508,2.96352,8.56347e+06,3.61194e+06,1.54678e+07,0,0,0,9.32321e+07
83.9788,85.139,2.60832,0,0.04,2.96918,2.96918,0,0.556253,4.47552,4.12061e+06,2.70226e+06,1.22348e+07,0,0,0,0,62.2183,61.308,2.92628,0,0,1.8068,1.8068,0,1.39551,2.96352,8.56347e+06,3.61194e+06,1.54725e+07,0,0,0,9.32321e+07
83.2608,85.139,2.37447,0,0.04,2.97009,2.97009,0,0.556424,4.47552,4.12061e+06,2.70226e+06,1.22386e+07,0,0,0,0,62.1065,61.308,2.77074,0,0,1.80736,1.80736,0,1.39594,2.96352,8.56347e+06,3.61194e+06,1.54773e+07,0,0,0,9.32321e+07
82.0766,85.139,2.03694,0,0.04,3.16943,3.16943,0,0.556596,4.47552,4.12061e+06,2.70226e+06,1.306e+07,0,0,0,0,61.9191,61.308,2.58055,0,0,1.96357,1.96357,0,1.39637,2.96352,8.56347e+06,3.61194e+06,1.6815e+07,0,0,0,9.32321e+07
80.7528,85.139,1.8582,0,0.04,3.17041,3.17041,0,0.593951,4.47552,4.12061e+06,2.70226e+06,1.3064e+07,0,0,0,0,61.5478,61.308,2.17287,0,0,1.96418,1.96418,0,1.51706,2.96352,8.56347e+06,3.61194e+06,1.68202e+07,0,0,0,9.32321e+07
79.6085,85.139,2.05764,0,0.04,3.17138,3.17138,0,0.594134,4.47552,4.12061e+06,2.70226e+06,1.3068e+07,0,0,0,0,61.3186,61.308,2.69506,0,0,1.96478,1.96478,0,1.51752,2.96352,8.56347e+06,3.61194e+06,1.68254e+07,0,0,0,9.32321e+07
78.0911,85.139,1.67474,0,0.04,3.17236,3.17236,0,0.594317,4.47552,4.12061e+06,2.70226e+06,1.30721e+07,0,0,0,0,60.884,61.308,1.89263,0,0,1.96539,1.96539,0,1.51799,2.96352,8.56347e+06,3.61194e+06,1.68305e+07,0,0,0,9.32321e+07
77.2169,85.139,2.04514,0.01,0.04,2.87094,3.17334,0,0.5945,4.47552,4.12061e+06,2.70226e+06,1.183e+07,0,0,0,0,60.8318,61.308,3.48202,0,0,2.26839,1.96599,0,1.51846,2.96352,8.56347e+06,3.61194e+06,1.94253e+07,0,0,0,9.32321e+07
76.2483,85.139,2.11109,0,0.04,3.07746,3.07746,0,0.538013,4.47552,4.12061e+06,2.70226e+06,1.2681e+07,0,0,0,0,61.4446,61.308,4.69087,0,0,1.87198,1.87198,0,1.75256,2.96352,8.56347e+06,3.61194e+06,1.60306e+07,0,0,0,9.32321e+07
75.6304,85.139,2.19293,0.01,0.04,2.77601,3.07841,0,0.576716,4.47552,4.12061e+06,2.70226e+06,1.14389e+07,0,0,0,0,61.8246,61.308,4.26252,0,0,2.17495,1.87255,0,1.44629,2.96352,8.56347e+06,3.61194e+06,1.86251e+07,0,0,0,9.32321e+07
74.6557,85.139,1.93965,0.01,0.04,2.77696,3.07936,0,0.520224,4.47552,4.12061e+06,2.70226e+06,1.14428e+07,0,0,0,0,62.2872,61.308,4.35706,0,0,2.17553,1.87313,0,1.68037,2.96352,8.56347e+06,3.61194e+06,1.86301e+07,0,0,0,9.32321e+07
73.9977,85.139,2.34198,0.01,0.04,2.7779,3.0803,0,0.520401,4.47552,4.12061e+06,2.70226e+06,1.14467e+07,0,0,0,0,62.3362,61.308,4.53698,0,0,2.1761,1.8737,0,1.68081,2.96352,8.56347e+06,3.61194e+06,1.8635e+07,0,0,0,9.32321e+07
72.844,85.139,1.80877,0.01,0.04,2.69925,3.00165,0,0.520579,4.47552,4.12061e+06,2.70226e+06,1.11226e+07,0,0,0,0,62.3362,61.308,3.36437,0,0,2.09045,1.78805,0,1.68126,2.96352,8.56347e+06,3.61194e+06,1.79015e+07,0,0,0,9.32321e+07
71.7291,85.139,1.84366,0.02,0.04,2.70018,3.00258,0,0.50584,4.47552,4.12061e+06,2.70226e+06,1.11264e+07,0,0,0,0,62.3362,61.308,3.93058,0,0,2.091,1.7886,0,1.61508,2.96352,8.56347e+06,3.61194e+06,1.79062e+07,0,0,0,9.32321e+07
70.3039,85.139,1.5107,0.01,0.04,2.7011,3.0035,0,0.506013,4.47552,4.12061e+06,2.70226e+06,1.11302e+07,0,0,0,0,62.3362,61.308,5.69464,0,0,2.09155,1.78915,0,1.6155,2.96352,8.56347e+06,3.61194e+06,1.79109e+07,0,0,0,9.32321e+07
68.734,85.139,1.37977,0.01,0.04,2.70203,3.00443,0,0.506187,4.47552,4.12061e+06,2.70226e+06,1.1134e+07,0,0,0,0,62.3362,61.308,3.96266,0,0,2.0921,1.7897,0,1.61593,2.96352,8.56347e+06,3.61194e+06,1.79156e+07,0,0,0,9.32321e+07
70.2907,85.139,4.64449,0.01,0.04,2.47661,2.77901,0,0.50636,4.47552,4.12061e+06,2.70226e+06,1.02052e+07,0,0,0,0,62.3362,61.308,6.02628,0,0,1.91282,1.61042,0,1.61635,2.96352,8.56347e+06,3.61194e+06,1.63804e+07,0,0,0,9.32321e+07
72.4576,85.139,5.23295,0.01,0.04,2.47747,2.77987,0,0.464117,4.47552,4.12061e+06,2.70226e+06,1.02087e+07,0,0,0,0,62.3362,61.308,6.04049,0,0,1.91332,1.61092,0,1.47785,2.96352,8.56347e+06,3.61194e+06,1.63846e+07,0,0,0,9.32321e+07
74.8335,85.139,5.53557,0.01,0.04,2.47832,2.78072,0,0.464277,4.47552,4.12061e+06,2.70226e+06,1.02122e+07,0,0,0,0,62.3362,61.308,8.11956,0,0,1.91381,1.61141,0,1.47823,2.96352,8.56347e+06,3.61194e+06,1.63889e+07,0,0,0,9.32321e+07
75.6615,85.139,4.18124,0,0.04,2.78158,2.78158,0,0.464438,4.47552,4.12061e+06,2.70226e+06,1.14618e+07,0,0,0,0,62.3362,61.308,5.49446,0,0,1.61191,1.61191,0,1.47861,2.96352,8.56347e+06,3.61194e+06,1.38035e+07,0,0,0,9.32321e+07
78.2199,85.139,5.94052,0,0.04,2.78243,2.78243,0,0.521268,4.47552,4.12061e+06,2.70226e+06,1.14653e+07,0,0,0,3.43163e+08,62.3362,61.308,8.0844,0,0,1.6124,1.6124,0,1.24536,2.96352,8.56347e+06,3.61194e+06,1.38078e+07,0,0,0,9.32321e+07
80.1136,85.139,5.48642,0,0.04,2.87046,2.87046,0,0.521428,5.32224,4.12061e+06,2.70226e+06,1.1828e+07,0,0,0,3.43163e+08,62.3362,61.308,5.82852,0,0,1.66504,1.66504,0,1.24574,2.96352,8.56347e+06,3.61194e+06,1.42585e+07,0,0,0,9.32321e+07
80.7528,85.139,4.11284,0,0.04,2.8713,2.8713,0,0.537924,5.32224,4.12061e+06,2.70226e+06,1.18315e+07,0,0,0,3.43163e+08,62.3362,61.308,4.49801,0,0,1.66553,1.66553,0,1.28641,2.96352,8.56347e+06,3.61194e+06,1.42627e+07,0,0,0,9.32321e+07
80.9115,85.139,3.48187,0,0.04,2.87215,2.87215,0,0.538082,5.32224,4.12061e+06,2.70226e+06,1.1835e+07,0,0,0,3.43163e+08,62.3362,61.308,4.91512,0,0,1.66602,1.66602,0,1.28679,2.96352,8.56347e+06,3.61194e+06,1.42669e+07,0,0,0,9.32321e+07
82.5159,85.139,5.02316,0,0.04,2.873,2.873,0,0.538241,5.32224,4.12061e+06,2.70226e+06,1.18385e+07,0,0,0,3.43163e+08,62.3362,61.308,5.35414,0,0,1.66651,1.66651,0,1.28717,2.96352,8.56347e+06,3.61194e+06,1.42711e+07,0,0,0,9.32321e+07
83.5084,85.139,4.74242,0,0.04,3.15415,3.15415,0,0.5384,5.32224,4.12061e+06,2.70226e+06,1.2997e+07,0,0,0,3.43163e+08,62.3362,61.308,5.39996,0,0,1.86301,1.86301,0,1.28755,2.96352,8.56347e+06,3.61194e+06,1.59538e+07,0,0,0,9.32321e+07
83.7096,85.139,3.89631,0,0.04,3.15508,3.15508,0,0.591088,5.32224,4.12061e+06,2.70226e+06,1.30009e+07,0,0,0,3.43163e+08,62.3362,61.308,3.71594,0,0,1.86355,1.86355,0,1.43936,2.96352,8.56347e+06,3.61194e+06,1.59585e+07,0,0,0,9.32321e+07
84.2665,85.139,4.28638,0,0.04,3.15601,3.15601,0,0.591262,5.32224,4.12061e+06,2.70226e+06,1.30047e+07,0,0,0,3.43163e+08,62.3362,61.308,3.62527,0,0,1.8641,1.8641,0,1.43978,2.96352,8.56347e+06,3.61194e+06,1.59632e+07,0,0,0,9.32321e+07
83.8899,85.139,3.31397,0,0.04,3.15694,3.15694,0,0.591436,5.32224,4.12061e+06,2.70226e+06,1.30085e+07,0,0,0,3.43163e+08,62.3362,61.308,2.99411,0,0,1.86465,1.86465,0,1.44021,2.96352,8.56347e+06,3.61194e+06,1.59679e+07,0,0,0,9.32321e+07
85.139,85.139,5.95376,0,0.04,2.75759,2.75759,0,0.591611,5.32224,4.12061e+06,2.70226e+06,1.1363e+07,0,0,0,3.43163e+08,62.3362,61.308,6.08252,0,0,1.60185,1.60185,0,1.44063,2.96352,8.56347e+06,3.61194e+06,1.37174e+07,0,0,0,9.32321e+07
85.139,85.139,3.53919,0,0.04,2.7584,2.7584,0,0.516772,5.32224,4.12061e+06,2.70226e+06,1.13663e+07,0,0,0,3.43163e+08,62.3362,61.308,5.45879,0,0,1.60232,1.60232,0,1.23759,2.96352,8.56347e+06,3.61194e+06,1.37215e+07,0,0,0,9.32321e+07
84.5894,85.139,2.64687,0,0.04,2.75922,2.75922,0,0.516925,5.32224,4.12061e+06,2.70226e+06,1.13697e+07,0,0,0,3.43163e+08,62.3362,61.308,3.2338,0,0,1.6028,1.6028,0,1.23796,2.96352,8.56347e+06,3.61194e+06,1.37255e+07,0,0,0,9.32321e+07
85.139,85.139,3.89452,0,0.04,2.76003,2.76003,0,0.517077,5.32224,4.12061e+06,2.70226e+06,1.1373e+07,0,0,0,3.43163e+08,62.3362,61.308,5.06946,0,0,1.60327,1.60327,0,1.23832,2.96352,8.56347e+06,3.61194e+06,1.37295e+07,0,0,0,9.32321e+07
85.139,85.139,4.45783,0,0.04,2.76084,2.76084,0,0.517229,5.32224,4.12061e+06,2.70226e+06,1.13764e+07,0,0,0,3.43163e+08,62.3362,61.308,5.33608,0,0,1.60374,1.60374,0,1.23869,2.96352,8.56347e+06,3.61194e+06,1.37336e+07,0,0,0,9.32321e+07
85.139,85.139,3.55844,0,0.04,2.86256,2.86256,0,0.517382,5.32224,4.12061e+06,2.70226e+06,1.17955e+07,0,0,0,3.43163e+08,62.3362,61.308,3.26222,0,0,1.66873,1.66873,0,1.23905,2.96352,8.56347e+06,3.61194e+06,1.42901e+07,0,0,0,9.32321e+07
85.139,85.139,3.86367,0,0.04,2.8634,2.8634,0,0.536444,5.32224,4.12061e+06,2.70226e+06,1.1799e+07,0,0,0,3.43163e+08,62.3362,61.308,4.98817,0,0,1.66922,1.66922,0,1.28926,2.96352,8.56347e+06,3.61194e+06,1.42944e+07,0,0,0,9.32321e+07
84.7057,85.139,2.85226,0,0.04,2.86424,2.86424,0,0.536601,5.32224,4.12061e+06,2.70226e+06,1.18024e+07,0,0,0,3.43163e+08,62.3362,61.308,3.1926,0,0,1.66972,1.66972,0,1.28964,2.96352,8.56347e+06,3.61194e+06,1.42986e+07,0,0,0,9.32321e+07
83.7906,85.139,2.29811,0,0.04,2.86509,2.86509,0,0.536759,5.32224,4.12061e+06,2.70226e+06,1.18059e+07,0,0,0,3.43163e+08,62.2953,61.308,2.66672,0,0,1.67021,1.67021,0,1.29002,2.96352,8.56347e+06,3.61194e+06,1.43028e+07,0,0,0,9.32321e+07
83.4636,85.139,2.78145,0,0.04,2.82643,2.82643,0,0.536917,5.32224,4.12061e+06,2.70226e+06,1.16466e+07,0,0,0,3.43163e+08,62.3362,61.308,3.34669,0,0,1.64561,1.64561,0,1.2904,2.96352,8.56347e+06,3.61194e+06,1.40921e+07,0,0,0,9.32321e+07
83.1038,85.139,2.72169,0,0.04,2.82726,2.82726,0,0.529673,5.32224,4.12061e+06,2.70226e+06,1.16501e+07,0,0,0,3.43163e+08,62.3362,61.308,3.39618,0,0,1.6461,1.6461,0,1.2714,2.96352,8.56347e+06,3.61194e+06,1.40963e+07,0,0,0,9.32321e+07
82.4795,85.139,2.43264,0,0.04,2.8281,2.8281,0,0.529829,5.32224,4.12061e+06,2.70226e+06,1.16535e+07,0,0,0,3.43163e+08,62.3362,61.308,2.98662,0,0,1.64658,1.64658,0,1.27177,2.96352,8.56347e+06,3.61194e+06,1.41004e+07,0,0,0,9.32321e+07
81.7068,85.139,2.25277,0,0.04,2.82893,2.82893,0,0.529985,5.32224,4.12061e+06,2.70226e+06,1.16569e+07,0,0,0,3.43163e+08,62.3362,61.308,2.81464,0,0,1.64706,1.64706,0,1.27215,2.96352,8.56347e+06,3.61194e+06,1.41046e+07,0,0,0,9.32321e+07
80.7445,85.139,2.14703,0,0.04,2.964,2.964,0,0.530141,5.32224,4.12061e+06,2.70226e+06,1.22135e+07,0,0,0,3.43163e+08,62.3362,61.308,2.93617,0,0,1.73662,1.73662,0,1.27252,2.96352,8.56347e+06,3.61194e+06,1.48715e+07,0,0,0,9.32321e+07
79.6804,85.139,2.01264,0,0.04,2.96487,2.96487,0,0.555453,5.32224,4.12061e+06,2.70226e+06,1.22171e+07,0,0,0,3.43163e+08,62.3362,61.308,2.97931,0,0,1.73713,1.73713,0,1.34172,2.96352,8.56347e+06,3.61194e+06,1.48759e+07,0,0,0,9.32321e+07
78.5991,85.139,1.98482,0,0.04,2.96574,2.96574,0,0.555616,5.32224,4.12061e+06,2.70226e+06,1.22207e+07,0,0,0,3.43163e+08,62.3362,61.308,3.02586,0,0,1.73765,1.73765,0,1.34211,2.96352,8.56347e+06,3.61194e+06,1.48803e+07,0,0,0,9.32321e+07
77.4038,85.139,1.85633,0,0.04,2.96661,2.96661,0,0.55578,5.32224,4.12061e+06,2.70226e+06,1.22243e+07,0,0,0,3.43163e+08,62.3362,61.308,2.86121,0,0,1.73816,1.73816,0,1.34251,2.96352,8.56347e+06,3.61194e+06,1.48847e+07,0,0,0,9.32321e+07
76.1365,85.139,1.74079,0,0.04,2.96748,2.96748,0,0.555943,5.32224,4.12061e+06,2.70226e+06,1.22278e+07,0,0,0,3.43163e+08,62.3362,61.308,2.75951,0,0,1.73867,1.73867,0,1.3429,2.96352,8.56347e+06,3.61194e+06,1.4889e+07,0,0,0,9.32321e+07
74.7418,85.139,1.59879,0,0.04,2.94177,2.94177,0,0.556107,5.32224,4.12061e+06,2.70226e+06,1.21219e+07,0,0,0,3.43163e+08,62.2441,61.308,2.83176,0,0,1.78821,1.78821,0,1.3433,2.96352,8.56347e+06,3.61194e+06,1.53133e+07,0,0,0,9.32321e+07
73.2276,85.139,1.46382,0,0.04,2.94264,2.94264,0,0.551288,5.32224,4.12061e+06,2.70226e+06,1.21255e+07,0,0,0,3.43163e+08,62.103,61.308,2.4812,0,0,1.78873,1.78873,0,1.38157,2.96352,8.56347e+06,3.61194e+06,1.53178e+07,0,0,0,9.32321e+07
71.6313,85.139,1.34376,0,0.04,2.9435,2.9435,0,0.55145,5.32224,4.12061e+06,2.70226e+06,1.2129e+07,0,0,0,3.43163e+08,61.8811,61.308,2.44518,0,0,1.78926,1.78926,0,1.38198,2.96352,8.56347e+06,3.61194e+06,1.53223e+07,0,0,0,9.32321e+07
69.981,85.139,1.25665,0,0.04,2.94437,2.94437,0,0.551612,5.32224,4.12061e+06,2.70226e+06,1.21326e+07,0,0,0,3.43163e+08,61.5854,61.308,2.36029,0,0,1.78979,1.78979,0,1.38238,2.96352,8.56347e+06,3.61194e+06,1.53268e+07,0,0,0,9.32321e+07
68.3465,85.139,1.32149,0,0.04,3.01397,3.01397,0,0.551774,5.32224,4.12061e+06,2.70226e+06,1.24194e+07,0,0,0,3.43163e+08,61.2717,61.308,2.52113,0,0,1.83406,1.83406,0,1.38279,2.96352,8.56347e+06,3.61194e+06,1.57059e+07,0,0,0,9.32321e+07
66.8144,85.139,1.41011,0,0.04,3.01485,3.01485,0,0.564818,5.32224,4.12061e+06,2.70226e+06,1.2423e+07,0,0,0,3.43163e+08,60.9724,61.308,2.72558,0,0,1.8346,1.8346,0,1.41699,2.96352,8.56347e+06,3.61194e+06,1.57105e+07,0,0,0,9.32321e+07
65.3871,85.139,1.25297,0.02,0.04,2.71334,3.01574,0,0.564984,5.32224,4.12061e+06,2.70226e+06,1.11806e+07,0,0,0,3.43163e+08,60.6328,61.308,2.57948,0,0,2.13754,1.83514,0,1.41741,2.96352,8.56347e+06,3.61194e+06,1.83047e+07,0,0,0,9.32321e+07
63.8705,85.139,1.1475,0.02,0.04,2.71423,3.01663,0,0.50848,5.32224,4.12061e+06,2.70226e+06,1.11843e+07,0,0,0,3.43163e+08,60.2725,61.308,2.40457,0,0,2.13808,1.83568,0,1.65146,2.96352,8.56347e+06,3.61194e+06,1.83094e+07,0,0,0,9.32321e+07
62.0822,85.139,1.00737,0.02,0.04,2.91664,3.21904,0,0.508646,5.32224,4.12061e+06,2.70226e+06,1.20183e+07,0,0,0,3.43163e+08,59.8987,61.308,2.42441,0,0,2.29671,1.99431,0,1.65188,2.96352,8.56347e+06,3.61194e+06,1.96678e+07,0,0,0,9.32321e+07
60.2526,85.139,0.957466,0.02,0.04,2.91759,3.21999,0,0.546578,5.32224,4.12061e+06,2.70226e+06,1.20222e+07,0,0,0,3.43163e+08,59.4721,61.308,2.60543,0,0,2.29729,1.99489,0,1.77444,2.96352,8.56347e+06,3.61194e+06,1.96728e+07,0,0,0,9.32321e+07
58.3933,85.139,0.902257,0.02,0.04,2.91853,3.22093,0,0.546755,5.32224,4.12061e+06,2.70226e+06,1.20261e+07,0,0,0,3.43163e+08,58.9998,61.308,2.43235,0,0,2.29788,1.99548,0,1.77489,2.96352,8.56347e+06,3.61194e+06,1.96778e+07,0,0,0,9.32321e+07
56.8735,85.139,1.22645,0.02,0.04,2.91948,3.22188,0,0.546933,5.32224,4.12061e+06,2.70226e+06,1.203e+07,0,0,0,3.43163e+08,58.586,61.308,2.74572,0,0,2.29847,1.99607,0,1.77534,2.96352,8.56347e+06,3.61194e+06,1.96828e+07,0,0,0,9.32321e+07
55.8774,85.139,1.80005,0.02,0.04,2.92042,3.22282,0,0.54711,5.32224,4.12061e+06,2.70226e+06,1.20339e+07,0,0,0,3.43163e+08,58.3765,61.308,3.21112,0,0,2.29905,1.99665,0,1.77579,2.96352,8.56347e+06,3.61194e+06,1.96879e+07,0,0,0,9.32321e+07
54.7564,85.139,1.62661,0.02,0.04,2.82301,3.12541,0,0.547287,5.32224,4.12061e+06,2.70226e+06,1.16325e+07,0,0,0,3.43163e+08,58.3559,61.308,3.42939,0,0,2.20354,1.90114,0,1.77625,2.96352,8.56347e+06,3.61194e+06,1.887e+07,0,0,0,9.32321e+07
55.0555,85.139,3.05338,0.03,0.04,2.82393,3.12633,0,0.529032,5.32224,4.12061e+06,2.70226e+06,1.16363e+07,0,0,0,3.43163e+08,59.0267,61.308,6.51313,0,0,2.2041,1.9017,0,1.70246,2.96352,8.56347e+06,3.61194e+06,1.88747e+07,0,0,0,9.32321e+07
53.765,85.139,1.44359,0.02,0.04,2.82484,3.12724,0,0.529204,5.32224,4.12061e+06,2.70226e+06,1.16401e+07,0,0,0,3.43163e+08,59.0188,61.308,3.61422,0,0,2.20466,1.90226,0,1.70289,2.96352,8.56347e+06,3.61194e+06,1.88795e+07,0,0,0,9.32321e+07
52.6607,85.139,1.58438,0.02,0.04,2.82576,3.12816,0,0.529376,5.32224,4.12061e+06,2.70226e+06,1.16439e+07,0,0,0,3.43163e+08,59.1755,61.308,3.62281,0,0,2.20522,1.90282,0,1.70332,2.96352,8.56347e+06,3.61194e+06,1.88843e+07,0,0,0,9.32321e+07
54.2101,85.139,4.33431,0.02,0.04,2.74585,3.04825,0,0.529548,5.32224,4.12061e+06,2.70226e+06,1.13146e+07,0,0,0,3.43163e+08,60.2319,61.308,8.59175,0,0,2.1182,1.8158,0,1.70375,2.96352,8.56347e+06,3.61194e+06,1.81392e+07,0,0,0,9.32321e+07
55.9387,85.139,4.60322,0.02,0.04,2.74674,3.04914,0,0.514572,5.32224,4.12061e+06,2.70226e+06,1.13183e+07,0,0,0,3.43163e+08,61.8233,61.308,9.13733,0,0,2.11873,1.81633,0,1.63652,2.96352,8.56347e+06,3.61194e+06,1.81437e+07,0,0,0,9.32321e+07
58.1754,85.139,5.28801,0.02,0.04,2.74764,3.05004,0,0.51474,5.32224,4.12061e+06,2.70226e+06,1.1322e+07,0,0,0,3.43163e+08,62.3362,61.308,10.9504,0,0,2.11927,1.81687,0,1.63693,2.96352,8.56347e+06,3.61194e+06,1.81483e+07,0,0,0,9.32321e+07
59.77,85.139,4.64363,0.02,0.04,2.74853,3.05093,0,0.514908,5.32224,4.12061e+06,2.70226e+06,1.13256e+07,0,0,0,3.43163e+08,62.3362,61.308,9.21847,0,0,2.1198,1.8174,0,1.63735,2.96352,8.56347e+06,3.61194e+06,1.81529e+07,0,0,0,9.32321e+07
62.7469,85.139,5.91767,0.02,0.04,2.51959,2.82199,0,0.515075,5.32224,4.12061e+06,2.70226e+06,1.03823e+07,0,0,0,3.43163e+08,62.3362,61.308,10.6199,0,0,1.93773,1.63533,0,1.63776,2.96352,8.56347e+06,3.61194e+06,1.65937e+07,0,0,0,9.32321e+07
67.8341,85.139,8.00468,0.02,0.04,2.52042,2.82282,0,0.472171,5.32224,4.12061e+06,2.70226e+06,1.03857e+07,0,0,0,3.43163e+08,62.3362,61.308,11.4756,0,0,1.93821,1.63581,0,1.49709,2.96352,8.56347e+06,3.61194e+06,1.65978e+07,0,0,0,9.32321e+07
74.4231,85.139,9.65294,0.02,0.04,2.52125,2.82365,0,0.472327,5.32224,4.12061e+06,2.70226e+06,1.03891e+07,0,0,0,3.43163e+08,62.3362,61.308,13.2817,0,0,1.93869,1.63629,0,1.49746,2.96352,8.56347e+06,3.61194e+06,1.66019e+07,0,0,0,9.32321e+07
79.1968,85.139,8.24832,0,0.04,2.82448,2.82448,0,0.472482,5.32224,4.12061e+06,2.70226e+06,1.16386e+07,0,0,0,3.43163e+08,62.3362,61.308,8.67106,0,0,1.63677,1.63677,0,1.49783,2.96352,8.56347e+06,3.61194e+06,1.40164e+07,0,0,0,9.32321e+07
83.7463,85.139,7.99187,0,0.04,2.8253,2.8253,0,0.529307,5.32224,4.12061e+06,2.70226e+06,1.1642e+07,0,0,0,3.43163e+08,62.3362,61.308,5.21307,0,0,1.63725,1.63725,0,1.26457,2.96352,8.56347e+06,3.61194e+06,1.40205e+07,0,0,0,9.32321e+07
85.139,85.139,9.51357,0,0,2.91464,2.91464,0,0.529462,5.32224,4.12061e+06,2.70226e+06,1.20101e+07,0,0,0,3.43163e+08,62.3362,61.308,9.83645,0,0,1.69067,1.69067,0,1.26494,2.96352,8.56347e+06,3.61194e+06,1.4478e+07,0,0,0,9.32321e+07
85.139,85.139,8.78423,0,0,2.91546,2.91546,0,0.546204,5.32224,4.12061e+06,2.70226e+06,1.20135e+07,0,0,0,3.43163e+08,62.3362,61.308,13.4918,0,0,1.69114,1.69114,0,1.30621,2.96352,8.56347e+06,3.61194e+06,1.44821e+07,0,0,0,9.32321e+07
85.139,85.139,10.0511,0,0,2.91628,2.91628,0,0.546358,5.32224,4.12061e+06,2.70226e+06,1.20169e+07,0,0,0,3.43163e+08,62.3362,61.308,9.72218,0,0,1.69162,1.69162,0,1.30658,2.96352,8.56347e+06,3.61194e+06,1.44861e+07,0,0,0,9.32321e+07
85.139,85.139,13.4297,0,0,2.9171,2.9171,0,0.546511,5.32224,4.12061e+06,2.70226e+06,1.20202e+07,0,0,0,3.43163e+08,62.3362,61.308,16.1868,0,0,1.69209,1.69209,0,1.30695,2.96352,8.56347e+06,3.61194e+06,1.44902e+07,0,0,0,9.32321e+07
85.139,85.139,12.3603,0,0,3.20253,3.20253,0,0.546665,5.32224,4.12061e+06,2.70226e+06,1.31964e+07,0,0,0,3.43163e+08,62.3362,61.308,15.6399,0,0,1.89158,1.89158,0,1.30731,2.96352,8.56347e+06,3.61194e+06,1.61985e+07,0,0,0,9.32321e+07
85.139,85.139,8.01639,0,0,3.20343,3.20343,0,0.600154,5.32224,4.12061e+06,2.70226e+06,1.32001e+07,0,0,0,3.43163e+08,62.3362,61.308,10.808,0,0,1.89211,1.89211,0,1.46143,2.96352,8.56347e+06,3.61194e+06,1.6203e+07,0,0,0,9.32321e+07
85.139,85.139,8.86754,0,0,3.20433,3.20433,0,0.600322,5.32224,4.12061e+06,2.70226e+06,1.32038e+07,0,0,0,3.43163e+08,62.3362,61.308,14.1768,0,0,1.89264,1.89264,0,1.46185,2.96352,8.56347e+06,3.61194e+06,1.62076e+07,0,0,0,9.32321e+07
85.139,85.139,7.80673,0,0,3.20523,3.20523,0,0.600491,5.32224,4.12061e+06,2.70226e+06,1.32075e+07,0,0,0,3.43163e+08,62.3362,61.308,11.295,0,0,1.89317,1.89317,0,1.46226,2.96352,8.56347e+06,3.61194e+06,1.62121e+07,0,0,0,9.32321e+07
85.139,85.139,7.11918,0,0,2.79973,2.79973,0,0.60066,5.32224,4.12061e+06,2.70226e+06,1.15366e+07,0,0,0,3.43163e+08,62.3362,61.308,8.8366,0,0,1.62633,1.62633,0,1.46267,2.96352,8.56347e+06,3.61194e+06,1.3927e+07,0,0,0,9.32321e+07
85.139,85.139,9.29237,0,0,2.80052,2.80052,0,0.524669,5.32224,4.12061e+06,2.70226e+06,1.15398e+07,0,0,0,3.43163e+08,62.3362,61.308,9.0636,0,0,1.62679,1.62679,0,1.2565,2.96352,8.56347e+06,3.61194e+06,1.3931e+07,0,0,0,9.32321e+07
85.139,85.139,7.50054,0,0,2.8013,2.8013,0,0.524817,5.32224,4.12061e+06,2.70226e+06,1.15431e+07,0,0,0,3.43163e+08,62.3362,61.308,8.18008,0,0,1.62724,1.62724,0,1.25686,2.96352,8.56347e+06,3.61194e+06,1.39349e+07,0,0,0,9.32321e+07
85.139,85.139,6.6265,0,0,2.80209,2.80209,0,0.524964,5.32224,4.12061e+06,2.70226e+06,1.15463e+07,0,0,0,3.43163e+08,62.3362,61.308,7.89196,0,0,1.6277,1.6277,0,1.25721,2.96352,8.56347e+06,3.61194e+06,1.39388e+07,0,0,0,9.32321e+07
85.139,85.139,8.55742,0,0,2.80288,2.80288,0,0.525111,5.32224,4.12061e+06,2.70226e+06,1.15496e+07,0,0,0,3.43163e+08,62.3362,61.308,8.78154,0,0,1.62816,1.62816,0,1.25756,2.96352,8.56347e+06,3.61194e+06,1.39427e+07,0,0,0,9.32321e+07
85.139,85.139,10.3987,0,0,2.9061,2.9061,0,0.525259,5.32224,4.12061e+06,2.70226e+06,1.19749e+07,0,0,0,3.43163e+08,62.3362,61.308,10.9692,0,0,1.69412,1.69412,0,1.25792,2.96352,8.56347e+06,3.61194e+06,1.45075e+07,0,0,0,9.32321e+07
85.139,85.139,8.14889,0,0,2.90692,2.90692,0,0.544603,5.32224,4.12061e+06,2.70226e+06,1.19783e+07,0,0,0,3.43163e+08,62.3362,61.308,7.52242,0,0,1.69459,1.69459,0,1.30887,2.96352,8.56347e+06,3.61194e+06,1.45116e+07,0,0,0,9.32321e+07
85.139,85.139,6.40723,0,0,2.90773,2.90773,0,0.544756,5.32224,4.12061e+06,2.70226e+06,1.19816e+07,0,0,0,3.43163e+08,62.3362,61.308,6.94449,0,0,1.69507,1.69507,0,1.30924,2.96352,8.56347e+06,3.61194e+06,1.45157e+07,0,0,0,9.32321e+07
85.139,85.139,6.52397,0,0,2.90855,2.90855,0,0.544909,5.32224,4.12061e+06,2.70226e+06,1.1985e+07,0,0,0,3.43163e+08,62.3362,61.308,7.61661,0,0,1.69554,1.69554,0,1.30961,2.96352,8.56347e+06,3.61194e+06,1.45197e+07,0,0,0,9.32321e+07
85.139,85.139,5.9222,0,0,2.86927,2.86927,0,0.545062,5.32224,4.12061e+06,2.70226e+06,1.18231e+07,0,0,0,3.43163e+08,62.3362,61.308,6.13958,0,0,1.67055,1.67055,0,1.30998,2.96352,8.56347e+06,3.61194e+06,1.43057e+07,0,0,0,9.32321e+07
85.139,85.139,5.27672,0,0,2.87007,2.87007,0,0.537701,5.32224,4.12061e+06,2.70226e+06,1.18264e+07,0,0,0,3.43163e+08,62.3362,61.308,4.81927,0,0,1.67102,1.67102,0,1.29067,2.96352,8.56347e+06,3.61194e+06,1.43097e+07,0,0,0,9.32321e+07
85.139,85.139,4.65358,0,0,2.87088,2.87088,0,0.537851,5.32224,4.12061e+06,2.70226e+06,1.18298e+07,0,0,0,3.43163e+08,62.3362,61.308,4.295,0,0,1.67149,1.67149,0,1.29103,2.96352,8.56347e+06,3.61194e+06,1.43137e+07,0,0,0,9.32321e+07
85.139,85.139,4.18561,0,0,2.87168,2.87168,0,0.538002,5.32224,4.12061e+06,2.70226e+06,1.18331e+07,0,0,0,3.43163e+08,62.3362,61.308,3.84469,0,0,1.67196,1.67196,0,1.29139,2.96352,8.56347e+06,3.61194e+06,1.43177e+07,0,0,0,9.32321e+07
85.139,85.139,4.04178,0,0,3.00875,3.00875,0,0.538153,5.32224,4.12061e+06,2.70226e+06,1.23979e+07,0,0,0,3.43163e+08,62.3362,61.308,3.87502,0,0,1.76285,1.76285,0,1.29175,2.96352,8.56347e+06,3.61194e+06,1.50961e+07,0,0,0,9.32321e+07
85.139,85.139,4.52016,0,0,3.00959,3.00959,0,0.56384,5.32224,4.12061e+06,2.70226e+06,1.24014e+07,0,0,0,3.43163e+08,62.3362,61.308,4.34232,0,0,1.76334,1.76334,0,1.36197,2.96352,8.56347e+06,3.61194e+06,1.51003e+07,0,0,0,9.32321e+07
85.139,85.139,4.06887,0,0,3.01044,3.01044,0,0.563998,5.32224,4.12061e+06,2.70226e+06,1.24048e+07,0,0,0,3.43163e+08,62.3362,61.308,3.96988,0,0,1.76383,1.76383,0,1.36236,2.96352,8.56347e+06,3.61194e+06,1.51045e+07,0,0,0,9.32321e+07
85.139,85.139,3.7125,0,0,3.01128,3.01128,0,0.564156,5.32224,4.12061e+06,2.70226e+06,1.24083e+07,0,0,0,3.43163e+08,62.3362,61.308,3.89731,0,0,1.76433,1.76433,0,1.36274,2.96352,8.56347e+06,3.61194e+06,1.51088e+07,0,0,0,9.32321e+07
85.139,85.139,3.56321,0,0,3.01212,3.01212,0,0.564314,5.32224,4.12061e+06,2.70226e+06,1.24118e+07,0,0,0,3.43163e+08,62.3362,61.308,3.41971,0,0,1.76482,1.76482,0,1.36312,2.96352,8.56347e+06,3.61194e+06,1.5113e+07,0,0,0,9.32321e+07
85.139,85.139,3.38488,0,0,2.98598,2.98598,0,0.564472,5.32224,4.12061e+06,2.70226e+06,1.23041e+07,0,0,0,3.43163e+08,62.2872,61.308,2.54966,0,0,1.81508,1.81508,0,1.3635,2.96352,8.56347e+06,3.61194e+06,1.55434e+07,0,0,0,9.32321e+07
85.139,85.139,3.31297,0,0,2.98682,2.98682,0,0.559573,5.32224,4.12061e+06,2.70226e+06,1.23075e+07,0,0,0,3.43163e+08,62.2382,61.308,2.56573,0,0,1.81559,1.81559,0,1.40233,2.96352,8.56347e+06,3.61194e+06,1.55478e+07,0,0,0,9.32321e+07
85.139,85.139,3.22878,0,0,2.98766,2.98766,0,0.55973,5.32224,4.12061e+06,2.70226e+06,1.2311e+07,0,0,0,3.43163e+08,62.1377,61.308,2.50814,0,0,1.8161,1.8161,0,1.40273,2.96352,8.56347e+06,3.61194e+06,1.55521e+07,0,0,0,9.32321e+07
85.0353,85.139,3.0097,0,0,2.98849,2.98849,0,0.559887,5.32224,4.12061e+06,2.70226e+06,1.23144e+07,0,0,0,3.43163e+08,61.9822,61.308,2.39766,0,0,1.81661,1.81661,0,1.40312,2.96352,8.56347e+06,3.61194e+06,1.55565e+07,0,0,0,9.32321e+07
84.4399,85.139,2.55205,0,0,3.0591,3.0591,0,0.560044,5.32224,4.12061e+06,2.70226e+06,1.26053e+07,0,0,0,3.43163e+08,61.7416,61.308,2.23849,0,0,1.86152,1.86152,0,1.40351,2.96352,8.56347e+06,3.61194e+06,1.59411e+07,0,0,0,9.32321e+07
84.0583,85.139,2.79676,0,0,3.05995,3.05995,0,0.573275,5.32224,4.12061e+06,2.70226e+06,1.26089e+07,0,0,0,3.43163e+08,61.6878,61.308,2.7042,0,0,1.86204,1.86204,0,1.43821,2.96352,8.56347e+06,3.61194e+06,1.59456e+07,0,0,0,9.32321e+07
83.4412,85.139,2.5294,0,0,3.06081,3.06081,0,0.573435,5.32224,4.12061e+06,2.70226e+06,1.26124e+07,0,0,0,3.43163e+08,61.4724,61.308,2.58085,0,0,1.86256,1.86256,0,1.43861,2.96352,8.56347e+06,3.61194e+06,1.595e+07,0,0,0,9.32321e+07
82.6096,85.139,2.30333,0,0,3.06167,3.06167,0,0.573596,5.32224,4.12061e+06,2.70226e+06,1.26159e+07,0,0,0,3.43163e+08,61.205,61.308,2.24499,0,0,1.86309,1.86309,0,1.43902,2.96352,8.56347e+06,3.61194e+06,1.59545e+07,0,0,0,9.32321e+07
81.8116,85.139,2.49847,0,0,3.26706,3.26706,0,0.573757,5.32224,4.12061e+06,2.70226e+06,1.34623e+07,0,0,0,3.43163e+08,61.0679,61.308,2.77249,0,0,2.02406,2.02406,0,1.43942,2.96352,8.56347e+06,3.61194e+06,1.73329e+07,0,0,0,9.32321e+07
81.0378,85.139,2.57619,0,0,3.26797,3.26797,0,0.612247,5.32224,4.12061e+06,2.70226e+06,1.34661e+07,0,0,0,3.43163e+08,61.0185,61.308,2.71548,0,0,2.02462,2.02462,0,1.56379,2.96352,8.56347e+06,3.61194e+06,1.73378e+07,0,0,0,9.32321e+07
80.3751,85.139,2.68234,0,0,3.26889,3.26889,0,0.612418,5.32224,4.12061e+06,2.70226e+06,1.34698e+07,0,0,0,3.43163e+08,60.9706,61.308,2.87469,0,0,2.02519,2.02519,0,1.56422,2.96352,8.56347e+06,3.61194e+06,1.73427e+07,0,0,0,9.32321e+07
80.1211,85.139,3.08051,0,0,3.2698,3.2698,0,0.61259,5.32224,4.12061e+06,2.70226e+06,1.34736e+07,0,0,0,3.43163e+08,60.9629,61.308,2.84758,0,0,2.02576,2.02576,0,1.56466,2.96352,8.56347e+06,3.61194e+06,1.73475e+07,0,0,0,9.32321e+07
79.086,85.139,2.30178,0,0,3.27072,3.27072,0,0.612761,5.32224,4.12061e+06,2.70226e+06,1.34774e+07,0,0,0,3.43163e+08,60.8307,61.308,2.64591,0,0,2.02632,2.02632,0,1.5651,2.96352,8.56347e+06,3.61194e+06,1.73524e+07,0,0,0,9.32321e+07
78.3624,85.139,2.33857,0.01,0,2.86941,3.17181,0,0.612933,5.32224,4.12061e+06,2.70226e+06,1.18237e+07,0,0,0,3.43163e+08,60.5307,61.308,1.88464,0,0,2.23177,1.92937,0,1.56554,2.96352,8.56347e+06,3.61194e+06,1.91117e+07,0,0,0,9.32321e+07
77.4479,85.139,2.18496,0.01,0,2.8703,3.1727,0,0.537728,5.32224,4.12061e+06,2.70226e+06,1.18274e+07,0,0,0,3.43163e+08,60.3367,61.308,2.1466,0,0,2.23231,1.92991,0,1.72426,2.96352,8.56347e+06,3.61194e+06,1.91163e+07,0,0,0,9.32321e+07
76.7979,85.139,2.45686,0.02,0,2.87119,3.17359,0,0.537894,5.32224,4.12061e+06,2.70226e+06,1.18311e+07,0,0,0,3.43163e+08,60.4472,61.308,2.9909,0,0,2.23285,1.93045,0,1.72468,2.96352,8.56347e+06,3.61194e+06,1.91209e+07,0,0,0,9.32321e+07
75.8906,85.139,2.17903,0.02,0,2.87208,3.17448,0,0.538061,5.32224,4.12061e+06,2.70226e+06,1.18347e+07,0,0,0,3.43163e+08,60.3432,61.308,2.39375,0,0,2.23339,1.93099,0,1.7251,2.96352,8.56347e+06,3.61194e+06,1.91256e+07,0,0,0,9.32321e+07
75.0503,85.139,2.17965,0.02,0,2.79094,3.09334,0,0.538227,5.32224,4.12061e+06,2.70226e+06,1.15004e+07,0,0,0,3.43163e+08,60.3863,61.308,3.14627,0,0,2.14506,1.84266,0,1.72552,2.96352,8.56347e+06,3.61194e+06,1.83692e+07,0,0,0,9.32321e+07
74.1246,85.139,2.07072,0.01,0,2.7918,3.0942,0,0.523022,5.32224,4.12061e+06,2.70226e+06,1.15039e+07,0,0,0,3.43163e+08,60.2314,61.308,2.21178,0,0,2.14558,1.84318,0,1.65727,2.96352,8.56347e+06,3.61194e+06,1.83736e+07,0,0,0,9.32321e+07
73.553,85.139,2.42517,0.01,0,2.79267,3.09507,0,0.523184,5.32224,4.12061e+06,2.70226e+06,1.15075e+07,0,0,0,3.43163e+08,60.549,61.308,3.97413,0,0,2.14609,1.84369,0,1.65767,2.96352,8.56347e+06,3.61194e+06,1.8378e+07,0,0,0,9.32321e+07
72.3169,85.139,1.76582,0.02,0,2.79354,3.09594,0,0.523346,5.32224,4.12061e+06,2.70226e+06,1.15111e+07,0,0,0,3.43163e+08,60.4553,61.308,2.7313,0,0,2.14661,1.84421,0,1.65807,2.96352,8.56347e+06,3.61194e+06,1.83824e+07,0,0,0,9.32321e+07
74.8876,85.139,5.62151,0.02,0,2.56118,2.86358,0,0.523508,5.32224,4.12061e+06,2.70226e+06,1.05536e+07,0,0,0,3.43163e+08,60.7544,61.308,4.45451,0,0,1.96183,1.65943,0,1.65847,2.96352,8.56347e+06,3.61194e+06,1.68e+07,0,0,0,9.32321e+07
73.9946,85.139,2.1299,0.01,0,2.56198,2.86438,0,0.479964,5.32224,4.12061e+06,2.70226e+06,1.05569e+07,0,0,0,3.43163e+08,61.3665,61.308,4.21511,0,0,1.96229,1.65989,0,1.51571,2.96352,8.56347e+06,3.61194e+06,1.6804e+07,0,0,0,9.32321e+07
73.6723,85.139,2.70918,0.01,0,2.56278,2.86518,0,0.480115,5.32224,4.12061e+06,2.70226e+06,1.05602e+07,0,0,0,3.43163e+08,61.9545,61.308,4.47671,0,0,1.96276,1.66036,0,1.51607,2.96352,8.56347e+06,3.61194e+06,1.6808e+07,0,0,0,9.32321e+07
72.5108,85.139,1.80331,0.02,0,2.56358,2.86598,0,0.480265,5.32224,4.12061e+06,2.70226e+06,1.05635e+07,0,0,0,3.43163e+08,62.0349,61.308,3.19998,0,0,1.96322,1.66082,0,1.51642,2.96352,8.56347e+06,3.61194e+06,1.6812e+07,0,0,0,9.32321e+07
71.0791,85.139,1.46848,0.01,0,2.56438,2.86678,0,0.480415,5.32224,4.12061e+06,2.70226e+06,1.05668e+07,0,0,0,3.43163e+08,61.9139,61.308,2.22493,0,0,1.96368,1.66128,0,1.51678,2.96352,8.56347e+06,3.61194e+06,1.68159e+07,0,0,0,9.32321e+07
72.4199,85.139,4.39287,0.01,0,2.65499,2.95739,0,0.480565,5.32224,4.12061e+06,2.70226e+06,1.09402e+07,0,0,0,3.43163e+08,62.1845,61.308,3.58685,0,0,2.01787,1.71547,0,1.51714,2.96352,8.56347e+06,3.61194e+06,1.72799e+07,0,0,0,9.32321e+07
75.3633,85.139,6.23957,0.01,0,2.65579,2.95819,0,0.497546,5.32224,4.12061e+06,2.70226e+06,1.09435e+07,0,0,0,3.43163e+08,62.253,61.308,3.23968,0,0,2.01833,1.71593,0,1.559,2.96352,8.56347e+06,3.61194e+06,1.72839e+07,0,0,0,9.32321e+07
77.2897,85.139,5.34054,0,0,2.95898,2.95898,0,0.497695,5.32224,4.12061e+06,2.70226e+06,1.21928e+07,0,0,0,3.43163e+08,62.2103,61.308,3.24912,0,0,1.71639,1.71639,0,1.55936,2.96352,8.56347e+06,3.61194e+06,1.46982e+07,0,0,0,9.32321e+07
78.6235,85.139,4.73638,0,0,2.95977,2.95977,0,0.554513,5.32224,4.12061e+06,2.70226e+06,1.21961e+07,0,0,0,3.43163e+08,62.0655,61.308,2.82027,0,0,1.71685,1.71685,0,1.32608,2.96352,8.56347e+06,3.61194e+06,1.47022e+07,0,0,0,9.32321e+07
81.0349,85.139,6.11625,0,0,3.24933,3.24933,0,0.554662,5.32224,4.12061e+06,2.70226e+06,1.33892e+07,0,0,0,3.43163e+08,62.1145,61.308,3.63776,0,0,1.91923,1.91923,0,1.32644,2.96352,8.56347e+06,3.61194e+06,1.64352e+07,0,0,0,9.32321e+07
81.1982,85.139,3.84603,0,0,3.2502,3.2502,0,0.608925,5.32224,4.12061e+06,2.70226e+06,1.33928e+07,0,0,0,3.43163e+08,62.1092,61.308,2.89756,0,0,1.91974,1.91974,0,1.48279,2.96352,8.56347e+06,3.61194e+06,1.64396e+07,0,0,0,9.32321e+07
81.6474,85.139,4.19297,0,0,3.25108,3.25108,0,0.609088,5.32224,4.12061e+06,2.70226e+06,1.33964e+07,0,0,0,3.43163e+08,62.0716,61.308,3.01148,0,0,1.92025,1.92025,0,1.48319,2.96352,8.56347e+06,3.61194e+06,1.6444e+07,0,0,0,9.32321e+07
81.1513,85.139,3.18038,0,0,3.25195,3.25195,0,0.609252,5.32224,4.12061e+06,2.70226e+06,1.34e+07,0,0,0,3.43163e+08,61.8907,61.308,2.27487,0,0,1.92077,1.92077,0,1.48359,2.96352,8.56347e+06,3.61194e+06,1.64485e+07,0,0,0,9.32321e+07
83.7961,85.139,6.05023,0,0,2.8405,2.8405,0,0.609415,5.32224,4.12061e+06,2.70226e+06,1.17046e+07,0,0,0,3.43163e+08,62.2963,61.308,4.59651,0,0,1.65002,1.65002,0,1.48399,2.96352,8.56347e+06,3.61194e+06,1.41299e+07,0,0,0,9.32321e+07
82.9372,85.139,2.40403,0,0,2.84126,2.84126,0,0.53231,5.32224,4.12061e+06,2.70226e+06,1.17077e+07,0,0,0,3.43163e+08,62.1452,61.308,2.29997,0,0,1.65046,1.65046,0,1.2748,2.96352,8.56347e+06,3.61194e+06,1.41336e+07,0,0,0,9.32321e+07
82.328,85.139,2.67687,0,0,2.84203,2.84203,0,0.532453,5.32224,4.12061e+06,2.70226e+06,1.17109e+07,0,0,0,3.43163e+08,62.082,61.308,2.4111,0,0,1.6509,1.6509,0,1.27514,2.96352,8.56347e+06,3.61194e+06,1.41374e+07,0,0,0,9.32321e+07
81.6672,85.139,2.60593,0,0,2.84279,2.84279,0,0.532596,5.32224,4.12061e+06,2.70226e+06,1.1714e+07,0,0,0,3.43163e+08,62.0687,61.308,2.74958,0,0,1.65134,1.65134,0,1.27549,2.96352,8.56347e+06,3.61194e+06,1.41412e+07,0,0,0,9.32321e+07
82.7958,85.139,4.42956,0,0,2.84355,2.84355,0,0.532738,5.32224,4.12061e+06,2.70226e+06,1.17172e+07,0,0,0,3.43163e+08,62.3362,61.308,4.29572,0,0,1.65178,1.65178,0,1.27583,2.96352,8.56347e+06,3.61194e+06,1.4145e+07,0,0,0,9.32321e+07
83.739,85.139,4.40586,0,0,2.94823,2.94823,0,0.532881,5.32224,4.12061e+06,2.70226e+06,1.21485e+07,0,0,0,3.43163e+08,62.3362,61.308,4.0164,0,0,1.71868,1.71868,0,1.27617,2.96352,8.56347e+06,3.61194e+06,1.47179e+07,0,0,0,9.32321e+07
83.5255,85.139,3.18428,0,0,2.94902,2.94902,0,0.552499,5.32224,4.12061e+06,2.70226e+06,1.21518e+07,0,0,0,3.43163e+08,62.3362,61.308,3.38625,0,0,1.71914,1.71914,0,1.32785,2.96352,8.56347e+06,3.61194e+06,1.47218e+07,0,0,0,9.32321e+07
83.2417,85.139,3.07985,0,0,2.94981,2.94981,0,0.552647,5.32224,4.12061e+06,2.70226e+06,1.2155e+07,0,0,0,3.43163e+08,62.3362,61.308,3.21107,0,0,1.7196,1.7196,0,1.32821,2.96352,8.56347e+06,3.61194e+06,1.47257e+07,0,0,0,9.32321e+07
82.6936,85.139,2.83868,0,0,2.9506,2.9506,0,0.552795,5.32224,4.12061e+06,2.70226e+06,1.21583e+07,0,0,0,3.43163e+08,62.3362,61.308,2.86445,0,0,1.72006,1.72006,0,1.32856,2.96352,8.56347e+06,3.61194e+06,1.47297e+07,0,0,0,9.32321e+07
81.7705,85.139,2.35832,0,0,2.91072,2.91072,0,0.552943,5.32224,4.12061e+06,2.70226e+06,1.19939e+07,0,0,0,3.43163e+08,62.292,61.308,3.08563,0,0,1.69468,1.69468,0,1.32892,2.96352,8.56347e+06,3.61194e+06,1.45124e+07,0,0,0,9.32321e+07
80.5095,85.139,1.98244,0,0,2.91149,2.91149,0,0.545468,5.32224,4.12061e+06,2.70226e+06,1.19971e+07,0,0,0,3.43163e+08,62.1524,61.308,2.65241,0,0,1.69514,1.69514,0,1.30931,2.96352,8.56347e+06,3.61194e+06,1.45163e+07,0,0,0,9.32321e+07
79.1117,85.139,1.82668,0,0,2.91227,2.91227,0,0.545614,5.32224,4.12061e+06,2.70226e+06,1.20004e+07,0,0,0,3.43163e+08,62.0222,61.308,2.70727,0,0,1.69559,1.69559,0,1.30966,2.96352,8.56347e+06,3.61194e+06,1.45201e+07,0,0,0,9.32321e+07
78.7091,85.139,2.85217,0,0,2.91305,2.91305,0,0.54576,5.32224,4.12061e+06,2.70226e+06,1.20036e+07,0,0,0,3.43163e+08,62.0699,61.308,3.22037,0,0,1.69604,1.69604,0,1.31001,2.96352,8.56347e+06,3.61194e+06,1.4524e+07,0,0,0,9.32321e+07
77.2504,85.139,1.82142,0,0,3.05206,3.05206,0,0.545906,5.32224,4.12061e+06,2.70226e+06,1.25763e+07,0,0,0,3.43163e+08,61.9614,61.308,2.74807,0,0,1.78822,1.78822,0,1.31036,2.96352,8.56347e+06,3.61194e+06,1.53134e+07,0,0,0,9.32321e+07
75.847,85.139,1.84034,0,0,3.05287,3.05287,0,0.571955,5.32224,4.12061e+06,2.70226e+06,1.25797e+07,0,0,0,3.43163e+08,61.7445,61.308,2.63405,0,0,1.7887,1.7887,0,1.38158,2.96352,8.56347e+06,3.61194e+06,1.53175e+07,0,0,0,9.32321e+07
74.3866,85.139,1.74963,0,0,3.05369,3.05369,0,0.572109,5.32224,4.12061e+06,2.70226e+06,1.25831e+07,0,0,0,3.43163e+08,61.4857,61.308,2.4775,0,0,1.78918,1.78918,0,1.38195,2.96352,8.56347e+06,3.61194e+06,1.53216e+07,0,0,0,9.32321e+07
72.883,85.139,1.68884,0,0,3.05451,3.05451,0,0.572262,5.32224,4.12061e+06,2.70226e+06,1.25864e+07,0,0,0,3.43163e+08,61.2403,61.308,2.68981,0,0,1.78966,1.78966,0,1.38232,2.96352,8.56347e+06,3.61194e+06,1.53257e+07,0,0,0,9.32321e+07
71.241,85.139,1.55284,0,0,3.05532,3.05532,0,0.572415,5.32224,4.12061e+06,2.70226e+06,1.25898e+07,0,0,0,3.43163e+08,60.9604,61.308,2.55784,0,0,1.79013,1.79013,0,1.38269,2.96352,8.56347e+06,3.61194e+06,1.53298e+07,0,0,0,9.32321e+07
70.2547,85.139,2.11306,0,0,3.02877,3.02877,0,0.572568,5.32224,4.12061e+06,2.70226e+06,1.24804e+07,0,0,0,3.43163e+08,60.8487,61.308,2.66071,0,0,1.84109,1.84109,0,1.38306,2.96352,8.56347e+06,3.61194e+06,1.57661e+07,0,0,0,9.32321e+07
69.4064,85.139,2.21588,0,0,3.02958,3.02958,0,0.567591,5.32224,4.12061e+06,2.70226e+06,1.24837e+07,0,0,0,3.43163e+08,60.7878,61.308,2.62732,0,0,1.84158,1.84158,0,1.42243,2.96352,8.56347e+06,3.61194e+06,1.57704e+07,0,0,0,9.32321e+07
68.369,85.139,2.01754,0,0,3.03039,3.03039,0,0.567743,5.32224,4.12061e+06,2.70226e+06,1.24871e+07,0,0,0,3.43163e+08,60.6897,61.308,2.50117,0,0,1.84208,1.84208,0,1.42281,2.96352,8.56347e+06,3.61194e+06,1.57746e+07,0,0,0,9.32321e+07
67.4212,85.139,1.83303,0.01,0,2.7288,3.0312,0,0.567895,5.32224,4.12061e+06,2.70226e+06,1.12443e+07,0,0,0,3.43163e+08,60.5376,61.308,2.29525,0,0,2.14497,1.84257,0,1.42319,2.96352,8.56347e+06,3.61194e+06,1.83684e+07,0,0,0,9.32321e+07
66.3703,85.139,1.74274,0.02,0,2.80037,3.10277,0,0.511377,5.32224,4.12061e+06,2.70226e+06,1.15392e+07,0,0,0,3.43163e+08,60.1588,61.308,2.15493,0,0,2.1905,1.8881,0,1.6572,2.96352,8.56347e+06,3.61194e+06,1.87583e+07,0,0,0,9.32321e+07
65.1988,85.139,1.60114,0.02,0,2.8012,3.1036,0,0.52479,5.32224,4.12061e+06,2.70226e+06,1.15427e+07,0,0,0,3.43163e+08,59.6701,61.308,1.75886,0,0,2.191,1.8886,0,1.69238,2.96352,8.56347e+06,3.61194e+06,1.87626e+07,0,0,0,9.32321e+07
63.8856,85.139,1.44425,0.02,0,2.80203,3.10443,0,0.524945,5.32224,4.12061e+06,2.70226e+06,1.15461e+07,0,0,0,3.43163e+08,59.0378,61.308,1.68603,0,0,2.19151,1.88911,0,1.69277,2.96352,8.56347e+06,3.61194e+06,1.87669e+07,0,0,0,9.32321e+07
62.462,85.139,1.31693,0.02,0,2.80286,3.10526,0,0.525101,5.32224,4.12061e+06,2.70226e+06,1.15495e+07,0,0,0,3.43163e+08,58.3738,61.308,1.55469,0,0,2.19201,1.88961,0,1.69316,2.96352,8.56347e+06,3.61194e+06,1.87712e+07,0,0,0,9.32321e+07
60.7331,85.139,1.14695,0.02,0,3.01113,3.31353,0,0.525256,5.32224,4.12061e+06,2.70226e+06,1.24077e+07,0,0,0,3.43163e+08,57.7451,61.308,1.54102,0,0,2.35525,2.05285,0,1.69355,2.96352,8.56347e+06,3.61194e+06,2.01691e+07,0,0,0,9.32321e+07
59.1404,85.139,1.25214,0.02,0,3.01202,3.31442,0,0.564287,5.32224,4.12061e+06,2.70226e+06,1.24114e+07,0,0,0,3.43163e+08,57.012,61.308,1.49974,0,0,2.3558,2.0534,0,1.81967,2.96352,8.56347e+06,3.61194e+06,2.01738e+07,0,0,0,9.32321e+07
57.4755,85.139,1.1504,0.02,0,3.01291,3.31531,0,0.564453,5.32224,4.12061e+06,2.70226e+06,1.2415e+07,0,0,0,3.43163e+08,56.2579,61.308,1.39255,0,0,2.35635,2.05395,0,1.82009,2.96352,8.56347e+06,3.61194e+06,2.01785e+07,0,0,0,9.32321e+07
55.9574,85.139,1.27833,0.02,0,3.01379,3.31619,0,0.564619,5.32224,4.12061e+06,2.70226e+06,1.24187e+07,0,0,0,3.43163e+08,55.6866,61.308,1.4306,0,0,2.3569,2.0545,0,1.82051,2.96352,8.56347e+06,3.61194e+06,2.01832e+07,0,0,0,9.32321e+07
55.1605,85.139,2.0508,0.05,0,3.01468,3.31708,0,0.564785,5.32224,4.12061e+06,2.70226e+06,1.24223e+07,0,0,0,3.43163e+08,55.2055,61.308,1.74327,0,0,2.35745,2.05505,0,1.82094,2.96352,8.56347e+06,3.61194e+06,2.01879e+07,0,0,0,9.32321e+07
54.7727,85.139,2.31457,0.04,0,2.91433,3.21673,0,0.564951,5.32224,4.12061e+06,2.70226e+06,1.20088e+07,0,0,0,3.43163e+08,55.0945,61.308,3.16049,0,0,2.25909,1.95669,0,1.82136,2.96352,8.56347e+06,3.61194e+06,1.93457e+07,0,0,0,9.32321e+07
53.5165,85.139,1.40041,0.04,0,2.91519,3.21759,0,0.546145,5.32224,4.12061e+06,2.70226e+06,1.20124e+07,0,0,0,3.43163e+08,54.5862,61.308,1.80526,0,0,2.25961,1.95721,0,1.74537,2.96352,8.56347e+06,3.61194e+06,1.93501e+07,0,0,0,9.32321e+07
52.076,85.139,1.19468,0.04,0,2.91605,3.21845,0,0.546306,5.32224,4.12061e+06,2.70226e+06,1.20159e+07,0,0,0,3.43163e+08,54.0421,61.308,1.64221,0,0,2.26014,1.95774,0,1.74578,2.96352,8.56347e+06,3.61194e+06,1.93546e+07,0,0,0,9.32321e+07
51.833,85.139,2.55258,0.04,0,2.91691,3.21931,0,0.546467,5.32224,4.12061e+06,2.70226e+06,1.20194e+07,0,0,0,3.43163e+08,53.8985,61.308,2.38843,0,0,2.26066,1.95826,0,1.74618,2.96352,8.56347e+06,3.61194e+06,1.93591e+07,0,0,0,9.32321e+07
53.1147,85.139,4.12607,0.02,0,2.83458,3.13698,0,0.546628,5.32224,4.12061e+06,2.70226e+06,1.16802e+07,0,0,0,3.43163e+08,53.8629,61.308,2.84042,0,0,2.17106,1.86866,0,1.74659,2.96352,8.56347e+06,3.61194e+06,1.85918e+07,0,0,0,9.32321e+07
51.5404,85.139,1.21611,0.02,0,2.83542,3.13782,0,0.531201,5.32224,4.12061e+06,2.70226e+06,1.16837e+07,0,0,0,3.43163e+08,52.8609,61.308,1.70871,0,0,2.17156,1.86916,0,1.67736,2.96352,8.56347e+06,3.61194e+06,1.85961e+07,0,0,0,9.32321e+07
50.0714,85.139,1.30533,0.02,0,2.83626,3.13866,0,0.531358,5.32224,4.12061e+06,2.70226e+06,1.16871e+07,0,0,0,3.43163e+08,52.3295,61.308,1.07565,0,0,2.17206,1.86966,0,1.67775,2.96352,8.56347e+06,3.61194e+06,1.86003e+07,0,0,0,9.32321e+07
50.3369,85.139,3.11567,0.04,0,2.8371,3.1395,0,0.531515,5.32224,4.12061e+06,2.70226e+06,1.16906e+07,0,0,0,3.43163e+08,52.3701,61.308,2.93489,0,0,2.17256,1.87016,0,1.67813,2.96352,8.56347e+06,3.61194e+06,1.86046e+07,0,0,0,9.32321e+07
51.897,85.139,4.3658,0.04,0,2.60143,2.90383,0,0.531672,5.32224,4.12061e+06,2.70226e+06,1.07195e+07,0,0,0,3.43163e+08,52.7646,61.308,4.88391,0,0,1.98515,1.68275,0,1.67852,2.96352,8.56347e+06,3.61194e+06,1.69998e+07,0,0,0,9.32321e+07
50.8418,85.139,1.64875,0.02,0,2.60221,2.90461,0,0.487508,5.32224,4.12061e+06,2.70226e+06,1.07227e+07,0,0,0,3.43163e+08,52.4431,61.308,1.99694,0,0,1.9856,1.6832,0,1.53373,2.96352,8.56347e+06,3.61194e+06,1.70037e+07,0,0,0,9.32321e+07
51.7335,85.139,3.59434,0.05,0,2.60298,2.90538,0,0.487653,5.32224,4.12061e+06,2.70226e+06,1.07259e+07,0,0,0,3.43163e+08,51.9127,61.308,1.99921,0,0,1.98605,1.68365,0,1.53408,2.96352,8.56347e+06,3.61194e+06,1.70075e+07,0,0,0,9.32321e+07
52.0047,85.139,3.0522,0.02,0,2.60376,2.90616,0,0.487799,5.32224,4.12061e+06,2.70226e+06,1.07291e+07,0,0,0,3.43163e+08,51.4511,61.308,1.96502,0,0,1.9865,1.6841,0,1.53442,2.96352,8.56347e+06,3.61194e+06,1.70114e+07,0,0,0,9.32321e+07
53.0933,85.139,3.98017,0.03,0,2.60453,2.90693,0,0.487944,5.32224,4.12061e+06,2.70226e+06,1.07323e+07,0,0,0,3.43163e+08,51.8963,61.308,5.16204,0,0,1.98695,1.68455,0,1.53477,2.96352,8.56347e+06,3.61194e+06,1.70152e+07,0,0,0,9.32321e+07
53.2957,85.139,3.02614,0.03,0,2.69638,2.99878,0,0.488089,5.32224,4.12061e+06,2.70226e+06,1.11107e+07,0,0,0,3.43163e+08,51.6758,61.308,2.46901,0,0,2.04187,1.73947,0,1.53512,2.96352,8.56347e+06,3.61194e+06,1.74855e+07,0,0,0,9.32321e+07
57.0873,85.139,6.82639,0.03,0,2.69715,2.99955,0,0.505301,5.32224,4.12061e+06,2.70226e+06,1.11139e+07,0,0,0,3.43163e+08,52.5211,61.308,4.73785,0,0,2.04232,1.73992,0,1.57755,2.96352,8.56347e+06,3.61194e+06,1.74893e+07,0,0,0,9.32321e+07
60.4224,85.139,6.39811,0.02,0,2.69792,3.00032,0,0.505445,5.32224,4.12061e+06,2.70226e+06,1.11171e+07,0,0,0,3.43163e+08,53.4944,61.308,5.61904,0,0,2.04276,1.74036,0,1.57789,2.96352,8.56347e+06,3.61194e+06,1.74931e+07,0,0,0,9.32321e+07
66.735,85.139,10.0407,0.02,0,2.69868,3.00108,0,0.505589,5.32224,4.12061e+06,2.70226e+06,1.11202e+07,0,0,0,3.43163e+08,55.0419,61.308,8.78506,0,0,2.04321,1.74081,0,1.57824,2.96352,8.56347e+06,3.61194e+06,1.7497e+07,0,0,0,9.32321e+07
69.3968,85.139,6.32149,0.02,0,2.99225,3.29465,0,0.505733,5.32224,4.12061e+06,2.70226e+06,1.23299e+07,0,0,0,3.43163e+08,56.3296,61.308,7.08404,0,0,2.24839,1.94599,0,1.57858,2.96352,8.56347e+06,3.61194e+06,1.9254e+07,0,0,0,9.32321e+07
73.6016,85.139,8.12654,0.01,0,2.99309,3.29549,0,0.560747,5.32224,4.12061e+06,2.70226e+06,1.23334e+07,0,0,0,3.43163e+08,58.0821,61.308,7.09151,0,0,2.24889,1.94649,0,1.73711,2.96352,8.56347e+06,3.61194e+06,1.92583e+07,0,0,0,9.32321e+07
76.4246,85.139,6.56031,0.02,0,2.99393,3.29633,0,0.560905,5.32224,4.12061e+06,2.70226e+06,1.23368e+07,0,0,0,3.43163e+08,59.2757,61.308,5.07574,0,0,2.24939,1.94699,0,1.73749,2.96352,8.56347e+06,3.61194e+06,1.92625e+07,0,0,0,9.32321e+07
78.3108,85.139,5.81042,0,0,3.29718,3.29718,0,0.561063,5.32224,4.12061e+06,2.70226e+06,1.35864e+07,0,0,0,3.43163e+08,60.4754,61.308,5.16138,0,0,1.94748,1.94748,0,1.73788,2.96352,8.56347e+06,3.61194e+06,1.66772e+07,0,0,0,9.32321e+07
83.1024,85.139,8.19149,0.01,0,2.57758,2.87998,0,0.617891,5.32224,4.12061e+06,2.70226e+06,1.06212e+07,0,0,0,3.43163e+08,62.033,61.308,6.5353,0,0,1.97534,1.67294,0,1.50463,2.96352,8.56347e+06,3.61194e+06,1.69158e+07,0,0,0,9.32321e+07
85.139,85.139,12.2213,0,0,2.88071,2.88071,0,0.483038,5.32224,4.12061e+06,2.70226e+06,1.18703e+07,0,0,0,3.43163e+08,62.3362,61.308,10.0338,0,0,1.67337,1.67337,0,1.52615,2.96352,8.56347e+06,3.61194e+06,1.43299e+07,0,0,0,9.32321e+07
85.139,85.139,9.4823,0,0,2.88145,2.88145,0,0.539845,5.32224,4.12061e+06,2.70226e+06,1.18733e+07,0,0,0,3.43163e+08,62.3362,61.308,7.87909,0,0,1.6738,1.6738,0,1.29285,2.96352,8.56347e+06,3.61194e+06,1.43335e+07,0,0,0,9.32321e+07
85.139,85.139,9.69446,0,0,2.88219,2.88219,0,0.539984,5.32224,4.12061e+06,2.70226e+06,1.18764e+07,0,0,0,3.43163e+08,62.3362,61.308,5.70602,0,0,1.67423,1.67423,0,1.29318,2.96352,8.56347e+06,3.61194e+06,1.43372e+07,0,0,0,9.32321e+07
85.139,85.139,6.661,0,0,2.88292,2.88292,0,0.540122,5.32224,4.12061e+06,2.70226e+06,1.18794e+07,0,0,0,3.43163e+08,62.3362,61.308,3.98199,0,0,1.67466,1.67466,0,1.29351,2.96352,8.56347e+06,3.61194e+06,1.43409e+07,0,0,0,9.32321e+07
85.139,85.139,7.66392,0,0,2.98902,2.98902,0,0.54026,5.32224,4.12061e+06,2.70226e+06,1.23166e+07,0,0,0,3.43163e+08,62.3362,61.308,7.80428,0,0,1.74246,1.74246,0,1.29384,2.96352,8.56347e+06,3.61194e+06,1.49215e+07,0,0,0,9.32321e+07
85.139,85.139,6.6637,0,0,2.98979,2.98979,0,0.560143,5.32224,4.12061e+06,2.70226e+06,1.23198e+07,0,0,0,3.43163e+08,62.3362,61.308,6.20803,0,0,1.7429,1.7429,0,1.34622,2.96352,8.56347e+06,3.61194e+06,1.49253e+07,0,0,0,9.32321e+07
85.139,85.139,5.30128,0,0,2.99055,2.99055,0,0.560286,5.32224,4.12061e+06,2.70226e+06,1.23229e+07,0,0,0,3.43163e+08,62.3362,61.308,4.12226,0,0,1.74335,1.74335,0,1.34657,2.96352,8.56347e+06,3.61194e+06,1.49291e+07,0,0,0,9.32321e+07
85.139,85.139,5.04019,0,0,2.99132,2.99132,0,0.56043,5.32224,4.12061e+06,2.70226e+06,1.23261e+07,0,0,0,3.43163e+08,62.3362,61.308,3.5666,0,0,1.74379,1.74379,0,1.34691,2.96352,8.56347e+06,3.61194e+06,1.49329e+07,0,0,0,9.32321e+07
85.139,85.139,4.31965,0,0,2.95085,2.95085,0,0.560573,5.32224,4.12061e+06,2.70226e+06,1.21593e+07,0,0,0,3.43163e+08,62.3362,61.308,3.2767,0,0,1.71805,1.71805,0,1.34726,2.96352,8.56347e+06,3.61194e+06,1.47124e+07,0,0,0,9.32321e+07
85.139,85.139,3.90458,0,0,2.9516,2.9516,0,0.552988,5.32224,4.12061e+06,2.70226e+06,1.21624e+07,0,0,0,3.43163e+08,62.3362,61.308,3.2605,0,0,1.71849,1.71849,0,1.32736,2.96352,8.56347e+06,3.61194e+06,1.47162e+07,0,0,0,9.32321e+07
85.139,85.139,3.46428,0,0,2.95235,2.95235,0,0.55313,5.32224,4.12061e+06,2.70226e+06,1.21655e+07,0,0,0,3.43163e+08,62.3362,61.308,2.87667,0,0,1.71893,1.71893,0,1.3277,2.96352,8.56347e+06,3.61194e+06,1.472e+07,0,0,0,9.32321e+07
85.0149,85.139,3.17631,0,0,2.95311,2.95311,0,0.553271,5.32224,4.12061e+06,2.70226e+06,1.21686e+07,0,0,0,3.43163e+08,62.3362,61.308,2.64351,0,0,1.71937,1.71937,0,1.32804,2.96352,8.56347e+06,3.61194e+06,1.47237e+07,0,0,0,9.32321e+07
84.6184,85.139,2.991,0,0,3.09399,3.09399,0,0.553413,5.32224,4.12061e+06,2.70226e+06,1.27491e+07,0,0,0,3.43163e+08,62.3362,61.308,2.68091,0,0,1.81279,1.81279,0,1.32838,2.96352,8.56347e+06,3.61194e+06,1.55237e+07,0,0,0,9.32321e+07
84.2195,85.139,2.99734,0,0,3.09478,3.09478,0,0.579813,5.32224,4.12061e+06,2.70226e+06,1.27524e+07,0,0,0,3.43163e+08,62.2925,61.308,2.56783,0,0,1.81325,1.81325,0,1.40056,2.96352,8.56347e+06,3.61194e+06,1.55277e+07,0,0,0,9.32321e+07
83.6974,85.139,2.77372,0,0,3.09557,3.09557,0,0.579961,5.32224,4.12061e+06,2.70226e+06,1.27556e+07,0,0,0,3.43163e+08,62.1448,61.308,2.21997,0,0,1.81371,1.81371,0,1.40092,2.96352,8.56347e+06,3.61194e+06,1.55317e+07,0,0,0,9.32321e+07
83.0755,85.139,2.65765,0,0,3.09636,3.09636,0,0.58011,5.32224,4.12061e+06,2.70226e+06,1.27589e+07,0,0,0,3.43163e+08,61.989,61.308,2.21672,0,0,1.81418,1.81418,0,1.40128,2.96352,8.56347e+06,3.61194e+06,1.55357e+07,0,0,0,9.32321e+07
82.3257,85.139,2.52376,0,0,3.09715,3.09715,0,0.580258,5.32224,4.12061e+06,2.70226e+06,1.27622e+07,0,0,0,3.43163e+08,61.7145,61.308,2.32158,0,0,1.81464,1.81464,0,1.40163,2.96352,8.56347e+06,3.61194e+06,1.55396e+07,0,0,0,9.32321e+07
81.3817,85.139,2.28155,0,0,3.0702,3.0702,0,0.580406,5.32224,4.12061e+06,2.70226e+06,1.26511e+07,0,0,0,3.43163e+08,61.2189,61.308,1.86481,0,0,1.86627,1.86627,0,1.40199,2.96352,8.56347e+06,3.61194e+06,1.59818e+07,0,0,0,9.32321e+07
80.3968,85.139,2.20103,0,0,3.07098,3.07098,0,0.575355,5.32224,4.12061e+06,2.70226e+06,1.26543e+07,0,0,0,3.43163e+08,60.696,61.308,1.69308,0,0,1.86675,1.86675,0,1.44188,2.96352,8.56347e+06,3.61194e+06,1.59859e+07,0,0,0,9.32321e+07
79.3608,85.139,2.13615,0,0,3.07177,3.07177,0,0.575502,5.32224,4.12061e+06,2.70226e+06,1.26576e+07,0,0,0,3.43163e+08,60.0517,61.308,1.66129,0,0,1.86723,1.86723,0,1.44225,2.96352,8.56347e+06,3.61194e+06,1.599e+07,0,0,0,9.32321e+07
78.1814,85.139,1.95277,0,0,3.07255,3.07255,0,0.575649,5.32224,4.12061e+06,2.70226e+06,1.26608e+07,0,0,0,3.43163e+08,59.364,61.308,1.55562,0,0,1.86771,1.86771,0,1.44262,2.96352,8.56347e+06,3.61194e+06,1.5994e+07,0,0,0,9.32321e+07
76.7908,85.139,1.78147,0,0,3.14506,3.14506,0,0.575796,5.32224,4.12061e+06,2.70226e+06,1.29596e+07,0,0,0,3.43163e+08,58.6015,61.308,1.54533,0,0,1.91383,1.91383,0,1.44299,2.96352,8.56347e+06,3.61194e+06,1.6389e+07,0,0,0,9.32321e+07
75.4426,85.139,1.80824,0,0,3.14586,3.14586,0,0.589384,5.32224,4.12061e+06,2.70226e+06,1.29629e+07,0,0,0,3.43163e+08,57.7986,61.308,1.5046,0,0,1.91432,1.91432,0,1.47863,2.96352,8.56347e+06,3.61194e+06,1.63932e+07,0,0,0,9.32321e+07
74.1587,85.139,1.60648,0.01,0,2.84427,3.14667,0,0.589535,5.32224,4.12061e+06,2.70226e+06,1.17201e+07,0,0,0,3.43163e+08,56.9255,61.308,1.42242,0,0,2.21721,1.91481,0,1.479,2.96352,8.56347e+06,3.61194e+06,1.8987e+07,0,0,0,9.32321e+07
72.7537,85.139,1.47116,0.01,0,2.84507,3.14747,0,0.533016,5.32224,4.12061e+06,2.70226e+06,1.17234e+07,0,0,0,3.43163e+08,56.0291,61.308,1.33212,0,0,2.2177,1.9153,0,1.71302,2.96352,8.56347e+06,3.61194e+06,1.89912e+07,0,0,0,9.32321e+07
71.0043,85.139,1.27104,0.02,0,3.05613,3.35853,0,0.533166,5.32224,4.12061e+06,2.70226e+06,1.25931e+07,0,0,0,3.43163e+08,54.9991,61.308,1.32175,0,0,2.38313,2.08073,0,1.71339,2.96352,8.56347e+06,3.61194e+06,2.04079e+07,0,0,0,9.32321e+07
68.8598,85.139,0.85973,0.02,0,3.05699,3.35939,0,0.57272,5.32224,4.12061e+06,2.70226e+06,1.25967e+07,0,0,0,3.43163e+08,53.8182,61.308,1.10994,0,0,2.38366,2.08126,0,1.84121,2.96352,8.56347e+06,3.61194e+06,2.04124e+07,0,0,0,9.32321e+07
66.6299,85.139,0.75048,0.02,0,3.05785,3.36025,0,0.57288,5.32224,4.12061e+06,2.70226e+06,1.26002e+07,0,0,0,3.43163e+08,52.7325,61.308,0.990482,0,0,2.38419,2.08179,0,1.84162,2.96352,8.56347e+06,3.61194e+06,2.0417e+07,0,0,0,9.32321e+07
64.7356,85.139,1.07347,0.02,0,3.05871,3.36111,0,0.573041,5.32224,4.12061e+06,2.70226e+06,1.26037e+07,0,0,0,3.43163e+08,51.7645,61.308,1.15688,0,0,2.38472,2.08232,0,1.84203,2.96352,8.56347e+06,3.61194e+06,2.04215e+07,0,0,0,9.32321e+07
63.2803,85.139,1.55883,0.02,0,3.05957,3.36197,0,0.573202,5.32224,4.12061e+06,2.70226e+06,1.26073e+07,0,0,0,3.43163e+08,50.8588,61.308,1.34644,0,0,2.38525,2.08285,0,1.84244,2.96352,8.56347e+06,3.61194e+06,2.04261e+07,0,0,0,9.32321e+07
61.5926,85.139,1.26013,0.02,0,2.95782,3.26022,0,0.573363,5.32224,4.12061e+06,2.70226e+06,1.2188e+07,0,0,0,3.43163e+08,50.4147,61.308,1.24419,0,0,2.28555,1.98315,0,1.84285,2.96352,8.56347e+06,3.61194e+06,1.95722e+07,0,0,0,9.32321e+07
61.069,85.139,2.40565,0.03,0,2.95865,3.26105,0,0.554295,5.32224,4.12061e+06,2.70226e+06,1.21915e+07,0,0,0,3.43163e+08,50.1208,61.308,2.30025,0,0,2.28605,1.98365,0,1.76581,2.96352,8.56347e+06,3.61194e+06,1.95765e+07,0,0,0,9.32321e+07
59.5252,85.139,1.41636,0.04,0,2.95948,3.26188,0,0.554451,5.32224,4.12061e+06,2.70226e+06,1.21949e+07,0,0,0,3.43163e+08,49.29,61.308,1.54362,0,0,2.28656,1.98416,0,1.7662,2.96352,8.56347e+06,3.61194e+06,1.95809e+07,0,0,0,9.32321e+07
57.9085,85.139,1.25663,0.02,0,2.96032,3.26272,0,0.554607,5.32224,4.12061e+06,2.70226e+06,1.21983e+07,0,0,0,3.43163e+08,48.9666,61.308,1.32745,0,0,2.28706,1.98466,0,1.76659,2.96352,8.56347e+06,3.61194e+06,1.95852e+07,0,0,0,9.32321e+07
58.2034,85.139,3.2071,0.02,0,2.87684,3.17924,0,0.554763,5.32224,4.12061e+06,2.70226e+06,1.18544e+07,0,0,0,3.43163e+08,49.0985,61.308,2.9418,0,0,2.19623,1.89383,0,1.76699,2.96352,8.56347e+06,3.61194e+06,1.88074e+07,0,0,0,9.32321e+07
57.696,85.139,2.40832,0.02,0,2.87765,3.18005,0,0.539121,5.32224,4.12061e+06,2.70226e+06,1.18577e+07,0,0,0,3.43163e+08,49.101,61.308,2.31164,0,0,2.19672,1.89432,0,1.69681,2.96352,8.56347e+06,3.61194e+06,1.88115e+07,0,0,0,9.32321e+07
59.4415,85.139,4.71975,0.02,0,2.87847,3.18087,0,0.539273,5.32224,4.12061e+06,2.70226e+06,1.1861e+07,0,0,0,3.43163e+08,49.821,61.308,3.88225,0,0,2.1972,1.8948,0,1.69718,2.96352,8.56347e+06,3.61194e+06,1.88157e+07,0,0,0,9.32321e+07
60.0224,85.139,3.51844,0.02,0,2.87928,3.18168,0,0.539425,5.32224,4.12061e+06,2.70226e+06,1.18644e+07,0,0,0,3.43163e+08,50.6205,61.308,4.19555,0,0,2.19768,1.89528,0,1.69756,2.96352,8.56347e+06,3.61194e+06,1.88198e+07,0,0,0,9.32321e+07
61.7542,85.139,4.56984,0.02,0,2.64041,2.94281,0,0.539577,5.32224,4.12061e+06,2.70226e+06,1.08801e+07,0,0,0,3.43163e+08,51.0016,61.308,3.11259,0,0,2.00774,1.70534,0,1.69793,2.96352,8.56347e+06,3.61194e+06,1.71932e+07,0,0,0,9.32321e+07
63.5608,85.139,4.78984,0.02,0,2.64116,2.94356,0,0.494813,5.32224,4.12061e+06,2.70226e+06,1.08832e+07,0,0,0,3.43163e+08,51.8376,61.308,4.11134,0,0,2.00818,1.70578,0,1.55118,2.96352,8.56347e+06,3.61194e+06,1.7197e+07,0,0,0,9.32321e+07
64.4445,85.139,3.81562,0.02,0,2.64191,2.94431,0,0.494954,5.32224,4.12061e+06,2.70226e+06,1.08863e+07,0,0,0,3.43163e+08,52.3374,61.308,2.99691,0,0,2.00861,1.70621,0,1.55152,2.96352,8.56347e+06,3.61194e+06,1.72007e+07,0,0,0,9.32321e+07
66.788,85.139,5.24296,0.02,0,2.64266,2.94506,0,0.495094,5.32224,4.12061e+06,2.70226e+06,1.08894e+07,0,0,0,3.43163e+08,53.1218,61.308,3.84847,0,0,2.00905,1.70665,0,1.55185,2.96352,8.56347e+06,3.61194e+06,1.72044e+07,0,0,0,9.32321e+07
68.8294,85.139,5.13623,0.02,0,2.64341,2.94581,0,0.495235,5.32224,4.12061e+06,2.70226e+06,1.08925e+07,0,0,0,3.43163e+08,53.9657,61.308,4.12612,0,0,2.00948,1.70708,0,1.55219,2.96352,8.56347e+06,3.61194e+06,1.72081e+07,0,0,0,9.32321e+07
79.4502,85.139,13.8252,0.01,0,2.64341,2.94581,0,0.495376,5.32224,4.12061e+06,2.70226e+06,1.08925e+07,0,0,0,3.43163e+08,55.6354,61.308,6.10968,0,0,2.00948,1.70708,0,1.55253,2.96352,8.56347e+06,3.61194e+06,1.72081e+07,0,0,0,9.32321e+07
79.4415,85.139,3.45695,0,0.02,3.03885,3.03885,0,0.495376,5.32224,4.12061e+06,2.70226e+06,1.25219e+07,0,0,0,3.43163e+08,55.0185,61.308,1.88801,0,0,1.76272,1.76272,0,1.55253,2.96352,8.56347e+06,3.61194e+06,1.5095e+07,0,0,0,9.32321e+07
79.7321,85.139,3.69502,0,0.02,3.0396,3.0396,0,0.569481,5.32224,4.12061e+06,2.70226e+06,1.2525e+07,0,0,0,3.43163e+08,54.403,61.308,1.77609,0,0,1.76315,1.76315,0,1.36188,2.96352,8.56347e+06,3.61194e+06,1.50987e+07,0,0,0,9.32321e+07
81.0401,85.139,4.73245,0,0.02,3.04034,3.04034,0,0.56962,5.32224,4.12061e+06,2.70226e+06,1.25281e+07,0,0,0,3.43163e+08,53.9023,61.308,1.8258,0,0,1.76358,1.76358,0,1.36221,2.96352,8.56347e+06,3.61194e+06,1.51024e+07,0,0,0,9.32321e+07
80.2085,85.139,2.57168,0,0.02,3.04108,3.04108,0,0.569759,5.32224,4.12061e+06,2.70226e+06,1.25311e+07,0,0,0,3.43163e+08,53.876,61.308,1.99492,0,0,1.76401,1.76401,0,1.36254,2.96352,8.56347e+06,3.61194e+06,1.5106e+07,0,0,0,9.32321e+07
81.6007,85.139,5.16815,0,0.02,3.33852,3.33852,0,0.569899,5.32224,4.12061e+06,2.70226e+06,1.37567e+07,0,0,0,3.43163e+08,54.3845,61.308,3.21475,0,0,1.9719,1.9719,0,1.36287,2.96352,8.56347e+06,3.61194e+06,1.68863e+07,0,0,0,9.32321e+07
83.5019,85.139,5.696,0,0.02,3.33933,3.33933,0,0.625638,5.32224,4.12061e+06,2.70226e+06,1.37601e+07,0,0,0,3.43163e+08,54.8862,61.308,3.04448,0,0,1.97238,1.97238,0,1.52349,2.96352,8.56347e+06,3.61194e+06,1.68904e+07,0,0,0,9.32321e+07
84.5162,85.139,4.79174,0,0.02,3.34015,3.34015,0,0.625791,5.32224,4.12061e+06,2.70226e+06,1.37635e+07,0,0,0,3.43163e+08,55.5515,61.308,3.34752,0,0,1.97287,1.97287,0,1.52386,2.96352,8.56347e+06,3.61194e+06,1.68946e+07,0,0,0,9.32321e+07
85.139,85.139,5.62256,0,0.02,3.34096,3.34096,0,0.625944,5.32224,4.12061e+06,2.70226e+06,1.37668e+07,0,0,0,3.43163e+08,56.1334,61.308,3.37152,0,0,1.97335,1.97335,0,1.52424,2.96352,8.56347e+06,3.61194e+06,1.68987e+07,0,0,0,9.32321e+07
85.139,85.139,7.24641,0,0.02,2.91819,2.91819,0,0.626097,5.32224,4.12061e+06,2.70226e+06,1.20247e+07,0,0,0,3.43163e+08,57.634,61.308,5.6963,0,0,1.69514,1.69514,0,1.52461,2.96352,8.56347e+06,3.61194e+06,1.45163e+07,0,0,0,9.32321e+07
85.139,85.139,5.19995,0,0.02,2.9189,2.9189,0,0.546868,5.32224,4.12061e+06,2.70226e+06,1.20277e+07,0,0,0,3.43163e+08,58.7072,61.308,5.42983,0,0,1.69556,1.69556,0,1.30967,2.96352,8.56347e+06,3.61194e+06,1.45198e+07,0,0,0,9.32321e+07
85.139,85.139,6.90343,0,0.02,2.91961,2.91961,0,0.547002,5.32224,4.12061e+06,2.70226e+06,1.20306e+07,0,0,0,3.43163e+08,59.9119,61.308,5.14971,0,0,1.69597,1.69597,0,1.30999,2.96352,8.56347e+06,3.61194e+06,1.45234e+07,0,0,0,9.32321e+07
85.139,85.139,5.70439,0,0.02,2.92033,2.92033,0,0.547135,5.32224,4.12061e+06,2.70226e+06,1.20335e+07,0,0,0,3.43163e+08,61.3336,61.308,6.70172,0,0,1.69638,1.69638,0,1.31031,2.96352,8.56347e+06,3.61194e+06,1.45269e+07,0,0,0,9.32321e+07
85.139,85.139,7.55423,0,0.02,2.92104,2.92104,0,0.547269,5.32224,4.12061e+06,2.70226e+06,1.20365e+07,0,0,0,3.43163e+08,62.2497,61.308,4.46211,0,0,1.6968,1.6968,0,1.31063,2.96352,8.56347e+06,3.61194e+06,1.45305e+07,0,0,0,9.32321e+07
85.139,85.139,7.95071,0,0.02,3.02851,3.02851,0,0.547403,5.32224,4.12061e+06,2.70226e+06,1.24793e+07,0,0,0,3.43163e+08,62.3362,61.308,6.42953,0,0,1.76547,1.76547,0,1.31095,2.96352,8.56347e+06,3.61194e+06,1.51186e+07,0,0,0,9.32321e+07
85.139,85.139,6.87066,0,0.02,3.02925,3.02925,0,0.567542,5.32224,4.12061e+06,2.70226e+06,1.24823e+07,0,0,0,3.43163e+08,62.3362,61.308,7.57738,0,0,1.7659,1.7659,0,1.364,2.96352,8.56347e+06,3.61194e+06,1.51223e+07,0,0,0,9.32321e+07
85.139,85.139,5.09402,0,0.02,3.02998,3.02998,0,0.567681,5.32224,4.12061e+06,2.70226e+06,1.24854e+07,0,0,0,3.43163e+08,62.3362,61.308,5.49135,0,0,1.76633,1.76633,0,1.36434,2.96352,8.56347e+06,3.61194e+06,1.5126e+07,0,0,0,9.32321e+07
85.139,85.139,4.50338,0,0.02,3.03072,3.03072,0,0.567819,5.32224,4.12061e+06,2.70226e+06,1.24884e+07,0,0,0,3.43163e+08,62.3362,61.308,4.2363,0,0,1.76677,1.76677,0,1.36467,2.96352,8.56347e+06,3.61194e+06,1.51296e+07,0,0,0,9.32321e+07
85.139,85.139,3.97022,0,0.02,2.98968,2.98968,0,0.567958,5.32224,4.12061e+06,2.70226e+06,1.23193e+07,0,0,0,3.43163e+08,62.3362,61.308,3.52785,0,0,1.74066,1.74066,0,1.365,2.96352,8.56347e+06,3.61194e+06,1.49061e+07,0,0,0,9.32321e+07
85.139,85.139,3.58686,0,0.02,2.99041,2.99041,0,0.560266,5.32224,4.12061e+06,2.70226e+06,1.23223e+07,0,0,0,3.43163e+08,62.3362,61.308,3.41903,0,0,1.74108,1.74108,0,1.34483,2.96352,8.56347e+06,3.61194e+06,1.49097e+07,0,0,0,9.32321e+07
85.139,85.139,4.03795,0,0.02,2.99114,2.99114,0,0.560403,5.32224,4.12061e+06,2.70226e+06,1.23253e+07,0,0,0,3.43163e+08,62.3362,61.308,3.06704,0,0,1.74151,1.74151,0,1.34516,2.96352,8.56347e+06,3.61194e+06,1.49134e+07,0,0,0,9.32321e+07
85.139,85.139,3.42104,0,0.02,2.99187,2.99187,0,0.56054,5.32224,4.12061e+06,2.70226e+06,1.23283e+07,0,0,0,3.43163e+08,62.3362,61.308,3.11755,0,0,1.74193,1.74193,0,1.34549,2.96352,8.56347e+06,3.61194e+06,1.4917e+07,0,0,0,9.32321e+07
84.6814,85.139,2.82861,0,0.02,3.13456,3.13456,0,0.560677,5.32224,4.12061e+06,2.70226e+06,1.29163e+07,0,0,0,3.43163e+08,62.2498,61.308,2.38098,0,0,1.83656,1.83656,0,1.34582,2.96352,8.56347e+06,3.61194e+06,1.57273e+07,0,0,0,9.32321e+07
84.1527,85.139,2.73935,0,0.02,3.13533,3.13533,0,0.587417,5.32224,4.12061e+06,2.70226e+06,1.29195e+07,0,0,0,3.43163e+08,62.2209,61.308,2.64418,0,0,1.83701,1.83701,0,1.41893,2.96352,8.56347e+06,3.61194e+06,1.57312e+07,0,0,0,9.32321e+07
83.455,85.139,2.4963,0,0.02,3.13609,3.13609,0,0.58756,5.32224,4.12061e+06,2.70226e+06,1.29226e+07,0,0,0,3.43163e+08,62.0404,61.308,2.31739,0,0,1.83746,1.83746,0,1.41927,2.96352,8.56347e+06,3.61194e+06,1.5735e+07,0,0,0,9.32321e+07
82.5711,85.139,2.29428,0,0.02,3.13685,3.13685,0,0.587703,5.32224,4.12061e+06,2.70226e+06,1.29258e+07,0,0,0,3.43163e+08,61.72,61.308,1.94291,0,0,1.8379,1.8379,0,1.41962,2.96352,8.56347e+06,3.61194e+06,1.57388e+07,0,0,0,9.32321e+07
81.9508,85.139,2.57959,0,0.02,3.13762,3.13762,0,0.587847,5.32224,4.12061e+06,2.70226e+06,1.29289e+07,0,0,0,3.43163e+08,61.3373,61.308,1.85591,0,0,1.83835,1.83835,0,1.41996,2.96352,8.56347e+06,3.61194e+06,1.57427e+07,0,0,0,9.32321e+07
81.6468,85.139,2.91363,0,0.02,3.11028,3.11028,0,0.58799,5.32224,4.12061e+06,2.70226e+06,1.28162e+07,0,0,0,3.43163e+08,60.9259,61.308,1.88317,0,0,1.89064,1.89064,0,1.42031,2.96352,8.56347e+06,3.61194e+06,1.61904e+07,0,0,0,9.32321e+07
81.1293,85.139,2.66321,0,0.02,3.11103,3.11103,0,0.582866,5.32224,4.12061e+06,2.70226e+06,1.28194e+07,0,0,0,3.43163e+08,60.489,61.308,1.75809,0,0,1.8911,1.8911,0,1.46071,2.96352,8.56347e+06,3.61194e+06,1.61944e+07,0,0,0,9.32321e+07
80.3756,85.139,2.40797,0,0.02,3.11179,3.11179,0,0.583008,5.32224,4.12061e+06,2.70226e+06,1.28225e+07,0,0,0,3.43163e+08,60.0324,61.308,1.7641,0,0,1.89156,1.89156,0,1.46106,2.96352,8.56347e+06,3.61194e+06,1.61983e+07,0,0,0,9.32321e+07
79.5857,85.139,2.35857,0,0.02,3.11255,3.11255,0,0.58315,5.32224,4.12061e+06,2.70226e+06,1.28256e+07,0,0,0,3.43163e+08,59.3556,61.308,1.79404,0,0,1.89202,1.89202,0,1.46142,2.96352,8.56347e+06,3.61194e+06,1.62023e+07,0,0,0,9.32321e+07
78.5025,85.139,2.11487,0,0.02,3.18597,3.18597,0,0.583292,5.32224,4.12061e+06,2.70226e+06,1.31281e+07,0,0,0,3.43163e+08,58.6532,61.308,1.48663,0,0,1.93873,1.93873,0,1.46178,2.96352,8.56347e+06,3.61194e+06,1.66022e+07,0,0,0,9.32321e+07
77.6299,85.139,2.06562,0.01,0.02,2.88435,3.18675,0,0.597051,5.32224,4.12061e+06,2.70226e+06,1.18853e+07,0,0,0,3.43163e+08,57.9039,61.308,1.55047,0,0,2.2416,1.9392,0,1.49786,2.96352,8.56347e+06,3.61194e+06,1.91959e+07,0,0,0,9.32321e+07
76.637,85.139,1.92914,0.01,0.02,2.88512,3.18752,0,0.540526,5.32224,4.12061e+06,2.70226e+06,1.18885e+07,0,0,0,3.43163e+08,57.0358,61.308,1.47206,0,0,2.24207,1.93967,0,1.73186,2.96352,8.56347e+06,3.61194e+06,1.91999e+07,0,0,0,9.32321e+07
75.5004,85.139,1.77063,0.01,0.02,2.8859,3.1883,0,0.540672,5.32224,4.12061e+06,2.70226e+06,1.18917e+07,0,0,0,3.43163e+08,56.3189,61.308,1.37602,0,0,2.24254,1.94014,0,1.73222,2.96352,8.56347e+06,3.61194e+06,1.9204e+07,0,0,0,9.32321e+07
74.1586,85.139,1.7335,0.01,0.02,3.09966,3.40206,0,0.540817,5.32224,4.12061e+06,2.70226e+06,1.27725e+07,0,0,0,3.43163e+08,55.3382,61.308,1.53643,0,0,2.4101,2.1077,0,1.73259,2.96352,8.56347e+06,3.61194e+06,2.06388e+07,0,0,0,9.32321e+07
72.3471,85.139,1.26446,0.02,0.02,3.10049,3.40289,0,0.580876,5.32224,4.12061e+06,2.70226e+06,1.27759e+07,0,0,0,3.43163e+08,54.4007,61.308,1.17158,0,0,2.41061,2.10821,0,1.86204,2.96352,8.56347e+06,3.61194e+06,2.06432e+07,0,0,0,9.32321e+07
70.6018,85.139,1.31643,0.02,0.02,3.10132,3.40372,0,0.581032,5.32224,4.12061e+06,2.70226e+06,1.27793e+07,0,0,0,3.43163e+08,53.4329,61.308,1.24918,0,0,2.41112,2.10872,0,1.86244,2.96352,8.56347e+06,3.61194e+06,2.06476e+07,0,0,0,9.32321e+07
69.0689,85.139,1.51132,0.02,0.02,3.10215,3.40455,0,0.581187,5.32224,4.12061e+06,2.70226e+06,1.27827e+07,0,0,0,3.43163e+08,52.4806,61.308,1.22882,0,0,2.41164,2.10924,0,1.86283,2.96352,8.56347e+06,3.61194e+06,2.0652e+07,0,0,0,9.32321e+07
67.1669,85.139,1.12778,0.02,0.02,3.10298,3.40538,0,0.581342,5.32224,4.12061e+06,2.70226e+06,1.27862e+07,0,0,0,3.43163e+08,51.4467,61.308,1.18644,0,0,2.41215,2.10975,0,1.86323,2.96352,8.56347e+06,3.61194e+06,2.06564e+07,0,0,0,9.32321e+07
65.18,85.139,0.931012,0.02,0.02,2.99988,3.30228,0,0.581498,5.32224,4.12061e+06,2.70226e+06,1.23613e+07,0,0,0,3.43163e+08,50.2893,61.308,1.09166,0,0,2.31113,2.00873,0,1.86363,2.96352,8.56347e+06,3.61194e+06,1.97913e+07,0,0,0,9.32321e+07
63.1878,85.139,0.901426,0.02,0.02,3.00068,3.30308,0,0.562177,5.32224,4.12061e+06,2.70226e+06,1.23646e+07,0,0,0,3.43163e+08,49.4779,61.308,1.00033,0,0,2.31162,2.00922,0,1.78558,2.96352,8.56347e+06,3.61194e+06,1.97955e+07,0,0,0,9.32321e+07
61.9468,85.139,1.8581,0.02,0.02,3.00149,3.30389,0,0.562328,5.32224,4.12061e+06,2.70226e+06,1.2368e+07,0,0,0,3.43163e+08,49.0394,61.308,1.56562,0,0,2.31211,2.00971,0,1.78596,2.96352,8.56347e+06,3.61194e+06,1.97997e+07,0,0,0,9.32321e+07
61.6884,85.139,2.85015,0.02,0.02,3.00229,3.30469,0,0.562479,5.32224,4.12061e+06,2.70226e+06,1.23713e+07,0,0,0,3.43163e+08,48.4192,61.308,1.72634,0,0,2.3126,2.0102,0,1.78633,2.96352,8.56347e+06,3.61194e+06,1.98039e+07,0,0,0,9.32321e+07
60.0431,85.139,1.23034,0.02,0.02,2.91771,3.22011,0,0.56263,5.32224,4.12061e+06,2.70226e+06,1.20227e+07,0,0,0,3.43163e+08,47.7058,61.308,1.58621,0,0,2.22058,1.91818,0,1.78671,2.96352,8.56347e+06,3.61194e+06,1.90158e+07,0,0,0,9.32321e+07
58.5836,85.139,1.50015,0.02,0.02,2.91849,3.22089,0,0.546778,5.32224,4.12061e+06,2.70226e+06,1.2026e+07,0,0,0,3.43163e+08,47.033,61.308,1.28916,0,0,2.22104,1.91864,0,1.71562,2.96352,8.56347e+06,3.61194e+06,1.90198e+07,0,0,0,9.32321e+07
56.9331,85.139,1.27131,0.02,0.02,2.91928,3.22168,0,0.546925,5.32224,4.12061e+06,2.70226e+06,1.20292e+07,0,0,0,3.43163e+08,46.6286,61.308,1.53995,0,0,2.22151,1.91911,0,1.71598,2.96352,8.56347e+06,3.61194e+06,1.90238e+07,0,0,0,9.32321e+07
57.7648,85.139,3.94966,0.02,0.02,2.92006,3.22246,0,0.547072,5.32224,4.12061e+06,2.70226e+06,1.20324e+07,0,0,0,3.43163e+08,47.19,61.308,4.92579,0,0,2.22198,1.91958,0,1.71634,2.96352,8.56347e+06,3.61194e+06,1.90278e+07,0,0,0,9.32321e+07
58.7283,85.139,3.82914,0.02,0.02,2.6781,2.9805,0,0.547219,5.32224,4.12061e+06,2.70226e+06,1.10354e+07,0,0,0,3.43163e+08,47.1552,61.308,3.1682,0,0,2.02958,1.72718,0,1.7167,2.96352,8.56347e+06,3.61194e+06,1.73803e+07,0,0,0,9.32321e+07
58.0286,85.139,2.0705,0.02,0.02,2.67882,2.98122,0,0.501875,5.32224,4.12061e+06,2.70226e+06,1.10384e+07,0,0,0,3.43163e+08,46.6416,61.308,1.3518,0,0,2.03,1.7276,0,1.56805,2.96352,8.56347e+06,3.61194e+06,1.73839e+07,0,0,0,9.32321e+07
59.9089,85.139,4.81435,0.02,0.02,2.67955,2.98195,0,0.502011,5.32224,4.12061e+06,2.70226e+06,1.10414e+07,0,0,0,3.43163e+08,46.9294,61.308,4.31486,0,0,2.03042,1.72802,0,1.56838,2.96352,8.56347e+06,3.61194e+06,1.73875e+07,0,0,0,9.32321e+07
61.3578,85.139,4.33063,0.02,0.02,2.68027,2.98267,0,0.502147,5.32224,4.12061e+06,2.70226e+06,1.10444e+07,0,0,0,3.43163e+08,46.6225,61.308,2.32185,0,0,2.03084,1.72844,0,1.5687,2.96352,8.56347e+06,3.61194e+06,1.73911e+07,0,0,0,9.32321e+07
63.2434,85.139,4.76144,0.02,0.02,2.681,2.9834,0,0.502283,5.32224,4.12061e+06,2.70226e+06,1.10474e+07,0,0,0,3.43163e+08,46.4264,61.308,2.54877,0,0,2.03126,1.72886,0,1.56903,2.96352,8.56347e+06,3.61194e+06,1.73947e+07,0,0,0,9.32321e+07
70.5509,85.139,10.7704,0.02,0.02,2.77519,3.07759,0,0.502419,5.32224,4.12061e+06,2.70226e+06,1.14355e+07,0,0,0,3.43163e+08,47.7835,61.308,6.42638,0,0,2.08759,1.78519,0,1.56935,2.96352,8.56347e+06,3.61194e+06,1.7877e+07,0,0,0,9.32321e+07
77.498,85.139,10.2773,0.01,0.02,2.77591,3.07831,0,0.520071,5.32224,4.12061e+06,2.70226e+06,1.14384e+07,0,0,0,3.43163e+08,49.1127,61.308,6.30183,0,0,2.088,1.7856,0,1.61287,2.96352,8.56347e+06,3.61194e+06,1.78806e+07,0,0,0,9.32321e+07
84.9049,85.139,11.0748,0,0.02,3.07902,3.07902,0,0.520205,5.32224,4.12061e+06,2.70226e+06,1.26875e+07,0,0,0,3.43163e+08,51.595,61.308,9.11538,0,0,1.78602,1.78602,0,1.61319,2.96352,8.56347e+06,3.61194e+06,1.52945e+07,0,0,0,9.32321e+07
85.139,85.139,10.1627,0,0.02,3.07974,3.07974,0,0.577009,5.32224,4.12061e+06,2.70226e+06,1.26904e+07,0,0,0,3.43163e+08,52.5308,61.308,5.07102,0,0,1.78644,1.78644,0,1.37988,2.96352,8.56347e+06,3.61194e+06,1.52981e+07,0,0,0,9.32321e+07
85.139,85.139,12.2719,0,0.02,3.38092,3.38092,0,0.577144,5.32224,4.12061e+06,2.70226e+06,1.39315e+07,0,0,0,3.43163e+08,53.9941,61.308,6.86207,0,0,1.99695,1.99695,0,1.3802,2.96352,8.56347e+06,3.61194e+06,1.71008e+07,0,0,0,9.32321e+07
85.139,85.139,16.4683,0,0.02,3.38171,3.38171,0,0.633584,5.32224,4.12061e+06,2.70226e+06,1.39347e+07,0,0,0,3.43163e+08,55.4771,61.308,6.49997,0,0,1.99741,1.99741,0,1.54284,2.96352,8.56347e+06,3.61194e+06,1.71048e+07,0,0,0,9.32321e+07
85.139,85.139,16.4787,0,0.02,3.38249,3.38249,0,0.633732,5.32224,4.12061e+06,2.70226e+06,1.39379e+07,0,0,0,3.43163e+08,59.7456,61.308,11.855,0,0,1.99788,1.99788,0,1.5432,2.96352,8.56347e+06,3.61194e+06,1.71088e+07,0,0,0,9.32321e+07
85.139,85.139,13.1089,0,0.02,3.38328,3.38328,0,0.633879,5.32224,4.12061e+06,2.70226e+06,1.39412e+07,0,0,0,3.43163e+08,62.3362,61.308,9.73153,0,0,1.99834,1.99834,0,1.54356,2.96352,8.56347e+06,3.61194e+06,1.71127e+07,0,0,0,9.32321e+07
85.139,85.139,10.8907,0,0.02,2.95512,2.95512,0,0.634027,5.32224,4.12061e+06,2.70226e+06,1.21769e+07,0,0,0,3.43163e+08,62.3362,61.308,7.25582,0,0,1.71659,1.71659,0,1.54392,2.96352,8.56347e+06,3.61194e+06,1.47e+07,0,0,0,9.32321e+07
85.139,85.139,7.94754,0,0.02,2.9558,2.9558,0,0.553789,5.32224,4.12061e+06,2.70226e+06,1.21797e+07,0,0,0,3.43163e+08,62.3362,61.308,7.32199,0,0,1.71699,1.71699,0,1.32624,2.96352,8.56347e+06,3.61194e+06,1.47034e+07,0,0,0,9.32321e+07
85.139,85.139,7.48999,0,0.02,2.95649,2.95649,0,0.553918,5.32224,4.12061e+06,2.70226e+06,1.21826e+07,0,0,0,3.43163e+08,62.3362,61.308,4.65143,0,0,1.71739,1.71739,0,1.32655,2.96352,8.56347e+06,3.61194e+06,1.47068e+07,0,0,0,9.32321e+07
85.139,85.139,10.9477,0,0.02,2.95718,2.95718,0,0.554047,5.32224,4.12061e+06,2.70226e+06,1.21854e+07,0,0,0,3.43163e+08,62.3362,61.308,10.5193,0,0,1.71779,1.71779,0,1.32686,2.96352,8.56347e+06,3.61194e+06,1.47103e+07,0,0,0,9.32321e+07
85.139,85.139,12.0853,0,0.02,2.95787,2.95787,0,0.554176,5.32224,4.12061e+06,2.70226e+06,1.21882e+07,0,0,0,3.43163e+08,62.3362,61.308,8.92506,0,0,1.71819,1.71819,0,1.32717,2.96352,8.56347e+06,3.61194e+06,1.47137e+07,0,0,0,9.32321e+07
85.139,85.139,6.87594,0,0.02,3.06666,3.06666,0,0.554304,5.32224,4.12061e+06,2.70226e+06,1.26365e+07,0,0,0,3.43163e+08,62.3362,61.308,5.91425,0,0,1.78771,1.78771,0,1.32748,2.96352,8.56347e+06,3.61194e+06,1.5309e+07,0,0,0,9.32321e+07
85.139,85.139,6.66795,0,0.02,3.06737,3.06737,0,0.574691,5.32224,4.12061e+06,2.70226e+06,1.26394e+07,0,0,0,3.43163e+08,62.3362,61.308,5.66295,0,0,1.78813,1.78813,0,1.38119,2.96352,8.56347e+06,3.61194e+06,1.53126e+07,0,0,0,9.32321e+07
85.139,85.139,8.6476,0,0.02,3.06808,3.06808,0,0.574825,5.32224,4.12061e+06,2.70226e+06,1.26424e+07,0,0,0,3.43163e+08,62.3362,61.308,6.93911,0,0,1.78854,1.78854,0,1.38151,2.96352,8.56347e+06,3.61194e+06,1.53161e+07,0,0,0,9.32321e+07
85.139,85.139,5.90448,0,0.02,3.0688,3.0688,0,0.574959,5.32224,4.12061e+06,2.70226e+06,1.26453e+07,0,0,0,3.43163e+08,62.3362,61.308,5.56514,0,0,1.78896,1.78896,0,1.38183,2.96352,8.56347e+06,3.61194e+06,1.53197e+07,0,0,0,9.32321e+07
85.139,85.139,4.22163,0,0.02,3.0272,3.0272,0,0.575092,5.32224,4.12061e+06,2.70226e+06,1.24739e+07,0,0,0,3.43163e+08,62.3362,61.308,2.85159,0,0,1.76251,1.76251,0,1.38215,2.96352,8.56347e+06,3.61194e+06,1.50932e+07,0,0,0,9.32321e+07
85.139,85.139,3.87649,0,0.02,3.02791,3.02791,0,0.567298,5.32224,4.12061e+06,2.70226e+06,1.24768e+07,0,0,0,3.43163e+08,62.3362,61.308,3.06324,0,0,1.76292,1.76292,0,1.36171,2.96352,8.56347e+06,3.61194e+06,1.50967e+07,0,0,0,9.32321e+07
85.139,85.139,3.80684,0,0.02,3.02861,3.02861,0,0.56743,5.32224,4.12061e+06,2.70226e+06,1.24797e+07,0,0,0,3.43163e+08,62.3362,61.308,2.8576,0,0,1.76333,1.76333,0,1.36203,2.96352,8.56347e+06,3.61194e+06,1.51002e+07,0,0,0,9.32321e+07
85.139,85.139,3.4835,0,0.02,3.02932,3.02932,0,0.567562,5.32224,4.12061e+06,2.70226e+06,1.24826e+07,0,0,0,3.43163e+08,62.3362,61.308,2.63068,0,0,1.76374,1.76374,0,1.36235,2.96352,8.56347e+06,3.61194e+06,1.51037e+07,0,0,0,9.32321e+07
85.139,85.139,3.60412,0,0.02,3.17376,3.17376,0,0.567694,5.32224,4.12061e+06,2.70226e+06,1.30778e+07,0,0,0,3.43163e+08,62.3362,61.308,2.77919,0,0,1.85952,1.85952,0,1.36266,2.96352,8.56347e+06,3.61194e+06,1.5924e+07,0,0,0,9.32321e+07
85.139,85.139,3.41163,0,0.02,3.17449,3.17449,0,0.594762,5.32224,4.12061e+06,2.70226e+06,1.30809e+07,0,0,0,3.43163e+08,62.3362,61.308,2.6146,0,0,1.85996,1.85996,0,1.43667,2.96352,8.56347e+06,3.61194e+06,1.59277e+07,0,0,0,9.32321e+07
84.8189,85.139,3.07815,0,0.02,3.17523,3.17523,0,0.5949,5.32224,4.12061e+06,2.70226e+06,1.30839e+07,0,0,0,3.43163e+08,62.2506,61.308,2.30652,0,0,1.86039,1.86039,0,1.437,2.96352,8.56347e+06,3.61194e+06,1.59314e+07,0,0,0,9.32321e+07
84.2859,85.139,2.83509,0,0.02,3.17597,3.17597,0,0.595039,5.32224,4.12061e+06,2.70226e+06,1.30869e+07,0,0,0,3.43163e+08,62.1398,61.308,2.34268,0,0,1.86082,1.86082,0,1.43734,2.96352,8.56347e+06,3.61194e+06,1.59351e+07,0,0,0,9.32321e+07
83.8875,85.139,2.96637,0,0.02,3.17671,3.17671,0,0.595177,5.32224,4.12061e+06,2.70226e+06,1.309e+07,0,0,0,3.43163e+08,62.0753,61.308,2.35638,0,0,1.86125,1.86125,0,1.43767,2.96352,8.56347e+06,3.61194e+06,1.59388e+07,0,0,0,9.32321e+07
83.7301,85.139,3.21772,0,0.02,3.14899,3.14899,0,0.595315,5.32224,4.12061e+06,2.70226e+06,1.29758e+07,0,0,0,3.43163e+08,62.3362,61.308,3.21185,0,0,1.91417,1.91417,0,1.43801,2.96352,8.56347e+06,3.61194e+06,1.63919e+07,0,0,0,9.32321e+07
83.2863,85.139,2.90992,0,0.02,3.14972,3.14972,0,0.590121,5.32224,4.12061e+06,2.70226e+06,1.29788e+07,0,0,0,3.43163e+08,62.3362,61.308,2.87696,0,0,1.91461,1.91461,0,1.47889,2.96352,8.56347e+06,3.61194e+06,1.63957e+07,0,0,0,9.32321e+07
82.7443,85.139,2.76367,0,0.02,3.15045,3.15045,0,0.590258,5.32224,4.12061e+06,2.70226e+06,1.29818e+07,0,0,0,3.43163e+08,62.3362,61.308,2.8246,0,0,1.91506,1.91506,0,1.47923,2.96352,8.56347e+06,3.61194e+06,1.63996e+07,0,0,0,9.32321e+07
81.9186,85.139,2.45805,0,0.02,3.15119,3.15119,0,0.590395,5.32224,4.12061e+06,2.70226e+06,1.29848e+07,0,0,0,3.43163e+08,62.3362,61.308,2.70707,0,0,1.9155,1.9155,0,1.47958,2.96352,8.56347e+06,3.61194e+06,1.64034e+07,0,0,0,9.32321e+07
81.5905,85.139,3.00905,0,0.02,3.22548,3.22548,0,0.590532,5.32224,4.12061e+06,2.70226e+06,1.32909e+07,0,0,0,3.43163e+08,62.3362,61.308,3.17982,0,0,1.96277,1.96277,0,1.47992,2.96352,8.56347e+06,3.61194e+06,1.68081e+07,0,0,0,9.32321e+07
81.0273,85.139,2.76218,0,0.02,3.22623,3.22623,0,0.604454,5.32224,4.12061e+06,2.70226e+06,1.3294e+07,0,0,0,3.43163e+08,62.3362,61.308,3.07327,0,0,1.96322,1.96322,0,1.51643,2.96352,8.56347e+06,3.61194e+06,1.6812e+07,0,0,0,9.32321e+07
80.4985,85.139,2.5293,0.01,0.02,2.92458,3.22698,0,0.604595,5.32224,4.12061e+06,2.70226e+06,1.2051e+07,0,0,0,3.43163e+08,62.3362,61.308,2.88992,0,0,2.26608,1.96368,0,1.51679,2.96352,8.56347e+06,3.61194e+06,1.94055e+07,0,0,0,9.32321e+07
79.6501,85.139,2.18442,0.01,0.02,2.92533,3.22773,0,0.548065,5.32224,4.12061e+06,2.70226e+06,1.20541e+07,0,0,0,3.43163e+08,62.3362,61.308,2.86885,0,0,2.26654,1.96414,0,1.75077,2.96352,8.56347e+06,3.61194e+06,1.94094e+07,0,0,0,9.32321e+07
78.5736,85.139,2.14044,0.01,0.02,3.14169,3.44409,0,0.548206,5.32224,4.12061e+06,2.70226e+06,1.29457e+07,0,0,0,3.43163e+08,62.3362,61.308,2.88484,0,0,2.43613,2.13373,0,1.75113,2.96352,8.56347e+06,3.61194e+06,2.08618e+07,0,0,0,9.32321e+07
77.8167,85.139,2.46283,0.02,0.02,3.14463,3.44489,0,0.588753,5.32224,4.12061e+06,2.70226e+06,1.29578e+07,0,0,0,3.43163e+08,62.3362,61.308,3.24394,0,0,2.43449,2.13423,0,1.88216,2.96352,8.56347e+06,3.61194e+06,2.08477e+07,0,0,0,9.32321e+07
76.7798,85.139,2.21587,0.02,0.02,3.14593,3.44569,0,0.589304,5.32224,4.12061e+06,2.70226e+06,1.29632e+07,0,0,0,3.43163e+08,62.3362,61.308,3.11236,0,0,2.43449,2.13473,0,1.88089,2.96352,8.56347e+06,3.61194e+06,2.08477e+07,0,0,0,9.32321e+07
75.7929,85.139,2.23572,0.02,0.02,3.14723,3.44649,0,0.589547,5.32224,4.12061e+06,2.70226e+06,1.29685e+07,0,0,0,3.43163e+08,62.3362,61.308,3.41025,0,0,2.43449,2.13522,0,1.88089,2.96352,8.56347e+06,3.61194e+06,2.08477e+07,0,0,0,9.32321e+07
74.8603,85.139,2.30551,0.02,0.02,3.14852,3.44729,0,0.58979,5.32224,4.12061e+06,2.70226e+06,1.29738e+07,0,0,0,3.43163e+08,62.3362,61.308,3.85474,0,0,2.43449,2.13572,0,1.88089,2.96352,8.56347e+06,3.61194e+06,2.08477e+07,0,0,0,9.32321e+07
76.1526,85.139,4.52811,0.02,0.02,3.04461,3.34289,0,0.590033,5.32224,4.12061e+06,2.70226e+06,1.25457e+07,0,0,0,3.43163e+08,62.3362,61.308,6.57342,0,0,2.33171,2.03343,0,1.88089,2.96352,8.56347e+06,3.61194e+06,1.99675e+07,0,0,0,9.32321e+07
75.5085,85.139,2.6673,0.02,0.02,3.04126,3.34366,0,0.57056,5.32224,4.12061e+06,2.70226e+06,1.25319e+07,0,0,0,3.43163e+08,62.3362,61.308,4.41797,0,0,2.3363,2.0339,0,1.80148,2.96352,8.56347e+06,3.61194e+06,2.00069e+07,0,0,0,9.32321e+07
74.6996,85.139,2.36577,0.02,0.02,3.04204,3.34444,0,0.569933,5.32224,4.12061e+06,2.70226e+06,1.25351e+07,0,0,0,3.43163e+08,62.3362,61.308,3.7713,0,0,2.33677,2.03437,0,1.80503,2.96352,8.56347e+06,3.61194e+06,2.00109e+07,0,0,0,9.32321e+07
77.3849,85.139,6.03604,0.02,0.02,3.04282,3.34522,0,0.570078,5.32224,4.12061e+06,2.70226e+06,1.25383e+07,0,0,0,3.43163e+08,62.3362,61.308,8.43463,0,0,2.33725,2.03485,0,1.80539,2.96352,8.56347e+06,3.61194e+06,2.00149e+07,0,0,0,9.32321e+07
78.201,85.139,4.16627,0.02,0.02,2.95716,3.25956,0,0.570224,5.32224,4.12061e+06,2.70226e+06,1.21853e+07,0,0,0,3.43163e+08,62.3362,61.308,6.87048,0,0,2.24407,1.94167,0,1.80576,2.96352,8.56347e+06,3.61194e+06,1.92171e+07,0,0,0,9.32321e+07
81.5181,85.139,6.75572,0.02,0.02,2.95791,3.26031,0,0.554171,5.32224,4.12061e+06,2.70226e+06,1.21884e+07,0,0,0,3.43163e+08,62.3362,61.308,7.71699,0,0,2.24453,1.94213,0,1.73377,2.96352,8.56347e+06,3.61194e+06,1.92209e+07,0,0,0,9.32321e+07
85.139,85.139,9.76136,0.01,0.02,2.95867,3.26107,0,0.554313,5.32224,4.12061e+06,2.70226e+06,1.21915e+07,0,0,0,3.43163e+08,62.3362,61.308,8.57758,0,0,2.24498,1.94258,0,1.73412,2.96352,8.56347e+06,3.61194e+06,1.92248e+07,0,0,0,9.32321e+07
85.139,85.139,8.69,0,0.02,3.26183,3.26183,0,0.554455,5.32224,4.12061e+06,2.70226e+06,1.34407e+07,0,0,0,3.43163e+08,62.3362,61.308,11.0353,0,0,1.94303,1.94303,0,1.73447,2.96352,8.56347e+06,3.61194e+06,1.66391e+07,0,0,0,9.32321e+07
85.139,85.139,9.03758,0,0.02,3.01687,3.01687,0,0.611266,5.32224,4.12061e+06,2.70226e+06,1.24314e+07,0,0,0,3.43163e+08,62.3362,61.308,11.3082,0,0,1.74826,1.74826,0,1.50118,2.96352,8.56347e+06,3.61194e+06,1.49712e+07,0,0,0,9.32321e+07
85.139,85.139,13.8728,0,0.02,3.01757,3.01757,0,0.565362,5.32224,4.12061e+06,2.70226e+06,1.24342e+07,0,0,0,3.43163e+08,62.3362,61.308,24.019,0,0,1.74867,1.74867,0,1.35071,2.96352,8.56347e+06,3.61194e+06,1.49747e+07,0,0,0,9.32321e+07
85.139,85.139,10.203,0,0.02,3.01827,3.01827,0,0.565493,5.32224,4.12061e+06,2.70226e+06,1.24371e+07,0,0,0,3.43163e+08,62.3362,61.308,15.7994,0,0,1.74907,1.74907,0,1.35102,2.96352,8.56347e+06,3.61194e+06,1.49781e+07,0,0,0,9.32321e+07
85.139,85.139,11.6352,0,0.02,3.01897,3.01897,0,0.565625,5.32224,4.12061e+06,2.70226e+06,1.244e+07,0,0,0,3.43163e+08,62.3362,61.308,16.8595,0,0,1.74948,1.74948,0,1.35133,2.96352,8.56347e+06,3.61194e+06,1.49816e+07,0,0,0,9.32321e+07
85.139,85.139,10.1938,0,0.02,3.01967,3.01967,0,0.565756,5.32224,4.12061e+06,2.70226e+06,1.24429e+07,0,0,0,3.43163e+08,62.3362,61.308,14.8053,0,0,1.74988,1.74988,0,1.35165,2.96352,8.56347e+06,3.61194e+06,1.49851e+07,0,0,0,9.32321e+07
85.139,85.139,13.6105,0,0.02,3.11498,3.11498,0,0.565887,5.32224,4.12061e+06,2.70226e+06,1.28356e+07,0,0,0,3.43163e+08,62.3362,61.308,15.8442,0,1,1.80687,1.80687,0,1.35196,2.96352,8.56347e+06,3.61194e+06,1.54731e+07,0,0,0,9.32321e+07
85.139,85.139,9.19828,0,0.02,3.11567,3.11567,0,0.583746,5.32224,4.12061e+06,2.70226e+06,1.28385e+07,0,0,0,3.43163e+08,62.3362,61.308,10.685,0,1,1.80727,1.80727,0,1.39599,2.96352,8.56347e+06,3.61194e+06,1.54765e+07,0,0,0,9.32321e+07
85.139,85.139,7.30608,0,0.02,3.11636,3.11636,0,0.583876,5.32224,4.12061e+06,2.70226e+06,1.28413e+07,0,0,0,3.43163e+08,62.3362,61.308,6.4633,0,1,1.80767,1.80767,0,1.3963,2.96352,8.56347e+06,3.61194e+06,1.548e+07,0,0,0,9.32321e+07
85.139,85.139,7.13771,0,0.02,3.11705,3.11705,0,0.584005,5.32224,4.12061e+06,2.70226e+06,1.28441e+07,0,0,0,3.43163e+08,62.3362,61.308,6.56988,0,1,1.80807,1.80807,0,1.39661,2.96352,8.56347e+06,3.61194e+06,1.54834e+07,0,0,0,9.32321e+07
85.139,85.139,5.46851,0,0.02,3.42184,3.42184,0,0.584135,5.32224,4.12061e+06,2.70226e+06,1.41001e+07,0,0,0,3.43163e+08,62.3362,61.308,6.74889,0,1,2.02111,2.02111,0,1.39692,2.96352,8.56347e+06,3.61194e+06,1.73077e+07,0,0,0,9.32321e+07
85.139,85.139,4.40611,0,0.02,3.42259,3.42259,0,0.641252,5.32224,4.12061e+06,2.70226e+06,1.41032e+07,0,0,0,3.43163e+08,62.3362,61.308,5.70015,0,1,2.02156,2.02156,0,1.56151,2.96352,8.56347e+06,3.61194e+06,1.73116e+07,0,0,0,9.32321e+07
85.0994,85.139,3.84135,0,0.02,3.42335,3.42335,0,0.641394,5.32224,4.12061e+06,2.70226e+06,1.41063e+07,0,0,0,3.43163e+08,62.3362,61.308,5.84519,0,1,2.02201,2.02201,0,1.56186,2.96352,8.56347e+06,3.61194e+06,1.73154e+07,0,0,0,9.32321e+07
85.139,85.139,4.32869,0,0.02,3.42411,3.42411,0,0.641536,5.32224,4.12061e+06,2.70226e+06,1.41094e+07,0,0,0,3.43163e+08,62.3362,61.308,6.2305,0,1,2.02246,2.02246,0,1.5622,2.96352,8.56347e+06,3.61194e+06,1.73193e+07,0,0,0,9.32321e+07
85.139,85.139,5.66704,0,0.02,2.99074,2.99074,0,0.641678,5.32224,4.12061e+06,2.70226e+06,1.23237e+07,0,0,0,3.43163e+08,62.3362,61.308,6.56688,0,1,1.73729,1.73729,0,1.56255,2.96352,8.56347e+06,3.61194e+06,1.48772e+07,0,0,0,9.32321e+07
85.139,85.139,3.94274,0,0.02,2.99141,2.99141,0,0.560466,5.32224,4.12061e+06,2.70226e+06,1.23264e+07,0,0,0,3.43163e+08,62.3362,61.308,6.06747,0,1,1.73767,1.73767,0,1.34223,2.96352,8.56347e+06,3.61194e+06,1.48805e+07,0,0,0,9.32321e+07
85.139,85.139,5.27918,0,0.02,2.99207,2.99207,0,0.56059,5.32224,4.12061e+06,2.70226e+06,1.23292e+07,0,0,0,3.43163e+08,62.3362,61.308,5.6798,0,1,1.73806,1.73806,0,1.34253,2.96352,8.56347e+06,3.61194e+06,1.48838e+07,0,0,0,9.32321e+07
85.139,85.139,4.49913,0,0.02,2.99273,2.99273,0,0.560714,5.32224,4.12061e+06,2.70226e+06,1.23319e+07,0,0,0,3.43163e+08,62.3362,61.308,7.05188,0,1,1.73844,1.73844,0,1.34282,2.96352,8.56347e+06,3.61194e+06,1.48871e+07,0,0,0,9.32321e+07
85.139,85.139,5.88126,0,0.02,2.99339,2.99339,0,0.560838,5.32224,4.12061e+06,2.70226e+06,1.23346e+07,0,0,0,3.43163e+08,62.3362,61.308,6.29337,0,1,1.73883,1.73883,0,1.34312,2.96352,8.56347e+06,3.61194e+06,1.48904e+07,0,0,0,9.32321e+07
85.139,85.139,8.91911,0,0.02,3.10345,3.10345,0,0.560962,5.32224,4.12061e+06,2.70226e+06,1.27881e+07,0,0,0,3.43163e+08,62.3362,61.308,8.22806,0,1,1.80916,1.80916,0,1.34342,2.96352,8.56347e+06,3.61194e+06,1.54927e+07,0,0,0,9.32321e+07
85.139,85.139,5.43005,0,0.02,3.10414,3.10414,0,0.581587,5.32224,4.12061e+06,2.70226e+06,1.2791e+07,0,0,0,3.43163e+08,62.3362,61.308,5.98921,0,1,1.80956,1.80956,0,1.39776,2.96352,8.56347e+06,3.61194e+06,1.54962e+07,0,0,0,9.32321e+07
85.139,85.139,4.56943,0,0.02,3.10483,3.10483,0,0.581716,5.32224,4.12061e+06,2.70226e+06,1.27938e+07,0,0,0,3.43163e+08,62.3362,61.308,5.63623,0,1,1.80997,1.80997,0,1.39807,2.96352,8.56347e+06,3.61194e+06,1.54996e+07,0,0,0,9.32321e+07
85.139,85.139,4.11309,0,0.02,3.10552,3.10552,0,0.581845,5.32224,4.12061e+06,2.70226e+06,1.27966e+07,0,0,0,3.43163e+08,62.3362,61.308,5.1821,0,1,1.81037,1.81037,0,1.39838,2.96352,8.56347e+06,3.61194e+06,1.5503e+07,0,0,0,9.32321e+07
85.139,85.139,4.72268,0,0.02,3.06339,3.06339,0,0.581974,5.32224,4.12061e+06,2.70226e+06,1.26231e+07,0,0,0,3.43163e+08,62.3362,61.308,5.02222,0,1,1.78357,1.78357,0,1.39869,2.96352,8.56347e+06,3.61194e+06,1.52736e+07,0,0,0,9.32321e+07
85.139,85.139,4.19793,0,0.02,3.06407,3.06407,0,0.57408,5.32224,4.12061e+06,2.70226e+06,1.26258e+07,0,0,0,3.43163e+08,62.3362,61.308,4.29954,0,1,1.78397,1.78397,0,1.37799,2.96352,8.56347e+06,3.61194e+06,1.5277e+07,0,0,0,9.32321e+07
85.139,85.139,3.92758,0,0.02,3.06475,3.06475,0,0.574207,5.32224,4.12061e+06,2.70226e+06,1.26286e+07,0,0,0,3.43163e+08,62.3362,61.308,3.6946,0,1,1.78436,1.78436,0,1.37829,2.96352,8.56347e+06,3.61194e+06,1.52804e+07,0,0,0,9.32321e+07
85.139,85.139,3.5897,0,0.02,3.06543,3.06543,0,0.574334,5.32224,4.12061e+06,2.70226e+06,1.26314e+07,0,0,0,3.43163e+08,62.3362,61.308,3.5316,0,1,1.78476,1.78476,0,1.3786,2.96352,8.56347e+06,3.61194e+06,1.52837e+07,0,0,0,9.32321e+07
85.139,85.139,3.47553,0,0.02,3.21155,3.21155,0,0.574461,5.32224,4.12061e+06,2.70226e+06,1.32336e+07,0,0,0,3.43163e+08,62.3362,61.308,3.61277,0,1,1.88167,1.88167,0,1.37891,2.96352,8.56347e+06,3.61194e+06,1.61136e+07,0,0,0,9.32321e+07
84.9525,85.139,3.23233,0,0.02,3.21226,3.21226,0,0.601845,5.32224,4.12061e+06,2.70226e+06,1.32365e+07,0,0,0,3.43163e+08,62.3362,61.308,3.46392,0,1,1.88209,1.88209,0,1.45378,2.96352,8.56347e+06,3.61194e+06,1.61172e+07,0,0,0,9.32321e+07
84.4266,85.139,2.88138,0,0.02,3.21297,3.21297,0,0.601978,5.32224,4.12061e+06,2.70226e+06,1.32394e+07,0,0,0,3.43163e+08,62.3247,61.308,3.15398,0,1,1.8825,1.8825,0,1.4541,2.96352,8.56347e+06,3.61194e+06,1.61208e+07,0,0,0,9.32321e+07
83.6954,85.139,2.64751,0,0.02,3.21368,3.21368,0,0.602111,5.32224,4.12061e+06,2.70226e+06,1.32423e+07,0,0,0,3.43163e+08,62.2809,61.308,3.11018,0,1,1.88292,1.88292,0,1.45442,2.96352,8.56347e+06,3.61194e+06,1.61243e+07,0,0,0,9.32321e+07
82.8615,85.139,2.52249,0,0.02,3.2144,3.2144,0,0.602244,5.32224,4.12061e+06,2.70226e+06,1.32453e+07,0,0,0,3.43163e+08,62.1251,61.308,2.76073,0,1,1.88334,1.88334,0,1.45474,2.96352,8.56347e+06,3.61194e+06,1.61279e+07,0,0,0,9.32321e+07
81.8409,85.139,2.32305,0,0.02,3.18631,3.18631,0,0.602378,5.32224,4.12061e+06,2.70226e+06,1.31296e+07,0,0,0,3.43163e+08,61.9962,61.308,2.79942,0,1,1.93686,1.93686,0,1.45506,2.96352,8.56347e+06,3.61194e+06,1.65862e+07,0,0,0,9.32321e+07
80.758,85.139,2.17728,0,0.02,3.18702,3.18702,0,0.597115,5.32224,4.12061e+06,2.70226e+06,1.31325e+07,0,0,0,3.43163e+08,61.8449,61.308,2.75703,0,1,1.93729,1.93729,0,1.49642,2.96352,8.56347e+06,3.61194e+06,1.65899e+07,0,0,0,9.32321e+07
79.5357,85.139,2.01756,0,0.02,3.18772,3.18772,0,0.597247,5.32224,4.12061e+06,2.70226e+06,1.31354e+07,0,0,0,3.43163e+08,61.6836,61.308,2.7351,0,1,1.93771,1.93771,0,1.49675,2.96352,8.56347e+06,3.61194e+06,1.65936e+07,0,0,0,9.32321e+07
78.2,85.139,1.88628,0,0.02,3.18843,3.18843,0,0.597379,5.32224,4.12061e+06,2.70226e+06,1.31383e+07,0,0,0,3.43163e+08,61.5294,61.308,2.81388,0,1,1.93814,1.93814,0,1.49708,2.96352,8.56347e+06,3.61194e+06,1.65972e+07,0,0,0,9.32321e+07
76.9681,85.139,1.78653,0.01,0.02,2.96116,3.26356,0,0.597511,5.32224,4.12061e+06,2.70226e+06,1.22018e+07,0,0,0,3.43163e+08,61.2797,61.308,2.61797,0,1,2.28834,1.98594,0,1.49741,2.96352,8.56347e+06,3.61194e+06,1.95961e+07,0,0,0,9.32321e+07
75.654,85.139,1.68984,0.02,0.02,2.96188,3.26428,0,0.554921,5.32224,4.12061e+06,2.70226e+06,1.22048e+07,0,0,0,3.43163e+08,60.9603,61.308,2.46065,0,1,2.28878,1.98638,0,1.76797,2.96352,8.56347e+06,3.61194e+06,1.95999e+07,0,0,0,9.32321e+07
74.2085,85.139,1.53867,0.02,0.02,2.9626,3.265,0,0.555056,5.32224,4.12061e+06,2.70226e+06,1.22077e+07,0,0,0,3.43163e+08,60.6071,61.308,2.15251,0,1,2.28922,1.98682,0,1.76831,2.96352,8.56347e+06,3.61194e+06,1.96037e+07,0,0,0,9.32321e+07
73.0319,85.139,1.79159,0.02,0.02,2.96332,3.26572,0,0.555192,5.32224,4.12061e+06,2.70226e+06,1.22107e+07,0,0,0,3.43163e+08,60.4266,61.308,2.98986,0,1,2.28966,1.98726,0,1.76865,2.96352,8.56347e+06,3.61194e+06,1.96074e+07,0,0,0,9.32321e+07
71.6162,85.139,1.71127,0.02,0.02,3.1822,3.4846,0,0.555327,5.32224,4.12061e+06,2.70226e+06,1.31126e+07,0,0,0,3.43163e+08,60.162,61.308,2.50895,0,1,2.46123,2.15883,0,1.76899,2.96352,8.56347e+06,3.61194e+06,2.10767e+07,0,0,0,9.32321e+07
70.2859,85.139,1.80378,0.02,0.02,3.21021,3.48537,0,0.596344,5.32224,4.12061e+06,2.70226e+06,1.3228e+07,0,0,0,3.43163e+08,59.8809,61.308,2.26745,0,1,2.43447,2.15931,0,1.90155,2.96352,8.56347e+06,3.61194e+06,2.08475e+07,0,0,0,9.32321e+07
68.8565,85.139,1.69152,0.02,0.02,3.21145,3.48614,0,0.601593,5.32224,4.12061e+06,2.70226e+06,1.32332e+07,0,0,0,3.43163e+08,59.5963,61.308,2.93369,0,1,2.43447,2.15978,0,1.88087,2.96352,8.56347e+06,3.61194e+06,2.08475e+07,0,0,0,9.32321e+07
67.3631,85.139,1.61074,0.02,0.02,3.2127,3.48691,0,0.601827,5.32224,4.12061e+06,2.70226e+06,1.32383e+07,0,0,0,3.43163e+08,59.2966,61.308,2.87519,0,1,2.43447,2.16026,0,1.88087,2.96352,8.56347e+06,3.61194e+06,2.08475e+07,0,0,0,9.32321e+07
65.8965,85.139,1.62174,0.02,0.02,3.21395,3.48768,0,0.60206,5.32224,4.12061e+06,2.70226e+06,1.32434e+07,0,0,0,3.43163e+08,58.9733,61.308,2.82115,0,1,2.43447,2.16074,0,1.88087,2.96352,8.56347e+06,3.61194e+06,2.08475e+07,0,0,0,9.32321e+07
65.0496,85.139,2.09093,0.03,0.02,3.10876,3.38201,0,0.602294,5.32224,4.12061e+06,2.70226e+06,1.281e+07,0,0,0,3.43163e+08,58.6287,61.308,3.05768,0,1,2.33048,2.05723,0,1.88087,2.96352,8.56347e+06,3.61194e+06,1.9957e+07,0,0,0,9.32321e+07
64.1119,85.139,2.05958,0.02,0.02,3.08036,3.38276,0,0.582582,5.32224,4.12061e+06,2.70226e+06,1.2693e+07,0,0,0,3.43163e+08,58.4991,61.308,3.60261,0,1,2.36009,2.05769,0,1.80053,2.96352,8.56347e+06,3.61194e+06,2.02105e+07,0,0,0,9.32321e+07
63.3343,85.139,2.2325,0.02,0.02,3.08111,3.38351,0,0.57726,5.32224,4.12061e+06,2.70226e+06,1.26961e+07,0,0,0,3.43163e+08,58.5244,61.308,3.87721,0,1,2.36054,2.05814,0,1.8234,2.96352,8.56347e+06,3.61194e+06,2.02144e+07,0,0,0,9.32321e+07
62.6021,85.139,2.32388,0.02,0.02,3.08186,3.38426,0,0.5774,5.32224,4.12061e+06,2.70226e+06,1.26991e+07,0,0,0,3.43163e+08,58.5715,61.308,4.09627,0,1,2.361,2.0586,0,1.82375,2.96352,8.56347e+06,3.61194e+06,2.02183e+07,0,0,0,9.32321e+07
61.4826,85.139,1.82207,0.02,0.02,2.99516,3.29756,0,0.57754,5.32224,4.12061e+06,2.70226e+06,1.23419e+07,0,0,0,3.43163e+08,58.6953,61.308,3.87153,0,1,2.26671,1.96431,0,1.82411,2.96352,8.56347e+06,3.61194e+06,1.94109e+07,0,0,0,9.32321e+07
60.515,85.139,1.99846,0.02,0.02,2.99589,3.29829,0,0.561293,5.32224,4.12061e+06,2.70226e+06,1.23449e+07,0,0,0,3.43163e+08,58.3946,61.308,2.35826,0,1,2.26715,1.96475,0,1.75126,2.96352,8.56347e+06,3.61194e+06,1.94147e+07,0,0,0,9.32321e+07
59.2135,85.139,1.66048,0.02,0.02,2.99662,3.29902,0,0.56143,5.32224,4.12061e+06,2.70226e+06,1.23479e+07,0,0,0,3.43163e+08,57.9716,61.308,1.70526,0,1,2.26758,1.96518,0,1.7516,2.96352,8.56347e+06,3.61194e+06,1.94184e+07,0,0,0,9.32321e+07
58.713,85.139,2.50515,0.02,0.02,2.99735,3.29975,0,0.561566,5.32224,4.12061e+06,2.70226e+06,1.23509e+07,0,0,0,3.43163e+08,58.1906,61.308,4.71731,0,1,2.26802,1.96562,0,1.75193,2.96352,8.56347e+06,3.61194e+06,1.94221e+07,0,0,0,9.32321e+07
61.3508,85.139,5.69735,0.02,0.02,2.74951,3.05191,0,0.561703,5.32224,4.12061e+06,2.70226e+06,1.13297e+07,0,0,0,3.43163e+08,59.6919,61.308,8.21912,0,1,2.07097,1.76857,0,1.75227,2.96352,8.56347e+06,3.61194e+06,1.77347e+07,0,0,0,9.32321e+07
61.2384,85.139,2.80584,0.02,0.02,2.75019,3.05259,0,0.515259,5.32224,4.12061e+06,2.70226e+06,1.13325e+07,0,0,0,3.43163e+08,60.0573,61.308,4.08465,0,1,2.07136,1.76896,0,1.60003,2.96352,8.56347e+06,3.61194e+06,1.7738e+07,0,0,0,9.32321e+07
61.9161,85.139,3.64204,0.02,0.02,2.75086,3.05326,0,0.515385,5.32224,4.12061e+06,2.70226e+06,1.13352e+07,0,0,0,3.43163e+08,60.9386,61.308,5.69505,0,1,2.07175,1.76935,0,1.60033,2.96352,8.56347e+06,3.61194e+06,1.77414e+07,0,0,0,9.32321e+07
61.9968,85.139,3.09318,0.03,0.02,2.75154,3.05394,0,0.515511,5.32224,4.12061e+06,2.70226e+06,1.1338e+07,0,0,0,3.43163e+08,61.7584,61.308,5.13792,0,1,2.07214,1.76974,0,1.60063,2.96352,8.56347e+06,3.61194e+06,1.77447e+07,0,0,0,9.32321e+07
61.1831,85.139,2.15069,0.03,0.02,2.75221,3.05461,0,0.515638,5.32224,4.12061e+06,2.70226e+06,1.13408e+07,0,0,0,3.43163e+08,62.2414,61.308,4.17316,0,1,2.07253,1.77013,0,1.60093,2.96352,8.56347e+06,3.61194e+06,1.7748e+07,0,0,0,9.32321e+07
64.1122,85.139,6.04407,0.03,0.02,2.84858,3.15098,0,0.515764,5.32224,4.12061e+06,2.70226e+06,1.17379e+07,0,0,0,3.43163e+08,62.3362,61.308,5.70667,0,1,2.13016,1.82776,0,1.60124,2.96352,8.56347e+06,3.61194e+06,1.82415e+07,0,0,0,9.32321e+07
64.9901,85.139,3.95706,0.02,0.02,2.84924,3.15164,0,0.533824,5.32224,4.12061e+06,2.70226e+06,1.17406e+07,0,0,0,3.43163e+08,62.1569,61.308,3.54655,0,1,2.13054,1.82814,0,1.64576,2.96352,8.56347e+06,3.61194e+06,1.82448e+07,0,0,0,9.32321e+07
68.6243,85.139,6.84681,0.02,0.02,2.8499,3.1523,0,0.533948,5.32224,4.12061e+06,2.70226e+06,1.17433e+07,0,0,0,3.43163e+08,62.3362,61.308,7.23578,0,1,2.13093,1.82853,0,1.64606,2.96352,8.56347e+06,3.61194e+06,1.82481e+07,0,0,0,9.32321e+07
71.0349,85.139,5.76204,0.02,0.02,2.85057,3.15297,0,0.534072,5.32224,4.12061e+06,2.70226e+06,1.17461e+07,0,0,0,3.43163e+08,62.3362,61.308,4.83792,0,1,2.13131,1.82891,0,1.64635,2.96352,8.56347e+06,3.61194e+06,1.82514e+07,0,0,0,9.32321e+07
74.6067,85.139,7.13088,0.02,0.02,3.15883,3.46123,0,0.534196,5.32224,4.12061e+06,2.70226e+06,1.30163e+07,0,0,0,3.43163e+08,62.3362,61.308,5.12938,0,1,2.34678,2.04438,0,1.64665,2.96352,8.56347e+06,3.61194e+06,2.00966e+07,0,0,0,9.32321e+07
78.9704,85.139,8.05449,0.01,0.02,3.15956,3.46196,0,0.591964,5.32224,4.12061e+06,2.70226e+06,1.30193e+07,0,0,0,3.43163e+08,62.3362,61.308,5.37189,0,1,2.34721,2.04481,0,1.81312,2.96352,8.56347e+06,3.61194e+06,2.01003e+07,0,0,0,9.32321e+07
82.1237,85.139,6.98296,0.01,0.02,3.16028,3.46268,0,0.592101,5.32224,4.12061e+06,2.70226e+06,1.30223e+07,0,0,0,3.43163e+08,62.3362,61.308,4.35635,0,1,2.34764,2.04524,0,1.81346,2.96352,8.56347e+06,3.61194e+06,2.0104e+07,0,0,0,9.32321e+07
84.4442,85.139,5.97888,0.01,0.02,3.16101,3.46341,0,0.592237,5.32224,4.12061e+06,2.70226e+06,1.30253e+07,0,0,0,3.43163e+08,62.3362,61.308,3.70711,0,1,2.34807,2.04567,0,1.81379,2.96352,8.56347e+06,3.61194e+06,2.01076e+07,0,0,0,9.32321e+07
85.139,85.139,7.64416,0,0.02,3.02504,3.02504,0,0.592374,5.32224,4.12061e+06,2.70226e+06,1.2465e+07,0,0,0,3.43163e+08,62.3362,61.308,5.80132,0,1,1.75721,1.75721,0,1.81412,2.96352,8.56347e+06,3.61194e+06,1.50478e+07,0,0,0,9.32321e+07
85.139,85.139,8.43098,0,0.02,3.02567,3.02567,0,0.566892,5.32224,4.12061e+06,2.70226e+06,1.24676e+07,0,0,0,3.43163e+08,62.3362,61.308,6.7325,0,1,1.75758,1.75758,0,1.35762,2.96352,8.56347e+06,3.61194e+06,1.5051e+07,0,0,0,9.32321e+07
85.139,85.139,5.96924,0,0.02,3.02631,3.02631,0,0.567011,5.32224,4.12061e+06,2.70226e+06,1.24702e+07,0,0,0,3.43163e+08,62.3362,61.308,5.61204,0,1,1.75795,1.75795,0,1.35791,2.96352,8.56347e+06,3.61194e+06,1.50541e+07,0,0,0,9.32321e+07
85.139,85.139,6.54965,0,0.02,3.02695,3.02695,0,0.56713,5.32224,4.12061e+06,2.70226e+06,1.24729e+07,0,0,0,3.43163e+08,62.3362,61.308,5.06151,0,1,1.75832,1.75832,0,1.35819,2.96352,8.56347e+06,3.61194e+06,1.50573e+07,0,0,0,9.32321e+07
85.139,85.139,7.31215,0,0.02,3.02758,3.02758,0,0.56725,5.32224,4.12061e+06,2.70226e+06,1.24755e+07,0,0,0,3.43163e+08,62.3362,61.308,6.47245,0,1,1.75869,1.75869,0,1.35848,2.96352,8.56347e+06,3.61194e+06,1.50605e+07,0,0,0,9.32321e+07
85.139,85.139,8.38661,0,0.02,3.13886,3.13886,0,0.567369,5.32224,4.12061e+06,2.70226e+06,1.2934e+07,0,0,0,3.43163e+08,62.3362,61.308,8.93399,0,1,1.82981,1.82981,0,1.35876,2.96352,8.56347e+06,3.61194e+06,1.56695e+07,0,0,0,9.32321e+07
85.139,85.139,7.78679,0,0.02,3.13952,3.13952,0,0.588223,5.32224,4.12061e+06,2.70226e+06,1.29368e+07,0,0,0,3.43163e+08,62.3362,61.308,8.22923,0,1,1.83019,1.83019,0,1.41371,2.96352,8.56347e+06,3.61194e+06,1.56728e+07,0,0,0,9.32321e+07
85.139,85.139,6.76074,0,0.02,3.14018,3.14018,0,0.588347,5.32224,4.12061e+06,2.70226e+06,1.29395e+07,0,0,0,3.43163e+08,62.3362,61.308,7.43246,0,1,1.83057,1.83057,0,1.41401,2.96352,8.56347e+06,3.61194e+06,1.56761e+07,0,0,0,9.32321e+07
85.139,85.139,6.03236,0,0.02,3.14084,3.14084,0,0.58847,5.32224,4.12061e+06,2.70226e+06,1.29422e+07,0,0,0,3.43163e+08,62.3362,61.308,6.96054,0,1,1.83096,1.83096,0,1.4143,2.96352,8.56347e+06,3.61194e+06,1.56794e+07,0,0,0,9.32321e+07
85.139,85.139,5.32601,0,0.02,3.0982,3.0982,0,0.588594,5.32224,4.12061e+06,2.70226e+06,1.27665e+07,0,0,0,3.43163e+08,62.3362,61.308,5.86069,0,1,1.80384,1.80384,0,1.4146,2.96352,8.56347e+06,3.61194e+06,1.54472e+07,0,0,0,9.32321e+07
85.139,85.139,5.61689,0,0.02,3.09886,3.09886,0,0.580604,5.32224,4.12061e+06,2.70226e+06,1.27692e+07,0,0,0,3.43163e+08,62.3362,61.308,4.61251,0,1,1.80422,1.80422,0,1.39365,2.96352,8.56347e+06,3.61194e+06,1.54504e+07,0,0,0,9.32321e+07
85.139,85.139,4.5185,0,0.02,3.09951,3.09951,0,0.580726,5.32224,4.12061e+06,2.70226e+06,1.27719e+07,0,0,0,3.43163e+08,62.2439,61.308,4.10889,0,1,1.8046,1.8046,0,1.39394,2.96352,8.56347e+06,3.61194e+06,1.54537e+07,0,0,0,9.32321e+07
85.139,85.139,4.05272,0,0.02,3.10016,3.10016,0,0.580848,5.32224,4.12061e+06,2.70226e+06,1.27745e+07,0,0,0,3.43163e+08,61.984,61.308,3.19734,0,1,1.80498,1.80498,0,1.39424,2.96352,8.56347e+06,3.61194e+06,1.54569e+07,0,0,0,9.32321e+07
85.139,85.139,3.68078,0,0.02,3.2479,3.2479,0,0.58097,5.32224,4.12061e+06,2.70226e+06,1.33833e+07,0,0,0,3.43163e+08,61.7498,61.308,3.00662,0,1,1.90297,1.90297,0,1.39453,2.96352,8.56347e+06,3.61194e+06,1.6296e+07,0,0,0,9.32321e+07
85.139,85.139,3.74677,0,0.02,3.24858,3.24858,0,0.608657,5.32224,4.12061e+06,2.70226e+06,1.33862e+07,0,0,0,3.43163e+08,61.7383,61.308,3.56032,0,1,1.90337,1.90337,0,1.47023,2.96352,8.56347e+06,3.61194e+06,1.62994e+07,0,0,0,9.32321e+07
85.139,85.139,3.59985,0,0.02,3.24927,3.24927,0,0.608785,5.32224,4.12061e+06,2.70226e+06,1.3389e+07,0,0,0,3.43163e+08,61.6268,61.308,3.4299,0,1,1.90377,1.90377,0,1.47054,2.96352,8.56347e+06,3.61194e+06,1.63028e+07,0,0,0,9.32321e+07
84.9577,85.139,3.23881,0,0.02,3.24995,3.24995,0,0.608913,5.32224,4.12061e+06,2.70226e+06,1.33918e+07,0,0,0,3.43163e+08,61.367,61.308,2.86768,0,1,1.90417,1.90417,0,1.47085,2.96352,8.56347e+06,3.61194e+06,1.63063e+07,0,0,0,9.32321e+07
84.6815,85.139,3.12862,0,0.02,3.25063,3.25063,0,0.60904,5.32224,4.12061e+06,2.70226e+06,1.33946e+07,0,0,0,3.43163e+08,60.9863,61.308,2.61883,0,1,1.90457,1.90457,0,1.47116,2.96352,8.56347e+06,3.61194e+06,1.63097e+07,0,0,0,9.32321e+07
83.5653,85.139,2.22565,0,0.02,3.22219,3.22219,0,0.609168,5.32224,4.12061e+06,2.70226e+06,1.32774e+07,0,0,0,3.43163e+08,60.7401,61.308,2.94905,0,1,1.95867,1.95867,0,1.47147,2.96352,8.56347e+06,3.61194e+06,1.6773e+07,0,0,0,9.32321e+07
82.3428,85.139,2.11271,0,0.02,3.22287,3.22287,0,0.603839,5.32224,4.12061e+06,2.70226e+06,1.32802e+07,0,0,0,3.43163e+08,60.4593,61.308,2.74183,0,1,1.95908,1.95908,0,1.51327,2.96352,8.56347e+06,3.61194e+06,1.67765e+07,0,0,0,9.32321e+07
80.9507,85.139,1.93241,0,0.02,3.22355,3.22355,0,0.603966,5.32224,4.12061e+06,2.70226e+06,1.3283e+07,0,0,0,3.43163e+08,60.1692,61.308,2.76373,0,1,1.95949,1.95949,0,1.51359,2.96352,8.56347e+06,3.61194e+06,1.678e+07,0,0,0,9.32321e+07
79.6437,85.139,1.74473,0.01,0.02,2.92182,3.22422,0,0.604093,5.32224,4.12061e+06,2.70226e+06,1.20397e+07,0,0,0,3.43163e+08,59.8356,61.308,2.44925,0,1,2.2623,1.9599,0,1.5139,2.96352,8.56347e+06,3.61194e+06,1.93732e+07,0,0,0,9.32321e+07
78.2369,85.139,1.66703,0.01,0.02,2.99776,3.30016,0,0.54755,5.32224,4.12061e+06,2.70226e+06,1.23526e+07,0,0,0,3.43163e+08,59.518,61.308,2.45302,0,1,2.31062,2.00822,0,1.74786,2.96352,8.56347e+06,3.61194e+06,1.97869e+07,0,0,0,9.32321e+07
76.7802,85.139,1.62312,0.02,0.02,2.99846,3.30086,0,0.561781,5.32224,4.12061e+06,2.70226e+06,1.23555e+07,0,0,0,3.43163e+08,59.1407,61.308,2.54065,0,1,2.31104,2.00864,0,1.78518,2.96352,8.56347e+06,3.61194e+06,1.97905e+07,0,0,0,9.32321e+07
75.2375,85.139,1.50403,0.02,0.02,2.99915,3.30155,0,0.561911,5.32224,4.12061e+06,2.70226e+06,1.23583e+07,0,0,0,3.43163e+08,58.7233,61.308,2.46352,0,1,2.31146,2.00906,0,1.78551,2.96352,8.56347e+06,3.61194e+06,1.97941e+07,0,0,0,9.32321e+07
73.5795,85.139,1.36944,0.02,0.02,2.99984,3.30224,0,0.562041,5.32224,4.12061e+06,2.70226e+06,1.23612e+07,0,0,0,3.43163e+08,58.2792,61.308,2.14043,0,1,2.31188,2.00948,0,1.78583,2.96352,8.56347e+06,3.61194e+06,1.97977e+07,0,0,0,9.32321e+07
71.9309,85.139,1.54586,0.02,0.02,3.22112,3.52352,0,0.56217,5.32224,4.12061e+06,2.70226e+06,1.3273e+07,0,0,0,3.43163e+08,57.96,61.308,2.86662,0,1,2.48535,2.18295,0,1.78616,2.96352,8.56347e+06,3.61194e+06,2.12832e+07,0,0,0,9.32321e+07
69.9169,85.139,1.20191,0.02,0.02,3.27322,3.52426,0,0.603639,5.32224,4.12061e+06,2.70226e+06,1.34877e+07,0,0,0,3.43163e+08,57.5221,61.308,2.22254,0,1,2.43445,2.1834,0,1.92018,2.96352,8.56347e+06,3.61194e+06,2.08473e+07,0,0,0,9.32321e+07
68.0312,85.139,1.33159,0.02,0.02,3.27442,3.525,0,0.613401,5.32224,4.12061e+06,2.70226e+06,1.34926e+07,0,0,0,3.43163e+08,57.2096,61.308,2.75727,0,1,2.43445,2.18386,0,1.88086,2.96352,8.56347e+06,3.61194e+06,2.08473e+07,0,0,0,9.32321e+07
65.918,85.139,1.08463,0.04,0.02,3.27561,3.52574,0,0.613626,5.32224,4.12061e+06,2.70226e+06,1.34975e+07,0,0,0,3.43163e+08,56.7166,61.308,1.93323,0,1,2.43445,2.18432,0,1.88086,2.96352,8.56347e+06,3.61194e+06,2.08473e+07,0,0,0,9.32321e+07
64.0713,85.139,1.32299,0.04,0.02,3.27681,3.52648,0,0.61385,5.32224,4.12061e+06,2.70226e+06,1.35025e+07,0,0,0,3.43163e+08,56.5603,61.308,3.57059,0,1,2.43445,2.18478,0,1.88086,2.96352,8.56347e+06,3.61194e+06,2.08473e+07,0,0,0,9.32321e+07
62.721,85.139,1.75025,0.03,0.02,3.17039,3.4196,0,0.614074,5.32224,4.12061e+06,2.70226e+06,1.30639e+07,0,0,0,3.43163e+08,56.3587,61.308,3.05447,0,1,2.32931,2.0801,0,1.88086,2.96352,8.56347e+06,3.61194e+06,1.9947e+07,0,0,0,9.32321e+07
61.3198,85.139,1.64653,0.04,0.02,3.11792,3.42032,0,0.594131,5.32224,4.12061e+06,2.70226e+06,1.28477e+07,0,0,0,3.43163e+08,56.5411,61.308,5.28147,0,1,2.38293,2.08053,0,1.79962,2.96352,8.56347e+06,3.61194e+06,2.04062e+07,0,0,0,9.32321e+07
59.6706,85.139,1.3788,0.04,0.02,3.11864,3.42104,0,0.584298,5.32224,4.12061e+06,2.70226e+06,1.28507e+07,0,0,0,3.43163e+08,56.2021,61.308,2.75691,0,1,2.38337,2.08097,0,1.84105,2.96352,8.56347e+06,3.61194e+06,2.04099e+07,0,0,0,9.32321e+07
58.5575,85.139,1.95767,0.04,0.02,3.11936,3.42176,0,0.584433,5.32224,4.12061e+06,2.70226e+06,1.28537e+07,0,0,0,3.43163e+08,56.047,61.308,3.16919,0,1,2.38381,2.08141,0,1.84139,2.96352,8.56347e+06,3.61194e+06,2.04136e+07,0,0,0,9.32321e+07
57.8997,85.139,2.53302,0.04,0.02,3.03166,3.33406,0,0.584567,5.32224,4.12061e+06,2.70226e+06,1.24923e+07,0,0,0,3.43163e+08,56.3264,61.308,3.67463,0,1,2.28846,1.98606,0,1.84173,2.96352,8.56347e+06,3.61194e+06,1.95971e+07,0,0,0,9.32321e+07
56.8017,85.139,1.95882,0.02,0.02,3.03236,3.33476,0,0.568134,5.32224,4.12061e+06,2.70226e+06,1.24952e+07,0,0,0,3.43163e+08,56.1546,61.308,1.99046,0,1,2.28887,1.98647,0,1.76806,2.96352,8.56347e+06,3.61194e+06,1.96007e+07,0,0,0,9.32321e+07
56.7415,85.139,3.0277,0.02,0.02,3.03306,3.33546,0,0.568265,5.32224,4.12061e+06,2.70226e+06,1.24981e+07,0,0,0,3.43163e+08,56.109,61.308,2.41804,0,1,2.28929,1.98689,0,1.76838,2.96352,8.56347e+06,3.61194e+06,1.96043e+07,0,0,0,9.32321e+07
60.7374,85.139,7.31701,0.05,0.02,3.03376,3.33616,0,0.568396,5.32224,4.12061e+06,2.70226e+06,1.25009e+07,0,0,0,3.43163e+08,57.2656,61.308,6.18014,0,1,2.28971,1.98731,0,1.76871,2.96352,8.56347e+06,3.61194e+06,1.96078e+07,0,0,0,9.32321e+07
62.3799,85.139,4.64877,0.02,0.02,2.78316,3.08556,0,0.568527,5.32224,4.12061e+06,2.70226e+06,1.14683e+07,0,0,0,3.43163e+08,57.7067,61.308,4.00438,0,1,2.09046,1.78806,0,1.76903,2.96352,8.56347e+06,3.61194e+06,1.79016e+07,0,0,0,9.32321e+07
64.0934,85.139,4.77205,0.02,0.02,2.7838,3.0862,0,0.521563,5.32224,4.12061e+06,2.70226e+06,1.1471e+07,0,0,0,3.43163e+08,58.4838,61.308,5.62429,0,1,2.09084,1.78844,0,1.61509,2.96352,8.56347e+06,3.61194e+06,1.79048e+07,0,0,0,9.32321e+07
63.7993,85.139,2.6956,0.02,0.02,2.78445,3.08685,0,0.521685,5.32224,4.12061e+06,2.70226e+06,1.14736e+07,0,0,0,3.43163e+08,58.5906,61.308,3.59103,0,1,2.09121,1.78881,0,1.61538,2.96352,8.56347e+06,3.61194e+06,1.7908e+07,0,0,0,9.32321e+07
62.9142,85.139,2.04493,0.02,0.02,2.7851,3.0875,0,0.521806,5.32224,4.12061e+06,2.70226e+06,1.14763e+07,0,0,0,3.43163e+08,58.3352,61.308,2.4189,0,1,2.09159,1.78919,0,1.61567,2.96352,8.56347e+06,3.61194e+06,1.79112e+07,0,0,0,9.32321e+07
63.2852,85.139,3.39027,0.02,0.02,2.78574,3.08814,0,0.521927,5.32224,4.12061e+06,2.70226e+06,1.1479e+07,0,0,0,3.43163e+08,58.5098,61.308,3.87964,0,1,2.09196,1.78956,0,1.61596,2.96352,8.56347e+06,3.61194e+06,1.79145e+07,0,0,0,9.32321e+07
65.3472,85.139,5.31049,0.02,0.04,2.88313,3.18553,0,0.522048,5.32224,4.12061e+06,2.70226e+06,1.18803e+07,0,0,0,3.43163e+08,60.4579,61.308,6.85952,0,1,2.1502,1.8478,0,1.61625,2.96352,8.56347e+06,3.61194e+06,1.84132e+07,0,0,0,9.32321e+07
65.4551,85.139,3.31752,0.02,0.04,2.88377,3.18617,0,0.540299,5.32224,4.12061e+06,2.70226e+06,1.18829e+07,0,0,0,3.43163e+08,61.3573,61.308,5.1696,0,1,2.15057,1.84817,0,1.66125,2.96352,8.56347e+06,3.61194e+06,1.84163e+07,0,0,0,9.32321e+07
65.0436,85.139,2.74237,0.02,0.04,2.8844,3.1868,0,0.540418,5.32224,4.12061e+06,2.70226e+06,1.18855e+07,0,0,0,3.43163e+08,62.0263,61.308,4.47014,0,1,2.15094,1.84854,0,1.66153,2.96352,8.56347e+06,3.61194e+06,1.84195e+07,0,0,0,9.32321e+07
64.7744,85.139,2.91516,0.02,0.04,2.88504,3.18744,0,0.540537,5.32224,4.12061e+06,2.70226e+06,1.18881e+07,0,0,0,3.43163e+08,62.3362,61.308,5.05783,0,1,2.15131,1.84891,0,1.66181,2.96352,8.56347e+06,3.61194e+06,1.84226e+07,0,0,0,9.32321e+07
66.2781,85.139,5.28723,0.02,0.04,3.19663,3.49903,0,0.540656,5.32224,4.12061e+06,2.70226e+06,1.31721e+07,0,0,0,3.43163e+08,62.3362,61.308,5.36624,0,1,2.36911,2.06671,0,1.6621,2.96352,8.56347e+06,3.61194e+06,2.02878e+07,0,0,0,9.32321e+07
66.675,85.139,3.8867,0.02,0.04,3.19733,3.49973,0,0.599048,5.32224,4.12061e+06,2.70226e+06,1.31749e+07,0,0,0,3.43163e+08,62.3362,61.308,2.84344,0,1,2.36952,2.06712,0,1.83037,2.96352,8.56347e+06,3.61194e+06,2.02913e+07,0,0,0,9.32321e+07
67.6594,85.139,4.42635,0.02,0.04,3.19802,3.50042,0,0.599179,5.32224,4.12061e+06,2.70226e+06,1.31778e+07,0,0,0,3.43163e+08,62.3362,61.308,3.64442,0,1,2.36993,2.06753,0,1.83069,2.96352,8.56347e+06,3.61194e+06,2.02948e+07,0,0,0,9.32321e+07
67.8659,85.139,3.66422,0.02,0.04,3.19872,3.50112,0,0.599309,5.32224,4.12061e+06,2.70226e+06,1.31807e+07,0,0,0,3.43163e+08,62.3362,61.308,3.31803,0,1,2.37034,2.06794,0,1.83101,2.96352,8.56347e+06,3.61194e+06,2.02984e+07,0,0,0,9.32321e+07
69.7821,85.139,5.075,0.03,0.04,2.75554,3.05794,0,0.59944,5.32224,4.12061e+06,2.70226e+06,1.13545e+07,0,0,0,3.43163e+08,62.3362,61.308,8.32771,0,1,2.07872,1.77632,0,1.83133,2.96352,8.56347e+06,3.61194e+06,1.78011e+07,0,0,0,9.32321e+07
74.0565,85.139,7.58734,0.02,0.04,2.75615,3.05855,0,0.516388,5.32224,4.12061e+06,2.70226e+06,1.1357e+07,0,0,0,3.43163e+08,62.3362,61.308,7.55428,0,1,2.07907,1.77667,0,1.60602,2.96352,8.56347e+06,3.61194e+06,1.78041e+07,0,0,0,9.32321e+07
76.941,85.139,6.20043,0.01,0.04,2.75675,3.05915,0,0.516502,5.32224,4.12061e+06,2.70226e+06,1.13595e+07,0,0,0,3.43163e+08,62.3362,61.308,4.90755,0,1,2.07943,1.77703,0,1.60629,2.96352,8.56347e+06,3.61194e+06,1.78071e+07,0,0,0,9.32321e+07
78.0493,85.139,4.44199,0.02,0.04,2.75736,3.05976,0,0.516616,5.32224,4.12061e+06,2.70226e+06,1.1362e+07,0,0,0,3.43163e+08,62.3362,61.308,4.03331,0,1,2.07978,1.77738,0,1.60657,2.96352,8.56347e+06,3.61194e+06,1.78101e+07,0,0,0,9.32321e+07
79.2862,85.139,4.48448,0.02,0.04,2.75797,3.06037,0,0.51673,5.32224,4.12061e+06,2.70226e+06,1.13645e+07,0,0,0,3.43163e+08,62.3362,61.308,3.22664,0,1,2.08014,1.77774,0,1.60684,2.96352,8.56347e+06,3.61194e+06,1.78132e+07,0,0,0,9.32321e+07
80.7484,85.139,4.84521,0.02,0.04,2.87042,3.17282,0,0.516844,5.32224,4.12061e+06,2.70226e+06,1.18279e+07,0,0,0,3.43163e+08,62.3362,61.308,3.83206,0,1,2.152,1.8496,0,1.60711,2.96352,8.56347e+06,3.61194e+06,1.84286e+07,0,0,0,9.32321e+07
81.8703,85.139,4.7459,0,0.04,3.17345,3.17345,0,0.537917,5.32224,4.12061e+06,2.70226e+06,1.30766e+07,0,0,0,3.43163e+08,62.3362,61.308,3.79246,0,1,1.84997,1.84997,0,1.66264,2.96352,8.56347e+06,3.61194e+06,1.58422e+07,0,0,0,9.32321e+07
82.9839,85.139,4.77427,0,0.04,3.17408,3.17408,0,0.594705,5.32224,4.12061e+06,2.70226e+06,1.30792e+07,0,0,0,3.43163e+08,62.3362,61.308,4.40229,0,1,1.85034,1.85034,0,1.42929,2.96352,8.56347e+06,3.61194e+06,1.58453e+07,0,0,0,9.32321e+07
83.6256,85.139,4.23582,0,0.04,3.17472,3.17472,0,0.594823,5.32224,4.12061e+06,2.70226e+06,1.30818e+07,0,0,0,3.43163e+08,62.3362,61.308,2.92254,0,1,1.85071,1.85071,0,1.42957,2.96352,8.56347e+06,3.61194e+06,1.58485e+07,0,0,0,9.32321e+07
84.1993,85.139,4.05566,0,0.04,3.13158,3.13158,0,0.594942,5.32224,4.12061e+06,2.70226e+06,1.2904e+07,0,0,0,3.43163e+08,62.3362,61.308,3.3189,0,1,1.82328,1.82328,0,1.42986,2.96352,8.56347e+06,3.61194e+06,1.56136e+07,0,0,0,9.32321e+07
84.4435,85.139,3.69653,0,0.04,3.13221,3.13221,0,0.586859,5.32224,4.12061e+06,2.70226e+06,1.29066e+07,0,0,0,3.43163e+08,62.3362,61.308,3.57776,0,1,1.82364,1.82364,0,1.40866,2.96352,8.56347e+06,3.61194e+06,1.56167e+07,0,0,0,9.32321e+07
84.3535,85.139,3.34652,0,0.04,3.13283,3.13283,0,0.586975,5.32224,4.12061e+06,2.70226e+06,1.29092e+07,0,0,0,3.43163e+08,62.3362,61.308,2.99828,0,1,1.824,1.824,0,1.40894,2.96352,8.56347e+06,3.61194e+06,1.56198e+07,0,0,0,9.32321e+07
84.9067,85.139,3.99032,0,0.04,3.13345,3.13345,0,0.587092,5.32224,4.12061e+06,2.70226e+06,1.29117e+07,0,0,0,3.43163e+08,62.3362,61.308,3.0335,0,1,1.82436,1.82436,0,1.40922,2.96352,8.56347e+06,3.61194e+06,1.56229e+07,0,0,0,9.32321e+07
84.5819,85.139,3.133,0,0.04,3.28274,3.28274,0,0.587209,5.32224,4.12061e+06,2.70226e+06,1.35269e+07,0,0,0,3.43163e+08,62.3362,61.308,3.07416,0,1,1.92338,1.92338,0,1.4095,2.96352,8.56347e+06,3.61194e+06,1.64708e+07,0,0,0,9.32321e+07
84.378,85.139,3.23307,0,0.04,3.2834,3.2834,0,0.615186,5.32224,4.12061e+06,2.70226e+06,1.35296e+07,0,0,0,3.43163e+08,62.3362,61.308,3.33197,0,1,1.92376,1.92376,0,1.486,2.96352,8.56347e+06,3.61194e+06,1.64741e+07,0,0,0,9.32321e+07
83.8192,85.139,2.86312,0,0.04,3.28405,3.28405,0,0.615309,5.32224,4.12061e+06,2.70226e+06,1.35323e+07,0,0,0,3.43163e+08,62.3362,61.308,3.07454,0,1,1.92415,1.92415,0,1.4863,2.96352,8.56347e+06,3.61194e+06,1.64774e+07,0,0,0,9.32321e+07
83.1483,85.139,2.73789,0,0.04,3.2847,3.2847,0,0.615431,5.32224,4.12061e+06,2.70226e+06,1.3535e+07,0,0,0,3.43163e+08,62.3362,61.308,2.82842,0,1,1.92453,1.92453,0,1.4866,2.96352,8.56347e+06,3.61194e+06,1.64806e+07,0,0,0,9.32321e+07
82.1974,85.139,2.43844,0,0.04,3.28536,3.28536,0,0.615553,5.32224,4.12061e+06,2.70226e+06,1.35377e+07,0,0,0,3.43163e+08,62.3333,61.308,2.58432,0,1,1.92491,1.92491,0,1.48689,2.96352,8.56347e+06,3.61194e+06,1.64839e+07,0,0,0,9.32321e+07
80.9824,85.139,2.06677,0,0.04,3.25658,3.25658,0,0.615676,5.32224,4.12061e+06,2.70226e+06,1.34191e+07,0,0,0,3.43163e+08,62.2383,61.308,2.24505,0,1,1.97957,1.97957,0,1.48719,2.96352,8.56347e+06,3.61194e+06,1.6952e+07,0,0,0,9.32321e+07
79.6558,85.139,1.93757,0,0.04,3.25723,3.25723,0,0.610283,5.32224,4.12061e+06,2.70226e+06,1.34218e+07,0,0,0,3.43163e+08,62.103,61.308,2.17501,0,1,1.97996,1.97996,0,1.52942,2.96352,8.56347e+06,3.61194e+06,1.69554e+07,0,0,0,9.32321e+07
78.2676,85.139,1.84341,0,0.04,3.25787,3.25787,0,0.610404,5.32224,4.12061e+06,2.70226e+06,1.34244e+07,0,0,0,3.43163e+08,61.9185,61.308,2.10467,0,1,1.98036,1.98036,0,1.52972,2.96352,8.56347e+06,3.61194e+06,1.69587e+07,0,0,0,9.32321e+07
76.9176,85.139,1.59882,0.02,0.04,2.95612,3.25852,0,0.610525,5.32224,4.12061e+06,2.70226e+06,1.2181e+07,0,0,0,3.43163e+08,61.6741,61.308,2.01501,0,1,2.28315,1.98075,0,1.53002,2.96352,8.56347e+06,3.61194e+06,1.95517e+07,0,0,0,9.32321e+07
75.4177,85.139,1.50162,0.02,0.04,3.03283,3.33523,0,0.553977,5.32224,4.12061e+06,2.70226e+06,1.24971e+07,0,0,0,3.43163e+08,61.3648,61.308,1.95703,0,1,2.33195,2.02955,0,1.76396,2.96352,8.56347e+06,3.61194e+06,1.99696e+07,0,0,0,9.32321e+07
74.0013,85.139,1.59097,0.02,0.04,3.03349,3.33589,0,0.568352,5.32224,4.12061e+06,2.70226e+06,1.24998e+07,0,0,0,3.43163e+08,61.1327,61.308,2.2273,0,1,2.33236,2.02996,0,1.80167,2.96352,8.56347e+06,3.61194e+06,1.99731e+07,0,0,0,9.32321e+07
72.4917,85.139,1.47314,0.02,0.04,3.03416,3.33656,0,0.568476,5.32224,4.12061e+06,2.70226e+06,1.25026e+07,0,0,0,3.43163e+08,60.8021,61.308,2.24826,0,1,2.33276,2.03036,0,1.80198,2.96352,8.56347e+06,3.61194e+06,1.99765e+07,0,0,0,9.32321e+07
70.8881,85.139,1.36485,0.02,0.04,3.03482,3.33722,0,0.568601,5.32224,4.12061e+06,2.70226e+06,1.25053e+07,0,0,0,3.43163e+08,60.4251,61.308,2.00643,0,1,2.33316,2.03076,0,1.80229,2.96352,8.56347e+06,3.61194e+06,1.998e+07,0,0,0,9.32321e+07
69.1469,85.139,1.38953,0.02,0.04,3.2584,3.5608,0,0.568725,5.32224,4.12061e+06,2.70226e+06,1.34266e+07,0,0,0,3.43163e+08,59.9938,61.308,2.26252,0,1,2.50844,2.20604,0,1.8026,2.96352,8.56347e+06,3.61194e+06,2.1481e+07,0,0,0,9.32321e+07
67.2523,85.139,1.28091,0.02,0.04,3.33356,3.56151,0,0.610625,5.32224,4.12061e+06,2.70226e+06,1.37363e+07,0,0,0,3.43163e+08,59.5219,61.308,1.66352,0,1,2.43443,2.20648,0,1.93802,2.96352,8.56347e+06,3.61194e+06,2.08472e+07,0,0,0,9.32321e+07
65.5108,85.139,1.4253,0.05,0.04,3.33471,3.56222,0,0.624709,5.32224,4.12061e+06,2.70226e+06,1.3741e+07,0,0,0,3.43163e+08,58.9785,61.308,2.03162,0,1,2.43443,2.20692,0,1.88084,2.96352,8.56347e+06,3.61194e+06,2.08472e+07,0,0,0,9.32321e+07
63.5044,85.139,1.15,0.04,0.04,3.33585,3.56293,0,0.624924,5.32224,4.12061e+06,2.70226e+06,1.37457e+07,0,0,0,3.43163e+08,58.4584,61.308,1.52554,0,1,2.43443,2.20736,0,1.88084,2.96352,8.56347e+06,3.61194e+06,2.08472e+07,0,0,0,9.32321e+07
61.7509,85.139,1.37317,0.04,0.04,3.337,3.56363,0,0.625139,5.32224,4.12061e+06,2.70226e+06,1.37505e+07,0,0,0,3.43163e+08,58.2267,61.308,2.50554,0,1,2.43443,2.20779,0,1.88084,2.96352,8.56347e+06,3.61194e+06,2.08472e+07,0,0,0,9.32321e+07
60.0218,85.139,1.27592,0.06,0.04,3.22939,3.45559,0,0.625353,5.32224,4.12061e+06,2.70226e+06,1.33071e+07,0,0,0,3.43163e+08,58.2351,61.308,3.12967,0,1,2.32818,2.10199,0,1.88084,2.96352,8.56347e+06,3.61194e+06,1.99373e+07,0,0,0,9.32321e+07
58.2446,85.139,1.14114,0.07,0.04,3.15387,3.45627,0,0.605188,5.32224,4.12061e+06,2.70226e+06,1.29959e+07,0,0,0,3.43163e+08,57.7608,61.308,1.74864,0,1,2.4048,2.1024,0,1.79875,2.96352,8.56347e+06,3.61194e+06,2.05935e+07,0,0,0,9.32321e+07
56.5203,85.139,1.18675,0.04,0.04,3.15456,3.45696,0,0.591036,5.32224,4.12061e+06,2.70226e+06,1.29987e+07,0,0,0,3.43163e+08,57.4588,61.308,1.69073,0,1,2.40522,2.10282,0,1.85795,2.96352,8.56347e+06,3.61194e+06,2.0597e+07,0,0,0,9.32321e+07
56.8986,85.139,3.4478,0.07,0.04,3.15525,3.45765,0,0.591165,5.32224,4.12061e+06,2.70226e+06,1.30015e+07,0,0,0,3.43163e+08,58.0965,61.308,3.11691,0,1,2.40564,2.10324,0,1.85827,2.96352,8.56347e+06,3.61194e+06,2.06006e+07,0,0,0,9.32321e+07
56.1834,85.139,2.28636,0.04,0.04,3.0666,3.369,0,0.591293,5.32224,4.12061e+06,2.70226e+06,1.26363e+07,0,0,0,3.43163e+08,58.1575,61.308,2.38511,0,1,2.30927,2.00687,0,1.8586,2.96352,8.56347e+06,3.61194e+06,1.97753e+07,0,0,0,9.32321e+07
55.2733,85.139,2.16481,0.05,0.04,3.06727,3.36967,0,0.57468,5.32224,4.12061e+06,2.70226e+06,1.2639e+07,0,0,0,3.43163e+08,58.2595,61.308,2.63232,0,1,2.30966,2.00726,0,1.78414,2.96352,8.56347e+06,3.61194e+06,1.97787e+07,0,0,0,9.32321e+07
56.3636,85.139,4.22557,0.05,0.04,3.06793,3.37033,0,0.574805,5.32224,4.12061e+06,2.70226e+06,1.26418e+07,0,0,0,3.43163e+08,59.1817,61.308,4.42186,0,1,2.31006,2.00766,0,1.78445,2.96352,8.56347e+06,3.61194e+06,1.97822e+07,0,0,0,9.32321e+07
56.4273,85.139,3.14785,0.05,0.04,3.0686,3.371,0,0.574931,5.32224,4.12061e+06,2.70226e+06,1.26445e+07,0,0,0,3.43163e+08,60.1948,61.308,4.77841,0,1,2.31046,2.00806,0,1.78475,2.96352,8.56347e+06,3.61194e+06,1.97856e+07,0,0,0,9.32321e+07
57.5414,85.139,4.08988,0.05,0.04,2.81535,3.11775,0,0.575056,5.32224,4.12061e+06,2.70226e+06,1.16009e+07,0,0,0,3.43163e+08,60.7306,61.308,3.54511,0,1,2.10912,1.80672,0,1.78506,2.96352,8.56347e+06,3.61194e+06,1.80614e+07,0,0,0,9.32321e+07
61.0604,85.139,6.52638,0.02,0.04,2.81597,3.11837,0,0.527596,5.32224,4.12061e+06,2.70226e+06,1.16035e+07,0,0,0,3.43163e+08,61.6362,61.308,3.86026,0,1,2.10948,1.80708,0,1.6295,2.96352,8.56347e+06,3.61194e+06,1.80644e+07,0,0,0,9.32321e+07
62.5225,85.139,4.49924,0.03,0.04,2.81658,3.11898,0,0.527712,5.32224,4.12061e+06,2.70226e+06,1.1606e+07,0,0,0,3.43163e+08,62.0349,61.308,4.17294,0,1,2.10983,1.80743,0,1.62978,2.96352,8.56347e+06,3.61194e+06,1.80675e+07,0,0,0,9.32321e+07
62.5468,85.139,2.96934,0.02,0.04,2.8172,3.1196,0,0.527828,5.32224,4.12061e+06,2.70226e+06,1.16086e+07,0,0,0,3.43163e+08,61.8914,61.308,2.08465,0,1,2.11019,1.80779,0,1.63006,2.96352,8.56347e+06,3.61194e+06,1.80706e+07,0,0,0,9.32321e+07
64.128,85.139,4.60478,0.02,0.04,2.81782,3.12022,0,0.527944,5.32224,4.12061e+06,2.70226e+06,1.16111e+07,0,0,0,3.43163e+08,62.1703,61.308,3.17512,0,1,2.11055,1.80815,0,1.63033,2.96352,8.56347e+06,3.61194e+06,1.80736e+07,0,0,0,9.32321e+07
66.3527,85.139,5.45642,0.02,0.04,2.91619,3.21859,0,0.52806,5.32224,4.12061e+06,2.70226e+06,1.20165e+07,0,0,0,3.43163e+08,62.3362,61.308,2.95435,0,1,2.16937,1.86697,0,1.63061,2.96352,8.56347e+06,3.61194e+06,1.85774e+07,0,0,0,9.32321e+07
69.4816,85.139,6.38033,0.02,0.04,2.91679,3.21919,0,0.546494,6.048,4.12061e+06,2.70226e+06,1.2019e+07,0,0,0,3.43163e+08,62.3362,61.308,4.34567,0,1,2.16973,1.86733,0,1.67606,2.96352,8.56347e+06,3.61194e+06,1.85804e+07,0,0,0,9.32321e+07
77.1855,85.139,11.072,0.02,0.04,2.9174,3.2198,0,0.546607,6.048,4.12061e+06,2.70226e+06,1.20215e+07,0,0,0,3.43163e+08,62.3362,61.308,6.359,0,1,2.17008,1.86768,0,1.67633,2.96352,8.56347e+06,3.61194e+06,1.85834e+07,0,0,0,9.32321e+07
81.8506,85.139,8.08892,0.01,0.04,2.918,3.2204,0,0.54672,6.048,4.12061e+06,2.70226e+06,1.2024e+07,0,0,0,3.43163e+08,62.3362,61.308,6.10476,0,1,2.17043,1.86803,0,1.6766,2.96352,8.56347e+06,3.61194e+06,1.85864e+07,0,0,0,9.32321e+07
85.139,85.139,7.20573,0.01,0.04,3.23278,3.53518,0,0.546834,6.048,4.12061e+06,2.70226e+06,1.3321e+07,0,0,0,3.43163e+08,62.3362,61.308,5.18731,0,1,2.39046,2.08806,0,1.67687,2.96352,8.56347e+06,3.61194e+06,2.04706e+07,0,0,0,9.32321e+07
84.8706,85.139,3.58309,0,0.04,3.53584,3.53584,0,0.605823,6.048,4.12061e+06,2.70226e+06,1.45698e+07,0,0,0,3.43163e+08,62.3362,61.308,3.853,0,1,2.08845,2.08845,0,1.84687,2.96352,8.56347e+06,3.61194e+06,1.78844e+07,0,0,0,9.32321e+07
85.139,85.139,4.65933,0.01,0.04,3.23411,3.53651,0,0.662617,6.048,4.12061e+06,2.70226e+06,1.33265e+07,0,0,0,3.43163e+08,62.3362,61.308,4.04756,0,1,2.39125,2.08885,0,1.61354,2.96352,8.56347e+06,3.61194e+06,2.04774e+07,0,0,0,9.32321e+07
85.0451,85.139,3.76003,0,0.04,3.53717,3.53717,0,0.606072,6.048,4.12061e+06,2.70226e+06,1.45753e+07,0,0,0,3.43163e+08,62.3362,61.308,3.56265,0,1,2.08924,2.08924,0,1.84748,2.96352,8.56347e+06,3.61194e+06,1.78911e+07,0,0,0,9.32321e+07
85.139,85.139,7.11846,0.01,0.04,2.78699,3.08939,0,0.662866,6.048,4.12061e+06,2.70226e+06,1.14841e+07,0,0,0,3.43163e+08,62.3362,61.308,6.39689,0,1,2.09699,1.79459,0,1.61415,2.96352,8.56347e+06,3.61194e+06,1.79575e+07,0,0,0,9.32321e+07
85.139,85.139,7.21529,0,0.04,3.08997,3.08997,0,0.522283,6.048,4.12061e+06,2.70226e+06,1.27326e+07,0,0,0,3.43163e+08,62.3362,61.308,11.2102,0,1,1.79493,1.79493,0,1.62014,2.96352,8.56347e+06,3.61194e+06,1.53708e+07,0,0,0,9.32321e+07
85.139,85.139,9.74253,0,0.04,3.09055,3.09055,0,0.579061,6.048,4.12061e+06,2.70226e+06,1.2735e+07,0,0,0,3.43163e+08,62.3362,61.308,10.858,0,1,1.79527,1.79527,0,1.38676,2.96352,8.56347e+06,3.61194e+06,1.53737e+07,0,0,0,9.32321e+07
85.139,85.139,8.26246,0,0.04,3.09113,3.09113,0,0.57917,6.048,4.12061e+06,2.70226e+06,1.27374e+07,0,0,0,3.43163e+08,62.3362,61.308,12.895,0,1,1.79561,1.79561,0,1.38702,2.96352,8.56347e+06,3.61194e+06,1.53766e+07,0,0,0,9.32321e+07
85.139,85.139,10.1434,0,0.04,3.09172,3.09172,0,0.579279,6.048,4.12061e+06,2.70226e+06,1.27398e+07,0,0,0,3.43163e+08,62.3362,61.308,11.2016,0,1,1.79594,1.79594,0,1.38728,2.96352,8.56347e+06,3.61194e+06,1.53795e+07,0,0,0,9.32321e+07
85.139,85.139,7.30979,0,0.04,3.20528,3.20528,0,0.579387,6.048,4.12061e+06,2.70226e+06,1.32077e+07,0,0,0,3.43163e+08,62.3362,61.308,11.5305,0,1,1.86852,1.86852,0,1.38755,2.96352,8.56347e+06,3.61194e+06,1.60011e+07,0,0,0,9.32321e+07
85.139,85.139,6.33561,0,0.04,3.20588,3.20588,0,0.60067,6.048,4.12061e+06,2.70226e+06,1.32102e+07,0,0,0,3.43163e+08,62.3362,61.308,8.72845,0,1,1.86888,1.86888,0,1.44362,2.96352,8.56347e+06,3.61194e+06,1.60041e+07,0,0,0,9.32321e+07
85.139,85.139,6.37931,0,0.04,3.20649,3.20649,0,0.600783,6.048,4.12061e+06,2.70226e+06,1.32127e+07,0,0,0,3.43163e+08,62.3362,61.308,10.0403,0,1,1.86923,1.86923,0,1.44389,2.96352,8.56347e+06,3.61194e+06,1.60071e+07,0,0,0,9.32321e+07
85.139,85.139,4.69768,0,0.04,3.20709,3.20709,0,0.600896,6.048,4.12061e+06,2.70226e+06,1.32152e+07,0,0,0,3.43163e+08,62.3362,61.308,6.9653,0,1,1.86958,1.86958,0,1.44416,2.96352,8.56347e+06,3.61194e+06,1.60101e+07,0,0,0,9.32321e+07
85.139,85.139,4.72021,0,0.04,3.16348,3.16348,0,0.601008,6.048,4.12061e+06,2.70226e+06,1.30355e+07,0,0,0,3.43163e+08,62.3362,61.308,5.52996,0,1,1.84185,1.84185,0,1.44444,2.96352,8.56347e+06,3.61194e+06,1.57726e+07,0,0,0,9.32321e+07
85.139,85.139,5.0452,0,0.04,3.16407,3.16407,0,0.592836,6.048,4.12061e+06,2.70226e+06,1.30379e+07,0,0,0,3.43163e+08,62.3362,61.308,4.52782,0,1,1.84219,1.84219,0,1.42301,2.96352,8.56347e+06,3.61194e+06,1.57756e+07,0,0,0,9.32321e+07
85.139,85.139,4.77997,0,0.04,3.16467,3.16467,0,0.592948,6.048,4.12061e+06,2.70226e+06,1.30404e+07,0,0,0,3.43163e+08,62.3362,61.308,4.36245,0,1,1.84254,1.84254,0,1.42328,2.96352,8.56347e+06,3.61194e+06,1.57785e+07,0,0,0,9.32321e+07
85.139,85.139,4.42681,0,0.04,3.16526,3.16526,0,0.593059,6.048,4.12061e+06,2.70226e+06,1.30428e+07,0,0,0,3.43163e+08,62.3362,61.308,4.9924,0,1,1.84289,1.84289,0,1.42355,2.96352,8.56347e+06,3.61194e+06,1.57815e+07,0,0,0,9.32321e+07
85.139,85.139,4.16955,0,0.04,3.31604,3.31604,0,0.59317,6.048,4.12061e+06,2.70226e+06,1.36641e+07,0,0,0,3.43163e+08,62.3362,61.308,4.74869,0,1,1.94289,1.94289,0,1.42381,2.96352,8.56347e+06,3.61194e+06,1.66379e+07,0,0,0,9.32321e+07
85.139,85.139,4.05159,0,0.04,3.31666,3.31666,0,0.621425,6.048,4.12061e+06,2.70226e+06,1.36667e+07,0,0,0,3.43163e+08,62.3362,61.308,3.83543,0,1,1.94325,1.94325,0,1.50107,2.96352,8.56347e+06,3.61194e+06,1.6641e+07,0,0,0,9.32321e+07
85.139,85.139,3.58678,0,0.04,3.31728,3.31728,0,0.621542,6.048,4.12061e+06,2.70226e+06,1.36692e+07,0,0,0,3.43163e+08,62.3362,61.308,3.53519,0,1,1.94362,1.94362,0,1.50136,2.96352,8.56347e+06,3.61194e+06,1.66441e+07,0,0,0,9.32321e+07
85.0726,85.139,3.43042,0,0.04,3.3179,3.3179,0,0.621658,6.048,4.12061e+06,2.70226e+06,1.36718e+07,0,0,0,3.43163e+08,62.3362,61.308,3.24761,0,1,1.94398,1.94398,0,1.50164,2.96352,8.56347e+06,3.61194e+06,1.66472e+07,0,0,0,9.32321e+07
84.6469,85.139,3.05488,0,0.04,3.31853,3.31853,0,0.621775,6.048,4.12061e+06,2.70226e+06,1.36744e+07,0,0,0,3.43163e+08,62.3164,61.308,2.96616,0,1,1.94435,1.94435,0,1.50192,2.96352,8.56347e+06,3.61194e+06,1.66504e+07,0,0,0,9.32321e+07
83.762,85.139,2.51529,0,0.04,3.28942,3.28942,0,0.621892,6.048,4.12061e+06,2.70226e+06,1.35544e+07,0,0,0,3.43163e+08,62.0849,61.308,2.25448,0,1,1.99953,1.99953,0,1.5022,2.96352,8.56347e+06,3.61194e+06,1.7123e+07,0,0,0,9.32321e+07
82.5447,85.139,2.17545,0,0.04,3.29004,3.29004,0,0.616438,6.048,4.12061e+06,2.70226e+06,1.3557e+07,0,0,0,3.43163e+08,61.8086,61.308,2.06287,0,1,1.99991,1.99991,0,1.54484,2.96352,8.56347e+06,3.61194e+06,1.71262e+07,0,0,0,9.32321e+07
81.5931,85.139,2.17129,0.01,0.04,2.98826,3.29066,0,0.616553,6.048,4.12061e+06,2.70226e+06,1.23134e+07,0,0,0,3.43163e+08,61.5098,61.308,2.07791,0,1,2.30269,2.00029,0,1.54513,2.96352,8.56347e+06,3.61194e+06,1.9719e+07,0,0,0,9.32321e+07
80.5615,85.139,2.06976,0.01,0.04,2.98887,3.29127,0,0.559999,6.048,4.12061e+06,2.70226e+06,1.2316e+07,0,0,0,3.43163e+08,61.0537,61.308,2.07154,0,1,2.30306,2.00066,0,1.77905,2.96352,8.56347e+06,3.61194e+06,1.97222e+07,0,0,0,9.32321e+07
79.1622,85.139,1.72873,0.01,0.04,3.06632,3.36872,0,0.560115,6.048,4.12061e+06,2.70226e+06,1.26351e+07,0,0,0,3.43163e+08,60.3974,61.308,1.69861,0,1,2.35233,2.04993,0,1.77934,2.96352,8.56347e+06,3.61194e+06,2.01441e+07,0,0,0,9.32321e+07
77.7754,85.139,1.74867,0.02,0.04,3.06695,3.36935,0,0.574628,6.048,4.12061e+06,2.70226e+06,1.26377e+07,0,0,0,3.43163e+08,59.7915,61.308,1.59998,0,1,2.35272,2.05032,0,1.81741,2.96352,8.56347e+06,3.61194e+06,2.01474e+07,0,0,0,9.32321e+07
76.2668,85.139,1.60015,0.02,0.04,3.06758,3.36998,0,0.574746,6.048,4.12061e+06,2.70226e+06,1.26403e+07,0,0,0,3.43163e+08,58.9754,61.308,1.58798,0,1,2.3531,2.0507,0,1.81771,2.96352,8.56347e+06,3.61194e+06,2.01507e+07,0,0,0,9.32321e+07
74.6407,85.139,1.46795,0.02,0.04,3.06821,3.37061,0,0.574865,6.048,4.12061e+06,2.70226e+06,1.26429e+07,0,0,0,3.43163e+08,58.3259,61.308,1.38843,0,1,2.35349,2.05109,0,1.81801,2.96352,8.56347e+06,3.61194e+06,2.0154e+07,0,0,0,9.32321e+07
72.9281,85.139,1.54525,0.02,0.04,3.294,3.5964,0,0.574983,6.048,4.12061e+06,2.70226e+06,1.35733e+07,0,0,0,3.43163e+08,57.5282,61.308,1.6452,0,1,2.53049,2.22809,0,1.8183,2.96352,8.56347e+06,3.61194e+06,2.16698e+07,0,0,0,9.32321e+07
70.8528,85.139,1.299,0.02,0.04,3.39117,3.59707,0,0.617295,6.048,4.12061e+06,2.70226e+06,1.39737e+07,0,0,0,3.43163e+08,56.6028,61.308,1.35351,0,1,2.43441,2.22851,0,1.95506,2.96352,8.56347e+06,3.61194e+06,2.0847e+07,0,0,0,9.32321e+07
68.6558,85.139,1.16258,0.02,0.04,3.39227,3.59775,0,0.635506,6.048,4.12061e+06,2.70226e+06,1.39782e+07,0,0,0,3.43163e+08,55.7384,61.308,1.23371,0,1,2.43441,2.22893,0,1.88083,2.96352,8.56347e+06,3.61194e+06,2.0847e+07,0,0,0,9.32321e+07
66.7071,85.139,1.38846,0.02,0.04,3.39336,3.59842,0,0.635711,6.048,4.12061e+06,2.70226e+06,1.39827e+07,0,0,0,3.43163e+08,54.8531,61.308,1.3126,0,1,2.43441,2.22935,0,1.88083,2.96352,8.56347e+06,3.61194e+06,2.0847e+07,0,0,0,9.32321e+07
64.6173,85.139,1.22302,0.04,0.04,3.39445,3.5991,0,0.635916,6.048,4.12061e+06,2.70226e+06,1.39872e+07,0,0,0,3.43163e+08,54.1712,61.308,1.28249,0,1,2.43441,2.22977,0,1.88083,2.96352,8.56347e+06,3.61194e+06,2.0847e+07,0,0,0,9.32321e+07
62.5777,85.139,1.25298,0.05,0.04,3.28571,3.48994,0,0.63612,6.048,4.12061e+06,2.70226e+06,1.35391e+07,0,0,0,3.43163e+08,53.6265,61.308,1.47585,0,1,2.32711,2.12288,0,1.88083,2.96352,8.56347e+06,3.61194e+06,1.99281e+07,0,0,0,9.32321e+07
60.8334,85.139,1.52611,0.04,0.04,3.18819,3.49059,0,0.615743,6.048,4.12061e+06,2.70226e+06,1.31373e+07,0,0,0,3.43163e+08,53.3713,61.308,2.63637,0,1,2.42568,2.12328,0,1.79792,2.96352,8.56347e+06,3.61194e+06,2.07722e+07,0,0,0,9.32321e+07
59.1503,85.139,1.56581,0.07,0.04,3.18885,3.49125,0,0.597467,6.048,4.12061e+06,2.70226e+06,1.314e+07,0,0,0,3.43163e+08,53.3026,61.308,3.398,0,1,2.42608,2.12368,0,1.87408,2.96352,8.56347e+06,3.61194e+06,2.07756e+07,0,0,0,9.32321e+07
57.3577,85.139,1.42057,0.05,0.04,3.1895,3.4919,0,0.59759,6.048,4.12061e+06,2.70226e+06,1.31427e+07,0,0,0,3.43163e+08,53.0579,61.308,2.66668,0,1,2.42647,2.12407,0,1.87439,2.96352,8.56347e+06,3.61194e+06,2.0779e+07,0,0,0,9.32321e+07
56.035,85.139,1.84941,0.04,0.04,3.09994,3.40234,0,0.597713,6.048,4.12061e+06,2.70226e+06,1.27736e+07,0,0,0,3.43163e+08,52.6017,61.308,4.03097,0,1,2.32913,2.02673,0,1.87469,2.96352,8.56347e+06,3.61194e+06,1.99454e+07,0,0,0,9.32321e+07
54.085,85.139,1.12581,0.08,0.04,3.10057,3.40297,0,0.580928,6.048,4.12061e+06,2.70226e+06,1.27763e+07,0,0,0,3.43163e+08,51.7813,61.308,1.14777,0,1,2.32951,2.02711,0,1.79948,2.96352,8.56347e+06,3.61194e+06,1.99487e+07,0,0,0,9.32321e+07
52.0074,85.139,0.954381,0.07,0.04,3.10121,3.40361,0,0.581047,6.048,4.12061e+06,2.70226e+06,1.27789e+07,0,0,0,3.43163e+08,51.329,61.308,1.36644,0,1,2.32989,2.02749,0,1.79978,2.96352,8.56347e+06,3.61194e+06,1.99519e+07,0,0,0,9.32321e+07
51.8288,85.139,2.96196,0.07,0.04,3.10185,3.40425,0,0.581167,6.048,4.12061e+06,2.70226e+06,1.27815e+07,0,0,0,3.43163e+08,51.8188,61.308,4.37095,0,1,2.33027,2.02787,0,1.80007,2.96352,8.56347e+06,3.61194e+06,1.99552e+07,0,0,0,9.32321e+07
51.327,85.139,2.42996,0.05,0.04,2.84606,3.14846,0,0.581287,6.048,4.12061e+06,2.70226e+06,1.17275e+07,0,0,0,3.43163e+08,52.1498,61.308,2.49443,0,1,2.12692,1.82452,0,1.80036,2.96352,8.56347e+06,3.61194e+06,1.82138e+07,0,0,0,9.32321e+07
50.8353,85.139,2.38018,0.06,0.04,2.84665,3.14905,0,0.533352,6.048,4.12061e+06,2.70226e+06,1.17299e+07,0,0,0,3.43163e+08,51.6665,61.308,1.93757,0,1,2.12726,1.82486,0,1.64326,2.96352,8.56347e+06,3.61194e+06,1.82167e+07,0,0,0,9.32321e+07
49.685,85.139,1.69294,0.1,0.04,2.84724,3.14964,0,0.533462,6.048,4.12061e+06,2.70226e+06,1.17324e+07,0,0,0,3.43163e+08,51.185,61.308,1.47495,0,1,2.1276,1.8252,0,1.64352,2.96352,8.56347e+06,3.61194e+06,1.82196e+07,0,0,0,9.32321e+07
50.798,85.139,4.13879,0.09,0.04,2.84783,3.15023,0,0.533573,6.048,4.12061e+06,2.70226e+06,1.17348e+07,0,0,0,3.43163e+08,51.5164,61.308,4.25715,0,1,2.12794,1.82554,0,1.64378,2.96352,8.56347e+06,3.61194e+06,1.82226e+07,0,0,0,9.32321e+07
51.4171,85.139,3.5368,0.09,0.04,2.84842,3.15082,0,0.533684,6.048,4.12061e+06,2.70226e+06,1.17372e+07,0,0,0,3.43163e+08,51.0971,61.308,2.01424,0,1,2.12828,1.82588,0,1.64405,2.96352,8.56347e+06,3.61194e+06,1.82255e+07,0,0,0,9.32321e+07
52.9519,85.139,4.5389,0.07,0.04,2.84842,3.15082,0,0.533794,6.048,4.12061e+06,2.70226e+06,1.17372e+07,0,0,0,3.43163e+08,50.8959,61.308,2.22855,0,1,2.12828,1.82588,0,1.64431,2.96352,8.56347e+06,3.61194e+06,1.82255e+07,0,0,0,9.32321e+07
53.8115,85.139,3.96824,0.09,0.02,2.94772,3.25012,0,0.533794,6.048,4.12061e+06,2.70226e+06,1.21464e+07,0,0,0,3.43163e+08,51.1662,61.308,3.29009,0,1,2.18766,1.88526,0,1.64431,2.96352,8.56347e+06,3.61194e+06,1.8734e+07,0,0,0,9.32321e+07
56.2716,85.139,5.66721,0.09,0.02,2.94829,3.25069,0,0.552402,6.048,4.12061e+06,2.70226e+06,1.21488e+07,0,0,0,3.43163e+08,51.8992,61.308,3.99425,0,1,2.188,1.8856,0,1.69019,2.96352,8.56347e+06,3.61194e+06,1.87369e+07,0,0,0,9.32321e+07
60.0118,85.139,7.21753,0.09,0.02,2.94887,3.25127,0,0.55251,6.048,4.12061e+06,2.70226e+06,1.21511e+07,0,0,0,3.43163e+08,53.2641,61.308,6.36473,0,1,2.18833,1.88593,0,1.69045,2.96352,8.56347e+06,3.61194e+06,1.87397e+07,0,0,0,9.32321e+07
62.8468,85.139,6.40592,0.04,0.02,2.94944,3.25184,0,0.552618,6.048,4.12061e+06,2.70226e+06,1.21535e+07,0,0,0,3.43163e+08,54.2626,61.308,4.48175,0,1,2.18867,1.88627,0,1.6907,2.96352,8.56347e+06,3.61194e+06,1.87426e+07,0,0,0,9.32321e+07
67.352,85.139,8.57476,0.03,0.02,3.26725,3.56965,0,0.552726,6.048,4.12061e+06,2.70226e+06,1.34631e+07,0,0,0,3.43163e+08,55.5627,61.308,5.61104,0,1,2.41082,2.10842,0,1.69096,2.96352,8.56347e+06,3.61194e+06,2.0645e+07,0,0,0,9.32321e+07
70.3097,85.139,6.85512,0.03,0.02,3.26789,3.57029,0,0.612283,6.048,4.12061e+06,2.70226e+06,1.34657e+07,0,0,0,3.43163e+08,56.3425,61.308,3.67719,0,1,2.4112,2.1088,0,1.8626,2.96352,8.56347e+06,3.61194e+06,2.06482e+07,0,0,0,9.32321e+07
72.3591,85.139,5.86014,0.02,0.02,3.26852,3.57092,0,0.612402,6.048,4.12061e+06,2.70226e+06,1.34683e+07,0,0,0,3.43163e+08,56.8777,61.308,3.07486,0,1,2.41157,2.10917,0,1.86289,2.96352,8.56347e+06,3.61194e+06,2.06514e+07,0,0,0,9.32321e+07
76.4103,85.139,7.95868,0.02,0.02,3.26915,3.57155,0,0.61252,6.048,4.12061e+06,2.70226e+06,1.34709e+07,0,0,0,3.43163e+08,58.0707,61.308,4.94507,0,1,2.41194,2.10954,0,1.86318,2.96352,8.56347e+06,3.61194e+06,2.06546e+07,0,0,0,9.32321e+07
83.1838,85.139,10.7698,0.02,0.02,2.81699,3.11939,0,0.612639,6.048,4.12061e+06,2.70226e+06,1.16077e+07,0,0,0,3.43163e+08,61.4435,61.308,9.28994,0,1,2.11442,1.81202,0,1.86347,2.96352,8.56347e+06,3.61194e+06,1.81067e+07,0,0,0,9.32321e+07
85.139,85.139,8.88544,0.01,0.02,2.81754,3.11994,0,0.527903,6.048,4.12061e+06,2.70226e+06,1.161e+07,0,0,0,3.43163e+08,62.3362,61.308,6.91907,0,1,2.11474,1.81234,0,1.6336,2.96352,8.56347e+06,3.61194e+06,1.81095e+07,0,0,0,9.32321e+07
85.139,85.139,7.35149,0,0.02,3.12049,3.12049,0,0.528007,6.048,4.12061e+06,2.70226e+06,1.28583e+07,0,0,0,3.43163e+08,62.3362,61.308,5.91323,0,1,1.81266,1.81266,0,1.63385,2.96352,8.56347e+06,3.61194e+06,1.55226e+07,0,0,0,9.32321e+07
85.139,85.139,7.30075,0,0.02,3.12104,3.12104,0,0.58478,6.048,4.12061e+06,2.70226e+06,1.28606e+07,0,0,0,3.43163e+08,62.3362,61.308,5.88521,0,1,1.81298,1.81298,0,1.40046,2.96352,8.56347e+06,3.61194e+06,1.55254e+07,0,0,0,9.32321e+07
85.139,85.139,9.02806,0,0.02,3.1216,3.1216,0,0.584883,6.048,4.12061e+06,2.70226e+06,1.28629e+07,0,0,0,3.43163e+08,62.3362,61.308,6.14332,0,1,1.8133,1.8133,0,1.40071,2.96352,8.56347e+06,3.61194e+06,1.55281e+07,0,0,0,9.32321e+07
85.139,85.139,9.24472,0,0.02,3.23622,3.23622,0,0.584987,6.048,4.12061e+06,2.70226e+06,1.33352e+07,0,0,0,3.43163e+08,62.3362,61.308,6.82252,0,1,1.88656,1.88656,0,1.40096,2.96352,8.56347e+06,3.61194e+06,1.61555e+07,0,0,0,9.32321e+07
85.139,85.139,8.91661,0,0.02,3.2368,3.2368,0,0.606469,6.048,4.12061e+06,2.70226e+06,1.33376e+07,0,0,0,3.43163e+08,62.3362,61.308,6.6262,0,1,1.8869,1.8869,0,1.45756,2.96352,8.56347e+06,3.61194e+06,1.61584e+07,0,0,0,9.32321e+07
85.139,85.139,9.33389,0,0.02,3.23737,3.23737,0,0.606576,6.048,4.12061e+06,2.70226e+06,1.33399e+07,0,0,0,3.43163e+08,62.3362,61.308,6.55787,0,1,1.88723,1.88723,0,1.45782,2.96352,8.56347e+06,3.61194e+06,1.61612e+07,0,0,0,9.32321e+07
85.139,85.139,8.90575,0,0.02,3.23794,3.23794,0,0.606683,6.048,4.12061e+06,2.70226e+06,1.33423e+07,0,0,0,3.43163e+08,62.3362,61.308,5.80298,0,1,1.88756,1.88756,0,1.45807,2.96352,8.56347e+06,3.61194e+06,1.61641e+07,0,0,0,9.32321e+07
85.139,85.139,4.9401,0,0.02,3.19388,3.19388,0,0.606791,6.048,4.12061e+06,2.70226e+06,1.31607e+07,0,0,0,3.43163e+08,62.3362,61.308,3.72301,0,1,1.85955,1.85955,0,1.45833,2.96352,8.56347e+06,3.61194e+06,1.59242e+07,0,0,0,9.32321e+07
85.139,85.139,4.47018,0,0.02,3.19445,3.19445,0,0.598533,6.048,4.12061e+06,2.70226e+06,1.31631e+07,0,0,0,3.43163e+08,62.3362,61.308,3.11578,0,1,1.85988,1.85988,0,1.43669,2.96352,8.56347e+06,3.61194e+06,1.5927e+07,0,0,0,9.32321e+07
85.139,85.139,5.33891,0,0.02,3.19501,3.19501,0,0.598639,6.048,4.12061e+06,2.70226e+06,1.31654e+07,0,0,0,3.43163e+08,62.3362,61.308,3.15713,0,1,1.86021,1.86021,0,1.43694,2.96352,8.56347e+06,3.61194e+06,1.59298e+07,0,0,0,9.32321e+07
85.139,85.139,4.09477,0,0.02,3.19558,3.19558,0,0.598745,6.048,4.12061e+06,2.70226e+06,1.31677e+07,0,0,0,3.43163e+08,62.3362,61.308,3.0668,0,1,1.86054,1.86054,0,1.4372,2.96352,8.56347e+06,3.61194e+06,1.59326e+07,0,0,0,9.32321e+07
85.139,85.139,3.90662,0,0.02,3.34776,3.34776,0,0.598851,6.048,4.12061e+06,2.70226e+06,1.37948e+07,0,0,0,3.43163e+08,62.2835,61.308,2.7216,0,1,1.96147,1.96147,0,1.43745,2.96352,8.56347e+06,3.61194e+06,1.6797e+07,0,0,0,9.32321e+07
85.139,85.139,3.82523,0,0.02,3.34835,3.34835,0,0.62737,6.048,4.12061e+06,2.70226e+06,1.37973e+07,0,0,0,3.43163e+08,62.1507,61.308,2.48238,0,1,1.96182,1.96182,0,1.51543,2.96352,8.56347e+06,3.61194e+06,1.68e+07,0,0,0,9.32321e+07
84.9464,85.139,3.35678,0,0.02,3.34894,3.34894,0,0.627481,6.048,4.12061e+06,2.70226e+06,1.37997e+07,0,0,0,3.43163e+08,61.9542,61.308,2.31385,0,1,1.96217,1.96217,0,1.5157,2.96352,8.56347e+06,3.61194e+06,1.6803e+07,0,0,0,9.32321e+07
84.6198,85.139,3.16989,0,0.02,3.34953,3.34953,0,0.627592,6.048,4.12061e+06,2.70226e+06,1.38021e+07,0,0,0,3.43163e+08,61.7059,61.308,2.20933,0,1,1.96251,1.96251,0,1.51597,2.96352,8.56347e+06,3.61194e+06,1.68059e+07,0,0,0,9.32321e+07
85.139,85.139,3.9153,0.01,0.02,3.04773,3.35013,0,0.627703,6.048,4.12061e+06,2.70226e+06,1.25585e+07,0,0,0,3.43163e+08,61.5863,61.308,2.47344,0,1,2.26526,1.96286,0,1.51624,2.96352,8.56347e+06,3.61194e+06,1.93985e+07,0,0,0,9.32321e+07
85.139,85.139,4.40123,0,0.02,3.32071,3.32071,0,0.571144,6.048,4.12061e+06,2.70226e+06,1.36834e+07,0,0,0,3.43163e+08,61.5216,61.308,2.67621,0,1,2.01855,2.01855,0,1.75014,2.96352,8.56347e+06,3.61194e+06,1.72858e+07,0,0,0,9.32321e+07
85.139,85.139,4.17709,0,0.02,3.3213,3.3213,0,0.622301,6.048,4.12061e+06,2.70226e+06,1.36858e+07,0,0,0,3.43163e+08,61.3948,61.308,2.54929,0,1,2.01891,2.01891,0,1.55953,2.96352,8.56347e+06,3.61194e+06,1.72889e+07,0,0,0,9.32321e+07
85.139,85.139,3.86064,0,0.02,3.32188,3.32188,0,0.622411,6.048,4.12061e+06,2.70226e+06,1.36882e+07,0,0,0,3.43163e+08,61.1803,61.308,2.37591,0,1,2.01927,2.01927,0,1.55981,2.96352,8.56347e+06,3.61194e+06,1.72919e+07,0,0,0,9.32321e+07
85.139,85.139,3.56579,0,0.02,3.32247,3.32247,0,0.622521,6.048,4.12061e+06,2.70226e+06,1.36906e+07,0,0,0,3.43163e+08,60.7557,61.308,2.16572,0,1,2.01962,2.01962,0,1.56009,2.96352,8.56347e+06,3.61194e+06,1.7295e+07,0,0,0,9.32321e+07
84.5939,85.139,2.68295,0.01,0.02,3.09821,3.40061,0,0.622631,6.048,4.12061e+06,2.70226e+06,1.27665e+07,0,0,0,3.43163e+08,60.0429,61.308,1.69986,0,1,2.37174,2.06934,0,1.56036,2.96352,8.56347e+06,3.61194e+06,2.03103e+07,0,0,0,9.32321e+07
83.8609,85.139,2.48582,0.02,0.02,3.09881,3.40121,0,0.580605,6.048,4.12061e+06,2.70226e+06,1.2769e+07,0,0,0,3.43163e+08,59.4564,61.308,1.52128,0,1,2.37211,2.06971,0,1.83241,2.96352,8.56347e+06,3.61194e+06,2.03135e+07,0,0,0,9.32321e+07
83.1887,85.139,2.5306,0.02,0.02,3.09942,3.40182,0,0.580718,6.048,4.12061e+06,2.70226e+06,1.27715e+07,0,0,0,3.43163e+08,59.0002,61.308,1.7135,0,1,2.37247,2.07007,0,1.83269,2.96352,8.56347e+06,3.61194e+06,2.03166e+07,0,0,0,9.32321e+07
82.6308,85.139,2.63105,0.02,0.02,3.10002,3.40242,0,0.58083,6.048,4.12061e+06,2.70226e+06,1.2774e+07,0,0,0,3.43163e+08,58.4381,61.308,1.8007,0,1,2.37284,2.07044,0,1.83297,2.96352,8.56347e+06,3.61194e+06,2.03197e+07,0,0,0,9.32321e+07
81.6039,85.139,2.33023,0.02,0.02,3.32789,3.63029,0,0.580943,6.048,4.12061e+06,2.70226e+06,1.37129e+07,0,0,0,3.43163e+08,57.9213,61.308,1.57348,0,1,2.55149,2.24909,0,1.83326,2.96352,8.56347e+06,3.61194e+06,2.18496e+07,0,0,0,9.32321e+07
80.5928,85.139,2.43891,0.02,0.02,3.44603,3.63093,0,0.623647,6.048,4.12061e+06,2.70226e+06,1.41998e+07,0,0,0,3.43163e+08,57.2501,61.308,1.79123,0,1,2.43439,2.24949,0,1.97128,2.96352,8.56347e+06,3.61194e+06,2.08468e+07,0,0,0,9.32321e+07
79.1307,85.139,2.00362,0.02,0.02,3.44707,3.63158,0,0.645787,6.048,4.12061e+06,2.70226e+06,1.42041e+07,0,0,0,3.43163e+08,56.7306,61.308,1.42732,0,1,2.43439,2.24989,0,1.88081,2.96352,8.56347e+06,3.61194e+06,2.08468e+07,0,0,0,9.32321e+07
78.0208,85.139,2.32494,0.02,0.02,3.44811,3.63222,0,0.645982,6.048,4.12061e+06,2.70226e+06,1.42083e+07,0,0,0,3.43163e+08,56.3297,61.308,2.15762,0,1,2.43439,2.25029,0,1.88081,2.96352,8.56347e+06,3.61194e+06,2.08468e+07,0,0,0,9.32321e+07
76.2872,85.139,1.6823,0.02,0.02,3.44915,3.63286,0,0.646176,6.048,4.12061e+06,2.70226e+06,1.42126e+07,0,0,0,3.43163e+08,55.6996,61.308,1.59656,0,1,2.43439,2.25068,0,1.88081,2.96352,8.56347e+06,3.61194e+06,2.08468e+07,0,0,0,9.32321e+07
74.2657,85.139,1.28447,0.02,0.02,3.33933,3.52264,0,0.646371,6.048,4.12061e+06,2.70226e+06,1.37601e+07,0,0,0,3.43163e+08,55.1674,61.308,1.58536,0,1,2.32608,2.14277,0,1.88081,2.96352,8.56347e+06,3.61194e+06,1.99193e+07,0,0,0,9.32321e+07
72.6893,85.139,1.66214,0.02,0.02,3.23204,3.52326,0,0.62579,6.048,4.12061e+06,2.70226e+06,1.3318e+07,0,0,0,3.43163e+08,54.7677,61.308,1.68772,0,1,2.43437,2.14315,0,1.79713,2.96352,8.56347e+06,3.61194e+06,2.08467e+07,0,0,0,9.32321e+07
71.7921,85.139,2.4149,0.02,0.02,3.23304,3.52388,0,0.605684,6.048,4.12061e+06,2.70226e+06,1.33221e+07,0,0,0,3.43163e+08,54.7063,61.308,2.82726,0,1,2.43437,2.14353,0,1.88079,2.96352,8.56347e+06,3.61194e+06,2.08467e+07,0,0,0,9.32321e+07
70.5278,85.139,2.12036,0.02,0.02,3.23404,3.52451,0,0.605872,6.048,4.12061e+06,2.70226e+06,1.33262e+07,0,0,0,3.43163e+08,54.4472,61.308,2.14661,0,1,2.43437,2.14391,0,1.88079,2.96352,8.56347e+06,3.61194e+06,2.08467e+07,0,0,0,9.32321e+07
69.0958,85.139,1.7975,0.02,0.02,3.14398,3.43407,0,0.60606,6.048,4.12061e+06,2.70226e+06,1.29551e+07,0,0,0,3.43163e+08,54.4558,61.308,2.79453,0,1,2.33571,2.04563,0,1.88079,2.96352,8.56347e+06,3.61194e+06,2.00018e+07,0,0,0,9.32321e+07
68.1258,85.139,2.26467,0.02,0.02,3.13227,3.43467,0,0.589182,6.048,4.12061e+06,2.70226e+06,1.29069e+07,0,0,0,3.43163e+08,54.7303,61.308,2.99585,0,1,2.34839,2.04599,0,1.80457,2.96352,8.56347e+06,3.61194e+06,2.01104e+07,0,0,0,9.32321e+07
67.8552,85.139,3.00471,0.02,0.02,3.13288,3.43528,0,0.586988,6.048,4.12061e+06,2.70226e+06,1.29094e+07,0,0,0,3.43163e+08,54.9738,61.308,3.2476,0,1,2.34875,2.04635,0,1.81437,2.96352,8.56347e+06,3.61194e+06,2.01135e+07,0,0,0,9.32321e+07
67.3903,85.139,2.92432,0.02,0.02,3.13349,3.43589,0,0.587102,6.048,4.12061e+06,2.70226e+06,1.29119e+07,0,0,0,3.43163e+08,56.1122,61.308,4.19851,0,1,2.34911,2.04671,0,1.81464,2.96352,8.56347e+06,3.61194e+06,2.01166e+07,0,0,0,9.32321e+07
66.9113,85.139,2.71836,0.02,0.02,2.87529,3.17769,0,0.587216,6.048,4.12061e+06,2.70226e+06,1.18479e+07,0,0,0,3.43163e+08,56.5813,61.308,3.62663,0,1,2.14385,1.84145,0,1.81492,2.96352,8.56347e+06,3.61194e+06,1.83588e+07,0,0,0,9.32321e+07
66.7595,85.139,3.05978,0.02,0.02,2.87585,3.17825,0,0.538829,6.048,4.12061e+06,2.70226e+06,1.18503e+07,0,0,0,3.43163e+08,56.7742,61.308,3.48401,0,1,2.14418,1.84178,0,1.65634,2.96352,8.56347e+06,3.61194e+06,1.83616e+07,0,0,0,9.32321e+07
66.7802,85.139,3.37483,0.03,0.02,2.87641,3.17881,0,0.538934,6.048,4.12061e+06,2.70226e+06,1.18526e+07,0,0,0,3.43163e+08,57.0656,61.308,3.59133,0,1,2.1445,1.8421,0,1.65659,2.96352,8.56347e+06,3.61194e+06,1.83644e+07,0,0,0,9.32321e+07
68.1242,85.139,4.80886,0.03,0.02,2.87697,3.17937,0,0.539039,6.048,4.12061e+06,2.70226e+06,1.18549e+07,0,0,0,3.43163e+08,59.4365,61.308,8.61496,0,1,2.14483,1.84243,0,1.65684,2.96352,8.56347e+06,3.61194e+06,1.83672e+07,0,0,0,9.32321e+07
70.4703,85.139,5.88878,0.02,0.02,2.87753,3.17993,0,0.539144,6.048,4.12061e+06,2.70226e+06,1.18572e+07,0,0,0,3.43163e+08,60.4945,61.308,5.67567,0,1,2.14515,1.84275,0,1.65709,2.96352,8.56347e+06,3.61194e+06,1.837e+07,0,0,0,9.32321e+07
72.5748,85.139,5.43226,0.02,0.02,2.97771,3.28011,0,0.53925,6.048,4.12061e+06,2.70226e+06,1.227e+07,0,0,0,3.43163e+08,61.0873,61.308,4.01612,0,1,2.20506,1.90266,0,1.65735,3.38688,8.56347e+06,3.61194e+06,1.8883e+07,0,0,0,9.32321e+07
74.6954,85.139,5.65266,0.02,0.02,2.97826,3.28066,0,0.558023,6.048,4.12061e+06,2.70226e+06,1.22722e+07,0,0,0,3.43163e+08,61.9717,61.308,4.19546,0,1,2.20538,1.90298,0,1.70363,3.38688,8.56347e+06,3.61194e+06,1.88857e+07,0,0,0,9.32321e+07
75.7676,85.139,4.47493,0.01,0.02,2.9788,3.2812,0,0.558125,6.048,4.12061e+06,2.70226e+06,1.22745e+07,0,0,0,3.43163e+08,62.3093,61.308,3.37379,0,1,2.2057,1.9033,0,1.70388,3.38688,8.56347e+06,3.61194e+06,1.88884e+07,0,0,0,9.32321e+07
76.347,85.139,3.95552,0.02,0.02,2.97935,3.28175,0,0.558228,6.048,4.12061e+06,2.70226e+06,1.22767e+07,0,0,0,3.43163e+08,62.3362,61.308,2.93853,0,1,2.20601,1.90361,0,1.70412,3.38688,8.56347e+06,3.61194e+06,1.88911e+07,0,0,0,9.32321e+07
76.7415,85.139,4.12038,0.02,0.02,3.30004,3.60244,0,0.55833,6.048,4.12061e+06,2.70226e+06,1.35982e+07,0,0,0,3.43163e+08,62.3362,61.308,4.50177,0,1,2.43019,2.12779,0,1.70436,3.38688,8.56347e+06,3.61194e+06,2.08109e+07,0,0,0,9.32321e+07
76.6284,85.139,3.668,0.02,0.02,3.30064,3.60304,0,0.618428,6.048,4.12061e+06,2.70226e+06,1.36007e+07,0,0,0,3.43163e+08,62.2607,61.308,3.68266,0,1,2.43054,2.12814,0,1.87756,3.38688,8.56347e+06,3.61194e+06,2.08139e+07,0,0,0,9.32321e+07
76.5725,85.139,3.6106,0.02,0.02,3.30124,3.60364,0,0.61854,6.048,4.12061e+06,2.70226e+06,1.36031e+07,0,0,0,3.43163e+08,62.3362,61.308,2.67973,0,1,2.4309,2.1285,0,1.87784,3.38688,8.56347e+06,3.61194e+06,2.08169e+07,0,0,0,9.32321e+07
77.6165,85.139,4.81201,0.02,0.02,3.30184,3.60424,0,0.618653,6.048,4.12061e+06,2.70226e+06,1.36056e+07,0,0,0,3.43163e+08,62.3362,61.308,4.25071,0,1,2.43125,2.12885,0,1.87811,3.38688,8.56347e+06,3.61194e+06,2.082e+07,0,0,0,9.32321e+07
77.0905,85.139,2.72587,0.02,0.02,2.8455,3.1479,0,0.618765,6.048,4.12061e+06,2.70226e+06,1.17252e+07,0,0,0,3.43163e+08,62.2222,61.308,2.77207,0,1,2.13098,1.82858,0,1.87839,3.38688,8.56347e+06,3.61194e+06,1.82486e+07,0,0,0,9.32321e+07
75.9999,85.139,2.12222,0.02,0.02,2.84603,3.14843,0,0.533247,6.048,4.12061e+06,2.70226e+06,1.17274e+07,0,0,0,3.43163e+08,62.2881,61.308,2.34393,0,1,2.13129,1.82889,0,1.6464,3.38688,8.56347e+06,3.61194e+06,1.82512e+07,0,0,0,9.32321e+07
79.3487,85.139,6.72447,0.02,0.02,2.84655,3.14895,0,0.533346,6.048,4.12061e+06,2.70226e+06,1.17295e+07,0,0,0,3.43163e+08,62.3362,61.308,5.85724,0,1,2.13159,1.82919,0,1.64663,3.38688,8.56347e+06,3.61194e+06,1.82538e+07,0,0,0,9.32321e+07
82.6414,85.139,6.9841,0.02,0.02,2.84708,3.14948,0,0.533444,6.048,4.12061e+06,2.70226e+06,1.17317e+07,0,0,0,3.43163e+08,62.3362,61.308,6.25839,0,1,2.13189,1.82949,0,1.64687,3.38688,8.56347e+06,3.61194e+06,1.82564e+07,0,0,0,9.32321e+07
85.139,85.139,6.13907,0.01,0.02,2.8476,3.15,0,0.533542,6.048,4.12061e+06,2.70226e+06,1.17339e+07,0,0,0,3.43163e+08,62.3362,61.308,5.79933,0,1,2.1322,1.8298,0,1.6471,3.38688,8.56347e+06,3.61194e+06,1.8259e+07,0,0,0,9.32321e+07
85.139,85.139,4.55539,0,0.02,3.26564,3.26564,0,0.53364,6.048,4.12061e+06,2.70226e+06,1.34564e+07,0,0,0,3.43163e+08,62.3362,61.308,5.13572,0,1,1.90371,1.90371,0,1.64734,3.38688,8.56347e+06,3.61194e+06,1.63024e+07,0,0,0,9.32321e+07
85.139,85.139,3.84465,0,0.02,3.26618,3.26618,0,0.61198,6.048,4.12061e+06,2.70226e+06,1.34587e+07,0,0,0,3.43163e+08,62.3362,61.308,3.83079,0,1,1.90403,1.90403,0,1.47081,3.38688,8.56347e+06,3.61194e+06,1.63051e+07,0,0,0,9.32321e+07
84.9747,85.139,3.47823,0,0.02,3.26672,3.26672,0,0.612082,6.048,4.12061e+06,2.70226e+06,1.34609e+07,0,0,0,3.43163e+08,62.3362,61.308,3.44004,0,1,1.90434,1.90434,0,1.47105,3.38688,8.56347e+06,3.61194e+06,1.63078e+07,0,0,0,9.32321e+07
84.8426,85.139,3.44985,0,0.02,3.26727,3.26727,0,0.612184,6.048,4.12061e+06,2.70226e+06,1.34631e+07,0,0,0,3.43163e+08,62.3362,61.308,3.45311,0,1,1.90466,1.90466,0,1.47129,3.38688,8.56347e+06,3.61194e+06,1.63105e+07,0,0,0,9.32321e+07
84.8835,85.139,3.60341,0,0.02,3.22277,3.22277,0,0.612286,6.048,4.12061e+06,2.70226e+06,1.32798e+07,0,0,0,3.43163e+08,62.3362,61.308,3.39837,0,1,1.87637,1.87637,0,1.47154,3.38688,8.56347e+06,3.61194e+06,1.60682e+07,0,0,0,9.32321e+07
84.2953,85.139,2.92879,0,0.02,3.22331,3.22331,0,0.603947,6.048,4.12061e+06,2.70226e+06,1.3282e+07,0,0,0,3.43163e+08,62.3362,61.308,2.83573,0,1,1.87668,1.87668,0,1.44968,3.38688,8.56347e+06,3.61194e+06,1.60709e+07,0,0,0,9.32321e+07
83.3831,85.139,2.51626,0,0.02,3.22384,3.22384,0,0.604048,6.048,4.12061e+06,2.70226e+06,1.32842e+07,0,0,0,3.43163e+08,62.2582,61.308,2.47002,0,1,1.87699,1.87699,0,1.44992,3.38688,8.56347e+06,3.61194e+06,1.60736e+07,0,0,0,9.32321e+07
82.2372,85.139,2.24322,0,0.02,3.22438,3.22438,0,0.604148,6.048,4.12061e+06,2.70226e+06,1.32864e+07,0,0,0,3.43163e+08,62.1827,61.308,2.25756,0,1,1.8773,1.8773,0,1.45016,3.38688,8.56347e+06,3.61194e+06,1.60762e+07,0,0,0,9.32321e+07
80.9816,85.139,2.2594,0,0.02,3.3779,3.3779,0,0.604249,6.048,4.12061e+06,2.70226e+06,1.3919e+07,0,0,0,3.43163e+08,62.0039,61.308,2.27664,0,1,1.97913,1.97913,0,1.45041,3.38688,8.56347e+06,3.61194e+06,1.69482e+07,0,0,0,9.32321e+07
79.764,85.139,2.2855,0,0.02,3.37846,3.37846,0,0.633018,6.048,4.12061e+06,2.70226e+06,1.39213e+07,0,0,0,3.43163e+08,61.8048,61.308,2.12975,0,1,1.97946,1.97946,0,1.52908,3.38688,8.56347e+06,3.61194e+06,1.6951e+07,0,0,0,9.32321e+07
78.3258,85.139,2.02163,0,0.02,3.37902,3.37902,0,0.633123,6.048,4.12061e+06,2.70226e+06,1.39236e+07,0,0,0,3.43163e+08,61.4754,61.308,2.00507,0,1,1.97979,1.97979,0,1.52933,3.38688,8.56347e+06,3.61194e+06,1.69539e+07,0,0,0,9.32321e+07
77.0767,85.139,1.91132,0.01,0.02,3.07718,3.37958,0,0.633228,6.048,4.12061e+06,2.70226e+06,1.26799e+07,0,0,0,3.43163e+08,61.2438,61.308,1.90929,0,1,2.28252,1.98012,0,1.52958,3.38688,8.56347e+06,3.61194e+06,1.95463e+07,0,0,0,9.32321e+07
75.7232,85.139,1.79009,0.01,0.02,3.07774,3.38014,0,0.576664,6.048,4.12061e+06,2.70226e+06,1.26822e+07,0,0,0,3.43163e+08,61.0335,61.308,1.97516,0,1,2.28285,1.98045,0,1.76347,3.38688,8.56347e+06,3.61194e+06,1.95491e+07,0,0,0,9.32321e+07
74.3851,85.139,1.75541,0.02,0.02,3.04803,3.35043,0,0.576769,6.048,4.12061e+06,2.70226e+06,1.25597e+07,0,0,0,3.43163e+08,60.7531,61.308,2.12775,0,1,2.33902,2.03662,0,1.76373,3.38688,8.56347e+06,3.61194e+06,2.00301e+07,0,0,0,9.32321e+07
72.9891,85.139,1.66947,0.02,0.02,3.04858,3.35098,0,0.5712,6.048,4.12061e+06,2.70226e+06,1.2562e+07,0,0,0,3.43163e+08,60.4355,61.308,2.09253,0,1,2.33935,2.03695,0,1.80712,3.38688,8.56347e+06,3.61194e+06,2.0033e+07,0,0,0,9.32321e+07
71.4064,85.139,1.44986,0.02,0.02,3.04914,3.35154,0,0.571304,6.048,4.12061e+06,2.70226e+06,1.25643e+07,0,0,0,3.43163e+08,60.0576,61.308,1.95386,0,1,2.33969,2.03729,0,1.80739,3.38688,8.56347e+06,3.61194e+06,2.00359e+07,0,0,0,9.32321e+07
69.8094,85.139,1.4175,0.02,0.02,3.0497,3.3521,0,0.571409,6.048,4.12061e+06,2.70226e+06,1.25666e+07,0,0,0,3.43163e+08,59.6625,61.308,2.03188,0,1,2.34003,2.03763,0,1.80765,3.38688,8.56347e+06,3.61194e+06,2.00388e+07,0,0,0,9.32321e+07
68.0951,85.139,1.34164,0.02,0.02,3.1285,3.4309,0,0.571513,6.048,4.12061e+06,2.70226e+06,1.28913e+07,0,0,0,3.43163e+08,59.1479,61.308,1.76243,0,1,2.39017,2.08777,0,1.80791,3.38688,8.56347e+06,3.61194e+06,2.04681e+07,0,0,0,9.32321e+07
66.2527,85.139,1.19439,0.03,0.02,3.12907,3.43147,0,0.58628,6.048,4.12061e+06,2.70226e+06,1.28937e+07,0,0,0,3.43163e+08,58.5067,61.308,1.7136,0,1,2.39052,2.08812,0,1.84664,3.38688,8.56347e+06,3.61194e+06,2.04711e+07,0,0,0,9.32321e+07
64.3608,85.139,1.12345,0.03,0.02,3.12964,3.43204,0,0.586387,6.048,4.12061e+06,2.70226e+06,1.2896e+07,0,0,0,3.43163e+08,57.7859,61.308,1.56189,0,1,2.39086,2.08846,0,1.84691,3.38688,8.56347e+06,3.61194e+06,2.04741e+07,0,0,0,9.32321e+07
62.3933,85.139,1.01941,0.05,0.02,3.13021,3.43261,0,0.586494,6.048,4.12061e+06,2.70226e+06,1.28984e+07,0,0,0,3.43163e+08,57.18,61.308,1.48056,0,1,2.39121,2.08881,0,1.84718,3.38688,8.56347e+06,3.61194e+06,2.04771e+07,0,0,0,9.32321e+07
60.1698,85.139,0.914417,0.08,0.02,3.36007,3.66247,0,0.586601,6.048,4.12061e+06,2.70226e+06,1.38455e+07,0,0,0,3.43163e+08,56.6105,61.308,1.60761,0,1,2.57142,2.26902,0,1.84745,3.38688,8.56347e+06,3.61194e+06,2.20203e+07,0,0,0,9.32321e+07
57.8403,85.139,0.778081,0.09,0.02,3.36067,3.66307,0,0.629676,6.048,4.12061e+06,2.70226e+06,1.3848e+07,0,0,0,3.43163e+08,56.0055,61.308,1.61003,0,1,2.5718,2.2694,0,1.98668,3.38688,8.56347e+06,3.61194e+06,2.20235e+07,0,0,0,9.32321e+07
55.5884,85.139,0.822851,0.08,0.02,3.36128,3.66368,0,0.62979,6.048,4.12061e+06,2.70226e+06,1.38505e+07,0,0,0,3.43163e+08,55.4169,61.308,1.58792,0,1,2.57218,2.26978,0,1.98697,3.38688,8.56347e+06,3.61194e+06,2.20268e+07,0,0,0,9.32321e+07
53.7521,85.139,1.23409,0.1,0.02,3.36189,3.66429,0,0.629904,6.048,4.12061e+06,2.70226e+06,1.3853e+07,0,0,0,3.43163e+08,54.9028,61.308,1.8991,0,1,2.57256,2.27016,0,1.98727,3.38688,8.56347e+06,3.61194e+06,2.203e+07,0,0,0,9.32321e+07
52.3924,85.139,1.69114,0.1,0.02,3.3625,3.6649,0,0.630018,6.048,4.12061e+06,2.70226e+06,1.38556e+07,0,0,0,3.43163e+08,54.5233,61.308,2.1062,0,1,2.57293,2.27053,0,1.98756,3.38688,8.56347e+06,3.61194e+06,2.20332e+07,0,0,0,9.32321e+07
50.5887,85.139,1.08969,0.1,0.02,3.25127,3.55367,0,0.630132,6.048,4.12061e+06,2.70226e+06,1.33972e+07,0,0,0,3.43163e+08,54.2786,61.308,2.92773,0,1,2.46405,2.16165,0,1.98785,3.38688,8.56347e+06,3.61194e+06,2.11008e+07,0,0,0,9.32321e+07
48.6903,85.139,0.967706,0.14,0.02,3.25186,3.55426,0,0.609288,6.048,4.12061e+06,2.70226e+06,1.33996e+07,0,0,0,3.43163e+08,53.7356,61.308,1.74406,0,1,2.46441,2.16201,0,1.90372,3.38688,8.56347e+06,3.61194e+06,2.11039e+07,0,0,0,9.32321e+07
46.6844,85.139,0.824404,0.13,0.02,3.25245,3.55485,0,0.609398,6.048,4.12061e+06,2.70226e+06,1.34021e+07,0,0,0,3.43163e+08,53.1644,61.308,1.58651,0,1,2.46476,2.16236,0,1.904,3.38688,8.56347e+06,3.61194e+06,2.11069e+07,0,0,0,9.32321e+07
45.5238,85.139,1.76051,0.11,0.02,3.25304,3.55544,0,0.609509,6.048,4.12061e+06,2.70226e+06,1.34045e+07,0,0,0,3.43163e+08,52.9667,61.308,2.29823,0,1,2.46512,2.16272,0,1.90428,3.38688,8.56347e+06,3.61194e+06,2.111e+07,0,0,0,9.32321e+07
43.9444,85.139,1.28525,0.11,0.02,3.16177,3.46417,0,0.60962,6.048,4.12061e+06,2.70226e+06,1.30284e+07,0,0,0,3.43163e+08,52.8893,61.308,2.90591,0,1,2.36596,2.06356,0,1.90455,3.38688,8.56347e+06,3.61194e+06,2.02608e+07,0,0,0,9.32321e+07
43.6524,85.139,2.60786,0.15,0.02,3.16234,3.46474,0,0.592516,6.048,4.12061e+06,2.70226e+06,1.30308e+07,0,0,0,3.43163e+08,52.8601,61.308,2.64534,0,1,2.3663,2.0639,0,1.82794,3.38688,8.56347e+06,3.61194e+06,2.02638e+07,0,0,0,9.32321e+07
45.8836,85.139,5.2151,0.15,0.02,3.16292,3.46532,0,0.592623,6.048,4.12061e+06,2.70226e+06,1.30332e+07,0,0,0,3.43163e+08,53.7701,61.308,5.8059,0,1,2.36664,2.06424,0,1.82821,3.38688,8.56347e+06,3.61194e+06,2.02667e+07,0,0,0,9.32321e+07
46.3958,85.139,3.45165,0.1,0.02,3.1635,3.4659,0,0.592731,6.048,4.12061e+06,2.70226e+06,1.30355e+07,0,0,0,3.43163e+08,54.6192,61.308,5.87087,0,1,2.36699,2.06459,0,1.82847,3.38688,8.56347e+06,3.61194e+06,2.02696e+07,0,0,0,9.32321e+07
46.8516,85.139,3.35457,0.1,0.02,2.90301,3.20541,0,0.592839,6.048,4.12061e+06,2.70226e+06,1.19622e+07,0,0,0,3.43163e+08,55.0881,61.308,4.82285,0,1,2.15992,1.85752,0,1.82873,3.38688,8.56347e+06,3.61194e+06,1.84964e+07,0,0,0,9.32321e+07
48.2548,85.139,4.34974,0.1,0.02,2.90354,3.20594,0,0.544023,6.048,4.12061e+06,2.70226e+06,1.19644e+07,0,0,0,3.43163e+08,55.5358,61.308,4.80743,0,1,2.16022,1.85782,0,1.66875,3.38688,8.56347e+06,3.61194e+06,1.8499e+07,0,0,0,9.32321e+07
51.2813,85.139,6.16832,0.1,0.02,2.90407,3.20647,0,0.544123,6.048,4.12061e+06,2.70226e+06,1.19665e+07,0,0,0,3.43163e+08,56.9719,61.308,7.01146,0,1,2.16053,1.85813,0,1.66899,3.38688,8.56347e+06,3.61194e+06,1.85017e+07,0,0,0,9.32321e+07
53.4546,85.139,5.2926,0.07,0.02,2.9046,3.207,0,0.544223,6.048,4.12061e+06,2.70226e+06,1.19687e+07,0,0,0,3.43163e+08,59.3234,61.308,8.93919,0,1,2.16084,1.85844,0,1.66923,3.38688,8.56347e+06,3.61194e+06,1.85043e+07,0,0,0,9.32321e+07
55.0958,85.139,4.65588,0.08,0.02,2.90513,3.20753,0,0.544322,6.048,4.12061e+06,2.70226e+06,1.19709e+07,0,0,0,3.43163e+08,60.287,61.308,5.81828,0,1,2.16115,1.85875,0,1.66947,3.38688,8.56347e+06,3.61194e+06,1.85069e+07,0,0,0,9.32321e+07
59.6842,85.139,7.84918,0.09,0.02,3.00615,3.30855,0,0.544422,6.048,4.12061e+06,2.70226e+06,1.23872e+07,0,0,0,3.43163e+08,62.3362,61.308,9.94524,0,0,2.22156,1.91916,0,1.6697,3.38688,8.56347e+06,3.61194e+06,1.90242e+07,0,0,0,9.32321e+07
60.9866,85.139,4.78933,0.07,0.02,3.00666,3.30906,0,0.563352,6.048,4.12061e+06,2.70226e+06,1.23893e+07,0,0,0,3.43163e+08,62.3362,61.308,5.29291,0,0,2.22186,1.91946,0,1.71637,3.38688,8.56347e+06,3.61194e+06,1.90268e+07,0,0,0,9.32321e+07
62.0687,85.139,4.57899,0.07,0.02,3.00718,3.30958,0,0.563449,6.048,4.12061e+06,2.70226e+06,1.23914e+07,0,0,0,3.43163e+08,62.3362,61.308,4.45004,0,0,2.22215,1.91975,0,1.71661,3.38688,8.56347e+06,3.61194e+06,1.90294e+07,0,0,0,9.32321e+07
63.3572,85.139,4.71313,0.06,0.02,3.00769,3.31009,0,0.563545,6.048,4.12061e+06,2.70226e+06,1.23935e+07,0,0,0,3.43163e+08,62.3362,61.308,5.6139,0,0,2.22245,1.92005,0,1.71684,3.38688,8.56347e+06,3.61194e+06,1.90319e+07,0,0,0,9.32321e+07
64.7654,85.139,5.0887,0.03,0.02,3.33112,3.63352,0,0.563642,6.048,4.12061e+06,2.70226e+06,1.37262e+07,0,0,0,3.43163e+08,62.3362,61.308,7.86553,0,0,2.44854,2.14614,0,1.71707,3.38688,8.56347e+06,3.61194e+06,2.0968e+07,0,0,0,9.32321e+07
66.0358,85.139,4.9887,0.03,0.02,3.33168,3.63408,0,0.624251,6.048,4.12061e+06,2.70226e+06,1.37286e+07,0,0,0,3.43163e+08,62.3362,61.308,8.98321,0,0,2.44888,2.14648,0,1.89175,3.38688,8.56347e+06,3.61194e+06,2.09709e+07,0,0,0,9.32321e+07
66.3598,85.139,4.12202,0.03,0.02,3.33225,3.63465,0,0.624357,6.048,4.12061e+06,2.70226e+06,1.37309e+07,0,0,0,3.43163e+08,62.3362,61.308,6.76944,0,0,2.44921,2.14681,0,1.892,3.38688,8.56347e+06,3.61194e+06,2.09738e+07,0,0,0,9.32321e+07
66.5071,85.139,3.76453,0.03,0.02,3.33282,3.63522,0,0.624464,6.048,4.12061e+06,2.70226e+06,1.37332e+07,0,0,0,3.43163e+08,62.3362,61.308,5.91609,0,0,2.44955,2.14715,0,1.89226,3.38688,8.56347e+06,3.61194e+06,2.09766e+07,0,0,0,9.32321e+07
69.6846,85.139,6.55846,0.03,0.02,2.87252,3.17492,0,0.62457,6.048,4.12061e+06,2.70226e+06,1.18365e+07,0,0,0,3.43163e+08,62.3362,61.308,4.70006,0,0,2.14668,1.84428,0,1.89252,3.38688,8.56347e+06,3.61194e+06,1.8383e+07,0,0,0,9.32321e+07
73.4938,85.139,7.31668,0.03,0.02,2.87302,3.17542,0,0.538311,6.048,4.12061e+06,2.70226e+06,1.18386e+07,0,0,0,3.43163e+08,62.3362,61.308,6.60722,0,0,2.14696,1.84456,0,1.65852,3.38688,8.56347e+06,3.61194e+06,1.83855e+07,0,0,0,9.32321e+07
76.5954,85.139,6.85441,0.03,0.02,2.87351,3.17591,0,0.538403,6.048,4.12061e+06,2.70226e+06,1.18406e+07,0,0,0,3.43163e+08,62.3362,61.308,8.75902,0,0,2.14725,1.84485,0,1.65874,3.38688,8.56347e+06,3.61194e+06,1.83879e+07,0,0,0,9.32321e+07
80.3445,85.139,7.35997,0.02,0.02,2.87401,3.17641,0,0.538496,6.048,4.12061e+06,2.70226e+06,1.18427e+07,0,0,0,3.43163e+08,62.3362,61.308,8.79904,0,0,2.14754,1.84514,0,1.65897,3.38688,8.56347e+06,3.61194e+06,1.83904e+07,0,0,0,9.32321e+07
85.139,85.139,9.64115,0.01,0.02,2.8745,3.1769,0,0.538589,6.048,4.12061e+06,2.70226e+06,1.18447e+07,0,0,0,3.43163e+08,62.3362,61.308,12.2461,0,0,2.14783,1.84543,0,1.65919,3.38688,8.56347e+06,3.61194e+06,1.83928e+07,0,0,0,9.32321e+07
85.139,85.139,7.45299,0,0.02,3.29349,3.29349,0,0.538681,6.048,4.12061e+06,2.70226e+06,1.35712e+07,0,0,0,3.43163e+08,62.3362,61.308,10.2459,0,0,1.91995,1.91995,0,1.65941,3.38688,8.56347e+06,3.61194e+06,1.64414e+07,0,0,0,9.32321e+07
85.139,85.139,7.58912,0,0.02,3.294,3.294,0,0.6172,6.048,4.12061e+06,2.70226e+06,1.35733e+07,0,0,0,3.43163e+08,62.3362,61.308,13.7297,0,0,1.92024,1.92024,0,1.48335,3.38688,8.56347e+06,3.61194e+06,1.6444e+07,0,0,0,9.32321e+07
85.139,85.139,6.57446,0,0.02,3.29451,3.29451,0,0.617296,6.048,4.12061e+06,2.70226e+06,1.35754e+07,0,0,0,3.43163e+08,62.3362,61.308,10.9445,0,0,1.92054,1.92054,0,1.48358,3.38688,8.56347e+06,3.61194e+06,1.64465e+07,0,0,0,9.32321e+07
85.139,85.139,5.28341,0,0.02,3.29503,3.29503,0,0.617392,6.048,4.12061e+06,2.70226e+06,1.35775e+07,0,0,0,3.43163e+08,62.3362,61.308,8.28484,0,0,1.92084,1.92084,0,1.48381,3.38688,8.56347e+06,3.61194e+06,1.64491e+07,0,0,0,9.32321e+07
85.139,85.139,4.65223,0,0.02,3.25012,3.25012,0,0.617488,6.048,4.12061e+06,2.70226e+06,1.33925e+07,0,0,0,3.43163e+08,62.3362,61.308,6.6691,0,0,1.89229,1.89229,0,1.48404,3.38688,8.56347e+06,3.61194e+06,1.62046e+07,0,0,0,9.32321e+07
85.139,85.139,4.0555,0,0.02,3.25063,3.25063,0,0.609072,6.048,4.12061e+06,2.70226e+06,1.33946e+07,0,0,0,3.43163e+08,62.3362,61.308,6.08599,0,0,1.89259,1.89259,0,1.46198,3.38688,8.56347e+06,3.61194e+06,1.62071e+07,0,0,0,9.32321e+07
85.139,85.139,3.62392,0,0.02,3.25113,3.25113,0,0.609167,6.048,4.12061e+06,2.70226e+06,1.33966e+07,0,0,0,3.43163e+08,62.3362,61.308,5.3506,0,0,1.89288,1.89288,0,1.46221,3.38688,8.56347e+06,3.61194e+06,1.62096e+07,0,0,0,9.32321e+07
84.9421,85.139,3.35649,0,0.02,3.25164,3.25164,0,0.609262,6.048,4.12061e+06,2.70226e+06,1.33987e+07,0,0,0,3.43163e+08,62.3362,61.308,5.04611,0,0,1.89317,1.89317,0,1.46244,3.38688,8.56347e+06,3.61194e+06,1.62121e+07,0,0,0,9.32321e+07
84.4288,85.139,3.13389,0,0.02,3.40641,3.40641,0,0.609357,6.048,4.12061e+06,2.70226e+06,1.40365e+07,0,0,0,3.43163e+08,62.3362,61.308,4.63304,0,0,1.99584,1.99584,0,1.46267,3.38688,8.56347e+06,3.61194e+06,1.70913e+07,0,0,0,9.32321e+07
83.8541,85.139,3.02197,0,0.02,3.40694,3.40694,0,0.638362,6.048,4.12061e+06,2.70226e+06,1.40387e+07,0,0,0,3.43163e+08,62.3362,61.308,4.16178,0,0,1.99615,1.99615,0,1.54199,3.38688,8.56347e+06,3.61194e+06,1.7094e+07,0,0,0,9.32321e+07
83.2397,85.139,2.9673,0,0.02,3.40747,3.40747,0,0.638461,6.048,4.12061e+06,2.70226e+06,1.40409e+07,0,0,0,3.43163e+08,62.3362,61.308,4.22069,0,0,1.99646,1.99646,0,1.54223,3.38688,8.56347e+06,3.61194e+06,1.70966e+07,0,0,0,9.32321e+07
82.3241,85.139,2.6625,0,0.02,3.408,3.408,0,0.638561,6.048,4.12061e+06,2.70226e+06,1.40431e+07,0,0,0,3.43163e+08,62.3362,61.308,4.2989,0,0,1.99677,1.99677,0,1.54247,3.38688,8.56347e+06,3.61194e+06,1.70993e+07,0,0,0,9.32321e+07
81.6552,85.139,2.63913,0.01,0.02,3.10613,3.40853,0,0.63866,6.048,4.12061e+06,2.70226e+06,1.27992e+07,0,0,0,3.43163e+08,62.3362,61.308,3.72655,0,0,2.29948,1.99708,0,1.54271,3.38688,8.56347e+06,3.61194e+06,1.96915e+07,0,0,0,9.32321e+07
81.0711,85.139,2.64094,0.01,0.02,3.07613,3.37853,0,0.58209,6.048,4.12061e+06,2.70226e+06,1.26755e+07,0,0,0,3.43163e+08,62.2704,61.308,2.43053,0,0,2.3561,2.0537,0,1.77658,3.38688,8.56347e+06,3.61194e+06,2.01764e+07,0,0,0,9.32321e+07
80.2674,85.139,2.41666,0.01,0.02,3.07666,3.37906,0,0.576467,6.048,4.12061e+06,2.70226e+06,1.26777e+07,0,0,0,3.43163e+08,62.1961,61.308,2.42422,0,0,2.35642,2.05402,0,1.82032,3.38688,8.56347e+06,3.61194e+06,2.01791e+07,0,0,0,9.32321e+07
79.2526,85.139,2.18555,0.02,0.02,3.07718,3.37958,0,0.576566,6.048,4.12061e+06,2.70226e+06,1.26799e+07,0,0,0,3.43163e+08,62.0616,61.308,2.1672,0,0,2.35674,2.05434,0,1.82057,3.38688,8.56347e+06,3.61194e+06,2.01819e+07,0,0,0,9.32321e+07
78.1748,85.139,2.07613,0.02,0.02,3.07771,3.38011,0,0.576664,6.048,4.12061e+06,2.70226e+06,1.2682e+07,0,0,0,3.43163e+08,61.8196,61.308,2.1321,0,0,2.35706,2.05466,0,1.82082,3.38688,8.56347e+06,3.61194e+06,2.01846e+07,0,0,0,9.32321e+07
76.9263,85.139,1.95572,0.02,0.02,3.15713,3.45953,0,0.576763,6.048,4.12061e+06,2.70226e+06,1.30093e+07,0,0,0,3.43163e+08,61.5553,61.308,2.00232,0,0,2.40759,2.10519,0,1.82106,3.38688,8.56347e+06,3.61194e+06,2.06174e+07,0,0,0,9.32321e+07
75.6835,85.139,1.98649,0.02,0.02,3.15767,3.46007,0,0.591646,6.048,4.12061e+06,2.70226e+06,1.30115e+07,0,0,0,3.43163e+08,61.2433,61.308,2.08261,0,0,2.40792,2.10552,0,1.86011,3.38688,8.56347e+06,3.61194e+06,2.06202e+07,0,0,0,9.32321e+07
74.3323,85.139,1.8415,0.02,0.02,3.15821,3.46061,0,0.591747,6.048,4.12061e+06,2.70226e+06,1.30137e+07,0,0,0,3.43163e+08,60.8098,61.308,2.0099,0,0,2.40825,2.10585,0,1.86036,3.38688,8.56347e+06,3.61194e+06,2.0623e+07,0,0,0,9.32321e+07
72.8366,85.139,1.67672,0.02,0.02,3.15875,3.46115,0,0.591848,6.048,4.12061e+06,2.70226e+06,1.3016e+07,0,0,0,3.43163e+08,60.4216,61.308,1.76416,0,0,2.40858,2.10618,0,1.86061,3.38688,8.56347e+06,3.61194e+06,2.06258e+07,0,0,0,9.32321e+07
71.2941,85.139,1.80862,0.02,0.02,3.39047,3.69287,0,0.591949,6.048,4.12061e+06,2.70226e+06,1.39708e+07,0,0,0,3.43163e+08,60.1167,61.308,2.27747,0,0,2.59026,2.28786,0,1.86087,3.38688,8.56347e+06,3.61194e+06,2.21817e+07,0,0,0,9.32321e+07
69.3896,85.139,1.43983,0.05,0.02,3.39105,3.69345,0,0.635375,6.048,4.12061e+06,2.70226e+06,1.39732e+07,0,0,0,3.43163e+08,59.6736,61.308,1.81465,0,0,2.59062,2.28822,0,2.00124,3.38688,8.56347e+06,3.61194e+06,2.21847e+07,0,0,0,9.32321e+07
67.5309,85.139,1.45911,0.04,0.02,3.39162,3.69402,0,0.635482,6.048,4.12061e+06,2.70226e+06,1.39756e+07,0,0,0,3.43163e+08,59.2649,61.308,1.73986,0,0,2.59098,2.28858,0,2.00151,3.38688,8.56347e+06,3.61194e+06,2.21877e+07,0,0,0,9.32321e+07
66.352,85.139,2.15387,0.07,0.02,3.3922,3.6946,0,0.63559,6.048,4.12061e+06,2.70226e+06,1.39779e+07,0,0,0,3.43163e+08,58.9621,61.308,2.08425,0,0,2.59133,2.28893,0,2.00179,3.38688,8.56347e+06,3.61194e+06,2.21908e+07,0,0,0,9.32321e+07
65.9363,85.139,2.96971,0.06,0.02,3.39277,3.69517,0,0.635698,6.048,4.12061e+06,2.70226e+06,1.39803e+07,0,0,0,3.43163e+08,58.8294,61.308,2.30591,0,0,2.59169,2.28929,0,2.00206,3.38688,8.56347e+06,3.61194e+06,2.21938e+07,0,0,0,9.32321e+07
64.4749,85.139,1.73074,0.07,0.02,3.28058,3.58298,0,0.635805,6.048,4.12061e+06,2.70226e+06,1.3518e+07,0,0,0,3.43163e+08,58.6792,61.308,2.88889,0,0,2.48188,2.17948,0,2.00234,3.38688,8.56347e+06,3.61194e+06,2.12535e+07,0,0,0,9.32321e+07
62.8344,85.139,1.53878,0.04,0.02,3.28114,3.58354,0,0.614781,6.048,4.12061e+06,2.70226e+06,1.35203e+07,0,0,0,3.43163e+08,58.0783,61.308,1.71494,0,0,2.48222,2.17982,0,1.9175,3.38688,8.56347e+06,3.61194e+06,2.12564e+07,0,0,0,9.32321e+07
60.9916,85.139,1.31184,0.04,0.02,3.2817,3.5841,0,0.614886,6.048,4.12061e+06,2.70226e+06,1.35226e+07,0,0,0,3.43163e+08,57.5366,61.308,1.56023,0,0,2.48256,2.18016,0,1.91776,3.38688,8.56347e+06,3.61194e+06,2.12593e+07,0,0,0,9.32321e+07
60.4768,85.139,2.80219,0.06,0.02,3.28226,3.58466,0,0.61499,6.048,4.12061e+06,2.70226e+06,1.35249e+07,0,0,0,3.43163e+08,57.4277,61.308,2.29605,0,0,2.48289,2.18049,0,1.91802,3.38688,8.56347e+06,3.61194e+06,2.12622e+07,0,0,0,9.32321e+07
61.8754,85.139,4.70553,0.05,0.02,3.1902,3.4926,0,0.615095,6.048,4.12061e+06,2.70226e+06,1.31456e+07,0,0,0,3.43163e+08,57.4154,61.308,2.9517,0,0,2.38289,2.08049,0,1.91828,3.38688,8.56347e+06,3.61194e+06,2.04058e+07,0,0,0,9.32321e+07
63.0186,85.139,4.48566,0.05,0.02,3.19074,3.49314,0,0.597843,6.048,4.12061e+06,2.70226e+06,1.31478e+07,0,0,0,3.43163e+08,57.3962,61.308,3.21144,0,0,2.38322,2.08082,0,1.84102,3.38688,8.56347e+06,3.61194e+06,2.04086e+07,0,0,0,9.32321e+07
64.8249,85.139,5.20593,0.02,0.02,3.19128,3.49368,0,0.597945,6.048,4.12061e+06,2.70226e+06,1.315e+07,0,0,0,3.43163e+08,57.758,61.308,4.15841,0,0,2.38354,2.08114,0,1.84127,3.38688,8.56347e+06,3.61194e+06,2.04114e+07,0,0,0,9.32321e+07
66.1228,85.139,4.71101,0.02,0.02,3.19183,3.49423,0,0.598046,6.048,4.12061e+06,2.70226e+06,1.31523e+07,0,0,0,3.43163e+08,57.8531,61.308,3.57907,0,0,2.38386,2.08146,0,1.84152,3.38688,8.56347e+06,3.61194e+06,2.04141e+07,0,0,0,9.32321e+07
68.3644,85.139,5.54729,0.02,0.02,2.92917,3.23157,0,0.598148,6.048,4.12061e+06,2.70226e+06,1.207e+07,0,0,0,3.43163e+08,58.3585,61.308,4.32022,0,0,2.17508,1.87268,0,1.84177,3.38688,8.56347e+06,3.61194e+06,1.86262e+07,0,0,0,9.32321e+07
70.8332,85.139,5.92125,0.02,0.02,2.92967,3.23207,0,0.548927,6.048,4.12061e+06,2.70226e+06,1.20721e+07,0,0,0,3.43163e+08,59.4551,61.308,5.69417,0,0,2.17537,1.87297,0,1.68047,3.38688,8.56347e+06,3.61194e+06,1.86287e+07,0,0,0,9.32321e+07
72.262,85.139,4.85223,0.02,0.02,2.93018,3.23258,0,0.549021,6.048,4.12061e+06,2.70226e+06,1.20741e+07,0,0,0,3.43163e+08,60.2832,61.308,5.68895,0,0,2.17566,1.87326,0,1.68069,3.38688,8.56347e+06,3.61194e+06,1.86312e+07,0,0,0,9.32321e+07
73.5439,85.139,4.82238,0.02,0.02,2.93068,3.23308,0,0.549115,6.048,4.12061e+06,2.70226e+06,1.20762e+07,0,0,0,3.43163e+08,62.147,61.308,7.66404,0,0,2.17595,1.87355,0,1.68092,3.38688,8.56347e+06,3.61194e+06,1.86337e+07,0,0,0,9.32321e+07
78.9667,85.139,9.18647,0.02,0.02,2.93118,3.23358,0,0.549209,6.048,4.12061e+06,2.70226e+06,1.20783e+07,0,0,0,3.43163e+08,62.3362,61.308,9.33266,0,0,2.17624,1.87384,0,1.68114,3.38688,8.56347e+06,3.61194e+06,1.86362e+07,0,0,0,9.32321e+07
83.4202,85.139,8.29481,0.02,0.02,3.03298,3.33538,0,0.549303,6.048,4.12061e+06,2.70226e+06,1.24977e+07,0,0,0,3.43163e+08,62.3362,61.308,4.31789,0,0,2.23712,1.93472,0,1.68137,3.38688,8.56347e+06,3.61194e+06,1.91575e+07,0,0,0,9.32321e+07
85.139,85.139,5.90952,0.01,0.02,3.03346,3.33586,0,0.56838,6.048,4.12061e+06,2.70226e+06,1.24997e+07,0,0,0,3.43163e+08,62.3362,61.308,5.63358,0,0,2.2374,1.935,0,1.7284,3.38688,8.56347e+06,3.61194e+06,1.91599e+07,0,0,0,9.32321e+07
85.139,85.139,5.27051,0,0.02,3.33635,3.33635,0,0.568471,6.048,4.12061e+06,2.70226e+06,1.37478e+07,0,0,0,3.43163e+08,62.3362,61.308,4.33166,0,0,1.93528,1.93528,0,1.72862,3.38688,8.56347e+06,3.61194e+06,1.65727e+07,0,0,0,9.32321e+07
85.139,85.139,6.29247,0,0.02,3.33683,3.33683,0,0.625231,6.048,4.12061e+06,2.70226e+06,1.37498e+07,0,0,0,3.43163e+08,62.3362,61.308,4.87793,0,0,1.93556,1.93556,0,1.4952,3.38688,8.56347e+06,3.61194e+06,1.65751e+07,0,0,0,9.32321e+07
85.139,85.139,4.91584,0.01,0.02,3.36043,3.66283,0,0.625322,6.048,4.12061e+06,2.70226e+06,1.3847e+07,0,0,0,3.43163e+08,62.3362,61.308,3.88472,0,0,2.46586,2.16346,0,1.49542,3.38688,8.56347e+06,3.61194e+06,2.11163e+07,0,0,0,9.32321e+07
85.139,85.139,5.31091,0,0.02,3.66336,3.66336,0,0.629745,6.048,4.12061e+06,2.70226e+06,1.50953e+07,0,0,0,3.43163e+08,62.3362,61.308,3.97862,0,0,2.16377,2.16377,0,1.90512,3.38688,8.56347e+06,3.61194e+06,1.85294e+07,0,0,0,9.32321e+07
85.139,85.139,6.75011,0,0.02,3.66389,3.66389,0,0.686514,6.048,4.12061e+06,2.70226e+06,1.50975e+07,0,0,0,3.43163e+08,62.3362,61.308,4.82392,0,0,2.16409,2.16409,0,1.67173,3.38688,8.56347e+06,3.61194e+06,1.85321e+07,0,0,0,9.32321e+07
85.139,85.139,8.08258,0,0.02,3.66442,3.66442,0,0.686614,6.048,4.12061e+06,2.70226e+06,1.50997e+07,0,0,0,3.43163e+08,62.3362,61.308,5.48303,0,0,2.1644,2.1644,0,1.67197,3.38688,8.56347e+06,3.61194e+06,1.85348e+07,0,0,0,9.32321e+07
85.139,85.139,4.86287,0,0.02,3.2004,3.2004,0,0.686713,6.048,4.12061e+06,2.70226e+06,1.31876e+07,0,0,0,3.43163e+08,62.3362,61.308,4.00605,0,0,1.85908,1.85908,0,1.67222,3.38688,8.56347e+06,3.61194e+06,1.59201e+07,0,0,0,9.32321e+07
85.139,85.139,3.86997,0,0.02,3.20086,3.20086,0,0.599755,6.048,4.12061e+06,2.70226e+06,1.31895e+07,0,0,0,3.43163e+08,62.3362,61.308,4.35076,0,0,1.85935,1.85935,0,1.43632,3.38688,8.56347e+06,3.61194e+06,1.59225e+07,0,0,0,9.32321e+07
85.139,85.139,5.36166,0,0.02,3.20133,3.20133,0,0.599842,6.048,4.12061e+06,2.70226e+06,1.31914e+07,0,0,0,3.43163e+08,62.3362,61.308,4.51609,0,0,1.85962,1.85962,0,1.43653,3.38688,8.56347e+06,3.61194e+06,1.59248e+07,0,0,0,9.32321e+07
85.139,85.139,5.80685,0,0.02,3.20179,3.20179,0,0.599929,6.048,4.12061e+06,2.70226e+06,1.31933e+07,0,0,0,3.43163e+08,62.3362,61.308,4.60786,0,0,1.85989,1.85989,0,1.43674,3.38688,8.56347e+06,3.61194e+06,1.59271e+07,0,0,0,9.32321e+07
85.139,85.139,5.33895,0,0.02,3.20226,3.20226,0,0.600016,6.048,4.12061e+06,2.70226e+06,1.31953e+07,0,0,0,3.43163e+08,62.3362,61.308,4.82385,0,0,1.86016,1.86016,0,1.43695,3.38688,8.56347e+06,3.61194e+06,1.59294e+07,0,0,0,9.32321e+07
85.139,85.139,5.28895,0,0.02,3.31974,3.31974,0,0.600103,6.048,4.12061e+06,2.70226e+06,1.36794e+07,0,0,0,3.43163e+08,62.3362,61.308,4.62459,0,0,1.93525,1.93525,0,1.43716,3.38688,8.56347e+06,3.61194e+06,1.65725e+07,0,0,0,9.32321e+07
85.139,85.139,5.45769,0,0.02,3.32023,3.32023,0,0.62212,6.048,4.12061e+06,2.70226e+06,1.36814e+07,0,0,0,3.43163e+08,62.3362,61.308,5.92281,0,0,1.93553,1.93553,0,1.49517,3.38688,8.56347e+06,3.61194e+06,1.65749e+07,0,0,0,9.32321e+07
85.139,85.139,4.59898,0,0.02,3.32071,3.32071,0,0.62221,6.048,4.12061e+06,2.70226e+06,1.36833e+07,0,0,0,3.43163e+08,62.3362,61.308,4.84009,0,0,1.93581,1.93581,0,1.49539,3.38688,8.56347e+06,3.61194e+06,1.65773e+07,0,0,0,9.32321e+07
84.9969,85.139,3.46325,0,0.02,3.32119,3.32119,0,0.6223,6.048,4.12061e+06,2.70226e+06,1.36853e+07,0,0,0,3.43163e+08,62.3362,61.308,3.45749,0,0,1.93609,1.93609,0,1.49561,3.38688,8.56347e+06,3.61194e+06,1.65797e+07,0,0,0,9.32321e+07
85.139,85.139,3.95848,0,0.02,3.27589,3.27589,0,0.622391,6.048,4.12061e+06,2.70226e+06,1.34987e+07,0,0,0,3.43163e+08,62.3362,61.308,4.58835,0,0,1.9073,1.9073,0,1.49582,3.38688,8.56347e+06,3.61194e+06,1.63331e+07,0,0,0,9.32321e+07
84.9019,85.139,3.37092,0,0.02,3.27636,3.27636,0,0.613902,6.048,4.12061e+06,2.70226e+06,1.35006e+07,0,0,0,3.43163e+08,62.3362,61.308,4.42562,0,0,1.90757,1.90757,0,1.47358,3.38688,8.56347e+06,3.61194e+06,1.63354e+07,0,0,0,9.32321e+07
84.3255,85.139,3.02015,0,0.02,3.27684,3.27684,0,0.613991,6.048,4.12061e+06,2.70226e+06,1.35026e+07,0,0,0,3.43163e+08,62.3362,61.308,3.44312,0,0,1.90785,1.90785,0,1.47379,3.38688,8.56347e+06,3.61194e+06,1.63378e+07,0,0,0,9.32321e+07
84.3793,85.139,3.65916,0,0.02,3.27731,3.27731,0,0.61408,6.048,4.12061e+06,2.70226e+06,1.35045e+07,0,0,0,3.43163e+08,62.3362,61.308,3.56523,0,0,1.90813,1.90813,0,1.474,3.38688,8.56347e+06,3.61194e+06,1.63402e+07,0,0,0,9.32321e+07
83.7146,85.139,2.96653,0,0.02,3.43328,3.43328,0,0.614169,6.048,4.12061e+06,2.70226e+06,1.41472e+07,0,0,0,3.43163e+08,62.3362,61.308,4.31309,0,0,2.01158,2.01158,0,1.47422,3.38688,8.56347e+06,3.61194e+06,1.72261e+07,0,0,0,9.32321e+07
83.2172,85.139,3.13702,0,0.02,3.43378,3.43378,0,0.643396,6.048,4.12061e+06,2.70226e+06,1.41493e+07,0,0,0,3.43163e+08,62.3362,61.308,4.03101,0,0,2.01187,2.01187,0,1.55415,3.38688,8.56347e+06,3.61194e+06,1.72286e+07,0,0,0,9.32321e+07
82.698,85.139,2.84853,0.01,0.02,3.13187,3.43427,0,0.64349,6.048,4.12061e+06,2.70226e+06,1.29052e+07,0,0,0,3.43163e+08,62.3362,61.308,3.27656,0,0,2.31456,2.01216,0,1.55437,3.38688,8.56347e+06,3.61194e+06,1.98207e+07,0,0,0,9.32321e+07
81.8885,85.139,2.53035,0.01,0.02,3.13237,3.43477,0,0.586913,6.048,4.12061e+06,2.70226e+06,1.29073e+07,0,0,0,3.43163e+08,62.3362,61.308,2.8791,0,0,2.31486,2.01246,0,1.78823,3.38688,8.56347e+06,3.61194e+06,1.98232e+07,0,0,0,9.32321e+07
81.0124,85.139,2.42481,0.01,0.02,3.13287,3.43527,0,0.587007,6.048,4.12061e+06,2.70226e+06,1.29093e+07,0,0,0,3.43163e+08,62.3362,61.308,3.15613,0,0,2.31515,2.01275,0,1.78846,3.38688,8.56347e+06,3.61194e+06,1.98257e+07,0,0,0,9.32321e+07
80.8585,85.139,3.08069,0.01,0.02,3.1026,3.405,0,0.5871,6.048,4.12061e+06,2.70226e+06,1.27846e+07,0,0,0,3.43163e+08,62.3362,61.308,3.7409,0,0,2.37219,2.06979,0,1.78868,3.38688,8.56347e+06,3.61194e+06,2.03142e+07,0,0,0,9.32321e+07
80.5734,85.139,2.93877,0.02,0.02,3.10309,3.40549,0,0.581427,6.048,4.12061e+06,2.70226e+06,1.27866e+07,0,0,0,3.43163e+08,62.3362,61.308,3.66662,0,0,2.37249,2.07009,0,1.83275,3.38688,8.56347e+06,3.61194e+06,2.03167e+07,0,0,0,9.32321e+07
80.1565,85.139,2.77687,0.02,0.02,3.10358,3.40598,0,0.581519,6.048,4.12061e+06,2.70226e+06,1.27887e+07,0,0,0,3.43163e+08,62.3362,61.308,3.65761,0,0,2.37279,2.07039,0,1.83298,3.38688,8.56347e+06,3.61194e+06,2.03193e+07,0,0,0,9.32321e+07
79.5105,85.139,2.55061,0.02,0.02,3.10408,3.40648,0,0.581612,6.048,4.12061e+06,2.70226e+06,1.27907e+07,0,0,0,3.43163e+08,62.3362,61.308,3.53648,0,0,2.37309,2.07069,0,1.83322,3.38688,8.56347e+06,3.61194e+06,2.03219e+07,0,0,0,9.32321e+07
78.6078,85.139,2.32099,0.02,0.02,3.18408,3.48648,0,0.581704,6.048,4.12061e+06,2.70226e+06,1.31204e+07,0,0,0,3.43163e+08,62.3114,61.308,2.7541,0,0,2.424,2.1216,0,1.83345,3.38688,8.56347e+06,3.61194e+06,2.07578e+07,0,0,0,9.32321e+07
77.6204,85.139,2.21562,0.02,0.02,3.18459,3.48699,0,0.596697,6.048,4.12061e+06,2.70226e+06,1.31225e+07,0,0,0,3.43163e+08,62.1653,61.308,2.51899,0,0,2.4243,2.1219,0,1.87278,3.38688,8.56347e+06,3.61194e+06,2.07604e+07,0,0,0,9.32321e+07
76.3645,85.139,1.93479,0.02,0.02,3.18509,3.48749,0,0.596792,6.048,4.12061e+06,2.70226e+06,1.31245e+07,0,0,0,3.43163e+08,61.9694,61.308,2.32643,0,0,2.42461,2.12221,0,1.87302,3.38688,8.56347e+06,3.61194e+06,2.07631e+07,0,0,0,9.32321e+07
74.9724,85.139,1.78386,0.02,0.02,3.1856,3.488,0,0.596887,6.048,4.12061e+06,2.70226e+06,1.31266e+07,0,0,0,3.43163e+08,61.7582,61.308,2.23116,0,0,2.42492,2.12252,0,1.87325,3.38688,8.56347e+06,3.61194e+06,2.07657e+07,0,0,0,9.32321e+07
73.3897,85.139,1.76164,0.02,0.02,3.41909,3.72149,0,0.596982,6.048,4.12061e+06,2.70226e+06,1.40887e+07,0,0,0,3.43163e+08,61.5111,61.308,2.18333,0,0,2.60799,2.30559,0,1.87349,3.38688,8.56347e+06,3.61194e+06,2.23335e+07,0,0,0,9.32321e+07
72.3078,85.139,2.27836,0.05,0.02,3.41963,3.72203,0,0.640737,6.048,4.12061e+06,2.70226e+06,1.4091e+07,0,0,0,3.43163e+08,61.397,61.308,2.03691,0,0,2.60833,2.30593,0,2.01493,3.38688,8.56347e+06,3.61194e+06,2.23363e+07,0,0,0,9.32321e+07
71.0925,85.139,2.13324,0.05,0.02,3.42017,3.72257,0,0.640838,6.048,4.12061e+06,2.70226e+06,1.40932e+07,0,0,0,3.43163e+08,61.2851,61.308,2.72862,0,0,2.60866,2.30626,0,2.01519,3.38688,8.56347e+06,3.61194e+06,2.23392e+07,0,0,0,9.32321e+07
69.7916,85.139,2.03386,0.04,0.02,3.42071,3.72311,0,0.640939,6.048,4.12061e+06,2.70226e+06,1.40954e+07,0,0,0,3.43163e+08,61.1479,61.308,2.65253,0,0,2.60899,2.30659,0,2.01545,3.38688,8.56347e+06,3.61194e+06,2.2342e+07,0,0,0,9.32321e+07
68.4955,85.139,2.02266,0.04,0.02,3.42125,3.72365,0,0.64104,6.048,4.12061e+06,2.70226e+06,1.40976e+07,0,0,0,3.43163e+08,60.9939,61.308,2.61874,0,0,2.60933,2.30693,0,2.01571,3.38688,8.56347e+06,3.61194e+06,2.23449e+07,0,0,0,9.32321e+07
67.5689,85.139,2.37046,0.04,0.02,3.30816,3.61056,0,0.641142,6.048,4.12061e+06,2.70226e+06,1.36316e+07,0,0,0,3.43163e+08,60.9864,61.308,2.28466,0,0,2.49865,2.19625,0,2.01597,3.38688,8.56347e+06,3.61194e+06,2.13971e+07,0,0,0,9.32321e+07
66.504,85.139,2.20547,0.07,0.02,3.30868,3.61108,0,0.619949,6.048,4.12061e+06,2.70226e+06,1.36338e+07,0,0,0,3.43163e+08,61.4339,61.308,3.64485,0,0,2.49897,2.19657,0,1.93046,3.38688,8.56347e+06,3.61194e+06,2.13998e+07,0,0,0,9.32321e+07
65.2029,85.139,1.96085,0.05,0.02,3.3092,3.6116,0,0.620047,6.048,4.12061e+06,2.70226e+06,1.36359e+07,0,0,0,3.43163e+08,61.3042,61.308,2.22311,0,0,2.49929,2.19689,0,1.9307,3.38688,8.56347e+06,3.61194e+06,2.14026e+07,0,0,0,9.32321e+07
63.5938,85.139,1.63072,0.04,0.02,3.30973,3.61213,0,0.620145,6.048,4.12061e+06,2.70226e+06,1.36381e+07,0,0,0,3.43163e+08,61.0797,61.308,1.97022,0,0,2.49961,2.19721,0,1.93095,3.38688,8.56347e+06,3.61194e+06,2.14053e+07,0,0,0,9.32321e+07
62.8245,85.139,2.57238,0.04,0.02,3.21693,3.51933,0,0.620243,6.048,4.12061e+06,2.70226e+06,1.32557e+07,0,0,0,3.43163e+08,61.4156,61.308,3.36804,0,0,2.39882,2.09642,0,1.9312,3.38688,8.56347e+06,3.61194e+06,2.05422e+07,0,0,0,9.32321e+07
62.1055,85.139,2.71863,0.03,0.02,3.21744,3.51984,0,0.602852,6.048,4.12061e+06,2.70226e+06,1.32578e+07,0,0,0,3.43163e+08,61.7762,61.308,2.97045,0,0,2.39912,2.09672,0,1.85333,3.38688,8.56347e+06,3.61194e+06,2.05448e+07,0,0,0,9.32321e+07
61.4199,85.139,2.5615,0.05,0.02,3.21795,3.52035,0,0.602948,6.048,4.12061e+06,2.70226e+06,1.32599e+07,0,0,0,3.43163e+08,61.8215,61.308,2.30094,0,0,2.39942,2.09702,0,1.85356,3.38688,8.56347e+06,3.61194e+06,2.05474e+07,0,0,0,9.32321e+07
60.7462,85.139,2.57232,0.05,0.02,3.21846,3.52086,0,0.603043,6.048,4.12061e+06,2.70226e+06,1.3262e+07,0,0,0,3.43163e+08,62.2208,61.308,3.45503,0,0,2.39973,2.09733,0,1.85379,3.38688,8.56347e+06,3.61194e+06,2.055e+07,0,0,0,9.32321e+07
60.3145,85.139,2.63659,0.06,0.02,2.95377,3.25617,0,0.603139,6.048,4.12061e+06,2.70226e+06,1.21713e+07,0,0,0,3.43163e+08,62.3362,61.308,2.80772,0,0,2.18933,1.88693,0,1.85403,3.38688,8.56347e+06,3.61194e+06,1.87483e+07,0,0,0,9.32321e+07
61.8323,85.139,4.81686,0.06,0.02,2.95424,3.25664,0,0.553536,6.048,4.12061e+06,2.70226e+06,1.21733e+07,0,0,0,3.43163e+08,62.3362,61.308,4.56751,0,0,2.1896,1.8872,0,1.69148,3.38688,8.56347e+06,3.61194e+06,1.87506e+07,0,0,0,9.32321e+07
64.245,85.139,5.70908,0.06,0.02,2.95471,3.25711,0,0.553624,6.048,4.12061e+06,2.70226e+06,1.21752e+07,0,0,0,3.43163e+08,62.3362,61.308,6.12792,0,0,2.18988,1.88748,0,1.69169,3.38688,8.56347e+06,3.61194e+06,1.8753e+07,0,0,0,9.32321e+07
65.472,85.139,4.5086,0.03,0.02,2.95518,3.25758,0,0.553713,6.048,4.12061e+06,2.70226e+06,1.21772e+07,0,0,0,3.43163e+08,62.3362,61.308,3.12257,0,0,2.19015,1.88775,0,1.6919,3.38688,8.56347e+06,3.61194e+06,1.87553e+07,0,0,0,9.32321e+07
66.45,85.139,4.23052,0.03,0.02,2.95565,3.25805,0,0.553801,6.048,4.12061e+06,2.70226e+06,1.21791e+07,0,0,0,3.43163e+08,62.3362,61.308,2.59831,0,0,2.19042,1.88802,0,1.69211,3.38688,8.56347e+06,3.61194e+06,1.87576e+07,0,0,0,9.32321e+07
68.3186,85.139,5.41511,0.03,0.02,3.05819,3.36059,0,0.55389,6.048,4.12061e+06,2.70226e+06,1.26016e+07,0,0,0,3.43163e+08,62.3362,61.308,8.44854,0,0,2.25174,1.94934,0,1.69232,3.38688,8.56347e+06,3.61194e+06,1.92827e+07,0,0,0,9.32321e+07
69.5588,85.139,4.73436,0.02,0.02,3.05864,3.36104,0,0.573104,6.048,4.12061e+06,2.70226e+06,1.26035e+07,0,0,0,3.43163e+08,62.3362,61.308,4.15215,0,0,2.25201,1.94961,0,1.7397,3.38688,8.56347e+06,3.61194e+06,1.9285e+07,0,0,0,9.32321e+07
70.1821,85.139,4.0773,0.02,0.02,3.0591,3.3615,0,0.573189,6.048,4.12061e+06,2.70226e+06,1.26053e+07,0,0,0,3.43163e+08,62.3362,61.308,3.7499,0,0,2.25227,1.94987,0,1.7399,3.38688,8.56347e+06,3.61194e+06,1.92872e+07,0,0,0,9.32321e+07
70.464,85.139,3.71058,0.02,0.02,3.05955,3.36195,0,0.573274,6.048,4.12061e+06,2.70226e+06,1.26072e+07,0,0,0,3.43163e+08,62.3362,61.308,3.47835,0,0,2.25253,1.95013,0,1.7401,3.38688,8.56347e+06,3.61194e+06,1.92895e+07,0,0,0,9.32321e+07
70.8958,85.139,4.21378,0.02,0.02,3.38796,3.69036,0,0.573359,6.048,4.12061e+06,2.70226e+06,1.39605e+07,0,0,0,3.43163e+08,62.3362,61.308,4.4665,0,0,2.48212,2.17972,0,1.74031,3.38688,8.56347e+06,3.61194e+06,2.12556e+07,0,0,0,9.32321e+07
72.5444,85.139,5.45494,0.02,0.02,3.38846,3.69086,0,0.634904,6.048,4.12061e+06,2.70226e+06,1.39625e+07,0,0,0,3.43163e+08,62.3362,61.308,4.99197,0,0,2.48242,2.18002,0,1.91769,3.38688,8.56347e+06,3.61194e+06,2.12581e+07,0,0,0,9.32321e+07
72.9704,85.139,4.28995,0.02,0.02,3.38896,3.69136,0,0.634998,6.048,4.12061e+06,2.70226e+06,1.39646e+07,0,0,0,3.43163e+08,62.3362,61.308,4.58143,0,0,2.48271,2.18031,0,1.91791,3.38688,8.56347e+06,3.61194e+06,2.12606e+07,0,0,0,9.32321e+07
74.6391,85.139,5.66164,0.03,0.02,3.38946,3.69186,0,0.635091,6.048,4.12061e+06,2.70226e+06,1.39666e+07,0,0,0,3.43163e+08,62.3362,61.308,4.97888,0,0,2.483,2.1806,0,1.91814,3.38688,8.56347e+06,3.61194e+06,2.12631e+07,0,0,0,9.32321e+07
77.7987,85.139,7.04519,0.02,0.02,2.92193,3.22433,0,0.635185,6.048,4.12061e+06,2.70226e+06,1.20401e+07,0,0,0,3.43163e+08,62.3362,61.308,8.59525,0,0,2.17537,1.87297,0,1.91837,3.38688,8.56347e+06,3.61194e+06,1.86288e+07,0,0,0,9.32321e+07
80.402,85.139,6.55932,0.02,0.02,2.92236,3.22476,0,0.547569,6.048,4.12061e+06,2.70226e+06,1.20419e+07,0,0,0,3.43163e+08,62.3362,61.308,7.07437,0,0,2.17563,1.87323,0,1.68069,3.38688,8.56347e+06,3.61194e+06,1.86309e+07,0,0,0,9.32321e+07
85.139,85.139,9.3563,0.01,0.02,2.9228,3.2252,0,0.547651,6.048,4.12061e+06,2.70226e+06,1.20437e+07,0,0,0,3.43163e+08,62.3362,61.308,12.5175,0,0,2.17588,1.87348,0,1.68089,3.38688,8.56347e+06,3.61194e+06,1.86331e+07,0,0,0,9.32321e+07
85.139,85.139,11.3277,0,0.02,3.22563,3.22563,0,0.547732,6.048,4.12061e+06,2.70226e+06,1.32916e+07,0,0,0,3.43163e+08,62.3362,61.308,15.1898,0,0,1.87373,1.87373,0,1.68109,3.38688,8.56347e+06,3.61194e+06,1.60457e+07,0,0,0,9.32321e+07
85.139,85.139,7.24191,0,0.02,3.22607,3.22607,0,0.604484,6.048,4.12061e+06,2.70226e+06,1.32934e+07,0,0,0,3.43163e+08,62.3362,61.308,5.85335,0,0,1.87399,1.87399,0,1.44765,3.38688,8.56347e+06,3.61194e+06,1.60478e+07,0,0,0,9.32321e+07
85.139,85.139,7.91652,0,0.02,3.34439,3.34439,0,0.604565,6.048,4.12061e+06,2.70226e+06,1.37809e+07,0,0,0,3.43163e+08,62.3362,61.308,9.81597,0,0,1.94962,1.94962,0,1.44784,3.38688,8.56347e+06,3.61194e+06,1.66955e+07,0,0,0,9.32321e+07
85.139,85.139,7.76901,0,0.02,3.34484,3.34484,0,0.626739,6.048,4.12061e+06,2.70226e+06,1.37828e+07,0,0,0,3.43163e+08,62.3362,61.308,9.51718,0,0,1.94988,1.94988,0,1.50628,3.38688,8.56347e+06,3.61194e+06,1.66978e+07,0,0,0,9.32321e+07
85.139,85.139,7.69378,0,0.02,3.3453,3.3453,0,0.626824,6.048,4.12061e+06,2.70226e+06,1.37847e+07,0,0,0,3.43163e+08,62.3362,61.308,9.15913,0,0,1.95015,1.95015,0,1.50648,3.38688,8.56347e+06,3.61194e+06,1.67e+07,0,0,0,9.32321e+07
85.139,85.139,6.72677,0,0.02,3.34575,3.34575,0,0.626908,6.048,4.12061e+06,2.70226e+06,1.37865e+07,0,0,0,3.43163e+08,62.3362,61.308,8.73601,0,0,1.95041,1.95041,0,1.50668,3.38688,8.56347e+06,3.61194e+06,1.67023e+07,0,0,0,9.32321e+07
85.139,85.139,4.78204,0,0.02,3.30008,3.30008,0,0.626993,6.048,4.12061e+06,2.70226e+06,1.35983e+07,0,0,0,3.43163e+08,62.3362,61.308,5.39978,0,0,1.92138,1.92138,0,1.50689,3.38688,8.56347e+06,3.61194e+06,1.64537e+07,0,0,0,9.32321e+07
85.139,85.139,4.16505,0,0.02,3.30052,3.30052,0,0.618435,6.048,4.12061e+06,2.70226e+06,1.36002e+07,0,0,0,3.43163e+08,62.3362,61.308,4.10446,0,0,1.92164,1.92164,0,1.48446,3.38688,8.56347e+06,3.61194e+06,1.64559e+07,0,0,0,9.32321e+07
85.139,85.139,3.84792,0,0.02,3.30097,3.30097,0,0.618518,6.048,4.12061e+06,2.70226e+06,1.3602e+07,0,0,0,3.43163e+08,62.3362,61.308,4.4766,0,0,1.9219,1.9219,0,1.48466,3.38688,8.56347e+06,3.61194e+06,1.64581e+07,0,0,0,9.32321e+07
85.0635,85.139,3.63764,0,0.02,3.30141,3.30141,0,0.618602,6.048,4.12061e+06,2.70226e+06,1.36038e+07,0,0,0,3.43163e+08,62.3362,61.308,4.71335,0,0,1.92216,1.92216,0,1.48486,3.38688,8.56347e+06,3.61194e+06,1.64603e+07,0,0,0,9.32321e+07
84.7109,85.139,3.42499,0,0.02,3.45849,3.45849,0,0.618685,6.048,4.12061e+06,2.70226e+06,1.42511e+07,0,0,0,3.43163e+08,62.3362,61.308,3.94629,0,0,2.02635,2.02635,0,1.48506,3.38688,8.56347e+06,3.61194e+06,1.73526e+07,0,0,0,9.32321e+07
84.5411,85.139,3.29463,0.01,0.02,3.15656,3.45896,0,0.648121,6.048,4.12061e+06,2.70226e+06,1.30069e+07,0,0,0,3.43163e+08,62.3362,61.308,3.31528,0,0,2.32903,2.02663,0,1.56556,3.38688,8.56347e+06,3.61194e+06,1.99445e+07,0,0,0,9.32321e+07
84.2471,85.139,3.14975,0.01,0.02,3.15702,3.45942,0,0.591539,6.048,4.12061e+06,2.70226e+06,1.30089e+07,0,0,0,3.43163e+08,62.3362,61.308,3.27711,0,0,2.3293,2.0269,0,1.79941,3.38688,8.56347e+06,3.61194e+06,1.99469e+07,0,0,0,9.32321e+07
83.8252,85.139,3.00926,0.01,0.02,3.15749,3.45989,0,0.591626,6.048,4.12061e+06,2.70226e+06,1.30108e+07,0,0,0,3.43163e+08,62.3362,61.308,3.44816,0,0,2.32957,2.02717,0,1.79962,3.38688,8.56347e+06,3.61194e+06,1.99492e+07,0,0,0,9.32321e+07
83.1638,85.139,2.78487,0.01,0.02,3.15796,3.46036,0,0.591714,6.048,4.12061e+06,2.70226e+06,1.30127e+07,0,0,0,3.43163e+08,62.3362,61.308,3.29753,0,0,2.32985,2.02745,0,1.79983,3.38688,8.56347e+06,3.61194e+06,1.99516e+07,0,0,0,9.32321e+07
82.3659,85.139,2.51279,0.02,0.02,3.12743,3.42983,0,0.591801,6.048,4.12061e+06,2.70226e+06,1.28869e+07,0,0,0,3.43163e+08,62.3362,61.308,3.34334,0,0,2.38728,2.08488,0,1.80004,3.38688,8.56347e+06,3.61194e+06,2.04434e+07,0,0,0,9.32321e+07
81.3991,85.139,2.32274,0.02,0.02,3.12789,3.43029,0,0.58608,6.048,4.12061e+06,2.70226e+06,1.28888e+07,0,0,0,3.43163e+08,62.3362,61.308,3.40234,0,0,2.38756,2.08516,0,1.84441,3.38688,8.56347e+06,3.61194e+06,2.04458e+07,0,0,0,9.32321e+07
80.3214,85.139,2.19858,0.02,0.02,3.12835,3.43075,0,0.586167,6.048,4.12061e+06,2.70226e+06,1.28907e+07,0,0,0,3.43163e+08,62.3362,61.308,3.38453,0,0,2.38784,2.08544,0,1.84463,3.38688,8.56347e+06,3.61194e+06,2.04482e+07,0,0,0,9.32321e+07
79.2051,85.139,2.14268,0.02,0.02,3.12882,3.43122,0,0.586253,6.048,4.12061e+06,2.70226e+06,1.28926e+07,0,0,0,3.43163e+08,62.3362,61.308,3.31882,0,0,2.38813,2.08573,0,1.84485,3.38688,8.56347e+06,3.61194e+06,2.04506e+07,0,0,0,9.32321e+07
77.9032,85.139,1.98339,0.02,0.02,3.20937,3.51177,0,0.58634,6.048,4.12061e+06,2.70226e+06,1.32246e+07,0,0,0,3.43163e+08,62.217,61.308,3.13355,0,0,2.43938,2.13698,0,1.84507,3.38688,8.56347e+06,3.61194e+06,2.08896e+07,0,0,0,9.32321e+07
76.3873,85.139,1.74234,0.02,0.02,3.20984,3.51224,0,0.601435,6.048,4.12061e+06,2.70226e+06,1.32265e+07,0,0,0,3.43163e+08,61.964,61.308,2.842,0,0,2.43967,2.13727,0,1.88466,3.38688,8.56347e+06,3.61194e+06,2.0892e+07,0,0,0,9.32321e+07
74.7289,85.139,1.58175,0.02,0.02,3.21031,3.51271,0,0.601524,6.048,4.12061e+06,2.70226e+06,1.32285e+07,0,0,0,3.43163e+08,61.6806,61.308,2.59195,0,0,2.43996,2.13756,0,1.88489,3.38688,8.56347e+06,3.61194e+06,2.08945e+07,0,0,0,9.32321e+07
72.912,85.139,1.39165,0.02,0.02,3.21079,3.51319,0,0.601613,6.048,4.12061e+06,2.70226e+06,1.32304e+07,0,0,0,3.43163e+08,61.3853,61.308,2.55643,0,0,2.44024,2.13784,0,1.88511,3.38688,8.56347e+06,3.61194e+06,2.0897e+07,0,0,0,9.32321e+07
70.7322,85.139,1.21237,0.05,0.02,3.44592,3.74832,0,0.601701,6.048,4.12061e+06,2.70226e+06,1.41993e+07,0,0,0,3.43163e+08,61.0905,61.308,2.52838,0,0,2.62462,2.32222,0,1.88533,3.38688,8.56347e+06,3.61194e+06,2.24758e+07,0,0,0,9.32321e+07
68.5385,85.139,1.19864,0.05,0.02,3.44643,3.74883,0,0.645766,6.048,4.12061e+06,2.70226e+06,1.42014e+07,0,0,0,3.43163e+08,60.7844,61.308,2.60428,0,0,2.62493,2.32253,0,2.02778,3.38688,8.56347e+06,3.61194e+06,2.24785e+07,0,0,0,9.32321e+07
66.2937,85.139,1.12302,0.05,0.02,3.44693,3.74933,0,0.645861,6.048,4.12061e+06,2.70226e+06,1.42035e+07,0,0,0,3.43163e+08,60.448,61.308,2.45953,0,0,2.62524,2.32284,0,2.02802,3.38688,8.56347e+06,3.61194e+06,2.24812e+07,0,0,0,9.32321e+07
64.3244,85.139,1.37647,0.07,0.02,3.44744,3.74984,0,0.645955,6.048,4.12061e+06,2.70226e+06,1.42056e+07,0,0,0,3.43163e+08,60.1519,61.308,2.70721,0,0,2.62556,2.32316,0,2.02826,3.38688,8.56347e+06,3.61194e+06,2.24839e+07,0,0,0,9.32321e+07
62.1281,85.139,1.12011,0.07,0.02,3.44794,3.75034,0,0.64605,6.048,4.12061e+06,2.70226e+06,1.42076e+07,0,0,0,3.43163e+08,59.8042,61.308,2.47715,0,0,2.62587,2.32347,0,2.0285,3.38688,8.56347e+06,3.61194e+06,2.24866e+07,0,0,0,9.32321e+07
60.2236,85.139,1.28969,0.1,0.02,3.33401,3.63641,0,0.646145,6.048,4.12061e+06,2.70226e+06,1.37381e+07,0,0,0,3.43163e+08,59.5349,61.308,3.23543,0,0,2.51438,2.21198,0,2.02875,3.38688,8.56347e+06,3.61194e+06,2.15318e+07,0,0,0,9.32321e+07
58.3806,85.139,1.33796,0.09,0.02,3.3345,3.6369,0,0.624793,6.048,4.12061e+06,2.70226e+06,1.37402e+07,0,0,0,3.43163e+08,59.3439,61.308,3.38325,0,0,2.51467,2.21227,0,1.94261,3.38688,8.56347e+06,3.61194e+06,2.15343e+07,0,0,0,9.32321e+07
56.6564,85.139,1.46198,0.08,0.02,3.33499,3.63739,0,0.624885,6.048,4.12061e+06,2.70226e+06,1.37422e+07,0,0,0,3.43163e+08,59.1935,61.308,3.61344,0,0,2.51497,2.21257,0,1.94284,3.38688,8.56347e+06,3.61194e+06,2.15369e+07,0,0,0,9.32321e+07
55.0747,85.139,1.70808,0.11,0.02,3.33548,3.63788,0,0.624977,6.048,4.12061e+06,2.70226e+06,1.37442e+07,0,0,0,3.43163e+08,59.4029,61.308,4.61551,0,0,2.51527,2.21287,0,1.94307,3.38688,8.56347e+06,3.61194e+06,2.15394e+07,0,0,0,9.32321e+07
53.3383,85.139,1.49428,0.11,0.02,3.24198,3.54438,0,0.625069,6.048,4.12061e+06,2.70226e+06,1.33589e+07,0,0,0,3.43163e+08,59.3233,61.308,2.91725,0,0,2.41374,2.11134,0,1.9433,3.38688,8.56347e+06,3.61194e+06,2.067e+07,0,0,0,9.32321e+07
51.8479,85.139,1.65157,0.09,0.02,3.24246,3.54486,0,0.607547,6.048,4.12061e+06,2.70226e+06,1.33609e+07,0,0,0,3.43163e+08,59.318,61.308,2.60539,0,0,2.41402,2.11162,0,1.86486,3.38688,8.56347e+06,3.61194e+06,2.06724e+07,0,0,0,9.32321e+07
51.2382,85.139,2.54998,0.09,0.02,3.24294,3.54534,0,0.607637,6.048,4.12061e+06,2.70226e+06,1.33629e+07,0,0,0,3.43163e+08,59.4706,61.308,3.16699,0,0,2.41431,2.11191,0,1.86508,3.38688,8.56347e+06,3.61194e+06,2.06749e+07,0,0,0,9.32321e+07
54.0303,85.139,6.16025,0.1,0.02,3.24341,3.54581,0,0.607726,6.048,4.12061e+06,2.70226e+06,1.33648e+07,0,0,0,3.43163e+08,61.1301,61.308,8.10012,0,0,2.41459,2.11219,0,1.8653,3.38688,8.56347e+06,3.61194e+06,2.06773e+07,0,0,0,9.32321e+07
57.348,85.139,6.43059,0.1,0.02,2.97681,3.27921,0,0.607816,6.048,4.12061e+06,2.70226e+06,1.22663e+07,0,0,0,3.43163e+08,62.3362,61.308,7.32717,0,0,2.20269,1.90029,0,1.86552,3.38688,8.56347e+06,3.61194e+06,1.88626e+07,0,0,0,9.32321e+07
62.6254,85.139,9.03244,0.06,0.02,2.97726,3.27966,0,0.557855,6.048,4.12061e+06,2.70226e+06,1.22681e+07,0,0,0,3.43163e+08,62.3362,61.308,11.354,0,0,2.20294,1.90054,0,1.7018,3.38688,8.56347e+06,3.61194e+06,1.88648e+07,0,0,0,9.32321e+07
67.0348,85.139,7.97705,0.04,0.02,2.9777,3.2801,0,0.557938,6.048,4.12061e+06,2.70226e+06,1.22699e+07,0,0,0,3.43163e+08,62.3362,61.308,9.82641,0,0,2.2032,1.9008,0,1.70199,3.38688,8.56347e+06,3.61194e+06,1.8867e+07,0,0,0,9.32321e+07
73.5425,85.139,10.1787,0.05,0.02,2.97814,3.28054,0,0.558021,6.048,4.12061e+06,2.70226e+06,1.22718e+07,0,0,0,3.43163e+08,62.3362,61.308,12.8843,0,0,2.20346,1.90106,0,1.70219,3.38688,8.56347e+06,3.61194e+06,1.88692e+07,0,0,0,9.32321e+07
79.928,85.139,10.2298,0.03,0.02,2.97858,3.28098,0,0.558104,6.048,4.12061e+06,2.70226e+06,1.22736e+07,0,0,0,3.43163e+08,62.3362,61.308,16.2867,0,0,2.20371,1.90131,0,1.70239,3.38688,8.56347e+06,3.61194e+06,1.88714e+07,0,0,0,9.32321e+07
85.139,85.139,9.74356,0.01,0.02,3.0818,3.3842,0,0.558186,6.048,4.12061e+06,2.70226e+06,1.26989e+07,0,0,0,3.43163e+08,62.3362,61.308,15.1061,0,0,2.26544,1.96304,0,1.70259,3.38688,8.56347e+06,3.61194e+06,1.94e+07,0,0,0,9.32321e+07
88.0451,110.355,6.80962,0.01,0.02,3.08223,3.38463,0,0.57753,6.048,4.12061e+06,2.70226e+06,1.27007e+07,0,0,0,3.43163e+08,62.3362,61.308,10.2445,0,0,2.26569,1.96329,0,1.75028,3.38688,8.56347e+06,3.61194e+06,1.94021e+07,0,0,0,9.32321e+07
90.6407,110.355,6.54111,0.01,0.02,3.08265,3.38505,0,0.577609,6.048,4.12061e+06,2.70226e+06,1.27024e+07,0,0,0,3.43163e+08,62.3362,61.308,7.54321,0,0,2.26593,1.96353,0,1.75047,3.38688,8.56347e+06,3.61194e+06,1.94043e+07,0,0,0,9.32321e+07
91.9457,110.355,5.12893,0.01,0.02,3.08308,3.38548,0,0.577689,6.048,4.12061e+06,2.70226e+06,1.27042e+07,0,0,0,3.43163e+08,62.3362,61.308,6.13181,0,0,2.26618,1.96378,0,1.75066,3.38688,8.56347e+06,3.61194e+06,1.94064e+07,0,0,0,9.32321e+07
92.6475,110.355,4.75176,0.01,0.02,3.41375,3.71615,0,0.577768,6.048,4.12061e+06,2.70226e+06,1.40667e+07,0,0,0,3.43163e+08,62.3362,61.308,6.24675,0,0,2.49735,2.19495,0,1.75085,3.38688,8.56347e+06,3.61194e+06,2.1386e+07,0,0,0,9.32321e+07
94.6653,110.355,6.2028,0.01,0.02,3.41422,3.71662,0,0.639737,6.048,4.12061e+06,2.70226e+06,1.40687e+07,0,0,0,3.43163e+08,62.3362,61.308,10.2584,0,0,2.49763,2.19523,0,1.92945,3.38688,8.56347e+06,3.61194e+06,2.13884e+07,0,0,0,9.32321e+07
96.2213,110.355,5.84297,0.01,0.02,3.41468,3.71708,0,0.639824,6.048,4.12061e+06,2.70226e+06,1.40706e+07,0,0,0,3.43163e+08,62.3362,61.308,7.31055,0,0,2.4979,2.1955,0,1.92967,3.38688,8.56347e+06,3.61194e+06,2.13907e+07,0,0,0,9.32321e+07
101.454,110.355,9.98539,0,0.02,3.71755,3.71755,0,0.639911,6.048,4.12061e+06,2.70226e+06,1.53186e+07,0,0,0,3.43163e+08,62.3362,61.308,9.71813,0,0,2.19578,2.19578,0,1.92988,3.38688,8.56347e+06,3.61194e+06,1.88035e+07,0,0,0,9.32321e+07
102.696,110.355,5.52523,0,0.02,3.24673,3.24673,0,0.696668,6.048,4.12061e+06,2.70226e+06,1.33785e+07,0,0,0,3.43163e+08,62.3362,61.308,7.24048,0,0,1.88599,1.88599,0,1.69646,3.38688,8.56347e+06,3.61194e+06,1.61506e+07,0,0,0,9.32321e+07
104.86,110.355,6.27275,0,0.02,3.24714,3.24714,0,0.608437,6.048,4.12061e+06,2.70226e+06,1.33802e+07,0,0,0,3.43163e+08,62.3362,61.308,7.36512,0,0,1.88622,1.88622,0,1.45711,3.38688,8.56347e+06,3.61194e+06,1.61526e+07,0,0,0,9.32321e+07
105.69,110.355,4.97809,0,0.02,3.24754,3.24754,0,0.608513,6.048,4.12061e+06,2.70226e+06,1.33819e+07,0,0,0,3.43163e+08,62.3362,61.308,5.71374,0,0,1.88646,1.88646,0,1.4573,3.38688,8.56347e+06,3.61194e+06,1.61547e+07,0,0,0,9.32321e+07
105.693,110.355,4.02622,0,0.02,3.24795,3.24795,0,0.60859,6.048,4.12061e+06,2.70226e+06,1.33835e+07,0,0,0,3.43163e+08,62.3362,61.308,4.26131,0,0,1.8867,1.8867,0,1.45748,3.38688,8.56347e+06,3.61194e+06,1.61567e+07,0,0,0,9.32321e+07
106.259,110.355,4.53754,0,0.02,3.24836,3.24836,0,0.608666,6.048,4.12061e+06,2.70226e+06,1.33852e+07,0,0,0,3.43163e+08,62.3362,61.308,5.51361,0,0,1.88693,1.88693,0,1.45766,3.38688,8.56347e+06,3.61194e+06,1.61587e+07,0,0,0,9.32321e+07
106.382,110.355,4.26725,0,0.02,3.36746,3.36746,0,0.608742,6.048,4.12061e+06,2.70226e+06,1.3876e+07,0,0,0,3.43163e+08,62.3362,61.308,4.36941,0,0,1.96307,1.96307,0,1.45784,3.38688,8.56347e+06,3.61194e+06,1.68107e+07,0,0,0,9.32321e+07
106.426,110.355,4.23999,0,0.02,3.36789,3.36789,0,0.631063,6.048,4.12061e+06,2.70226e+06,1.38777e+07,0,0,0,3.43163e+08,62.3362,61.308,4.07438,0,0,1.96331,1.96331,0,1.51667,3.38688,8.56347e+06,3.61194e+06,1.68128e+07,0,0,0,9.32321e+07
105.939,110.355,3.61972,0,0.02,3.36831,3.36831,0,0.631142,6.048,4.12061e+06,2.70226e+06,1.38795e+07,0,0,0,3.43163e+08,62.3362,61.308,4.21291,0,0,1.96356,1.96356,0,1.51686,3.38688,8.56347e+06,3.61194e+06,1.68149e+07,0,0,0,9.32321e+07
105.493,110.355,3.64279,0,0.02,3.36873,3.36873,0,0.631221,6.048,4.12061e+06,2.70226e+06,1.38812e+07,0,0,0,3.43163e+08,62.3362,61.308,3.83837,0,0,1.96381,1.96381,0,1.51705,3.38688,8.56347e+06,3.61194e+06,1.6817e+07,0,0,0,9.32321e+07
104.877,110.355,3.36609,0,0.02,3.32271,3.32271,0,0.6313,6.048,4.12061e+06,2.70226e+06,1.36916e+07,0,0,0,3.43163e+08,62.3362,61.308,4.19171,0,0,1.93456,1.93456,0,1.51724,3.38688,8.56347e+06,3.61194e+06,1.65665e+07,0,0,0,9.32321e+07
103.647,110.355,2.70633,0,0.02,3.32313,3.32313,0,0.622677,6.048,4.12061e+06,2.70226e+06,1.36933e+07,0,0,0,3.43163e+08,62.3362,61.308,4.12741,0,0,1.9348,1.9348,0,1.49464,3.38688,8.56347e+06,3.61194e+06,1.65686e+07,0,0,0,9.32321e+07
103.594,110.355,3.90388,0,0.02,3.32355,3.32355,0,0.622755,6.048,4.12061e+06,2.70226e+06,1.3695e+07,0,0,0,3.43163e+08,62.3362,61.308,4.69392,0,0,1.93504,1.93504,0,1.49483,3.38688,8.56347e+06,3.61194e+06,1.65707e+07,0,0,0,9.32321e+07
102.661,110.355,2.95685,0,0.02,3.32396,3.32396,0,0.622833,6.048,4.12061e+06,2.70226e+06,1.36968e+07,0,0,0,3.43163e+08,62.3362,61.308,4.2506,0,0,1.93528,1.93528,0,1.49501,3.38688,8.56347e+06,3.61194e+06,1.65727e+07,0,0,0,9.32321e+07
101.139,110.355,2.42316,0,0.02,3.48208,3.48208,0,0.62291,6.048,4.12061e+06,2.70226e+06,1.43483e+07,0,0,0,3.43163e+08,62.3362,61.308,3.59639,0,0,2.04017,2.04017,0,1.4952,3.38688,8.56347e+06,3.61194e+06,1.74709e+07,0,0,0,9.32321e+07
99.5188,110.355,2.24591,0,0.02,3.48251,3.48251,0,0.652541,6.048,4.12061e+06,2.70226e+06,1.43501e+07,0,0,0,3.43163e+08,62.3362,61.308,3.05707,0,0,2.04043,2.04043,0,1.57624,3.38688,8.56347e+06,3.61194e+06,1.74731e+07,0,0,0,9.32321e+07
97.8849,110.355,2.21627,0,0.02,3.48295,3.48295,0,0.652623,6.048,4.12061e+06,2.70226e+06,1.43519e+07,0,0,0,3.43163e+08,62.3362,61.308,3.11446,0,0,2.04068,2.04068,0,1.57643,3.38688,8.56347e+06,3.61194e+06,1.74753e+07,0,0,0,9.32321e+07
96.1316,110.355,2.07595,0,0.02,3.48338,3.48338,0,0.652704,6.048,4.12061e+06,2.70226e+06,1.43537e+07,0,0,0,3.43163e+08,62.3362,61.308,2.97689,0,0,2.04094,2.04094,0,1.57663,3.38688,8.56347e+06,3.61194e+06,1.74775e+07,0,0,0,9.32321e+07
94.3008,110.355,1.9469,0,0.02,3.48382,3.48382,0,0.652786,6.048,4.12061e+06,2.70226e+06,1.43555e+07,0,0,0,3.43163e+08,62.3362,61.308,2.80584,0,0,2.04119,2.04119,0,1.57683,3.38688,8.56347e+06,3.61194e+06,1.74797e+07,0,0,0,9.32321e+07
92.8015,110.355,1.88366,0.01,0.02,3.15065,3.45305,0,0.652867,6.048,4.12061e+06,2.70226e+06,1.29826e+07,0,0,0,3.43163e+08,62.1274,61.308,2.15067,0,0,2.4014,2.099,0,1.57702,3.38688,8.56347e+06,3.61194e+06,2.05643e+07,0,0,0,9.32321e+07
91.1988,110.355,1.76703,0.01,0.02,3.15108,3.45348,0,0.590431,6.048,4.12061e+06,2.70226e+06,1.29844e+07,0,0,0,3.43163e+08,61.816,61.308,1.95145,0,0,2.40166,2.09926,0,1.85532,3.38688,8.56347e+06,3.61194e+06,2.05665e+07,0,0,0,9.32321e+07
89.4498,110.355,1.60871,0.01,0.02,3.15151,3.45391,0,0.590512,6.048,4.12061e+06,2.70226e+06,1.29862e+07,0,0,0,3.43163e+08,61.3582,61.308,1.85789,0,0,2.40192,2.09952,0,1.85552,3.38688,8.56347e+06,3.61194e+06,2.05688e+07,0,0,0,9.32321e+07
87.5843,110.355,1.46165,0.02,0.02,3.15194,3.45434,0,0.590593,6.048,4.12061e+06,2.70226e+06,1.29879e+07,0,0,0,3.43163e+08,60.7644,61.308,1.70624,0,0,2.40218,2.09978,0,1.85572,3.38688,8.56347e+06,3.61194e+06,2.0571e+07,0,0,0,9.32321e+07
85.5764,110.355,1.33304,0.02,0.02,3.233,3.5354,0,0.590674,6.048,4.12061e+06,2.70226e+06,1.33219e+07,0,0,0,3.43163e+08,59.8584,61.308,1.53985,0,0,2.45376,2.15136,0,1.85593,3.38688,8.56347e+06,3.61194e+06,2.10127e+07,0,0,0,9.32321e+07
83.4257,110.355,1.17676,0.02,0.02,3.23344,3.53584,0,0.605865,6.048,4.12061e+06,2.70226e+06,1.33238e+07,0,0,0,3.43163e+08,58.7168,61.308,1.28537,0,0,2.45403,2.15163,0,1.89578,3.38688,8.56347e+06,3.61194e+06,2.1015e+07,0,0,0,9.32321e+07
81.2267,110.355,1.07199,0.02,0.02,3.23389,3.53629,0,0.605947,6.048,4.12061e+06,2.70226e+06,1.33256e+07,0,0,0,3.43163e+08,57.7708,61.308,1.12219,0,0,2.4543,2.1519,0,1.89598,3.38688,8.56347e+06,3.61194e+06,2.10173e+07,0,0,0,9.32321e+07
79.1388,110.355,1.16143,0.02,0.02,3.23433,3.53673,0,0.60603,6.048,4.12061e+06,2.70226e+06,1.33274e+07,0,0,0,3.43163e+08,56.9067,61.308,1.3825,0,0,2.45457,2.15217,0,1.89619,3.38688,8.56347e+06,3.61194e+06,2.10196e+07,0,0,0,9.32321e+07
76.8664,110.355,1.14947,0.02,0.02,3.471,3.7734,0,0.606113,6.048,4.12061e+06,2.70226e+06,1.43027e+07,0,0,0,3.43163e+08,56.1313,61.308,1.36501,0,0,2.64015,2.33775,0,1.8964,3.38688,8.56347e+06,3.61194e+06,2.26089e+07,0,0,0,9.32321e+07
74.2544,110.355,0.783562,0.05,0.02,3.47147,3.77387,0,0.650466,6.048,4.12061e+06,2.70226e+06,1.43046e+07,0,0,0,3.43163e+08,55.1785,61.308,1.34032,0,0,2.64045,2.33805,0,2.03978,3.38688,8.56347e+06,3.61194e+06,2.26114e+07,0,0,0,9.32321e+07
71.6251,110.355,0.738133,0.05,0.02,3.47195,3.77435,0,0.650554,6.048,4.12061e+06,2.70226e+06,1.43065e+07,0,0,0,3.43163e+08,54.3502,61.308,1.25058,0,0,2.64074,2.33834,0,2.04001,3.38688,8.56347e+06,3.61194e+06,2.26139e+07,0,0,0,9.32321e+07
69.2788,110.355,1.00184,0.07,0.02,3.47242,3.77482,0,0.650643,6.048,4.12061e+06,2.70226e+06,1.43085e+07,0,0,0,3.43163e+08,53.6907,61.308,1.41073,0,0,2.64103,2.33863,0,2.04023,3.38688,8.56347e+06,3.61194e+06,2.26164e+07,0,0,0,9.32321e+07
67.3594,110.355,1.47155,0.07,0.02,3.47289,3.77529,0,0.650731,6.048,4.12061e+06,2.70226e+06,1.43104e+07,0,0,0,3.43163e+08,52.8418,61.308,1.65805,0,0,2.64132,2.33892,0,2.04046,3.38688,8.56347e+06,3.61194e+06,2.26189e+07,0,0,0,9.32321e+07
64.9436,110.355,0.808544,0.1,0.02,3.35816,3.66056,0,0.650819,6.048,4.12061e+06,2.70226e+06,1.38377e+07,0,0,0,3.43163e+08,51.6817,61.308,1.16929,0,0,2.52907,2.22667,0,2.04069,3.38688,8.56347e+06,3.61194e+06,2.16576e+07,0,0,0,9.32321e+07
62.2407,110.355,0.498664,0.09,0.02,3.35862,3.66102,0,0.629319,6.048,4.12061e+06,2.70226e+06,1.38396e+07,0,0,0,3.43163e+08,50.555,61.308,0.98016,0,0,2.52934,2.22694,0,1.95396,3.38688,8.56347e+06,3.61194e+06,2.166e+07,0,0,0,9.32321e+07
59.7347,110.355,0.692156,0.08,0.02,3.35907,3.66147,0,0.629405,6.048,4.12061e+06,2.70226e+06,1.38414e+07,0,0,0,3.43163e+08,49.8398,61.308,1.0992,0,0,2.52962,2.22722,0,1.95417,3.38688,8.56347e+06,3.61194e+06,2.16623e+07,0,0,0,9.32321e+07
57.505,110.355,0.971068,0.11,0.02,3.35953,3.66193,0,0.62949,6.048,4.12061e+06,2.70226e+06,1.38433e+07,0,0,0,3.43163e+08,49.2666,61.308,1.8068,0,0,2.5299,2.2275,0,1.95439,3.38688,8.56347e+06,3.61194e+06,2.16647e+07,0,0,0,9.32321e+07
55.4505,110.355,1.0934,0.11,0.02,3.26538,3.56778,0,0.629576,6.048,4.12061e+06,2.70226e+06,1.34554e+07,0,0,0,3.43163e+08,48.7007,61.308,1.61752,0,0,2.42768,2.12528,0,1.9546,3.38688,8.56347e+06,3.61194e+06,2.07894e+07,0,0,0,9.32321e+07
55.1519,110.355,2.933,0.14,0.02,3.26583,3.56823,0,0.611932,6.048,4.12061e+06,2.70226e+06,1.34572e+07,0,0,0,3.43163e+08,48.413,61.308,2.46398,0,0,2.42794,2.12554,0,1.87562,3.38688,8.56347e+06,3.61194e+06,2.07916e+07,0,0,0,9.32321e+07
53.3502,110.355,1.33918,0.13,0.02,3.26627,3.56867,0,0.612016,6.048,4.12061e+06,2.70226e+06,1.3459e+07,0,0,0,3.43163e+08,47.8474,61.308,1.56935,0,0,2.42821,2.12581,0,1.87583,3.38688,8.56347e+06,3.61194e+06,2.07939e+07,0,0,0,9.32321e+07
51.6453,110.355,1.411,0.14,0.02,3.26672,3.56912,0,0.612099,6.048,4.12061e+06,2.70226e+06,1.34609e+07,0,0,0,3.43163e+08,47.3075,61.308,1.67714,0,0,2.42848,2.12608,0,1.87604,3.38688,8.56347e+06,3.61194e+06,2.07962e+07,0,0,0,9.32321e+07
50.7062,110.355,2.0082,0.13,0.02,2.99833,3.30073,0,0.612183,6.048,4.12061e+06,2.70226e+06,1.2355e+07,0,0,0,3.43163e+08,46.871,61.308,2.08766,0,0,2.21516,1.91276,0,1.87624,3.38688,8.56347e+06,3.61194e+06,1.89694e+07,0,0,0,9.32321e+07
51.8285,110.355,4.24129,0.12,0.02,2.99875,3.30115,0,0.561888,6.048,4.12061e+06,2.70226e+06,1.23567e+07,0,0,0,3.43163e+08,46.3859,61.308,2.38601,0,0,2.2154,1.913,0,1.71143,3.38688,8.56347e+06,3.61194e+06,1.89715e+07,0,0,0,9.32321e+07
50.9715,110.355,2.14777,0.12,0.02,2.99916,3.30156,0,0.561965,6.048,4.12061e+06,2.70226e+06,1.23584e+07,0,0,0,3.43163e+08,45.9053,61.308,1.52054,0,0,2.21564,1.91324,0,1.71162,3.38688,8.56347e+06,3.61194e+06,1.89735e+07,0,0,0,9.32321e+07
52.4964,110.355,4.52784,0.12,0.02,2.99957,3.30197,0,0.562042,6.048,4.12061e+06,2.70226e+06,1.23601e+07,0,0,0,3.43163e+08,45.4865,61.308,2.46807,0,0,2.21587,1.91347,0,1.7118,3.38688,8.56347e+06,3.61194e+06,1.89756e+07,0,0,0,9.32321e+07
55.3884,110.355,6.05187,0.12,0.02,2.99998,3.30238,0,0.56212,6.048,4.12061e+06,2.70226e+06,1.23618e+07,0,0,0,3.43163e+08,45.2402,61.308,3.37192,0,0,2.21611,1.91371,0,1.71198,3.38688,8.56347e+06,3.61194e+06,1.89776e+07,0,0,0,9.32321e+07
58.0449,110.355,5.85644,0.13,0.02,2.99998,3.30238,0,0.562197,6.048,4.12061e+06,2.70226e+06,1.23618e+07,0,0,0,3.43163e+08,45.4404,61.308,3.78947,0,0,2.21611,1.91371,0,1.71217,3.38688,8.56347e+06,3.61194e+06,1.89776e+07,0,0,0,9.32321e+07
57.7123,110.355,2.88726,0.11,0.04,3.10385,3.40625,0,0.562197,6.048,4.12061e+06,2.70226e+06,1.27897e+07,0,0,0,7.16987e+08,45.7086,61.308,3.27997,0,0,2.27823,1.97583,0,1.71217,3.38688,8.56347e+06,3.61194e+06,1.95095e+07,0,0,0,9.32321e+07
57.268,110.355,2.75859,0.12,0.04,3.10424,3.40664,0,0.581661,6.048,4.12061e+06,2.70226e+06,1.27914e+07,0,0,0,7.16987e+08,45.9901,61.308,3.32966,0,0,2.27846,1.97606,0,1.76016,3.38688,8.56347e+06,3.61194e+06,1.95115e+07,0,0,0,9.32321e+07
56.9539,110.355,2.95458,0.12,0.04,3.10463,3.40703,0,0.581735,6.048,4.12061e+06,2.70226e+06,1.2793e+07,0,0,0,7.16987e+08,46.2195,61.308,3.2196,0,0,2.27868,1.97628,0,1.76034,3.38688,8.56347e+06,3.61194e+06,1.95134e+07,0,0,0,9.32321e+07
56.438,110.355,2.74269,0.13,0.04,3.10503,3.40743,0,0.581808,6.048,4.12061e+06,2.70226e+06,1.27946e+07,0,0,0,7.16987e+08,46.1343,61.308,3.0691,0,0,2.27891,1.97651,0,1.76051,3.38688,8.56347e+06,3.61194e+06,1.95154e+07,0,0,0,9.32321e+07
55.3738,110.355,2.41862,0.13,0.04,3.43781,3.74021,0,0.581882,6.048,4.12061e+06,2.70226e+06,1.41659e+07,0,0,0,7.16987e+08,46.3395,61.308,2.39074,0,0,2.51156,2.20916,0,1.76069,3.38688,8.56347e+06,3.61194e+06,2.15077e+07,0,0,0,9.32321e+07
55.7711,110.355,3.97204,0.21,0.04,3.43824,3.74064,0,0.644246,6.048,4.12061e+06,2.70226e+06,1.41677e+07,0,0,0,7.16987e+08,47.2376,61.308,4.27349,0,0,2.51182,2.20942,0,1.94043,3.38688,8.56347e+06,3.61194e+06,2.15099e+07,0,0,0,9.32321e+07
55.1598,110.355,2.88296,0.21,0.04,3.43868,3.74108,0,0.644327,6.048,4.12061e+06,2.70226e+06,1.41694e+07,0,0,0,7.16987e+08,47.2182,61.308,3.16026,0,0,2.51207,2.20967,0,1.94063,3.38688,8.56347e+06,3.61194e+06,2.15121e+07,0,0,0,9.32321e+07
54.0176,110.355,2.27696,0.24,0.04,3.43911,3.74151,0,0.644408,6.048,4.12061e+06,2.70226e+06,1.41712e+07,0,0,0,7.16987e+08,47.028,61.308,1.95824,0,0,2.51233,2.20993,0,1.94083,3.38688,8.56347e+06,3.61194e+06,2.15143e+07,0,0,0,9.32321e+07
54.2438,110.355,3.30318,0.25,0.04,2.96522,3.26762,0,0.644489,6.048,4.12061e+06,2.70226e+06,1.22185e+07,0,0,0,7.16987e+08,47.3581,61.308,3.0388,0,0,2.20053,1.89813,0,1.94103,3.38688,8.56347e+06,3.61194e+06,1.88441e+07,0,0,0,9.32321e+07
54.9045,110.355,3.83699,0.27,0.04,2.9656,3.268,0,0.555683,6.048,4.12061e+06,2.70226e+06,1.22201e+07,0,0,0,7.16987e+08,47.9059,61.308,3.44439,0,0,2.20075,1.89835,0,1.70013,3.38688,8.56347e+06,3.61194e+06,1.8846e+07,0,0,0,9.32321e+07
56.8599,110.355,5.23695,0.3,0.04,2.96598,3.26838,0,0.555754,6.048,4.12061e+06,2.70226e+06,1.22217e+07,0,0,0,7.16987e+08,48.382,61.308,3.3637,0,0,2.20096,1.89856,0,1.7003,3.38688,8.56347e+06,3.61194e+06,1.88479e+07,0,0,0,9.32321e+07
57.6598,110.355,4.00902,0.22,0.04,2.96636,3.26876,0,0.555825,6.048,4.12061e+06,2.70226e+06,1.22232e+07,0,0,0,7.16987e+08,48.7606,61.308,3.43018,0,0,2.20118,1.89878,0,1.70047,3.38688,8.56347e+06,3.61194e+06,1.88498e+07,0,0,0,9.32321e+07
59.1643,110.355,4.73955,0.24,0.04,2.96673,3.26913,0,0.555895,6.048,4.12061e+06,2.70226e+06,1.22248e+07,0,0,0,7.16987e+08,49.3024,61.308,3.67492,0,0,2.2014,1.899,0,1.70063,3.38688,8.56347e+06,3.61194e+06,1.88516e+07,0,0,0,9.32321e+07
60.5888,110.355,4.72514,0.25,0.04,3.08657,3.38897,0,0.555966,6.048,4.12061e+06,2.70226e+06,1.27186e+07,0,0,0,7.16987e+08,49.7589,61.308,3.51981,0,0,2.27801,1.97561,0,1.7008,3.38688,8.56347e+06,3.61194e+06,1.95076e+07,0,0,0,9.32321e+07
61.389,110.355,4.09036,0.26,0.04,3.08696,3.38936,0,0.578424,6.048,4.12061e+06,2.70226e+06,1.27202e+07,0,0,0,7.16987e+08,50.3636,61.308,3.87121,0,0,2.27824,1.97584,0,1.75999,3.38688,8.56347e+06,3.61194e+06,1.95096e+07,0,0,0,9.32321e+07
62.4971,110.355,4.41635,0.26,0.04,3.08736,3.38976,0,0.578497,6.048,4.12061e+06,2.70226e+06,1.27218e+07,0,0,0,7.16987e+08,50.6183,61.308,3.22383,0,0,2.27846,1.97606,0,1.76016,3.38688,8.56347e+06,3.61194e+06,1.95116e+07,0,0,0,9.32321e+07
62.452,110.355,3.16409,0.11,0.04,3.08775,3.39015,0,0.57857,6.048,4.12061e+06,2.70226e+06,1.27234e+07,0,0,0,7.16987e+08,50.6556,61.308,2.53835,0,0,2.27869,1.97629,0,1.76034,3.38688,8.56347e+06,3.61194e+06,1.95135e+07,0,0,0,9.32321e+07
61.8888,110.355,2.57256,0.09,0.04,3.04141,3.34381,0,0.578644,6.048,4.12061e+06,2.70226e+06,1.25325e+07,0,0,0,7.16987e+08,50.7504,61.308,2.61528,0,0,2.24924,1.94684,0,1.76052,3.38688,8.56347e+06,3.61194e+06,1.92613e+07,0,0,0,9.32321e+07
61.1603,110.355,2.33103,0.08,0.04,3.04179,3.34419,0,0.56996,6.048,4.12061e+06,2.70226e+06,1.25341e+07,0,0,0,7.16987e+08,50.6734,61.308,2.31964,0,0,2.24946,1.94706,0,1.73776,3.38688,8.56347e+06,3.61194e+06,1.92632e+07,0,0,0,9.32321e+07
60.3999,110.355,2.26239,0.17,0.04,3.04218,3.34458,0,0.570032,6.048,4.12061e+06,2.70226e+06,1.25356e+07,0,0,0,7.16987e+08,50.6484,61.308,2.49398,0,0,2.24969,1.94729,0,1.73794,3.38688,8.56347e+06,3.61194e+06,1.92651e+07,0,0,0,9.32321e+07
59.5013,110.355,2.10146,0.16,0.04,3.04257,3.34497,0,0.570105,6.048,4.12061e+06,2.70226e+06,1.25372e+07,0,0,0,7.16987e+08,50.5599,61.308,2.27538,0,0,2.24991,1.94751,0,1.73811,3.38688,8.56347e+06,3.61194e+06,1.92671e+07,0,0,0,9.32321e+07
58.3227,110.355,1.92249,0.13,0.04,3.20165,3.50405,0,0.570177,6.048,4.12061e+06,2.70226e+06,1.31927e+07,0,0,0,7.16987e+08,50.4436,61.308,2.21036,0,0,2.35544,2.05304,0,1.73828,3.38688,8.56347e+06,3.61194e+06,2.01708e+07,0,0,0,9.32321e+07
57.0067,110.355,1.72174,0.09,0.04,3.20205,3.50445,0,0.599988,6.048,4.12061e+06,2.70226e+06,1.31944e+07,0,0,0,7.16987e+08,50.3043,61.308,2.19542,0,0,2.35568,2.05328,0,1.81982,3.38688,8.56347e+06,3.61194e+06,2.01728e+07,0,0,0,9.32321e+07
55.6874,110.355,1.69749,0.09,0.04,3.20245,3.50485,0,0.600064,6.048,4.12061e+06,2.70226e+06,1.31961e+07,0,0,0,7.16987e+08,50.2287,61.308,2.22809,0,0,2.35592,2.05352,0,1.82,3.38688,8.56347e+06,3.61194e+06,2.01748e+07,0,0,0,9.32321e+07
54.2839,110.355,1.58762,0.18,0.04,3.20286,3.50526,0,0.60014,6.048,4.12061e+06,2.70226e+06,1.31977e+07,0,0,0,7.16987e+08,50.0914,61.308,2.10743,0,0,2.35615,2.05375,0,1.82018,3.38688,8.56347e+06,3.61194e+06,2.01769e+07,0,0,0,9.32321e+07
53.5279,110.355,2.23197,0.15,0.04,3.20326,3.50566,0,0.600216,6.048,4.12061e+06,2.70226e+06,1.31994e+07,0,0,0,7.16987e+08,50.1003,61.308,2.70338,0,0,2.35639,2.05399,0,1.82036,3.38688,8.56347e+06,3.61194e+06,2.01789e+07,0,0,0,9.32321e+07
52.8787,110.355,2.31088,0.15,0.04,3.17227,3.47467,0,0.600292,6.048,4.12061e+06,2.70226e+06,1.30717e+07,0,0,0,7.16987e+08,50.1659,61.308,3.04807,0,0,2.41454,2.11214,0,1.82055,3.38688,8.56347e+06,3.61194e+06,2.06768e+07,0,0,0,9.32321e+07
52.0241,110.355,2.08614,0.14,0.04,3.17267,3.47507,0,0.594483,6.048,4.12061e+06,2.70226e+06,1.30733e+07,0,0,0,7.16987e+08,50.1668,61.308,2.71492,0,0,2.41478,2.11238,0,1.86547,3.38688,8.56347e+06,3.61194e+06,2.06789e+07,0,0,0,9.32321e+07
51.1137,110.355,1.98805,0.13,0.04,3.17307,3.47547,0,0.594558,6.048,4.12061e+06,2.70226e+06,1.3075e+07,0,0,0,7.16987e+08,50.0697,61.308,2.64393,0,0,2.41503,2.11263,0,1.86566,3.38688,8.56347e+06,3.61194e+06,2.0681e+07,0,0,0,9.32321e+07
49.9082,110.355,1.65387,0.14,0.04,3.17347,3.47587,0,0.594633,6.048,4.12061e+06,2.70226e+06,1.30766e+07,0,0,0,7.16987e+08,49.822,61.308,2.26749,0,0,2.41527,2.11287,0,1.86585,3.38688,8.56347e+06,3.61194e+06,2.06831e+07,0,0,0,9.32321e+07
48.548,110.355,1.54863,0.19,0.04,3.255,3.5574,0,0.594708,6.048,4.12061e+06,2.70226e+06,1.34126e+07,0,0,0,7.16987e+08,49.5416,61.308,1.98727,0,0,2.46715,2.16475,0,1.86604,3.38688,8.56347e+06,3.61194e+06,2.11274e+07,0,0,0,9.32321e+07
47.0816,110.355,1.399,0.2,0.04,3.25541,3.55781,0,0.609987,6.048,4.12061e+06,2.70226e+06,1.34143e+07,0,0,0,7.16987e+08,49.0227,61.308,1.89791,0,0,2.4674,2.165,0,1.90612,3.38688,8.56347e+06,3.61194e+06,2.11295e+07,0,0,0,9.32321e+07
45.523,110.355,1.27425,0.2,0.04,3.25582,3.55822,0,0.610064,6.048,4.12061e+06,2.70226e+06,1.3416e+07,0,0,0,7.16987e+08,48.5882,61.308,1.65042,0,0,2.46765,2.16525,0,1.90631,3.38688,8.56347e+06,3.61194e+06,2.11316e+07,0,0,0,9.32321e+07
44.1066,110.355,1.38123,0.21,0.04,3.25623,3.55863,0,0.610141,6.048,4.12061e+06,2.70226e+06,1.34177e+07,0,0,0,7.16987e+08,48.236,61.308,2.03863,0,0,2.4679,2.1655,0,1.90651,3.38688,8.56347e+06,3.61194e+06,2.11338e+07,0,0,0,9.32321e+07
42.4352,110.355,1.26619,0.26,0.04,3.49434,3.79674,0,0.610218,6.048,4.12061e+06,2.70226e+06,1.43988e+07,0,0,0,7.16987e+08,47.7545,61.308,1.81083,0,0,2.65461,2.35221,0,1.9067,3.38688,8.56347e+06,3.61194e+06,2.27327e+07,0,0,0,9.32321e+07
40.6373,110.355,1.09477,0.27,0.04,3.49477,3.79717,0,0.654839,6.048,4.12061e+06,2.70226e+06,1.44006e+07,0,0,0,7.16987e+08,47.212,61.308,1.65349,0,0,2.65488,2.35248,0,2.05095,3.38688,8.56347e+06,3.61194e+06,2.2735e+07,0,0,0,9.32321e+07
38.9532,110.355,1.15697,0.28,0.04,3.49521,3.79761,0,0.654921,6.048,4.12061e+06,2.70226e+06,1.44024e+07,0,0,0,7.16987e+08,46.7689,61.308,1.63166,0,0,2.65515,2.35275,0,2.05116,3.38688,8.56347e+06,3.61194e+06,2.27373e+07,0,0,0,9.32321e+07
37.8594,110.355,1.73503,0.31,0.04,3.49565,3.79805,0,0.655003,6.048,4.12061e+06,2.70226e+06,1.44042e+07,0,0,0,7.16987e+08,46.4248,61.308,1.95059,0,0,2.65542,2.35302,0,2.05137,3.38688,8.56347e+06,3.61194e+06,2.27396e+07,0,0,0,9.32321e+07
36.7539,110.355,1.72562,0.3,0.04,3.49609,3.79849,0,0.655085,6.048,4.12061e+06,2.70226e+06,1.4406e+07,0,0,0,7.16987e+08,46.1214,61.308,1.95094,0,0,2.6557,2.3533,0,2.05158,3.38688,8.56347e+06,3.61194e+06,2.2742e+07,0,0,0,9.32321e+07
36.4167,110.355,2.425,0.32,0.04,3.38062,3.68302,0,0.655167,6.048,4.12061e+06,2.70226e+06,1.39302e+07,0,0,0,7.16987e+08,46.1148,61.308,3.30318,0,0,2.54273,2.24033,0,2.05179,3.38688,8.56347e+06,3.61194e+06,2.17746e+07,0,0,0,9.32321e+07
34.8301,110.355,1.13105,0.32,0.04,3.38104,3.68344,0,0.633528,6.048,4.12061e+06,2.70226e+06,1.3932e+07,0,0,0,7.16987e+08,45.7403,61.308,1.74294,0,0,2.54299,2.24059,0,1.96451,3.38688,8.56347e+06,3.61194e+06,2.17768e+07,0,0,0,9.32321e+07
33.5421,110.355,1.38477,0.3,0.04,3.38147,3.68387,0,0.633607,6.048,4.12061e+06,2.70226e+06,1.39337e+07,0,0,0,7.16987e+08,45.5152,61.308,1.94254,0,0,2.54324,2.24084,0,1.96471,3.38688,8.56347e+06,3.61194e+06,2.1779e+07,0,0,0,9.32321e+07
34.5383,110.355,3.72639,0.28,0.04,3.38189,3.68429,0,0.633687,6.048,4.12061e+06,2.70226e+06,1.39355e+07,0,0,0,7.16987e+08,45.7967,61.308,4.26462,0,0,2.5435,2.2411,0,1.96491,3.38688,8.56347e+06,3.61194e+06,2.17812e+07,0,0,0,9.32321e+07
34.2217,110.355,2.40306,0.26,0.04,3.28713,3.58953,0,0.633766,6.048,4.12061e+06,2.70226e+06,1.3545e+07,0,0,0,7.16987e+08,45.6748,61.308,2.42264,0,0,2.44064,2.13824,0,1.96511,3.38688,8.56347e+06,3.61194e+06,2.09003e+07,0,0,0,9.32321e+07
36.2799,110.355,4.88658,0.26,0.04,3.28755,3.58995,0,0.616008,6.048,4.12061e+06,2.70226e+06,1.35467e+07,0,0,0,7.16987e+08,46.8377,61.308,6.59458,0,0,2.44088,2.13848,0,1.88564,3.38688,8.56347e+06,3.61194e+06,2.09024e+07,0,0,0,9.32321e+07
36.5875,110.355,3.1233,0.28,0.04,3.28796,3.59036,0,0.616086,6.048,4.12061e+06,2.70226e+06,1.35484e+07,0,0,0,7.16987e+08,47.1399,61.308,3.64063,0,0,2.44113,2.13873,0,1.88583,3.38688,8.56347e+06,3.61194e+06,2.09045e+07,0,0,0,9.32321e+07
38.9452,110.355,5.31843,0.29,0.04,3.28837,3.59077,0,0.616164,6.048,4.12061e+06,2.70226e+06,1.35501e+07,0,0,0,7.16987e+08,47.76,61.308,3.95064,0,0,2.44138,2.13898,0,1.88602,3.38688,8.56347e+06,3.61194e+06,2.09066e+07,0,0,0,9.32321e+07
38.626,110.355,2.36713,0.29,0.04,3.01833,3.32073,0,0.616241,6.048,4.12061e+06,2.70226e+06,1.24374e+07,0,0,0,7.16987e+08,47.9328,61.308,3.01971,0,0,2.22674,1.92434,0,1.88621,3.38688,8.56347e+06,3.61194e+06,1.90687e+07,0,0,0,9.32321e+07
39.682,110.355,3.82366,0.3,0.04,3.01871,3.32111,0,0.565635,6.048,4.12061e+06,2.70226e+06,1.24389e+07,0,0,0,7.16987e+08,48.378,61.308,3.68891,0,0,2.22697,1.92457,0,1.72038,3.38688,8.56347e+06,3.61194e+06,1.90706e+07,0,0,0,9.32321e+07
40.2643,110.355,3.35024,0.22,0.04,3.0191,3.3215,0,0.565707,6.048,4.12061e+06,2.70226e+06,1.24405e+07,0,0,0,7.16987e+08,48.4843,61.308,2.58126,0,0,2.22719,1.92479,0,1.72055,3.38688,8.56347e+06,3.61194e+06,1.90725e+07,0,0,0,9.32321e+07
42.3213,110.355,4.90631,0.21,0.04,3.01948,3.32188,0,0.565779,6.048,4.12061e+06,2.70226e+06,1.24421e+07,0,0,0,7.16987e+08,49.534,61.308,5.03093,0,0,2.22741,1.92501,0,1.72073,3.38688,8.56347e+06,3.61194e+06,1.90744e+07,0,0,0,9.32321e+07
43.9238,110.355,4.47495,0.24,0.04,3.01986,3.32226,0,0.56585,6.048,4.12061e+06,2.70226e+06,1.24437e+07,0,0,0,7.16987e+08,49.4917,61.308,3.44879,0,0,2.22763,1.92523,0,1.7209,3.38688,8.56347e+06,3.61194e+06,1.90763e+07,0,0,0,9.32321e+07
43.1842,110.355,2.14991,0.28,0.04,3.12432,3.42672,0,0.565922,6.048,4.12061e+06,2.70226e+06,1.28741e+07,0,0,0,7.16987e+08,49.3308,61.308,1.60058,0,0,2.2901,1.9877,0,1.72107,3.38688,8.56347e+06,3.61194e+06,1.96112e+07,0,0,0,9.32321e+07
44.4521,110.355,4.31984,0.3,0.04,3.12468,3.42708,0,0.585497,6.048,4.12061e+06,2.70226e+06,1.28756e+07,0,0,0,7.16987e+08,49.8265,61.308,2.99086,0,0,2.29031,1.98791,0,1.76933,3.38688,8.56347e+06,3.61194e+06,1.9613e+07,0,0,0,9.32321e+07
47.3243,110.355,6.13445,0.3,0.04,3.12504,3.42744,0,0.585565,6.048,4.12061e+06,2.70226e+06,1.28771e+07,0,0,0,7.16987e+08,51.6843,61.308,5.95428,0,0,2.29052,1.98812,0,1.7695,3.38688,8.56347e+06,3.61194e+06,1.96148e+07,0,0,0,9.32321e+07
52.2514,110.355,8.58383,0.23,0.04,3.12541,3.42781,0,0.585633,6.048,4.12061e+06,2.70226e+06,1.28786e+07,0,0,0,7.16987e+08,53.55,61.308,7.3735,0,0,2.29073,1.98833,0,1.76966,3.38688,8.56347e+06,3.61194e+06,1.96166e+07,0,0,0,9.32321e+07
52.6266,110.355,4.05239,0.17,0.04,3.46015,3.76255,0,0.585701,6.048,4.12061e+06,2.70226e+06,1.42579e+07,0,0,0,7.16987e+08,54.3786,61.308,4.27998,0,0,2.52476,2.22236,0,1.76982,3.38688,8.56347e+06,3.61194e+06,2.16207e+07,0,0,0,9.32321e+07
52.3795,110.355,3.27166,0.17,0.04,3.46054,3.76294,0,0.648431,6.048,4.12061e+06,2.70226e+06,1.42596e+07,0,0,0,7.16987e+08,54.8198,61.308,3.06412,0,0,2.52499,2.22259,0,1.95063,3.38688,8.56347e+06,3.61194e+06,2.16227e+07,0,0,0,9.32321e+07
54.498,110.355,5.78753,0.18,0.04,3.46094,3.76334,0,0.648506,6.048,4.12061e+06,2.70226e+06,1.42612e+07,0,0,0,7.16987e+08,56.2841,61.308,5.89433,0,0,2.52523,2.22283,0,1.95081,3.38688,8.56347e+06,3.61194e+06,2.16247e+07,0,0,0,9.32321e+07
57.2628,110.355,6.49438,0.2,0.04,3.46134,3.76374,0,0.648581,6.048,4.12061e+06,2.70226e+06,1.42628e+07,0,0,0,7.16987e+08,58.4722,61.308,8.68584,0,0,2.52546,2.22306,0,1.95099,3.38688,8.56347e+06,3.61194e+06,2.16267e+07,0,0,0,9.32321e+07
60.694,110.355,6.97123,0.14,0.04,2.98461,3.28701,0,0.648656,6.048,4.12061e+06,2.70226e+06,1.22984e+07,0,0,0,7.16987e+08,59.9564,61.308,6.20673,0,0,2.21179,1.90939,0,1.95117,3.38688,8.56347e+06,3.61194e+06,1.89406e+07,0,0,0,9.32321e+07
63.4454,110.355,6.28441,0.14,0.04,2.98496,3.28736,0,0.559316,6.048,4.12061e+06,2.70226e+06,1.22999e+07,0,0,0,7.16987e+08,61.4036,61.308,6.04411,0,0,2.21199,1.90959,0,1.70883,3.38688,8.56347e+06,3.61194e+06,1.89423e+07,0,0,0,9.32321e+07
66.7343,110.355,6.86776,0.1,0.04,2.98531,3.28771,0,0.559382,6.048,4.12061e+06,2.70226e+06,1.23013e+07,0,0,0,7.16987e+08,62.3362,61.308,6.13049,0,0,2.21219,1.90979,0,1.70898,3.38688,8.56347e+06,3.61194e+06,1.89441e+07,0,0,0,9.32321e+07
70.9643,110.355,7.98831,0.12,0.04,2.98566,3.28806,0,0.559447,6.048,4.12061e+06,2.70226e+06,1.23027e+07,0,0,0,7.16987e+08,62.3362,61.308,7.73825,0,0,2.2124,1.91,0,1.70914,3.38688,8.56347e+06,3.61194e+06,1.89458e+07,0,0,0,9.32321e+07
73.3013,110.355,5.90013,0.05,0.04,2.98601,3.28841,0,0.559512,6.048,4.12061e+06,2.70226e+06,1.23042e+07,0,0,0,7.16987e+08,62.3362,61.308,6.68933,0,0,2.2126,1.9102,0,1.7093,3.38688,8.56347e+06,3.61194e+06,1.89475e+07,0,0,0,9.32321e+07
77.7696,110.355,8.19392,0.02,0.04,3.10652,3.40892,0,0.559578,6.048,4.12061e+06,2.70226e+06,1.28008e+07,0,0,0,7.16987e+08,62.3362,61.308,10.2085,0,0,2.28964,1.98724,0,1.70945,3.38688,8.56347e+06,3.61194e+06,1.96072e+07,0,0,0,9.32321e+07
79.6514,110.355,5.58647,0.02,0.04,3.10688,3.40928,0,0.582162,6.048,4.12061e+06,2.70226e+06,1.28022e+07,0,0,0,7.16987e+08,62.3362,61.308,6.88729,0,0,2.28985,1.98745,0,1.76897,3.38688,8.56347e+06,3.61194e+06,1.9609e+07,0,0,0,9.32321e+07
80.4316,110.355,4.51685,0.01,0.04,3.10724,3.40964,0,0.582229,6.048,4.12061e+06,2.70226e+06,1.28037e+07,0,0,0,7.16987e+08,62.3362,61.308,4.17613,0,0,2.29006,1.98766,0,1.76913,3.38688,8.56347e+06,3.61194e+06,1.96108e+07,0,0,0,9.32321e+07
80.8426,110.355,4.0865,0.01,0.04,3.1076,3.41,0,0.582297,6.048,4.12061e+06,2.70226e+06,1.28052e+07,0,0,0,7.16987e+08,62.3362,61.308,3.51629,0,0,2.29027,1.98787,0,1.7693,3.38688,8.56347e+06,3.61194e+06,1.96126e+07,0,0,0,9.32321e+07
81.0503,110.355,3.6474,0.01,0.04,3.06096,3.36336,0,0.582365,6.048,4.12061e+06,2.70226e+06,1.2613e+07,0,0,0,7.16987e+08,62.3362,61.308,3.20909,0,0,2.26062,1.95822,0,1.76946,3.38688,8.56347e+06,3.61194e+06,1.93588e+07,0,0,0,9.32321e+07
80.8805,110.355,3.25221,0.01,0.04,3.06132,3.36372,0,0.573624,6.048,4.12061e+06,2.70226e+06,1.26145e+07,0,0,0,7.16987e+08,62.3362,61.308,3.4413,0,0,2.26083,1.95843,0,1.74656,3.38688,8.56347e+06,3.61194e+06,1.93606e+07,0,0,0,9.32321e+07
80.5906,110.355,3.38319,0,0.04,3.36407,3.36407,0,0.573691,6.048,4.12061e+06,2.70226e+06,1.3862e+07,0,0,0,7.16987e+08,62.3362,61.308,2.88573,0,0,1.95864,1.95864,0,1.74672,3.38688,8.56347e+06,3.61194e+06,1.67727e+07,0,0,0,9.32321e+07
80.2667,110.355,3.31049,0,0.04,3.36443,3.36443,0,0.630428,6.048,4.12061e+06,2.70226e+06,1.38635e+07,0,0,0,7.16987e+08,62.3316,61.308,2.9503,0,0,1.95885,1.95885,0,1.51324,3.38688,8.56347e+06,3.61194e+06,1.67745e+07,0,0,0,9.32321e+07
79.6614,110.355,2.81913,0.01,0.04,3.222,3.5244,0,0.630494,6.048,4.12061e+06,2.70226e+06,1.32766e+07,0,0,0,7.16987e+08,62.229,61.308,2.60295,0,0,2.36737,2.06497,0,1.5134,3.38688,8.56347e+06,3.61194e+06,2.02729e+07,0,0,0,9.32321e+07
78.8752,110.355,2.62279,0.01,0.04,3.22238,3.52478,0,0.603803,6.048,4.12061e+06,2.70226e+06,1.32782e+07,0,0,0,7.16987e+08,62.0694,61.308,2.37866,0,0,2.36759,2.06519,0,1.82903,3.38688,8.56347e+06,3.61194e+06,2.02748e+07,0,0,0,9.32321e+07
77.9707,110.355,2.482,0.01,0.04,3.22275,3.52515,0,0.603873,6.048,4.12061e+06,2.70226e+06,1.32797e+07,0,0,0,7.16987e+08,61.8436,61.308,2.13748,0,0,2.36781,2.06541,0,1.8292,3.38688,8.56347e+06,3.61194e+06,2.02767e+07,0,0,0,9.32321e+07
76.8902,110.355,2.24605,0.02,0.04,3.22312,3.52552,0,0.603943,6.048,4.12061e+06,2.70226e+06,1.32812e+07,0,0,0,7.16987e+08,61.563,61.308,2.05883,0,0,2.36803,2.06563,0,1.82937,3.38688,8.56347e+06,3.61194e+06,2.02785e+07,0,0,0,9.32321e+07
75.5666,110.355,1.9808,0.02,0.04,3.2235,3.5259,0,0.604013,6.048,4.12061e+06,2.70226e+06,1.32828e+07,0,0,0,7.16987e+08,61.165,61.308,1.88454,0,0,2.36825,2.06585,0,1.82954,3.38688,8.56347e+06,3.61194e+06,2.02804e+07,0,0,0,9.32321e+07
74.0304,110.355,1.73389,0.02,0.04,3.19229,3.49469,0,0.604083,6.048,4.12061e+06,2.70226e+06,1.31542e+07,0,0,0,7.16987e+08,60.6405,61.308,1.80816,0,0,2.42671,2.12431,0,1.82971,3.38688,8.56347e+06,3.61194e+06,2.0781e+07,0,0,0,9.32321e+07
72.3596,110.355,1.58271,0.02,0.04,3.19266,3.49506,0,0.598235,6.048,4.12061e+06,2.70226e+06,1.31557e+07,0,0,0,7.16987e+08,60.0419,61.308,1.64937,0,0,2.42693,2.12453,0,1.87488,3.38688,8.56347e+06,3.61194e+06,2.0783e+07,0,0,0,9.32321e+07
70.5895,110.355,1.4447,0.02,0.04,3.19303,3.49543,0,0.598304,6.048,4.12061e+06,2.70226e+06,1.31572e+07,0,0,0,7.16987e+08,59.3807,61.308,1.57872,0,0,2.42716,2.12476,0,1.87505,3.38688,8.56347e+06,3.61194e+06,2.07849e+07,0,0,0,9.32321e+07
68.8124,110.355,1.39011,0.03,0.04,3.1934,3.4958,0,0.598373,6.048,4.12061e+06,2.70226e+06,1.31588e+07,0,0,0,7.16987e+08,58.7302,61.308,1.53868,0,0,2.42738,2.12498,0,1.87522,3.38688,8.56347e+06,3.61194e+06,2.07868e+07,0,0,0,9.32321e+07
67.0734,110.355,1.48172,0.03,0.04,3.27536,3.57776,0,0.598443,6.048,4.12061e+06,2.70226e+06,1.34965e+07,0,0,0,7.16987e+08,58.0902,61.308,1.66461,0,0,2.47954,2.17714,0,1.8754,3.38688,8.56347e+06,3.61194e+06,2.12335e+07,0,0,0,9.32321e+07
65.1937,110.355,1.3179,0.06,0.04,3.27574,3.57814,0,0.613803,6.048,4.12061e+06,2.70226e+06,1.34981e+07,0,0,0,7.16987e+08,57.3664,61.308,1.57523,0,0,2.47977,2.17737,0,1.91569,3.38688,8.56347e+06,3.61194e+06,2.12354e+07,0,0,0,9.32321e+07
63.2291,110.355,1.20747,0.07,0.04,3.27612,3.57852,0,0.613874,6.048,4.12061e+06,2.70226e+06,1.34996e+07,0,0,0,7.16987e+08,56.6198,61.308,1.469,0,0,2.48,2.1776,0,1.91587,3.38688,8.56347e+06,3.61194e+06,2.12374e+07,0,0,0,9.32321e+07
61.1419,110.355,1.04535,0.08,0.04,3.2765,3.5789,0,0.613945,6.048,4.12061e+06,2.70226e+06,1.35012e+07,0,0,0,7.16987e+08,55.8165,61.308,1.45678,0,0,2.48023,2.17783,0,1.91605,3.38688,8.56347e+06,3.61194e+06,2.12394e+07,0,0,0,9.32321e+07
58.771,110.355,0.905285,0.11,0.04,3.51592,3.81832,0,0.614016,6.048,4.12061e+06,2.70226e+06,1.44878e+07,0,0,0,7.16987e+08,54.9202,61.308,1.38519,0,0,2.66798,2.36558,0,1.91623,3.38688,8.56347e+06,3.61194e+06,2.28472e+07,0,0,0,9.32321e+07
56.3328,110.355,0.792658,0.11,0.04,3.51633,3.81873,0,0.658884,6.048,4.12061e+06,2.70226e+06,1.44894e+07,0,0,0,7.16987e+08,53.9837,61.308,1.28187,0,0,2.66823,2.36583,0,2.06128,3.38688,8.56347e+06,3.61194e+06,2.28493e+07,0,0,0,9.32321e+07
53.976,110.355,0.835264,0.1,0.04,3.51673,3.81913,0,0.65896,6.048,4.12061e+06,2.70226e+06,1.44911e+07,0,0,0,7.16987e+08,53.2344,61.308,1.26438,0,0,2.66849,2.36609,0,2.06148,3.38688,8.56347e+06,3.61194e+06,2.28515e+07,0,0,0,9.32321e+07
52.035,110.355,1.25217,0.14,0.04,3.51714,3.81954,0,0.659035,6.048,4.12061e+06,2.70226e+06,1.44928e+07,0,0,0,7.16987e+08,52.6452,61.308,1.51204,0,0,2.66874,2.36634,0,2.06167,3.38688,8.56347e+06,3.61194e+06,2.28536e+07,0,0,0,9.32321e+07
50.913,110.355,2.05067,0.14,0.04,3.51754,3.81994,0,0.659111,6.048,4.12061e+06,2.70226e+06,1.44944e+07,0,0,0,7.16987e+08,52.2226,61.308,1.97101,0,0,2.66899,2.36659,0,2.06187,3.38688,8.56347e+06,3.61194e+06,2.28558e+07,0,0,0,9.32321e+07
49.3576,110.355,1.54441,0.14,0.04,3.40138,3.70378,0,0.659187,6.048,4.12061e+06,2.70226e+06,1.40158e+07,0,0,0,7.16987e+08,51.3195,61.308,1.86171,0,0,2.55536,2.25296,0,2.06206,3.38688,8.56347e+06,3.61194e+06,2.18827e+07,0,0,0,9.32321e+07
47.2671,110.355,0.933389,0.18,0.04,3.40177,3.70417,0,0.637419,6.048,4.12061e+06,2.70226e+06,1.40174e+07,0,0,0,7.16987e+08,50.4184,61.308,1.1317,0,0,2.5556,2.2532,0,1.97427,3.38688,8.56347e+06,3.61194e+06,2.18848e+07,0,0,0,9.32321e+07
45.5,110.355,1.25255,0.17,0.04,3.40217,3.70457,0,0.637492,6.048,4.12061e+06,2.70226e+06,1.4019e+07,0,0,0,7.16987e+08,49.8859,61.308,1.36702,0,0,2.55584,2.25344,0,1.97445,3.38688,8.56347e+06,3.61194e+06,2.18868e+07,0,0,0,9.32321e+07
45.5811,110.355,3.19775,0.14,0.04,3.40256,3.70496,0,0.637566,6.048,4.12061e+06,2.70226e+06,1.40206e+07,0,0,0,7.16987e+08,49.4269,61.308,2.94107,0,0,2.55607,2.25367,0,1.97464,3.38688,8.56347e+06,3.61194e+06,2.18889e+07,0,0,0,9.32321e+07
43.9862,110.355,1.408,0.14,0.04,3.30723,3.60963,0,0.637639,6.048,4.12061e+06,2.70226e+06,1.36278e+07,0,0,0,7.16987e+08,48.6322,61.308,1.42354,0,0,2.45261,2.15021,0,1.97482,3.38688,8.56347e+06,3.61194e+06,2.10029e+07,0,0,0,9.32321e+07
42.9726,110.355,1.98686,0.19,0.04,3.30761,3.61001,0,0.619775,6.048,4.12061e+06,2.70226e+06,1.36294e+07,0,0,0,7.16987e+08,48.1146,61.308,1.28941,0,0,2.45284,2.15044,0,1.89489,3.38688,8.56347e+06,3.61194e+06,2.10048e+07,0,0,0,9.32321e+07
44.9228,110.355,5.13862,0.18,0.04,3.308,3.6104,0,0.619847,6.048,4.12061e+06,2.70226e+06,1.3631e+07,0,0,0,7.16987e+08,48.2815,61.308,4.27726,0,0,2.45307,2.15067,0,1.89506,3.38688,8.56347e+06,3.61194e+06,2.10068e+07,0,0,0,9.32321e+07
45.3519,110.355,3.57784,0.12,0.04,3.30838,3.61078,0,0.619919,6.048,4.12061e+06,2.70226e+06,1.36325e+07,0,0,0,7.16987e+08,48.1149,61.308,2.91127,0,0,2.45329,2.15089,0,1.89524,3.38688,8.56347e+06,3.61194e+06,2.10087e+07,0,0,0,9.32321e+07
46.2123,110.355,3.76696,0.12,0.04,3.0368,3.3392,0,0.61999,6.048,4.12061e+06,2.70226e+06,1.25135e+07,0,0,0,7.16987e+08,47.9334,61.308,2.82296,0,0,2.23745,1.93505,0,1.89541,3.38688,8.56347e+06,3.61194e+06,1.91603e+07,0,0,0,9.32321e+07
46.7117,110.355,3.45024,0.11,0.04,3.03715,3.33955,0,0.569096,6.048,4.12061e+06,2.70226e+06,1.25149e+07,0,0,0,7.16987e+08,47.6275,61.308,2.79985,0,0,2.23765,1.93525,0,1.72865,3.38688,8.56347e+06,3.61194e+06,1.91621e+07,0,0,0,9.32321e+07
47.2614,110.355,3.54308,0.1,0.04,3.03751,3.33991,0,0.569162,6.048,4.12061e+06,2.70226e+06,1.25164e+07,0,0,0,7.16987e+08,47.5433,61.308,3.75115,0,0,2.23786,1.93546,0,1.72881,3.38688,8.56347e+06,3.61194e+06,1.91638e+07,0,0,0,9.32321e+07
48.5641,110.355,4.33654,0.11,0.04,3.03786,3.34026,0,0.569229,6.048,4.12061e+06,2.70226e+06,1.25178e+07,0,0,0,7.16987e+08,47.5918,61.308,3.87755,0,0,2.23806,1.93566,0,1.72897,3.38688,8.56347e+06,3.61194e+06,1.91656e+07,0,0,0,9.32321e+07
53.4641,110.355,8.08532,0.13,0.04,3.03821,3.34061,0,0.569295,6.048,4.12061e+06,2.70226e+06,1.25193e+07,0,0,0,7.16987e+08,48.1057,61.308,5.00252,0,0,2.23827,1.93587,0,1.72913,3.38688,8.56347e+06,3.61194e+06,1.91673e+07,0,0,0,9.32321e+07
54.7153,110.355,4.42985,0.11,0.04,3.14321,3.44561,0,0.569361,6.048,4.12061e+06,2.70226e+06,1.2952e+07,0,0,0,7.16987e+08,48.0931,61.308,2.87462,0,0,2.30106,1.99866,0,1.72929,3.38688,8.56347e+06,3.61194e+06,1.97051e+07,0,0,0,9.32321e+07
55.4165,110.355,3.95029,0.11,0.04,3.14355,3.44595,0,0.589038,6.048,4.12061e+06,2.70226e+06,1.29533e+07,0,0,0,7.16987e+08,48.2173,61.308,3.16426,0,0,2.30126,1.99886,0,1.7778,3.38688,8.56347e+06,3.61194e+06,1.97067e+07,0,0,0,9.32321e+07
55.4855,110.355,3.26372,0.13,0.04,3.14388,3.44628,0,0.589101,6.048,4.12061e+06,2.70226e+06,1.29547e+07,0,0,0,7.16987e+08,48.1883,61.308,2.79285,0,0,2.30145,1.99905,0,1.77795,3.38688,8.56347e+06,3.61194e+06,1.97084e+07,0,0,0,9.32321e+07
55.4773,110.355,3.23712,0.13,0.04,3.14421,3.44661,0,0.589163,6.048,4.12061e+06,2.70226e+06,1.29561e+07,0,0,0,7.16987e+08,47.9973,61.308,2.33083,0,0,2.30164,1.99924,0,1.7781,3.38688,8.56347e+06,3.61194e+06,1.97101e+07,0,0,0,9.32321e+07
54.2073,110.355,2.10746,0.13,0.04,3.48075,3.78315,0,0.589226,6.048,4.12061e+06,2.70226e+06,1.43428e+07,0,0,0,7.16987e+08,47.7277,61.308,2.19526,0,0,2.53693,2.23453,0,1.77825,3.38688,8.56347e+06,3.61194e+06,2.17249e+07,0,0,0,9.32321e+07
52.8371,110.355,1.9578,0.13,0.04,3.48112,3.78352,0,0.652293,6.048,4.12061e+06,2.70226e+06,1.43443e+07,0,0,0,7.16987e+08,47.4243,61.308,1.99323,0,0,2.53714,2.23474,0,1.96003,3.38688,8.56347e+06,3.61194e+06,2.17268e+07,0,0,0,9.32321e+07
52.0187,110.355,2.52978,0.15,0.04,3.48149,3.78389,0,0.652362,6.048,4.12061e+06,2.70226e+06,1.43459e+07,0,0,0,7.16987e+08,47.2453,61.308,2.57705,0,0,2.53736,2.23496,0,1.9602,3.38688,8.56347e+06,3.61194e+06,2.17286e+07,0,0,0,9.32321e+07
51.5279,110.355,2.86802,0.17,0.04,3.48185,3.78425,0,0.652431,6.048,4.12061e+06,2.70226e+06,1.43474e+07,0,0,0,7.16987e+08,47.0982,61.308,2.43214,0,0,2.53758,2.23518,0,1.96036,3.38688,8.56347e+06,3.61194e+06,2.17305e+07,0,0,0,9.32321e+07
51.9194,110.355,3.46545,0.19,0.04,3.00249,3.30489,0,0.652499,6.048,4.12061e+06,2.70226e+06,1.23721e+07,0,0,0,7.16987e+08,47.3316,61.308,3.43553,0,0,2.22218,1.91978,0,1.96053,3.38688,8.56347e+06,3.61194e+06,1.90295e+07,0,0,0,9.32321e+07
54.6707,110.355,5.92043,0.2,0.04,3.00281,3.30521,0,0.562667,6.048,4.12061e+06,2.70226e+06,1.23734e+07,0,0,0,7.16987e+08,48.1233,61.308,6.08054,0,0,2.22236,1.91996,0,1.71685,3.38688,8.56347e+06,3.61194e+06,1.90311e+07,0,0,0,9.32321e+07
56.7741,110.355,5.25857,0.23,0.04,3.00313,3.30553,0,0.562727,6.048,4.12061e+06,2.70226e+06,1.23747e+07,0,0,0,7.16987e+08,48.3858,61.308,4.0157,0,0,2.22255,1.92015,0,1.717,3.38688,8.56347e+06,3.61194e+06,1.90327e+07,0,0,0,9.32321e+07
57.3515,110.355,3.76753,0.16,0.04,3.00345,3.30585,0,0.562787,6.048,4.12061e+06,2.70226e+06,1.23761e+07,0,0,0,7.16987e+08,48.4214,61.308,3.18343,0,0,2.22273,1.92033,0,1.71714,3.38688,8.56347e+06,3.61194e+06,1.90343e+07,0,0,0,9.32321e+07
57.6913,110.355,3.55511,0.18,0.04,3.00377,3.30617,0,0.562847,6.048,4.12061e+06,2.70226e+06,1.23774e+07,0,0,0,7.16987e+08,48.4945,61.308,3.78515,0,0,2.22292,1.92052,0,1.71728,3.38688,8.56347e+06,3.61194e+06,1.90359e+07,0,0,0,9.32321e+07
59.5421,110.355,5.33997,0.21,0.04,3.1249,3.4273,0,0.562907,6.048,4.12061e+06,2.70226e+06,1.28765e+07,0,0,0,7.16987e+08,49.5465,61.308,6.37283,0,0,2.30035,1.99795,0,1.71743,3.38688,8.56347e+06,3.61194e+06,1.9699e+07,0,0,0,9.32321e+07
59.9945,110.355,3.81265,0.21,0.04,3.12524,3.42764,0,0.585607,6.048,4.12061e+06,2.70226e+06,1.28779e+07,0,0,0,7.16987e+08,49.7344,61.308,3.98851,0,0,2.30055,1.99815,0,1.77725,3.38688,8.56347e+06,3.61194e+06,1.97007e+07,0,0,0,9.32321e+07
60.1749,110.355,3.58832,0.17,0.04,3.12557,3.42797,0,0.585669,6.048,4.12061e+06,2.70226e+06,1.28792e+07,0,0,0,7.16987e+08,50.0495,61.308,4.21051,0,0,2.30074,1.99834,0,1.7774,3.38688,8.56347e+06,3.61194e+06,1.97023e+07,0,0,0,9.32321e+07
60.1639,110.355,3.30458,0.17,0.04,3.1259,3.4283,0,0.585731,6.048,4.12061e+06,2.70226e+06,1.28806e+07,0,0,0,7.16987e+08,50.3002,61.308,4.09476,0,0,2.30093,1.99853,0,1.77755,3.38688,8.56347e+06,3.61194e+06,1.9704e+07,0,0,0,9.32321e+07
59.5838,110.355,2.58714,0.17,0.04,3.07897,3.38137,0,0.585793,6.048,4.12061e+06,2.70226e+06,1.26873e+07,0,0,0,7.16987e+08,50.1266,61.308,2.53772,0,0,2.27111,1.96871,0,1.7777,3.38688,8.56347e+06,3.61194e+06,1.94486e+07,0,0,0,9.32321e+07
58.8207,110.355,2.38393,0.16,0.04,3.0793,3.3817,0,0.577,6.048,4.12061e+06,2.70226e+06,1.26886e+07,0,0,0,7.16987e+08,49.9617,61.308,2.59059,0,0,2.2713,1.9689,0,1.75466,3.38688,8.56347e+06,3.61194e+06,1.94502e+07,0,0,0,9.32321e+07
59.3505,110.355,3.72126,0.14,0.04,3.07963,3.38203,0,0.577061,6.048,4.12061e+06,2.70226e+06,1.269e+07,0,0,0,7.16987e+08,49.9585,61.308,3.07904,0,0,2.27149,1.96909,0,1.75481,3.38688,8.56347e+06,3.61194e+06,1.94519e+07,0,0,0,9.32321e+07
58.6202,110.355,2.37716,0.13,0.04,3.07996,3.38236,0,0.577122,6.048,4.12061e+06,2.70226e+06,1.26913e+07,0,0,0,7.16987e+08,49.8134,61.308,2.62811,0,0,2.27168,1.96928,0,1.75495,3.38688,8.56347e+06,3.61194e+06,1.94535e+07,0,0,0,9.32321e+07
57.7928,110.355,2.35721,0.09,0.04,3.24075,3.54315,0,0.577184,6.048,4.12061e+06,2.70226e+06,1.33539e+07,0,0,0,7.16987e+08,49.6556,61.308,2.39874,0,0,2.37835,2.07595,0,1.7551,3.38688,8.56347e+06,3.61194e+06,2.0367e+07,0,0,0,9.32321e+07
56.7848,110.355,2.14974,0.07,0.04,3.24109,3.54349,0,0.607316,6.048,4.12061e+06,2.70226e+06,1.33553e+07,0,0,0,7.16987e+08,49.4624,61.308,2.33287,0,0,2.37855,2.07615,0,1.83752,3.38688,8.56347e+06,3.61194e+06,2.03687e+07,0,0,0,9.32321e+07
55.591,110.355,1.941,0.07,0.04,3.24143,3.54383,0,0.60738,6.048,4.12061e+06,2.70226e+06,1.33567e+07,0,0,0,7.16987e+08,49.173,61.308,2.0662,0,0,2.37875,2.07635,0,1.83767,3.38688,8.56347e+06,3.61194e+06,2.03704e+07,0,0,0,9.32321e+07
54.2845,110.355,1.78828,0.15,0.04,3.24177,3.54417,0,0.607444,6.048,4.12061e+06,2.70226e+06,1.33581e+07,0,0,0,7.16987e+08,48.7353,61.308,2.10383,0,0,2.37896,2.07656,0,1.83783,3.38688,8.56347e+06,3.61194e+06,2.03721e+07,0,0,0,9.32321e+07
53.0398,110.355,1.80943,0.11,0.04,3.24212,3.54452,0,0.607509,6.048,4.12061e+06,2.70226e+06,1.33595e+07,0,0,0,7.16987e+08,48.0771,61.308,1.68807,0,0,2.37916,2.07676,0,1.83798,3.38688,8.56347e+06,3.61194e+06,2.03738e+07,0,0,0,9.32321e+07
51.7893,110.355,1.74409,0.12,0.04,3.21071,3.51311,0,0.607573,6.048,4.12061e+06,2.70226e+06,1.32301e+07,0,0,0,7.16987e+08,47.3548,61.308,1.54231,0,0,2.43791,2.13551,0,1.83814,3.38688,8.56347e+06,3.61194e+06,2.0877e+07,0,0,0,9.32321e+07
50.408,110.355,1.58112,0.11,0.04,3.21105,3.51345,0,0.601687,6.048,4.12061e+06,2.70226e+06,1.32315e+07,0,0,0,7.16987e+08,46.6067,61.308,1.3934,0,0,2.43811,2.13571,0,1.88353,3.38688,8.56347e+06,3.61194e+06,2.08787e+07,0,0,0,9.32321e+07
48.9974,110.355,1.49509,0.18,0.04,3.21139,3.51379,0,0.601751,6.048,4.12061e+06,2.70226e+06,1.32329e+07,0,0,0,7.16987e+08,45.7505,61.308,1.36848,0,0,2.43832,2.13592,0,1.88369,3.38688,8.56347e+06,3.61194e+06,2.08805e+07,0,0,0,9.32321e+07
47.4524,110.355,1.33062,0.15,0.04,3.21173,3.51413,0,0.601815,6.048,4.12061e+06,2.70226e+06,1.32343e+07,0,0,0,7.16987e+08,44.5024,61.308,1.33004,0,0,2.43853,2.13613,0,1.88385,3.38688,8.56347e+06,3.61194e+06,2.08823e+07,0,0,0,9.32321e+07
45.775,110.355,1.2248,0.15,0.04,3.29409,3.59649,0,0.601878,6.048,4.12061e+06,2.70226e+06,1.35737e+07,0,0,0,7.16987e+08,43.1779,61.308,0.901319,0,0,2.49094,2.18854,0,1.88401,3.38688,8.56347e+06,3.61194e+06,2.13311e+07,0,0,0,9.32321e+07
44.0288,110.355,1.106,0.14,0.04,3.29444,3.59684,0,0.617312,6.048,4.12061e+06,2.70226e+06,1.35751e+07,0,0,0,7.16987e+08,41.7418,61.308,0.852809,0,0,2.49115,2.18875,0,1.9245,3.38688,8.56347e+06,3.61194e+06,2.13329e+07,0,0,0,9.32321e+07
42.2261,110.355,1.00744,0.22,0.04,3.29479,3.59719,0,0.617378,6.048,4.12061e+06,2.70226e+06,1.35765e+07,0,0,0,7.16987e+08,40.4146,61.308,0.744715,0,0,2.49136,2.18896,0,1.92466,3.38688,8.56347e+06,3.61194e+06,2.13347e+07,0,0,0,9.32321e+07
40.5543,110.355,1.09177,0.22,0.04,3.29513,3.59753,0,0.617443,6.048,4.12061e+06,2.70226e+06,1.3578e+07,0,0,0,7.16987e+08,39.0521,61.308,0.917315,0,0,2.49157,2.18917,0,1.92482,3.38688,8.56347e+06,3.61194e+06,2.13365e+07,0,0,0,9.32321e+07
38.7858,110.355,1.1102,0.23,0.04,3.53577,3.83817,0,0.617508,6.048,4.12061e+06,2.70226e+06,1.45695e+07,0,0,0,7.16987e+08,37.6844,61.308,0.790038,0,0,2.68028,2.37788,0,1.92499,3.38688,8.56347e+06,3.61194e+06,2.29525e+07,0,0,0,9.32321e+07
37.1986,110.355,1.25652,0.29,0.04,3.53614,3.83854,0,0.662603,6.048,4.12061e+06,2.70226e+06,1.45711e+07,0,0,0,7.16987e+08,36.2007,61.308,0.85879,0,0,2.68051,2.37811,0,2.07078,3.38688,8.56347e+06,3.61194e+06,2.29545e+07,0,0,0,9.32321e+07
35.4298,110.355,1.0225,0.28,0.04,3.53651,3.83891,0,0.662672,6.048,4.12061e+06,2.70226e+06,1.45726e+07,0,0,0,7.16987e+08,34.9704,61.308,0.605355,0,0,2.68074,2.37834,0,2.07096,3.38688,8.56347e+06,3.61194e+06,2.29564e+07,0,0,0,9.32321e+07
33.9556,110.355,1.24904,0.29,0.04,3.53688,3.83928,0,0.662742,6.048,4.12061e+06,2.70226e+06,1.45741e+07,0,0,0,7.16987e+08,33.9918,61.308,1.10357,0,0,2.68097,2.37857,0,2.07114,3.38688,8.56347e+06,3.61194e+06,2.29584e+07,0,0,0,9.32321e+07
32.4347,110.355,1.15618,0.27,0.04,3.53725,3.83965,0,0.662811,6.048,4.12061e+06,2.70226e+06,1.45756e+07,0,0,0,7.16987e+08,33.392,61.308,1.12067,0,0,2.6812,2.3788,0,2.07132,3.38688,8.56347e+06,3.61194e+06,2.29604e+07,0,0,0,9.32321e+07
31.3708,110.355,1.54169,0.32,0.04,3.42046,3.72286,0,0.662881,6.048,4.12061e+06,2.70226e+06,1.40944e+07,0,0,0,7.16987e+08,32.8843,61.308,1.98271,0,0,2.56696,2.26456,0,2.07149,3.38688,8.56347e+06,3.61194e+06,2.19821e+07,0,0,0,9.32321e+07
30.3609,110.355,1.5982,0.32,0.04,3.42082,3.72322,0,0.640994,6.048,4.12061e+06,2.70226e+06,1.40959e+07,0,0,0,7.16987e+08,32.545,61.308,2.4174,0,0,2.56718,2.26478,0,1.98323,3.38688,8.56347e+06,3.61194e+06,2.1984e+07,0,0,0,9.32321e+07
29.3976,110.355,1.61793,0.32,0.04,3.42118,3.72358,0,0.641061,6.048,4.12061e+06,2.70226e+06,1.40973e+07,0,0,0,7.16987e+08,32.2697,61.308,2.51621,0,0,2.5674,2.265,0,1.9834,3.38688,8.56347e+06,3.61194e+06,2.19859e+07,0,0,0,9.32321e+07
28.5928,110.355,1.7891,0.3,0.04,3.42154,3.72394,0,0.641129,6.048,4.12061e+06,2.70226e+06,1.40988e+07,0,0,0,7.16987e+08,32.027,61.308,2.68661,0,0,2.56762,2.26522,0,1.98357,3.38688,8.56347e+06,3.61194e+06,2.19877e+07,0,0,0,9.32321e+07
30.9265,110.355,5.04819,0.29,0.04,3.32569,3.62809,0,0.641196,6.048,4.12061e+06,2.70226e+06,1.37039e+07,0,0,0,7.16987e+08,32.6113,61.308,5.17089,0,0,2.46361,2.16121,0,1.98374,3.38688,8.56347e+06,3.61194e+06,2.1097e+07,0,0,0,9.32321e+07
35.1369,110.355,7.11348,0.27,0.04,3.32604,3.62844,0,0.623234,6.048,4.12061e+06,2.70226e+06,1.37053e+07,0,0,0,7.16987e+08,33.545,61.308,6.25045,0,0,2.46381,2.16141,0,1.90338,3.38688,8.56347e+06,3.61194e+06,2.10988e+07,0,0,0,9.32321e+07
39.0402,110.355,7.03809,0.22,0.04,3.32639,3.62879,0,0.6233,6.048,4.12061e+06,2.70226e+06,1.37068e+07,0,0,0,7.16987e+08,34.3242,61.308,6.05181,0,0,2.46402,2.16162,0,1.90354,3.38688,8.56347e+06,3.61194e+06,2.11006e+07,0,0,0,9.32321e+07
41.5732,110.355,5.86197,0.23,0.04,3.32674,3.62914,0,0.623366,6.048,4.12061e+06,2.70226e+06,1.37082e+07,0,0,0,7.16987e+08,34.8035,61.308,5.10695,0,0,2.46423,2.16183,0,1.9037,3.38688,8.56347e+06,3.61194e+06,2.11024e+07,0,0,0,9.32321e+07
46.5643,110.355,8.38773,0.15,0.04,3.05375,3.35615,0,0.623431,6.048,4.12061e+06,2.70226e+06,1.25833e+07,0,0,0,7.16987e+08,37.2616,61.308,10.1678,0,0,2.24727,1.94487,0,1.90387,3.38688,8.56347e+06,3.61194e+06,1.92444e+07,0,0,0,9.32321e+07
51.4759,110.355,8.37499,0.1,0.04,3.05407,3.35647,0,0.572273,6.048,4.12061e+06,2.70226e+06,1.25847e+07,0,0,0,7.16987e+08,38.643,61.308,5.65707,0,0,2.24746,1.94506,0,1.73624,3.38688,8.56347e+06,3.61194e+06,1.9246e+07,0,0,0,9.32321e+07
55.4477,110.355,7.44405,0.07,0.04,3.0544,3.3568,0,0.572333,6.048,4.12061e+06,2.70226e+06,1.2586e+07,0,0,0,7.16987e+08,40.1159,61.308,5.67334,0,0,2.24765,1.94525,0,1.73639,3.38688,8.56347e+06,3.61194e+06,1.92477e+07,0,0,0,9.32321e+07
58.7611,110.355,6.71206,0.08,0.04,3.05472,3.35712,0,0.572394,6.048,4.12061e+06,2.70226e+06,1.25873e+07,0,0,0,7.16987e+08,41.4199,61.308,5.48799,0,0,2.24783,1.94543,0,1.73653,3.38688,8.56347e+06,3.61194e+06,1.92493e+07,0,0,0,9.32321e+07
65.6189,110.355,10.4988,0.06,0.04,3.05505,3.35745,0,0.572455,6.048,4.12061e+06,2.70226e+06,1.25887e+07,0,0,0,7.16987e+08,42.9229,61.308,5.48894,0,0,2.24802,1.94562,0,1.73668,3.38688,8.56347e+06,3.61194e+06,1.92509e+07,0,0,0,9.32321e+07
66.2108,110.355,4.07586,0.03,0.04,3.16054,3.46294,0,0.572516,6.048,4.12061e+06,2.70226e+06,1.30234e+07,0,0,0,7.16987e+08,43.398,61.308,2.74267,0,0,2.31112,2.00872,0,1.73682,3.38688,8.56347e+06,3.61194e+06,1.97912e+07,0,0,0,9.32321e+07
67.3828,110.355,4.63656,0.03,0.04,3.16085,3.46325,0,0.592286,6.048,4.12061e+06,2.70226e+06,1.30246e+07,0,0,0,7.16987e+08,44.2308,61.308,5.10035,0,0,2.31129,2.00889,0,1.78557,3.38688,8.56347e+06,3.61194e+06,1.97927e+07,0,0,0,9.32321e+07
70.2421,110.355,6.46409,0.03,0.04,3.16115,3.46355,0,0.592343,6.048,4.12061e+06,2.70226e+06,1.30259e+07,0,0,0,7.16987e+08,45.2902,61.308,5.72206,0,0,2.31147,2.00907,0,1.7857,3.38688,8.56347e+06,3.61194e+06,1.97942e+07,0,0,0,9.32321e+07
71.5095,110.355,4.86254,0.03,0.04,3.16146,3.46386,0,0.5924,6.048,4.12061e+06,2.70226e+06,1.30271e+07,0,0,0,7.16987e+08,45.9112,61.308,5.29562,0,0,2.31164,2.00924,0,1.78584,3.38688,8.56347e+06,3.61194e+06,1.97957e+07,0,0,0,9.32321e+07
72.8789,110.355,5.39049,0.03,0.04,3.49965,3.80205,0,0.592457,6.048,4.12061e+06,2.70226e+06,1.44207e+07,0,0,0,7.16987e+08,47.0378,61.308,5.62922,0,0,2.54809,2.24569,0,1.78598,3.38688,8.56347e+06,3.61194e+06,2.18205e+07,0,0,0,9.32321e+07
72.5071,110.355,3.53722,0.03,0.04,3.49998,3.80238,0,0.655834,6.048,4.12061e+06,2.70226e+06,1.44221e+07,0,0,0,7.16987e+08,48.0051,61.308,5.09712,0,0,2.54828,2.24588,0,1.96865,3.38688,8.56347e+06,3.61194e+06,2.18221e+07,0,0,0,9.32321e+07
72.4445,110.355,3.78681,0.03,0.04,3.50031,3.80271,0,0.655896,6.048,4.12061e+06,2.70226e+06,1.44234e+07,0,0,0,7.16987e+08,48.8154,61.308,4.91239,0,0,2.54848,2.24608,0,1.9688,3.38688,8.56347e+06,3.61194e+06,2.18238e+07,0,0,0,9.32321e+07
72.5323,110.355,3.90829,0.03,0.04,3.50065,3.80305,0,0.655959,6.048,4.12061e+06,2.70226e+06,1.44248e+07,0,0,0,7.16987e+08,49.778,61.308,5.03572,0,0,2.54868,2.24628,0,1.96896,3.38688,8.56347e+06,3.61194e+06,2.18255e+07,0,0,0,9.32321e+07
72.9167,110.355,3.77511,0.03,0.04,3.01888,3.32128,0,0.656021,6.048,4.12061e+06,2.70226e+06,1.24396e+07,0,0,0,7.16987e+08,50.2586,61.308,4.31997,0,0,2.23169,1.92929,0,1.96911,3.38688,8.56347e+06,3.61194e+06,1.9111e+07,0,0,0,9.32321e+07
73.544,110.355,4.01056,0.05,0.04,3.01917,3.32157,0,0.565737,6.048,4.12061e+06,2.70226e+06,1.24408e+07,0,0,0,7.16987e+08,50.6507,61.308,4.53555,0,0,2.23186,1.92946,0,1.72421,3.38688,8.56347e+06,3.61194e+06,1.91125e+07,0,0,0,9.32321e+07
74.6986,110.355,4.65544,0.03,0.04,3.01946,3.32186,0,0.565792,6.048,4.12061e+06,2.70226e+06,1.2442e+07,0,0,0,7.16987e+08,51.2705,61.308,5.09579,0,0,2.23203,1.92963,0,1.72434,3.38688,8.56347e+06,3.61194e+06,1.91139e+07,0,0,0,9.32321e+07
77.4311,110.355,6.35476,0.02,0.04,3.01975,3.32215,0,0.565847,6.048,4.12061e+06,2.70226e+06,1.24432e+07,0,0,0,7.16987e+08,51.8154,61.308,5.00424,0,0,2.2322,1.9298,0,1.72447,3.38688,8.56347e+06,3.61194e+06,1.91154e+07,0,0,0,9.32321e+07
78.4078,110.355,4.47699,0.02,0.04,3.02004,3.32244,0,0.565901,6.048,4.12061e+06,2.70226e+06,1.24444e+07,0,0,0,7.16987e+08,52.3733,61.308,5.52773,0,0,2.23237,1.92997,0,1.7246,3.38688,8.56347e+06,3.61194e+06,1.91168e+07,0,0,0,9.32321e+07
80.9065,110.355,6.17479,0.02,0.04,3.14174,3.44414,0,0.565956,6.048,4.12061e+06,2.70226e+06,1.29459e+07,0,0,0,7.16987e+08,54.0907,61.308,11.0599,0,0,2.31017,2.00777,0,1.72473,3.38688,8.56347e+06,3.61194e+06,1.9783e+07,0,0,0,9.32321e+07
82.6993,110.355,5.43837,0.01,0.04,3.14204,3.44444,0,0.588762,6.048,4.12061e+06,2.70226e+06,1.29471e+07,0,0,0,7.16987e+08,55.7464,61.308,10.2011,0,0,2.31034,2.00794,0,1.78483,3.38688,8.56347e+06,3.61194e+06,1.97845e+07,0,0,0,9.32321e+07
83.2785,110.355,4.15071,0.01,0.04,3.14234,3.44474,0,0.588818,6.048,4.12061e+06,2.70226e+06,1.29484e+07,0,0,0,7.16987e+08,56.8034,61.308,7.50629,0,0,2.31052,2.00812,0,1.78497,3.38688,8.56347e+06,3.61194e+06,1.97861e+07,0,0,0,9.32321e+07
83.4642,110.355,3.70111,0.01,0.04,3.14264,3.44504,0,0.588875,6.048,4.12061e+06,2.70226e+06,1.29496e+07,0,0,0,7.16987e+08,57.5484,61.308,6.71196,0,0,2.31069,2.00829,0,1.78511,3.38688,8.56347e+06,3.61194e+06,1.97876e+07,0,0,0,9.32321e+07
82.6932,110.355,2.67364,0.01,0.04,3.09546,3.39786,0,0.588932,6.048,4.12061e+06,2.70226e+06,1.27552e+07,0,0,0,7.16987e+08,58.0406,61.308,3.7449,0,0,2.28071,1.97831,0,1.78524,3.38688,8.56347e+06,3.61194e+06,1.95308e+07,0,0,0,9.32321e+07
81.5338,110.355,2.43459,0,0.04,3.39816,3.39816,0,0.580089,6.048,4.12061e+06,2.70226e+06,1.40025e+07,0,0,0,7.16987e+08,58.2747,61.308,3.32417,0,0,1.97848,1.97848,0,1.76208,3.38688,8.56347e+06,3.61194e+06,1.69427e+07,0,0,0,9.32321e+07
80.3402,110.355,2.3724,0,0.04,3.39846,3.39846,0,0.636815,6.048,4.12061e+06,2.70226e+06,1.40037e+07,0,0,0,7.16987e+08,58.6053,61.308,3.62652,0,0,1.97866,1.97866,0,1.52858,3.38688,8.56347e+06,3.61194e+06,1.69442e+07,0,0,0,9.32321e+07
79.0126,110.355,2.21433,0,0.04,3.39875,3.39875,0,0.636871,6.048,4.12061e+06,2.70226e+06,1.40049e+07,0,0,0,7.16987e+08,58.9152,61.308,3.34687,0,0,1.97883,1.97883,0,1.52871,3.38688,8.56347e+06,3.61194e+06,1.69457e+07,0,0,0,9.32321e+07
77.6136,110.355,2.26471,0,0.04,3.56029,3.56029,0,0.636927,6.048,4.12061e+06,2.70226e+06,1.46706e+07,0,0,0,7.16987e+08,59.1159,61.308,2.99487,0,0,2.086,2.086,0,1.52884,3.38688,8.56347e+06,3.61194e+06,1.78634e+07,0,0,0,9.32321e+07
76.2838,110.355,2.0167,0.01,0.04,3.25821,3.56061,0,0.667199,6.048,4.12061e+06,2.70226e+06,1.34258e+07,0,0,0,7.16987e+08,59.2857,61.308,2.88185,0,0,2.38858,2.08618,0,1.61164,3.38688,8.56347e+06,3.61194e+06,2.04545e+07,0,0,0,9.32321e+07
74.9409,110.355,1.98842,0.02,0.04,3.25852,3.56092,0,0.610588,6.048,4.12061e+06,2.70226e+06,1.34271e+07,0,0,0,7.16987e+08,59.5468,61.308,2.93531,0,0,2.38876,2.08636,0,1.84542,3.38688,8.56347e+06,3.61194e+06,2.04561e+07,0,0,0,9.32321e+07
73.4893,110.355,1.85971,0.02,0.04,3.25883,3.56123,0,0.610646,6.048,4.12061e+06,2.70226e+06,1.34284e+07,0,0,0,7.16987e+08,59.7184,61.308,2.77264,0,0,2.38895,2.08655,0,1.84556,3.38688,8.56347e+06,3.61194e+06,2.04577e+07,0,0,0,9.32321e+07
72.0671,110.355,1.85218,0.02,0.04,3.25914,3.56154,0,0.610705,6.048,4.12061e+06,2.70226e+06,1.34297e+07,0,0,0,7.16987e+08,59.798,61.308,2.66808,0,0,2.38913,2.08673,0,1.8457,3.38688,8.56347e+06,3.61194e+06,2.04592e+07,0,0,0,9.32321e+07
70.7358,110.355,1.89178,0.02,0.04,3.22755,3.52995,0,0.610763,6.048,4.12061e+06,2.70226e+06,1.32995e+07,0,0,0,7.16987e+08,59.8207,61.308,2.87905,0,0,2.44815,2.14575,0,1.84584,3.38688,8.56347e+06,3.61194e+06,2.09646e+07,0,0,0,9.32321e+07
69.2403,110.355,1.7078,0.02,0.04,3.22786,3.53026,0,0.604843,6.048,4.12061e+06,2.70226e+06,1.33008e+07,0,0,0,7.16987e+08,59.7807,61.308,2.56586,0,0,2.44833,2.14593,0,1.89144,3.38688,8.56347e+06,3.61194e+06,2.09662e+07,0,0,0,9.32321e+07
67.7092,110.355,1.6275,0.02,0.04,3.22817,3.53057,0,0.604901,6.048,4.12061e+06,2.70226e+06,1.3302e+07,0,0,0,7.16987e+08,59.6404,61.308,2.49775,0,0,2.44852,2.14612,0,1.89158,3.38688,8.56347e+06,3.61194e+06,2.09678e+07,0,0,0,9.32321e+07
66.0339,110.355,1.45226,0.02,0.04,3.22848,3.53088,0,0.604959,6.048,4.12061e+06,2.70226e+06,1.33033e+07,0,0,0,7.16987e+08,59.4286,61.308,2.41427,0,0,2.44871,2.14631,0,1.89173,3.38688,8.56347e+06,3.61194e+06,2.09694e+07,0,0,0,9.32321e+07
64.2153,110.355,1.34726,0.04,0.04,3.3112,3.6136,0,0.605017,6.048,4.12061e+06,2.70226e+06,1.36442e+07,0,0,0,7.16987e+08,59.1503,61.308,2.04,0,0,2.50135,2.19895,0,1.89187,3.38688,8.56347e+06,3.61194e+06,2.14202e+07,0,0,0,9.32321e+07
62.3666,110.355,1.29499,0.03,0.04,3.31152,3.61392,0,0.620519,6.048,4.12061e+06,2.70226e+06,1.36455e+07,0,0,0,7.16987e+08,58.7922,61.308,2.00456,0,0,2.50154,2.19914,0,1.93254,3.38688,8.56347e+06,3.61194e+06,2.14219e+07,0,0,0,9.32321e+07
60.4601,110.355,1.20924,0.05,0.04,3.31183,3.61423,0,0.620578,6.048,4.12061e+06,2.70226e+06,1.36468e+07,0,0,0,7.16987e+08,58.3446,61.308,1.89888,0,0,2.50173,2.19933,0,1.93269,3.38688,8.56347e+06,3.61194e+06,2.14235e+07,0,0,0,9.32321e+07
58.4826,110.355,1.10986,0.07,0.04,3.31215,3.61455,0,0.620638,6.048,4.12061e+06,2.70226e+06,1.36481e+07,0,0,0,7.16987e+08,57.9352,61.308,1.78408,0,0,2.50193,2.19953,0,1.93284,3.38688,8.56347e+06,3.61194e+06,2.14252e+07,0,0,0,9.32321e+07
56.4441,110.355,1.20842,0.06,0.04,3.55389,3.85629,0,0.620697,6.048,4.12061e+06,2.70226e+06,1.46442e+07,0,0,0,7.16987e+08,57.3238,61.308,1.97776,0,0,2.69151,2.38911,0,1.93299,3.38688,8.56347e+06,3.61194e+06,2.30486e+07,0,0,0,9.32321e+07
54.2087,110.355,0.981835,0.06,0.04,3.55423,3.85663,0,0.665999,6.048,4.12061e+06,2.70226e+06,1.46456e+07,0,0,0,7.16987e+08,56.8209,61.308,1.45332,0,0,2.69171,2.38931,0,2.07946,3.38688,8.56347e+06,3.61194e+06,2.30504e+07,0,0,0,9.32321e+07
52.0683,110.355,1.05624,0.1,0.04,3.55456,3.85696,0,0.666062,6.048,4.12061e+06,2.70226e+06,1.4647e+07,0,0,0,7.16987e+08,56.0348,61.308,1.79014,0,0,2.69192,2.38952,0,2.07962,3.38688,8.56347e+06,3.61194e+06,2.30522e+07,0,0,0,9.32321e+07
49.788,110.355,0.875111,0.09,0.04,3.5549,3.8573,0,0.666125,6.048,4.12061e+06,2.70226e+06,1.46484e+07,0,0,0,7.16987e+08,55.4871,61.308,1.24834,0,0,2.69213,2.38973,0,2.07978,3.38688,8.56347e+06,3.61194e+06,2.3054e+07,0,0,0,9.32321e+07
47.7684,110.355,1.09063,0.16,0.04,3.55524,3.85764,0,0.666189,6.048,4.12061e+06,2.70226e+06,1.46498e+07,0,0,0,7.16987e+08,55.6594,61.308,3.7693,0,0,2.69234,2.38994,0,2.07994,3.38688,8.56347e+06,3.61194e+06,2.30558e+07,0,0,0,9.32321e+07
45.7079,110.355,0.913775,0.14,0.04,3.43787,3.74027,0,0.666252,6.048,4.12061e+06,2.70226e+06,1.41661e+07,0,0,0,7.16987e+08,55.4298,61.308,2.49673,0,0,2.57755,2.27515,0,2.0801,3.38688,8.56347e+06,3.61194e+06,2.20728e+07,0,0,0,9.32321e+07
43.5295,110.355,0.748921,0.13,0.04,3.43819,3.74059,0,0.644256,6.048,4.12061e+06,2.70226e+06,1.41675e+07,0,0,0,7.16987e+08,55.0759,61.308,1.97924,0,0,2.57775,2.27535,0,1.99142,3.38688,8.56347e+06,3.61194e+06,2.20745e+07,0,0,0,9.32321e+07
41.8056,110.355,1.22616,0.17,0.04,3.43852,3.74092,0,0.644318,6.048,4.12061e+06,2.70226e+06,1.41688e+07,0,0,0,7.16987e+08,55.0788,61.308,2.65686,0,0,2.57795,2.27555,0,1.99157,3.38688,8.56347e+06,3.61194e+06,2.20762e+07,0,0,0,9.32321e+07
41.5109,110.355,2.75775,0.18,0.04,3.43885,3.74125,0,0.644379,6.048,4.12061e+06,2.70226e+06,1.41702e+07,0,0,0,7.16987e+08,55.644,61.308,3.8677,0,0,2.57815,2.27575,0,1.99172,3.38688,8.56347e+06,3.61194e+06,2.20779e+07,0,0,0,9.32321e+07
40.2122,110.355,1.59471,0.15,0.04,3.34252,3.64492,0,0.64444,6.048,4.12061e+06,2.70226e+06,1.37732e+07,0,0,0,7.16987e+08,55.6087,61.308,2.89538,0,0,2.47363,2.17123,0,1.99188,3.38688,8.56347e+06,3.61194e+06,2.11829e+07,0,0,0,9.32321e+07
39.3484,110.355,2.02856,0.13,0.04,3.34284,3.64524,0,0.626389,6.048,4.12061e+06,2.70226e+06,1.37746e+07,0,0,0,7.16987e+08,55.8274,61.308,3.70974,0,0,2.47382,2.17142,0,1.91113,3.38688,8.56347e+06,3.61194e+06,2.11845e+07,0,0,0,9.32321e+07
39.3193,110.355,2.92583,0.13,0.04,3.34316,3.64556,0,0.626449,6.048,4.12061e+06,2.70226e+06,1.37759e+07,0,0,0,7.16987e+08,56.3991,61.308,4.57012,0,0,2.47401,2.17161,0,1.91128,3.38688,8.56347e+06,3.61194e+06,2.11861e+07,0,0,0,9.32321e+07
42.1738,110.355,5.84494,0.12,0.04,3.34348,3.64588,0,0.626509,6.048,4.12061e+06,2.70226e+06,1.37772e+07,0,0,0,7.16987e+08,58.0251,61.308,6.88831,0,0,2.4742,2.1718,0,1.91142,3.38688,8.56347e+06,3.61194e+06,2.11878e+07,0,0,0,9.32321e+07
43.2348,110.355,3.90284,0.13,0.04,3.0692,3.3716,0,0.626568,6.048,4.12061e+06,2.70226e+06,1.2647e+07,0,0,0,7.16987e+08,58.5717,61.308,4.67291,0,0,2.25622,1.95382,0,1.91157,3.38688,8.56347e+06,3.61194e+06,1.93211e+07,0,0,0,9.32321e+07
43.3748,110.355,3.10077,0.12,0.04,3.0695,3.3719,0,0.575168,6.048,4.12061e+06,2.70226e+06,1.26482e+07,0,0,0,7.16987e+08,59.479,61.308,5.1846,0,0,2.25639,1.95399,0,1.74316,3.38688,8.56347e+06,3.61194e+06,1.93226e+07,0,0,0,9.32321e+07
43.4161,110.355,2.91693,0.15,0.04,3.06979,3.37219,0,0.575223,6.048,4.12061e+06,2.70226e+06,1.26494e+07,0,0,0,7.16987e+08,60.1133,61.308,4.38937,0,0,2.25657,1.95417,0,1.74329,3.38688,8.56347e+06,3.61194e+06,1.9324e+07,0,0,0,9.32321e+07
43.1624,110.355,2.67524,0.16,0.04,3.07009,3.37249,0,0.575279,6.048,4.12061e+06,2.70226e+06,1.26506e+07,0,0,0,7.16987e+08,60.8087,61.308,4.60783,0,0,2.25674,1.95434,0,1.74342,3.38688,8.56347e+06,3.61194e+06,1.93255e+07,0,0,0,9.32321e+07
44.6848,110.355,4.41411,0.17,0.04,3.07038,3.37278,0,0.575334,6.048,4.12061e+06,2.70226e+06,1.26518e+07,0,0,0,7.16987e+08,61.5497,61.308,5.11984,0,0,2.25691,1.95451,0,1.74356,3.38688,8.56347e+06,3.61194e+06,1.9327e+07,0,0,0,9.32321e+07
45.8438,110.355,4.16513,0.2,0.04,3.17633,3.47873,0,0.575389,6.048,4.12061e+06,2.70226e+06,1.30884e+07,0,0,0,7.16987e+08,62.0186,61.308,3.18854,0,0,2.32027,2.01787,0,1.74369,3.38688,8.56347e+06,3.61194e+06,1.98696e+07,0,0,0,1.8295e+08
51.3516,110.355,8.82079,0.14,0.04,3.1766,3.479,0,0.595244,6.048,4.12061e+06,2.70226e+06,1.30896e+07,0,0,0,7.16987e+08,62.3362,61.308,7.46309,0,0,2.32043,2.01803,0,1.79264,3.38688,8.56347e+06,3.61194e+06,1.98709e+07,0,0,0,1.8295e+08
56.6932,110.355,8.82204,0.08,0.04,3.17688,3.47928,0,0.595296,6.048,4.12061e+06,2.70226e+06,1.30907e+07,0,0,0,7.16987e+08,62.3362,61.308,8.16315,0,0,2.32059,2.01819,0,1.79277,3.38688,8.56347e+06,3.61194e+06,1.98723e+07,0,0,0,1.8295e+08
63.7727,110.355,11.0629,0.05,0.04,3.17715,3.47955,0,0.595347,6.048,4.12061e+06,2.70226e+06,1.30918e+07,0,0,0,7.16987e+08,62.3362,61.308,8.71965,0,0,2.32075,2.01835,0,1.79289,3.38688,8.56347e+06,3.61194e+06,1.98737e+07,0,0,0,1.8295e+08
66.3191,110.355,6.40493,0.04,0.04,3.51684,3.81924,0,0.595398,6.048,4.12061e+06,2.70226e+06,1.44915e+07,0,0,0,7.16987e+08,62.3362,61.308,8.94986,0,0,2.55824,2.25584,0,1.79301,3.38688,8.56347e+06,3.61194e+06,2.19074e+07,0,0,0,1.8295e+08
70.8916,110.355,8.56145,0.04,0.04,3.51714,3.81954,0,0.659056,6.048,4.12061e+06,2.70226e+06,1.44928e+07,0,0,0,7.16987e+08,62.3362,61.308,6.5507,0,0,2.55842,2.25602,0,1.9765,3.38688,8.56347e+06,3.61194e+06,2.1909e+07,0,0,0,1.8295e+08
74.6307,110.355,7.75069,0.03,0.04,3.51744,3.81984,0,0.659112,6.048,4.12061e+06,2.70226e+06,1.4494e+07,0,0,0,7.16987e+08,62.3362,61.308,7.74247,0,0,2.5586,2.2562,0,1.97663,3.38688,8.56347e+06,3.61194e+06,2.19105e+07,0,0,0,1.8295e+08
82.3128,110.355,11.9441,0.02,0.04,3.51774,3.82014,0,0.659169,6.048,4.12061e+06,2.70226e+06,1.44953e+07,0,0,0,7.16987e+08,62.3362,61.308,5.67801,0,0,2.55878,2.25638,0,1.97677,3.38688,8.56347e+06,3.61194e+06,2.1912e+07,0,0,0,1.8295e+08
85.3222,110.355,6.76761,0.02,0.04,3.03378,3.33618,0,0.659225,6.048,4.12061e+06,2.70226e+06,1.2501e+07,0,0,0,7.16987e+08,62.3362,61.308,6.68762,0,0,2.24035,1.93795,0,1.97691,3.38688,8.56347e+06,3.61194e+06,1.91852e+07,0,0,0,1.8295e+08
88.4521,110.355,6.98271,0.01,0.04,3.03404,3.33644,0,0.56853,6.048,4.12061e+06,2.70226e+06,1.25021e+07,0,0,0,7.16987e+08,62.3362,61.308,7.82233,0,0,2.2405,1.9381,0,1.73089,3.38688,8.56347e+06,3.61194e+06,1.91865e+07,0,0,0,1.8295e+08
92.0745,110.355,7.54571,0.01,0.04,3.0343,3.3367,0,0.568579,6.048,4.12061e+06,2.70226e+06,1.25032e+07,0,0,0,7.16987e+08,62.3362,61.308,8.42336,0,0,2.24065,1.93825,0,1.73101,3.38688,8.56347e+06,3.61194e+06,1.91878e+07,0,0,0,1.8295e+08
97.346,110.355,9.62054,0,0.04,3.33697,3.33697,0,0.568628,6.048,4.12061e+06,2.70226e+06,1.37503e+07,0,0,0,7.16987e+08,62.3362,61.308,9.09707,0,0,1.93841,1.93841,0,1.73113,3.38688,8.56347e+06,3.61194e+06,1.65995e+07,0,0,0,1.8295e+08
103.521,110.355,10.734,0,0.04,3.33723,3.33723,0,0.625347,6.048,4.12061e+06,2.70226e+06,1.37514e+07,0,0,0,7.16987e+08,62.3362,61.308,9.73068,0,0,1.93856,1.93856,0,1.49761,3.38688,8.56347e+06,3.61194e+06,1.66008e+07,0,0,0,1.8295e+08
105.94,110.355,6.78688,0,0.04,3.45944,3.45944,0,0.625397,6.048,4.12061e+06,2.70226e+06,1.4255e+07,0,0,0,7.16987e+08,62.3362,61.308,8.25181,0,0,2.01668,2.01668,0,1.49773,3.38688,8.56347e+06,3.61194e+06,1.72698e+07,0,0,0,1.8295e+08
107.624,110.355,6.03783,0,0.04,3.45971,3.45971,0,0.648298,6.048,4.12061e+06,2.70226e+06,1.42561e+07,0,0,0,7.16987e+08,62.3362,61.308,7.2452,0,0,2.01684,2.01684,0,1.55809,3.38688,8.56347e+06,3.61194e+06,1.72712e+07,0,0,0,1.8295e+08
110.355,110.355,8.98518,0,0.04,3.45998,3.45998,0,0.648349,6.048,4.12061e+06,2.70226e+06,1.42572e+07,0,0,0,7.16987e+08,62.3362,61.308,8.96774,0,0,2.017,2.017,0,1.55821,3.38688,8.56347e+06,3.61194e+06,1.72725e+07,0,0,0,1.8295e+08
110.355,110.355,6.16888,0,0.04,3.46025,3.46025,0,0.6484,6.048,4.12061e+06,2.70226e+06,1.42584e+07,0,0,0,7.16987e+08,62.3362,61.308,7.60549,0,0,2.01716,2.01716,0,1.55834,3.38688,8.56347e+06,3.61194e+06,1.72739e+07,0,0,0,1.8295e+08
110.355,110.355,5.35444,0,0.04,3.41283,3.41283,0,0.648452,6.048,4.12061e+06,2.70226e+06,1.4063e+07,0,0,0,7.16987e+08,62.3362,61.308,6.22245,0,0,1.98703,1.98703,0,1.55846,3.38688,8.56347e+06,3.61194e+06,1.70158e+07,0,0,0,1.8295e+08
110.355,110.355,5.05714,0,0.04,3.4131,3.4131,0,0.639565,6.048,4.12061e+06,2.70226e+06,1.40641e+07,0,0,0,7.16987e+08,62.3362,61.308,5.31153,0,0,1.98718,1.98718,0,1.53518,3.38688,8.56347e+06,3.61194e+06,1.70172e+07,0,0,0,1.8295e+08
110.355,110.355,4.65166,0,0.04,3.41337,3.41337,0,0.639615,6.048,4.12061e+06,2.70226e+06,1.40652e+07,0,0,0,7.16987e+08,62.3362,61.308,5.01303,0,0,1.98734,1.98734,0,1.5353,3.38688,8.56347e+06,3.61194e+06,1.70185e+07,0,0,0,1.8295e+08
110.355,110.355,4.26768,0,0.04,3.41364,3.41364,0,0.639665,6.048,4.12061e+06,2.70226e+06,1.40663e+07,0,0,0,7.16987e+08,62.3362,61.308,4.78647,0,0,1.9875,1.9875,0,1.53542,3.38688,8.56347e+06,3.61194e+06,1.70199e+07,0,0,0,1.8295e+08
110.326,110.355,4.11521,0,0.04,3.57585,3.57585,0,0.639716,6.048,4.12061e+06,2.70226e+06,1.47347e+07,0,0,0,7.16987e+08,62.3362,61.308,5.06476,0,0,2.09511,2.09511,0,1.53554,3.38688,8.56347e+06,3.61194e+06,1.79415e+07,0,0,0,1.8295e+08
110.145,110.355,3.89883,0,0.04,3.57613,3.57613,0,0.670115,6.048,4.12061e+06,2.70226e+06,1.47359e+07,0,0,0,7.16987e+08,62.3362,61.308,5.04643,0,0,2.09528,2.09528,0,1.61869,3.38688,8.56347e+06,3.61194e+06,1.79429e+07,0,0,0,1.8295e+08
109.769,110.355,3.6838,0,0.04,3.57641,3.57641,0,0.670167,6.048,4.12061e+06,2.70226e+06,1.4737e+07,0,0,0,7.16987e+08,62.3362,61.308,4.44339,0,0,2.09544,2.09544,0,1.61881,3.38688,8.56347e+06,3.61194e+06,1.79443e+07,0,0,0,1.8295e+08
109.261,110.355,3.47865,0,0.04,3.5767,3.5767,0,0.67022,6.048,4.12061e+06,2.70226e+06,1.47382e+07,0,0,0,7.16987e+08,62.3362,61.308,3.94991,0,0,2.09561,2.09561,0,1.61894,3.38688,8.56347e+06,3.61194e+06,1.79457e+07,0,0,0,1.8295e+08
108.851,110.355,3.49526,0,0.04,3.57698,3.57698,0,0.670273,6.048,4.12061e+06,2.70226e+06,1.47393e+07,0,0,0,7.16987e+08,62.3362,61.308,4.23878,0,0,2.09577,2.09577,0,1.61907,3.38688,8.56347e+06,3.61194e+06,1.79471e+07,0,0,0,1.8295e+08
109.746,110.355,4.78692,0,0.04,3.54522,3.54522,0,0.670326,6.048,4.12061e+06,2.70226e+06,1.46085e+07,0,0,0,7.16987e+08,62.3362,61.308,7.50358,0,0,2.15503,2.15503,0,1.6192,3.38688,8.56347e+06,3.61194e+06,1.84545e+07,0,0,0,1.8295e+08
110.078,110.355,4.32151,0,0.04,3.5455,3.5455,0,0.664374,6.048,4.12061e+06,2.70226e+06,1.46096e+07,0,0,0,7.16987e+08,62.3362,61.308,6.81217,0,0,2.1552,2.1552,0,1.66497,3.38688,8.56347e+06,3.61194e+06,1.8456e+07,0,0,0,1.8295e+08
110.02,110.355,3.90485,0,0.04,3.54578,3.54578,0,0.664427,6.048,4.12061e+06,2.70226e+06,1.46108e+07,0,0,0,7.16987e+08,62.3362,61.308,6.39264,0,0,2.15537,2.15537,0,1.6651,3.38688,8.56347e+06,3.61194e+06,1.84574e+07,0,0,0,1.8295e+08
109.731,110.355,3.65802,0,0.04,3.54606,3.54606,0,0.664479,6.048,4.12061e+06,2.70226e+06,1.46119e+07,0,0,0,7.16987e+08,62.3362,61.308,6.12341,0,0,2.15553,2.15553,0,1.66524,3.38688,8.56347e+06,3.61194e+06,1.84589e+07,0,0,0,1.8295e+08
109.379,110.355,3.57375,0,0.04,3.6291,3.6291,0,0.664531,6.048,4.12061e+06,2.70226e+06,1.49541e+07,0,0,0,7.16987e+08,62.3362,61.308,5.93587,0,0,2.20838,2.20838,0,1.66537,3.38688,8.56347e+06,3.61194e+06,1.89114e+07,0,0,0,1.8295e+08
109.213,110.355,3.80698,0,0.04,3.62939,3.62939,0,0.680094,6.048,4.12061e+06,2.70226e+06,1.49553e+07,0,0,0,7.16987e+08,62.3362,61.308,6.7061,0,0,2.20855,2.20855,0,1.70619,3.38688,8.56347e+06,3.61194e+06,1.89129e+07,0,0,0,1.8295e+08
108.808,110.355,3.51339,0,0.04,3.62967,3.62967,0,0.680147,6.048,4.12061e+06,2.70226e+06,1.49565e+07,0,0,0,7.16987e+08,62.3362,61.308,6.33562,0,0,2.20873,2.20873,0,1.70633,3.38688,8.56347e+06,3.61194e+06,1.89144e+07,0,0,0,1.8295e+08
108.107,110.355,3.19784,0,0.04,3.62996,3.62996,0,0.680201,6.048,4.12061e+06,2.70226e+06,1.49576e+07,0,0,0,7.16987e+08,62.3362,61.308,5.5819,0,0,2.2089,2.2089,0,1.70646,3.38688,8.56347e+06,3.61194e+06,1.89159e+07,0,0,0,1.8295e+08
107.664,110.355,3.64166,0,0.04,3.87269,3.87269,0,0.680254,6.048,4.12061e+06,2.70226e+06,1.59579e+07,0,0,0,7.16987e+08,62.3362,61.308,7.29168,0,0,2.39927,2.39927,0,1.7066,3.38688,8.56347e+06,3.61194e+06,2.05461e+07,0,0,0,1.8295e+08
107.479,110.355,3.87841,0,0.04,3.873,3.873,0,0.725742,6.048,4.12061e+06,2.70226e+06,1.59591e+07,0,0,0,7.16987e+08,62.3362,61.308,7.4343,0,0,2.39946,2.39946,0,1.85367,3.38688,8.56347e+06,3.61194e+06,2.05477e+07,0,0,0,1.8295e+08
106.842,110.355,3.47765,0,0.04,3.8733,3.8733,0,0.7258,6.048,4.12061e+06,2.70226e+06,1.59604e+07,0,0,0,7.16987e+08,62.3362,61.308,7.12987,0,0,2.39965,2.39965,0,1.85382,3.38688,8.56347e+06,3.61194e+06,2.05493e+07,0,0,0,1.8295e+08
106.277,110.355,3.5146,0,0.04,3.87361,3.87361,0,0.725857,6.048,4.12061e+06,2.70226e+06,1.59616e+07,0,0,0,7.16987e+08,62.3362,61.308,7.78499,0,0,2.39983,2.39983,0,1.85397,3.38688,8.56347e+06,3.61194e+06,2.05509e+07,0,0,0,1.8295e+08
106.008,110.355,3.54736,0.01,0.04,3.57151,3.87391,0,0.725914,6.048,4.12061e+06,2.70226e+06,1.47168e+07,0,0,0,7.16987e+08,62.3362,61.308,8.93307,0,0,2.70242,2.40002,0,1.85411,3.38688,8.56347e+06,3.61194e+06,2.31421e+07,0,0,0,1.8295e+08
106.052,110.355,3.62423,0.01,0.04,3.45361,3.75601,0,0.669301,6.048,4.12061e+06,2.70226e+06,1.4231e+07,0,0,0,7.16987e+08,62.3362,61.308,10.1583,0,0,2.58713,2.28473,0,2.08789,3.38688,8.56347e+06,3.61194e+06,2.21548e+07,0,0,0,1.8295e+08
105.667,110.355,3.3986,0.01,0.04,3.4539,3.7563,0,0.647206,6.048,4.12061e+06,2.70226e+06,1.42322e+07,0,0,0,7.16987e+08,62.3362,61.308,11.0395,0,0,2.58731,2.28491,0,1.99881,3.38688,8.56347e+06,3.61194e+06,2.21563e+07,0,0,0,1.8295e+08
105.504,110.355,3.91942,0,0.04,3.7566,3.7566,0,0.647262,6.048,4.12061e+06,2.70226e+06,1.54795e+07,0,0,0,7.16987e+08,62.3362,61.308,13.822,0,0,2.28509,2.28509,0,1.99895,3.38688,8.56347e+06,3.61194e+06,1.95683e+07,0,0,0,1.8295e+08
105.229,110.355,3.88563,0,0.04,3.7569,3.7569,0,0.703987,6.048,4.12061e+06,2.70226e+06,1.54807e+07,0,0,0,7.16987e+08,62.3362,61.308,13.7489,0,0,2.28527,2.28527,0,1.76546,3.38688,8.56347e+06,3.61194e+06,1.95698e+07,0,0,0,1.8295e+08
104.22,110.355,3.17277,0,0.04,3.66013,3.66013,0,0.704042,6.048,4.12061e+06,2.70226e+06,1.5082e+07,0,0,0,7.16987e+08,62.3362,61.308,14.7474,0,0,2.18029,2.18029,0,1.7656,3.38688,8.56347e+06,3.61194e+06,1.86709e+07,0,0,0,1.8295e+08
104.283,110.355,4.38601,0,0.04,3.66042,3.66042,0,0.685909,6.048,4.12061e+06,2.70226e+06,1.50832e+07,0,0,0,7.16987e+08,62.3362,61.308,13.9916,0,0,2.18046,2.18046,0,1.68449,3.38688,8.56347e+06,3.61194e+06,1.86723e+07,0,0,0,1.8295e+08
105.696,110.355,5.88752,0,0.04,3.66071,3.66071,0,0.685963,6.048,4.12061e+06,2.70226e+06,1.50844e+07,0,0,0,7.16987e+08,62.3362,61.308,13.6058,0,0,2.18064,2.18064,0,1.68463,3.38688,8.56347e+06,3.61194e+06,1.86738e+07,0,0,0,1.8295e+08
107.406,110.355,6.26597,0,0.04,3.661,3.661,0,0.686017,6.048,4.12061e+06,2.70226e+06,1.50856e+07,0,0,0,7.16987e+08,62.3362,61.308,19.5302,0,0,2.18081,2.18081,0,1.68476,3.38688,8.56347e+06,3.61194e+06,1.86753e+07,0,0,0,1.8295e+08
109.119,110.355,5.96787,0,0.04,3.38555,3.38555,0,0.686071,6.048,4.12061e+06,2.70226e+06,1.39505e+07,0,0,0,7.16987e+08,62.3362,61.308,19.5921,0,0,1.96191,1.96191,0,1.68489,3.38688,8.56347e+06,3.61194e+06,1.68007e+07,0,0,0,1.8295e+08
110.355,110.355,9.30906,0,0.04,3.38582,3.38582,0,0.634452,6.048,4.12061e+06,2.70226e+06,1.39516e+07,0,0,0,7.16987e+08,62.3362,61.308,37.4479,0,0,1.96206,1.96206,0,1.51577,3.38688,8.56347e+06,3.61194e+06,1.68021e+07,0,0,0,1.8295e+08
110.355,110.355,7.05125,0,0.04,3.38608,3.38608,0,0.634502,6.048,4.12061e+06,2.70226e+06,1.39527e+07,0,0,0,7.16987e+08,62.3362,61.308,24.9703,0,0,1.96222,1.96222,0,1.51589,3.38688,8.56347e+06,3.61194e+06,1.68034e+07,0,0,0,1.8295e+08
110.355,110.355,8.1057,0,0.04,3.38635,3.38635,0,0.634552,6.048,4.12061e+06,2.70226e+06,1.39538e+07,0,0,0,7.16987e+08,62.3362,61.308,27.9679,0,0,1.96237,1.96237,0,1.51601,3.38688,8.56347e+06,3.61194e+06,1.68047e+07,0,0,0,1.8295e+08
110.355,110.355,7.40936,0,0.04,3.38662,3.38662,0,0.634602,6.048,4.12061e+06,2.70226e+06,1.39549e+07,0,0,0,7.16987e+08,62.3362,61.308,24.5915,0,0,1.96252,1.96252,0,1.51613,3.38688,8.56347e+06,3.61194e+06,1.6806e+07,0,0,0,1.8295e+08
110.355,110.355,6.26995,0,0.04,3.49297,3.49297,0,0.634652,6.048,4.12061e+06,2.70226e+06,1.43932e+07,0,0,0,7.16987e+08,62.3362,61.308,10.7072,0,0,2.02613,2.02613,0,1.51625,3.38688,8.56347e+06,3.61194e+06,1.73507e+07,0,0,0,1.8295e+08
110.355,110.355,6.98891,0,0.04,3.49321,3.49321,0,0.654582,6.048,4.12061e+06,2.70226e+06,1.43942e+07,0,0,0,7.16987e+08,62.3362,61.308,8.67167,0,0,2.02627,2.02627,0,1.56539,3.38688,8.56347e+06,3.61194e+06,1.73519e+07,0,0,0,1.8295e+08
110.355,110.355,7.3539,0,0.04,3.49346,3.49346,0,0.654628,6.048,4.12061e+06,2.70226e+06,1.43952e+07,0,0,0,7.16987e+08,62.3362,61.308,8.35434,0,0,2.02641,2.02641,0,1.5655,3.38688,8.56347e+06,3.61194e+06,1.73531e+07,0,0,0,1.8295e+08
110.355,110.355,4.23824,0,0.04,3.4937,3.4937,0,0.654673,6.048,4.12061e+06,2.70226e+06,1.43962e+07,0,0,0,7.16987e+08,62.3362,61.308,6.12086,0,0,2.02656,2.02656,0,1.56561,3.38688,8.56347e+06,3.61194e+06,1.73544e+07,0,0,0,1.8295e+08
110.057,110.355,4.23534,0,0.04,3.83473,3.83473,0,0.654719,6.048,4.12061e+06,2.70226e+06,1.58015e+07,0,0,0,7.16987e+08,62.3362,61.308,4.5751,0,0,2.26499,2.26499,0,1.56572,3.38688,8.56347e+06,3.61194e+06,1.93962e+07,0,0,0,1.8295e+08
110.355,110.355,6.3096,0,0.04,3.835,3.835,0,0.718629,6.048,4.12061e+06,2.70226e+06,1.58026e+07,0,0,0,7.16987e+08,62.3362,61.308,7.20255,0,0,2.26515,2.26515,0,1.74993,3.38688,8.56347e+06,3.61194e+06,1.93976e+07,0,0,0,1.8295e+08
110.355,110.355,7.65757,0,0.04,3.83527,3.83527,0,0.718679,6.048,4.12061e+06,2.70226e+06,1.58037e+07,0,0,0,7.16987e+08,62.3362,61.308,9.75934,0,0,2.26531,2.26531,0,1.75006,3.38688,8.56347e+06,3.61194e+06,1.93989e+07,0,0,0,1.8295e+08
110.355,110.355,5.38835,0,0.04,3.83554,3.83554,0,0.71873,6.048,4.12061e+06,2.70226e+06,1.58048e+07,0,0,0,7.16987e+08,62.3362,61.308,4.99674,0,0,2.26547,2.26547,0,1.75018,3.38688,8.56347e+06,3.61194e+06,1.94003e+07,0,0,0,1.8295e+08
110.355,110.355,4.72963,0,0.04,3.34959,3.34959,0,0.71878,6.048,4.12061e+06,2.70226e+06,1.38024e+07,0,0,0,7.16987e+08,62.3362,61.308,4.68794,0,0,1.94574,1.94574,0,1.7503,3.38688,8.56347e+06,3.61194e+06,1.66623e+07,0,0,0,1.8295e+08
110.355,110.355,6.01285,0,0.04,3.34983,3.34983,0,0.627714,6.048,4.12061e+06,2.70226e+06,1.38033e+07,0,0,0,7.16987e+08,62.3362,61.308,5.63722,0,0,1.94588,1.94588,0,1.50328,3.38688,8.56347e+06,3.61194e+06,1.66635e+07,0,0,0,1.8295e+08
110.355,110.355,7.90522,0,0.04,3.35006,3.35006,0,0.627758,6.048,4.12061e+06,2.70226e+06,1.38043e+07,0,0,0,7.16987e+08,62.3362,61.308,5.82074,0,0,1.94601,1.94601,0,1.50338,3.38688,8.56347e+06,3.61194e+06,1.66646e+07,0,0,0,1.8295e+08
110.355,110.355,7.79908,0,0.04,3.3503,3.3503,0,0.627801,6.048,4.12061e+06,2.70226e+06,1.38053e+07,0,0,0,7.16987e+08,62.3362,61.308,6.8673,0,0,1.94615,1.94615,0,1.50349,3.38688,8.56347e+06,3.61194e+06,1.66658e+07,0,0,0,1.8295e+08
110.355,110.355,9.11841,0,0.04,3.35053,3.35053,0,0.627845,6.048,4.12061e+06,2.70226e+06,1.38062e+07,0,0,0,7.16987e+08,62.3362,61.308,5.21901,0,0,1.94628,1.94628,0,1.50359,3.38688,8.56347e+06,3.61194e+06,1.66669e+07,0,0,0,1.8295e+08
110.355,110.355,6.2813,0,0.04,3.47319,3.47319,0,0.627889,6.048,4.12061e+06,2.70226e+06,1.43117e+07,0,0,0,7.16987e+08,62.3362,61.308,5.70975,0,0,2.0247,2.0247,0,1.5037,3.38688,8.56347e+06,3.61194e+06,1.73385e+07,0,0,0,1.8295e+08
110.355,110.355,7.07888,0,0.04,3.47344,3.47344,0,0.650876,6.048,4.12061e+06,2.70226e+06,1.43127e+07,0,0,0,7.16987e+08,62.3362,61.308,8.52018,0,0,2.02485,2.02485,0,1.56429,3.38688,8.56347e+06,3.61194e+06,1.73397e+07,0,0,0,1.8295e+08
110.355,110.355,7.34478,0,0.04,3.47368,3.47368,0,0.650922,6.048,4.12061e+06,2.70226e+06,1.43137e+07,0,0,0,7.16987e+08,62.3362,61.308,8.25706,0,0,2.02499,2.02499,0,1.5644,3.38688,8.56347e+06,3.61194e+06,1.73409e+07,0,0,0,1.8295e+08
110.355,110.355,5.19924,0,0.04,3.47392,3.47392,0,0.650967,6.048,4.12061e+06,2.70226e+06,1.43147e+07,0,0,0,7.16987e+08,62.3362,61.308,7.09265,0,0,2.02513,2.02513,0,1.5645,3.38688,8.56347e+06,3.61194e+06,1.73421e+07,0,0,0,1.8295e+08
110.355,110.355,5.21848,0,0.04,3.42628,3.42628,0,0.651013,6.048,4.12061e+06,2.70226e+06,1.41184e+07,0,0,0,7.16987e+08,62.3362,61.308,5.13109,0,0,1.99486,1.99486,0,1.56461,3.38688,8.56347e+06,3.61194e+06,1.70829e+07,0,0,0,1.8295e+08
110.355,110.355,4.92504,0,0.04,3.42652,3.42652,0,0.642085,6.048,4.12061e+06,2.70226e+06,1.41194e+07,0,0,0,7.16987e+08,62.3362,61.308,4.62211,0,0,1.995,1.995,0,1.54123,3.38688,8.56347e+06,3.61194e+06,1.70841e+07,0,0,0,1.8295e+08
110.355,110.355,4.38891,0,0.04,3.42676,3.42676,0,0.64213,6.048,4.12061e+06,2.70226e+06,1.41203e+07,0,0,0,7.16987e+08,62.3362,61.308,4.95336,0,0,1.99514,1.99514,0,1.54133,3.38688,8.56347e+06,3.61194e+06,1.70853e+07,0,0,0,1.8295e+08
110.355,110.355,4.56865,0,0.04,3.427,3.427,0,0.642175,6.048,4.12061e+06,2.70226e+06,1.41213e+07,0,0,0,7.16987e+08,62.3362,61.308,4.14854,0,0,1.99527,1.99527,0,1.54144,3.38688,8.56347e+06,3.61194e+06,1.70865e+07,0,0,0,1.8295e+08
110.355,110.355,4.64588,0,0.04,3.58982,3.58982,0,0.64222,6.048,4.12061e+06,2.70226e+06,1.47922e+07,0,0,0,7.16987e+08,62.3362,61.308,4.45858,0,0,2.1033,2.1033,0,1.54155,3.38688,8.56347e+06,3.61194e+06,1.80115e+07,0,0,0,1.8295e+08
110.355,110.355,4.52885,0,0.04,3.59007,3.59007,0,0.672731,6.048,4.12061e+06,2.70226e+06,1.47933e+07,0,0,0,7.16987e+08,62.3362,61.308,4.41884,0,0,2.10344,2.10344,0,1.62501,3.38688,8.56347e+06,3.61194e+06,1.80128e+07,0,0,0,1.8295e+08
110.247,110.355,3.9331,0,0.04,3.59032,3.59032,0,0.672778,6.048,4.12061e+06,2.70226e+06,1.47943e+07,0,0,0,7.16987e+08,62.3362,61.308,3.19444,0,0,2.10359,2.10359,0,1.62512,3.38688,8.56347e+06,3.61194e+06,1.8014e+07,0,0,0,1.8295e+08
109.929,110.355,3.67111,0,0.04,3.59057,3.59057,0,0.672825,6.048,4.12061e+06,2.70226e+06,1.47953e+07,0,0,0,7.16987e+08,62.3362,61.308,3.08319,0,0,2.10374,2.10374,0,1.62523,3.38688,8.56347e+06,3.61194e+06,1.80153e+07,0,0,0,1.8295e+08
109.352,110.355,3.35369,0,0.04,3.59082,3.59082,0,0.672872,6.048,4.12061e+06,2.70226e+06,1.47964e+07,0,0,0,7.16987e+08,61.9756,61.308,2.65375,0,0,2.10388,2.10388,0,1.62535,3.38688,8.56347e+06,3.61194e+06,1.80165e+07,0,0,0,1.8295e+08
108.035,110.355,2.54192,0,0.04,3.55891,3.55891,0,0.672919,6.048,4.12061e+06,2.70226e+06,1.46649e+07,0,0,0,7.16987e+08,61.2022,61.308,1.53131,0,0,2.16335,2.16335,0,1.62546,3.38688,8.56347e+06,3.61194e+06,1.85257e+07,0,0,0,1.8295e+08
106.635,110.355,2.39637,0,0.04,3.55915,3.55915,0,0.666939,6.048,4.12061e+06,2.70226e+06,1.46659e+07,0,0,0,7.16987e+08,60.3587,61.308,1.4576,0,0,2.1635,2.1635,0,1.6714,3.38688,8.56347e+06,3.61194e+06,1.8527e+07,0,0,0,1.8295e+08
105.13,110.355,2.2741,0,0.04,3.5594,3.5594,0,0.666986,6.048,4.12061e+06,2.70226e+06,1.46669e+07,0,0,0,7.16987e+08,59.4489,61.308,1.40083,0,0,2.16365,2.16365,0,1.67152,3.38688,8.56347e+06,3.61194e+06,1.85283e+07,0,0,0,1.8295e+08
103.474,110.355,2.10786,0,0.04,3.55965,3.55965,0,0.667032,6.048,4.12061e+06,2.70226e+06,1.46679e+07,0,0,0,7.16987e+08,58.3213,61.308,1.30386,0,0,2.1638,2.1638,0,1.67163,3.38688,8.56347e+06,3.61194e+06,1.85296e+07,0,0,0,1.8295e+08
101.872,110.355,1.92037,0.01,0.04,3.34058,3.64298,0,0.667079,6.048,4.12061e+06,2.70226e+06,1.37652e+07,0,0,0,7.16987e+08,57.1829,61.308,1.11023,0,0,2.51923,2.21683,0,1.67175,3.38688,8.56347e+06,3.61194e+06,2.15733e+07,0,0,0,1.8295e+08
100.264,110.355,1.90465,0.01,0.04,3.34084,3.64324,0,0.626025,6.048,4.12061e+06,2.70226e+06,1.37663e+07,0,0,0,7.16987e+08,56.0371,61.308,1.13325,0,0,2.51938,2.21698,0,1.94635,3.38688,8.56347e+06,3.61194e+06,2.15747e+07,0,0,0,1.8295e+08
98.5433,110.355,1.76315,0.02,0.04,3.34109,3.64349,0,0.626073,6.048,4.12061e+06,2.70226e+06,1.37673e+07,0,0,0,7.16987e+08,54.767,61.308,1.08152,0,0,2.51954,2.21714,0,1.94647,3.38688,8.56347e+06,3.61194e+06,2.1576e+07,0,0,0,1.8295e+08
96.679,110.355,1.60448,0.02,0.04,3.34134,3.64374,0,0.62612,6.048,4.12061e+06,2.70226e+06,1.37684e+07,0,0,0,7.16987e+08,53.6637,61.308,0.943346,0,0,2.51969,2.21729,0,1.94659,3.38688,8.56347e+06,3.61194e+06,2.15773e+07,0,0,0,1.8295e+08
94.7809,110.355,1.75714,0.02,0.04,3.58497,3.88737,0,0.626168,6.048,4.12061e+06,2.70226e+06,1.47723e+07,0,0,0,7.16987e+08,52.5064,61.308,1.17528,0,0,2.71076,2.40836,0,1.94671,3.38688,8.56347e+06,3.61194e+06,2.32135e+07,0,0,0,1.8295e+08
93.0122,110.355,1.87026,0.02,0.04,3.58524,3.88764,0,0.671823,6.048,4.12061e+06,2.70226e+06,1.47734e+07,0,0,0,7.16987e+08,51.1018,61.308,1.03003,0,0,2.71093,2.40853,0,2.09433,3.38688,8.56347e+06,3.61194e+06,2.32149e+07,0,0,0,1.8295e+08
90.8824,110.355,1.5056,0.02,0.04,3.58551,3.88791,0,0.671874,6.048,4.12061e+06,2.70226e+06,1.47745e+07,0,0,0,7.16987e+08,50.0022,61.308,0.773468,0,0,2.7111,2.4087,0,2.09446,3.38688,8.56347e+06,3.61194e+06,2.32164e+07,0,0,0,1.8295e+08
89.0728,110.355,1.80193,0.02,0.04,3.58578,3.88818,0,0.671924,6.048,4.12061e+06,2.70226e+06,1.47756e+07,0,0,0,7.16987e+08,48.8014,61.308,1.27069,0,0,2.71126,2.40886,0,2.09459,3.38688,8.56347e+06,3.61194e+06,2.32178e+07,0,0,0,1.8295e+08
86.9316,110.355,1.45584,0.02,0.04,3.58605,3.88845,0,0.671975,6.048,4.12061e+06,2.70226e+06,1.47767e+07,0,0,0,7.16987e+08,47.8576,61.308,0.915034,0,0,2.71143,2.40903,0,2.09472,3.38688,8.56347e+06,3.61194e+06,2.32193e+07,0,0,0,1.8295e+08
85.5355,110.355,2.13319,0.02,0.04,3.46767,3.77007,0,0.672026,6.048,4.12061e+06,2.70226e+06,1.42889e+07,0,0,0,7.16987e+08,47.3194,61.308,1.35639,0,0,2.59568,2.29328,0,2.09485,3.38688,8.56347e+06,3.61194e+06,2.22281e+07,0,0,0,1.8295e+08
83.972,110.355,1.96297,0.02,0.04,3.46794,3.77034,0,0.649842,6.048,4.12061e+06,2.70226e+06,1.429e+07,0,0,0,7.16987e+08,46.6779,61.308,2.37916,0,0,2.59584,2.29344,0,2.00542,3.38688,8.56347e+06,3.61194e+06,2.22294e+07,0,0,0,1.8295e+08
82.1348,110.355,1.63924,0.02,0.04,3.4682,3.7706,0,0.649891,6.048,4.12061e+06,2.70226e+06,1.42911e+07,0,0,0,7.16987e+08,45.8989,61.308,1.24293,0,0,2.596,2.2936,0,2.00555,3.38688,8.56347e+06,3.61194e+06,2.22308e+07,0,0,0,1.8295e+08
80.9373,110.355,2.33654,0.02,0.04,3.46846,3.77086,0,0.649941,6.048,4.12061e+06,2.70226e+06,1.42922e+07,0,0,0,7.16987e+08,45.4133,61.308,1.43155,0,0,2.59616,2.29376,0,2.00567,3.38688,8.56347e+06,3.61194e+06,2.22322e+07,0,0,0,1.8295e+08
80.0776,110.355,2.76105,0.02,0.04,3.37131,3.67371,0,0.64999,6.048,4.12061e+06,2.70226e+06,1.38919e+07,0,0,0,7.16987e+08,45.1703,61.308,1.85815,0,0,2.49078,2.18838,0,2.0058,3.38688,8.56347e+06,3.61194e+06,2.13297e+07,0,0,0,1.8295e+08
79.0955,110.355,2.60738,0.02,0.04,3.37157,3.67397,0,0.631783,6.048,4.12061e+06,2.70226e+06,1.38929e+07,0,0,0,7.16987e+08,44.8209,61.308,1.76612,0,0,2.49093,2.18853,0,1.92438,3.38688,8.56347e+06,3.61194e+06,2.1331e+07,0,0,0,1.8295e+08
80.4771,110.355,5.01617,0.02,0.04,3.37182,3.67422,0,0.631831,6.048,4.12061e+06,2.70226e+06,1.3894e+07,0,0,0,7.16987e+08,44.834,61.308,2.56994,0,0,2.49109,2.18869,0,1.92449,3.38688,8.56347e+06,3.61194e+06,2.13323e+07,0,0,0,1.8295e+08
80.94,110.355,4.09225,0.02,0.04,3.37208,3.67448,0,0.631879,6.048,4.12061e+06,2.70226e+06,1.3895e+07,0,0,0,7.16987e+08,45.0276,61.308,3.78202,0,0,2.49124,2.18884,0,1.92461,3.38688,8.56347e+06,3.61194e+06,2.13336e+07,0,0,0,1.8295e+08
81.267,110.355,3.74776,0.02,0.04,3.09559,3.39799,0,0.631928,6.048,4.12061e+06,2.70226e+06,1.27557e+07,0,0,0,7.16987e+08,44.8866,61.308,2.47506,0,0,2.27151,1.96911,0,1.92473,3.38688,8.56347e+06,3.61194e+06,1.9452e+07,0,0,0,1.8295e+08
82.197,110.355,4.32776,0.02,0.04,3.09582,3.39822,0,0.580113,6.048,4.12061e+06,2.70226e+06,1.27567e+07,0,0,0,7.16987e+08,44.5178,61.308,2.18348,0,0,2.27165,1.96925,0,1.75497,3.38688,8.56347e+06,3.61194e+06,1.94532e+07,0,0,0,1.8295e+08
83.6607,110.355,4.93752,0.02,0.04,3.09606,3.39846,0,0.580157,6.048,4.12061e+06,2.70226e+06,1.27577e+07,0,0,0,7.16987e+08,44.3617,61.308,3.08099,0,0,2.27179,1.96939,0,1.75508,3.38688,8.56347e+06,3.61194e+06,1.94544e+07,0,0,0,1.8295e+08
86.0802,110.355,5.93685,0.02,0.04,3.0963,3.3987,0,0.580202,6.048,4.12061e+06,2.70226e+06,1.27586e+07,0,0,0,7.16987e+08,44.2413,61.308,2.99919,0,0,2.27193,1.96953,0,1.75518,3.38688,8.56347e+06,3.61194e+06,1.94556e+07,0,0,0,1.8295e+08
85.9885,110.355,3.50339,0.02,0.04,3.09653,3.39893,0,0.580246,6.048,4.12061e+06,2.70226e+06,1.27596e+07,0,0,0,7.16987e+08,44.0091,61.308,2.43089,0,0,2.27206,1.96966,0,1.75529,3.38688,8.56347e+06,3.61194e+06,1.94568e+07,0,0,0,1.8295e+08
85.8907,110.355,3.4819,0.02,0.04,3.09653,3.39893,0,0.58029,6.048,4.12061e+06,2.70226e+06,1.27596e+07,0,0,0,7.16987e+08,43.7859,61.308,2.34355,0,0,2.27206,1.96966,0,1.7554,3.38688,8.56347e+06,3.61194e+06,1.94568e+07,0,0,0,1.8295e+08
87.6782,110.355,5.59265,0.02,0.04,3.20324,3.50564,0,0.58029,6.048,4.12061e+06,2.70226e+06,1.31993e+07,0,0,0,7.16987e+08,43.8734,61.308,2.69877,0,0,2.33588,2.03348,0,1.7554,3.38688,8.56347e+06,3.61194e+06,2.00033e+07,0,0,0,1.8295e+08
88.8082,110.355,4.88453,0.02,0.04,3.20346,3.50586,0,0.600288,6.048,4.12061e+06,2.70226e+06,1.32002e+07,0,0,0,7.16987e+08,44.1875,61.308,3.61363,0,0,2.33601,2.03361,0,1.8047,3.38688,8.56347e+06,3.61194e+06,2.00043e+07,0,0,0,1.8295e+08
92.5607,110.355,7.70578,0.02,0.04,3.20367,3.50607,0,0.600328,6.048,4.12061e+06,2.70226e+06,1.32011e+07,0,0,0,7.16987e+08,45.2347,61.308,5.52086,0,0,2.33613,2.03373,0,1.8048,3.38688,8.56347e+06,3.61194e+06,2.00054e+07,0,0,0,1.8295e+08
96.6764,110.355,8.22575,0.01,0.04,3.20388,3.50628,0,0.600368,6.048,4.12061e+06,2.70226e+06,1.3202e+07,0,0,0,7.16987e+08,46.5505,61.308,5.97548,0,0,2.33626,2.03386,0,1.8049,3.38688,8.56347e+06,3.61194e+06,2.00065e+07,0,0,0,1.8295e+08
97.4159,110.355,5.28072,0,0.04,3.84851,3.84851,0,0.600408,6.048,4.12061e+06,2.70226e+06,1.58582e+07,0,0,0,7.16987e+08,47.0617,61.308,3.47294,0,0,2.27313,2.27313,0,1.80499,3.38688,8.56347e+06,3.61194e+06,1.94659e+07,0,0,0,1.8295e+08
97.6142,110.355,4.72988,0,0.04,3.84875,3.84875,0,0.721212,6.048,4.12061e+06,2.70226e+06,1.58592e+07,0,0,0,7.16987e+08,47.6007,61.308,3.50894,0,0,2.27327,2.27327,0,1.75622,3.38688,8.56347e+06,3.61194e+06,1.94671e+07,0,0,0,1.8295e+08
98.0837,110.355,4.97019,0,0.04,3.84898,3.84898,0,0.721256,6.048,4.12061e+06,2.70226e+06,1.58602e+07,0,0,0,7.16987e+08,48.1686,61.308,3.66069,0,0,2.27341,2.27341,0,1.75633,3.38688,8.56347e+06,3.61194e+06,1.94683e+07,0,0,0,1.8295e+08
98.7811,110.355,5.16978,0,0.04,3.84922,3.84922,0,0.7213,6.048,4.12061e+06,2.70226e+06,1.58611e+07,0,0,0,7.16987e+08,48.5871,61.308,3.58826,0,0,2.27355,2.27355,0,1.75644,3.38688,8.56347e+06,3.61194e+06,1.94695e+07,0,0,0,1.8295e+08
100.291,110.355,5.60829,0,0.04,3.36151,3.36151,0,0.721344,6.048,4.12061e+06,2.70226e+06,1.38515e+07,0,0,0,7.16987e+08,49.875,61.308,5.61562,0,0,1.95266,1.95266,0,1.75654,3.38688,8.56347e+06,3.61194e+06,1.67216e+07,0,0,0,1.8295e+08
101.177,110.355,4.9964,0,0.04,3.36172,3.36172,0,0.629947,6.048,4.12061e+06,2.70226e+06,1.38523e+07,0,0,0,7.16987e+08,50.3337,61.308,4.05939,0,0,1.95278,1.95278,0,1.50863,3.38688,8.56347e+06,3.61194e+06,1.67226e+07,0,0,0,1.8295e+08
101.21,110.355,4.13023,0,0.04,3.36192,3.36192,0,0.629986,6.048,4.12061e+06,2.70226e+06,1.38532e+07,0,0,0,7.16987e+08,50.6691,61.308,3.52727,0,0,1.9529,1.9529,0,1.50872,3.38688,8.56347e+06,3.61194e+06,1.67236e+07,0,0,0,1.8295e+08
101.895,110.355,4.84198,0,0.04,3.36213,3.36213,0,0.630024,6.048,4.12061e+06,2.70226e+06,1.3854e+07,0,0,0,7.16987e+08,51.112,61.308,3.93485,0,0,1.95302,1.95302,0,1.50881,3.38688,8.56347e+06,3.61194e+06,1.67246e+07,0,0,0,1.8295e+08
103.137,110.355,5.38648,0,0.04,3.36233,3.36233,0,0.630063,6.048,4.12061e+06,2.70226e+06,1.38549e+07,0,0,0,7.16987e+08,51.6649,61.308,4.24002,0,0,1.95314,1.95314,0,1.5089,3.38688,8.56347e+06,3.61194e+06,1.67257e+07,0,0,0,1.8295e+08
104.18,110.355,5.22727,0,0.04,3.4854,3.4854,0,0.630101,6.048,4.12061e+06,2.70226e+06,1.4362e+07,0,0,0,7.16987e+08,52.11,61.308,3.98786,0,0,2.03182,2.03182,0,1.509,3.38688,8.56347e+06,3.61194e+06,1.73994e+07,0,0,0,1.8295e+08
105.03,110.355,4.92693,0,0.04,3.48561,3.48561,0,0.653163,6.048,4.12061e+06,2.70226e+06,1.43628e+07,0,0,0,7.16987e+08,52.5176,61.308,3.81357,0,0,2.03194,2.03194,0,1.56978,3.38688,8.56347e+06,3.61194e+06,1.74005e+07,0,0,0,1.8295e+08
105.173,110.355,4.20553,0,0.04,3.48582,3.48582,0,0.653203,6.048,4.12061e+06,2.70226e+06,1.43637e+07,0,0,0,7.16987e+08,52.6102,61.308,3.23292,0,0,2.03207,2.03207,0,1.56988,3.38688,8.56347e+06,3.61194e+06,1.74015e+07,0,0,0,1.8295e+08
104.981,110.355,3.75548,0,0.04,3.48604,3.48604,0,0.653243,6.048,4.12061e+06,2.70226e+06,1.43646e+07,0,0,0,7.16987e+08,52.7563,61.308,3.28771,0,0,2.03219,2.03219,0,1.56997,3.38688,8.56347e+06,3.61194e+06,1.74026e+07,0,0,0,1.8295e+08
104.552,110.355,3.43766,0,0.04,3.4382,3.4382,0,0.653283,6.048,4.12061e+06,2.70226e+06,1.41675e+07,0,0,0,7.16987e+08,52.9244,61.308,3.38457,0,0,2.0018,2.0018,0,1.57007,3.38688,8.56347e+06,3.61194e+06,1.71423e+07,0,0,0,1.8295e+08
103.869,110.355,3.08424,0,0.04,3.43841,3.43841,0,0.644319,6.048,4.12061e+06,2.70226e+06,1.41683e+07,0,0,0,7.16987e+08,53.2167,61.308,3.19791,0,0,2.00192,2.00192,0,1.54659,3.38688,8.56347e+06,3.61194e+06,1.71434e+07,0,0,0,1.8295e+08
103.038,110.355,2.90497,0,0.04,3.43862,3.43862,0,0.644358,6.048,4.12061e+06,2.70226e+06,1.41692e+07,0,0,0,7.16987e+08,53.4071,61.308,2.94856,0,0,2.00204,2.00204,0,1.54668,3.38688,8.56347e+06,3.61194e+06,1.71444e+07,0,0,0,1.8295e+08
102.076,110.355,2.76098,0,0.04,3.43883,3.43883,0,0.644397,6.048,4.12061e+06,2.70226e+06,1.41701e+07,0,0,0,7.16987e+08,53.5539,61.308,2.856,0,0,2.00216,2.00216,0,1.54678,3.38688,8.56347e+06,3.61194e+06,1.71455e+07,0,0,0,1.8295e+08
100.844,110.355,2.61281,0,0.04,3.60218,3.60218,0,0.644437,6.048,4.12061e+06,2.70226e+06,1.48432e+07,0,0,0,7.16987e+08,53.7355,61.308,3.15842,0,0,2.11054,2.11054,0,1.54687,3.38688,8.56347e+06,3.61194e+06,1.80735e+07,0,0,0,1.8295e+08
99.5512,110.355,2.53573,0,0.04,3.6024,3.6024,0,0.675048,6.048,4.12061e+06,2.70226e+06,1.48441e+07,0,0,0,7.16987e+08,53.8386,61.308,2.87908,0,0,2.11067,2.11067,0,1.6306,3.38688,8.56347e+06,3.61194e+06,1.80746e+07,0,0,0,1.8295e+08
97.9934,110.355,2.22519,0,0.04,3.60262,3.60262,0,0.675089,6.048,4.12061e+06,2.70226e+06,1.4845e+07,0,0,0,7.16987e+08,53.8655,61.308,2.68357,0,0,2.1108,2.1108,0,1.6307,3.38688,8.56347e+06,3.61194e+06,1.80757e+07,0,0,0,1.8295e+08
96.3872,110.355,2.10134,0,0.04,3.60284,3.60284,0,0.67513,6.048,4.12061e+06,2.70226e+06,1.48459e+07,0,0,0,7.16987e+08,53.8347,61.308,2.56291,0,0,2.11092,2.11092,0,1.6308,3.38688,8.56347e+06,3.61194e+06,1.80768e+07,0,0,0,1.8295e+08
96.1058,110.355,3.23187,0.01,0.04,3.30066,3.60306,0,0.675171,6.048,4.12061e+06,2.70226e+06,1.36007e+07,0,0,0,7.16987e+08,54.0795,61.308,3.53818,0,0,2.41345,2.11105,0,1.6309,3.38688,8.56347e+06,3.61194e+06,2.06675e+07,0,0,0,1.8295e+08
95.7609,110.355,3.14822,0.01,0.04,3.2686,3.571,0,0.618543,6.048,4.12061e+06,2.70226e+06,1.34686e+07,0,0,0,7.16987e+08,54.3462,61.308,3.64916,0,0,2.4731,2.1707,0,1.86463,3.38688,8.56347e+06,3.61194e+06,2.11783e+07,0,0,0,1.8295e+08
95.1428,110.355,2.85463,0.02,0.04,3.26882,3.57122,0,0.612536,6.048,4.12061e+06,2.70226e+06,1.34695e+07,0,0,0,7.16987e+08,54.5425,61.308,3.29533,0,0,2.47323,2.17083,0,1.91072,3.38688,8.56347e+06,3.61194e+06,2.11794e+07,0,0,0,1.8295e+08
94.4397,110.355,2.70076,0.02,0.04,3.26904,3.57144,0,0.612577,6.048,4.12061e+06,2.70226e+06,1.34704e+07,0,0,0,7.16987e+08,54.5996,61.308,3.23819,0,0,2.47336,2.17096,0,1.91082,3.38688,8.56347e+06,3.61194e+06,2.11806e+07,0,0,0,1.8295e+08
93.6973,110.355,2.65864,0.02,0.04,3.26926,3.57166,0,0.612618,6.048,4.12061e+06,2.70226e+06,1.34713e+07,0,0,0,7.16987e+08,54.5849,61.308,3.12702,0,0,2.4735,2.1711,0,1.91092,3.38688,8.56347e+06,3.61194e+06,2.11817e+07,0,0,0,1.8295e+08
93.0908,110.355,2.86456,0.02,0.04,3.35284,3.65524,0,0.612659,6.048,4.12061e+06,2.70226e+06,1.38157e+07,0,0,0,7.16987e+08,54.5227,61.308,3.07741,0,0,2.52668,2.22428,0,1.91102,3.38688,8.56347e+06,3.61194e+06,2.16372e+07,0,0,0,1.8295e+08
92.174,110.355,2.54345,0.02,0.04,3.35306,3.65546,0,0.628321,6.048,4.12061e+06,2.70226e+06,1.38167e+07,0,0,0,7.16987e+08,54.4061,61.308,2.91102,0,0,2.52682,2.22442,0,1.95212,3.38688,8.56347e+06,3.61194e+06,2.16383e+07,0,0,0,1.8295e+08
91.0554,110.355,2.32865,0.02,0.04,3.35328,3.65568,0,0.628363,6.048,4.12061e+06,2.70226e+06,1.38176e+07,0,0,0,7.16987e+08,54.2612,61.308,2.7194,0,0,2.52696,2.22456,0,1.95222,3.38688,8.56347e+06,3.61194e+06,2.16395e+07,0,0,0,1.8295e+08
89.6535,110.355,2.00976,0.02,0.04,3.35351,3.65591,0,0.628405,6.048,4.12061e+06,2.70226e+06,1.38185e+07,0,0,0,7.16987e+08,54.1073,61.308,2.69739,0,0,2.52709,2.22469,0,1.95233,3.38688,8.56347e+06,3.61194e+06,2.16407e+07,0,0,0,1.8295e+08
87.8481,110.355,1.822,0.02,0.04,3.59791,3.90031,0,0.628447,6.048,4.12061e+06,2.70226e+06,1.48256e+07,0,0,0,7.16987e+08,53.8156,61.308,2.15971,0,0,2.71878,2.41638,0,1.95243,3.38688,8.56347e+06,3.61194e+06,2.32822e+07,0,0,0,1.8295e+08
85.7477,110.355,1.53456,0.02,0.04,3.59814,3.90054,0,0.674247,6.048,4.12061e+06,2.70226e+06,1.48266e+07,0,0,0,7.16987e+08,53.4353,61.308,1.89922,0,0,2.71892,2.41652,0,2.10053,3.38688,8.56347e+06,3.61194e+06,2.32834e+07,0,0,0,1.8295e+08
83.8144,110.355,1.67235,0.02,0.04,3.59838,3.90078,0,0.674292,6.048,4.12061e+06,2.70226e+06,1.48275e+07,0,0,0,7.16987e+08,53.2799,61.308,2.52495,0,0,2.71907,2.41667,0,2.10064,3.38688,8.56347e+06,3.61194e+06,2.32847e+07,0,0,0,1.8295e+08
81.8046,110.355,1.55588,0.03,0.04,3.59862,3.90102,0,0.674337,6.048,4.12061e+06,2.70226e+06,1.48285e+07,0,0,0,7.16987e+08,52.9764,61.308,2.22862,0,0,2.71922,2.41682,0,2.10075,3.38688,8.56347e+06,3.61194e+06,2.32859e+07,0,0,0,1.8295e+08
81.2226,110.355,2.9832,0.03,0.04,3.59886,3.90126,0,0.674381,6.048,4.12061e+06,2.70226e+06,1.48295e+07,0,0,0,7.16987e+08,53.7139,61.308,4.87901,0,0,2.71937,2.41697,0,2.10087,3.38688,8.56347e+06,3.61194e+06,2.32872e+07,0,0,0,1.8295e+08
81.0191,110.355,3.38779,0.02,0.04,3.48006,3.78246,0,0.674426,6.048,4.12061e+06,2.70226e+06,1.434e+07,0,0,0,7.16987e+08,55.2666,61.308,6.60266,0,0,2.60321,2.30081,0,2.10098,3.38688,8.56347e+06,3.61194e+06,2.22926e+07,0,0,0,1.8295e+08
81.3191,110.355,3.91233,0.02,0.04,3.48029,3.78269,0,0.652163,6.048,4.12061e+06,2.70226e+06,1.43409e+07,0,0,0,7.16987e+08,57.5515,61.308,8.23316,0,0,2.60335,2.30095,0,2.01124,3.38688,8.56347e+06,3.61194e+06,2.22938e+07,0,0,0,1.8295e+08
81.5027,110.355,3.85728,0.02,0.04,3.48052,3.78292,0,0.652206,6.048,4.12061e+06,2.70226e+06,1.43419e+07,0,0,0,7.16987e+08,59.8175,61.308,8.18889,0,0,2.6035,2.3011,0,2.01135,3.38688,8.56347e+06,3.61194e+06,2.2295e+07,0,0,0,1.8295e+08
81.9085,110.355,4.25018,0.02,0.04,3.48075,3.78315,0,0.652249,6.048,4.12061e+06,2.70226e+06,1.43428e+07,0,0,0,7.16987e+08,62.3362,61.308,10.5936,0,0,2.60364,2.30124,0,2.01146,3.38688,8.56347e+06,3.61194e+06,2.22962e+07,0,0,0,1.8295e+08
81.9141,110.355,3.79353,0.02,0.04,3.38325,3.68565,0,0.652292,6.048,4.12061e+06,2.70226e+06,1.3941e+07,0,0,0,7.16987e+08,62.3362,61.308,13.1491,0,0,2.49789,2.19549,0,2.01157,3.38688,8.56347e+06,3.61194e+06,2.13906e+07,0,0,0,1.8295e+08
81.7085,110.355,3.53695,0.02,0.04,3.38347,3.68587,0,0.63402,6.048,4.12061e+06,2.70226e+06,1.3942e+07,0,0,0,7.16987e+08,62.3362,61.308,15.0506,0,0,2.49802,2.19562,0,1.92987,3.38688,8.56347e+06,3.61194e+06,2.13918e+07,0,0,0,1.8295e+08
82.1755,110.355,4.3167,0.02,0.04,3.3837,3.6861,0,0.634062,6.048,4.12061e+06,2.70226e+06,1.39429e+07,0,0,0,7.16987e+08,62.3362,61.308,13.9368,0,0,2.49816,2.19576,0,1.92997,3.38688,8.56347e+06,3.61194e+06,2.13929e+07,0,0,0,1.8295e+08
83.4467,110.355,5.19019,0.02,0.04,3.38392,3.68632,0,0.634105,6.048,4.12061e+06,2.70226e+06,1.39438e+07,0,0,0,7.16987e+08,62.3362,61.308,10.7467,0,0,2.49829,2.19589,0,1.93008,3.38688,8.56347e+06,3.61194e+06,2.1394e+07,0,0,0,1.8295e+08
90.4727,110.355,10.897,0.02,0.04,3.10651,3.40891,0,0.634147,6.048,4.12061e+06,2.70226e+06,1.28007e+07,0,0,0,7.16987e+08,62.3362,61.308,23.6471,0,0,2.27784,1.97544,0,1.93018,3.38688,8.56347e+06,3.61194e+06,1.95062e+07,0,0,0,1.8295e+08
96.1098,110.355,9.83222,0.01,0.04,3.10671,3.40911,0,0.582159,6.048,4.12061e+06,2.70226e+06,1.28016e+07,0,0,0,7.16987e+08,62.3362,61.308,21.9524,0,0,2.27796,1.97556,0,1.75986,3.38688,8.56347e+06,3.61194e+06,1.95073e+07,0,0,0,1.8295e+08
101.162,110.355,9.51202,0,0.04,3.40932,3.40932,0,0.582198,6.048,4.12061e+06,2.70226e+06,1.40485e+07,0,0,0,7.16987e+08,62.3362,61.308,20.3247,0,0,1.97568,1.97568,0,1.75995,3.38688,8.56347e+06,3.61194e+06,1.69187e+07,0,0,0,1.8295e+08
106.729,110.355,10.1102,0,0.04,3.40953,3.40953,0,0.638907,6.048,4.12061e+06,2.70226e+06,1.40493e+07,0,0,0,7.16987e+08,62.3362,61.308,18.9976,0,0,1.9758,1.9758,0,1.52641,3.38688,8.56347e+06,3.61194e+06,1.69197e+07,0,0,0,1.8295e+08
110.355,110.355,10.1241,0,0.04,3.40974,3.40974,0,0.638946,6.048,4.12061e+06,2.70226e+06,1.40502e+07,0,0,0,7.16987e+08,62.3362,61.308,15.8707,0,0,1.97592,1.97592,0,1.52651,3.38688,8.56347e+06,3.61194e+06,1.69208e+07,0,0,0,1.8295e+08
110.355,110.355,9.44766,0,0.04,3.51675,3.51675,0,0.638985,6.048,4.12061e+06,2.70226e+06,1.44912e+07,0,0,0,7.16987e+08,62.3362,61.308,13.7474,0,0,2.03993,2.03993,0,1.5266,3.38688,8.56347e+06,3.61194e+06,1.74689e+07,0,0,0,1.8295e+08
110.355,110.355,9.38216,0,0.04,3.51694,3.51694,0,0.65904,6.048,4.12061e+06,2.70226e+06,1.44919e+07,0,0,0,7.16987e+08,62.3362,61.308,16.5085,0,0,2.04004,2.04004,0,1.57605,3.38688,8.56347e+06,3.61194e+06,1.74698e+07,0,0,0,1.8295e+08
110.355,110.355,10.7346,0,0.04,3.51712,3.51712,0,0.659074,6.048,4.12061e+06,2.70226e+06,1.44927e+07,0,0,0,7.16987e+08,62.3362,61.308,11.6915,0,0,2.04014,2.04014,0,1.57613,3.38688,8.56347e+06,3.61194e+06,1.74707e+07,0,0,0,1.8295e+08
110.355,110.355,14.2505,0,0.04,3.51731,3.51731,0,0.659109,6.048,4.12061e+06,2.70226e+06,1.44935e+07,0,0,0,7.16987e+08,62.3362,61.308,19.7528,0,0,2.04025,2.04025,0,1.57621,3.38688,8.56347e+06,3.61194e+06,1.74716e+07,0,0,0,1.8295e+08
110.355,110.355,9.34535,0,0.04,3.86058,3.86058,0,0.659144,6.048,4.12061e+06,2.70226e+06,1.5908e+07,0,0,0,7.16987e+08,62.3362,61.308,15.1929,0,0,2.28026,2.28026,0,1.5763,3.38688,8.56347e+06,3.61194e+06,1.95269e+07,0,0,0,1.8295e+08
110.355,110.355,7.61722,0,0.04,3.86078,3.86078,0,0.723473,6.048,4.12061e+06,2.70226e+06,1.59088e+07,0,0,0,7.16987e+08,62.3362,61.308,10.9066,0,0,2.28038,2.28038,0,1.76173,3.38688,8.56347e+06,3.61194e+06,1.9528e+07,0,0,0,1.8295e+08
110.355,110.355,6.70989,0,0.04,3.86099,3.86099,0,0.723511,6.048,4.12061e+06,2.70226e+06,1.59096e+07,0,0,0,7.16987e+08,62.3362,61.308,9.98456,0,0,2.2805,2.2805,0,1.76182,3.38688,8.56347e+06,3.61194e+06,1.9529e+07,0,0,0,1.8295e+08
110.355,110.355,7.2234,0,0.04,3.86119,3.86119,0,0.723549,6.048,4.12061e+06,2.70226e+06,1.59105e+07,0,0,0,7.16987e+08,62.3362,61.308,10.9582,0,0,2.28062,2.28062,0,1.76191,3.38688,8.56347e+06,3.61194e+06,1.953e+07,0,0,0,1.8295e+08
110.355,110.355,11.3308,0,0.04,3.37193,3.37193,0,0.723587,6.048,4.12061e+06,2.70226e+06,1.38944e+07,0,0,0,7.16987e+08,62.3362,61.308,16.4818,0,0,1.95872,1.95872,0,1.76201,3.38688,8.56347e+06,3.61194e+06,1.67734e+07,0,0,0,1.8295e+08
110.355,110.355,9.13961,0,0.04,3.37211,3.37211,0,0.6319,6.048,4.12061e+06,2.70226e+06,1.38952e+07,0,0,0,7.16987e+08,62.3362,61.308,11.6187,0,0,1.95882,1.95882,0,1.51331,3.38688,8.56347e+06,3.61194e+06,1.67743e+07,0,0,0,1.8295e+08
110.355,110.355,6.24853,0,0.04,3.37229,3.37229,0,0.631934,6.048,4.12061e+06,2.70226e+06,1.38959e+07,0,0,0,7.16987e+08,62.3362,61.308,9.20533,0,0,1.95892,1.95892,0,1.51339,3.38688,8.56347e+06,3.61194e+06,1.67752e+07,0,0,0,1.8295e+08
110.355,110.355,8.37694,0,0.04,3.37246,3.37246,0,0.631967,6.048,4.12061e+06,2.70226e+06,1.38966e+07,0,0,0,7.16987e+08,62.3362,61.308,10.9287,0,0,1.95903,1.95903,0,1.51346,3.38688,8.56347e+06,3.61194e+06,1.67761e+07,0,0,0,1.8295e+08
110.355,110.355,7.17255,0,0.04,3.37264,3.37264,0,0.632,6.048,4.12061e+06,2.70226e+06,1.38973e+07,0,0,0,7.16987e+08,62.3362,61.308,12.3227,0,0,1.95913,1.95913,0,1.51354,3.38688,8.56347e+06,3.61194e+06,1.67769e+07,0,0,0,1.8295e+08
110.355,110.355,7.16245,0,0.04,3.49605,3.49605,0,0.632033,6.048,4.12061e+06,2.70226e+06,1.44059e+07,0,0,0,7.16987e+08,62.3362,61.308,11.017,0,0,2.03803,2.03803,0,1.51362,3.38688,8.56347e+06,3.61194e+06,1.74526e+07,0,0,0,1.8295e+08
110.355,110.355,6.24848,0,0.04,3.49624,3.49624,0,0.65516,6.048,4.12061e+06,2.70226e+06,1.44066e+07,0,0,0,7.16987e+08,62.3362,61.308,10.521,0,0,2.03814,2.03814,0,1.57458,3.38688,8.56347e+06,3.61194e+06,1.74535e+07,0,0,0,1.8295e+08
110.355,110.355,9.51917,0,0.04,3.49642,3.49642,0,0.655195,6.048,4.12061e+06,2.70226e+06,1.44074e+07,0,0,0,7.16987e+08,62.3362,61.308,13.7262,0,0,2.03824,2.03824,0,1.57466,3.38688,8.56347e+06,3.61194e+06,1.74544e+07,0,0,0,1.8295e+08
110.355,110.355,7.01006,0,0.04,3.4966,3.4966,0,0.655229,6.048,4.12061e+06,2.70226e+06,1.44081e+07,0,0,0,7.16987e+08,62.3362,61.308,10.3594,0,0,2.03835,2.03835,0,1.57475,3.38688,8.56347e+06,3.61194e+06,1.74554e+07,0,0,0,1.8295e+08
110.355,110.355,5.85946,0,0.04,3.44859,3.44859,0,0.655263,6.048,4.12061e+06,2.70226e+06,1.42103e+07,0,0,0,7.16987e+08,62.3362,61.308,6.49534,0,0,2.00785,2.00785,0,1.57483,3.38688,8.56347e+06,3.61194e+06,1.71941e+07,0,0,0,1.8295e+08
110.355,110.355,4.8812,0,0.04,3.44877,3.44877,0,0.646266,6.048,4.12061e+06,2.70226e+06,1.42111e+07,0,0,0,7.16987e+08,62.3362,61.308,5.68846,0,0,2.00795,2.00795,0,1.55126,3.38688,8.56347e+06,3.61194e+06,1.7195e+07,0,0,0,1.8295e+08
110.355,110.355,4.32293,0,0.04,3.44895,3.44895,0,0.6463,6.048,4.12061e+06,2.70226e+06,1.42118e+07,0,0,0,7.16987e+08,62.3362,61.308,5.0336,0,0,2.00806,2.00806,0,1.55134,3.38688,8.56347e+06,3.61194e+06,1.71959e+07,0,0,0,1.8295e+08
110.265,110.355,3.9117,0,0.04,3.44913,3.44913,0,0.646334,6.048,4.12061e+06,2.70226e+06,1.42125e+07,0,0,0,7.16987e+08,62.3362,61.308,4.55482,0,0,2.00816,2.00816,0,1.55142,3.38688,8.56347e+06,3.61194e+06,1.71968e+07,0,0,0,1.8295e+08
110.355,110.355,4.33526,0,0.04,3.61294,3.61294,0,0.646368,6.048,4.12061e+06,2.70226e+06,1.48875e+07,0,0,0,7.16987e+08,62.3362,61.308,4.69825,0,0,2.11685,2.11685,0,1.55151,3.38688,8.56347e+06,3.61194e+06,1.81275e+07,0,0,0,1.8295e+08
110.169,110.355,3.79683,0,0.04,3.61313,3.61313,0,0.677065,6.048,4.12061e+06,2.70226e+06,1.48883e+07,0,0,0,7.16987e+08,62.3362,61.308,4.60279,0,0,2.11696,2.11696,0,1.63547,3.38688,8.56347e+06,3.61194e+06,1.81285e+07,0,0,0,1.8295e+08
109.939,110.355,3.74779,0,0.04,3.61332,3.61332,0,0.677101,6.048,4.12061e+06,2.70226e+06,1.48891e+07,0,0,0,7.16987e+08,62.3362,61.308,4.67103,0,0,2.11707,2.11707,0,1.63556,3.38688,8.56347e+06,3.61194e+06,1.81294e+07,0,0,0,1.8295e+08
109.485,110.355,3.51074,0,0.04,3.61351,3.61351,0,0.677136,6.048,4.12061e+06,2.70226e+06,1.48899e+07,0,0,0,7.16987e+08,62.3362,61.308,4.47046,0,0,2.11718,2.11718,0,1.63565,3.38688,8.56347e+06,3.61194e+06,1.81304e+07,0,0,0,1.8295e+08
108.633,110.355,3.08103,0,0.04,3.6137,3.6137,0,0.677171,6.048,4.12061e+06,2.70226e+06,1.48906e+07,0,0,0,7.16987e+08,62.3362,61.308,3.24065,0,0,2.11729,2.11729,0,1.63573,3.38688,8.56347e+06,3.61194e+06,1.81313e+07,0,0,0,1.8295e+08
107.472,110.355,2.72837,0,0.04,3.58152,3.58152,0,0.677207,6.048,4.12061e+06,2.70226e+06,1.47581e+07,0,0,0,7.16987e+08,62.3362,61.308,2.92944,0,0,2.17709,2.17709,0,1.63582,3.38688,8.56347e+06,3.61194e+06,1.86435e+07,0,0,0,1.8295e+08
106.063,110.355,2.46283,0,0.04,3.58171,3.58171,0,0.671177,6.048,4.12061e+06,2.70226e+06,1.47588e+07,0,0,0,7.16987e+08,62.3298,61.308,2.61107,0,0,2.17721,2.17721,0,1.68202,3.38688,8.56347e+06,3.61194e+06,1.86444e+07,0,0,0,1.8295e+08
104.865,110.355,2.34742,0.01,0.04,3.2795,3.5819,0,0.671212,6.048,4.12061e+06,2.70226e+06,1.35135e+07,0,0,0,7.16987e+08,62.2212,61.308,2.54157,0,0,2.47972,2.17732,0,1.68211,3.38688,8.56347e+06,3.61194e+06,2.1235e+07,0,0,0,1.8295e+08
103.399,110.355,2.04197,0.01,0.04,3.27968,3.58208,0,0.614577,6.048,4.12061e+06,2.70226e+06,1.35143e+07,0,0,0,7.16987e+08,61.9919,61.308,2.29947,0,0,2.47983,2.17743,0,1.91583,3.38688,8.56347e+06,3.61194e+06,2.1236e+07,0,0,0,1.8295e+08
101.991,110.355,2.19296,0.01,0.04,3.36347,3.66587,0,0.614613,6.048,4.12061e+06,2.70226e+06,1.38596e+07,0,0,0,7.16987e+08,61.8526,61.308,2.4527,0,0,2.53316,2.23076,0,1.91592,3.38688,8.56347e+06,3.61194e+06,2.16926e+07,0,0,0,1.8295e+08
100.405,110.355,1.98249,0.01,0.04,3.36367,3.66607,0,0.630315,6.048,4.12061e+06,2.70226e+06,1.38604e+07,0,0,0,7.16987e+08,61.5666,61.308,2.3406,0,0,2.53327,2.23087,0,1.95712,3.38688,8.56347e+06,3.61194e+06,2.16936e+07,0,0,0,1.8295e+08
98.6583,110.355,1.80543,0.02,0.04,3.36386,3.66626,0,0.630351,6.048,4.12061e+06,2.70226e+06,1.38612e+07,0,0,0,7.16987e+08,61.2336,61.308,2.03609,0,0,2.53339,2.23099,0,1.95721,3.38688,8.56347e+06,3.61194e+06,2.16946e+07,0,0,0,1.8295e+08
97.0849,110.355,1.95788,0.02,0.04,3.36405,3.66645,0,0.630387,6.048,4.12061e+06,2.70226e+06,1.38619e+07,0,0,0,7.16987e+08,61.0193,61.308,2.51443,0,0,2.53351,2.23111,0,1.9573,3.38688,8.56347e+06,3.61194e+06,2.16956e+07,0,0,0,1.8295e+08
95.3091,110.355,1.94352,0.02,0.04,3.60912,3.91152,0,0.630423,6.048,4.12061e+06,2.70226e+06,1.48718e+07,0,0,0,7.16987e+08,60.6099,61.308,2.26852,0,0,2.72572,2.42332,0,1.95739,3.38688,8.56347e+06,3.61194e+06,2.33417e+07,0,0,0,1.8295e+08
93.1082,110.355,1.51378,0.02,0.04,3.60933,3.91173,0,0.676349,6.048,4.12061e+06,2.70226e+06,1.48726e+07,0,0,0,7.16987e+08,60.1187,61.308,1.60512,0,0,2.72585,2.42345,0,2.10589,3.38688,8.56347e+06,3.61194e+06,2.33427e+07,0,0,0,1.8295e+08
91.2263,110.355,1.80613,0.02,0.04,3.60953,3.91193,0,0.676388,6.048,4.12061e+06,2.70226e+06,1.48735e+07,0,0,0,7.16987e+08,59.9109,61.308,2.63789,0,0,2.72598,2.42358,0,2.10599,3.38688,8.56347e+06,3.61194e+06,2.33438e+07,0,0,0,1.8295e+08
89.0153,110.355,1.46002,0.02,0.04,3.60974,3.91214,0,0.676426,6.048,4.12061e+06,2.70226e+06,1.48743e+07,0,0,0,7.16987e+08,59.5102,61.308,1.90009,0,0,2.72611,2.42371,0,2.10609,3.38688,8.56347e+06,3.61194e+06,2.33449e+07,0,0,0,1.8295e+08
86.7437,110.355,1.35764,0.02,0.04,3.60994,3.91234,0,0.676465,6.048,4.12061e+06,2.70226e+06,1.48752e+07,0,0,0,7.16987e+08,59.1569,61.308,1.78093,0,0,2.72623,2.42383,0,2.10619,3.38688,8.56347e+06,3.61194e+06,2.3346e+07,0,0,0,1.8295e+08
85.7697,110.355,2.54738,0.02,0.04,3.49077,3.79317,0,0.676503,6.048,4.12061e+06,2.70226e+06,1.43841e+07,0,0,0,7.16987e+08,59.0637,61.308,2.98293,0,0,2.60973,2.30733,0,2.10629,3.38688,8.56347e+06,3.61194e+06,2.23484e+07,0,0,0,1.8295e+08
83.4592,110.355,1.18922,0.02,0.04,3.49097,3.79337,0,0.65417,6.048,4.12061e+06,2.70226e+06,1.43849e+07,0,0,0,7.16987e+08,58.5149,61.308,1.66308,0,0,2.60985,2.30745,0,2.01628,3.38688,8.56347e+06,3.61194e+06,2.23494e+07,0,0,0,1.8295e+08
81.3285,110.355,1.31512,0.02,0.04,3.49117,3.79357,0,0.654208,6.048,4.12061e+06,2.70226e+06,1.43857e+07,0,0,0,7.16987e+08,58.2592,61.308,1.6926,0,0,2.60997,2.30757,0,2.01637,3.38688,8.56347e+06,3.61194e+06,2.23504e+07,0,0,0,1.8295e+08
81.5385,110.355,3.83645,0.02,0.04,3.49137,3.79377,0,0.654245,6.048,4.12061e+06,2.70226e+06,1.43866e+07,0,0,0,7.16987e+08,58.6967,61.308,4.77587,0,0,2.61009,2.30769,0,2.01647,3.38688,8.56347e+06,3.61194e+06,2.23515e+07,0,0,0,1.8295e+08
81.8178,110.355,4.08722,0.02,0.04,3.39356,3.69596,0,0.654282,6.048,4.12061e+06,2.70226e+06,1.39835e+07,0,0,0,7.16987e+08,59.5176,61.308,6.45268,0,0,2.50403,2.20163,0,2.01656,3.38688,8.56347e+06,3.61194e+06,2.14432e+07,0,0,0,1.8295e+08
81.6171,110.355,3.41835,0.02,0.04,3.39375,3.69615,0,0.635953,6.048,4.12061e+06,2.70226e+06,1.39843e+07,0,0,0,7.16987e+08,59.8369,61.308,4.18845,0,0,2.50415,2.20175,0,1.93462,3.38688,8.56347e+06,3.61194e+06,2.14442e+07,0,0,0,1.8295e+08
82.2313,110.355,4.19665,0.02,0.04,3.39395,3.69635,0,0.635989,6.048,4.12061e+06,2.70226e+06,1.39851e+07,0,0,0,7.16987e+08,60.3771,61.308,5.77108,0,0,2.50426,2.20186,0,1.93471,3.38688,8.56347e+06,3.61194e+06,2.14452e+07,0,0,0,1.8295e+08
82.4394,110.355,3.82145,0.02,0.04,3.39414,3.69654,0,0.636025,6.048,4.12061e+06,2.70226e+06,1.39859e+07,0,0,0,7.16987e+08,60.929,61.308,5.18391,0,0,2.50438,2.20198,0,1.93479,3.38688,8.56347e+06,3.61194e+06,2.14462e+07,0,0,0,1.8295e+08
84.1988,110.355,5.28103,0.02,0.04,3.11593,3.41833,0,0.636062,6.048,4.12061e+06,2.70226e+06,1.28395e+07,0,0,0,7.16987e+08,61.2517,61.308,4.8023,0,0,2.2833,1.9809,0,1.93488,3.38688,8.56347e+06,3.61194e+06,1.9553e+07,0,0,0,1.8295e+08
88.5676,110.355,7.9744,0.02,0.04,3.11611,3.41851,0,0.583925,6.048,4.12061e+06,2.70226e+06,1.28403e+07,0,0,0,7.16987e+08,62.3362,61.308,7.49416,0,0,2.28341,1.98101,0,1.76408,3.38688,8.56347e+06,3.61194e+06,1.95539e+07,0,0,0,1.8295e+08
93.3912,110.355,8.57499,0.02,0.04,3.11628,3.41868,0,0.583958,6.048,4.12061e+06,2.70226e+06,1.2841e+07,0,0,0,7.16987e+08,62.3362,61.308,7.83189,0,0,2.28351,1.98111,0,1.76416,3.38688,8.56347e+06,3.61194e+06,1.95548e+07,0,0,0,1.8295e+08
96.7622,110.355,7.10913,0.01,0.04,3.11646,3.41886,0,0.583992,6.048,4.12061e+06,2.70226e+06,1.28417e+07,0,0,0,7.16987e+08,62.1978,61.308,3.57716,0,0,2.28361,1.98121,0,1.76424,3.38688,8.56347e+06,3.61194e+06,1.95557e+07,0,0,0,1.8295e+08
98.1504,110.355,5.32657,0,0.04,3.41904,3.41904,0,0.584025,6.048,4.12061e+06,2.70226e+06,1.40885e+07,0,0,0,7.16987e+08,62.0758,61.308,3.19735,0,0,1.98132,1.98132,0,1.76432,3.38688,8.56347e+06,3.61194e+06,1.69669e+07,0,0,0,1.8295e+08
97.001,110.355,2.78586,0,0.04,3.52632,3.52632,0,0.640729,6.048,4.12061e+06,2.70226e+06,1.45306e+07,0,0,0,7.16987e+08,61.6927,61.308,2.22496,0,0,2.04548,2.04548,0,1.53077,3.38688,8.56347e+06,3.61194e+06,1.75164e+07,0,0,0,1.8295e+08
97.6891,110.355,4.75747,0,0.04,3.52648,3.52648,0,0.660833,6.048,4.12061e+06,2.70226e+06,1.45312e+07,0,0,0,7.16987e+08,61.6046,61.308,3.50314,0,0,2.04557,2.04557,0,1.58034,3.38688,8.56347e+06,3.61194e+06,1.75172e+07,0,0,0,1.8295e+08
101.069,110.355,7.39762,0.01,0.04,3.22423,3.52663,0,0.660862,6.048,4.12061e+06,2.70226e+06,1.32858e+07,0,0,0,7.16987e+08,62.3362,61.308,7.61426,0,0,2.34806,2.04566,0,1.58041,3.38688,8.56347e+06,3.61194e+06,2.01075e+07,0,0,0,1.8295e+08
106.156,110.355,9.67136,0,0.04,3.52679,3.52679,0,0.604221,6.048,4.12061e+06,2.70226e+06,1.45325e+07,0,0,0,7.16987e+08,62.3362,61.308,9.30937,0,0,2.04575,2.04575,0,1.81411,3.38688,8.56347e+06,3.61194e+06,1.75187e+07,0,0,0,1.8295e+08
106.33,110.355,4.73139,0,0.04,3.87095,3.87095,0,0.66092,6.048,4.12061e+06,2.70226e+06,1.59507e+07,0,0,0,7.16987e+08,62.3362,61.308,5.46032,0,0,2.28638,2.28638,0,1.58054,3.38688,8.56347e+06,3.61194e+06,1.95794e+07,0,0,0,1.8295e+08
105.933,110.355,4.1818,0,0.04,3.87112,3.87112,0,0.725416,6.048,4.12061e+06,2.70226e+06,1.59514e+07,0,0,0,7.16987e+08,62.335,61.308,3.68279,0,0,2.28648,2.28648,0,1.76646,3.38688,8.56347e+06,3.61194e+06,1.95802e+07,0,0,0,1.8295e+08
105.605,110.355,4.14838,0,0.04,3.87129,3.87129,0,0.725448,6.048,4.12061e+06,2.70226e+06,1.59521e+07,0,0,0,7.16987e+08,62.142,61.308,2.63928,0,0,2.28658,2.28658,0,1.76654,3.38688,8.56347e+06,3.61194e+06,1.95811e+07,0,0,0,1.8295e+08
106.566,110.355,5.52091,0,0.04,3.87146,3.87146,0,0.72548,6.048,4.12061e+06,2.70226e+06,1.59528e+07,0,0,0,7.16987e+08,62.262,61.308,4.25084,0,0,2.28668,2.28668,0,1.76662,3.38688,8.56347e+06,3.61194e+06,1.9582e+07,0,0,0,1.8295e+08
108.946,110.355,6.6162,0,0.04,3.38087,3.38087,0,0.725511,6.048,4.12061e+06,2.70226e+06,1.39313e+07,0,0,0,7.16987e+08,62.3362,61.308,4.3692,0,0,1.96391,1.96391,0,1.76669,3.38688,8.56347e+06,3.61194e+06,1.68179e+07,0,0,0,1.8295e+08
109.677,110.355,5.01381,0,0.04,3.38102,3.38102,0,0.633576,6.048,4.12061e+06,2.70226e+06,1.39319e+07,0,0,0,7.16987e+08,62.3362,61.308,4.17683,0,0,1.964,1.964,0,1.51732,3.38688,8.56347e+06,3.61194e+06,1.68186e+07,0,0,0,1.8295e+08
110.355,110.355,8.61061,0,0.04,3.38117,3.38117,0,0.633604,6.048,4.12061e+06,2.70226e+06,1.39325e+07,0,0,0,7.16987e+08,62.3362,61.308,5.95903,0,0,1.96408,1.96408,0,1.51738,3.38688,8.56347e+06,3.61194e+06,1.68194e+07,0,0,0,1.8295e+08
110.355,110.355,7.46342,0,0.04,3.38132,3.38132,0,0.633632,6.048,4.12061e+06,2.70226e+06,1.39331e+07,0,0,0,7.16987e+08,62.3362,61.308,7.53945,0,0,1.96417,1.96417,0,1.51745,3.38688,8.56347e+06,3.61194e+06,1.68201e+07,0,0,0,1.8295e+08
110.355,110.355,7.34313,0,0.04,3.38147,3.38147,0,0.633659,6.048,4.12061e+06,2.70226e+06,1.39337e+07,0,0,0,7.16987e+08,62.3362,61.308,5.95759,0,0,1.96426,1.96426,0,1.51752,3.38688,8.56347e+06,3.61194e+06,1.68209e+07,0,0,0,1.8295e+08
110.355,110.355,4.40852,0,0.04,3.50517,3.50517,0,0.633687,6.048,4.12061e+06,2.70226e+06,1.44435e+07,0,0,0,7.16987e+08,62.3362,61.308,5.16975,0,0,2.04335,2.04335,0,1.51758,3.38688,8.56347e+06,3.61194e+06,1.74981e+07,0,0,0,1.8295e+08
110.355,110.355,4.19535,0,0.04,3.50533,3.50533,0,0.656869,6.048,4.12061e+06,2.70226e+06,1.44441e+07,0,0,0,7.16987e+08,62.3362,61.308,4.8472,0,0,2.04344,2.04344,0,1.57869,3.38688,8.56347e+06,3.61194e+06,1.74989e+07,0,0,0,1.8295e+08
109.698,110.355,3.46178,0,0.04,3.50548,3.50548,0,0.656898,6.048,4.12061e+06,2.70226e+06,1.44447e+07,0,0,0,7.16987e+08,62.3362,61.308,4.07081,0,0,2.04353,2.04353,0,1.57876,3.38688,8.56347e+06,3.61194e+06,1.74997e+07,0,0,0,1.8295e+08
108.933,110.355,3.27577,0,0.04,3.50563,3.50563,0,0.656927,6.048,4.12061e+06,2.70226e+06,1.44454e+07,0,0,0,7.16987e+08,62.3362,61.308,3.62254,0,0,2.04362,2.04362,0,1.57883,3.38688,8.56347e+06,3.61194e+06,1.75004e+07,0,0,0,1.8295e+08
107.723,110.355,2.77447,0,0.04,3.45747,3.45747,0,0.656956,6.048,4.12061e+06,2.70226e+06,1.42469e+07,0,0,0,7.16987e+08,62.3362,61.308,3.06044,0,0,2.01302,2.01302,0,1.5789,3.38688,8.56347e+06,3.61194e+06,1.72384e+07,0,0,0,1.8295e+08
106.573,110.355,2.8209,0,0.04,3.45762,3.45762,0,0.64793,6.048,4.12061e+06,2.70226e+06,1.42475e+07,0,0,0,7.16987e+08,62.2388,61.308,2.55325,0,0,2.0131,2.0131,0,1.55526,3.38688,8.56347e+06,3.61194e+06,1.72392e+07,0,0,0,1.8295e+08
105.543,110.355,2.88772,0,0.04,3.45777,3.45777,0,0.647958,6.048,4.12061e+06,2.70226e+06,1.42481e+07,0,0,0,7.16987e+08,62.1098,61.308,2.61531,0,0,2.01319,2.01319,0,1.55532,3.38688,8.56347e+06,3.61194e+06,1.72399e+07,0,0,0,1.8295e+08
104.092,110.355,2.29795,0,0.04,3.45792,3.45792,0,0.647987,6.048,4.12061e+06,2.70226e+06,1.42488e+07,0,0,0,7.16987e+08,61.9232,61.308,2.45358,0,0,2.01328,2.01328,0,1.55539,3.38688,8.56347e+06,3.61194e+06,1.72407e+07,0,0,0,1.8295e+08
102.441,110.355,2.27785,0,0.04,3.62212,3.62212,0,0.648015,6.048,4.12061e+06,2.70226e+06,1.49253e+07,0,0,0,7.16987e+08,61.7726,61.308,2.53824,0,0,2.12222,2.12222,0,1.55546,3.38688,8.56347e+06,3.61194e+06,1.81736e+07,0,0,0,1.8295e+08
100.702,110.355,2.18422,0,0.04,3.62228,3.62228,0,0.678785,6.048,4.12061e+06,2.70226e+06,1.4926e+07,0,0,0,7.16987e+08,61.5751,61.308,2.34028,0,0,2.12231,2.12231,0,1.63963,3.38688,8.56347e+06,3.61194e+06,1.81744e+07,0,0,0,1.8295e+08
98.839,110.355,1.9769,0,0.04,3.62243,3.62243,0,0.678814,6.048,4.12061e+06,2.70226e+06,1.49266e+07,0,0,0,7.16987e+08,61.3235,61.308,2.25519,0,0,2.12241,2.12241,0,1.6397,3.38688,8.56347e+06,3.61194e+06,1.81752e+07,0,0,0,1.8295e+08
97.1709,110.355,1.87068,0.01,0.04,3.32019,3.62259,0,0.678844,6.048,4.12061e+06,2.70226e+06,1.36812e+07,0,0,0,7.16987e+08,61.034,61.308,2.11735,0,0,2.4249,2.1225,0,1.63977,3.38688,8.56347e+06,3.61194e+06,2.07656e+07,0,0,0,1.8295e+08
95.6432,110.355,1.99754,0.01,0.04,3.32035,3.62275,0,0.622204,6.048,4.12061e+06,2.70226e+06,1.36819e+07,0,0,0,7.16987e+08,60.8913,61.308,2.83428,0,0,2.42499,2.12259,0,1.87348,3.38688,8.56347e+06,3.61194e+06,2.07664e+07,0,0,0,1.8295e+08
94.1628,110.355,2.00277,0.02,0.04,3.28806,3.59046,0,0.622234,6.048,4.12061e+06,2.70226e+06,1.35488e+07,0,0,0,7.16987e+08,60.8617,61.308,3.50869,0,0,2.48493,2.18253,0,1.87355,3.38688,8.56347e+06,3.61194e+06,2.12796e+07,0,0,0,1.8295e+08
92.5295,110.355,1.83367,0.02,0.04,3.28822,3.59062,0,0.616183,6.048,4.12061e+06,2.70226e+06,1.35495e+07,0,0,0,7.16987e+08,60.7776,61.308,3.06635,0,0,2.48502,2.18262,0,1.91986,3.38688,8.56347e+06,3.61194e+06,2.12804e+07,0,0,0,1.8295e+08
90.796,110.355,1.68331,0.02,0.04,3.28838,3.59078,0,0.616212,6.048,4.12061e+06,2.70226e+06,1.35501e+07,0,0,0,7.16987e+08,60.6089,61.308,3.02664,0,0,2.48512,2.18272,0,1.91993,3.38688,8.56347e+06,3.61194e+06,2.12812e+07,0,0,0,1.8295e+08
89.0076,110.355,1.58991,0.02,0.04,3.28853,3.59093,0,0.616242,6.048,4.12061e+06,2.70226e+06,1.35508e+07,0,0,0,7.16987e+08,60.3538,61.308,2.88569,0,0,2.48521,2.18281,0,1.92,3.38688,8.56347e+06,3.61194e+06,2.12821e+07,0,0,0,1.8295e+08
87.079,110.355,1.52335,0.02,0.04,3.3725,3.6749,0,0.616271,6.048,4.12061e+06,2.70226e+06,1.38968e+07,0,0,0,7.16987e+08,60.0461,61.308,2.70969,0,0,2.53865,2.23625,0,1.92008,3.38688,8.56347e+06,3.61194e+06,2.17397e+07,0,0,0,1.8295e+08
85.0408,110.355,1.39571,0.02,0.04,3.37266,3.67506,0,0.632007,6.048,4.12061e+06,2.70226e+06,1.38974e+07,0,0,0,7.16987e+08,59.7002,61.308,2.63217,0,0,2.53875,2.23635,0,1.96136,3.38688,8.56347e+06,3.61194e+06,2.17405e+07,0,0,0,1.8295e+08
82.9225,110.355,1.26664,0.02,0.04,3.37282,3.67522,0,0.632037,6.048,4.12061e+06,2.70226e+06,1.38981e+07,0,0,0,7.16987e+08,59.328,61.308,2.39859,0,0,2.53885,2.23645,0,1.96144,3.38688,8.56347e+06,3.61194e+06,2.17413e+07,0,0,0,1.8295e+08
80.6834,110.355,1.11354,0.04,0.04,3.37298,3.67538,0,0.632067,6.048,4.12061e+06,2.70226e+06,1.38988e+07,0,0,0,7.16987e+08,58.9447,61.308,2.36544,0,0,2.53895,2.23655,0,1.96151,3.38688,8.56347e+06,3.61194e+06,2.17422e+07,0,0,0,1.8295e+08
78.1224,110.355,1.00369,0.04,0.04,3.61862,3.92102,0,0.632097,6.048,4.12061e+06,2.70226e+06,1.49109e+07,0,0,0,7.16987e+08,58.6147,61.308,2.82372,0,0,2.73161,2.42921,0,1.96159,3.38688,8.56347e+06,3.61194e+06,2.3392e+07,0,0,0,1.8295e+08
75.5643,110.355,0.984523,0.05,0.04,3.61879,3.92119,0,0.678129,6.048,4.12061e+06,2.70226e+06,1.49116e+07,0,0,0,7.16987e+08,58.2647,61.308,2.84453,0,0,2.73172,2.42932,0,2.11044,3.38688,8.56347e+06,3.61194e+06,2.3393e+07,0,0,0,1.8295e+08
73.3796,110.355,1.34046,0.05,0.04,3.61896,3.92136,0,0.678162,6.048,4.12061e+06,2.70226e+06,1.49123e+07,0,0,0,7.16987e+08,57.9788,61.308,3.21196,0,0,2.73182,2.42942,0,2.11052,3.38688,8.56347e+06,3.61194e+06,2.33939e+07,0,0,0,1.8295e+08
71.7699,110.355,1.96574,0.05,0.04,3.61914,3.92154,0,0.678194,6.048,4.12061e+06,2.70226e+06,1.49131e+07,0,0,0,7.16987e+08,57.9169,61.308,3.74827,0,0,2.73193,2.42953,0,2.11061,3.38688,8.56347e+06,3.61194e+06,2.33948e+07,0,0,0,1.8295e+08
69.7877,110.355,1.5518,0.07,0.04,3.61931,3.92171,0,0.678226,6.048,4.12061e+06,2.70226e+06,1.49138e+07,0,0,0,7.16987e+08,58.0421,61.308,5.09429,0,0,2.73203,2.42963,0,2.11069,3.38688,8.56347e+06,3.61194e+06,2.33957e+07,0,0,0,1.8295e+08
67.4115,110.355,0.984924,0.06,0.04,3.49982,3.80222,0,0.678258,6.048,4.12061e+06,2.70226e+06,1.44214e+07,0,0,0,7.16987e+08,57.6275,61.308,2.71958,0,0,2.61524,2.31284,0,2.11077,3.38688,8.56347e+06,3.61194e+06,2.23955e+07,0,0,0,1.8295e+08
64.9181,110.355,0.839328,0.07,0.04,3.49999,3.80239,0,0.655866,6.048,4.12061e+06,2.70226e+06,1.44221e+07,0,0,0,7.16987e+08,57.1694,61.308,2.47367,0,0,2.61534,2.31294,0,2.02053,3.38688,8.56347e+06,3.61194e+06,2.23964e+07,0,0,0,1.8295e+08
63.2546,110.355,1.7926,0.07,0.04,3.50015,3.80255,0,0.655897,6.048,4.12061e+06,2.70226e+06,1.44228e+07,0,0,0,7.16987e+08,57.1774,61.308,3.54232,0,0,2.61544,2.31304,0,2.02061,3.38688,8.56347e+06,3.61194e+06,2.23972e+07,0,0,0,1.8295e+08
62.7488,110.355,2.99501,0.05,0.04,3.50032,3.80272,0,0.655928,6.048,4.12061e+06,2.70226e+06,1.44235e+07,0,0,0,7.16987e+08,57.3521,61.308,4.44043,0,0,2.61554,2.31314,0,2.02069,3.38688,8.56347e+06,3.61194e+06,2.23981e+07,0,0,0,1.8295e+08
61.7361,110.355,2.37139,0.05,0.04,3.40225,3.70465,0,0.65596,6.048,4.12061e+06,2.70226e+06,1.40193e+07,0,0,0,7.16987e+08,57.0832,61.308,2.87307,0,0,2.50921,2.20681,0,2.02077,3.38688,8.56347e+06,3.61194e+06,2.14875e+07,0,0,0,1.8295e+08
60.2848,110.355,1.90344,0.08,0.04,3.40241,3.70481,0,0.637581,6.048,4.12061e+06,2.70226e+06,1.402e+07,0,0,0,7.16987e+08,56.6758,61.308,1.64903,0,0,2.50931,2.20691,0,1.93861,3.38688,8.56347e+06,3.61194e+06,2.14884e+07,0,0,0,1.8295e+08
60.9832,110.355,4.07454,0.07,0.04,3.40257,3.70497,0,0.637612,6.048,4.12061e+06,2.70226e+06,1.40207e+07,0,0,0,7.16987e+08,56.8092,61.308,3.61729,0,0,2.5094,2.207,0,1.93869,3.38688,8.56347e+06,3.61194e+06,2.14892e+07,0,0,0,1.8295e+08
65.7917,110.355,8.32059,0.06,0.04,3.40273,3.70513,0,0.637642,6.048,4.12061e+06,2.70226e+06,1.40213e+07,0,0,0,7.16987e+08,57.9119,61.308,7.64265,0,0,2.5095,2.2071,0,1.93876,3.38688,8.56347e+06,3.61194e+06,2.149e+07,0,0,0,1.8295e+08
67.0566,110.355,4.5328,0.04,0.04,3.12385,3.42625,0,0.637672,6.048,4.12061e+06,2.70226e+06,1.28722e+07,0,0,0,7.16987e+08,58.2134,61.308,4.37767,0,0,2.28789,1.98549,0,1.93884,3.38688,8.56347e+06,3.61194e+06,1.95923e+07,0,0,0,1.8295e+08
68.8257,110.355,5.11284,0.04,0.04,3.124,3.4264,0,0.585409,6.048,4.12061e+06,2.70226e+06,1.28728e+07,0,0,0,7.16987e+08,58.627,61.308,4.71405,0,0,2.28798,1.98558,0,1.76762,3.38688,8.56347e+06,3.61194e+06,1.9593e+07,0,0,0,1.8295e+08
70.035,110.355,4.54535,0.03,0.04,3.12415,3.42655,0,0.585437,6.048,4.12061e+06,2.70226e+06,1.28734e+07,0,0,0,7.16987e+08,58.9112,61.308,3.98995,0,0,2.28806,1.98566,0,1.76769,3.38688,8.56347e+06,3.61194e+06,1.95938e+07,0,0,0,1.8295e+08
71.4909,110.355,4.77919,0.04,0.04,3.1243,3.4267,0,0.585465,6.048,4.12061e+06,2.70226e+06,1.2874e+07,0,0,0,7.16987e+08,59.1918,61.308,4.15579,0,0,2.28815,1.98575,0,1.76776,3.38688,8.56347e+06,3.61194e+06,1.95945e+07,0,0,0,1.8295e+08
74.0542,110.355,5.98747,0.05,0.04,3.12445,3.42685,0,0.585493,6.048,4.12061e+06,2.70226e+06,1.28746e+07,0,0,0,7.16987e+08,60.5759,61.308,6.65903,0,0,2.28824,1.98584,0,1.76783,3.38688,8.56347e+06,3.61194e+06,1.95953e+07,0,0,0,1.8295e+08
77.1727,110.355,6.76321,0.03,0.04,3.23194,3.53434,0,0.585521,6.048,4.12061e+06,2.70226e+06,1.33176e+07,0,0,0,7.16987e+08,61.797,61.308,6.424,0,0,2.35253,2.05013,0,1.76789,3.38688,8.56347e+06,3.61194e+06,2.01458e+07,0,0,0,1.8295e+08
81.7375,110.355,8.53843,0.03,0.04,3.23206,3.53446,0,0.605665,6.048,4.12061e+06,2.70226e+06,1.33181e+07,0,0,0,7.16987e+08,62.3362,61.308,9.532,0,0,2.3526,2.0502,0,1.81756,3.38688,8.56347e+06,3.61194e+06,2.01464e+07,0,0,0,1.8295e+08
84.8981,110.355,7.12838,0.03,0.04,3.23219,3.53459,0,0.605689,6.048,4.12061e+06,2.70226e+06,1.33186e+07,0,0,0,7.16987e+08,62.3362,61.308,8.29962,0,0,2.35267,2.05027,0,1.81762,3.38688,8.56347e+06,3.61194e+06,2.01471e+07,0,0,0,1.8295e+08
88.8936,110.355,8.00214,0.02,0.04,3.23231,3.53471,0,0.605712,6.048,4.12061e+06,2.70226e+06,1.33191e+07,0,0,0,7.16987e+08,62.3362,61.308,6.24319,0,0,2.35275,2.05035,0,1.81768,3.38688,8.56347e+06,3.61194e+06,2.01477e+07,0,0,0,1.8295e+08
92.6679,110.355,8.1086,0.02,0.04,3.57722,3.87962,0,0.605735,6.048,4.12061e+06,2.70226e+06,1.47403e+07,0,0,0,7.16987e+08,62.3362,61.308,10.5089,0,0,2.5939,2.2915,0,1.81773,3.38688,8.56347e+06,3.61194e+06,2.22128e+07,0,0,0,1.8295e+08
95.8459,110.355,7.66922,0.01,0.04,3.57735,3.87975,0,0.67037,6.048,4.12061e+06,2.70226e+06,1.47409e+07,0,0,0,7.16987e+08,62.3362,61.308,9.93233,0,0,2.59398,2.29158,0,2.00405,3.38688,8.56347e+06,3.61194e+06,2.22135e+07,0,0,0,1.8295e+08
96.6038,110.355,5.17475,0.01,0.04,3.57749,3.87989,0,0.670396,6.048,4.12061e+06,2.70226e+06,1.47414e+07,0,0,0,7.16987e+08,62.3362,61.308,5.29404,0,0,2.59406,2.29166,0,2.00411,3.38688,8.56347e+06,3.61194e+06,2.22142e+07,0,0,0,1.8295e+08
96.4758,110.355,4.35645,0,0.04,3.88003,3.88003,0,0.670422,6.048,4.12061e+06,2.70226e+06,1.59881e+07,0,0,0,7.16987e+08,62.3362,61.308,3.7823,0,0,2.29175,2.29175,0,2.00417,3.38688,8.56347e+06,3.61194e+06,1.96253e+07,0,0,0,1.8295e+08
99.7711,110.355,7.62322,0,0.04,3.38833,3.38833,0,0.727117,6.048,4.12061e+06,2.70226e+06,1.3962e+07,0,0,0,7.16987e+08,62.3362,61.308,8.89128,0,0,1.96824,1.96824,0,1.7706,3.38688,8.56347e+06,3.61194e+06,1.6855e+07,0,0,0,1.8295e+08
102.703,110.355,7.40025,0,0.04,3.38845,3.38845,0,0.634973,6.048,4.12061e+06,2.70226e+06,1.39625e+07,0,0,0,7.16987e+08,62.3362,61.308,7.89735,0,0,1.96831,1.96831,0,1.52066,3.38688,8.56347e+06,3.61194e+06,1.68556e+07,0,0,0,1.8295e+08
106.387,110.355,8.19318,0,0.04,3.38857,3.38857,0,0.634995,6.048,4.12061e+06,2.70226e+06,1.3963e+07,0,0,0,7.16987e+08,62.3362,61.308,8.57665,0,0,1.96838,1.96838,0,1.52072,3.38688,8.56347e+06,3.61194e+06,1.68562e+07,0,0,0,1.8295e+08
109.188,110.355,7.21279,0,0.04,3.38869,3.38869,0,0.635017,6.048,4.12061e+06,2.70226e+06,1.39635e+07,0,0,0,7.16987e+08,62.3362,61.308,7.34157,0,0,1.96845,1.96845,0,1.52077,3.38688,8.56347e+06,3.61194e+06,1.68568e+07,0,0,0,1.8295e+08
110.355,110.355,8.28111,0,0.04,3.3888,3.3888,0,0.63504,6.048,4.12061e+06,2.70226e+06,1.39639e+07,0,0,0,7.16987e+08,62.3362,61.308,13.658,0,0,1.96852,1.96852,0,1.52082,3.38688,8.56347e+06,3.61194e+06,1.68573e+07,0,0,0,1.8295e+08
110.355,110.355,8.34074,0,0.04,3.51275,3.51275,0,0.635062,6.048,4.12061e+06,2.70226e+06,1.44747e+07,0,0,0,7.16987e+08,62.3362,61.308,12.6918,0,0,2.04776,2.04776,0,1.52088,3.38688,8.56347e+06,3.61194e+06,1.7536e+07,0,0,0,1.8295e+08
110.355,110.355,5.18116,0,0.04,3.51287,3.51287,0,0.658289,6.048,4.12061e+06,2.70226e+06,1.44752e+07,0,0,0,7.16987e+08,62.3362,61.308,8.49112,0,0,2.04783,2.04783,0,1.5821,3.38688,8.56347e+06,3.61194e+06,1.75366e+07,0,0,0,1.8295e+08
110.323,110.355,4.2774,0,0.04,3.513,3.513,0,0.658312,6.048,4.12061e+06,2.70226e+06,1.44757e+07,0,0,0,7.16987e+08,62.3362,61.308,7.83444,0,0,2.04791,2.04791,0,1.58216,3.38688,8.56347e+06,3.61194e+06,1.75372e+07,0,0,0,1.8295e+08
109.914,110.355,3.84222,0,0.04,3.51312,3.51312,0,0.658335,6.048,4.12061e+06,2.70226e+06,1.44762e+07,0,0,0,7.16987e+08,62.3362,61.308,7.00138,0,0,2.04798,2.04798,0,1.58221,3.38688,8.56347e+06,3.61194e+06,1.75378e+07,0,0,0,1.8295e+08
109.646,110.355,3.839,0,0.04,3.46482,3.46482,0,0.658359,6.048,4.12061e+06,2.70226e+06,1.42772e+07,0,0,0,7.16987e+08,62.3362,61.308,5.73215,0,0,2.0173,2.0173,0,1.58227,3.38688,8.56347e+06,3.61194e+06,1.72751e+07,0,0,0,1.8295e+08
109.032,110.355,3.46959,0,0.04,3.46494,3.46494,0,0.649308,6.048,4.12061e+06,2.70226e+06,1.42777e+07,0,0,0,7.16987e+08,62.3362,61.308,4.96543,0,0,2.01737,2.01737,0,1.55856,3.38688,8.56347e+06,3.61194e+06,1.72757e+07,0,0,0,1.8295e+08
108.996,110.355,4.04482,0,0.04,3.46507,3.46507,0,0.64933,6.048,4.12061e+06,2.70226e+06,1.42782e+07,0,0,0,7.16987e+08,62.3362,61.308,4.85274,0,0,2.01744,2.01744,0,1.55862,3.38688,8.56347e+06,3.61194e+06,1.72763e+07,0,0,0,1.8295e+08
108.281,110.355,3.22756,0,0.04,3.46519,3.46519,0,0.649353,6.048,4.12061e+06,2.70226e+06,1.42787e+07,0,0,0,7.16987e+08,62.3362,61.308,4.81795,0,0,2.01751,2.01751,0,1.55867,3.38688,8.56347e+06,3.61194e+06,1.72769e+07,0,0,0,1.8295e+08
107.244,110.355,3.00486,0,0.04,3.62969,3.62969,0,0.649376,6.048,4.12061e+06,2.70226e+06,1.49566e+07,0,0,0,7.16987e+08,62.3362,61.308,4.47084,0,0,2.12666,2.12666,0,1.55873,3.38688,8.56347e+06,3.61194e+06,1.82116e+07,0,0,0,1.8295e+08
106.055,110.355,2.77415,0,0.04,3.62982,3.62982,0,0.680205,6.048,4.12061e+06,2.70226e+06,1.49571e+07,0,0,0,7.16987e+08,62.3362,61.308,3.89226,0,0,2.12674,2.12674,0,1.64306,3.38688,8.56347e+06,3.61194e+06,1.82122e+07,0,0,0,1.8295e+08
104.637,110.355,2.52314,0,0.04,3.62995,3.62995,0,0.680228,6.048,4.12061e+06,2.70226e+06,1.49576e+07,0,0,0,7.16987e+08,62.3362,61.308,3.2457,0,0,2.12681,2.12681,0,1.64312,3.38688,8.56347e+06,3.61194e+06,1.82129e+07,0,0,0,1.8295e+08
103.158,110.355,2.44925,0,0.04,3.63008,3.63008,0,0.680252,6.048,4.12061e+06,2.70226e+06,1.49581e+07,0,0,0,7.16987e+08,62.2647,61.308,2.94815,0,0,2.12689,2.12689,0,1.64317,3.38688,8.56347e+06,3.61194e+06,1.82135e+07,0,0,0,1.8295e+08
101.938,110.355,2.68622,0,0.04,3.6302,3.6302,0,0.680276,6.048,4.12061e+06,2.70226e+06,1.49587e+07,0,0,0,7.16987e+08,62.1978,61.308,3.19641,0,0,2.12696,2.12696,0,1.64323,3.38688,8.56347e+06,3.61194e+06,1.82142e+07,0,0,0,1.8295e+08
101.124,110.355,3.07491,0,0.04,3.59782,3.59782,0,0.6803,6.048,4.12061e+06,2.70226e+06,1.48252e+07,0,0,0,7.16987e+08,62.2586,61.308,3.44047,0,0,2.187,2.187,0,1.64329,3.38688,8.56347e+06,3.61194e+06,1.87283e+07,0,0,0,1.8295e+08
100.499,110.355,2.97401,0.01,0.04,3.29554,3.59794,0,0.674231,6.048,4.12061e+06,2.70226e+06,1.35797e+07,0,0,0,7.16987e+08,62.2648,61.308,3.16329,0,0,2.48948,2.18708,0,1.68967,3.38688,8.56347e+06,3.61194e+06,2.13185e+07,0,0,0,1.8295e+08
99.7857,110.355,2.83525,0.02,0.04,3.29567,3.59807,0,0.617585,6.048,4.12061e+06,2.70226e+06,1.35802e+07,0,0,0,7.16987e+08,62.2135,61.308,2.97473,0,0,2.48955,2.18715,0,1.92337,3.38688,8.56347e+06,3.61194e+06,2.13192e+07,0,0,0,1.8295e+08
99.4946,110.355,3.28565,0.02,0.04,3.2958,3.5982,0,0.617609,6.048,4.12061e+06,2.70226e+06,1.35807e+07,0,0,0,7.16987e+08,62.3362,61.308,3.79565,0,0,2.48963,2.18723,0,1.92343,3.38688,8.56347e+06,3.61194e+06,2.13199e+07,0,0,0,1.8295e+08
98.499,110.355,2.62185,0.02,0.04,3.3799,3.6823,0,0.617632,6.048,4.12061e+06,2.70226e+06,1.39273e+07,0,0,0,7.16987e+08,62.3262,61.308,2.92189,0,0,2.54315,2.24075,0,1.92349,3.38688,8.56347e+06,3.61194e+06,2.17782e+07,0,0,0,1.8295e+08
97.4489,110.355,2.56161,0.02,0.04,3.38003,3.68243,0,0.633394,6.048,4.12061e+06,2.70226e+06,1.39278e+07,0,0,0,7.16987e+08,62.2406,61.308,3.02132,0,0,2.54323,2.24083,0,1.96484,3.38688,8.56347e+06,3.61194e+06,2.17789e+07,0,0,0,1.8295e+08
96.2516,110.355,2.39118,0.02,0.04,3.38016,3.68256,0,0.633418,6.048,4.12061e+06,2.70226e+06,1.39283e+07,0,0,0,7.16987e+08,62.0895,61.308,2.86382,0,0,2.54331,2.24091,0,1.9649,3.38688,8.56347e+06,3.61194e+06,2.17796e+07,0,0,0,1.8295e+08
94.8785,110.355,2.19457,0.02,0.04,3.38029,3.68269,0,0.633442,6.048,4.12061e+06,2.70226e+06,1.39289e+07,0,0,0,7.16987e+08,61.9296,61.308,2.68689,0,0,2.54339,2.24099,0,1.96496,3.38688,8.56347e+06,3.61194e+06,2.17803e+07,0,0,0,1.8295e+08
93.8278,110.355,2.72434,0.02,0.04,3.62638,3.92878,0,0.633466,6.048,4.12061e+06,2.70226e+06,1.49429e+07,0,0,0,7.16987e+08,61.9615,61.308,3.88284,0,0,2.73642,2.43402,0,1.96502,3.38688,8.56347e+06,3.61194e+06,2.34332e+07,0,0,0,1.8295e+08
92.2716,110.355,2.26141,0.02,0.04,3.62652,3.92892,0,0.679584,6.048,4.12061e+06,2.70226e+06,1.49435e+07,0,0,0,7.16987e+08,61.8601,61.308,3.4937,0,0,2.7365,2.4341,0,2.11416,3.38688,8.56347e+06,3.61194e+06,2.3434e+07,0,0,0,1.8295e+08
90.7702,110.355,2.28236,0.02,0.04,3.62666,3.92906,0,0.67961,6.048,4.12061e+06,2.70226e+06,1.4944e+07,0,0,0,7.16987e+08,61.8894,61.308,3.77195,0,0,2.73659,2.43419,0,2.11422,3.38688,8.56347e+06,3.61194e+06,2.34347e+07,0,0,0,1.8295e+08
89.2966,110.355,2.30375,0.02,0.04,3.62679,3.92919,0,0.679635,6.048,4.12061e+06,2.70226e+06,1.49446e+07,0,0,0,7.16987e+08,61.9332,61.308,4.45258,0,0,2.73667,2.43427,0,2.11429,3.38688,8.56347e+06,3.61194e+06,2.34354e+07,0,0,0,1.8295e+08
87.553,110.355,1.99318,0.02,0.04,3.62693,3.92933,0,0.679661,6.048,4.12061e+06,2.70226e+06,1.49452e+07,0,0,0,7.16987e+08,61.8117,61.308,3.52752,0,0,2.73676,2.43436,0,2.11435,3.38688,8.56347e+06,3.61194e+06,2.34362e+07,0,0,0,1.8295e+08
86.7353,110.355,2.8854,0.02,0.04,3.50718,3.80958,0,0.679687,6.048,4.12061e+06,2.70226e+06,1.44517e+07,0,0,0,7.16987e+08,62.0182,61.308,5.67518,0,0,2.61971,2.31731,0,2.11442,3.38688,8.56347e+06,3.61194e+06,2.24338e+07,0,0,0,1.8295e+08
84.4181,110.355,1.34227,0.02,0.04,3.50731,3.80971,0,0.657245,6.048,4.12061e+06,2.70226e+06,1.44523e+07,0,0,0,7.16987e+08,61.7309,61.308,2.96506,0,0,2.61979,2.31739,0,2.02399,3.38688,8.56347e+06,3.61194e+06,2.24345e+07,0,0,0,1.8295e+08
82.4513,110.355,1.64583,0.02,0.04,3.50745,3.80985,0,0.65727,6.048,4.12061e+06,2.70226e+06,1.44528e+07,0,0,0,7.16987e+08,61.6183,61.308,3.24107,0,0,2.61988,2.31748,0,2.02405,3.38688,8.56347e+06,3.61194e+06,2.24352e+07,0,0,0,1.8295e+08
83.1547,110.355,4.46286,0.02,0.04,3.50758,3.80998,0,0.657296,6.048,4.12061e+06,2.70226e+06,1.44534e+07,0,0,0,7.16987e+08,62.1162,61.308,7.40287,0,0,2.61996,2.31756,0,2.02412,3.38688,8.56347e+06,3.61194e+06,2.24359e+07,0,0,0,1.8295e+08
83.1078,110.355,3.69488,0.02,0.04,3.40929,3.71169,0,0.657321,6.048,4.12061e+06,2.70226e+06,1.40484e+07,0,0,0,7.16987e+08,62.3362,61.308,4.28098,0,0,2.5134,2.211,0,2.02418,3.38688,8.56347e+06,3.61194e+06,2.15235e+07,0,0,0,1.8295e+08
83.0109,110.355,3.63625,0.02,0.04,3.40942,3.71182,0,0.638901,6.048,4.12061e+06,2.70226e+06,1.40489e+07,0,0,0,7.16987e+08,62.3362,61.308,3.98179,0,0,2.51348,2.21108,0,1.94186,3.38688,8.56347e+06,3.61194e+06,2.15241e+07,0,0,0,1.8295e+08
82.6888,110.355,3.45492,0.02,0.04,3.40955,3.71195,0,0.638926,6.048,4.12061e+06,2.70226e+06,1.40494e+07,0,0,0,7.16987e+08,62.3362,61.308,5.99312,0,0,2.51356,2.21116,0,1.94192,3.38688,8.56347e+06,3.61194e+06,2.15248e+07,0,0,0,1.8295e+08
82.5103,110.355,3.55023,0.02,0.04,3.40968,3.71208,0,0.63895,6.048,4.12061e+06,2.70226e+06,1.405e+07,0,0,0,7.16987e+08,62.3362,61.308,5.23656,0,0,2.51364,2.21124,0,1.94198,3.38688,8.56347e+06,3.61194e+06,2.15255e+07,0,0,0,1.8295e+08
82.4618,110.355,3.59012,0.02,0.04,3.13024,3.43264,0,0.638975,6.048,4.12061e+06,2.70226e+06,1.28985e+07,0,0,0,7.16987e+08,62.3362,61.308,7.0987,0,0,2.2916,1.9892,0,1.94204,3.38688,8.56347e+06,3.61194e+06,1.9624e+07,0,0,0,1.8295e+08
82.4385,110.355,3.68023,0.02,0.04,3.13036,3.43276,0,0.586607,6.048,4.12061e+06,2.70226e+06,1.2899e+07,0,0,0,7.16987e+08,62.3362,61.308,9.20417,0,0,2.29167,1.98927,0,1.77049,3.38688,8.56347e+06,3.61194e+06,1.96246e+07,0,0,0,1.8295e+08
83.0385,110.355,4.42664,0.02,0.04,3.13048,3.43288,0,0.58663,6.048,4.12061e+06,2.70226e+06,1.28995e+07,0,0,0,7.16987e+08,62.3362,61.308,8.95359,0,0,2.29174,1.98934,0,1.77054,3.38688,8.56347e+06,3.61194e+06,1.96252e+07,0,0,0,1.8295e+08
82.932,110.355,3.519,0.02,0.04,3.1306,3.433,0,0.586652,6.048,4.12061e+06,2.70226e+06,1.29e+07,0,0,0,7.16987e+08,62.3362,61.308,5.90604,0,0,2.29181,1.98941,0,1.7706,3.38688,8.56347e+06,3.61194e+06,1.96258e+07,0,0,0,1.8295e+08
86.2425,110.355,7.01739,0.02,0.04,3.13072,3.43312,0,0.586675,6.048,4.12061e+06,2.70226e+06,1.29005e+07,0,0,0,7.16987e+08,62.3362,61.308,12.2538,0,0,2.29188,1.98948,0,1.77065,3.38688,8.56347e+06,3.61194e+06,1.96264e+07,0,0,0,1.8295e+08
93.7282,110.355,11.8886,0.02,0.04,3.23838,3.54078,0,0.586698,6.048,4.12061e+06,2.70226e+06,1.33441e+07,0,0,0,7.16987e+08,62.3362,61.308,17.4249,0,0,2.35627,2.05387,0,1.7707,3.38688,8.56347e+06,3.61194e+06,2.01778e+07,0,0,0,1.8295e+08
97.0506,110.355,7.57224,0.01,0.04,3.23848,3.54088,0,0.606873,6.048,4.12061e+06,2.70226e+06,1.33445e+07,0,0,0,7.16987e+08,62.3362,61.308,10.4945,0,0,2.35632,2.05392,0,1.82045,3.38688,8.56347e+06,3.61194e+06,2.01783e+07,0,0,0,1.8295e+08
99.0156,110.355,6.05691,0.01,0.04,3.23857,3.54097,0,0.606891,6.048,4.12061e+06,2.70226e+06,1.33449e+07,0,0,0,7.16987e+08,62.3362,61.308,6.87465,0,0,2.35638,2.05398,0,1.82049,3.38688,8.56347e+06,3.61194e+06,2.01788e+07,0,0,0,1.8295e+08
101.093,110.355,6.23459,0.01,0.04,3.23867,3.54107,0,0.606908,6.048,4.12061e+06,2.70226e+06,1.33453e+07,0,0,0,7.16987e+08,62.3362,61.308,7.73361,0,0,2.35643,2.05403,0,1.82054,3.38688,8.56347e+06,3.61194e+06,2.01792e+07,0,0,0,1.8295e+08
103.42,110.355,6.98023,0.01,0.04,3.58416,3.88656,0,0.606926,6.048,4.12061e+06,2.70226e+06,1.47689e+07,0,0,0,7.16987e+08,62.3362,61.308,9.10636,0,0,2.598,2.2956,0,1.82058,3.38688,8.56347e+06,3.61194e+06,2.22479e+07,0,0,0,1.8295e+08
104.911,110.355,6.35725,0,0.04,3.88666,3.88666,0,0.671671,6.048,4.12061e+06,2.70226e+06,1.60154e+07,0,0,0,7.16987e+08,62.3362,61.308,7.66118,0,0,2.29566,2.29566,0,2.00722,3.38688,8.56347e+06,3.61194e+06,1.96588e+07,0,0,0,1.8295e+08
107.416,110.355,7.5002,0,0.04,3.88676,3.88676,0,0.72836,6.048,4.12061e+06,2.70226e+06,1.60158e+07,0,0,0,7.16987e+08,62.3362,61.308,9.18109,0,0,2.29572,2.29572,0,1.77363,3.38688,8.56347e+06,3.61194e+06,1.96594e+07,0,0,0,1.8295e+08
110.355,110.355,10.2697,0,0.04,3.88687,3.88687,0,0.728379,6.048,4.12061e+06,2.70226e+06,1.60163e+07,0,0,0,7.16987e+08,62.3362,61.308,14.9103,0,0,2.29579,2.29579,0,1.77368,3.38688,8.56347e+06,3.61194e+06,1.96599e+07,0,0,0,1.8295e+08
110.355,110.355,6.27402,0,0.04,3.39427,3.39427,0,0.728399,6.048,4.12061e+06,2.70226e+06,1.39865e+07,0,0,0,7.16987e+08,62.3362,61.308,6.72131,0,0,1.97169,1.97169,0,1.77372,3.38688,8.56347e+06,3.61194e+06,1.68845e+07,0,0,0,1.8295e+08
110.355,110.355,4.93404,0,0.04,3.39436,3.39436,0,0.636086,6.048,4.12061e+06,2.70226e+06,1.39868e+07,0,0,0,7.16987e+08,62.3362,61.308,4.52327,0,0,1.97175,1.97175,0,1.52333,3.38688,8.56347e+06,3.61194e+06,1.6885e+07,0,0,0,1.8295e+08
110.355,110.355,7.69174,0,0.04,3.39445,3.39445,0,0.636103,6.048,4.12061e+06,2.70226e+06,1.39872e+07,0,0,0,7.16987e+08,62.3362,61.308,6.87421,0,0,1.9718,1.9718,0,1.52337,3.38688,8.56347e+06,3.61194e+06,1.68854e+07,0,0,0,1.8295e+08
110.355,110.355,8.39098,0,0.04,3.39454,3.39454,0,0.63612,6.048,4.12061e+06,2.70226e+06,1.39876e+07,0,0,0,7.16987e+08,62.3362,61.308,6.95047,0,0,1.97185,1.97185,0,1.52341,3.38688,8.56347e+06,3.61194e+06,1.68859e+07,0,0,0,1.8295e+08
110.355,110.355,7.3356,0,0.04,3.39463,3.39463,0,0.636137,6.048,4.12061e+06,2.70226e+06,1.3988e+07,0,0,0,7.16987e+08,62.3362,61.308,6.28224,0,0,1.9719,1.9719,0,1.52345,3.38688,8.56347e+06,3.61194e+06,1.68863e+07,0,0,0,1.8295e+08
110.355,110.355,7.41175,0,0.04,3.51876,3.51876,0,0.636154,6.048,4.12061e+06,2.70226e+06,1.44994e+07,0,0,0,7.16987e+08,62.3362,61.308,7.79982,0,0,2.05127,2.05127,0,1.52349,3.38688,8.56347e+06,3.61194e+06,1.7566e+07,0,0,0,1.8295e+08
110.355,110.355,6.88021,0,0.04,3.51885,3.51885,0,0.659415,6.048,4.12061e+06,2.70226e+06,1.44998e+07,0,0,0,7.16987e+08,62.3362,61.308,7.52039,0,0,2.05132,2.05132,0,1.58481,3.38688,8.56347e+06,3.61194e+06,1.75664e+07,0,0,0,1.8295e+08
110.355,110.355,5.97421,0,0.04,3.51895,3.51895,0,0.659433,6.048,4.12061e+06,2.70226e+06,1.45002e+07,0,0,0,7.16987e+08,62.3362,61.308,5.97459,0,0,2.05138,2.05138,0,1.58485,3.38688,8.56347e+06,3.61194e+06,1.75669e+07,0,0,0,1.8295e+08
110.355,110.355,4.83391,0,0.04,3.51904,3.51904,0,0.65945,6.048,4.12061e+06,2.70226e+06,1.45006e+07,0,0,0,7.16987e+08,62.3362,61.308,4.37938,0,0,2.05143,2.05143,0,1.58489,3.38688,8.56347e+06,3.61194e+06,1.75674e+07,0,0,0,1.8295e+08
110.355,110.355,4.74177,0,0.04,3.47063,3.47063,0,0.659468,6.048,4.12061e+06,2.70226e+06,1.43011e+07,0,0,0,7.16987e+08,62.3362,61.308,5.42679,0,0,2.02068,2.02068,0,1.58493,3.38688,8.56347e+06,3.61194e+06,1.7304e+07,0,0,0,1.8295e+08
110.338,110.355,4.22824,0,0.04,3.47072,3.47072,0,0.650396,6.048,4.12061e+06,2.70226e+06,1.43015e+07,0,0,0,7.16987e+08,62.3362,61.308,4.65044,0,0,2.02073,2.02073,0,1.56118,3.38688,8.56347e+06,3.61194e+06,1.73045e+07,0,0,0,1.8295e+08
110.112,110.355,3.97766,0,0.04,3.47081,3.47081,0,0.650413,6.048,4.12061e+06,2.70226e+06,1.43019e+07,0,0,0,7.16987e+08,62.3362,61.308,3.97098,0,0,2.02078,2.02078,0,1.56122,3.38688,8.56347e+06,3.61194e+06,1.73049e+07,0,0,0,1.8295e+08
109.588,110.355,3.65268,0,0.04,3.47091,3.47091,0,0.650431,6.048,4.12061e+06,2.70226e+06,1.43023e+07,0,0,0,7.16987e+08,62.3362,61.308,3.8091,0,0,2.02084,2.02084,0,1.56126,3.38688,8.56347e+06,3.61194e+06,1.73054e+07,0,0,0,1.8295e+08
109.021,110.355,3.65919,0,0.04,3.63565,3.63565,0,0.650448,6.048,4.12061e+06,2.70226e+06,1.49811e+07,0,0,0,7.16987e+08,62.3362,61.308,3.59167,0,0,2.13015,2.13015,0,1.5613,3.38688,8.56347e+06,3.61194e+06,1.82415e+07,0,0,0,1.8295e+08
108.169,110.355,3.29531,0,0.04,3.63575,3.63575,0,0.681321,6.048,4.12061e+06,2.70226e+06,1.49815e+07,0,0,0,7.16987e+08,62.3362,61.308,3.55599,0,0,2.13021,2.13021,0,1.64576,3.38688,8.56347e+06,3.61194e+06,1.8242e+07,0,0,0,1.8295e+08
107.085,110.355,2.99218,0,0.04,3.63585,3.63585,0,0.681339,6.048,4.12061e+06,2.70226e+06,1.49819e+07,0,0,0,7.16987e+08,62.3362,61.308,3.62836,0,0,2.13027,2.13027,0,1.6458,3.38688,8.56347e+06,3.61194e+06,1.82425e+07,0,0,0,1.8295e+08
105.822,110.355,2.8096,0,0.04,3.63594,3.63594,0,0.681357,6.048,4.12061e+06,2.70226e+06,1.49823e+07,0,0,0,7.16987e+08,62.3362,61.308,2.76487,0,0,2.13032,2.13032,0,1.64584,3.38688,8.56347e+06,3.61194e+06,1.82429e+07,0,0,0,1.8295e+08
104.28,110.355,2.45694,0,0.04,3.63604,3.63604,0,0.681376,6.048,4.12061e+06,2.70226e+06,1.49827e+07,0,0,0,7.16987e+08,62.3362,61.308,2.70814,0,0,2.13038,2.13038,0,1.64589,3.38688,8.56347e+06,3.61194e+06,1.82434e+07,0,0,0,1.8295e+08
102.657,110.355,2.21835,0,0.04,3.60357,3.60357,0,0.681394,6.048,4.12061e+06,2.70226e+06,1.48489e+07,0,0,0,7.16987e+08,62.3362,61.308,3.02884,0,0,2.19049,2.19049,0,1.64593,3.38688,8.56347e+06,3.61194e+06,1.87582e+07,0,0,0,1.8295e+08
101.166,110.355,2.07534,0.01,0.04,3.30126,3.60366,0,0.675309,6.048,4.12061e+06,2.70226e+06,1.36032e+07,0,0,0,7.16987e+08,62.3362,61.308,2.90804,0,0,2.49295,2.19055,0,1.69238,3.38688,8.56347e+06,3.61194e+06,2.13483e+07,0,0,0,1.8295e+08
99.5014,110.355,1.88988,0.02,0.04,3.30136,3.60376,0,0.618657,6.048,4.12061e+06,2.70226e+06,1.36036e+07,0,0,0,7.16987e+08,62.3362,61.308,2.76902,0,0,2.49301,2.19061,0,1.92606,3.38688,8.56347e+06,3.61194e+06,2.13488e+07,0,0,0,1.8295e+08
97.6958,110.355,1.71694,0.02,0.04,3.30146,3.60386,0,0.618675,6.048,4.12061e+06,2.70226e+06,1.3604e+07,0,0,0,7.16987e+08,62.3296,61.308,2.54561,0,0,2.49307,2.19067,0,1.9261,3.38688,8.56347e+06,3.61194e+06,2.13493e+07,0,0,0,1.8295e+08
95.7139,110.355,1.5725,0.02,0.04,3.38566,3.68806,0,0.618693,6.048,4.12061e+06,2.70226e+06,1.3951e+07,0,0,0,7.16987e+08,62.3362,61.308,2.50494,0,0,2.54666,2.24426,0,1.92614,3.38688,8.56347e+06,3.61194e+06,2.18082e+07,0,0,0,1.8295e+08
93.7251,110.355,1.58409,0.02,0.04,3.38576,3.68816,0,0.634473,6.048,4.12061e+06,2.70226e+06,1.39514e+07,0,0,0,7.16987e+08,62.2806,61.308,2.5331,0,0,2.54672,2.24432,0,1.96755,3.38688,8.56347e+06,3.61194e+06,2.18087e+07,0,0,0,1.8295e+08
91.6556,110.355,1.46745,0.02,0.04,3.38586,3.68826,0,0.634491,6.048,4.12061e+06,2.70226e+06,1.39518e+07,0,0,0,7.16987e+08,62.1601,61.308,2.43828,0,0,2.54678,2.24438,0,1.96759,3.38688,8.56347e+06,3.61194e+06,2.18093e+07,0,0,0,1.8295e+08
89.4769,110.355,1.33614,0.02,0.04,3.38595,3.68835,0,0.63451,6.048,4.12061e+06,2.70226e+06,1.39522e+07,0,0,0,7.16987e+08,61.996,61.308,2.15233,0,0,2.54684,2.24444,0,1.96764,3.38688,8.56347e+06,3.61194e+06,2.18098e+07,0,0,0,1.8295e+08
87.1114,110.355,1.32359,0.03,0.04,3.63239,3.93479,0,0.634528,6.048,4.12061e+06,2.70226e+06,1.49677e+07,0,0,0,7.16987e+08,61.9082,61.308,2.55162,0,0,2.74014,2.43774,0,1.96769,3.38688,8.56347e+06,3.61194e+06,2.34651e+07,0,0,0,1.8295e+08
84.5911,110.355,1.15718,0.02,0.04,3.63249,3.93489,0,0.68071,6.048,4.12061e+06,2.70226e+06,1.49681e+07,0,0,0,7.16987e+08,61.5983,61.308,2.2748,0,0,2.7402,2.4378,0,2.11703,3.38688,8.56347e+06,3.61194e+06,2.34657e+07,0,0,0,1.8295e+08
81.9035,110.355,0.937991,0.02,0.04,3.6326,3.935,0,0.680729,6.048,4.12061e+06,2.70226e+06,1.49685e+07,0,0,0,7.16987e+08,61.2624,61.308,1.70808,0,0,2.74027,2.43787,0,2.11708,3.38688,8.56347e+06,3.61194e+06,2.34662e+07,0,0,0,1.8295e+08
79.4224,110.355,1.11476,0.05,0.04,3.6327,3.9351,0,0.680749,6.048,4.12061e+06,2.70226e+06,1.4969e+07,0,0,0,7.16987e+08,61.3157,61.308,2.79986,0,0,2.74033,2.43793,0,2.11713,3.38688,8.56347e+06,3.61194e+06,2.34668e+07,0,0,0,1.8295e+08
76.7921,110.355,0.948801,0.03,0.04,3.63281,3.93521,0,0.680768,6.048,4.12061e+06,2.70226e+06,1.49694e+07,0,0,0,7.16987e+08,61.2206,61.308,2.29075,0,0,2.7404,2.438,0,2.11718,3.38688,8.56347e+06,3.61194e+06,2.34673e+07,0,0,0,1.8295e+08
75.9346,110.355,2.62986,0.04,0.04,3.51284,3.81524,0,0.680788,6.048,4.12061e+06,2.70226e+06,1.44751e+07,0,0,0,7.16987e+08,62.3362,61.308,7.45165,0,0,2.62316,2.32076,0,2.11723,3.38688,8.56347e+06,3.61194e+06,2.24633e+07,0,0,0,1.8295e+08
73.9469,110.355,1.5223,0.03,0.04,3.51294,3.81534,0,0.658306,6.048,4.12061e+06,2.70226e+06,1.44755e+07,0,0,0,7.16987e+08,62.3362,61.308,5.00383,0,0,2.62322,2.32082,0,2.02665,3.38688,8.56347e+06,3.61194e+06,2.24639e+07,0,0,0,1.8295e+08
71.8768,110.355,1.36493,0.03,0.04,3.51304,3.81544,0,0.658325,6.048,4.12061e+06,2.70226e+06,1.44759e+07,0,0,0,7.16987e+08,62.3362,61.308,4.28962,0,0,2.62328,2.32088,0,2.0267,3.38688,8.56347e+06,3.61194e+06,2.24644e+07,0,0,0,1.8295e+08
71.8491,110.355,3.5142,0.04,0.04,3.51314,3.81554,0,0.658344,6.048,4.12061e+06,2.70226e+06,1.44763e+07,0,0,0,7.16987e+08,62.3362,61.308,9.54333,0,0,2.62334,2.32094,0,2.02675,3.38688,8.56347e+06,3.61194e+06,2.24649e+07,0,0,0,1.8295e+08
70.4337,110.355,2.0044,0.04,0.04,3.41468,3.71708,0,0.658363,6.048,4.12061e+06,2.70226e+06,1.40706e+07,0,0,0,7.16987e+08,62.3362,61.308,4.59558,0,0,2.51661,2.21421,0,2.02679,3.38688,8.56347e+06,3.61194e+06,2.1551e+07,0,0,0,1.8295e+08
69.3752,110.355,2.43399,0.03,0.04,3.41478,3.71718,0,0.639911,6.048,4.12061e+06,2.70226e+06,1.4071e+07,0,0,0,7.16987e+08,62.3362,61.308,3.23593,0,0,2.51667,2.21427,0,1.94434,3.38688,8.56347e+06,3.61194e+06,2.15515e+07,0,0,0,1.8295e+08
67.858,110.355,1.9545,0.03,0.04,3.41488,3.71728,0,0.639929,6.048,4.12061e+06,2.70226e+06,1.40714e+07,0,0,0,7.16987e+08,62.3362,61.308,2.69588,0,0,2.51673,2.21433,0,1.94438,3.38688,8.56347e+06,3.61194e+06,2.1552e+07,0,0,0,1.8295e+08
67.9766,110.355,3.66324,0.03,0.04,3.41497,3.71737,0,0.639948,6.048,4.12061e+06,2.70226e+06,1.40718e+07,0,0,0,7.16987e+08,62.3362,61.308,7.90718,0,0,2.51679,2.21439,0,1.94443,3.38688,8.56347e+06,3.61194e+06,2.15525e+07,0,0,0,1.8295e+08
70.3062,110.355,5.77321,0.03,0.04,3.13511,3.43751,0,0.639966,6.048,4.12061e+06,2.70226e+06,1.29186e+07,0,0,0,7.16987e+08,62.3362,61.308,10.3365,0,0,2.29442,1.99202,0,1.94447,3.38688,8.56347e+06,3.61194e+06,1.96482e+07,0,0,0,1.8295e+08
69.2308,110.355,2.2018,0.03,0.04,3.1352,3.4376,0,0.587519,6.048,4.12061e+06,2.70226e+06,1.29189e+07,0,0,0,7.16987e+08,62.3362,61.308,4.35603,0,0,2.29447,1.99207,0,1.77267,3.38688,8.56347e+06,3.61194e+06,1.96486e+07,0,0,0,1.8295e+08
68.7047,110.355,2.76872,0.03,0.04,3.13529,3.43769,0,0.587536,6.048,4.12061e+06,2.70226e+06,1.29193e+07,0,0,0,7.16987e+08,62.3362,61.308,3.47106,0,0,2.29452,1.99212,0,1.77271,3.38688,8.56347e+06,3.61194e+06,1.96491e+07,0,0,0,1.8295e+08
68.8237,110.355,3.43523,0.04,0.04,3.13538,3.43778,0,0.587553,6.048,4.12061e+06,2.70226e+06,1.29197e+07,0,0,0,7.16987e+08,62.3362,61.308,3.96388,0,0,2.29457,1.99217,0,1.77275,3.38688,8.56347e+06,3.61194e+06,1.96495e+07,0,0,0,1.8295e+08
68.7422,110.355,3.22795,0.05,0.04,3.13547,3.43787,0,0.58757,6.048,4.12061e+06,2.70226e+06,1.29201e+07,0,0,0,7.16987e+08,62.3362,61.308,6.38259,0,0,2.29463,1.99223,0,1.77279,3.38688,8.56347e+06,3.61194e+06,1.965e+07,0,0,0,1.8295e+08
74.7497,110.355,9.66688,0.05,0.04,3.24325,3.54565,0,0.587587,6.048,4.12061e+06,2.70226e+06,1.33642e+07,0,0,0,7.16987e+08,62.3362,61.308,3.88832,0,0,2.35909,2.05669,0,1.77283,3.38688,8.56347e+06,3.61194e+06,2.0202e+07,0,0,0,1.8295e+08
80.9354,110.355,9.95811,0.03,0.04,3.24331,3.54571,0,0.607785,6.048,4.12061e+06,2.70226e+06,1.33644e+07,0,0,0,7.16987e+08,62.3362,61.308,5.87678,0,0,2.35913,2.05673,0,1.82263,3.38688,8.56347e+06,3.61194e+06,2.02023e+07,0,0,0,1.8295e+08
82.0937,110.355,4.77403,0.03,0.04,3.24338,3.54578,0,0.607797,6.048,4.12061e+06,2.70226e+06,1.33647e+07,0,0,0,7.16987e+08,62.3362,61.308,4.79446,0,0,2.35916,2.05676,0,1.82266,3.38688,8.56347e+06,3.61194e+06,2.02026e+07,0,0,0,1.8295e+08
91.2672,110.355,13.0936,0.03,0.04,3.24344,3.54584,0,0.607809,6.048,4.12061e+06,2.70226e+06,1.3365e+07,0,0,0,7.16987e+08,62.3362,61.308,10.5291,0,0,2.3592,2.0568,0,1.82269,3.38688,8.56347e+06,3.61194e+06,2.02029e+07,0,0,0,1.8295e+08
97.5796,110.355,10.6768,0.02,0.04,3.58936,3.89176,0,0.607821,6.048,4.12061e+06,2.70226e+06,1.47904e+07,0,0,0,7.16987e+08,62.3362,61.308,13.0363,0,0,2.60108,2.29868,0,1.82272,3.38688,8.56347e+06,3.61194e+06,2.22743e+07,0,0,0,1.8295e+08
101.41,110.355,8.51241,0,0.04,3.89183,3.89183,0,0.672647,6.048,4.12061e+06,2.70226e+06,1.60367e+07,0,0,0,7.16987e+08,62.3362,61.308,7.0659,0,0,2.29872,2.29872,0,2.00959,3.38688,8.56347e+06,3.61194e+06,1.9685e+07,0,0,0,1.8295e+08
105.474,110.355,8.80911,0,0.04,3.8919,3.8919,0,0.72933,6.048,4.12061e+06,2.70226e+06,1.6037e+07,0,0,0,7.16987e+08,62.3362,61.308,7.46568,0,0,2.29876,2.29876,0,1.77599,3.38688,8.56347e+06,3.61194e+06,1.96854e+07,0,0,0,1.8295e+08
109.093,110.355,8.37392,0,0.04,3.89197,3.89197,0,0.729343,6.048,4.12061e+06,2.70226e+06,1.60373e+07,0,0,0,7.16987e+08,62.3362,61.308,7.51416,0,0,2.2988,2.2988,0,1.77602,3.38688,8.56347e+06,3.61194e+06,1.96857e+07,0,0,0,1.8295e+08
110.355,110.355,7.64853,0,0.04,3.3987,3.3987,0,0.729356,6.048,4.12061e+06,2.70226e+06,1.40047e+07,0,0,0,7.16987e+08,62.3362,61.308,9.36534,0,0,1.97427,1.97427,0,1.77605,3.38688,8.56347e+06,3.61194e+06,1.69066e+07,0,0,0,1.8295e+08
110.355,110.355,6.49227,0,0.04,3.39876,3.39876,0,0.636917,6.048,4.12061e+06,2.70226e+06,1.4005e+07,0,0,0,7.16987e+08,62.3362,61.308,7.25501,0,0,1.9743,1.9743,0,1.52532,3.38688,8.56347e+06,3.61194e+06,1.69069e+07,0,0,0,1.8295e+08
110.355,110.355,4.52814,0,0.04,3.39883,3.39883,0,0.636928,6.048,4.12061e+06,2.70226e+06,1.40052e+07,0,0,0,7.16987e+08,62.3362,61.308,6.72862,0,0,1.97434,1.97434,0,1.52535,3.38688,8.56347e+06,3.61194e+06,1.69072e+07,0,0,0,1.8295e+08
110.355,110.355,6.11538,0,0.04,3.39889,3.39889,0,0.63694,6.048,4.12061e+06,2.70226e+06,1.40055e+07,0,0,0,7.16987e+08,62.3362,61.308,6.40704,0,0,1.97437,1.97437,0,1.52537,3.38688,8.56347e+06,3.61194e+06,1.69075e+07,0,0,0,1.8295e+08
110.355,110.355,5.30031,0,0.04,3.39895,3.39895,0,0.636951,6.048,4.12061e+06,2.70226e+06,1.40057e+07,0,0,0,7.16987e+08,62.3362,61.308,7.85621,0,0,1.97441,1.97441,0,1.5254,3.38688,8.56347e+06,3.61194e+06,1.69078e+07,0,0,0,1.8295e+08
110.355,110.355,5.72075,0,0.04,3.5232,3.5232,0,0.636963,6.048,4.12061e+06,2.70226e+06,1.45177e+07,0,0,0,7.16987e+08,62.3362,61.308,8.6718,0,0,2.05386,2.05386,0,1.52543,3.38688,8.56347e+06,3.61194e+06,1.75881e+07,0,0,0,1.8295e+08
110.355,110.355,5.26796,0,0.04,3.52327,3.52327,0,0.660248,6.048,4.12061e+06,2.70226e+06,1.4518e+07,0,0,0,7.16987e+08,62.3362,61.308,7.24028,0,0,2.05389,2.05389,0,1.58681,3.38688,8.56347e+06,3.61194e+06,1.75885e+07,0,0,0,1.8295e+08
110.355,110.355,6.8097,0,0.04,3.52333,3.52333,0,0.66026,6.048,4.12061e+06,2.70226e+06,1.45183e+07,0,0,0,7.16987e+08,62.3362,61.308,8.32181,0,0,2.05393,2.05393,0,1.58684,3.38688,8.56347e+06,3.61194e+06,1.75888e+07,0,0,0,1.8295e+08
110.355,110.355,5.66116,0,0.04,3.52339,3.52339,0,0.660272,6.048,4.12061e+06,2.70226e+06,1.45185e+07,0,0,0,7.16987e+08,62.3362,61.308,8.06889,0,0,2.05397,2.05397,0,1.58687,3.38688,8.56347e+06,3.61194e+06,1.75891e+07,0,0,0,1.8295e+08
110.355,110.355,5.47977,0,0.04,3.47489,3.47489,0,0.660284,6.048,4.12061e+06,2.70226e+06,1.43187e+07,0,0,0,7.16987e+08,62.3362,61.308,13.8321,0,0,2.02316,2.02316,0,1.5869,3.38688,8.56347e+06,3.61194e+06,1.73253e+07,0,0,0,1.8295e+08
110.355,110.355,4.64081,0,0.04,3.47496,3.47496,0,0.651195,6.048,4.12061e+06,2.70226e+06,1.43189e+07,0,0,0,7.16987e+08,62.3362,61.308,4.77035,0,0,2.0232,2.0232,0,1.56309,3.38688,8.56347e+06,3.61194e+06,1.73256e+07,0,0,0,1.8295e+08
110.312,110.355,4.10268,0,0.04,3.47502,3.47502,0,0.651207,6.048,4.12061e+06,2.70226e+06,1.43192e+07,0,0,0,7.16987e+08,62.3362,61.308,4.28238,0,0,2.02323,2.02323,0,1.56312,3.38688,8.56347e+06,3.61194e+06,1.73259e+07,0,0,0,1.8295e+08
110.015,110.355,3.83135,0,0.04,3.47508,3.47508,0,0.651219,6.048,4.12061e+06,2.70226e+06,1.43195e+07,0,0,0,7.16987e+08,62.3362,61.308,4.05991,0,0,2.02327,2.02327,0,1.56315,3.38688,8.56347e+06,3.61194e+06,1.73262e+07,0,0,0,1.8295e+08
110.017,110.355,4.11989,0,0.04,3.64,3.64,0,0.65123,6.048,4.12061e+06,2.70226e+06,1.4999e+07,0,0,0,7.16987e+08,62.3362,61.308,4.66427,0,0,2.1327,2.1327,0,1.56318,3.38688,8.56347e+06,3.61194e+06,1.82633e+07,0,0,0,1.8295e+08
109.859,110.355,3.96765,0,0.04,3.64006,3.64006,0,0.682135,6.048,4.12061e+06,2.70226e+06,1.49993e+07,0,0,0,7.16987e+08,62.3362,61.308,5.04045,0,0,2.13274,2.13274,0,1.64772,3.38688,8.56347e+06,3.61194e+06,1.82636e+07,0,0,0,1.8295e+08
109.342,110.355,3.48756,0,0.04,3.64013,3.64013,0,0.682147,6.048,4.12061e+06,2.70226e+06,1.49995e+07,0,0,0,7.16987e+08,62.3362,61.308,4.79144,0,0,2.13277,2.13277,0,1.64775,3.38688,8.56347e+06,3.61194e+06,1.82639e+07,0,0,0,1.8295e+08
108.73,110.355,3.38229,0,0.04,3.64019,3.64019,0,0.68216,6.048,4.12061e+06,2.70226e+06,1.49998e+07,0,0,0,7.16987e+08,62.3362,61.308,4.84215,0,0,2.13281,2.13281,0,1.64778,3.38688,8.56347e+06,3.61194e+06,1.82643e+07,0,0,0,1.8295e+08
107.942,110.355,3.19039,0,0.04,3.64026,3.64026,0,0.682172,6.048,4.12061e+06,2.70226e+06,1.50001e+07,0,0,0,7.16987e+08,62.3362,61.308,4.42896,0,0,2.13285,2.13285,0,1.64781,3.38688,8.56347e+06,3.61194e+06,1.82646e+07,0,0,0,1.8295e+08
106.963,110.355,2.94817,0,0.04,3.60772,3.60772,0,0.682184,6.048,4.12061e+06,2.70226e+06,1.4866e+07,0,0,0,7.16987e+08,62.3362,61.308,3.10278,0,0,2.19302,2.19302,0,1.64784,3.38688,8.56347e+06,3.61194e+06,1.87798e+07,0,0,0,1.8295e+08
106.091,110.355,2.78176,0.01,0.04,3.30538,3.60778,0,0.676087,6.048,4.12061e+06,2.70226e+06,1.36202e+07,0,0,0,7.16987e+08,62.3333,61.308,2.90662,0,0,2.49546,2.19306,0,1.69433,3.38688,8.56347e+06,3.61194e+06,2.13698e+07,0,0,0,1.8295e+08
104.99,110.355,2.54599,0.01,0.04,3.30545,3.60785,0,0.619429,6.048,4.12061e+06,2.70226e+06,1.36205e+07,0,0,0,7.16987e+08,62.3209,61.308,2.89998,0,0,2.4955,2.1931,0,1.92799,3.38688,8.56347e+06,3.61194e+06,2.13701e+07,0,0,0,1.8295e+08
103.667,110.355,2.30246,0.01,0.04,3.30551,3.60791,0,0.619441,6.048,4.12061e+06,2.70226e+06,1.36207e+07,0,0,0,7.16987e+08,62.2422,61.308,2.58835,0,0,2.49554,2.19314,0,1.92802,3.38688,8.56347e+06,3.61194e+06,2.13704e+07,0,0,0,1.8295e+08
102.423,110.355,2.39685,0.01,0.04,3.38978,3.69218,0,0.619453,6.048,4.12061e+06,2.70226e+06,1.3968e+07,0,0,0,7.16987e+08,62.0553,61.308,2.37039,0,0,2.54917,2.24677,0,1.92805,3.38688,8.56347e+06,3.61194e+06,2.18297e+07,0,0,0,1.8295e+08
101.051,110.355,2.22786,0.01,0.04,3.38985,3.69225,0,0.635245,6.048,4.12061e+06,2.70226e+06,1.39683e+07,0,0,0,7.16987e+08,61.716,61.308,2.25064,0,0,2.54921,2.24681,0,1.96949,3.38688,8.56347e+06,3.61194e+06,2.18301e+07,0,0,0,1.8295e+08
99.5487,110.355,2.0846,0.02,0.04,3.38992,3.69232,0,0.635258,6.048,4.12061e+06,2.70226e+06,1.39685e+07,0,0,0,7.16987e+08,61.3289,61.308,2.06429,0,0,2.54925,2.24685,0,1.96952,3.38688,8.56347e+06,3.61194e+06,2.18304e+07,0,0,0,1.8295e+08
98.0289,110.355,2.04988,0.02,0.04,3.38998,3.69238,0,0.63527,6.048,4.12061e+06,2.70226e+06,1.39688e+07,0,0,0,7.16987e+08,60.9917,61.308,2.21213,0,0,2.54929,2.24689,0,1.96955,3.38688,8.56347e+06,3.61194e+06,2.18308e+07,0,0,0,1.8295e+08
96.4203,110.355,2.13935,0.02,0.04,3.63665,3.93905,0,0.635283,6.048,4.12061e+06,2.70226e+06,1.49852e+07,0,0,0,7.16987e+08,60.2796,61.308,2.04355,0,0,2.74278,2.44038,0,1.96958,3.38688,8.56347e+06,3.61194e+06,2.34877e+07,0,0,0,1.8295e+08
94.608,110.355,1.92968,0.02,0.04,3.63672,3.93912,0,0.681509,6.048,4.12061e+06,2.70226e+06,1.49855e+07,0,0,0,7.16987e+08,59.1381,61.308,1.39979,0,0,2.74282,2.44042,0,2.11907,3.38688,8.56347e+06,3.61194e+06,2.34881e+07,0,0,0,1.8295e+08
92.4829,110.355,1.59704,0.02,0.04,3.63679,3.93919,0,0.681522,6.048,4.12061e+06,2.70226e+06,1.49858e+07,0,0,0,7.16987e+08,58.4972,61.308,0.978466,0,0,2.74287,2.44047,0,2.11911,3.38688,8.56347e+06,3.61194e+06,2.34885e+07,0,0,0,1.8295e+08
90.7419,110.355,1.96491,0.02,0.04,3.63687,3.93927,0,0.681535,6.048,4.12061e+06,2.70226e+06,1.49861e+07,0,0,0,7.16987e+08,57.7464,61.308,1.84736,0,0,2.74291,2.44051,0,2.11914,3.38688,8.56347e+06,3.61194e+06,2.34888e+07,0,0,0,1.8295e+08
88.7027,110.355,1.64012,0.02,0.04,3.63694,3.93934,0,0.681549,6.048,4.12061e+06,2.70226e+06,1.49864e+07,0,0,0,7.16987e+08,57.0085,61.308,1.30316,0,0,2.74296,2.44056,0,2.11917,3.38688,8.56347e+06,3.61194e+06,2.34892e+07,0,0,0,1.8295e+08
87.132,110.355,1.97826,0.02,0.04,3.51681,3.81921,0,0.681562,6.048,4.12061e+06,2.70226e+06,1.44914e+07,0,0,0,7.16987e+08,56.8942,61.308,1.90021,0,0,2.62557,2.32317,0,2.11921,3.38688,8.56347e+06,3.61194e+06,2.2484e+07,0,0,0,1.8295e+08
86.2007,110.355,2.64826,0.02,0.04,3.51688,3.81928,0,0.65905,6.048,4.12061e+06,2.70226e+06,1.44917e+07,0,0,0,7.16987e+08,56.995,61.308,2.43065,0,0,2.62561,2.32321,0,2.02852,3.38688,8.56347e+06,3.61194e+06,2.24844e+07,0,0,0,1.8295e+08
85.9344,110.355,3.42212,0.02,0.04,3.51695,3.81935,0,0.659063,6.048,4.12061e+06,2.70226e+06,1.4492e+07,0,0,0,7.16987e+08,57.6504,61.308,3.64563,0,0,2.62566,2.32326,0,2.02855,3.38688,8.56347e+06,3.61194e+06,2.24847e+07,0,0,0,1.8295e+08
85.3628,110.355,3.1649,0.02,0.04,3.51702,3.81942,0,0.659076,6.048,4.12061e+06,2.70226e+06,1.44923e+07,0,0,0,7.16987e+08,57.4288,61.308,2.44753,0,0,2.6257,2.3233,0,2.02858,3.38688,8.56347e+06,3.61194e+06,2.24851e+07,0,0,0,1.8295e+08
83.5128,110.355,1.81736,0.02,0.04,3.41842,3.72082,0,0.659089,6.048,4.12061e+06,2.70226e+06,1.4086e+07,0,0,0,7.16987e+08,56.6336,61.308,1.66882,0,0,2.51884,2.21644,0,2.02861,3.38688,8.56347e+06,3.61194e+06,2.157e+07,0,0,0,1.8295e+08
80.9896,110.355,1.0086,0.02,0.04,3.41849,3.72089,0,0.640612,6.048,4.12061e+06,2.70226e+06,1.40863e+07,0,0,0,7.16987e+08,55.8959,61.308,1.15865,0,0,2.51888,2.21648,0,1.94606,3.38688,8.56347e+06,3.61194e+06,2.15704e+07,0,0,0,1.8295e+08
79.0139,110.355,1.58262,0.02,0.04,3.41855,3.72095,0,0.640625,6.048,4.12061e+06,2.70226e+06,1.40865e+07,0,0,0,7.16987e+08,55.5032,61.308,1.67822,0,0,2.51892,2.21652,0,1.94609,3.38688,8.56347e+06,3.61194e+06,2.15707e+07,0,0,0,1.8295e+08
78.1765,110.355,2.79194,0.02,0.04,3.41862,3.72102,0,0.640637,6.048,4.12061e+06,2.70226e+06,1.40868e+07,0,0,0,7.16987e+08,55.9206,61.308,2.37135,0,0,2.51896,2.21656,0,1.94612,3.38688,8.56347e+06,3.61194e+06,2.15711e+07,0,0,0,1.8295e+08
78.4649,110.355,3.69258,0.02,0.04,3.13845,3.44085,0,0.64065,6.048,4.12061e+06,2.70226e+06,1.29323e+07,0,0,0,7.16987e+08,56.0885,61.308,2.45468,0,0,2.29635,1.99395,0,1.94615,3.38688,8.56347e+06,3.61194e+06,1.96647e+07,0,0,0,1.8295e+08
78.6915,110.355,3.71167,0.02,0.04,3.13851,3.44091,0,0.588145,6.048,4.12061e+06,2.70226e+06,1.29326e+07,0,0,0,7.16987e+08,55.3646,61.308,2.00313,0,0,2.29639,1.99399,0,1.77416,3.38688,8.56347e+06,3.61194e+06,1.96651e+07,0,0,0,1.8295e+08
77.2039,110.355,1.91319,0.02,0.04,3.13857,3.44097,0,0.588157,6.048,4.12061e+06,2.70226e+06,1.29328e+07,0,0,0,7.16987e+08,54.2613,61.308,1.17807,0,0,2.29642,1.99402,0,1.77419,3.38688,8.56347e+06,3.61194e+06,1.96654e+07,0,0,0,1.8295e+08
75.8821,110.355,2.03346,0.03,0.04,3.13863,3.44103,0,0.588168,6.048,4.12061e+06,2.70226e+06,1.29331e+07,0,0,0,7.16987e+08,53.6724,61.308,1.11444,0,0,2.29646,1.99406,0,1.77422,3.38688,8.56347e+06,3.61194e+06,1.96657e+07,0,0,0,1.8295e+08
76.5455,110.355,4.09231,0.03,0.04,3.1387,3.4411,0,0.58818,6.048,4.12061e+06,2.70226e+06,1.29333e+07,0,0,0,7.16987e+08,53.2949,61.308,2.00721,0,0,2.2965,1.9941,0,1.77425,3.38688,8.56347e+06,3.61194e+06,1.9666e+07,0,0,0,1.8295e+08
75.3063,110.355,2.1296,0.03,0.04,3.1387,3.4411,0,0.588192,6.048,4.12061e+06,2.70226e+06,1.29333e+07,0,0,0,7.16987e+08,53.2551,61.308,2.39554,0,0,2.2965,1.9941,0,1.77427,3.38688,8.56347e+06,3.61194e+06,1.9666e+07,0,0,0,1.8295e+08
74.4317,110.355,2.6038,0.03,0.04,3.24655,3.54895,0,0.588192,6.048,4.12061e+06,2.70226e+06,1.33778e+07,0,0,0,7.28201e+08,53.2133,61.308,2.2283,0,0,2.361,2.0586,0,1.77427,3.38688,8.56347e+06,3.61194e+06,2.02184e+07,0,0,0,1.8295e+08
73.7271,110.355,2.7772,0.04,0.04,3.24658,3.54898,0,0.608403,6.048,4.12061e+06,2.70226e+06,1.33779e+07,0,0,0,7.28201e+08,53.1417,61.308,2.4898,0,0,2.36102,2.05862,0,1.82411,3.38688,8.56347e+06,3.61194e+06,2.02185e+07,0,0,0,1.8295e+08
72.4482,110.355,2.15143,0.04,0.04,3.24661,3.54901,0,0.608409,6.048,4.12061e+06,2.70226e+06,1.3378e+07,0,0,0,7.28201e+08,53.4217,61.308,2.19645,0,0,2.36104,2.05864,0,1.82413,3.38688,8.56347e+06,3.61194e+06,2.02187e+07,0,0,0,1.8295e+08
71.9288,110.355,2.94517,0.05,0.04,3.24665,3.54905,0,0.608415,6.048,4.12061e+06,2.70226e+06,1.33782e+07,0,0,0,7.28201e+08,54.0446,61.308,3.33113,0,0,2.36106,2.05866,0,1.82414,3.38688,8.56347e+06,3.61194e+06,2.02189e+07,0,0,0,1.8295e+08
71.3344,110.355,3.15949,0.05,0.04,3.59285,3.89525,0,0.608422,6.048,4.12061e+06,2.70226e+06,1.48047e+07,0,0,0,7.28201e+08,54.6272,61.308,3.62167,0,0,2.60314,2.30074,0,1.82416,3.38688,8.56347e+06,3.61194e+06,2.22919e+07,0,0,0,1.8295e+08
71.3258,110.355,3.77287,0.05,0.04,3.59289,3.89529,0,0.6733,6.048,4.12061e+06,2.70226e+06,1.48049e+07,0,0,0,7.28201e+08,55.281,61.308,3.57875,0,0,2.60316,2.30076,0,2.01118,3.38688,8.56347e+06,3.61194e+06,2.22921e+07,0,0,0,1.8295e+08
71.4338,110.355,4.02332,0.05,0.04,3.59293,3.89533,0,0.673307,6.048,4.12061e+06,2.70226e+06,1.48051e+07,0,0,0,7.28201e+08,55.9934,61.308,3.7608,0,0,2.60318,2.30078,0,2.0112,3.38688,8.56347e+06,3.61194e+06,2.22923e+07,0,0,0,1.8295e+08
70.6631,110.355,3.0353,0.05,0.04,3.59296,3.89536,0,0.673314,6.048,4.12061e+06,2.70226e+06,1.48052e+07,0,0,0,7.28201e+08,56.3928,61.308,3.4401,0,0,2.6032,2.3008,0,2.01122,3.38688,8.56347e+06,3.61194e+06,2.22925e+07,0,0,0,1.8295e+08
69.943,110.355,2.71832,0.05,0.04,3.09923,3.40163,0,0.673322,6.048,4.12061e+06,2.70226e+06,1.27707e+07,0,0,0,7.28201e+08,56.9852,61.308,3.38056,0,0,2.27837,1.97597,0,2.01124,3.38688,8.56347e+06,3.61194e+06,1.95108e+07,0,0,0,1.8295e+08
70.2172,110.355,3.73787,0.06,0.04,3.09927,3.40167,0,0.580797,6.048,4.12061e+06,2.70226e+06,1.27709e+07,0,0,0,7.28201e+08,58.0473,61.308,4.35497,0,0,2.27839,1.97599,0,1.76027,3.38688,8.56347e+06,3.61194e+06,1.95109e+07,0,0,0,1.8295e+08
71.2746,110.355,4.55052,0.08,0.04,3.0993,3.4017,0,0.580803,6.048,4.12061e+06,2.70226e+06,1.2771e+07,0,0,0,7.28201e+08,60.1619,61.308,8.2768,0,0,2.27841,1.97601,0,1.76028,3.38688,8.56347e+06,3.61194e+06,1.95111e+07,0,0,0,1.8295e+08
71.4714,110.355,3.65765,0.08,0.04,3.09933,3.40173,0,0.580809,6.048,4.12061e+06,2.70226e+06,1.27711e+07,0,0,0,7.28201e+08,61.533,61.308,6.91811,0,0,2.27843,1.97603,0,1.7603,3.38688,8.56347e+06,3.61194e+06,1.95113e+07,0,0,0,1.8295e+08
72.6815,110.355,4.77674,0.08,0.04,3.09937,3.40177,0,0.580815,6.048,4.12061e+06,2.70226e+06,1.27713e+07,0,0,0,7.28201e+08,62.3362,61.308,4.31152,0,0,2.27845,1.97605,0,1.76031,3.38688,8.56347e+06,3.61194e+06,1.95114e+07,0,0,0,1.8295e+08
73.6046,110.355,4.52458,0.07,0.04,3.22369,3.52609,0,0.580821,6.048,4.12061e+06,2.70226e+06,1.32836e+07,0,0,0,7.28201e+08,62.3362,61.308,4.03307,0,0,2.35794,2.05554,0,1.76033,3.38688,8.56347e+06,3.61194e+06,2.01922e+07,0,0,0,1.8295e+08
73.9613,110.355,3.89972,0.03,0.04,3.22373,3.52613,0,0.60412,6.048,4.12061e+06,2.70226e+06,1.32837e+07,0,0,0,7.28201e+08,62.3362,61.308,3.55413,0,0,2.35796,2.05556,0,1.82175,3.38688,8.56347e+06,3.61194e+06,2.01923e+07,0,0,0,1.8295e+08
74.025,110.355,3.59761,0.03,0.04,3.22376,3.52616,0,0.604126,6.048,4.12061e+06,2.70226e+06,1.32839e+07,0,0,0,7.28201e+08,62.2423,61.308,3.28662,0,0,2.35798,2.05558,0,1.82176,3.38688,8.56347e+06,3.61194e+06,2.01925e+07,0,0,0,1.8295e+08
73.4332,110.355,2.81208,0.04,0.04,3.2238,3.5262,0,0.604133,6.048,4.12061e+06,2.70226e+06,1.3284e+07,0,0,0,7.28201e+08,61.9053,61.308,2.38904,0,0,2.358,2.0556,0,1.82178,3.38688,8.56347e+06,3.61194e+06,2.01927e+07,0,0,0,1.8295e+08
72.1474,110.355,2.00827,0.04,0.04,3.17523,3.47763,0,0.604139,6.048,4.12061e+06,2.70226e+06,1.30839e+07,0,0,0,7.28201e+08,61.3048,61.308,1.81889,0,0,2.32715,2.02475,0,1.82179,3.38688,8.56347e+06,3.61194e+06,1.99285e+07,0,0,0,1.8295e+08
70.6918,110.355,1.814,0.04,0.04,3.17526,3.47766,0,0.595038,6.048,4.12061e+06,2.70226e+06,1.3084e+07,0,0,0,7.28201e+08,60.9584,61.308,1.8103,0,0,2.32717,2.02477,0,1.79796,3.38688,8.56347e+06,3.61194e+06,1.99287e+07,0,0,0,1.8295e+08
70.0343,110.355,2.61745,0.04,0.04,3.1753,3.4777,0,0.595044,6.048,4.12061e+06,2.70226e+06,1.30842e+07,0,0,0,7.28201e+08,60.4774,61.308,2.05763,0,0,2.32719,2.02479,0,1.79797,3.38688,8.56347e+06,3.61194e+06,1.99288e+07,0,0,0,1.8295e+08
68.7404,110.355,1.93241,0.04,0.04,3.17533,3.47773,0,0.59505,6.048,4.12061e+06,2.70226e+06,1.30843e+07,0,0,0,7.28201e+08,59.6476,61.308,1.67547,0,0,2.32721,2.02481,0,1.79799,3.38688,8.56347e+06,3.61194e+06,1.9929e+07,0,0,0,1.8295e+08
66.9049,110.355,1.46281,0.03,0.04,3.34034,3.64274,0,0.595057,6.048,4.12061e+06,2.70226e+06,1.37642e+07,0,0,0,7.28201e+08,58.647,61.308,1.31281,0,0,2.4367,2.1343,0,1.798,3.38688,8.56347e+06,3.61194e+06,2.08666e+07,0,0,0,1.8295e+08
65.0716,110.355,1.44289,0.08,0.04,3.34037,3.64277,0,0.625979,6.048,4.12061e+06,2.70226e+06,1.37644e+07,0,0,0,7.28201e+08,57.7554,61.308,1.33529,0,0,2.43672,2.13432,0,1.8826,3.38688,8.56347e+06,3.61194e+06,2.08668e+07,0,0,0,1.8295e+08
63.1705,110.355,1.34948,0.07,0.04,3.34041,3.64281,0,0.625986,6.048,4.12061e+06,2.70226e+06,1.37645e+07,0,0,0,7.28201e+08,56.8044,61.308,1.26194,0,0,2.43674,2.13434,0,1.88261,3.38688,8.56347e+06,3.61194e+06,2.0867e+07,0,0,0,1.8295e+08
61.2372,110.355,1.26558,0.07,0.04,3.34044,3.64284,0,0.625992,6.048,4.12061e+06,2.70226e+06,1.37647e+07,0,0,0,7.28201e+08,55.6967,61.308,1.21666,0,0,2.43677,2.13437,0,1.88263,3.38688,8.56347e+06,3.61194e+06,2.08672e+07,0,0,0,1.8295e+08
59.0136,110.355,0.969592,0.1,0.04,3.34048,3.64288,0,0.625999,6.048,4.12061e+06,2.70226e+06,1.37648e+07,0,0,0,7.28201e+08,54.4669,61.308,0.996526,0,0,2.43679,2.13439,0,1.88264,3.38688,8.56347e+06,3.61194e+06,2.08673e+07,0,0,0,1.8295e+08
56.8127,110.355,0.929381,0.1,0.04,3.30789,3.61029,0,0.626006,6.048,4.12061e+06,2.70226e+06,1.36305e+07,0,0,0,7.28201e+08,53.1745,61.308,0.990285,0,0,2.49698,2.19458,0,1.88266,3.38688,8.56347e+06,3.61194e+06,2.13828e+07,0,0,0,1.8295e+08
54.5607,110.355,0.822131,0.11,0.04,3.30792,3.61032,0,0.619898,6.048,4.12061e+06,2.70226e+06,1.36307e+07,0,0,0,7.28201e+08,51.8719,61.308,0.888939,0,0,2.497,2.1946,0,1.92916,3.38688,8.56347e+06,3.61194e+06,2.1383e+07,0,0,0,1.8295e+08
52.3093,110.355,0.784668,0.15,0.04,3.30796,3.61036,0,0.619904,6.048,4.12061e+06,2.70226e+06,1.36308e+07,0,0,0,7.28201e+08,50.5539,61.308,0.926539,0,0,2.49702,2.19462,0,1.92918,3.38688,8.56347e+06,3.61194e+06,2.13832e+07,0,0,0,1.8295e+08
50.0838,110.355,0.763764,0.15,0.04,3.30799,3.61039,0,0.619911,6.048,4.12061e+06,2.70226e+06,1.36309e+07,0,0,0,7.28201e+08,49.2815,61.308,0.971871,0,0,2.49704,2.19464,0,1.9292,3.38688,8.56347e+06,3.61194e+06,2.13833e+07,0,0,0,1.8295e+08
47.8049,110.355,0.743057,0.21,0.04,3.39229,3.69469,0,0.619917,6.048,4.12061e+06,2.70226e+06,1.39783e+07,0,0,0,7.28201e+08,47.968,61.308,0.957987,0,0,2.55069,2.24829,0,1.92921,3.38688,8.56347e+06,3.61194e+06,2.18428e+07,0,0,0,1.8295e+08
45.5262,110.355,0.687037,0.22,0.04,3.39232,3.69472,0,0.635714,6.048,4.12061e+06,2.70226e+06,1.39784e+07,0,0,0,7.28201e+08,46.5744,61.308,0.922733,0,0,2.55071,2.24831,0,1.97066,3.38688,8.56347e+06,3.61194e+06,2.18429e+07,0,0,0,1.8295e+08
43.2383,110.355,0.625582,0.23,0.04,3.39236,3.69476,0,0.635721,6.048,4.12061e+06,2.70226e+06,1.39786e+07,0,0,0,7.28201e+08,45.3435,61.308,0.813342,0,0,2.55073,2.24833,0,1.97068,3.38688,8.56347e+06,3.61194e+06,2.18431e+07,0,0,0,1.8295e+08
41.0973,110.355,0.712721,0.27,0.04,3.39239,3.69479,0,0.635728,6.048,4.12061e+06,2.70226e+06,1.39787e+07,0,0,0,7.28201e+08,43.9123,61.308,1.05799,0,0,2.55075,2.24835,0,1.9707,3.38688,8.56347e+06,3.61194e+06,2.18433e+07,0,0,0,1.8295e+08
38.7236,110.355,0.59346,0.26,0.04,3.63919,3.94159,0,0.635734,6.048,4.12061e+06,2.70226e+06,1.49957e+07,0,0,0,7.28201e+08,42.6034,61.308,0.741468,0,0,2.74435,2.44195,0,1.97071,3.38688,8.56347e+06,3.61194e+06,2.35012e+07,0,0,0,1.8295e+08
36.3868,110.355,0.556821,0.3,0.04,3.63923,3.94163,0,0.681984,6.048,4.12061e+06,2.70226e+06,1.49958e+07,0,0,0,7.28201e+08,41.3088,61.308,0.920846,0,0,2.74438,2.44198,0,2.12029,3.38688,8.56347e+06,3.61194e+06,2.35014e+07,0,0,0,1.8295e+08
34.1049,110.355,0.53023,0.3,0.04,3.63927,3.94167,0,0.681991,6.048,4.12061e+06,2.70226e+06,1.4996e+07,0,0,0,7.28201e+08,40.003,61.308,0.902253,0,0,2.7444,2.442,0,2.1203,3.38688,8.56347e+06,3.61194e+06,2.35016e+07,0,0,0,1.8295e+08
31.9152,110.355,0.533674,0.31,0.04,3.6393,3.9417,0,0.681998,6.048,4.12061e+06,2.70226e+06,1.49962e+07,0,0,0,7.28201e+08,38.6257,61.308,0.883399,0,0,2.74442,2.44202,0,2.12032,3.38688,8.56347e+06,3.61194e+06,2.35018e+07,0,0,0,1.8295e+08
29.326,110.355,0.702677,0.32,0.04,3.63934,3.94174,0,0.682006,6.048,4.12061e+06,2.70226e+06,1.49963e+07,0,0,0,7.28201e+08,37.2561,61.308,0.711303,0,0,2.74445,2.44205,0,2.12034,3.38688,8.56347e+06,3.61194e+06,2.3502e+07,0,0,0,1.8295e+08
27.3584,110.355,0.812187,0.32,0.04,3.51911,3.82151,0,0.682013,6.048,4.12061e+06,2.70226e+06,1.45009e+07,0,0,0,7.28201e+08,35.9657,61.308,0.871879,0,0,2.62697,2.32457,0,2.12036,3.38688,8.56347e+06,3.61194e+06,2.2496e+07,0,0,0,1.8295e+08
26.5954,110.355,0.769383,0.34,0.04,3.51915,3.82155,0,0.659481,6.048,4.12061e+06,2.70226e+06,1.4501e+07,0,0,0,7.28201e+08,34.7804,61.308,0.89895,0,0,2.62699,2.32459,0,2.0296,3.38688,8.56347e+06,3.61194e+06,2.24962e+07,0,0,0,1.8295e+08
25.1526,110.355,0.870523,0.34,0.04,3.51919,3.82159,0,0.659488,6.048,4.12061e+06,2.70226e+06,1.45012e+07,0,0,0,7.28201e+08,34.0005,61.308,1.01624,0,0,2.62702,2.32462,0,2.02962,3.38688,8.56347e+06,3.61194e+06,2.24964e+07,0,0,0,1.8295e+08
23.9596,110.355,1.11802,0.34,0.04,3.51922,3.82162,0,0.659495,6.048,4.12061e+06,2.70226e+06,1.45013e+07,0,0,0,7.28201e+08,33.5676,61.308,1.55206,0,0,2.62704,2.32464,0,2.02963,3.38688,8.56347e+06,3.61194e+06,2.24966e+07,0,0,0,1.8295e+08
23.1336,110.355,1.33333,0.35,0.04,3.42054,3.72294,0,0.659502,6.048,4.12061e+06,2.70226e+06,1.40947e+07,0,0,0,7.28201e+08,33.3149,61.308,2.13991,0,0,2.5201,2.2177,0,2.02965,3.38688,8.56347e+06,3.61194e+06,2.15808e+07,0,0,0,1.8295e+08
22.9078,110.355,1.88867,0.35,0.04,3.42057,3.72297,0,0.641008,6.048,4.12061e+06,2.70226e+06,1.40948e+07,0,0,0,7.28201e+08,33.0257,61.308,1.94079,0,0,2.52012,2.21772,0,1.94703,3.38688,8.56347e+06,3.61194e+06,2.1581e+07,0,0,0,1.8295e+08
25.5724,110.355,4.90352,0.35,0.04,3.42061,3.72301,0,0.641015,6.048,4.12061e+06,2.70226e+06,1.4095e+07,0,0,0,7.28201e+08,33.8705,61.308,6.41461,0,0,2.52015,2.21775,0,1.94705,3.38688,8.56347e+06,3.61194e+06,2.15812e+07,0,0,0,1.8295e+08
26.3528,110.355,3.17086,0.37,0.04,3.42064,3.72304,0,0.641022,6.048,4.12061e+06,2.70226e+06,1.40951e+07,0,0,0,7.28201e+08,34.1686,61.308,4.40399,0,0,2.52017,2.21777,0,1.94706,3.38688,8.56347e+06,3.61194e+06,2.15814e+07,0,0,0,1.8295e+08
26.9298,110.355,2.89673,0.39,0.04,3.07519,3.44269,0,0.641029,6.048,4.12061e+06,2.81987e+06,1.26717e+07,0,0,0,7.28201e+08,34.6854,61.308,4.38902,0,0,2.25969,1.99502,0,1.94708,3.38688,8.56347e+06,3.76914e+06,1.93508e+07,0,0,0,1.8295e+08
27.5189,110.355,2.73265,0.43,0.04,2.81482,3.44272,0,0.57629,6.048,4.12061e+06,3.38384e+06,1.15988e+07,0,0,0,7.28201e+08,34.9946,61.308,3.71604,0,0,2.10881,1.99504,0,1.74584,3.38688,8.56347e+06,4.52297e+06,1.80587e+07,0,0,0,1.8295e+08
27.8002,110.355,2.49907,0.45,0.04,2.81485,3.44276,0,0.527497,6.048,4.12061e+06,3.38384e+06,1.15989e+07,0,0,0,7.28201e+08,35.3504,61.308,3.90258,0,0,2.10883,1.99506,0,1.62927,3.38688,8.56347e+06,4.52297e+06,1.80589e+07,0,0,0,1.8295e+08
29.7374,110.355,4.14299,0.44,0.04,2.81488,3.44279,0,0.527502,6.048,4.12061e+06,3.38384e+06,1.1599e+07,0,0,0,7.28201e+08,35.7394,61.308,4.34857,0,0,2.10884,1.99508,0,1.62928,3.38688,8.56347e+06,4.52297e+06,1.8059e+07,0,0,0,1.8295e+08
33.8011,110.355,6.56879,0.44,0.04,2.81491,3.44282,0,0.527508,6.048,4.12061e+06,3.38384e+06,1.15991e+07,0,0,0,7.28201e+08,36.5711,61.308,6.10109,0,0,2.10886,1.9951,0,1.62929,3.38688,8.56347e+06,4.52297e+06,1.80592e+07,0,0,0,1.8295e+08
37.1395,110.355,6.16802,0.38,0.06,3.2483,3.5507,0,0.527513,6.048,4.12061e+06,2.70226e+06,1.3385e+07,0,0,0,7.28201e+08,37.3759,61.308,6.90297,0,0,2.36202,2.05962,0,1.62931,3.38688,8.56347e+06,3.61194e+06,2.02271e+07,0,0,0,1.8295e+08
40.5499,110.355,6.45981,0.39,0.06,3.18116,3.5507,0,0.608731,6.048,4.12061e+06,2.81987e+06,1.31083e+07,0,0,0,7.28201e+08,38.4797,61.308,7.28883,0,0,2.32307,2.05962,0,1.82489,3.38688,8.56347e+06,3.76914e+06,1.98936e+07,0,0,0,1.8295e+08
42.5145,110.355,5.03374,0.34,0.06,3.2483,3.5507,0,0.596149,6.048,4.12061e+06,2.70226e+06,1.3385e+07,0,0,0,7.28201e+08,38.9702,61.308,5.79562,0,0,2.36202,2.05962,0,1.79481,3.38688,8.56347e+06,3.61194e+06,2.02271e+07,0,0,0,1.8295e+08
43.8865,110.355,4.4577,0.35,0.06,3.24831,3.55071,0,0.608732,6.048,4.12061e+06,2.70226e+06,1.3385e+07,0,0,0,7.28201e+08,39.412,61.308,5.8923,0,0,2.36202,2.05962,0,1.8249,3.38688,8.56347e+06,3.61194e+06,2.02271e+07,0,0,0,1.8295e+08
44.9932,110.355,4.44607,0.35,0.06,3.59464,3.89704,0,0.608733,6.048,4.12061e+06,2.70226e+06,1.48121e+07,0,0,0,7.28201e+08,39.822,61.308,6.06222,0,0,2.6042,2.3018,0,1.8249,3.38688,8.56347e+06,3.61194e+06,2.2301e+07,0,0,0,1.8295e+08
45.4582,110.355,3.85509,0.28,0.06,3.59465,3.89705,0,0.673636,6.048,4.12061e+06,2.70226e+06,1.48121e+07,0,0,0,7.28201e+08,40.0223,61.308,5.15713,0,0,2.6042,2.3018,0,2.012,3.38688,8.56347e+06,3.61194e+06,2.2301e+07,0,0,0,1.8295e+08
46.9048,110.355,4.87661,0.31,0.06,3.59465,3.89705,0,0.673637,6.048,4.12061e+06,2.70226e+06,1.48122e+07,0,0,0,7.28201e+08,40.4799,61.308,6.05373,0,0,2.6042,2.3018,0,2.012,3.38688,8.56347e+06,3.61194e+06,2.2301e+07,0,0,0,1.8295e+08
50.3074,110.355,7.04597,0.32,0.06,3.59466,3.89706,0,0.673638,6.048,4.12061e+06,2.70226e+06,1.48122e+07,0,0,0,7.28201e+08,41.6128,61.308,7.49155,0,0,2.60421,2.30181,0,2.01201,3.38688,8.56347e+06,3.61194e+06,2.2301e+07,0,0,0,1.8295e+08
51.6702,110.355,4.64569,0.35,0.06,3.10069,3.40309,0,0.673639,6.048,4.12061e+06,2.70226e+06,1.27767e+07,0,0,0,7.28201e+08,42.3177,61.308,5.78845,0,0,2.27921,1.97681,0,2.01201,3.38688,8.56347e+06,3.61194e+06,1.9518e+07,0,0,0,1.8295e+08
55.2357,110.355,6.84338,0.24,0.06,3.10069,3.40309,0,0.581068,6.048,4.12061e+06,2.70226e+06,1.27767e+07,0,0,0,7.28201e+08,43.3073,61.308,7.12975,0,0,2.27922,1.97682,0,1.76092,3.38688,8.56347e+06,3.61194e+06,1.9518e+07,0,0,0,1.8295e+08
58.3681,110.355,6.642,0.31,0.06,3.10069,3.40309,0,0.581069,6.048,4.12061e+06,2.70226e+06,1.27768e+07,0,0,0,7.28201e+08,45.1507,61.308,10.8244,0,0,2.27922,1.97682,0,1.76092,3.38688,8.56347e+06,3.61194e+06,1.9518e+07,0,0,0,1.8295e+08
62.7166,110.355,7.87721,0.2,0.06,3.1007,3.4031,0,0.58107,6.048,4.12061e+06,2.70226e+06,1.27768e+07,0,0,0,7.28201e+08,46.7125,61.308,8.89948,0,0,2.27922,1.97682,0,1.76092,3.38688,8.56347e+06,3.61194e+06,1.9518e+07,0,0,0,1.8295e+08
68.2347,110.355,9.26124,0.11,0.06,3.1007,3.4031,0,0.581071,6.048,4.12061e+06,2.70226e+06,1.27768e+07,0,0,0,7.28201e+08,50.3696,61.308,13.4723,0,0,2.27922,1.97682,0,1.76093,3.38688,8.56347e+06,3.61194e+06,1.95181e+07,0,0,0,1.8295e+08
72.7933,110.355,8.43605,0.07,0.06,3.22505,3.52745,0,0.581072,6.048,4.12061e+06,2.70226e+06,1.32892e+07,0,0,0,7.28201e+08,51.964,61.308,8.74233,0,0,2.35873,2.05633,0,1.76093,3.38688,8.56347e+06,3.61194e+06,2.01989e+07,0,0,0,1.8295e+08
74.2959,110.355,5.14204,0.06,0.06,3.22505,3.52745,0,0.604374,6.048,4.12061e+06,2.70226e+06,1.32892e+07,0,0,0,7.28201e+08,52.8152,61.308,6.36028,0,0,2.35874,2.05634,0,1.82236,3.38688,8.56347e+06,3.61194e+06,2.0199e+07,0,0,0,1.8295e+08
75.0483,110.355,4.33076,0.04,0.06,3.22506,3.52746,0,0.604375,6.048,4.12061e+06,2.70226e+06,1.32892e+07,0,0,0,7.28201e+08,53.4803,61.308,5.98168,0,0,2.35874,2.05634,0,1.82236,3.38688,8.56347e+06,3.61194e+06,2.0199e+07,0,0,0,1.8295e+08
75.9316,110.355,4.4662,0.05,0.06,3.22506,3.52746,0,0.604376,6.048,4.12061e+06,2.70226e+06,1.32892e+07,0,0,0,7.28201e+08,53.9848,61.308,5.36251,0,0,2.35874,2.05634,0,1.82236,3.38688,8.56347e+06,3.61194e+06,2.0199e+07,0,0,0,1.8295e+08
77.1554,110.355,4.79373,0.04,0.06,3.17645,3.47885,0,0.604377,6.048,4.12061e+06,2.70226e+06,1.30889e+07,0,0,0,7.28201e+08,54.3546,61.308,4.81424,0,0,2.32786,2.02546,0,1.82236,3.38688,8.56347e+06,3.61194e+06,1.99346e+07,0,0,0,1.8295e+08
78.1391,110.355,4.4744,0.04,0.06,3.17646,3.47886,0,0.595267,6.048,4.12061e+06,2.70226e+06,1.30889e+07,0,0,0,7.28201e+08,54.6776,61.308,4.66741,0,0,2.32787,2.02547,0,1.79851,3.38688,8.56347e+06,3.61194e+06,1.99346e+07,0,0,0,1.8295e+08
78.8684,110.355,4.1318,0.04,0.06,3.17646,3.47886,0,0.595268,6.048,4.12061e+06,2.70226e+06,1.3089e+07,0,0,0,7.28201e+08,54.871,61.308,4.1714,0,0,2.32787,2.02547,0,1.79851,3.38688,8.56347e+06,3.61194e+06,1.99346e+07,0,0,0,1.8295e+08
79.3925,110.355,3.89466,0.02,0.06,3.17646,3.47886,0,0.595268,6.048,4.12061e+06,2.70226e+06,1.3089e+07,0,0,0,7.28201e+08,55.0027,61.308,4.02966,0,0,2.32787,2.02547,0,1.79851,3.38688,8.56347e+06,3.61194e+06,1.99347e+07,0,0,0,1.8295e+08
79.6914,110.355,3.80517,0.02,0.06,3.3415,3.6439,0,0.595269,6.048,4.12061e+06,2.70226e+06,1.3769e+07,0,0,0,7.28201e+08,55.1264,61.308,4.09348,0,0,2.43738,2.13498,0,1.79851,3.38688,8.56347e+06,3.61194e+06,2.08724e+07,0,0,0,1.8295e+08
79.6617,110.355,3.46707,0.02,0.06,3.3415,3.6439,0,0.626196,6.048,4.12061e+06,2.70226e+06,1.3769e+07,0,0,0,7.28201e+08,55.114,61.308,3.22479,0,0,2.43738,2.13498,0,1.88312,3.38688,8.56347e+06,3.61194e+06,2.08725e+07,0,0,0,1.8295e+08
79.2435,110.355,3.04826,0.02,0.06,3.34151,3.64391,0,0.626197,6.048,4.12061e+06,2.70226e+06,1.3769e+07,0,0,0,7.28201e+08,55.0742,61.308,3.32077,0,0,2.43739,2.13499,0,1.88312,3.38688,8.56347e+06,3.61194e+06,2.08725e+07,0,0,0,1.8295e+08
78.6626,110.355,2.83187,0.02,0.06,3.34151,3.64391,0,0.626198,6.048,4.12061e+06,2.70226e+06,1.37691e+07,0,0,0,7.28201e+08,54.995,61.308,3.39078,0,0,2.43739,2.13499,0,1.88313,3.38688,8.56347e+06,3.61194e+06,2.08725e+07,0,0,0,1.8295e+08
77.7757,110.355,2.55054,0.03,0.06,3.34151,3.64391,0,0.626199,6.048,4.12061e+06,2.70226e+06,1.37691e+07,0,0,0,7.28201e+08,55.1556,61.308,3.65345,0,0,2.43739,2.13499,0,1.88313,3.38688,8.56347e+06,3.61194e+06,2.08725e+07,0,0,0,1.8295e+08
76.7817,110.355,2.36849,0.02,0.06,3.30888,3.61128,0,0.6262,6.048,4.12061e+06,2.70226e+06,1.36346e+07,0,0,0,7.28201e+08,55.3288,61.308,3.47524,0,0,2.49758,2.19518,0,1.88313,3.38688,8.56347e+06,3.61194e+06,2.1388e+07,0,0,0,1.8295e+08
75.6453,110.355,2.20642,0.03,0.06,3.30889,3.61129,0,0.620085,6.048,4.12061e+06,2.70226e+06,1.36346e+07,0,0,0,7.28201e+08,55.5033,61.308,3.57057,0,0,2.49759,2.19519,0,1.92963,3.38688,8.56347e+06,3.61194e+06,2.1388e+07,0,0,0,1.8295e+08
74.3742,110.355,2.05267,0.03,0.06,3.30889,3.61129,0,0.620086,6.048,4.12061e+06,2.70226e+06,1.36347e+07,0,0,0,7.28201e+08,55.661,61.308,3.534,0,0,2.49759,2.19519,0,1.92964,3.38688,8.56347e+06,3.61194e+06,2.1388e+07,0,0,0,1.8295e+08
73.1025,110.355,2.02471,0.03,0.06,3.3089,3.6113,0,0.620086,6.048,4.12061e+06,2.70226e+06,1.36347e+07,0,0,0,7.28201e+08,55.6773,61.308,3.3035,0,0,2.49759,2.19519,0,1.92964,3.38688,8.56347e+06,3.61194e+06,2.13881e+07,0,0,0,1.8295e+08
71.5374,110.355,1.77906,0.07,0.06,3.39318,3.69558,0,0.620087,6.048,4.12061e+06,2.70226e+06,1.3982e+07,0,0,0,7.28201e+08,55.5979,61.308,2.97994,0,0,2.55124,2.24884,0,1.92964,3.38688,8.56347e+06,3.61194e+06,2.18474e+07,0,0,0,1.8295e+08
69.8434,110.355,1.62933,0.07,0.06,3.39319,3.69559,0,0.635882,6.048,4.12061e+06,2.70226e+06,1.3982e+07,0,0,0,7.28201e+08,55.4891,61.308,2.7842,0,0,2.55124,2.24884,0,1.97108,3.38688,8.56347e+06,3.61194e+06,2.18475e+07,0,0,0,1.8295e+08
67.9635,110.355,1.40821,0.08,0.06,3.39319,3.69559,0,0.635883,6.048,4.12061e+06,2.70226e+06,1.3982e+07,0,0,0,7.28201e+08,55.371,61.308,2.76172,0,0,2.55124,2.24884,0,1.97109,3.38688,8.56347e+06,3.61194e+06,2.18475e+07,0,0,0,1.8295e+08
65.9178,110.355,1.22583,0.08,0.06,3.3932,3.6956,0,0.635884,6.048,4.12061e+06,2.70226e+06,1.3982e+07,0,0,0,7.28201e+08,55.2171,61.308,2.66261,0,0,2.55124,2.24884,0,1.97109,3.38688,8.56347e+06,3.61194e+06,2.18475e+07,0,0,0,1.8295e+08
63.5223,110.355,1.05699,0.09,0.06,3.64001,3.94241,0,0.635885,6.048,4.12061e+06,2.70226e+06,1.49991e+07,0,0,0,7.28201e+08,55.0587,61.308,3.12932,0,0,2.74486,2.44246,0,1.97109,3.38688,8.56347e+06,3.61194e+06,2.35056e+07,0,0,0,1.8295e+08
61.1024,110.355,0.99628,0.09,0.06,3.64002,3.94242,0,0.682139,6.048,4.12061e+06,2.70226e+06,1.49991e+07,0,0,0,7.28201e+08,54.8395,61.308,2.92035,0,0,2.74487,2.44247,0,2.12068,3.38688,8.56347e+06,3.61194e+06,2.35056e+07,0,0,0,1.8295e+08
59.0683,110.355,1.35558,0.11,0.06,3.64003,3.94243,0,0.68214,6.048,4.12061e+06,2.70226e+06,1.49991e+07,0,0,0,7.28201e+08,54.6958,61.308,3.29505,0,0,2.74487,2.44247,0,2.12068,3.38688,8.56347e+06,3.61194e+06,2.35056e+07,0,0,0,1.8295e+08
57.6262,110.355,1.9886,0.12,0.06,3.64003,3.94243,0,0.682141,6.048,4.12061e+06,2.70226e+06,1.49992e+07,0,0,0,7.28201e+08,54.8155,61.308,3.8665,0,0,2.74487,2.44247,0,2.12069,3.38688,8.56347e+06,3.61194e+06,2.35056e+07,0,0,0,1.8295e+08
55.9,110.355,1.68263,0.11,0.06,3.64004,3.94244,0,0.682142,6.048,4.12061e+06,2.70226e+06,1.49992e+07,0,0,0,7.28201e+08,54.7391,61.308,3.40792,0,0,2.74488,2.44248,0,2.12069,3.38688,8.56347e+06,3.61194e+06,2.35057e+07,0,0,0,1.8295e+08
54.6619,110.355,2.0191,0.13,0.06,3.51975,3.82215,0,0.682143,6.048,4.12061e+06,2.70226e+06,1.45035e+07,0,0,0,7.28201e+08,54.8334,61.308,5.01467,0,0,2.62736,2.32496,0,2.12069,3.38688,8.56347e+06,3.61194e+06,2.24993e+07,0,0,0,1.8295e+08
52.7375,110.355,1.35402,0.12,0.06,3.51976,3.82216,0,0.659602,6.048,4.12061e+06,2.70226e+06,1.45036e+07,0,0,0,7.28201e+08,54.6392,61.308,3.93627,0,0,2.62736,2.32496,0,2.0299,3.38688,8.56347e+06,3.61194e+06,2.24994e+07,0,0,0,1.8295e+08
50.6233,110.355,1.08171,0.12,0.06,3.51976,3.82216,0,0.659602,6.048,4.12061e+06,2.70226e+06,1.45036e+07,0,0,0,7.28201e+08,54.386,61.308,2.86687,0,0,2.62737,2.32497,0,2.0299,3.38688,8.56347e+06,3.61194e+06,2.24994e+07,0,0,0,1.8295e+08
48.8732,110.355,1.49523,0.09,0.06,3.51977,3.82217,0,0.659603,6.048,4.12061e+06,2.70226e+06,1.45036e+07,0,0,0,7.28201e+08,54.2638,61.308,3.30363,0,0,2.62737,2.32497,0,2.0299,3.38688,8.56347e+06,3.61194e+06,2.24994e+07,0,0,0,1.8295e+08
47.2687,110.355,1.54449,0.13,0.06,3.42104,3.72344,0,0.659604,6.048,4.12061e+06,2.70226e+06,1.40968e+07,0,0,0,7.28201e+08,54.2198,61.308,3.17435,0,0,2.5204,2.218,0,2.02991,3.38688,8.56347e+06,3.61194e+06,2.15834e+07,0,0,0,1.8295e+08
45.8075,110.355,1.65982,0.12,0.06,3.42104,3.72344,0,0.641102,6.048,4.12061e+06,2.70226e+06,1.40968e+07,0,0,0,7.28201e+08,53.9591,61.308,1.99403,0,0,2.5204,2.218,0,1.94726,3.38688,8.56347e+06,3.61194e+06,2.15834e+07,0,0,0,1.8295e+08
46.6562,110.355,4.0183,0.12,0.06,3.42105,3.72345,0,0.641103,6.048,4.12061e+06,2.70226e+06,1.40968e+07,0,0,0,7.28201e+08,54.724,61.308,5.4428,0,0,2.52041,2.21801,0,1.94726,3.38688,8.56347e+06,3.61194e+06,2.15834e+07,0,0,0,1.8295e+08
48.9805,110.355,5.61691,0.12,0.06,3.42105,3.72345,0,0.641104,6.048,4.12061e+06,2.70226e+06,1.40968e+07,0,0,0,7.28201e+08,56.1242,61.308,9.07807,0,0,2.52041,2.21801,0,1.94727,3.38688,8.56347e+06,3.61194e+06,2.15835e+07,0,0,0,1.8295e+08
51.9517,110.355,6.07694,0.13,0.06,3.14064,3.44304,0,0.641105,6.048,4.12061e+06,2.70226e+06,1.29413e+07,0,0,0,7.28201e+08,55.9181,61.308,4.05194,0,0,2.29762,1.99522,0,1.94727,3.38688,8.56347e+06,3.61194e+06,1.96756e+07,0,0,0,1.8295e+08
55.182,110.355,6.48881,0.09,0.06,3.14064,3.44304,0,0.588555,6.048,4.12061e+06,2.70226e+06,1.29414e+07,0,0,0,7.28201e+08,57.4523,61.308,10.9949,0,0,2.29762,1.99522,0,1.77514,3.38688,8.56347e+06,3.61194e+06,1.96756e+07,0,0,0,1.8295e+08
57.2372,110.355,5.2442,0.09,0.06,3.14065,3.44305,0,0.588556,6.048,4.12061e+06,2.70226e+06,1.29414e+07,0,0,0,7.28201e+08,57.5956,61.308,5.75627,0,0,2.29763,1.99523,0,1.77514,3.38688,8.56347e+06,3.61194e+06,1.96757e+07,0,0,0,1.8295e+08
57.5175,110.355,3.43102,0.08,0.06,3.14065,3.44305,0,0.588557,6.048,4.12061e+06,2.70226e+06,1.29414e+07,0,0,0,7.28201e+08,57.3583,61.308,4.08869,0,0,2.29763,1.99523,0,1.77515,3.38688,8.56347e+06,3.61194e+06,1.96757e+07,0,0,0,1.8295e+08
56.6844,110.355,2.36028,0.09,0.06,3.14065,3.44305,0,0.588558,6.048,4.12061e+06,2.70226e+06,1.29414e+07,0,0,0,7.28201e+08,57.2389,61.308,3.17243,0,0,2.29763,1.99523,0,1.77515,3.38688,8.56347e+06,3.61194e+06,1.96757e+07,0,0,0,1.8295e+08
56.1868,110.355,2.79779,0.09,0.06,3.24851,3.55091,0,0.588559,6.048,4.12061e+06,2.70226e+06,1.33858e+07,0,0,0,7.28201e+08,57.2346,61.308,3.10736,0,0,2.36214,2.05974,0,1.77515,3.38688,8.56347e+06,3.61194e+06,2.02281e+07,0,0,0,1.8295e+08
55.9844,110.355,3.17034,0.1,0.06,3.24848,3.55088,0,0.60877,6.048,4.12061e+06,2.70226e+06,1.33857e+07,0,0,0,7.28201e+08,57.3766,61.308,3.38202,0,0,2.36212,2.05972,0,1.82499,3.38688,8.56347e+06,3.61194e+06,2.0228e+07,0,0,0,1.8295e+08
58.1405,110.355,5.58342,0.15,0.06,3.24846,3.55086,0,0.608765,6.048,4.12061e+06,2.70226e+06,1.33856e+07,0,0,0,7.28201e+08,58.9819,61.308,9.84795,0,0,2.36211,2.05971,0,1.82498,3.38688,8.56347e+06,3.61194e+06,2.02279e+07,0,0,0,1.8295e+08
59.1629,110.355,4.51112,0.1,0.06,3.24843,3.55083,0,0.608761,6.048,4.12061e+06,2.70226e+06,1.33855e+07,0,0,0,7.28201e+08,60.8203,61.308,6.12162,0,0,2.3621,2.0597,0,1.82497,3.38688,8.56347e+06,3.61194e+06,2.02277e+07,0,0,0,1.8295e+08
61.288,110.355,6.04834,0.11,0.06,3.59474,3.89714,0,0.608756,6.048,4.12061e+06,2.70226e+06,1.48125e+07,0,0,0,7.28201e+08,62.3362,61.308,6.7527,0,0,2.60426,2.30186,0,1.82495,3.38688,8.56347e+06,3.61194e+06,2.23015e+07,0,0,0,1.8295e+08
65.74,110.355,8.59613,0.12,0.06,3.59472,3.89712,0,0.673655,6.048,4.12061e+06,2.70226e+06,1.48124e+07,0,0,0,7.28201e+08,62.3362,61.308,10.4568,0,0,2.60424,2.30184,0,2.01205,3.38688,8.56347e+06,3.61194e+06,2.23013e+07,0,0,0,1.8295e+08
70.306,110.355,8.72071,0.08,0.06,3.59469,3.89709,0,0.67365,6.048,4.12061e+06,2.70226e+06,1.48123e+07,0,0,0,7.28201e+08,62.3362,61.308,12.0579,0,0,2.60422,2.30182,0,2.01204,3.38688,8.56347e+06,3.61194e+06,2.23012e+07,0,0,0,1.8295e+08
73.33,110.355,7.19654,0.07,0.06,3.59466,3.89706,0,0.673645,6.048,4.12061e+06,2.70226e+06,1.48122e+07,0,0,0,7.28201e+08,62.3362,61.308,8.61555,0,0,2.60421,2.30181,0,2.01202,3.38688,8.56347e+06,3.61194e+06,2.2301e+07,0,0,0,1.8295e+08
75.0172,110.355,5.2345,0.04,0.06,3.10066,3.40306,0,0.673639,6.048,4.12061e+06,2.70226e+06,1.27766e+07,0,0,0,7.28201e+08,62.3362,61.308,5.54198,0,0,2.2792,1.9768,0,2.01201,3.38688,8.56347e+06,3.61194e+06,1.95179e+07,0,0,0,1.8295e+08
76.4883,110.355,5.03151,0.04,0.06,3.10064,3.40304,0,0.581064,6.048,4.12061e+06,2.70226e+06,1.27765e+07,0,0,0,7.28201e+08,62.3362,61.308,5.92383,0,0,2.27918,1.97678,0,1.76091,3.38688,8.56347e+06,3.61194e+06,1.95177e+07,0,0,0,1.8295e+08
81.3289,110.355,8.7887,0.04,0.06,3.10061,3.40301,0,0.581059,6.048,4.12061e+06,2.70226e+06,1.27764e+07,0,0,0,7.28201e+08,62.3362,61.308,10.3433,0,0,2.27917,1.97677,0,1.7609,3.38688,8.56347e+06,3.61194e+06,1.95176e+07,0,0,0,1.8295e+08
85.3002,110.355,7.92679,0.02,0.06,3.10059,3.40299,0,0.581055,6.048,4.12061e+06,2.70226e+06,1.27763e+07,0,0,0,7.28201e+08,62.3362,61.308,8.6258,0,0,2.27916,1.97676,0,1.76089,3.38688,8.56347e+06,3.61194e+06,1.95175e+07,0,0,0,1.8295e+08
87.965,110.355,6.53228,0.01,0.06,3.10056,3.40296,0,0.58105,6.048,4.12061e+06,2.70226e+06,1.27762e+07,0,0,0,7.28201e+08,62.3362,61.308,5.56894,0,0,2.27914,1.97674,0,1.76088,3.38688,8.56347e+06,3.61194e+06,1.95174e+07,0,0,0,1.8295e+08
90.838,110.355,6.76432,0.01,0.06,3.22488,3.52728,0,0.581046,6.048,4.12061e+06,2.70226e+06,1.32885e+07,0,0,0,7.28201e+08,62.3362,61.308,9.00404,0,0,2.35863,2.05623,0,1.76087,3.38688,8.56347e+06,3.61194e+06,2.01981e+07,0,0,0,1.8295e+08
92.4363,110.355,5.85871,0,0.06,3.52725,3.52725,0,0.604342,6.048,4.12061e+06,2.70226e+06,1.45344e+07,0,0,0,7.28201e+08,62.3362,61.308,10.4935,0,0,2.05622,2.05622,0,1.82228,3.38688,8.56347e+06,3.61194e+06,1.76084e+07,0,0,0,1.8295e+08
92.5694,110.355,4.35083,0,0.06,3.52723,3.52723,0,0.661007,6.048,4.12061e+06,2.70226e+06,1.45343e+07,0,0,0,7.28201e+08,62.3362,61.308,7.56079,0,0,2.0562,2.0562,0,1.58863,3.38688,8.56347e+06,3.61194e+06,1.76082e+07,0,0,0,1.8295e+08
92.4877,110.355,3.98412,0,0.06,3.5272,3.5272,0,0.661002,6.048,4.12061e+06,2.70226e+06,1.45342e+07,0,0,0,7.28201e+08,62.3362,61.308,6.27204,0,0,2.05619,2.05619,0,1.58862,3.38688,8.56347e+06,3.61194e+06,1.76081e+07,0,0,0,1.8295e+08
92.2153,110.355,3.63288,0,0.06,3.47856,3.47856,0,0.660998,6.048,4.12061e+06,2.70226e+06,1.43338e+07,0,0,0,7.28201e+08,62.3362,61.308,5.09443,0,0,2.0253,2.0253,0,1.58861,3.38688,8.56347e+06,3.61194e+06,1.73436e+07,0,0,0,1.8295e+08
91.4897,110.355,3.14725,0,0.06,3.47854,3.47854,0,0.651883,6.048,4.12061e+06,2.70226e+06,1.43337e+07,0,0,0,7.28201e+08,62.3362,61.308,4.669,0,0,2.02528,2.02528,0,1.56474,3.38688,8.56347e+06,3.61194e+06,1.73434e+07,0,0,0,1.8295e+08
90.4558,110.355,2.7998,0,0.06,3.47851,3.47851,0,0.651878,6.048,4.12061e+06,2.70226e+06,1.43336e+07,0,0,0,7.28201e+08,62.3362,61.308,4.09339,0,0,2.02527,2.02527,0,1.56473,3.38688,8.56347e+06,3.61194e+06,1.73433e+07,0,0,0,1.8295e+08
89.2509,110.355,2.58211,0,0.06,3.47849,3.47849,0,0.651874,6.048,4.12061e+06,2.70226e+06,1.43335e+07,0,0,0,7.28201e+08,62.3362,61.308,3.81561,0,0,2.02525,2.02525,0,1.56472,3.38688,8.56347e+06,3.61194e+06,1.73432e+07,0,0,0,1.8295e+08
88.2086,110.355,2.6006,0.01,0.06,3.34107,3.64347,0,0.651869,6.048,4.12061e+06,2.70226e+06,1.37673e+07,0,0,0,7.28201e+08,62.3362,61.308,3.94821,0,0,2.43713,2.13473,0,1.56471,3.38688,8.56347e+06,3.61194e+06,2.08703e+07,0,0,0,1.8295e+08
87.0427,110.355,2.3707,0.01,0.06,3.34105,3.64345,0,0.626117,6.048,4.12061e+06,2.70226e+06,1.37672e+07,0,0,0,7.28201e+08,62.3362,61.308,3.46242,0,0,2.43712,2.13472,0,1.88293,3.38688,8.56347e+06,3.61194e+06,2.08702e+07,0,0,0,1.8295e+08
85.7069,110.355,2.17881,0.01,0.06,3.34102,3.64342,0,0.626112,6.048,4.12061e+06,2.70226e+06,1.37671e+07,0,0,0,7.28201e+08,62.2983,61.308,2.90509,0,0,2.4371,2.1347,0,1.88292,3.38688,8.56347e+06,3.61194e+06,2.08701e+07,0,0,0,1.8295e+08
84.3283,110.355,2.11826,0.02,0.06,3.341,3.6434,0,0.626108,6.048,4.12061e+06,2.70226e+06,1.37669e+07,0,0,0,7.28201e+08,62.0917,61.308,2.66821,0,0,2.43709,2.13469,0,1.88291,3.38688,8.56347e+06,3.61194e+06,2.08699e+07,0,0,0,1.8295e+08
82.8507,110.355,1.91697,0.02,0.06,3.34097,3.64337,0,0.626103,6.048,4.12061e+06,2.70226e+06,1.37668e+07,0,0,0,7.28201e+08,61.9252,61.308,2.73416,0,0,2.43707,2.13467,0,1.8829,3.38688,8.56347e+06,3.61194e+06,2.08698e+07,0,0,0,1.8295e+08
81.3447,110.355,1.84068,0.02,0.06,3.30831,3.61071,0,0.626098,6.048,4.12061e+06,2.70226e+06,1.36323e+07,0,0,0,7.28201e+08,61.7805,61.308,2.63382,0,0,2.49724,2.19484,0,1.88288,3.38688,8.56347e+06,3.61194e+06,2.1385e+07,0,0,0,1.8295e+08
79.7101,110.355,1.69988,0.02,0.06,3.30829,3.61069,0,0.619978,6.048,4.12061e+06,2.70226e+06,1.36322e+07,0,0,0,7.28201e+08,61.6134,61.308,2.61199,0,0,2.49722,2.19482,0,1.92937,3.38688,8.56347e+06,3.61194e+06,2.13849e+07,0,0,0,1.8295e+08
77.9458,110.355,1.55358,0.02,0.06,3.30826,3.61066,0,0.619973,6.048,4.12061e+06,2.70226e+06,1.36321e+07,0,0,0,7.28201e+08,61.3972,61.308,2.31575,0,0,2.49721,2.19481,0,1.92935,3.38688,8.56347e+06,3.61194e+06,2.13848e+07,0,0,0,1.8295e+08
76.1525,110.355,1.48747,0.03,0.06,3.30824,3.61064,0,0.619969,6.048,4.12061e+06,2.70226e+06,1.3632e+07,0,0,0,7.28201e+08,61.2434,61.308,2.40508,0,0,2.49719,2.19479,0,1.92934,3.38688,8.56347e+06,3.61194e+06,2.13846e+07,0,0,0,1.8295e+08
74.1903,110.355,1.38644,0.03,0.06,3.39248,3.69488,0,0.619964,6.048,4.12061e+06,2.70226e+06,1.39791e+07,0,0,0,7.28201e+08,60.9808,61.308,2.2465,0,0,2.55081,2.24841,0,1.92933,3.38688,8.56347e+06,3.61194e+06,2.18438e+07,0,0,0,1.8295e+08
72.1638,110.355,1.28108,0.04,0.06,3.39245,3.69485,0,0.63575,6.048,4.12061e+06,2.70226e+06,1.3979e+07,0,0,0,7.28201e+08,60.6685,61.308,2.16796,0,0,2.55079,2.24839,0,1.97075,3.38688,8.56347e+06,3.61194e+06,2.18436e+07,0,0,0,1.8295e+08
70.049,110.355,1.16647,0.08,0.06,3.39242,3.69482,0,0.635745,6.048,4.12061e+06,2.70226e+06,1.39789e+07,0,0,0,7.28201e+08,60.323,61.308,1.90318,0,0,2.55077,2.24837,0,1.97074,3.38688,8.56347e+06,3.61194e+06,2.18435e+07,0,0,0,1.8295e+08
68.151,110.355,1.35744,0.08,0.06,3.3924,3.6948,0,0.63574,6.048,4.12061e+06,2.70226e+06,1.39788e+07,0,0,0,7.28201e+08,60.1465,61.308,2.6316,0,0,2.55076,2.24836,0,1.97073,3.38688,8.56347e+06,3.61194e+06,2.18433e+07,0,0,0,1.8295e+08
65.7512,110.355,1.0102,0.07,0.06,3.63913,3.94153,0,0.635736,6.048,4.12061e+06,2.70226e+06,1.49954e+07,0,0,0,7.28201e+08,59.7696,61.308,2.01002,0,0,2.74432,2.44192,0,1.97072,3.38688,8.56347e+06,3.61194e+06,2.35009e+07,0,0,0,1.8295e+08
63.4368,110.355,1.08289,0.09,0.06,3.6391,3.9415,0,0.681973,6.048,4.12061e+06,2.70226e+06,1.49953e+07,0,0,0,7.28201e+08,59.4335,61.308,2.37152,0,0,2.7443,2.4419,0,2.12026,3.38688,8.56347e+06,3.61194e+06,2.35007e+07,0,0,0,1.8295e+08
60.9381,110.355,0.874531,0.09,0.06,3.63908,3.94148,0,0.681968,6.048,4.12061e+06,2.70226e+06,1.49952e+07,0,0,0,7.28201e+08,58.9659,61.308,1.70912,0,0,2.74428,2.44188,0,2.12025,3.38688,8.56347e+06,3.61194e+06,2.35006e+07,0,0,0,1.8295e+08
58.6597,110.355,1.05456,0.11,0.06,3.63905,3.94145,0,0.681963,6.048,4.12061e+06,2.70226e+06,1.49951e+07,0,0,0,7.28201e+08,58.862,61.308,2.98286,0,0,2.74426,2.44186,0,2.12023,3.38688,8.56347e+06,3.61194e+06,2.35004e+07,0,0,0,1.8295e+08
56.5546,110.355,1.1748,0.1,0.06,3.63902,3.94142,0,0.681958,6.048,4.12061e+06,2.70226e+06,1.4995e+07,0,0,0,7.28201e+08,58.468,61.308,2.30904,0,0,2.74425,2.44185,0,2.12022,3.38688,8.56347e+06,3.61194e+06,2.35003e+07,0,0,0,1.8295e+08
54.7013,110.355,1.33821,0.09,0.06,3.51874,3.82114,0,0.681952,6.048,4.12061e+06,2.70226e+06,1.44993e+07,0,0,0,7.28201e+08,58.0869,61.308,2.39721,0,0,2.62674,2.32434,0,2.12021,3.38688,8.56347e+06,3.61194e+06,2.2494e+07,0,0,0,1.8295e+08
52.9803,110.355,1.49513,0.12,0.06,3.51871,3.82111,0,0.659411,6.048,4.12061e+06,2.70226e+06,1.44992e+07,0,0,0,7.28201e+08,57.9602,61.308,3.17837,0,0,2.62673,2.32433,0,2.02942,3.38688,8.56347e+06,3.61194e+06,2.24939e+07,0,0,0,1.8295e+08
51.1978,110.355,1.42459,0.1,0.06,3.51868,3.82108,0,0.659406,6.048,4.12061e+06,2.70226e+06,1.44991e+07,0,0,0,7.28201e+08,57.845,61.308,3.11923,0,0,2.62671,2.32431,0,2.02941,3.38688,8.56347e+06,3.61194e+06,2.24938e+07,0,0,0,1.8295e+08
49.5553,110.355,1.57322,0.09,0.06,3.51866,3.82106,0,0.659401,6.048,4.12061e+06,2.70226e+06,1.4499e+07,0,0,0,7.28201e+08,57.8194,61.308,3.41037,0,0,2.62669,2.32429,0,2.0294,3.38688,8.56347e+06,3.61194e+06,2.24936e+07,0,0,0,1.8295e+08
47.6928,110.355,1.19408,0.12,0.06,3.41992,3.72232,0,0.659396,6.048,4.12061e+06,2.70226e+06,1.40922e+07,0,0,0,7.28201e+08,57.5596,61.308,2.08234,0,0,2.51974,2.21734,0,2.02938,3.38688,8.56347e+06,3.61194e+06,2.15777e+07,0,0,0,1.8295e+08
46.3693,110.355,1.73871,0.11,0.06,3.4199,3.7223,0,0.640893,6.048,4.12061e+06,2.70226e+06,1.40921e+07,0,0,0,7.28201e+08,57.7151,61.308,3.33569,0,0,2.51972,2.21732,0,1.94675,3.38688,8.56347e+06,3.61194e+06,2.15776e+07,0,0,0,1.8295e+08
46.7103,110.355,3.44282,0.12,0.06,3.41987,3.72227,0,0.640888,6.048,4.12061e+06,2.70226e+06,1.4092e+07,0,0,0,7.28201e+08,58.6378,61.308,4.48063,0,0,2.51971,2.21731,0,1.94674,3.38688,8.56347e+06,3.61194e+06,2.15774e+07,0,0,0,1.8295e+08
47.164,110.355,3.5633,0.11,0.06,3.41984,3.72224,0,0.640884,6.048,4.12061e+06,2.70226e+06,1.40918e+07,0,0,0,7.28201e+08,59.1664,61.308,4.26391,0,0,2.51969,2.21729,0,1.94673,3.38688,8.56347e+06,3.61194e+06,2.15773e+07,0,0,0,1.8295e+08
48.2752,110.355,4.12301,0.1,0.06,3.13949,3.44189,0,0.640879,6.048,4.12061e+06,2.70226e+06,1.29366e+07,0,0,0,7.28201e+08,60.0576,61.308,4.69165,0,0,2.29696,1.99456,0,1.94671,3.38688,8.56347e+06,3.61194e+06,1.96699e+07,0,0,0,1.8295e+08
49.0221,110.355,3.77377,0.12,0.06,3.13947,3.44187,0,0.588341,6.048,4.12061e+06,2.70226e+06,1.29365e+07,0,0,0,7.28201e+08,61.3312,61.308,5.35142,0,0,2.29694,1.99454,0,1.77463,3.38688,8.56347e+06,3.61194e+06,1.96698e+07,0,0,0,1.8295e+08
49.2217,110.355,3.19579,0.15,0.06,3.13944,3.44184,0,0.588336,6.048,4.12061e+06,2.70226e+06,1.29364e+07,0,0,0,7.28201e+08,61.721,61.308,3.9619,0,0,2.29693,1.99453,0,1.77462,3.38688,8.56347e+06,3.61194e+06,1.96697e+07,0,0,0,1.8295e+08
49.3871,110.355,3.17464,0.17,0.06,3.13942,3.44182,0,0.588332,6.048,4.12061e+06,2.70226e+06,1.29363e+07,0,0,0,7.28201e+08,61.5916,61.308,2.97815,0,0,2.29692,1.99452,0,1.77461,3.38688,8.56347e+06,3.61194e+06,1.96696e+07,0,0,0,1.8295e+08
49.9683,110.355,3.66216,0.18,0.06,3.13939,3.44179,0,0.588327,6.048,4.12061e+06,2.70226e+06,1.29362e+07,0,0,0,7.28201e+08,62.1702,61.308,4.07077,0,0,2.2969,1.9945,0,1.7746,3.38688,8.56347e+06,3.61194e+06,1.96694e+07,0,0,0,1.8295e+08
50.2811,110.355,3.47115,0.21,0.06,3.24718,3.54958,0,0.588323,6.048,4.12061e+06,2.70226e+06,1.33804e+07,0,0,0,7.28201e+08,62.3362,61.308,3.99306,0,0,2.36137,2.05897,0,1.77459,3.38688,8.56347e+06,3.61194e+06,2.02215e+07,0,0,0,1.8295e+08
49.883,110.355,2.67727,0.23,0.04,3.24712,3.54952,0,0.608521,6.048,4.12061e+06,2.70226e+06,1.33801e+07,0,0,0,7.28201e+08,62.3362,61.308,3.53954,0,0,2.36134,2.05894,0,1.82439,3.38688,8.56347e+06,3.61194e+06,2.02212e+07,0,0,0,1.8295e+08
49.4517,110.355,2.66028,0.23,0.04,3.24707,3.54947,0,0.608511,6.048,4.12061e+06,2.70226e+06,1.33799e+07,0,0,0,7.28201e+08,62.3362,61.308,3.40416,0,0,2.3613,2.0589,0,1.82437,3.38688,8.56347e+06,3.61194e+06,2.0221e+07,0,0,0,1.8295e+08
49.2832,110.355,2.94367,0.23,0.04,3.24701,3.54941,0,0.608501,6.048,4.12061e+06,2.70226e+06,1.33797e+07,0,0,0,7.28201e+08,62.3362,61.308,3.72857,0,0,2.36127,2.05887,0,1.82434,3.38688,8.56347e+06,3.61194e+06,2.02207e+07,0,0,0,1.8295e+08
51.9412,110.355,6.2681,0.25,0.04,3.59316,3.89556,0,0.60849,6.048,4.12061e+06,2.70226e+06,1.4806e+07,0,0,0,7.28201e+08,62.3362,61.308,4.82759,0,0,2.60332,2.30092,0,1.82432,3.38688,8.56347e+06,3.61194e+06,2.22934e+07,0,0,0,1.8295e+08
55.4753,110.355,7.31927,0.18,0.04,3.5931,3.8955,0,0.673357,6.048,4.12061e+06,2.70226e+06,1.48058e+07,0,0,0,7.28201e+08,62.3362,61.308,4.93694,0,0,2.60328,2.30088,0,2.01132,3.38688,8.56347e+06,3.61194e+06,2.22931e+07,0,0,0,1.8295e+08
58.4626,110.355,6.89596,0.18,0.04,3.59304,3.89544,0,0.673346,6.048,4.12061e+06,2.70226e+06,1.48055e+07,0,0,0,7.28201e+08,62.3362,61.308,6.22272,0,0,2.60325,2.30085,0,2.0113,3.38688,8.56347e+06,3.61194e+06,2.22928e+07,0,0,0,1.8295e+08
60.4967,110.355,5.90076,0.11,0.04,3.59298,3.89538,0,0.673335,6.048,4.12061e+06,2.70226e+06,1.48053e+07,0,0,0,7.28201e+08,62.3362,61.308,5.03486,0,0,2.60321,2.30081,0,2.01127,3.38688,8.56347e+06,3.61194e+06,2.22925e+07,0,0,0,1.8295e+08
69.4061,110.355,12.89,0.13,0.04,3.09916,3.40156,0,0.673324,6.048,4.12061e+06,2.70226e+06,1.27704e+07,0,0,0,7.28201e+08,62.3362,61.308,14.7245,0,0,2.27833,1.97593,0,2.01124,3.38688,8.56347e+06,3.61194e+06,1.95104e+07,0,0,0,1.8295e+08
74.3394,110.355,8.76593,0.07,0.04,3.09911,3.40151,0,0.580783,6.048,4.12061e+06,2.70226e+06,1.27702e+07,0,0,0,7.28201e+08,62.3362,61.308,7.31249,0,0,2.2783,1.9759,0,1.76024,3.38688,8.56347e+06,3.61194e+06,1.95101e+07,0,0,0,1.8295e+08
81.0319,110.355,10.6034,0.04,0.04,3.09906,3.40146,0,0.580773,6.048,4.12061e+06,2.70226e+06,1.277e+07,0,0,0,7.28201e+08,62.3362,61.308,9.14568,0,0,2.27827,1.97587,0,1.76021,3.38688,8.56347e+06,3.61194e+06,1.95099e+07,0,0,0,1.8295e+08
88.712,110.355,11.8925,0.02,0.04,3.099,3.4014,0,0.580763,6.048,4.12061e+06,2.70226e+06,1.27698e+07,0,0,0,7.28201e+08,62.3362,61.308,11.7366,0,0,2.27824,1.97584,0,1.76019,3.38688,8.56347e+06,3.61194e+06,1.95096e+07,0,0,0,1.8295e+08
95.7789,110.355,11.4079,0.01,0.04,3.09895,3.40135,0,0.580753,6.048,4.12061e+06,2.70226e+06,1.27696e+07,0,0,0,7.28201e+08,62.3362,61.308,14.5469,0,0,2.27821,1.97581,0,1.76017,3.38688,8.56347e+06,3.61194e+06,1.95094e+07,0,0,0,1.8295e+08
101.404,110.355,10.6605,0,0.04,3.52558,3.52558,0,0.580744,6.048,4.12061e+06,2.70226e+06,1.45275e+07,0,0,0,7.28201e+08,62.3362,61.308,19.8815,0,0,2.05524,2.05524,0,1.76014,3.38688,8.56347e+06,3.61194e+06,1.76e+07,0,0,0,1.8295e+08
105.565,110.355,8.93157,0,0.04,3.52552,3.52552,0,0.660693,6.048,4.12061e+06,2.70226e+06,1.45273e+07,0,0,0,7.28201e+08,62.3362,61.308,9.41359,0,0,2.05521,2.05521,0,1.58788,3.38688,8.56347e+06,3.61194e+06,1.75997e+07,0,0,0,1.8295e+08
110.355,110.355,10.1046,0,0.04,3.52547,3.52547,0,0.660683,6.048,4.12061e+06,2.70226e+06,1.45271e+07,0,0,0,7.28201e+08,62.3362,61.308,11.1953,0,0,2.05518,2.05518,0,1.58785,3.38688,8.56347e+06,3.61194e+06,1.75995e+07,0,0,0,1.8295e+08
110.355,110.355,8.00142,0,0.04,3.52541,3.52541,0,0.660673,6.048,4.12061e+06,2.70226e+06,1.45269e+07,0,0,0,7.28201e+08,62.3362,61.308,7.32088,0,0,2.05515,2.05515,0,1.58783,3.38688,8.56347e+06,3.61194e+06,1.75992e+07,0,0,0,1.8295e+08
110.355,110.355,7.43535,0,0.04,3.47677,3.47677,0,0.660663,6.048,4.12061e+06,2.70226e+06,1.43264e+07,0,0,0,7.28201e+08,62.3362,61.308,6.28762,0,0,2.02425,2.02425,0,1.58781,3.38688,8.56347e+06,3.61194e+06,1.73346e+07,0,0,0,1.8295e+08
110.355,110.355,6.19417,0,0.04,3.47672,3.47672,0,0.651547,6.048,4.12061e+06,2.70226e+06,1.43262e+07,0,0,0,7.28201e+08,62.3362,61.308,6.19422,0,0,2.02422,2.02422,0,1.56394,3.38688,8.56347e+06,3.61194e+06,1.73344e+07,0,0,0,1.8295e+08
110.355,110.355,5.54646,0,0.04,3.47667,3.47667,0,0.651537,6.048,4.12061e+06,2.70226e+06,1.4326e+07,0,0,0,7.28201e+08,62.3362,61.308,5.77844,0,0,2.02419,2.02419,0,1.56391,3.38688,8.56347e+06,3.61194e+06,1.73341e+07,0,0,0,1.8295e+08
110.355,110.355,5.29772,0,0.04,3.47661,3.47661,0,0.651527,6.048,4.12061e+06,2.70226e+06,1.43258e+07,0,0,0,7.28201e+08,62.3362,61.308,5.48664,0,0,2.02416,2.02416,0,1.56389,3.38688,8.56347e+06,3.61194e+06,1.73338e+07,0,0,0,1.8295e+08
110.355,110.355,4.8162,0,0.04,3.64148,3.64148,0,0.651517,6.048,4.12061e+06,2.70226e+06,1.50051e+07,0,0,0,7.28201e+08,62.3362,61.308,4.67506,0,0,2.13356,2.13356,0,1.56387,3.38688,8.56347e+06,3.61194e+06,1.82707e+07,0,0,0,1.8295e+08
110.355,110.355,4.45879,0,0.04,3.64142,3.64142,0,0.682413,6.048,4.12061e+06,2.70226e+06,1.50049e+07,0,0,0,7.28201e+08,62.3362,61.308,4.02945,0,0,2.13353,2.13353,0,1.64839,3.38688,8.56347e+06,3.61194e+06,1.82704e+07,0,0,0,1.8295e+08
110.355,110.355,4.21662,0,0.04,3.64137,3.64137,0,0.682402,6.048,4.12061e+06,2.70226e+06,1.50047e+07,0,0,0,7.28201e+08,62.3362,61.308,3.55484,0,0,2.1335,2.1335,0,1.64837,3.38688,8.56347e+06,3.61194e+06,1.82702e+07,0,0,0,1.8295e+08
110.274,110.355,3.91816,0,0.04,3.64131,3.64131,0,0.682392,6.048,4.12061e+06,2.70226e+06,1.50044e+07,0,0,0,7.28201e+08,62.2487,61.308,3.36823,0,0,2.13347,2.13347,0,1.64834,3.38688,8.56347e+06,3.61194e+06,1.82699e+07,0,0,0,1.8295e+08
109.4,110.355,3.10576,0,0.04,3.64125,3.64125,0,0.682381,6.048,4.12061e+06,2.70226e+06,1.50042e+07,0,0,0,7.28201e+08,61.9961,61.308,2.6277,0,0,2.13343,2.13343,0,1.64832,3.38688,8.56347e+06,3.61194e+06,1.82696e+07,0,0,0,1.8295e+08
107.984,110.355,2.51003,0,0.04,3.60859,3.60859,0,0.682371,6.048,4.12061e+06,2.70226e+06,1.48696e+07,0,0,0,7.28201e+08,61.6303,61.308,2.09969,0,0,2.19354,2.19354,0,1.64829,3.38688,8.56347e+06,3.61194e+06,1.87844e+07,0,0,0,1.8295e+08
106.413,110.355,2.33182,0,0.04,3.60853,3.60853,0,0.676249,6.048,4.12061e+06,2.70226e+06,1.48694e+07,0,0,0,7.28201e+08,61.209,61.308,1.91795,0,0,2.19351,2.19351,0,1.69473,3.38688,8.56347e+06,3.61194e+06,1.87841e+07,0,0,0,1.8295e+08
104.795,110.355,2.25664,0,0.04,3.60848,3.60848,0,0.676239,6.048,4.12061e+06,2.70226e+06,1.48691e+07,0,0,0,7.28201e+08,60.6773,61.308,1.78872,0,0,2.19348,2.19348,0,1.69471,3.38688,8.56347e+06,3.61194e+06,1.87838e+07,0,0,0,1.8295e+08
103.095,110.355,2.11608,0,0.04,3.60842,3.60842,0,0.676228,6.048,4.12061e+06,2.70226e+06,1.48689e+07,0,0,0,7.28201e+08,60.0632,61.308,1.6726,0,0,2.19344,2.19344,0,1.69468,3.38688,8.56347e+06,3.61194e+06,1.87835e+07,0,0,0,1.8295e+08
101.095,110.355,1.88012,0,0.04,3.69258,3.69258,0,0.676218,6.048,4.12061e+06,2.70226e+06,1.52157e+07,0,0,0,7.28201e+08,59.3093,61.308,1.5814,0,0,2.24701,2.24701,0,1.69465,3.38688,8.56347e+06,3.61194e+06,1.92422e+07,0,0,0,1.8295e+08
99.2509,110.355,1.7502,0.02,0.04,3.39012,3.69252,0,0.691989,6.048,4.12061e+06,2.70226e+06,1.39694e+07,0,0,0,7.28201e+08,58.5983,61.308,1.48668,0,0,2.54937,2.24697,0,1.73604,3.38688,8.56347e+06,3.61194e+06,2.18315e+07,0,0,0,1.8295e+08
97.2609,110.355,1.57766,0.02,0.04,3.39006,3.69246,0,0.635309,6.048,4.12061e+06,2.70226e+06,1.39691e+07,0,0,0,7.28201e+08,58.0153,61.308,1.52645,0,0,2.54934,2.24694,0,1.96965,3.38688,8.56347e+06,3.61194e+06,2.18312e+07,0,0,0,1.8295e+08
95.4867,110.355,1.78717,0.02,0.04,3.39001,3.69241,0,0.635298,6.048,4.12061e+06,2.70226e+06,1.39689e+07,0,0,0,7.28201e+08,57.3895,61.308,1.87736,0,0,2.5493,2.2469,0,1.96962,3.38688,8.56347e+06,3.61194e+06,2.18309e+07,0,0,0,1.8295e+08
93.5003,110.355,1.7821,0.02,0.04,3.63655,3.93895,0,0.635287,6.048,4.12061e+06,2.70226e+06,1.49848e+07,0,0,0,7.28201e+08,56.8448,61.308,1.57329,0,0,2.74272,2.44032,0,1.96959,3.38688,8.56347e+06,3.61194e+06,2.34872e+07,0,0,0,1.8295e+08
91.5225,110.355,1.78006,0.02,0.04,3.63649,3.93889,0,0.681489,6.048,4.12061e+06,2.70226e+06,1.49845e+07,0,0,0,7.28201e+08,56.073,61.308,1.70193,0,0,2.74268,2.44028,0,2.11902,3.38688,8.56347e+06,3.61194e+06,2.34868e+07,0,0,0,1.8295e+08
89.2292,110.355,1.47131,0.02,0.04,3.63643,3.93883,0,0.681478,6.048,4.12061e+06,2.70226e+06,1.49843e+07,0,0,0,7.28201e+08,55.464,61.308,1.35794,0,0,2.74264,2.44024,0,2.11899,3.38688,8.56347e+06,3.61194e+06,2.34865e+07,0,0,0,1.8295e+08
87.1984,110.355,1.69829,0.03,0.04,3.63637,3.93877,0,0.681466,6.048,4.12061e+06,2.70226e+06,1.49841e+07,0,0,0,7.28201e+08,55.0476,61.308,2.05078,0,0,2.7426,2.4402,0,2.11896,3.38688,8.56347e+06,3.61194e+06,2.34862e+07,0,0,0,1.8295e+08
85.036,110.355,1.56607,0.04,0.04,3.63631,3.93871,0,0.681455,6.048,4.12061e+06,2.70226e+06,1.49838e+07,0,0,0,7.28201e+08,54.5099,61.308,1.84165,0,0,2.74257,2.44017,0,2.11894,3.38688,8.56347e+06,3.61194e+06,2.34859e+07,0,0,0,1.8295e+08
83.8663,110.355,2.45086,0.04,0.04,3.51607,3.81847,0,0.681444,6.048,4.12061e+06,2.70226e+06,1.44884e+07,0,0,0,7.28201e+08,54.1033,61.308,2.69764,0,0,2.62512,2.32272,0,2.11891,3.38688,8.56347e+06,3.61194e+06,2.24802e+07,0,0,0,1.8295e+08
83.5515,110.355,3.46402,0.04,0.04,3.51601,3.81841,0,0.658912,6.048,4.12061e+06,2.70226e+06,1.44881e+07,0,0,0,7.28201e+08,54.0528,61.308,4.43357,0,0,2.62509,2.32269,0,2.02817,3.38688,8.56347e+06,3.61194e+06,2.24799e+07,0,0,0,1.8295e+08
82.7729,110.355,3.07715,0.04,0.04,3.51596,3.81836,0,0.658901,6.048,4.12061e+06,2.70226e+06,1.44879e+07,0,0,0,7.28201e+08,53.768,61.308,3.22047,0,0,2.62505,2.32265,0,2.02814,3.38688,8.56347e+06,3.61194e+06,2.24796e+07,0,0,0,1.8295e+08
81.6096,110.355,2.62767,0.04,0.04,3.5159,3.8183,0,0.65889,6.048,4.12061e+06,2.70226e+06,1.44876e+07,0,0,0,7.28201e+08,53.3679,61.308,2.65742,0,0,2.62502,2.32262,0,2.02812,3.38688,8.56347e+06,3.61194e+06,2.24792e+07,0,0,0,1.8295e+08
81.5763,110.355,3.66723,0.04,0.04,3.4172,3.7196,0,0.658879,6.048,4.12061e+06,2.70226e+06,1.4081e+07,0,0,0,7.28201e+08,53.4149,61.308,2.87701,0,0,2.51812,2.21572,0,2.02809,3.38688,8.56347e+06,3.61194e+06,2.15638e+07,0,0,0,1.8295e+08
81.7013,110.355,4.05104,0.04,0.04,3.41715,3.71955,0,0.640384,6.048,4.12061e+06,2.70226e+06,1.40807e+07,0,0,0,7.28201e+08,53.4687,61.308,2.98414,0,0,2.51809,2.21569,0,1.9455,3.38688,8.56347e+06,3.61194e+06,2.15635e+07,0,0,0,1.8295e+08
80.4553,110.355,2.38694,0.04,0.04,3.41709,3.71949,0,0.640373,6.048,4.12061e+06,2.70226e+06,1.40805e+07,0,0,0,7.28201e+08,53.1736,61.308,1.77932,0,0,2.51805,2.21565,0,1.94547,3.38688,8.56347e+06,3.61194e+06,2.15633e+07,0,0,0,1.8295e+08
