0rest_m,1rest_m,0transf,1transf
1.000000,1.000000,1.71428,-1.71428
1.000000,1.000000,0.593974,-0.593974
1.000000,1.000000,0.593696,-0.593696
1.000000,1.000000,0.593418,-0.593418
1.000000,1.000000,0.59314,-0.59314
1.000000,1.000000,0.461007,-0.461007
1.000000,1.000000,0.460697,-0.460697
1.000000,1.000000,0.460386,-0.460386
1.000000,1.000000,0.460075,-0.460075
1.000000,1.000000,0.63689,-0.63689
1.000000,1.000000,0.636623,-0.636623
1.000000,1.000000,0.636356,-0.636356
1.000000,1.000000,0.636089,-0.636089
1.000000,1.000000,0.635821,-0.635821
1.000000,1.000000,0.592168,-0.592168
1.000000,1.000000,0.59189,-0.59189
1.000000,1.000000,0.591612,-0.591612
1.000000,1.000000,0.591333,-0.591333
1.000000,1.000000,0.607922,-0.607922
1.000000,1.000000,0.607648,-0.607648
1.000000,1.000000,0.607373,-0.607373
1.000000,1.000000,0.607099,-0.607099
1.000000,1.000000,0.546949,-0.546949
1.000000,1.000000,0.54666,-0.54666
1.000000,1.000000,0.54637,-0.54637
1.000000,1.000000,0.546081,-0.546081
1.000000,1.000000,0.545791,-0.545791
1.000000,1.000000,0.512552,-0.512552
1.000000,1.000000,0.512254,-0.512254
1.000000,1.000000,0.511956,-0.511956
1.000000,1.000000,0.511658,-0.511658
1.000000,1.000000,0.481966,-0.481966
1.000000,1.000000,0.48166,-0.48166
1.000000,1.000000,0.481354,-0.481354
1.000000,1.000000,0.481049,-0.481049
1.000000,1.000000,0.37454,-0.37454
1.000000,1.000000,0.374208,-0.374208
1.000000,1.000000,0.373876,-0.373876
1.000000,1.000000,0.373543,-0.373543
1.000000,1.000000,0.373211,-0.373211
1.000000,1.000000,0.437419,-0.437419
1.000000,1.000000,0.437102,-0.437102
1.000000,1.000000,0.436786,-0.436786
1.000000,1.000000,0.436469,-0.436469
1.000000,1.000000,0.494958,-0.494958
1.000000,1.000000,0.494656,-0.494656
1.000000,1.000000,0.494354,-0.494354
1.000000,1.000000,0.494051,-0.494051
1.000000,1.000000,0.616347,-0.616347
1.000000,1.000000,0.616074,-0.616074
1.000000,1.000000,0.615802,-0.615802
1.000000,1.000000,0.61553,-0.61553
1.000000,1.000000,0.615257,-0.615257
1.000000,1.000000,0.579444,-0.579444
1.000000,1.000000,0.579171,-0.579171
1.000000,1.000000,0.578898,-0.578898
1.000000,1.000000,0.578625,-0.578625
1.000000,1.000000,0.444791,-0.444791
1.000000,1.000000,0.444486,-0.444486
1.000000,1.000000,0.444181,-0.444181
1.000000,1.000000,0.443876,-0.443876
1.000000,1.000000,0.622983,-0.622983
1.000000,1.000000,0.622721,-0.622721
1.000000,1.000000,0.622458,-0.622458
1.000000,1.000000,0.622196,-0.622196
1.000000,1.000000,0.621933,-0.621933
1.000000,1.000000,0.577727,-0.577727
1.000000,1.000000,0.577454,-0.577454
1.000000,1.000000,0.57718,-0.57718
1.000000,1.000000,0.576907,-0.576907
1.000000,1.000000,0.593717,-0.593717
1.000000,1.000000,0.593448,-0.593448
1.000000,1.000000,0.593179,-0.593179
1.000000,1.000000,0.592909,-0.592909
1.000000,1.000000,0.531998,-0.531998
1.000000,1.000000,0.531714,-0.531714
1.000000,1.000000,0.531429,-0.531429
1.000000,1.000000,0.531145,-0.531145
1.000000,1.000000,0.530861,-0.530861
1.000000,1.000000,0.497206,-0.497206
1.000000,1.000000,0.496914,-0.496914
1.000000,1.000000,0.496621,-0.496621
1.000000,1.000000,0.496328,-0.496328
1.000000,1.000000,0.466267,-0.466267
1.000000,1.000000,0.465967,-0.465967
1.000000,1.000000,0.465667,-0.465667
1.000000,1.000000,0.465367,-0.465367
1.000000,1.000000,0.357514,-0.357514
1.000000,1.000000,0.357188,-0.357188
1.000000,1.000000,0.356862,-0.356862
1.000000,1.000000,0.356536,-0.356536
1.000000,1.000000,0.356209,-0.356209
1.000000,1.000000,0.421241,-0.421241
1.000000,1.000000,0.42093,-0.42093
1.000000,1.000000,0.420619,-0.420619
1.000000,1.000000,0.420308,-0.420308
1.000000,1.000000,0.479547,-0.479547
1.000000,1.000000,0.47925,-0.47925
1.000000,1.000000,0.478953,-0.478953
1.000000,1.000000,0.478656,-0.478656
1.000000,1.000000,0.602503,-0.602503
1.000000,1.000000,0.602236,-0.602236
1.000000,1.000000,0.601969,-0.601969
1.000000,1.000000,0.601701,-0.601701
1.000000,1.000000,0.601434,-0.601434
1.000000,1.000000,0.565179,-0.565179
1.000000,1.000000,0.564912,-0.564912
1.000000,1.000000,0.564645,-0.564645
1.000000,1.000000,0.564377,-0.564377
1.000000,1.000000,0.428874,-0.428874
1.000000,1.000000,0.428576,-0.428576
1.000000,1.000000,0.428277,-0.428277
1.000000,1.000000,0.427978,-0.427978
1.000000,1.000000,0.609335,-0.609335
1.000000,1.000000,0.609078,-0.609078
1.000000,1.000000,0.608821,-0.608821
1.000000,1.000000,0.608564,-0.608564
1.000000,1.000000,0.608307,-0.608307
1.000000,1.000000,0.563558,-0.563558
1.000000,1.000000,0.563291,-0.563291
1.000000,1.000000,0.563023,-0.563023
1.000000,1.000000,0.562755,-0.562755
1.000000,1.000000,0.579784,-0.579784
1.000000,1.000000,0.57952,-0.57952
1.000000,1.000000,0.579256,-0.579256
1.000000,1.000000,0.578992,-0.578992
1.000000,1.000000,0.517334,-0.517334
1.000000,1.000000,0.517056,-0.517056
1.000000,1.000000,0.516777,-0.516777
1.000000,1.000000,0.516499,-0.516499
1.000000,1.000000,0.51622,-0.51622
1.000000,1.000000,0.482159,-0.482159
1.000000,1.000000,0.481873,-0.481873
1.000000,1.000000,0.481586,-0.481586
1.000000,1.000000,0.4813,-0.4813
1.000000,1.000000,0.450877,-0.450877
1.000000,1.000000,0.450584,-0.450584
1.000000,1.000000,0.45029,-0.45029
1.000000,1.000000,0.449996,-0.449996
1.000000,1.000000,0.340827,-0.340827
1.000000,1.000000,0.340507,-0.340507
1.000000,1.000000,0.340188,-0.340188
1.000000,1.000000,0.339868,-0.339868
1.000000,1.000000,0.339549,-0.339549
1.000000,1.000000,0.405389,-0.405389
1.000000,1.000000,0.405084,-0.405084
1.000000,1.000000,0.40478,-0.40478
1.000000,1.000000,0.404475,-0.404475
1.000000,1.000000,0.464449,-0.464449
1.000000,1.000000,0.464158,-0.464158
1.000000,1.000000,0.463867,-0.463867
1.000000,1.000000,0.463577,-0.463577
1.000000,1.000000,0.588944,-0.588944
1.000000,1.000000,0.588682,-0.588682
1.000000,1.000000,0.58842,-0.58842
1.000000,1.000000,0.588159,-0.588159
1.000000,1.000000,0.587897,-0.587897
1.000000,1.000000,0.55121,-0.55121
1.000000,1.000000,0.550949,-0.550949
1.000000,1.000000,0.550688,-0.550688
1.000000,1.000000,0.550427,-0.550427
1.000000,1.000000,0.41329,-0.41329
1.000000,1.000000,0.412998,-0.412998
1.000000,1.000000,0.412706,-0.412706
1.000000,1.000000,0.412414,-0.412414
1.000000,1.000000,0.595974,-0.595974
1.000000,1.000000,0.595723,-0.595723
1.000000,1.000000,0.595472,-0.595472
1.000000,1.000000,0.595221,-0.595221
1.000000,1.000000,0.59497,-0.59497
1.000000,1.000000,0.54969,-0.54969
1.000000,1.000000,0.549429,-0.549429
1.000000,1.000000,0.549167,-0.549167
1.000000,1.000000,0.548906,-0.548906
1.000000,1.000000,0.566148,-0.566148
1.000000,1.000000,0.56589,-0.56589
1.000000,1.000000,0.565632,-0.565632
1.000000,1.000000,0.565374,-0.565374
1.000000,1.000000,0.502986,-0.502986
1.000000,1.000000,0.502715,-0.502715
1.000000,1.000000,0.502442,-0.502442
1.000000,1.000000,0.50217,-0.50217
1.000000,1.000000,0.501898,-0.501898
1.000000,1.000000,0.46744,-0.46744
1.000000,1.000000,0.46716,-0.46716
1.000000,1.000000,0.46688,-0.46688
1.000000,1.000000,0.4666,-0.4666
1.000000,1.000000,0.435825,-0.435825
1.000000,1.000000,0.435538,-0.435538
1.000000,1.000000,0.435251,-0.435251
1.000000,1.000000,0.434963,-0.434963
1.000000,1.000000,0.324508,-0.324508
1.000000,1.000000,0.324195,-0.324195
1.000000,1.000000,0.323883,-0.323883
1.000000,1.000000,0.323571,-0.323571
1.000000,1.000000,0.323259,-0.323259
1.000000,1.000000,0.389889,-0.389889
1.000000,1.000000,0.389592,-0.389592
1.000000,1.000000,0.389294,-0.389294
1.000000,1.000000,0.388997,-0.388997
1.000000,1.000000,0.449689,-0.449689
1.000000,1.000000,0.449405,-0.449405
1.000000,1.000000,0.449121,-0.449121
1.000000,1.000000,0.448837,-0.448837
1.000000,1.000000,0.575691,-0.575691
1.000000,1.000000,0.575435,-0.575435
1.000000,1.000000,0.575179,-0.575179
1.000000,1.000000,0.574924,-0.574924
1.000000,1.000000,0.574668,-0.574668
1.000000,1.000000,0.53756,-0.53756
1.000000,1.000000,0.537305,-0.537305
1.000000,1.000000,0.53705,-0.53705
1.000000,1.000000,0.536795,-0.536795
1.000000,1.000000,0.398063,-0.398063
1.000000,1.000000,0.397778,-0.397778
1.000000,1.000000,0.397493,-0.397493
1.000000,1.000000,0.397208,-0.397208
1.000000,1.000000,0.582921,-0.582921
1.000000,1.000000,0.582676,-0.582676
1.000000,1.000000,0.582431,-0.582431
1.000000,1.000000,0.582186,-0.582186
1.000000,1.000000,0.581941,-0.581941
1.000000,1.000000,0.536144,-0.536144
1.000000,1.000000,0.535889,-0.535889
1.000000,1.000000,0.535634,-0.535634
1.000000,1.000000,0.535379,-0.535379
1.000000,1.000000,0.55283,-0.55283
1.000000,1.000000,0.552579,-0.552579
1.000000,1.000000,0.552327,-0.552327
1.000000,1.000000,0.552076,-0.552076
1.000000,1.000000,0.488975,-0.488975
1.000000,1.000000,0.48871,-0.48871
1.000000,1.000000,0.488445,-0.488445
1.000000,1.000000,0.488179,-0.488179
1.000000,1.000000,0.487914,-0.487914
1.000000,1.000000,0.453068,-0.453068
1.000000,1.000000,0.452795,-0.452795
1.000000,1.000000,0.452522,-0.452522
1.000000,1.000000,0.452248,-0.452248
1.000000,1.000000,0.42113,-0.42113
1.000000,1.000000,0.42085,-0.42085
1.000000,1.000000,0.42057,-0.42057
1.000000,1.000000,0.42029,-0.42029
1.000000,1.000000,0.308578,-0.308578
1.000000,1.000000,0.308274,-0.308274
1.000000,1.000000,0.307969,-0.307969
1.000000,1.000000,0.307664,-0.307664
1.000000,1.000000,0.30736,-0.30736
1.000000,1.000000,0.374763,-0.374763
1.000000,1.000000,0.374473,-0.374473
1.000000,1.000000,0.374182,-0.374182
1.000000,1.000000,0.373892,-0.373892
1.000000,1.000000,0.435286,-0.435286
1.000000,1.000000,0.435009,-0.435009
1.000000,1.000000,0.434732,-0.434732
1.000000,1.000000,0.434455,-0.434455
1.000000,1.000000,0.56276,-0.56276
1.000000,1.000000,0.56251,-0.56251
1.000000,1.000000,0.562261,-0.562261
1.000000,1.000000,0.562011,-0.562011
1.000000,1.000000,0.561762,-0.561762
1.000000,1.000000,0.524243,-0.524243
1.000000,1.000000,0.523995,-0.523995
1.000000,1.000000,0.523746,-0.523746
1.000000,1.000000,0.523498,-0.523498
1.000000,1.000000,0.38321,-0.38321
1.000000,1.000000,0.382932,-0.382932
1.000000,1.000000,0.382654,-0.382654
1.000000,1.000000,0.382376,-0.382376
1.000000,1.000000,0.570191,-0.570191
1.000000,1.000000,0.569952,-0.569952
1.000000,1.000000,0.569713,-0.569713
1.000000,1.000000,0.569474,-0.569474
1.000000,1.000000,0.569235,-0.569235
1.000000,1.000000,0.522934,-0.522934
1.000000,1.000000,0.522685,-0.522685
1.000000,1.000000,0.522437,-0.522437
1.000000,1.000000,0.522188,-0.522188
1.000000,1.000000,0.539844,-0.539844
1.000000,1.000000,0.539599,-0.539599
1.000000,1.000000,0.539354,-0.539354
1.000000,1.000000,0.539109,-0.539109
1.000000,1.000000,0.475315,-0.475315
1.000000,1.000000,0.475056,-0.475056
1.000000,1.000000,0.474797,-0.474797
1.000000,1.000000,0.474539,-0.474539
1.000000,1.000000,0.47428,-0.47428
1.000000,1.000000,0.439057,-0.439057
1.000000,1.000000,0.438791,-0.438791
1.000000,1.000000,0.438525,-0.438525
1.000000,1.000000,0.438259,-0.438259
1.000000,1.000000,0.406806,-0.406806
1.000000,1.000000,0.406533,-0.406533
1.000000,1.000000,0.40626,-0.40626
1.000000,1.000000,0.405987,-0.405987
1.000000,1.000000,0.293052,-0.293052
1.000000,1.000000,0.292755,-0.292755
1.000000,1.000000,0.292459,-0.292459
1.000000,1.000000,0.292162,-0.292162
1.000000,1.000000,0.291865,-0.291865
1.000000,1.000000,0.360021,-0.360021
1.000000,1.000000,0.359739,-0.359739
1.000000,1.000000,0.359456,-0.359456
1.000000,1.000000,0.359173,-0.359173
1.000000,1.000000,0.421252,-0.421252
1.000000,1.000000,0.420982,-0.420982
1.000000,1.000000,0.420712,-0.420712
1.000000,1.000000,0.420442,-0.420442
1.000000,1.000000,0.550161,-0.550161
1.000000,1.000000,0.549918,-0.549918
1.000000,1.000000,0.549675,-0.549675
1.000000,1.000000,0.549432,-0.549432
1.000000,1.000000,0.549189,-0.549189
1.000000,1.000000,1.2689,-1.2689
1.000000,1.000000,1.23098,-1.23098
1.000000,1.000000,1.23074,-1.23074
1.000000,1.000000,1.2305,-1.2305
1.000000,1.000000,1.23026,-1.23026
1.000000,1.000000,1.08845,-1.08845
1.000000,1.000000,1.08818,-1.08818
1.000000,1.000000,1.08791,-1.08791
1.000000,1.000000,1.08764,-1.08764
1.000000,1.000000,1.2775,-1.2775
1.000000,1.000000,1.27727,-1.27727
1.000000,1.000000,1.27704,-1.27704
1.000000,1.000000,1.27681,-1.27681
1.000000,1.000000,1.27657,-1.27657
1.000000,1.000000,1.22978,-1.22978
1.000000,1.000000,1.22954,-1.22954
1.000000,1.000000,1.2293,-1.2293
1.000000,1.000000,1.22906,-1.22906
1.000000,1.000000,1.24691,-1.24691
1.000000,1.000000,1.24667,-1.24667
1.000000,1.000000,1.24644,-1.24644
1.000000,1.000000,1.2462,-1.2462
1.000000,1.000000,1.18173,-1.18173
1.000000,1.000000,1.18148,-1.18148
1.000000,1.000000,1.18122,-1.18122
1.000000,1.000000,1.18097,-1.18097
1.000000,1.000000,1.18072,-1.18072
1.000000,1.000000,1.14513,-1.14513
1.000000,1.000000,1.14487,-1.14487
1.000000,1.000000,1.14461,-1.14461
1.000000,1.000000,1.14436,-1.14436
1.000000,1.000000,1.11258,-1.11258
1.000000,1.000000,1.11231,-1.11231
1.000000,1.000000,1.11205,-1.11205
1.000000,1.000000,1.11178,-1.11178
1.000000,1.000000,0.997656,-0.997656
1.000000,1.000000,0.997368,-0.997368
1.000000,1.000000,0.997079,-0.997079
1.000000,1.000000,0.996791,-0.996791
1.000000,1.000000,0.996502,-0.996502
1.000000,1.000000,1.06539,-1.06539
1.000000,1.000000,1.06512,-1.06512
1.000000,1.000000,1.06484,-1.06484
1.000000,1.000000,1.06457,-1.06457
1.000000,1.000000,1.12731,-1.12731
1.000000,1.000000,1.12705,-1.12705
1.000000,1.000000,1.12679,-1.12679
1.000000,1.000000,1.12652,-1.12652
1.000000,1.000000,1.25762,-1.25762
1.000000,1.000000,1.25738,-1.25738
1.000000,1.000000,1.25715,-1.25715
1.000000,1.000000,1.25691,-1.25691
1.000000,1.000000,1.25667,-1.25667
1.000000,1.000000,1.21837,-1.21837
1.000000,1.000000,1.21813,-1.21813
1.000000,1.000000,1.2179,-1.2179
1.000000,1.000000,1.21766,-1.21766
1.000000,1.000000,1.07439,-1.07439
1.000000,1.000000,1.07412,-1.07412
1.000000,1.000000,1.07386,-1.07386
1.000000,1.000000,1.0736,-1.0736
1.000000,1.000000,1.26545,-1.26545
1.000000,1.000000,1.26522,-1.26522
1.000000,1.000000,1.265,-1.265
1.000000,1.000000,1.26477,-1.26477
1.000000,1.000000,1.26455,-1.26455
1.000000,1.000000,1.21728,-1.21728
1.000000,1.000000,1.21704,-1.21704
1.000000,1.000000,1.21681,-1.21681
1.000000,1.000000,1.21658,-1.21658
1.000000,1.000000,1.23463,-1.23463
1.000000,1.000000,1.23439,-1.23439
1.000000,1.000000,1.23416,-1.23416
1.000000,1.000000,1.23393,-1.23393
1.000000,1.000000,1.16881,-1.16881
1.000000,1.000000,1.16856,-1.16856
1.000000,1.000000,1.16832,-1.16832
1.000000,1.000000,1.16807,-1.16807
1.000000,1.000000,1.16783,-1.16783
1.000000,1.000000,1.13188,-1.13188
1.000000,1.000000,1.13163,-1.13163
1.000000,1.000000,1.13138,-1.13138
1.000000,1.000000,1.13113,-1.13113
1.000000,1.000000,1.09904,-1.09904
1.000000,1.000000,1.09878,-1.09878
1.000000,1.000000,1.09852,-1.09852
1.000000,1.000000,1.09826,-1.09826
1.000000,1.000000,0.982984,-0.982984
1.000000,1.000000,0.982704,-0.982704
1.000000,1.000000,0.982424,-0.982424
1.000000,1.000000,0.982144,-0.982144
1.000000,1.000000,0.981864,-0.981864
1.000000,1.000000,1.05147,-1.05147
1.000000,1.000000,1.0512,-1.0512
1.000000,1.000000,1.05093,-1.05093
1.000000,1.000000,1.05067,-1.05067
1.000000,1.000000,1.11406,-1.11406
1.000000,1.000000,1.1138,-1.1138
1.000000,1.000000,1.11355,-1.11355
1.000000,1.000000,1.11329,-1.11329
1.000000,1.000000,1.24572,-1.24572
1.000000,1.000000,1.2455,-1.2455
1.000000,1.000000,1.24527,-1.24527
1.000000,1.000000,1.24504,-1.24504
1.000000,1.000000,1.24481,-1.24481
1.000000,1.000000,1.20612,-1.20612
1.000000,1.000000,1.2059,-1.2059
1.000000,1.000000,1.20567,-1.20567
1.000000,1.000000,1.20544,-1.20544
1.000000,1.000000,1.06074,-1.06074
1.000000,1.000000,1.06048,-1.06048
1.000000,1.000000,1.06023,-1.06023
1.000000,1.000000,1.05997,-1.05997
1.000000,1.000000,1.25375,-1.25375
1.000000,1.000000,1.25354,-1.25354
1.000000,1.000000,1.25332,-1.25332
1.000000,1.000000,1.2531,-1.2531
1.000000,1.000000,1.25288,-1.25288
1.000000,1.000000,1.20515,-1.20515
1.000000,1.000000,1.20492,-1.20492
1.000000,1.000000,1.2047,-1.2047
1.000000,1.000000,1.20447,-1.20447
1.000000,1.000000,1.22271,-1.22271
1.000000,1.000000,1.22248,-1.22248
1.000000,1.000000,1.22226,-1.22226
1.000000,1.000000,1.22203,-1.22203
1.000000,1.000000,1.15627,-1.15627
1.000000,1.000000,1.15604,-1.15604
1.000000,1.000000,1.1558,-1.1558
1.000000,1.000000,1.15556,-1.15556
1.000000,1.000000,1.15533,-1.15533
1.000000,1.000000,1.11904,-1.11904
1.000000,1.000000,1.11879,-1.11879
1.000000,1.000000,1.11855,-1.11855
1.000000,1.000000,1.11831,-1.11831
1.000000,1.000000,1.08591,-1.08591
1.000000,1.000000,1.08566,-1.08566
1.000000,1.000000,1.08541,-1.08541
1.000000,1.000000,1.08516,-1.08516
1.000000,1.000000,0.96876,-0.96876
1.000000,1.000000,0.968489,-0.968489
1.000000,1.000000,0.968218,-0.968218
1.000000,1.000000,0.967946,-0.967946
1.000000,1.000000,0.967675,-0.967675
1.000000,1.000000,1.03797,-1.03797
1.000000,1.000000,1.03771,-1.03771
1.000000,1.000000,1.03745,-1.03745
1.000000,1.000000,1.03719,-1.03719
1.000000,1.000000,1.10121,-1.10121
1.000000,1.000000,1.10097,-1.10097
1.000000,1.000000,1.10072,-1.10072
1.000000,1.000000,1.10047,-1.10047
1.000000,1.000000,1.2342,-1.2342
1.000000,1.000000,1.23398,-1.23398
1.000000,1.000000,1.23375,-1.23375
1.000000,1.000000,1.23353,-1.23353
1.000000,1.000000,1.23331,-1.23331
1.000000,1.000000,1.19426,-1.19426
1.000000,1.000000,1.19404,-1.19404
1.000000,1.000000,1.19382,-1.19382
1.000000,1.000000,1.1936,-1.1936
1.000000,1.000000,1.04751,-1.04751
1.000000,1.000000,1.04727,-1.04727
1.000000,1.000000,1.04702,-1.04702
1.000000,1.000000,1.04678,-1.04678
1.000000,1.000000,1.24243,-1.24243
1.000000,1.000000,1.24222,-1.24222
1.000000,1.000000,1.242,-1.242
1.000000,1.000000,1.24179,-1.24179
1.000000,1.000000,1.24158,-1.24158
1.000000,1.000000,1.1934,-1.1934
1.000000,1.000000,1.19318,-1.19318
1.000000,1.000000,1.19296,-1.19296
1.000000,1.000000,1.19274,-1.19274
1.000000,1.000000,1.21117,-1.21117
1.000000,1.000000,1.21095,-1.21095
1.000000,1.000000,1.21073,-1.21073
1.000000,1.000000,1.21051,-1.21051
1.000000,1.000000,1.14414,-1.14414
1.000000,1.000000,1.14391,-1.14391
1.000000,1.000000,1.14368,-1.14368
1.000000,1.000000,1.14345,-1.14345
1.000000,1.000000,1.14322,-1.14322
1.000000,1.000000,1.1066,-1.1066
1.000000,1.000000,1.10636,-1.10636
1.000000,1.000000,1.10613,-1.10613
1.000000,1.000000,1.10589,-1.10589
1.000000,1.000000,1.0732,-1.0732
1.000000,1.000000,1.07296,-1.07296
1.000000,1.000000,1.07272,-1.07272
1.000000,1.000000,1.07248,-1.07248
1.000000,1.000000,0.954992,-0.954992
1.000000,1.000000,0.95473,-0.95473
1.000000,1.000000,0.954468,-0.954468
1.000000,1.000000,0.954205,-0.954205
1.000000,1.000000,0.953943,-0.953943
1.000000,1.000000,1.0249,-1.0249
1.000000,1.000000,1.02465,-1.02465
1.000000,1.000000,1.0244,-1.0244
1.000000,1.000000,1.02415,-1.02415
1.000000,1.000000,1.08878,-1.08878
1.000000,1.000000,1.08854,-1.08854
1.000000,1.000000,1.08831,-1.08831
1.000000,1.000000,1.08807,-1.08807
1.000000,1.000000,1.22305,-1.22305
1.000000,1.000000,1.22283,-1.22283
1.000000,1.000000,1.22262,-1.22262
1.000000,1.000000,1.2224,-1.2224
1.000000,1.000000,1.22219,-1.22219
1.000000,1.000000,1.18279,-1.18279
1.000000,1.000000,1.18257,-1.18257
1.000000,1.000000,1.18236,-1.18236
1.000000,1.000000,1.18215,-1.18215
1.000000,1.000000,1.03472,-1.03472
1.000000,1.000000,1.03448,-1.03448
1.000000,1.000000,1.03424,-1.03424
1.000000,1.000000,1.034,-1.034
1.000000,1.000000,1.23147,-1.23147
1.000000,1.000000,1.23126,-1.23126
1.000000,1.000000,1.23106,-1.23106
1.000000,1.000000,1.23085,-1.23085
1.000000,1.000000,1.23065,-1.23065
1.000000,1.000000,1.18204,-1.18204
1.000000,1.000000,1.18182,-1.18182
1.000000,1.000000,1.18161,-1.18161
1.000000,1.000000,1.1814,-1.1814
1.000000,1.000000,1.2,-1.2
1.000000,1.000000,1.19979,-1.19979
1.000000,1.000000,1.19958,-1.19958
1.000000,1.000000,1.19937,-1.19937
1.000000,1.000000,1.1324,-1.1324
1.000000,1.000000,1.13217,-1.13217
1.000000,1.000000,1.13195,-1.13195
1.000000,1.000000,1.13173,-1.13173
1.000000,1.000000,1.13151,-1.13151
1.000000,1.000000,1.09456,-1.09456
1.000000,1.000000,1.09434,-1.09434
1.000000,1.000000,1.09411,-1.09411
1.000000,1.000000,1.09388,-1.09388
1.000000,1.000000,1.0609,-1.0609
1.000000,1.000000,1.06067,-1.06067
1.000000,1.000000,1.06043,-1.06043
1.000000,1.000000,1.0602,-1.0602
1.000000,1.000000,0.941667,-0.941667
1.000000,1.000000,0.941413,-0.941413
1.000000,1.000000,0.941159,-0.941159
1.000000,1.000000,0.940905,-0.940905
1.000000,1.000000,0.940651,-0.940651
1.000000,1.000000,1.01226,-1.01226
1.000000,1.000000,1.01202,-1.01202
1.000000,1.000000,1.01178,-1.01178
1.000000,1.000000,1.01153,-1.01153
1.000000,1.000000,1.07675,-1.07675
1.000000,1.000000,1.07652,-1.07652
1.000000,1.000000,1.07629,-1.07629
1.000000,1.000000,1.07606,-1.07606
1.000000,1.000000,1.21225,-1.21225
1.000000,1.000000,1.21204,-1.21204
1.000000,1.000000,1.21183,-1.21183
1.000000,1.000000,1.21163,-1.21163
1.000000,1.000000,1.21142,-1.21142
1.000000,1.000000,1.17168,-1.17168
1.000000,1.000000,1.17147,-1.17147
1.000000,1.000000,1.17126,-1.17126
1.000000,1.000000,1.17106,-1.17106
1.000000,1.000000,1.02233,-1.02233
1.000000,1.000000,1.0221,-1.0221
1.000000,1.000000,1.02187,-1.02187
1.000000,1.000000,1.02164,-1.02164
1.000000,1.000000,1.22085,-1.22085
1.000000,1.000000,1.22066,-1.22066
1.000000,1.000000,1.22046,-1.22046
1.000000,1.000000,1.22026,-1.22026
1.000000,1.000000,1.22006,-1.22006
1.000000,1.000000,1.17103,-1.17103
1.000000,1.000000,1.17083,-1.17083
1.000000,1.000000,1.17062,-1.17062
1.000000,1.000000,1.17041,-1.17041
1.000000,1.000000,1.18918,-1.18918
1.000000,1.000000,1.18898,-1.18898
1.000000,1.000000,1.18878,-1.18878
1.000000,1.000000,1.18857,-1.18857
1.000000,1.000000,1.12103,-1.12103
1.000000,1.000000,1.12081,-1.12081
1.000000,1.000000,1.1206,-1.1206
1.000000,1.000000,1.12038,-1.12038
1.000000,1.000000,1.12017,-1.12017
1.000000,1.000000,1.08291,-1.08291
1.000000,1.000000,1.08269,-1.08269
1.000000,1.000000,1.08247,-1.08247
1.000000,1.000000,1.08225,-1.08225
1.000000,1.000000,1.04899,-1.04899
1.000000,1.000000,1.04876,-1.04876
1.000000,1.000000,1.04854,-1.04854
1.000000,1.000000,1.04831,-1.04831
1.000000,1.000000,0.928765,-0.928765
1.000000,1.000000,0.928519,-0.928519
1.000000,1.000000,0.928273,-0.928273
1.000000,1.000000,0.928027,-0.928027
1.000000,1.000000,0.927781,-0.927781
1.000000,1.000000,1.00002,-1.00002
1.000000,1.000000,0.999783,-0.999783
1.000000,1.000000,0.999549,-0.999549
1.000000,1.000000,0.999315,-0.999315
1.000000,1.000000,1.0651,-1.0651
1.000000,1.000000,1.06488,-1.06488
1.000000,1.000000,1.06465,-1.06465
1.000000,1.000000,1.06443,-1.06443
1.000000,1.000000,1.2018,-1.2018
1.000000,1.000000,1.20159,-1.20159
1.000000,1.000000,1.20139,-1.20139
1.000000,1.000000,1.20119,-1.20119
1.000000,1.000000,1.20099,-1.20099
1.000000,1.000000,1.20099,-1.20099
1.000000,1.000000,1.16092,-1.16092
1.000000,1.000000,1.16072,-1.16072
1.000000,1.000000,1.16052,-1.16052
1.000000,1.000000,1.16032,-1.16032
1.000000,1.000000,1.01034,-1.01034
1.000000,1.000000,1.01012,-1.01012
1.000000,1.000000,1.0099,-1.0099
1.000000,1.000000,1.00967,-1.00967
1.000000,1.000000,1.21058,-1.21058
1.000000,1.000000,1.21039,-1.21039
1.000000,1.000000,1.2102,-1.2102
1.000000,1.000000,1.21001,-1.21001
1.000000,1.000000,1.20982,-1.20982
1.000000,1.000000,1.16038,-1.16038
1.000000,1.000000,1.16018,-1.16018
1.000000,1.000000,1.15998,-1.15998
1.000000,1.000000,1.15978,-1.15978
1.000000,1.000000,1.17872,-1.17872
1.000000,1.000000,1.17852,-1.17852
1.000000,1.000000,1.17833,-1.17833
1.000000,1.000000,1.17813,-1.17813
1.000000,1.000000,1.11002,-1.11002
1.000000,1.000000,1.10982,-1.10982
1.000000,1.000000,1.10961,-1.10961
1.000000,1.000000,1.1094,-1.1094
1.000000,1.000000,1.1092,-1.1092
1.000000,1.000000,1.07163,-1.07163
1.000000,1.000000,1.07142,-1.07142
1.000000,1.000000,1.07121,-1.07121
1.000000,1.000000,1.07099,-1.07099
1.000000,1.000000,1.03747,-1.03747
1.000000,1.000000,1.03725,-1.03725
1.000000,1.000000,1.03703,-1.03703
1.000000,1.000000,1.03681,-1.03681
1.000000,1.000000,0.916285,-0.916285
1.000000,1.000000,0.916048,-0.916048
1.000000,1.000000,0.91581,-0.91581
1.000000,1.000000,0.915572,-0.915572
1.000000,1.000000,0.915335,-0.915335
1.000000,1.000000,0.988177,-0.988177
1.000000,1.000000,0.987951,-0.987951
1.000000,1.000000,0.987725,-0.987725
1.000000,1.000000,0.987498,-0.987498
1.000000,1.000000,1.05384,-1.05384
1.000000,1.000000,1.05362,-1.05362
1.000000,1.000000,1.0534,-1.0534
1.000000,1.000000,1.05319,-1.05319
1.000000,1.000000,1.19169,-1.19169
1.000000,1.000000,1.19149,-1.19149
1.000000,1.000000,1.1913,-1.1913
1.000000,1.000000,1.19111,-1.19111
1.000000,1.000000,1.19091,-1.19091
1.000000,1.000000,1.15052,-1.15052
1.000000,1.000000,1.15033,-1.15033
1.000000,1.000000,1.15013,-1.15013
1.000000,1.000000,1.14994,-1.14994
1.000000,1.000000,0.99875,-0.99875
1.000000,1.000000,0.998535,-0.998535
1.000000,1.000000,0.99832,-0.99832
1.000000,1.000000,0.998105,-0.998105
1.000000,1.000000,1.20065,-1.20065
1.000000,1.000000,1.20047,-1.20047
1.000000,1.000000,1.20028,-1.20028
1.000000,1.000000,1.2001,-1.2001
1.000000,1.000000,1.19991,-1.19991
1.000000,1.000000,1.15009,-1.15009
1.000000,1.000000,1.1499,-1.1499
1.000000,1.000000,1.1497,-1.1497
1.000000,1.000000,1.14951,-1.14951
1.000000,1.000000,1.16861,-1.16861
1.000000,1.000000,1.16842,-1.16842
1.000000,1.000000,1.16823,-1.16823
1.000000,1.000000,1.16804,-1.16804
1.000000,1.000000,1.0994,-1.0994
1.000000,1.000000,1.0992,-1.0992
1.000000,1.000000,1.099,-1.099
1.000000,1.000000,1.0988,-1.0988
1.000000,1.000000,1.0986,-1.0986
1.000000,1.000000,1.06074,-1.06074
1.000000,1.000000,1.06054,-1.06054
1.000000,1.000000,1.06033,-1.06033
1.000000,1.000000,1.06013,-1.06013
1.000000,1.000000,1.02634,-1.02634
1.000000,1.000000,1.02613,-1.02613
1.000000,1.000000,1.02592,-1.02592
1.000000,1.000000,1.02571,-1.02571
1.000000,1.000000,0.904235,-0.904235
1.000000,1.000000,0.904005,-0.904005
1.000000,1.000000,0.903776,-0.903776
1.000000,1.000000,0.903546,-0.903546
1.000000,1.000000,0.903317,-0.903317
1.000000,1.000000,0.976746,-0.976746
1.000000,1.000000,0.976528,-0.976528
1.000000,1.000000,0.976309,-0.976309
1.000000,1.000000,0.97609,-0.97609
1.000000,1.000000,1.04296,-1.04296
1.000000,1.000000,1.04275,-1.04275
1.000000,1.000000,1.04254,-1.04254
1.000000,1.000000,1.04233,-1.04233
1.000000,1.000000,1.18193,-1.18193
1.000000,1.000000,1.18175,-1.18175
1.000000,1.000000,1.18156,-1.18156
1.000000,1.000000,1.18137,-1.18137
1.000000,1.000000,1.18118,-1.18118
1.000000,1.000000,1.14048,-1.14048
1.000000,1.000000,1.1403,-1.1403
1.000000,1.000000,1.14011,-1.14011
1.000000,1.000000,1.13993,-1.13993
1.000000,1.000000,0.987566,-0.987566
1.000000,1.000000,0.987359,-0.987359
1.000000,1.000000,0.987151,-0.987151
1.000000,1.000000,0.986944,-0.986944
1.000000,1.000000,1.19108,-1.19108
1.000000,1.000000,1.1909,-1.1909
1.000000,1.000000,1.19072,-1.19072
1.000000,1.000000,1.19054,-1.19054
1.000000,1.000000,1.19036,-1.19036
1.000000,1.000000,1.14016,-1.14016
1.000000,1.000000,1.13998,-1.13998
1.000000,1.000000,1.13979,-1.13979
1.000000,1.000000,1.1396,-1.1396
1.000000,1.000000,1.15886,-1.15886
1.000000,1.000000,1.15868,-1.15868
1.000000,1.000000,1.15849,-1.15849
1.000000,1.000000,1.15831,-1.15831
1.000000,1.000000,1.08915,-1.08915
1.000000,1.000000,1.08896,-1.08896
1.000000,1.000000,1.08876,-1.08876
1.000000,1.000000,1.08857,-1.08857
1.000000,1.000000,1.08838,-1.08838
1.000000,1.000000,1.05024,-1.05024
1.000000,1.000000,1.05005,-1.05005
1.000000,1.000000,1.04985,-1.04985
1.000000,1.000000,1.04965,-1.04965
1.000000,1.000000,1.01562,-1.01562
1.000000,1.000000,1.01542,-1.01542
1.000000,1.000000,1.01521,-1.01521
1.000000,1.000000,1.01501,-1.01501
1.000000,1.000000,0.892621,-0.892621
1.000000,1.000000,0.8924,-0.8924
1.000000,1.000000,0.892179,-0.892179
1.000000,1.000000,0.891958,-0.891958
1.000000,1.000000,0.891737,-0.891737
1.000000,1.000000,0.965731,-0.965731
1.000000,1.000000,0.965521,-0.965521
1.000000,1.000000,0.96531,-0.96531
1.000000,1.000000,0.9651,-0.9651
1.000000,1.000000,1.03248,-1.03248
1.000000,1.000000,1.03228,-1.03228
1.000000,1.000000,1.03208,-1.03208
1.000000,1.000000,1.03188,-1.03188
1.000000,1.000000,1.17254,-1.17254
1.000000,1.000000,1.17236,-1.17236
1.000000,1.000000,1.17218,-1.17218
1.000000,1.000000,1.17199,-1.17199
1.000000,1.000000,1.17181,-1.17181
1.000000,1.000000,1.13082,-1.13082
1.000000,1.000000,1.13064,-1.13064
1.000000,1.000000,1.13046,-1.13046
1.000000,1.000000,1.13029,-1.13029
1.000000,1.000000,0.976798,-0.976798
1.000000,1.000000,0.976599,-0.976599
1.000000,1.000000,0.9764,-0.9764
1.000000,1.000000,0.976201,-0.976201
1.000000,1.000000,1.18186,-1.18186
1.000000,1.000000,1.18169,-1.18169
1.000000,1.000000,1.18152,-1.18152
1.000000,1.000000,1.18134,-1.18134
1.000000,1.000000,1.18117,-1.18117
1.000000,1.000000,1.13061,-1.13061
1.000000,1.000000,1.13043,-1.13043
1.000000,1.000000,1.13025,-1.13025
1.000000,1.000000,1.13007,-1.13007
1.000000,1.000000,1.14948,-1.14948
1.000000,1.000000,1.1493,-1.1493
1.000000,1.000000,1.14913,-1.14913
1.000000,1.000000,1.14895,-1.14895
1.000000,1.000000,1.07929,-1.07929
1.000000,1.000000,1.07911,-1.07911
1.000000,1.000000,1.07892,-1.07892
1.000000,1.000000,1.07874,-1.07874
1.000000,1.000000,1.07855,-1.07855
1.000000,1.000000,1.04015,-1.04015
1.000000,1.000000,1.03996,-1.03996
1.000000,1.000000,1.03977,-1.03977
1.000000,1.000000,1.03958,-1.03958
1.000000,1.000000,1.00531,-1.00531
1.000000,1.000000,1.00512,-1.00512
1.000000,1.000000,1.00492,-1.00492
1.000000,1.000000,1.00473,-1.00473
1.000000,1.000000,0.88146,-0.88146
1.000000,1.000000,0.881248,-0.881248
1.000000,1.000000,0.881036,-0.881036
1.000000,1.000000,0.880824,-0.880824
1.000000,1.000000,0.880612,-0.880612
1.000000,1.000000,0.95515,-0.95515
1.000000,1.000000,0.954948,-0.954948
1.000000,1.000000,0.954746,-0.954746
1.000000,1.000000,0.954544,-0.954544
1.000000,1.000000,1.02242,-1.02242
1.000000,1.000000,1.02223,-1.02223
1.000000,1.000000,1.02203,-1.02203
1.000000,1.000000,1.02184,-1.02184
1.000000,1.000000,1.16351,-1.16351
1.000000,1.000000,1.16334,-1.16334
1.000000,1.000000,1.16317,-1.16317
1.000000,1.000000,1.16299,-1.16299
1.000000,1.000000,1.16282,-1.16282
1.000000,1.000000,1.12154,-1.12154
1.000000,1.000000,1.12137,-1.12137
1.000000,1.000000,1.1212,-1.1212
1.000000,1.000000,1.12103,-1.12103
1.000000,1.000000,0.966465,-0.966465
1.000000,1.000000,0.966275,-0.966275
1.000000,1.000000,0.966084,-0.966084
1.000000,1.000000,0.965894,-0.965894
1.000000,1.000000,1.17301,-1.17301
1.000000,1.000000,1.17285,-1.17285
1.000000,1.000000,1.17269,-1.17269
1.000000,1.000000,1.17252,-1.17252
1.000000,1.000000,1.17236,-1.17236
1.000000,1.000000,1.12145,-1.12145
1.000000,1.000000,1.12128,-1.12128
1.000000,1.000000,1.12111,-1.12111
1.000000,1.000000,1.12094,-1.12094
1.000000,1.000000,1.14049,-1.14049
1.000000,1.000000,1.14032,-1.14032
1.000000,1.000000,1.14015,-1.14015
1.000000,1.000000,1.13998,-1.13998
1.000000,1.000000,1.06984,-1.06984
1.000000,1.000000,1.06967,-1.06967
1.000000,1.000000,1.06949,-1.06949
1.000000,1.000000,1.06931,-1.06931
1.000000,1.000000,1.06914,-1.06914
1.000000,1.000000,1.03048,-1.03048
1.000000,1.000000,1.0303,-1.0303
1.000000,1.000000,1.03011,-1.03011
1.000000,1.000000,1.02993,-1.02993
1.000000,1.000000,0.995436,-0.995436
1.000000,1.000000,0.995249,-0.995249
1.000000,1.000000,0.995063,-0.995063
1.000000,1.000000,0.994876,-0.994876
1.000000,1.000000,0.870771,-0.870771
1.000000,1.000000,0.870569,-0.870569
1.000000,1.000000,0.870366,-0.870366
1.000000,1.000000,0.870163,-0.870163
1.000000,1.000000,0.86996,-0.86996
1.000000,1.000000,0.94502,-0.94502
1.000000,1.000000,0.944826,-0.944826
1.000000,1.000000,0.944633,-0.944633
1.000000,1.000000,0.94444,-0.94444
1.000000,1.000000,1.01279,-1.01279
1.000000,1.000000,1.01261,-1.01261
1.000000,1.000000,1.01242,-1.01242
1.000000,1.000000,1.01224,-1.01224
1.000000,1.000000,1.15488,-1.15488
1.000000,1.000000,1.15472,-1.15472
1.000000,1.000000,1.15455,-1.15455
1.000000,1.000000,1.15438,-1.15438
1.000000,1.000000,1.15422,-1.15422
1.000000,1.000000,1.11267,-1.11267
1.000000,1.000000,1.11251,-1.11251
1.000000,1.000000,1.11234,-1.11234
1.000000,1.000000,1.11218,-1.11218
1.000000,1.000000,0.956584,-0.956584
1.000000,1.000000,0.956402,-0.956402
1.000000,1.000000,0.956221,-0.956221
1.000000,1.000000,0.956039,-0.956039
1.000000,1.000000,1.16456,-1.16456
1.000000,1.000000,1.1644,-1.1644
1.000000,1.000000,1.16424,-1.16424
1.000000,1.000000,1.16409,-1.16409
1.000000,1.000000,1.16393,-1.16393
1.000000,1.000000,1.11269,-1.11269
1.000000,1.000000,1.11253,-1.11253
1.000000,1.000000,1.11236,-1.11236
1.000000,1.000000,1.1122,-1.1122
1.000000,1.000000,1.13189,-1.13189
1.000000,1.000000,1.13173,-1.13173
1.000000,1.000000,1.13157,-1.13157
1.000000,1.000000,1.13141,-1.13141
1.000000,1.000000,1.06082,-1.06082
1.000000,1.000000,1.06065,-1.06065
1.000000,1.000000,1.06048,-1.06048
1.000000,1.000000,1.06031,-1.06031
1.000000,1.000000,1.06014,-1.06014
1.000000,1.000000,1.02124,-1.02124
1.000000,1.000000,1.02106,-1.02106
1.000000,1.000000,1.02089,-1.02089
1.000000,1.000000,1.02072,-1.02072
1.000000,1.000000,0.986005,-0.986005
1.000000,1.000000,0.985827,-0.985827
1.000000,1.000000,0.985649,-0.985649
1.000000,1.000000,0.985471,-0.985471
1.000000,1.000000,0.860566,-0.860566
1.000000,1.000000,0.860373,-0.860373
1.000000,1.000000,0.860179,-0.860179
1.000000,1.000000,0.859986,-0.859986
1.000000,1.000000,0.859792,-0.859792
1.000000,1.000000,0.93535,-0.93535
1.000000,1.000000,0.935165,-0.935165
1.000000,1.000000,0.934981,-0.934981
1.000000,1.000000,0.934797,-0.934797
1.000000,1.000000,1.0036,-1.0036
1.000000,1.000000,1.00342,-1.00342
1.000000,1.000000,1.00325,-1.00325
1.000000,1.000000,1.00307,-1.00307
1.000000,1.000000,1.14664,-1.14664
1.000000,1.000000,1.14649,-1.14649
1.000000,1.000000,1.14633,-1.14633
1.000000,1.000000,1.14617,-1.14617
1.000000,1.000000,1.14601,-1.14601
1.000000,1.000000,1.14601,-1.14601
1.000000,1.000000,1.10421,-1.10421
1.000000,1.000000,1.10405,-1.10405
1.000000,1.000000,1.1039,-1.1039
1.000000,1.000000,1.10374,-1.10374
1.000000,1.000000,0.94716,-0.94716
1.000000,1.000000,0.946987,-0.946987
1.000000,1.000000,0.946814,-0.946814
1.000000,1.000000,0.946642,-0.946642
1.000000,1.000000,1.15649,-1.15649
1.000000,1.000000,1.15635,-1.15635
1.000000,1.000000,1.1562,-1.1562
1.000000,1.000000,1.15605,-1.15605
1.000000,1.000000,1.1559,-1.1559
1.000000,1.000000,1.10434,-1.10434
1.000000,1.000000,1.10419,-1.10419
1.000000,1.000000,1.10403,-1.10403
1.000000,1.000000,1.10388,-1.10388
1.000000,1.000000,1.1237,-1.1237
1.000000,1.000000,1.12355,-1.12355
1.000000,1.000000,1.12339,-1.12339
1.000000,1.000000,1.12324,-1.12324
1.000000,1.000000,1.05222,-1.05222
1.000000,1.000000,1.05206,-1.05206
1.000000,1.000000,1.05189,-1.05189
1.000000,1.000000,1.05173,-1.05173
1.000000,1.000000,1.05157,-1.05157
1.000000,1.000000,1.01244,-1.01244
1.000000,1.000000,1.01227,-1.01227
1.000000,1.000000,1.01211,-1.01211
1.000000,1.000000,1.01194,-1.01194
1.000000,1.000000,0.977023,-0.977023
1.000000,1.000000,0.976853,-0.976853
1.000000,1.000000,0.976684,-0.976684
1.000000,1.000000,0.976515,-0.976515
1.000000,1.000000,0.850848,-0.850848
1.000000,1.000000,0.850664,-0.850664
1.000000,1.000000,0.85048,-0.85048
1.000000,1.000000,0.850296,-0.850296
1.000000,1.000000,0.850112,-0.850112
1.000000,1.000000,0.926144,-0.926144
1.000000,1.000000,0.925969,-0.925969
1.000000,1.000000,0.925794,-0.925794
1.000000,1.000000,0.925618,-0.925618
1.000000,1.000000,0.994851,-0.994851
1.000000,1.000000,0.994684,-0.994684
1.000000,1.000000,0.994517,-0.994517
1.000000,1.000000,0.994349,-0.994349
1.000000,1.000000,1.13881,-1.13881
1.000000,1.000000,1.13866,-1.13866
1.000000,1.000000,1.13851,-1.13851
1.000000,1.000000,1.13835,-1.13835
1.000000,1.000000,1.1382,-1.1382
1.000000,1.000000,1.09615,-1.09615
1.000000,1.000000,1.09601,-1.09601
1.000000,1.000000,1.09586,-1.09586
1.000000,1.000000,1.09571,-1.09571
1.000000,1.000000,0.938197,-0.938197
1.000000,1.000000,0.938034,-0.938034
1.000000,1.000000,0.93787,-0.93787
1.000000,1.000000,0.937706,-0.937706
1.000000,1.000000,1.14883,-1.14883
1.000000,1.000000,1.14869,-1.14869
1.000000,1.000000,1.14855,-1.14855
1.000000,1.000000,1.1484,-1.1484
1.000000,1.000000,1.14826,-1.14826
1.000000,1.000000,1.09641,-1.09641
1.000000,1.000000,1.09626,-1.09626
1.000000,1.000000,1.09611,-1.09611
1.000000,1.000000,1.09597,-1.09597
1.000000,1.000000,1.11592,-1.11592
1.000000,1.000000,1.11577,-1.11577
1.000000,1.000000,1.11563,-1.11563
1.000000,1.000000,1.11548,-1.11548
1.000000,1.000000,1.04404,-1.04404
1.000000,1.000000,1.04389,-1.04389
1.000000,1.000000,1.04374,-1.04374
1.000000,1.000000,1.04359,-1.04359
1.000000,1.000000,1.04343,-1.04343
1.000000,1.000000,1.00408,-1.00408
1.000000,1.000000,1.00392,-1.00392
1.000000,1.000000,1.00376,-1.00376
1.000000,1.000000,1.00361,-1.00361
1.000000,1.000000,0.968494,-0.968494
1.000000,1.000000,0.968334,-0.968334
1.000000,1.000000,0.968173,-0.968173
1.000000,1.000000,0.968013,-0.968013
1.000000,1.000000,0.841624,-0.841624
1.000000,1.000000,0.841449,-0.841449
1.000000,1.000000,0.841275,-0.841275
1.000000,1.000000,0.8411,-0.8411
1.000000,1.000000,0.840926,-0.840926
1.000000,1.000000,0.917409,-0.917409
1.000000,1.000000,0.917243,-0.917243
1.000000,1.000000,0.917077,-0.917077
1.000000,1.000000,0.916911,-0.916911
1.000000,1.000000,0.986553,-0.986553
1.000000,1.000000,0.986394,-0.986394
1.000000,1.000000,0.986235,-0.986235
1.000000,1.000000,0.986077,-0.986077
1.000000,1.000000,1.13137,-1.13137
1.000000,1.000000,1.13123,-1.13123
1.000000,1.000000,1.13109,-1.13109
1.000000,1.000000,1.13094,-1.13094
1.000000,1.000000,1.1308,-1.1308
1.000000,1.000000,1.08852,-1.08852
1.000000,1.000000,1.08838,-1.08838
1.000000,1.000000,1.08824,-1.08824
1.000000,1.000000,1.08811,-1.08811
1.000000,1.000000,0.929703,-0.929703
1.000000,1.000000,0.929548,-0.929548
1.000000,1.000000,0.929394,-0.929394
1.000000,1.000000,0.929239,-0.929239
1.000000,1.000000,1.14156,-1.14156
1.000000,1.000000,1.14143,-1.14143
1.000000,1.000000,1.1413,-1.1413
1.000000,1.000000,1.14117,-1.14117
1.000000,1.000000,1.14103,-1.14103
1.000000,1.000000,1.08889,-1.08889
1.000000,1.000000,1.08875,-1.08875
1.000000,1.000000,1.08862,-1.08862
1.000000,1.000000,1.08848,-1.08848
1.000000,1.000000,1.10855,-1.10855
1.000000,1.000000,1.10841,-1.10841
1.000000,1.000000,1.10827,-1.10827
1.000000,1.000000,1.10814,-1.10814
1.000000,1.000000,1.03631,-1.03631
1.000000,1.000000,1.03617,-1.03617
1.000000,1.000000,1.03602,-1.03602
1.000000,1.000000,1.03588,-1.03588
1.000000,1.000000,1.03574,-1.03574
1.000000,1.000000,0.99617,-0.99617
1.000000,1.000000,0.996022,-0.996022
1.000000,1.000000,0.995875,-0.995875
1.000000,1.000000,0.995727,-0.995727
1.000000,1.000000,0.96043,-0.96043
1.000000,1.000000,0.960279,-0.960279
1.000000,1.000000,0.960127,-0.960127
1.000000,1.000000,0.959976,-0.959976
1.000000,1.000000,0.832905,-0.832905
1.000000,1.000000,0.83274,-0.83274
1.000000,1.000000,0.832576,-0.832576
1.000000,1.000000,0.832411,-0.832411
1.000000,1.000000,0.832246,-0.832246
1.000000,1.000000,0.909157,-0.909157
1.000000,1.000000,0.909,-0.909
1.000000,1.000000,0.908843,-0.908843
1.000000,1.000000,0.908686,-0.908686
1.000000,1.000000,0.978716,-0.978716
1.000000,1.000000,0.978566,-0.978566
1.000000,1.000000,0.978417,-0.978417
1.000000,1.000000,0.978267,-0.978267
1.000000,1.000000,1.12435,-1.12435
1.000000,1.000000,1.12422,-1.12422
1.000000,1.000000,1.12409,-1.12409
1.000000,1.000000,1.12395,-1.12395
1.000000,1.000000,1.12382,-1.12382
1.000000,1.000000,1.08132,-1.08132
1.000000,1.000000,1.08119,-1.08119
1.000000,1.000000,1.08106,-1.08106
1.000000,1.000000,1.08093,-1.08093
1.000000,1.000000,0.921691,-0.921691
1.000000,1.000000,0.921545,-0.921545
1.000000,1.000000,0.9214,-0.9214
1.000000,1.000000,0.921255,-0.921255
1.000000,1.000000,1.13471,-1.13471
1.000000,1.000000,1.13459,-1.13459
1.000000,1.000000,1.13446,-1.13446
1.000000,1.000000,1.13434,-1.13434
1.000000,1.000000,1.13422,-1.13422
1.000000,1.000000,1.08181,-1.08181
1.000000,1.000000,1.08168,-1.08168
1.000000,1.000000,1.08155,-1.08155
1.000000,1.000000,1.08142,-1.08142
1.000000,1.000000,1.1016,-1.1016
1.000000,1.000000,1.10147,-1.10147
1.000000,1.000000,1.10135,-1.10135
1.000000,1.000000,1.10122,-1.10122
1.000000,1.000000,1.02903,-1.02903
1.000000,1.000000,1.02889,-1.02889
1.000000,1.000000,1.02876,-1.02876
1.000000,1.000000,1.02862,-1.02862
1.000000,1.000000,1.02849,-1.02849
1.000000,1.000000,0.988725,-0.988725
1.000000,1.000000,0.988586,-0.988586
1.000000,1.000000,0.988447,-0.988447
1.000000,1.000000,0.988309,-0.988309
1.000000,1.000000,0.95284,-0.95284
1.000000,1.000000,0.952698,-0.952698
1.000000,1.000000,0.952555,-0.952555
1.000000,1.000000,0.952413,-0.952413
1.000000,1.000000,0.824701,-0.824701
1.000000,1.000000,0.824546,-0.824546
1.000000,1.000000,0.824391,-0.824391
1.000000,1.000000,0.824237,-0.824237
1.000000,1.000000,0.824082,-0.824082
1.000000,1.000000,0.901395,-0.901395
1.000000,1.000000,0.901247,-0.901247
1.000000,1.000000,0.9011,-0.9011
1.000000,1.000000,0.900953,-0.900953
1.000000,1.000000,0.971347,-0.971347
1.000000,1.000000,0.971207,-0.971207
1.000000,1.000000,0.971066,-0.971066
1.000000,1.000000,0.970925,-0.970925
1.000000,1.000000,1.11776,-1.11776
1.000000,1.000000,1.11763,-1.11763
1.000000,1.000000,1.11751,-1.11751
1.000000,1.000000,1.11738,-1.11738
1.000000,1.000000,1.11725,-1.11725
1.000000,1.000000,1.07455,-1.07455
1.000000,1.000000,1.07443,-1.07443
1.000000,1.000000,1.07431,-1.07431
1.000000,1.000000,1.07418,-1.07418
1.000000,1.000000,0.914164,-0.914164
1.000000,1.000000,0.914028,-0.914028
1.000000,1.000000,0.913892,-0.913892
1.000000,1.000000,0.913756,-0.913756
1.000000,1.000000,1.12828,-1.12828
1.000000,1.000000,1.12817,-1.12817
1.000000,1.000000,1.12805,-1.12805
1.000000,1.000000,1.12793,-1.12793
1.000000,1.000000,1.12781,-1.12781
1.000000,1.000000,1.07516,-1.07516
1.000000,1.000000,1.07504,-1.07504
1.000000,1.000000,1.07492,-1.07492
1.000000,1.000000,1.07479,-1.07479
1.000000,1.000000,1.09508,-1.09508
1.000000,1.000000,1.09496,-1.09496
1.000000,1.000000,1.09484,-1.09484
1.000000,1.000000,1.09472,-1.09472
1.000000,1.000000,1.02219,-1.02219
1.000000,1.000000,1.02206,-1.02206
1.000000,1.000000,1.02194,-1.02194
1.000000,1.000000,1.02181,-1.02181
1.000000,1.000000,1.02168,-1.02168
1.000000,1.000000,0.98174,-0.98174
1.000000,1.000000,0.98161,-0.98161
1.000000,1.000000,0.98148,-0.98148
1.000000,1.000000,0.98135,-0.98135
1.000000,1.000000,0.94572,-0.94572
1.000000,1.000000,0.945587,-0.945587
1.000000,1.000000,0.945453,-0.945453
1.000000,1.000000,0.94532,-0.94532
1.000000,1.000000,0.817007,-0.817007
1.000000,1.000000,0.816862,-0.816862
1.000000,1.000000,0.816717,-0.816717
1.000000,1.000000,0.816572,-0.816572
1.000000,1.000000,0.816427,-0.816427
1.000000,1.000000,0.894118,-0.894118
1.000000,1.000000,0.89398,-0.89398
1.000000,1.000000,0.893842,-0.893842
1.000000,1.000000,0.893704,-0.893704
1.000000,1.000000,0.96444,-0.96444
1.000000,1.000000,0.964309,-0.964309
1.000000,1.000000,0.964177,-0.964177
1.000000,1.000000,0.964045,-0.964045
1.000000,1.000000,1.11158,-1.11158
1.000000,1.000000,1.11146,-1.11146
1.000000,1.000000,1.11134,-1.11134
1.000000,1.000000,1.11122,-1.11122
1.000000,1.000000,1.1111,-1.1111
1.000000,1.000000,1.06821,-1.06821
1.000000,1.000000,1.0681,-1.0681
1.000000,1.000000,1.06798,-1.06798
1.000000,1.000000,1.06787,-1.06787
1.000000,1.000000,0.907115,-0.907115
1.000000,1.000000,0.906988,-0.906988
1.000000,1.000000,0.906861,-0.906861
1.000000,1.000000,0.906734,-0.906734
1.000000,1.000000,1.12226,-1.12226
1.000000,1.000000,1.12215,-1.12215
1.000000,1.000000,1.12204,-1.12204
1.000000,1.000000,1.12193,-1.12193
1.000000,1.000000,1.12182,-1.12182
1.000000,1.000000,1.06893,-1.06893
1.000000,1.000000,1.06882,-1.06882
1.000000,1.000000,1.06871,-1.06871
1.000000,1.000000,1.06859,-1.06859
1.000000,1.000000,1.08899,-1.08899
1.000000,1.000000,1.08887,-1.08887
1.000000,1.000000,1.08876,-1.08876
1.000000,1.000000,1.08865,-1.08865
1.000000,1.000000,1.0158,-1.0158
1.000000,1.000000,1.01568,-1.01568
1.000000,1.000000,1.01556,-1.01556
1.000000,1.000000,1.01544,-1.01544
1.000000,1.000000,1.01532,-1.01532
1.000000,1.000000,0.975208,-0.975208
1.000000,1.000000,0.975087,-0.975087
1.000000,1.000000,0.974965,-0.974965
1.000000,1.000000,0.974844,-0.974844
1.000000,1.000000,0.939064,-0.939064
1.000000,1.000000,0.93894,-0.93894
1.000000,1.000000,0.938815,-0.938815
1.000000,1.000000,0.938691,-0.938691
1.000000,1.000000,0.809816,-0.809816
1.000000,1.000000,0.809681,-0.809681
1.000000,1.000000,0.809546,-0.809546
1.000000,1.000000,0.809411,-0.809411
1.000000,1.000000,0.809275,-0.809275
1.000000,1.000000,0.887319,-0.887319
1.000000,1.000000,0.88719,-0.88719
1.000000,1.000000,0.887061,-0.887061
1.000000,1.000000,0.886932,-0.886932
1.000000,1.000000,0.95799,-0.95799
1.000000,1.000000,0.957867,-0.957867
1.000000,1.000000,0.957744,-0.957744
1.000000,1.000000,0.957621,-0.957621
1.000000,1.000000,1.10581,-1.10581
0.912573,0.912573,1.1057,-1.1057
0.912573,0.912573,1.10559,-1.10559
0.912573,0.912573,1.10548,-1.10548
0.912573,0.912573,1.10536,-1.10536
0.912573,0.912573,1.10536,-1.10536
0.912573,0.912573,1.06229,-1.06229
1.000000,1.000000,1.06219,-1.06219
1.000000,1.000000,1.06208,-1.06208
1.000000,1.000000,1.06198,-1.06198
1.000000,1.000000,0.900539,-0.900539
1.000000,1.000000,0.900421,-0.900421
1.000000,1.000000,0.900302,-0.900302
1.000000,1.000000,0.900184,-0.900184
1.000000,1.000000,1.11664,-1.11664
1.000000,1.000000,1.11654,-1.11654
1.000000,1.000000,1.11644,-1.11644
1.000000,1.000000,1.11634,-1.11634
1.000000,1.000000,1.11624,-1.11624
1.000000,1.000000,1.06313,-1.06313
1.000000,1.000000,1.06303,-1.06303
1.000000,1.000000,1.06292,-1.06292
1.000000,1.000000,1.06282,-1.06282
1.000000,1.000000,1.0833,-1.0833
1.000000,1.000000,1.0832,-1.0832
1.000000,1.000000,1.08309,-1.08309
1.000000,1.000000,1.08299,-1.08299
1.000000,1.000000,1.00984,-1.00984
1.000000,1.000000,1.00973,-1.00973
1.000000,1.000000,1.00962,-1.00962
1.000000,1.000000,1.00951,-1.00951
1.000000,1.000000,1.0094,-1.0094
1.000000,1.000000,0.969126,-0.969126
1.000000,1.000000,0.969013,-0.969013
1.000000,1.000000,0.9689,-0.9689
1.000000,1.000000,0.968788,-0.968788
1.000000,1.000000,0.932869,-0.932869
1.000000,1.000000,0.932753,-0.932753
1.000000,1.000000,0.932638,-0.932638
1.000000,1.000000,0.932522,-0.932522
1.000000,1.000000,0.803126,-0.803126
1.000000,1.000000,0.803001,-0.803001
1.000000,1.000000,0.802875,-0.802875
1.000000,1.000000,0.802749,-0.802749
1.000000,1.000000,0.802624,-0.802624
1.000000,1.000000,0.880997,-0.880997
1.000000,1.000000,0.880877,-0.880877
1.000000,1.000000,0.880757,-0.880757
1.000000,1.000000,0.880638,-0.880638
1.000000,1.000000,0.951993,-0.951993
1.000000,1.000000,0.951879,-0.951879
1.000000,1.000000,0.951765,-0.951765
1.000000,1.000000,0.951651,-0.951651
1.000000,1.000000,1.10044,-1.10044
1.000000,1.000000,1.10034,-1.10034
1.000000,1.000000,1.10024,-1.10024
1.000000,1.000000,1.10014,-1.10014
1.000000,1.000000,1.10003,-1.10003
1.000000,1.000000,1.0568,-1.0568
1.000000,1.000000,1.0567,-1.0567
1.000000,1.000000,1.0566,-1.0566
1.000000,1.000000,1.05651,-1.05651
1.000000,1.000000,0.894433,-0.894433
1.000000,1.000000,0.894324,-0.894324
1.000000,1.000000,0.894215,-0.894215
1.000000,1.000000,0.894106,-0.894106
1.000000,1.000000,1.11143,-1.11143
1.000000,1.000000,1.11134,-1.11134
1.000000,1.000000,1.11124,-1.11124
1.000000,1.000000,1.11115,-1.11115
1.000000,1.000000,1.11106,-1.11106
1.000000,1.000000,1.05775,-1.05775
1.000000,1.000000,1.05765,-1.05765
1.000000,1.000000,1.05756,-1.05756
1.000000,1.000000,1.05746,-1.05746
1.000000,1.000000,1.07803,-1.07803
1.000000,1.000000,1.07794,-1.07794
1.000000,1.000000,1.07784,-1.07784
1.000000,1.000000,1.07775,-1.07775
1.000000,1.000000,1.00432,-1.00432
1.000000,1.000000,1.00422,-1.00422
1.000000,1.000000,1.00412,-1.00412
1.000000,1.000000,1.00401,-1.00401
1.000000,1.000000,1.00391,-1.00391
1.000000,1.000000,0.963494,-0.963494
1.000000,1.000000,0.96339,-0.96339
1.000000,1.000000,0.963286,-0.963286
1.000000,1.000000,0.963181,-0.963181
1.000000,1.000000,0.927135,-0.927135
1.000000,1.000000,0.927028,-0.927028
1.000000,1.000000,0.926921,-0.926921
1.000000,1.000000,0.926815,-0.926815
1.000000,1.000000,0.796937,-0.796937
1.000000,1.000000,0.796821,-0.796821
1.000000,1.000000,0.796705,-0.796705
1.000000,1.000000,0.796589,-0.796589
1.000000,1.000000,0.796473,-0.796473
1.000000,1.000000,0.875151,-0.875151
1.000000,1.000000,0.875041,-0.875041
1.000000,1.000000,0.87493,-0.87493
1.000000,1.000000,0.87482,-0.87482
1.000000,1.000000,0.946452,-0.946452
1.000000,1.000000,0.946346,-0.946346
1.000000,1.000000,0.946241,-0.946241
1.000000,1.000000,0.946136,-0.946136
1.000000,1.000000,1.09549,-1.09549
1.000000,1.000000,1.0954,-1.0954
1.000000,1.000000,1.0953,-1.0953
1.000000,1.000000,1.09521,-1.09521
1.000000,1.000000,1.09511,-1.09511
1.000000,1.000000,1.05173,-1.05173
1.000000,1.000000,1.05164,-1.05164
1.000000,1.000000,1.05155,-1.05155
1.000000,1.000000,1.05146,-1.05146
1.000000,1.000000,0.8888,-0.8888
1.000000,1.000000,0.8887,-0.8887
1.000000,1.000000,0.8886,-0.8886
1.000000,1.000000,0.8885,-0.8885
1.000000,1.000000,1.10662,-1.10662
1.000000,1.000000,1.10654,-1.10654
1.000000,1.000000,1.10645,-1.10645
1.000000,1.000000,1.10637,-1.10637
1.000000,1.000000,1.10628,-1.10628
1.000000,1.000000,1.05279,-1.05279
1.000000,1.000000,1.0527,-1.0527
1.000000,1.000000,1.05261,-1.05261
1.000000,1.000000,1.05252,-1.05252
1.000000,1.000000,1.07318,-1.07318
1.000000,1.000000,1.07309,-1.07309
1.000000,1.000000,1.073,-1.073
1.000000,1.000000,1.07292,-1.07292
1.000000,1.000000,0.999236,-0.999236
1.000000,1.000000,0.999143,-0.999143
1.000000,1.000000,0.99905,-0.99905
1.000000,1.000000,0.998957,-0.998957
1.000000,1.000000,0.998864,-0.998864
1.000000,1.000000,0.958311,-0.958311
1.000000,1.000000,0.958216,-0.958216
1.000000,1.000000,0.95812,-0.95812
1.000000,1.000000,0.958024,-0.958024
1.000000,1.000000,0.921861,-0.921861
1.000000,1.000000,0.921763,-0.921763
1.000000,1.000000,0.921665,-0.921665
1.000000,1.000000,0.921567,-0.921567
1.000000,1.000000,0.791247,-0.791247
1.000000,1.000000,0.791141,-0.791141
1.000000,1.000000,0.791035,-0.791035
1.000000,1.000000,0.790928,-0.790928
1.000000,1.000000,0.790822,-0.790822
1.000000,1.000000,0.869781,-0.869781
1.000000,1.000000,0.869679,-0.869679
1.000000,1.000000,0.869578,-0.869578
1.000000,1.000000,0.869477,-0.869477
1.000000,1.000000,0.941363,-0.941363
1.000000,1.000000,0.941267,-0.941267
1.000000,1.000000,0.94117,-0.94117
1.000000,1.000000,0.941074,-0.941074
1.000000,1.000000,1.09095,-1.09095
1.000000,1.000000,1.09086,-1.09086
1.000000,1.000000,1.09077,-1.09077
1.000000,1.000000,1.09068,-1.09068
1.000000,1.000000,1.0906,-1.0906
1.000000,1.000000,1.04707,-1.04707
1.000000,1.000000,1.04699,-1.04699
1.000000,1.000000,1.04691,-1.04691
1.000000,1.000000,1.04683,-1.04683
1.000000,1.000000,0.883636,-0.883636
1.000000,1.000000,0.883545,-0.883545
1.000000,1.000000,0.883454,-0.883454
1.000000,1.000000,0.883363,-0.883363
1.000000,1.000000,1.10222,-1.10222
1.000000,1.000000,1.10214,-1.10214
1.000000,1.000000,1.10206,-1.10206
1.000000,1.000000,1.10198,-1.10198
1.000000,1.000000,1.10191,-1.10191
1.000000,1.000000,1.04825,-1.04825
1.000000,1.000000,1.04817,-1.04817
1.000000,1.000000,1.04809,-1.04809
1.000000,1.000000,1.04801,-1.04801
1.000000,1.000000,1.06874,-1.06874
1.000000,1.000000,1.06866,-1.06866
1.000000,1.000000,1.06858,-1.06858
1.000000,1.000000,1.0685,-1.0685
1.000000,1.000000,0.994587,-0.994587
1.000000,1.000000,0.994502,-0.994502
1.000000,1.000000,0.994418,-0.994418
1.000000,1.000000,0.994333,-0.994333
1.000000,1.000000,0.994248,-0.994248
1.000000,1.000000,0.953573,-0.953573
1.000000,1.000000,0.953486,-0.953486
1.000000,1.000000,0.953399,-0.953399
1.000000,1.000000,0.953312,-0.953312
1.000000,1.000000,0.917042,-0.917042
1.000000,1.000000,0.916953,-0.916953
1.000000,1.000000,0.916864,-0.916864
1.000000,1.000000,0.916774,-0.916774
1.000000,1.000000,0.786052,-0.786052
1.000000,1.000000,0.785955,-0.785955
1.000000,1.000000,0.785858,-0.785858
1.000000,1.000000,0.785761,-0.785761
1.000000,1.000000,0.785664,-0.785664
1.000000,1.000000,0.86488,-0.86488
1.000000,1.000000,0.864788,-0.864788
1.000000,1.000000,0.864696,-0.864696
1.000000,1.000000,0.864603,-0.864603
1.000000,1.000000,0.936723,-0.936723
1.000000,1.000000,0.936635,-0.936635
1.000000,1.000000,0.936547,-0.936547
1.000000,1.000000,0.936459,-0.936459
1.000000,1.000000,1.0868,-1.0868
1.000000,1.000000,1.08672,-1.08672
1.000000,1.000000,1.08664,-1.08664
1.000000,1.000000,1.08656,-1.08656
1.000000,1.000000,1.08649,-1.08649
1.000000,1.000000,1.04284,-1.04284
1.000000,1.000000,1.04276,-1.04276
1.000000,1.000000,1.04269,-1.04269
1.000000,1.000000,1.04261,-1.04261
1.000000,1.000000,0.878936,-0.878936
1.000000,1.000000,0.878854,-0.878854
1.000000,1.000000,0.878772,-0.878772
1.000000,1.000000,0.87869,-0.87869
1.000000,1.000000,1.09821,-1.09821
1.000000,1.000000,1.09814,-1.09814
1.000000,1.000000,1.09807,-1.09807
1.000000,1.000000,1.098,-1.098
1.000000,1.000000,1.09793,-1.09793
1.000000,1.000000,1.04412,-1.04412
1.000000,1.000000,1.04405,-1.04405
1.000000,1.000000,1.04398,-1.04398
1.000000,1.000000,1.0439,-1.0439
1.000000,1.000000,1.0647,-1.0647
1.000000,1.000000,1.06463,-1.06463
1.000000,1.000000,1.06456,-1.06456
1.000000,1.000000,1.06449,-1.06449
1.000000,1.000000,0.990368,-0.990368
1.000000,1.000000,0.990292,-0.990292
1.000000,1.000000,0.990215,-0.990215
1.000000,1.000000,0.990139,-0.990139
1.000000,1.000000,0.990063,-0.990063
1.000000,1.000000,0.949278,-0.949278
1.000000,1.000000,0.9492,-0.9492
1.000000,1.000000,0.949121,-0.949121
1.000000,1.000000,0.949043,-0.949043
1.000000,1.000000,0.912677,-0.912677
1.000000,1.000000,0.912596,-0.912596
1.000000,1.000000,0.912516,-0.912516
1.000000,1.000000,0.912436,-0.912436
1.000000,1.000000,0.781349,-0.781349
1.000000,1.000000,0.781261,-0.781261
1.000000,1.000000,0.781174,-0.781174
1.000000,1.000000,0.781086,-0.781086
1.000000,1.000000,0.780999,-0.780999
1.000000,1.000000,0.860449,-0.860449
1.000000,1.000000,0.860365,-0.860365
1.000000,1.000000,0.860282,-0.860282
1.000000,1.000000,0.860199,-0.860199
1.000000,1.000000,0.93253,-0.93253
1.000000,1.000000,0.93245,-0.93245
1.000000,1.000000,0.932371,-0.932371
1.000000,1.000000,0.932291,-0.932291
1.000000,1.000000,1.08306,-1.08306
1.000000,1.000000,1.08299,-1.08299
1.000000,1.000000,1.08292,-1.08292
1.000000,1.000000,1.08285,-1.08285
1.000000,1.000000,1.08278,-1.08278
1.000000,1.000000,1.03901,-1.03901
1.000000,1.000000,1.03895,-1.03895
1.000000,1.000000,1.03888,-1.03888
1.000000,1.000000,1.03882,-1.03882
1.000000,1.000000,0.874701,-0.874701
1.000000,1.000000,0.874628,-0.874628
1.000000,1.000000,0.874554,-0.874554
1.000000,1.000000,0.874481,-0.874481
1.000000,1.000000,1.09461,-1.09461
1.000000,1.000000,1.09454,-1.09454
1.000000,1.000000,1.09448,-1.09448
1.000000,1.000000,1.09442,-1.09442
1.000000,1.000000,1.09436,-1.09436
1.000000,1.000000,1.04041,-1.04041
1.000000,1.000000,1.04035,-1.04035
1.000000,1.000000,1.04028,-1.04028
1.000000,1.000000,1.04021,-1.04021
1.000000,1.000000,1.06108,-1.06108
1.000000,1.000000,1.06102,-1.06102
1.000000,1.000000,1.06095,-1.06095
1.000000,1.000000,1.06089,-1.06089
1.000000,1.000000,0.986582,-0.986582
1.000000,1.000000,0.986514,-0.986514
1.000000,1.000000,0.986446,-0.986446
1.000000,1.000000,0.986378,-0.986378
1.000000,1.000000,0.98631,-0.98631
1.000000,1.000000,0.945428,-0.945428
1.000000,1.000000,0.945358,-0.945358
1.000000,1.000000,0.945288,-0.945288
1.000000,1.000000,0.945218,-0.945218
1.000000,1.000000,0.908768,-0.908768
1.000000,1.000000,0.908696,-0.908696
1.000000,1.000000,0.908625,-0.908625
1.000000,1.000000,0.908553,-0.908553
1.000000,1.000000,0.777141,-0.777141
1.000000,1.000000,0.777063,-0.777063
1.000000,1.000000,0.776986,-0.776986
1.000000,1.000000,0.776908,-0.776908
1.000000,1.000000,0.77683,-0.77683
1.000000,1.000000,0.856489,-0.856489
1.000000,1.000000,0.856415,-0.856415
1.000000,1.000000,0.856341,-0.856341
1.000000,1.000000,0.856267,-0.856267
1.000000,1.000000,0.928787,-0.928787
1.000000,1.000000,0.928717,-0.928717
1.000000,1.000000,0.928646,-0.928646
1.000000,1.000000,0.928575,-0.928575
1.000000,1.000000,1.07973,-1.07973
1.000000,1.000000,1.07966,-1.07966
1.000000,1.000000,1.0796,-1.0796
1.000000,1.000000,1.07953,-1.07953
1.000000,1.000000,1.07947,-1.07947
1.000000,1.000000,1.07947,-1.07947
1.000000,1.000000,1.03561,-1.03561
1.000000,1.000000,1.03555,-1.03555
1.000000,1.000000,1.0355,-1.0355
1.000000,1.000000,1.03544,-1.03544
1.000000,1.000000,0.870934,-0.870934
1.000000,1.000000,0.87087,-0.87087
1.000000,1.000000,0.870806,-0.870806
1.000000,1.000000,0.870742,-0.870742
1.000000,1.000000,1.0914,-1.0914
1.000000,1.000000,1.09135,-1.09135
1.000000,1.000000,1.09129,-1.09129
1.000000,1.000000,1.09124,-1.09124
1.000000,1.000000,1.09118,-1.09118
1.000000,1.000000,1.03712,-1.03712
1.000000,1.000000,1.03706,-1.03706
1.000000,1.000000,1.037,-1.037
1.000000,1.000000,1.03695,-1.03695
1.000000,1.000000,1.05787,-1.05787
1.000000,1.000000,1.05781,-1.05781
1.000000,1.000000,1.05776,-1.05776
1.000000,1.000000,1.0577,-1.0577
1.000000,1.000000,0.98323,-0.98323
1.000000,1.000000,0.98317,-0.98317
1.000000,1.000000,0.983111,-0.983111
1.000000,1.000000,0.983051,-0.983051
1.000000,1.000000,0.982991,-0.982991
1.000000,1.000000,0.942025,-0.942025
1.000000,1.000000,0.941964,-0.941964
1.000000,1.000000,0.941902,-0.941902
1.000000,1.000000,0.941841,-0.941841
1.000000,1.000000,0.905317,-0.905317
1.000000,1.000000,0.905254,-0.905254
1.000000,1.000000,0.905191,-0.905191
1.000000,1.000000,0.905128,-0.905128
1.000000,1.000000,0.773431,-0.773431
1.000000,1.000000,0.773363,-0.773363
1.000000,1.000000,0.773295,-0.773295
1.000000,1.000000,0.773227,-0.773227
1.000000,1.000000,0.773159,-0.773159
1.000000,1.000000,0.853003,-0.853003
1.000000,1.000000,0.852939,-0.852939
1.000000,1.000000,0.852874,-0.852874
0.912573,0.912573,0.852809,-0.852809
0.912573,0.912573,0.925497,-0.925497
0.912573,0.912573,0.925435,-0.925435
0.982515,0.982515,0.925373,-0.925373
0.912573,0.912573,0.925311,-0.925311
0.912573,0.912573,1.0768,-1.0768
0.912573,0.912573,1.07674,-1.07674
0.912573,0.912573,1.07669,-1.07669
0.912573,0.912573,1.07663,-1.07663
0.912573,0.912573,1.07657,-1.07657
0.982515,0.982515,1.03263,-1.03263
0.912573,0.912573,1.03258,-1.03258
1.000000,1.000000,1.03253,-1.03253
1.000000,1.000000,1.03248,-1.03248
1.000000,1.000000,0.867636,-0.867636
1.000000,1.000000,0.867581,-0.867581
1.000000,1.000000,0.867525,-0.867525
1.000000,1.000000,0.86747,-0.86747
1.000000,1.000000,1.0886,-1.0886
1.000000,1.000000,1.08855,-1.08855
1.000000,1.000000,1.08851,-1.08851
1.000000,1.000000,1.08846,-1.08846
1.000000,1.000000,1.08841,-1.08841
1.000000,1.000000,1.03424,-1.03424
1.000000,1.000000,1.03419,-1.03419
1.000000,1.000000,1.03414,-1.03414
1.000000,1.000000,1.0341,-1.0341
1.000000,1.000000,1.05507,-1.05507
1.000000,1.000000,1.05502,-1.05502
1.000000,1.000000,1.05497,-1.05497
1.000000,1.000000,1.05492,-1.05492
1.000000,1.000000,0.980311,-0.980311
1.000000,1.000000,0.98026,-0.98026
1.000000,1.000000,0.980209,-0.980209
1.000000,1.000000,0.980157,-0.980157
1.000000,1.000000,0.980106,-0.980106
1.000000,1.000000,0.939067,-0.939067
1.000000,1.000000,0.939014,-0.939014
1.000000,1.000000,0.938961,-0.938961
1.000000,1.000000,0.938908,-0.938908
1.000000,1.000000,0.902321,-0.902321
1.000000,1.000000,0.902267,-0.902267
1.000000,1.000000,0.902213,-0.902213
1.000000,1.000000,0.902159,-0.902159
1.000000,1.000000,0.770215,-0.770215
1.000000,1.000000,0.770157,-0.770157
1.000000,1.000000,0.770098,-0.770098
1.000000,1.000000,0.770039,-0.770039
1.000000,1.000000,0.769981,-0.769981
1.000000,1.000000,0.849987,-0.849987
1.000000,1.000000,0.849931,-0.849931
1.000000,1.000000,0.849876,-0.849876
1.000000,1.000000,0.84982,-0.84982
1.000000,1.000000,0.922654,-0.922654
1.000000,1.000000,0.9226,-0.9226
1.000000,1.000000,0.922547,-0.922547
1.000000,1.000000,0.922494,-0.922494
1.000000,1.000000,1.07427,-1.07427
1.000000,1.000000,1.07422,-1.07422
1.000000,1.000000,1.07417,-1.07417
1.000000,1.000000,1.07413,-1.07413
1.000000,1.000000,1.07408,-1.07408
1.000000,1.000000,1.03006,-1.03006
1.000000,1.000000,1.03002,-1.03002
1.000000,1.000000,1.02998,-1.02998
1.000000,1.000000,1.02994,-1.02994
1.000000,1.000000,0.864802,-0.864802
1.000000,1.000000,0.864755,-0.864755
1.000000,1.000000,0.864709,-0.864709
1.000000,1.000000,0.864662,-0.864662
1.000000,1.000000,1.0862,-1.0862
1.000000,1.000000,1.08616,-1.08616
1.000000,1.000000,1.08612,-1.08612
1.000000,1.000000,1.08608,-1.08608
1.000000,1.000000,1.08604,-1.08604
1.000000,1.000000,1.03178,-1.03178
1.000000,1.000000,1.03174,-1.03174
1.000000,1.000000,1.0317,-1.0317
1.000000,1.000000,1.03166,-1.03166
1.000000,1.000000,1.05268,-1.05268
1.000000,1.000000,1.05264,-1.05264
1.000000,1.000000,1.05259,-1.05259
1.000000,1.000000,1.05255,-1.05255
1.000000,1.000000,0.977823,-0.977823
1.000000,1.000000,0.97778,-0.97778
1.000000,1.000000,0.977737,-0.977737
1.000000,1.000000,0.977694,-0.977694
1.000000,1.000000,0.977651,-0.977651
1.000000,1.000000,0.936551,-0.936551
1.000000,1.000000,0.936507,-0.936507
1.000000,1.000000,0.936462,-0.936462
1.000000,1.000000,0.936418,-0.936418
1.000000,1.000000,0.899779,-0.899779
1.000000,1.000000,0.899733,-0.899733
1.000000,1.000000,0.899688,-0.899688
1.000000,1.000000,0.899643,-0.899643
1.000000,1.000000,0.767492,-0.767492
1.000000,1.000000,0.767443,-0.767443
1.000000,1.000000,0.767394,-0.767394
1.000000,1.000000,0.767344,-0.767344
1.000000,1.000000,0.767295,-0.767295
1.000000,1.000000,0.84744,-0.84744
1.000000,1.000000,0.847393,-0.847393
1.000000,1.000000,0.847347,-0.847347
1.000000,1.000000,0.8473,-0.8473
1.000000,1.000000,0.920258,-0.920258
1.000000,1.000000,0.920214,-0.920214
1.000000,1.000000,0.920169,-0.920169
1.000000,1.000000,0.920124,-0.920124
1.000000,1.000000,1.07215,-1.07215
1.000000,1.000000,1.07211,-1.07211
1.000000,1.000000,1.07207,-1.07207
1.000000,1.000000,1.07203,-1.07203
1.000000,1.000000,1.07199,-1.07199
1.000000,1.000000,1.02791,-1.02791
1.000000,1.000000,1.02787,-1.02787
1.000000,1.000000,1.02784,-1.02784
1.000000,1.000000,1.02781,-1.02781
1.000000,1.000000,0.862432,-0.862432
1.000000,1.000000,0.862395,-0.862395
1.000000,1.000000,0.862358,-0.862358
1.000000,1.000000,0.862321,-0.862321
1.000000,1.000000,1.08419,-1.08419
1.000000,1.000000,1.08416,-1.08416
1.000000,1.000000,1.08413,-1.08413
1.000000,1.000000,1.0841,-1.0841
1.000000,1.000000,1.08407,-1.08407
1.000000,1.000000,1.02974,-1.02974
1.000000,1.000000,1.02971,-1.02971
1.000000,1.000000,1.02967,-1.02967
1.000000,1.000000,1.02964,-1.02964
1.000000,1.000000,1.0507,-1.0507
1.000000,1.000000,1.05066,-1.05066
1.000000,1.000000,1.05063,-1.05063
1.000000,1.000000,1.0506,-1.0506
1.000000,1.000000,0.975769,-0.975769
1.000000,1.000000,0.975734,-0.975734
1.000000,1.000000,0.975699,-0.975699
1.000000,1.000000,0.975665,-0.975665
1.000000,1.000000,0.97563,-0.97563
1.000000,1.000000,0.934482,-0.934482
1.000000,1.000000,0.934446,-0.934446
1.000000,1.000000,0.934411,-0.934411
1.000000,1.000000,0.934375,-0.934375
1.000000,1.000000,0.897695,-0.897695
1.000000,1.000000,0.897658,-0.897658
1.000000,1.000000,0.897621,-0.897621
1.000000,1.000000,0.897585,-0.897585
1.000000,1.000000,0.765267,-0.765267
1.000000,1.000000,0.765228,-0.765228
1.000000,1.000000,0.765188,-0.765188
1.000000,1.000000,0.765148,-0.765148
1.000000,1.000000,0.765109,-0.765109
1.000000,1.000000,0.845368,-0.845368
1.000000,1.000000,0.845331,-0.845331
1.000000,1.000000,0.845293,-0.845293
1.000000,1.000000,0.845255,-0.845255
1.000000,1.000000,0.918317,-0.918317
0.912573,0.912573,0.918281,-0.918281
0.912573,0.912573,0.918245,-0.918245
1.000000,1.000000,0.918209,-0.918209
0.982515,0.982515,1.07043,-1.07043
1.000000,1.000000,1.0704,-1.0704
1.000000,1.000000,1.07037,-1.07037
1.000000,1.000000,1.07033,-1.07033
1.000000,1.000000,1.0703,-1.0703
1.000000,1.000000,1.02618,-1.02618
1.000000,1.000000,1.02615,-1.02615
1.000000,1.000000,1.02613,-1.02613
1.000000,1.000000,1.0261,-1.0261
1.000000,1.000000,0.860535,-0.860535
1.000000,1.000000,0.860507,-0.860507
1.000000,1.000000,0.860479,-0.860479
1.000000,1.000000,0.860451,-0.860451
1.000000,1.000000,1.0826,-1.0826
1.000000,1.000000,1.08257,-1.08257
1.000000,1.000000,1.08255,-1.08255
1.000000,1.000000,1.08252,-1.08252
1.000000,1.000000,1.0825,-1.0825
1.000000,1.000000,1.02812,-1.02812
1.000000,1.000000,1.02809,-1.02809
1.000000,1.000000,1.02807,-1.02807
1.000000,1.000000,1.02804,-1.02804
1.000000,1.000000,1.04913,-1.04913
1.000000,1.000000,1.04911,-1.04911
1.000000,1.000000,1.04908,-1.04908
1.000000,1.000000,1.04906,-1.04906
1.000000,1.000000,0.974153,-0.974153
1.000000,1.000000,0.974127,-0.974127
1.000000,1.000000,0.974101,-0.974101
1.000000,1.000000,0.974074,-0.974074
1.000000,1.000000,0.974048,-0.974048
1.000000,1.000000,0.932864,-0.932864
1.000000,1.000000,0.932837,-0.932837
1.000000,1.000000,0.93281,-0.93281
1.000000,1.000000,0.932783,-0.932783
1.000000,1.000000,0.896073,-0.896073
1.000000,1.000000,0.896045,-0.896045
1.000000,1.000000,0.896018,-0.896018
1.000000,1.000000,0.89599,-0.89599
1.000000,1.000000,0.763545,-0.763545
1.000000,1.000000,0.763515,-0.763515
1.000000,1.000000,0.763485,-0.763485
1.000000,1.000000,0.763455,-0.763455
1.000000,1.000000,0.763425,-0.763425
1.000000,1.000000,0.843774,-0.843774
1.000000,1.000000,0.843746,-0.843746
1.000000,1.000000,0.843717,-0.843717
1.000000,1.000000,0.843689,-0.843689
1.000000,1.000000,0.916831,-0.916831
1.000000,1.000000,0.916804,-0.916804
1.000000,1.000000,0.916777,-0.916777
1.000000,1.000000,0.91675,-0.91675
1.000000,1.000000,1.06913,-1.06913
1.000000,1.000000,1.0691,-1.0691
1.000000,1.000000,1.06908,-1.06908
1.000000,1.000000,1.06905,-1.06905
1.000000,1.000000,1.06903,-1.06903
1.000000,1.000000,1.02487,-1.02487
1.000000,1.000000,1.02485,-1.02485
1.000000,1.000000,1.02484,-1.02484
1.000000,1.000000,1.02482,-1.02482
1.000000,1.000000,0.859112,-0.859112
1.000000,1.000000,0.859093,-0.859093
1.000000,1.000000,0.859074,-0.859074
1.000000,1.000000,0.859055,-0.859055
1.000000,1.000000,1.08141,-1.08141
1.000000,1.000000,1.08139,-1.08139
1.000000,1.000000,1.08137,-1.08137
1.000000,1.000000,1.08136,-1.08136
1.000000,1.000000,1.08134,-1.08134
1.000000,1.000000,1.02692,-1.02692
1.000000,1.000000,1.0269,-1.0269
1.000000,1.000000,1.02689,-1.02689
1.000000,1.000000,1.02687,-1.02687
1.000000,1.000000,1.04798,-1.04798
1.000000,1.000000,1.04796,-1.04796
1.000000,1.000000,1.04795,-1.04795
1.000000,1.000000,1.04793,-1.04793
1.000000,1.000000,0.972975,-0.972975
1.000000,1.000000,0.972957,-0.972957
1.000000,1.000000,0.97294,-0.97294
1.000000,1.000000,0.972922,-0.972922
1.000000,1.000000,0.972904,-0.972904
1.000000,1.000000,0.931696,-0.931696
1.000000,1.000000,0.931678,-0.931678
1.000000,1.000000,0.93166,-0.93166
1.000000,1.000000,0.931641,-0.931641
1.000000,1.000000,0.894912,-0.894912
1.000000,1.000000,0.894893,-0.894893
1.000000,1.000000,0.894874,-0.894874
1.000000,1.000000,0.894856,-0.894856
1.000000,1.000000,0.762322,-0.762322
1.000000,1.000000,0.762302,-0.762302
1.000000,1.000000,0.762282,-0.762282
1.000000,1.000000,0.762261,-0.762261
1.000000,1.000000,0.762241,-0.762241
1.000000,1.000000,0.842657,-0.842657
1.000000,1.000000,0.842637,-0.842637
0.912573,0.912573,0.842618,-0.842618
0.912573,0.912573,0.842599,-0.842599
0.912573,0.912573,0.9158,-0.9158
0.912573,0.912573,0.915781,-0.915781
0.912573,0.912573,0.915763,-0.915763
0.912573,0.912573,0.915744,-0.915744
0.912573,0.912573,1.06823,-1.06823
0.912573,0.912573,1.06821,-1.06821
0.912573,0.912573,1.0682,-1.0682
0.912573,0.912573,1.06818,-1.06818
0.912573,0.912573,1.06816,-1.06816
0.912573,0.912573,1.06816,-1.06816
0.912573,0.912573,1.02399,-1.02399
0.912573,0.912573,1.02398,-1.02398
0.912573,0.912573,1.02397,-1.02397
0.912573,0.912573,1.02396,-1.02396
0.912573,0.912573,0.858159,-0.858159
0.912573,0.912573,0.858148,-0.858148
0.912573,0.912573,0.858138,-0.858138
0.912573,0.912573,0.858128,-0.858128
0.912573,0.912573,1.08062,-1.08062
0.912573,0.912573,1.08061,-1.08061
0.912573,0.912573,1.0806,-1.0806
0.912573,0.912573,1.08059,-1.08059
1.000000,1.000000,1.08058,-1.08058
1.000000,1.000000,1.02614,-1.02614
1.000000,1.000000,1.02613,-1.02613
1.000000,1.000000,1.02612,-1.02612
1.000000,1.000000,1.02611,-1.02611
1.000000,1.000000,1.04724,-1.04724
1.000000,1.000000,1.04724,-1.04724
1.000000,1.000000,1.04723,-1.04723
1.000000,1.000000,1.04722,-1.04722
1.000000,1.000000,0.972232,-0.972232
1.000000,1.000000,0.972222,-0.972222
1.000000,1.000000,0.972213,-0.972213
1.000000,1.000000,0.972203,-0.972203
1.000000,1.000000,0.972194,-0.972194
1.000000,1.000000,0.930974,-0.930974
1.000000,1.000000,0.930964,-0.930964
1.000000,1.000000,0.930955,-0.930955
1.000000,1.000000,0.930945,-0.930945
1.000000,1.000000,0.894207,-0.894207
1.000000,1.000000,0.894197,-0.894197
1.000000,1.000000,0.894187,-0.894187
1.000000,1.000000,0.894177,-0.894177
1.000000,1.000000,0.761595,-0.761595
1.000000,1.000000,0.761584,-0.761584
1.000000,1.000000,0.761573,-0.761573
1.000000,1.000000,0.761562,-0.761562
1.000000,1.000000,0.761551,-0.761551
1.000000,1.000000,0.842009,-0.842009
1.000000,1.000000,0.841999,-0.841999
1.000000,1.000000,0.841988,-0.841988
1.000000,1.000000,0.841978,-0.841978
1.000000,1.000000,0.915217,-0.915217
1.000000,1.000000,0.915207,-0.915207
1.000000,1.000000,0.915197,-0.915197
1.000000,1.000000,0.915187,-0.915187
1.000000,1.000000,1.06774,-1.06774
1.000000,1.000000,1.06773,-1.06773
1.000000,1.000000,1.06772,-1.06772
1.000000,1.000000,1.06771,-1.06771
1.000000,1.000000,1.0677,-1.0677
1.000000,1.000000,1.02352,-1.02352
1.000000,1.000000,1.02352,-1.02352
1.000000,1.000000,1.02351,-1.02351
1.000000,1.000000,1.02351,-1.02351
1.000000,1.000000,0.857669,-0.857669
1.000000,1.000000,0.857668,-0.857668
1.000000,1.000000,0.857666,-0.857666
1.000000,1.000000,0.857665,-0.857665
1.000000,1.000000,1.08023,-1.08023
1.000000,1.000000,1.08023,-1.08023
1.000000,1.000000,1.08022,-1.08022
1.000000,1.000000,1.08022,-1.08022
1.000000,1.000000,1.08022,-1.08022
1.000000,1.000000,1.02577,-1.02577
1.000000,1.000000,1.02577,-1.02577
1.000000,1.000000,1.02577,-1.02577
1.000000,1.000000,1.02577,-1.02577
1.000000,1.000000,1.04692,-1.04692
1.000000,1.000000,1.04691,-1.04691
1.000000,1.000000,1.04691,-1.04691
1.000000,1.000000,1.04691,-1.04691
1.000000,1.000000,0.971918,-0.971918
1.000000,1.000000,0.971916,-0.971916
1.000000,1.000000,0.971915,-0.971915
1.000000,1.000000,0.971914,-0.971914
1.000000,1.000000,0.971913,-0.971913
1.000000,1.000000,0.930694,-0.930694
1.000000,1.000000,0.930693,-0.930693
1.000000,1.000000,0.930691,-0.930691
1.000000,1.000000,0.93069,-0.93069
1.000000,1.000000,0.893954,-0.893954
1.000000,1.000000,0.893953,-0.893953
1.000000,1.000000,0.893952,-0.893952
1.000000,1.000000,0.89395,-0.89395
1.000000,1.000000,0.761358,-0.761358
1.000000,1.000000,0.761357,-0.761357
1.000000,1.000000,0.761355,-0.761355
1.000000,1.000000,0.761354,-0.761354
1.000000,1.000000,0.761352,-0.761352
1.000000,1.000000,0.841829,-0.841829
1.000000,1.000000,0.841827,-0.841827
1.000000,1.000000,0.841826,-0.841826
1.000000,1.000000,0.841825,-0.841825
1.000000,1.000000,0.915079,-0.915079
1.000000,1.000000,0.915077,-0.915077
1.000000,1.000000,0.915076,-0.915076
1.000000,1.000000,0.915075,-0.915075
1.000000,1.000000,1.06764,-1.06764
1.000000,1.000000,1.06764,-1.06764
1.000000,1.000000,1.06764,-1.06764
1.000000,1.000000,1.06764,-1.06764
1.000000,1.000000,1.06764,-1.06764
1.000000,1.000000,1.02346,-1.02346
1.000000,1.000000,1.02347,-1.02347
1.000000,1.000000,1.02347,-1.02347
1.000000,1.000000,1.02348,-1.02348
1.000000,1.000000,0.857642,-0.857642
1.000000,1.000000,0.857649,-0.857649
1.000000,1.000000,0.857657,-0.857657
1.000000,1.000000,0.857664,-0.857664
1.000000,1.000000,1.08023,-1.08023
1.000000,1.000000,1.08024,-1.08024
1.000000,1.000000,1.08025,-1.08025
1.000000,1.000000,1.08025,-1.08025
1.000000,1.000000,1.08026,-1.08026
1.000000,1.000000,1.02582,-1.02582
1.000000,1.000000,1.02583,-1.02583
1.000000,1.000000,1.02583,-1.02583
1.000000,1.000000,1.02584,-1.02584
1.000000,1.000000,1.04699,-1.04699
1.000000,1.000000,1.047,-1.047
1.000000,1.000000,1.04701,-1.04701
1.000000,1.000000,1.04701,-1.04701
1.000000,1.000000,0.972032,-0.972032
1.000000,1.000000,0.972039,-0.972039
1.000000,1.000000,0.972046,-0.972046
1.000000,1.000000,0.972053,-0.972053
1.000000,1.000000,0.97206,-0.97206
1.000000,1.000000,0.930854,-0.930854
1.000000,1.000000,0.930861,-0.930861
1.000000,1.000000,0.930868,-0.930868
1.000000,1.000000,0.930875,-0.930875
1.000000,1.000000,0.894153,-0.894153
1.000000,1.000000,0.894161,-0.894161
1.000000,1.000000,0.894168,-0.894168
1.000000,1.000000,0.894175,-0.894175
1.000000,1.000000,0.761612,-0.761612
1.000000,1.000000,0.761619,-0.761619
1.000000,1.000000,0.761627,-0.761627
1.000000,1.000000,0.761635,-0.761635
1.000000,1.000000,0.761643,-0.761643
1.000000,1.000000,0.842115,-0.842115
1.000000,1.000000,0.842123,-0.842123
1.000000,1.000000,0.84213,-0.84213
1.000000,1.000000,0.842138,-0.842138
1.000000,1.000000,0.915386,-0.915386
1.000000,1.000000,0.915393,-0.915393
1.000000,1.000000,0.9154,-0.9154
1.000000,1.000000,0.915408,-0.915408
1.000000,1.000000,1.06795,-1.06795
1.000000,1.000000,1.06796,-1.06796
1.000000,1.000000,1.06796,-1.06796
1.000000,1.000000,1.06797,-1.06797
1.000000,1.000000,1.06798,-1.06798
1.000000,1.000000,1.02382,-1.02382
1.000000,1.000000,1.02383,-1.02383
1.000000,1.000000,1.02385,-1.02385
1.000000,1.000000,1.02386,-1.02386
1.000000,1.000000,0.858076,-0.858076
1.000000,1.000000,0.858092,-0.858092
1.000000,1.000000,0.858108,-0.858108
1.000000,1.000000,0.858124,-0.858124
1.000000,1.000000,1.08064,-1.08064
1.000000,1.000000,1.08065,-1.08065
1.000000,1.000000,1.08066,-1.08066
1.000000,1.000000,1.08068,-1.08068
1.000000,1.000000,1.08069,-1.08069
1.000000,1.000000,1.02628,-1.02628
1.000000,1.000000,1.02629,-1.02629
1.000000,1.000000,1.02631,-1.02631
1.000000,1.000000,1.02632,-1.02632
1.000000,1.000000,1.04748,-1.04748
1.000000,1.000000,1.04749,-1.04749
1.000000,1.000000,1.0475,-1.0475
1.000000,1.000000,1.04752,-1.04752
1.000000,1.000000,0.972574,-0.972574
1.000000,1.000000,0.972589,-0.972589
1.000000,1.000000,0.972604,-0.972604
1.000000,1.000000,0.972619,-0.972619
1.000000,1.000000,0.972634,-0.972634
1.000000,1.000000,0.931452,-0.931452
1.000000,1.000000,0.931468,-0.931468
1.000000,1.000000,0.931484,-0.931484
1.000000,1.000000,0.931499,-0.931499
1.000000,1.000000,0.894801,-0.894801
1.000000,1.000000,0.894817,-0.894817
1.000000,1.000000,0.894833,-0.894833
1.000000,1.000000,0.894849,-0.894849
1.000000,1.000000,0.762352,-0.762352
1.000000,1.000000,0.76237,-0.76237
1.000000,1.000000,0.762387,-0.762387
1.000000,1.000000,0.762404,-0.762404
1.000000,1.000000,0.762421,-0.762421
1.000000,1.000000,0.842864,-0.842864
1.000000,1.000000,0.842881,-0.842881
1.000000,1.000000,0.842898,-0.842898
1.000000,1.000000,0.842914,-0.842914
1.000000,1.000000,0.916135,-0.916135
1.000000,1.000000,0.916151,-0.916151
