0cont_fund,0ins_pout,0ins_price,0infra_npv,0debt_serv,0gross_rev,0cont_contrib,0drought_cost,0water_price
0,0,0,0,60,1.87649e+07,-2.40067e+06,2.40067e+06,1.3579e+07
0,0,0,0,0,1.87737e+07,-2.40179e+06,2.40179e+06,1.3579e+07
0,0,0,0,0,1.87825e+07,-2.40292e+06,2.40292e+06,1.3579e+07
0,0,0,0,0,1.87913e+07,-2.40404e+06,2.40404e+06,1.3579e+07
0,0,0,0,0,2.08166e+07,-2.66315e+06,2.66315e+06,1.3579e+07
0,0,0,0,0,2.08264e+07,-2.6644e+06,2.6644e+06,1.3579e+07
0,0,0,0,0,2.08361e+07,-2.66564e+06,2.66564e+06,1.3579e+07
0,0,0,0,0,2.08459e+07,-2.66689e+06,2.66689e+06,1.3579e+07
0,0,0,0,0,1.80646e+07,-2.31107e+06,2.31107e+06,1.3579e+07
0,0,0,0,0,1.8073e+07,-2.31215e+06,2.31215e+06,1.3579e+07
0,0,0,0,0,1.80815e+07,-2.31323e+06,2.31323e+06,1.3579e+07
0,0,0,0,0,1.80899e+07,-2.31431e+06,2.31431e+06,1.3579e+07
0,0,0,0,0,1.80984e+07,-2.31539e+06,2.31539e+06,1.3579e+07
0,0,0,0,0,1.88008e+07,-2.40525e+06,2.40525e+06,1.3579e+07
0,0,0,0,0,1.88096e+07,-2.40638e+06,2.40638e+06,1.3579e+07
0,0,0,0,0,1.88183e+07,-2.4075e+06,2.4075e+06,1.3579e+07
0,0,0,0,0,1.88271e+07,-2.40863e+06,2.40863e+06,1.3579e+07
0,0,0,0,0,1.8565e+07,-2.37509e+06,2.37509e+06,1.3579e+07
0,0,0,0,0,1.85737e+07,-2.3762e+06,2.3762e+06,1.3579e+07
0,0,0,0,0,1.85823e+07,-2.37731e+06,2.37731e+06,1.3579e+07
0,0,0,0,0,1.8591e+07,-2.37842e+06,2.37842e+06,1.3579e+07
0,0,0,0,0,1.95419e+07,-2.50007e+06,2.50007e+06,1.3579e+07
0,0,0,0,0,1.9551e+07,-2.50124e+06,2.50124e+06,1.3579e+07
0,0,0,0,0,1.95601e+07,-2.5024e+06,2.5024e+06,1.3579e+07
0,0,0,0,0,1.95692e+07,-2.50357e+06,2.50357e+06,1.3579e+07
0,0,0,0,0,1.95784e+07,-2.50473e+06,2.50473e+06,1.3579e+07
0,0,0,0,0,1.9767e+07,-2.52886e+06,2.52886e+06,1.3579e+07
0,0,0,0,0,1.97762e+07,-2.53004e+06,2.53004e+06,1.3579e+07
0,0,0,0,0,1.97854e+07,-2.53122e+06,2.53122e+06,1.3579e+07
0,0,0,0,0,1.97946e+07,-2.53239e+06,2.53239e+06,1.3579e+07
0,0,0,0,0,2.02768e+07,-2.59408e+06,2.59408e+06,1.3579e+07
0,0,0,0,0,2.02862e+07,-2.59529e+06,2.59529e+06,1.3579e+07
0,0,0,0,0,2.02956e+07,-2.5965e+06,2.5965e+06,1.3579e+07
0,0,0,0,0,2.03051e+07,-2.59771e+06,2.59771e+06,1.3579e+07
0,0,0,0,0,2.18663e+07,-2.79744e+06,2.79744e+06,1.3579e+07
0,0,0,0,0,2.18765e+07,-2.79874e+06,2.79874e+06,1.3579e+07
0,0,0,0,0,2.18866e+07,-2.80004e+06,2.80004e+06,1.3579e+07
0,0,0,0,0,2.18968e+07,-2.80134e+06,2.80134e+06,1.3579e+07
0,0,0,0,0,2.1907e+07,-2.80264e+06,2.80264e+06,1.3579e+07
0,0,0,0,0,2.10549e+07,-2.69363e+06,2.69363e+06,1.3579e+07
0,0,0,0,0,2.10646e+07,-2.69488e+06,2.69488e+06,1.3579e+07
0,0,0,0,0,2.10744e+07,-2.69613e+06,2.69613e+06,1.3579e+07
0,0,0,0,0,2.10842e+07,-2.69738e+06,2.69738e+06,1.3579e+07
0,0,0,0,0,2.03375e+07,-2.60185e+06,2.60185e+06,1.3579e+07
0,0,0,0,0,2.03469e+07,-2.60306e+06,2.60306e+06,1.3579e+07
0,0,0,0,0,2.03564e+07,-2.60427e+06,2.60427e+06,1.3579e+07
0,0,0,0,0,2.03658e+07,-2.60548e+06,2.60548e+06,1.3579e+07
0,0,0,0,0,1.85889e+07,-2.37814e+06,2.37814e+06,1.3579e+07
0,0,0,0,0,1.85975e+07,-2.37924e+06,2.37924e+06,1.3579e+07
0,0,0,0,0,1.86061e+07,-2.38035e+06,2.38035e+06,1.3579e+07
0,0,0,0,0,1.86147e+07,-2.38145e+06,2.38145e+06,1.3579e+07
0,0,0,0,0,1.86233e+07,-2.38255e+06,2.38255e+06,1.3579e+07
0,0,0,8.18532e+07,60,1.92246e+07,-2.45947e+06,2.45947e+06,1.3579e+07
0,0,0,8.18532e+07,0,1.92332e+07,-2.46057e+06,2.46057e+06,1.3579e+07
0,0,0,8.18532e+07,0,1.92418e+07,-2.46168e+06,2.46168e+06,1.3579e+07
0,0,0,8.18532e+07,0,1.92505e+07,-2.46278e+06,2.46278e+06,1.3579e+07
0,0,0,8.18532e+07,0,2.13249e+07,-2.72817e+06,2.72817e+06,1.3579e+07
0,0,0,8.18532e+07,0,2.13344e+07,-2.72939e+06,2.72939e+06,1.3579e+07
0,0,0,8.18532e+07,0,2.1344e+07,-2.73062e+06,2.73062e+06,1.3579e+07
0,0,0,8.18532e+07,0,2.13536e+07,-2.73184e+06,2.73184e+06,1.3579e+07
0,0,0,8.18532e+07,0,1.85042e+07,-2.36731e+06,2.36731e+06,1.3579e+07
0,0,0,8.18532e+07,0,1.85125e+07,-2.36837e+06,2.36837e+06,1.3579e+07
0,0,0,8.18532e+07,0,1.85208e+07,-2.36943e+06,2.36943e+06,1.3579e+07
0,0,0,8.18532e+07,0,1.85291e+07,-2.37049e+06,2.37049e+06,1.3579e+07
0,0,0,8.18532e+07,0,1.85374e+07,-2.37156e+06,2.37156e+06,1.3579e+07
0,0,0,8.18532e+07,0,1.92564e+07,-2.46355e+06,2.46355e+06,1.3579e+07
0,0,0,8.18532e+07,0,1.92651e+07,-2.46465e+06,2.46465e+06,1.3579e+07
0,0,0,8.18532e+07,0,1.92737e+07,-2.46576e+06,2.46576e+06,1.3579e+07
0,0,0,8.18532e+07,0,1.92823e+07,-2.46686e+06,2.46686e+06,1.3579e+07
0,0,0,8.18532e+07,0,1.90135e+07,-2.43247e+06,2.43247e+06,1.3579e+07
0,0,0,8.18532e+07,0,1.9022e+07,-2.43355e+06,2.43355e+06,1.3579e+07
0,0,0,8.18532e+07,0,1.90305e+07,-2.43464e+06,2.43464e+06,1.3579e+07
0,0,0,8.18532e+07,0,1.9039e+07,-2.43573e+06,2.43573e+06,1.3579e+07
0,0,0,8.18532e+07,0,2.00125e+07,-2.56027e+06,2.56027e+06,1.3579e+07
0,0,0,8.18532e+07,0,2.00214e+07,-2.56141e+06,2.56141e+06,1.3579e+07
0,0,0,8.18532e+07,0,2.00303e+07,-2.56256e+06,2.56256e+06,1.3579e+07
0,0,0,8.18532e+07,0,2.00393e+07,-2.5637e+06,2.5637e+06,1.3579e+07
0,0,0,8.18532e+07,0,2.00482e+07,-2.56485e+06,2.56485e+06,1.3579e+07
0,0,0,8.18532e+07,0,2.0241e+07,-2.5895e+06,2.5895e+06,1.3579e+07
0,0,0,8.18532e+07,0,2.025e+07,-2.59066e+06,2.59066e+06,1.3579e+07
0,0,0,8.18532e+07,0,2.0259e+07,-2.59182e+06,2.59182e+06,1.3579e+07
0,0,0,8.18532e+07,0,2.02681e+07,-2.59297e+06,2.59297e+06,1.3579e+07
0,0,0,8.18532e+07,0,2.07614e+07,-2.65609e+06,2.65609e+06,1.3579e+07
0,0,0,8.18532e+07,0,2.07707e+07,-2.65727e+06,2.65727e+06,1.3579e+07
0,0,0,8.18532e+07,0,2.078e+07,-2.65846e+06,2.65846e+06,1.3579e+07
0,0,0,8.18532e+07,0,2.07892e+07,-2.65964e+06,2.65964e+06,1.3579e+07
0,0,0,8.18532e+07,0,2.23872e+07,-2.86408e+06,2.86408e+06,1.3579e+07
0,0,0,8.18532e+07,0,2.23972e+07,-2.86536e+06,2.86536e+06,1.3579e+07
0,0,0,8.18532e+07,0,2.24072e+07,-2.86664e+06,2.86664e+06,1.3579e+07
0,0,0,8.18532e+07,0,2.24172e+07,-2.86791e+06,2.86791e+06,1.3579e+07
0,0,0,8.18532e+07,0,2.24272e+07,-2.86919e+06,2.86919e+06,1.3579e+07
0,0,0,8.18532e+07,0,2.15544e+07,-2.75754e+06,2.75754e+06,1.3579e+07
0,0,0,8.18532e+07,0,2.1564e+07,-2.75876e+06,2.75876e+06,1.3579e+07
0,0,0,8.18532e+07,0,2.15736e+07,-2.75999e+06,2.75999e+06,1.3579e+07
0,0,0,8.18532e+07,0,2.15832e+07,-2.76122e+06,2.76122e+06,1.3579e+07
0,0,0,8.18532e+07,0,2.08184e+07,-2.66338e+06,2.66338e+06,1.3579e+07
0,0,0,8.18532e+07,0,2.08277e+07,-2.66457e+06,2.66457e+06,1.3579e+07
0,0,0,8.18532e+07,0,2.0837e+07,-2.66575e+06,2.66575e+06,1.3579e+07
0,0,0,8.18532e+07,0,2.08462e+07,-2.66694e+06,2.66694e+06,1.3579e+07
0,0,0,8.18532e+07,0,1.9027e+07,-2.43419e+06,2.43419e+06,1.3579e+07
0,0,0,8.18532e+07,0,1.90355e+07,-2.43528e+06,2.43528e+06,1.3579e+07
0,0,0,8.18532e+07,0,1.90439e+07,-2.43636e+06,2.43636e+06,1.3579e+07
0,0,0,8.18532e+07,0,1.90524e+07,-2.43744e+06,2.43744e+06,1.3579e+07
0,0,0,8.18532e+07,0,1.90608e+07,-2.43853e+06,2.43853e+06,1.3579e+07
0,0,0,8.18532e+07,60,1.96758e+07,-2.5172e+06,2.5172e+06,1.3579e+07
0,0,0,8.18532e+07,0,1.96843e+07,-2.51828e+06,2.51828e+06,1.3579e+07
0,0,0,8.18532e+07,0,1.96927e+07,-2.51936e+06,2.51936e+06,1.3579e+07
0,0,0,8.18532e+07,0,1.97012e+07,-2.52044e+06,2.52044e+06,1.3579e+07
0,0,0,8.18532e+07,0,2.18237e+07,-2.79199e+06,2.79199e+06,1.3579e+07
0,0,0,8.18532e+07,0,2.18331e+07,-2.79319e+06,2.79319e+06,1.3579e+07
0,0,0,8.18532e+07,0,2.18425e+07,-2.79439e+06,2.79439e+06,1.3579e+07
0,0,0,8.18532e+07,0,2.18518e+07,-2.79559e+06,2.79559e+06,1.3579e+07
0,0,0,8.18532e+07,0,1.89356e+07,-2.4225e+06,2.4225e+06,1.3579e+07
0,0,0,8.18532e+07,0,1.89437e+07,-2.42354e+06,2.42354e+06,1.3579e+07
0,0,0,8.18532e+07,0,1.89519e+07,-2.42458e+06,2.42458e+06,1.3579e+07
0,0,0,8.18532e+07,0,1.896e+07,-2.42562e+06,2.42562e+06,1.3579e+07
0,0,0,8.18532e+07,0,1.89681e+07,-2.42666e+06,2.42666e+06,1.3579e+07
0,0,0,8.18532e+07,0,1.97035e+07,-2.52074e+06,2.52074e+06,1.3579e+07
0,0,0,8.18532e+07,0,1.9712e+07,-2.52182e+06,2.52182e+06,1.3579e+07
0,0,0,8.18532e+07,0,1.97204e+07,-2.52291e+06,2.52291e+06,1.3579e+07
0,0,0,8.18532e+07,0,1.97289e+07,-2.52399e+06,2.52399e+06,1.3579e+07
0,0,0,8.18532e+07,0,1.94534e+07,-2.48875e+06,2.48875e+06,1.3579e+07
0,0,0,8.18532e+07,0,1.94617e+07,-2.48981e+06,2.48981e+06,1.3579e+07
0,0,0,8.18532e+07,0,1.94701e+07,-2.49088e+06,2.49088e+06,1.3579e+07
0,0,0,8.18532e+07,0,1.94784e+07,-2.49195e+06,2.49195e+06,1.3579e+07
0,0,0,8.18532e+07,0,2.04739e+07,-2.61931e+06,2.61931e+06,1.3579e+07
0,0,0,8.18532e+07,0,2.04827e+07,-2.62043e+06,2.62043e+06,1.3579e+07
0,0,0,8.18532e+07,0,2.04915e+07,-2.62155e+06,2.62155e+06,1.3579e+07
0,0,0,8.18532e+07,0,2.05002e+07,-2.62267e+06,2.62267e+06,1.3579e+07
0,0,0,8.18532e+07,0,2.0509e+07,-2.62379e+06,2.62379e+06,1.3579e+07
0,0,0,8.18532e+07,0,2.07057e+07,-2.64896e+06,2.64896e+06,1.3579e+07
0,0,0,8.18532e+07,0,2.07146e+07,-2.6501e+06,2.6501e+06,1.3579e+07
0,0,0,8.18532e+07,0,2.07235e+07,-2.65123e+06,2.65123e+06,1.3579e+07
0,0,0,8.18532e+07,0,2.07323e+07,-2.65236e+06,2.65236e+06,1.3579e+07
0,0,0,8.18532e+07,0,2.12365e+07,-2.71687e+06,2.71687e+06,1.3579e+07
0,0,0,8.18532e+07,0,2.12456e+07,-2.71803e+06,2.71803e+06,1.3579e+07
0,0,0,8.18532e+07,0,2.12547e+07,-2.71919e+06,2.71919e+06,1.3579e+07
0,0,0,8.18532e+07,0,2.12637e+07,-2.72035e+06,2.72035e+06,1.3579e+07
0,0,0,8.18532e+07,0,2.28978e+07,-2.9294e+06,2.9294e+06,1.3579e+07
0,0,0,8.18532e+07,0,2.29076e+07,-2.93065e+06,2.93065e+06,1.3579e+07
0,0,0,8.18532e+07,0,2.29173e+07,-2.9319e+06,2.9319e+06,1.3579e+07
0,0,0,8.18532e+07,0,2.29271e+07,-2.93315e+06,2.93315e+06,1.3579e+07
0,0,0,8.18532e+07,0,2.29369e+07,-2.9344e+06,2.9344e+06,1.3579e+07
0,0,0,8.18532e+07,0,2.20439e+07,-2.82016e+06,2.82016e+06,1.3579e+07
0,0,0,8.18532e+07,0,2.20533e+07,-2.82136e+06,2.82136e+06,1.3579e+07
0,0,0,8.18532e+07,0,2.20627e+07,-2.82256e+06,2.82256e+06,1.3579e+07
0,0,0,8.18532e+07,0,2.20721e+07,-2.82377e+06,2.82377e+06,1.3579e+07
0,0,0,8.18532e+07,0,2.12896e+07,-2.72366e+06,2.72366e+06,1.3579e+07
0,0,0,8.18532e+07,0,2.12987e+07,-2.72482e+06,2.72482e+06,1.3579e+07
0,0,0,8.18532e+07,0,2.13077e+07,-2.72598e+06,2.72598e+06,1.3579e+07
0,0,0,8.18532e+07,0,2.13168e+07,-2.72714e+06,2.72714e+06,1.3579e+07
0,0,0,8.18532e+07,0,1.94561e+07,-2.4891e+06,2.4891e+06,1.3579e+07
0,0,0,8.18532e+07,0,1.94644e+07,-2.49016e+06,2.49016e+06,1.3579e+07
0,0,0,8.18532e+07,0,1.94727e+07,-2.49122e+06,2.49122e+06,1.3579e+07
0,0,0,8.18532e+07,0,1.9481e+07,-2.49228e+06,2.49228e+06,1.3579e+07
0,0,0,8.18532e+07,0,1.94893e+07,-2.49334e+06,2.49334e+06,1.3579e+07
0,0,0,8.18532e+07,60,2.01177e+07,-2.57373e+06,2.57373e+06,1.3579e+07
0,0,0,8.18532e+07,0,2.01259e+07,-2.57479e+06,2.57479e+06,1.3579e+07
0,0,0,8.18532e+07,0,2.01342e+07,-2.57585e+06,2.57585e+06,1.3579e+07
0,0,0,8.18532e+07,0,2.01425e+07,-2.5769e+06,2.5769e+06,1.3579e+07
0,0,0,8.18532e+07,0,2.23122e+07,-2.85448e+06,2.85448e+06,1.3579e+07
0,0,0,8.18532e+07,0,2.23213e+07,-2.85565e+06,2.85565e+06,1.3579e+07
0,0,0,8.18532e+07,0,2.23305e+07,-2.85682e+06,2.85682e+06,1.3579e+07
0,0,0,8.18532e+07,0,2.23396e+07,-2.85799e+06,2.85799e+06,1.3579e+07
0,0,0,8.18532e+07,0,1.9358e+07,-2.47654e+06,2.47654e+06,1.3579e+07
0,0,0,8.18532e+07,0,1.93659e+07,-2.47755e+06,2.47755e+06,1.3579e+07
0,0,0,8.18532e+07,0,1.93738e+07,-2.47857e+06,2.47857e+06,1.3579e+07
0,0,0,8.18532e+07,0,1.93818e+07,-2.47958e+06,2.47958e+06,1.3579e+07
0,0,0,8.18532e+07,0,1.93897e+07,-2.4806e+06,2.4806e+06,1.3579e+07
0,0,0,8.18532e+07,0,2.01411e+07,-2.57672e+06,2.57672e+06,1.3579e+07
0,0,0,8.18532e+07,0,2.01493e+07,-2.57778e+06,2.57778e+06,1.3579e+07
0,0,0,8.18532e+07,0,2.01576e+07,-2.57884e+06,2.57884e+06,1.3579e+07
0,0,0,8.18532e+07,0,2.01658e+07,-2.57989e+06,2.57989e+06,1.3579e+07
0,0,0,8.18532e+07,0,1.98839e+07,-2.54383e+06,2.54383e+06,1.3579e+07
0,0,0,8.18532e+07,0,1.98921e+07,-2.54487e+06,2.54487e+06,1.3579e+07
0,0,0,8.18532e+07,0,1.99002e+07,-2.54591e+06,2.54591e+06,1.3579e+07
0,0,0,8.18532e+07,0,1.99084e+07,-2.54695e+06,2.54695e+06,1.3579e+07
0,0,0,8.18532e+07,0,2.09255e+07,-2.67707e+06,2.67707e+06,1.3579e+07
0,0,0,8.18532e+07,0,2.0934e+07,-2.67817e+06,2.67817e+06,1.3579e+07
0,0,0,8.18532e+07,0,2.09426e+07,-2.67926e+06,2.67926e+06,1.3579e+07
0,0,0,8.18532e+07,0,2.09512e+07,-2.68036e+06,2.68036e+06,1.3579e+07
0,0,0,8.18532e+07,0,2.09597e+07,-2.68146e+06,2.68146e+06,1.3579e+07
0,0,0,8.18532e+07,0,2.11604e+07,-2.70713e+06,2.70713e+06,1.3579e+07
0,0,0,8.18532e+07,0,2.11691e+07,-2.70824e+06,2.70824e+06,1.3579e+07
0,0,0,8.18532e+07,0,2.11777e+07,-2.70934e+06,2.70934e+06,1.3579e+07
0,0,0,8.18532e+07,0,2.11864e+07,-2.71045e+06,2.71045e+06,1.3579e+07
0,0,0,8.18532e+07,0,2.17012e+07,-2.77632e+06,2.77632e+06,1.3579e+07
0,0,0,8.18532e+07,0,2.17101e+07,-2.77745e+06,2.77745e+06,1.3579e+07
0,0,0,8.18532e+07,0,2.1719e+07,-2.77859e+06,2.77859e+06,1.3579e+07
0,0,0,8.18532e+07,0,2.17278e+07,-2.77972e+06,2.77972e+06,1.3579e+07
0,0,0,8.18532e+07,0,2.33971e+07,-2.99328e+06,2.99328e+06,1.3579e+07
0,0,0,8.18532e+07,0,2.34066e+07,-2.9945e+06,2.9945e+06,1.3579e+07
0,0,0,8.18532e+07,0,2.34162e+07,-2.99572e+06,2.99572e+06,1.3579e+07
0,0,0,8.18532e+07,0,2.34258e+07,-2.99694e+06,2.99694e+06,1.3579e+07
0,0,0,8.18532e+07,0,2.34353e+07,-2.99817e+06,2.99817e+06,1.3579e+07
0,0,0,8.18532e+07,0,2.25225e+07,-2.88139e+06,2.88139e+06,1.3579e+07
0,0,0,8.18532e+07,0,2.25317e+07,-2.88256e+06,2.88256e+06,1.3579e+07
0,0,0,8.18532e+07,0,2.25409e+07,-2.88374e+06,2.88374e+06,1.3579e+07
0,0,0,8.18532e+07,0,2.255e+07,-2.88491e+06,2.88491e+06,1.3579e+07
0,0,0,8.18532e+07,0,2.17502e+07,-2.78258e+06,2.78258e+06,1.3579e+07
0,0,0,8.18532e+07,0,2.17591e+07,-2.78372e+06,2.78372e+06,1.3579e+07
0,0,0,8.18532e+07,0,2.17679e+07,-2.78485e+06,2.78485e+06,1.3579e+07
0,0,0,8.18532e+07,0,2.17768e+07,-2.78599e+06,2.78599e+06,1.3579e+07
0,0,0,8.18532e+07,0,1.98756e+07,-2.54276e+06,2.54276e+06,1.3579e+07
0,0,0,8.18532e+07,0,1.98837e+07,-2.54379e+06,2.54379e+06,1.3579e+07
0,0,0,8.18532e+07,0,1.98918e+07,-2.54483e+06,2.54483e+06,1.3579e+07
0,0,0,8.18532e+07,0,1.98999e+07,-2.54587e+06,2.54587e+06,1.3579e+07
0,0,0,8.18532e+07,0,1.9908e+07,-2.5469e+06,2.5469e+06,1.3579e+07
0,0,0,3.68262e+08,60,2.05495e+07,-2.62898e+06,2.62898e+06,1.3579e+07
0,0,0,3.68262e+08,0,2.05576e+07,-2.63001e+06,2.63001e+06,1.3579e+07
0,0,0,3.68262e+08,0,2.05656e+07,-2.63104e+06,2.63104e+06,1.3579e+07
0,0,0,3.68262e+08,0,2.05737e+07,-2.63207e+06,2.63207e+06,1.3579e+07
0,0,0,3.68262e+08,0,2.27894e+07,-2.91553e+06,2.91553e+06,1.3579e+07
0,0,0,3.68262e+08,0,2.27983e+07,-2.91668e+06,2.91668e+06,1.3579e+07
0,0,0,3.68262e+08,0,2.28073e+07,-2.91782e+06,2.91782e+06,1.3579e+07
0,0,0,3.68262e+08,0,2.28162e+07,-2.91896e+06,2.91896e+06,1.3579e+07
0,0,0,3.68262e+08,0,1.97706e+07,-2.52932e+06,2.52932e+06,1.3579e+07
0,0,0,3.68262e+08,0,1.97783e+07,-2.53031e+06,2.53031e+06,1.3579e+07
0,0,0,3.68262e+08,0,1.9786e+07,-2.5313e+06,2.5313e+06,1.3579e+07
0,0,0,3.68262e+08,0,1.97938e+07,-2.53229e+06,2.53229e+06,1.3579e+07
0,0,0,3.68262e+08,0,1.98015e+07,-2.53329e+06,2.53329e+06,1.3579e+07
0,0,0,3.68262e+08,0,2.05685e+07,-2.63141e+06,2.63141e+06,1.3579e+07
0,0,0,3.68262e+08,0,2.05766e+07,-2.63244e+06,2.63244e+06,1.3579e+07
0,0,0,3.68262e+08,0,2.05846e+07,-2.63347e+06,2.63347e+06,1.3579e+07
0,0,0,3.68262e+08,0,2.05927e+07,-2.6345e+06,2.6345e+06,1.3579e+07
0,0,0,3.68262e+08,0,2.03044e+07,-2.59762e+06,2.59762e+06,1.3579e+07
0,0,0,3.68262e+08,0,2.03124e+07,-2.59864e+06,2.59864e+06,1.3579e+07
0,0,0,3.68262e+08,0,2.03203e+07,-2.59965e+06,2.59965e+06,1.3579e+07
0,0,0,3.68262e+08,0,2.03282e+07,-2.60067e+06,2.60067e+06,1.3579e+07
0,0,0,3.68262e+08,0,2.13664e+07,-2.73349e+06,2.73349e+06,1.3579e+07
0,0,0,3.68262e+08,0,2.13748e+07,-2.73455e+06,2.73455e+06,1.3579e+07
0,0,0,3.68262e+08,0,2.13831e+07,-2.73562e+06,2.73562e+06,1.3579e+07
0,0,0,3.68262e+08,0,2.13915e+07,-2.73669e+06,2.73669e+06,1.3579e+07
0,0,0,3.68262e+08,0,2.13998e+07,-2.73776e+06,2.73776e+06,1.3579e+07
0,0,0,3.68262e+08,0,2.16043e+07,-2.76392e+06,2.76392e+06,1.3579e+07
0,0,0,3.68262e+08,0,2.16128e+07,-2.765e+06,2.765e+06,1.3579e+07
0,0,0,3.68262e+08,0,2.16212e+07,-2.76608e+06,2.76608e+06,1.3579e+07
0,0,0,3.68262e+08,0,2.16297e+07,-2.76716e+06,2.76716e+06,1.3579e+07
0,0,0,3.68262e+08,0,2.21549e+07,-2.83436e+06,2.83436e+06,1.3579e+07
0,0,0,3.68262e+08,0,2.21635e+07,-2.83547e+06,2.83547e+06,1.3579e+07
0,0,0,3.68262e+08,0,2.21722e+07,-2.83657e+06,2.83657e+06,1.3579e+07
0,0,0,3.68262e+08,0,2.21808e+07,-2.83768e+06,2.83768e+06,1.3579e+07
0,0,0,3.68262e+08,0,2.38845e+07,-3.05563e+06,3.05563e+06,1.3579e+07
0,0,0,3.68262e+08,0,2.38938e+07,-3.05682e+06,3.05682e+06,1.3579e+07
0,0,0,3.68262e+08,0,2.39031e+07,-3.05802e+06,3.05802e+06,1.3579e+07
0,0,0,3.68262e+08,0,2.39124e+07,-3.05921e+06,3.05921e+06,1.3579e+07
0,0,0,3.68262e+08,0,2.39218e+07,-3.0604e+06,3.0604e+06,1.3579e+07
0,0,0,3.68262e+08,0,2.29896e+07,-2.94114e+06,2.94114e+06,1.3579e+07
0,0,0,3.68262e+08,0,2.29985e+07,-2.94229e+06,2.94229e+06,1.3579e+07
0,0,0,3.68262e+08,0,2.30075e+07,-2.94343e+06,2.94343e+06,1.3579e+07
0,0,0,3.68262e+08,0,2.30164e+07,-2.94458e+06,2.94458e+06,1.3579e+07
0,0,0,3.68262e+08,0,2.21996e+07,-2.84008e+06,2.84008e+06,1.3579e+07
0,0,0,3.68262e+08,0,2.22083e+07,-2.84119e+06,2.84119e+06,1.3579e+07
0,0,0,3.68262e+08,0,2.22169e+07,-2.8423e+06,2.8423e+06,1.3579e+07
0,0,0,3.68262e+08,0,2.22256e+07,-2.8434e+06,2.8434e+06,1.3579e+07
0,0,0,3.68262e+08,0,2.02848e+07,-2.59512e+06,2.59512e+06,1.3579e+07
0,0,0,3.68262e+08,0,2.02927e+07,-2.59613e+06,2.59613e+06,1.3579e+07
0,0,0,3.68262e+08,0,2.03006e+07,-2.59714e+06,2.59714e+06,1.3579e+07
0,0,0,3.68262e+08,0,2.03085e+07,-2.59815e+06,2.59815e+06,1.3579e+07
0,0,0,3.68262e+08,0,2.03164e+07,-2.59916e+06,2.59916e+06,1.3579e+07
0,0,0,3.68262e+08,0,2.09708e+07,-2.68287e+06,2.68287e+06,1.3579e+07
0,0,0,3.68262e+08,9.01792e+06,2.09786e+07,-2.68387e+06,2.68387e+06,1.3579e+07
0,0,0,3.68262e+08,0,2.09865e+07,-2.68488e+06,2.68488e+06,1.3579e+07
0,0,0,3.68262e+08,0,2.09943e+07,-2.68588e+06,2.68588e+06,1.3579e+07
0,0,0,3.68262e+08,0,2.32549e+07,-2.97509e+06,2.97509e+06,1.3579e+07
0,0,0,3.68262e+08,0,2.32636e+07,-2.9762e+06,2.9762e+06,1.3579e+07
0,0,0,3.68262e+08,0,2.32723e+07,-2.97732e+06,2.97732e+06,1.3579e+07
0,0,0,3.68262e+08,0,2.32811e+07,-2.97843e+06,2.97843e+06,1.3579e+07
0,0,0,3.68262e+08,0,2.0173e+07,-2.58081e+06,2.58081e+06,1.3579e+07
0,0,0,3.68262e+08,0,2.01805e+07,-2.58177e+06,2.58177e+06,1.3579e+07
0,0,0,3.68262e+08,0,2.01881e+07,-2.58274e+06,2.58274e+06,1.3579e+07
0,0,0,3.68262e+08,0,2.01956e+07,-2.5837e+06,2.5837e+06,1.3579e+07
0,0,0,3.68262e+08,0,2.02032e+07,-2.58467e+06,2.58467e+06,1.3579e+07
0,0,0,3.68262e+08,0,2.09853e+07,-2.68473e+06,2.68473e+06,1.3579e+07
0,0,0,3.68262e+08,0,2.09932e+07,-2.68573e+06,2.68573e+06,1.3579e+07
0,0,0,3.68262e+08,0,2.1001e+07,-2.68674e+06,2.68674e+06,1.3579e+07
0,0,0,3.68262e+08,0,2.10089e+07,-2.68774e+06,2.68774e+06,1.3579e+07
0,0,0,3.68262e+08,0,2.07144e+07,-2.65007e+06,2.65007e+06,1.3579e+07
0,0,0,3.68262e+08,0,2.07222e+07,-2.65106e+06,2.65106e+06,1.3579e+07
0,0,0,3.68262e+08,0,2.07299e+07,-2.65205e+06,2.65205e+06,1.3579e+07
0,0,0,3.68262e+08,0,2.07376e+07,-2.65304e+06,2.65304e+06,1.3579e+07
0,0,0,3.68262e+08,0,2.17963e+07,-2.78849e+06,2.78849e+06,1.3579e+07
0,0,0,3.68262e+08,0,2.18045e+07,-2.78953e+06,2.78953e+06,1.3579e+07
0,0,0,3.68262e+08,0,2.18126e+07,-2.79057e+06,2.79057e+06,1.3579e+07
0,0,0,3.68262e+08,0,2.18207e+07,-2.79161e+06,2.79161e+06,1.3579e+07
0,0,0,3.68262e+08,0,2.18289e+07,-2.79265e+06,2.79265e+06,1.3579e+07
0,0,0,3.68262e+08,0,2.20371e+07,-2.81929e+06,2.81929e+06,1.3579e+07
0,0,0,3.68262e+08,0,2.20453e+07,-2.82034e+06,2.82034e+06,1.3579e+07
0,0,0,3.68262e+08,0,2.20536e+07,-2.82139e+06,2.82139e+06,1.3579e+07
0,0,0,3.68262e+08,0,2.20618e+07,-2.82245e+06,2.82245e+06,1.3579e+07
0,0,0,3.68262e+08,0,2.25971e+07,-2.89093e+06,2.89093e+06,1.3579e+07
0,0,0,3.68262e+08,0,2.26055e+07,-2.89201e+06,2.89201e+06,1.3579e+07
0,0,0,3.68262e+08,0,2.2614e+07,-2.89309e+06,2.89309e+06,1.3579e+07
0,0,0,3.68262e+08,0,2.26224e+07,-2.89417e+06,2.89417e+06,1.3579e+07
0,0,0,3.68262e+08,0,2.43595e+07,-3.1164e+06,3.1164e+06,1.3579e+07
0,0,0,3.68262e+08,0,2.43686e+07,-3.11757e+06,3.11757e+06,1.3579e+07
0,0,0,3.68262e+08,0,2.43777e+07,-3.11873e+06,3.11873e+06,1.3579e+07
0,0,0,3.68262e+08,0,2.43867e+07,-3.11989e+06,3.11989e+06,1.3579e+07
0,0,0,3.68262e+08,0,2.43958e+07,-3.12105e+06,3.12105e+06,1.3579e+07
0,0,0,3.68262e+08,0,2.34447e+07,-2.99937e+06,2.99937e+06,1.3579e+07
0,0,0,3.68262e+08,0,2.34535e+07,-3.00049e+06,3.00049e+06,1.3579e+07
0,0,0,3.68262e+08,0,2.34622e+07,-3.00161e+06,3.00161e+06,1.3579e+07
0,0,0,3.68262e+08,0,2.34709e+07,-3.00272e+06,3.00272e+06,1.3579e+07
0,0,0,3.68262e+08,0,2.26376e+07,-2.89611e+06,2.89611e+06,1.3579e+07
0,0,0,3.68262e+08,0,2.2646e+07,-2.89719e+06,2.89719e+06,1.3579e+07
0,0,0,3.68262e+08,0,2.26545e+07,-2.89827e+06,2.89827e+06,1.3579e+07
0,0,0,3.68262e+08,0,2.26629e+07,-2.89935e+06,2.89935e+06,1.3579e+07
0,0,0,3.68262e+08,0,2.06836e+07,-2.64613e+06,2.64613e+06,1.3579e+07
0,0,0,3.68262e+08,0,2.06913e+07,-2.64711e+06,2.64711e+06,1.3579e+07
0,0,0,3.68262e+08,0,2.0699e+07,-2.6481e+06,2.6481e+06,1.3579e+07
0,0,0,3.68262e+08,0,2.07067e+07,-2.64908e+06,2.64908e+06,1.3579e+07
0,0,0,3.68262e+08,0,2.07144e+07,-2.65007e+06,2.65007e+06,1.3579e+07
0,0,0,3.68262e+08,0,2.07144e+07,-2.65007e+06,2.65007e+06,1.3579e+07
0,0,0,3.68262e+08,9.01792e+06,2.13811e+07,-2.73537e+06,2.73537e+06,1.3579e+07
0,0,0,3.68262e+08,0,2.13888e+07,-2.73635e+06,2.73635e+06,1.3579e+07
0,0,0,3.68262e+08,0,2.13964e+07,-2.73732e+06,2.73732e+06,1.3579e+07
0,0,0,3.68262e+08,0,2.14041e+07,-2.7383e+06,2.7383e+06,1.3579e+07
0,0,0,3.68262e+08,0,2.37084e+07,-3.0331e+06,3.0331e+06,1.3579e+07
0,0,0,3.68262e+08,0,2.37168e+07,-3.03418e+06,3.03418e+06,1.3579e+07
0,0,0,3.68262e+08,0,2.37253e+07,-3.03527e+06,3.03527e+06,1.3579e+07
0,0,0,3.68262e+08,0,2.37338e+07,-3.03635e+06,3.03635e+06,1.3579e+07
0,0,0,3.68262e+08,0,2.05649e+07,-2.63095e+06,2.63095e+06,1.3579e+07
0,0,0,3.68262e+08,0,2.05723e+07,-2.63189e+06,2.63189e+06,1.3579e+07
0,0,0,3.68262e+08,0,2.05796e+07,-2.63283e+06,2.63283e+06,1.3579e+07
0,0,0,3.68262e+08,0,2.05869e+07,-2.63377e+06,2.63377e+06,1.3579e+07
0,0,0,3.68262e+08,0,2.05943e+07,-2.6347e+06,2.6347e+06,1.3579e+07
0,0,0,3.68262e+08,0,2.13912e+07,-2.73666e+06,2.73666e+06,1.3579e+07
0,0,0,3.68262e+08,0,2.13988e+07,-2.73763e+06,2.73763e+06,1.3579e+07
0,0,0,3.68262e+08,0,2.14065e+07,-2.73861e+06,2.73861e+06,1.3579e+07
0,0,0,3.68262e+08,0,2.14141e+07,-2.73959e+06,2.73959e+06,1.3579e+07
0,0,0,3.68262e+08,0,2.11136e+07,-2.70114e+06,2.70114e+06,1.3579e+07
0,0,0,3.68262e+08,0,2.11211e+07,-2.70211e+06,2.70211e+06,1.3579e+07
0,0,0,3.68262e+08,0,2.11287e+07,-2.70307e+06,2.70307e+06,1.3579e+07
0,0,0,3.68262e+08,0,2.11362e+07,-2.70403e+06,2.70403e+06,1.3579e+07
0,0,0,3.68262e+08,0,2.22149e+07,-2.84203e+06,2.84203e+06,1.3579e+07
0,0,0,3.68262e+08,0,2.22228e+07,-2.84304e+06,2.84304e+06,1.3579e+07
0,0,0,3.68262e+08,0,2.22307e+07,-2.84406e+06,2.84406e+06,1.3579e+07
0,0,0,3.68262e+08,0,2.22386e+07,-2.84507e+06,2.84507e+06,1.3579e+07
0,0,0,3.68262e+08,0,2.22465e+07,-2.84608e+06,2.84608e+06,1.3579e+07
0,0,0,3.68262e+08,0,2.24583e+07,-2.87318e+06,2.87318e+06,1.3579e+07
0,0,0,3.68262e+08,0,2.24663e+07,-2.8742e+06,2.8742e+06,1.3579e+07
0,0,0,3.68262e+08,0,2.24743e+07,-2.87523e+06,2.87523e+06,1.3579e+07
0,0,0,3.68262e+08,0,2.24823e+07,-2.87625e+06,2.87625e+06,1.3579e+07
0,0,0,3.68262e+08,0,2.30275e+07,-2.94599e+06,2.94599e+06,1.3579e+07
0,0,0,3.68262e+08,0,2.30357e+07,-2.94704e+06,2.94704e+06,1.3579e+07
0,0,0,3.68262e+08,0,2.30439e+07,-2.94809e+06,2.94809e+06,1.3579e+07
0,0,0,3.68262e+08,0,2.30521e+07,-2.94914e+06,2.94914e+06,1.3579e+07
0,0,0,3.68262e+08,0,2.48218e+07,-3.17554e+06,3.17554e+06,1.3579e+07
0,0,0,3.68262e+08,0,2.48306e+07,-3.17667e+06,3.17667e+06,1.3579e+07
0,0,0,3.68262e+08,0,2.48394e+07,-3.1778e+06,3.1778e+06,1.3579e+07
0,0,0,3.68262e+08,0,2.48482e+07,-3.17893e+06,3.17893e+06,1.3579e+07
0,0,0,3.68262e+08,0,2.48571e+07,-3.18006e+06,3.18006e+06,1.3579e+07
0,0,0,3.68262e+08,0,2.38876e+07,-3.05603e+06,3.05603e+06,1.3579e+07
0,0,0,3.68262e+08,0,2.38961e+07,-3.05712e+06,3.05712e+06,1.3579e+07
0,0,0,3.68262e+08,0,2.39046e+07,-3.0582e+06,3.0582e+06,1.3579e+07
0,0,0,3.68262e+08,0,2.39131e+07,-3.05929e+06,3.05929e+06,1.3579e+07
0,0,0,3.68262e+08,0,2.30637e+07,-2.95062e+06,2.95062e+06,1.3579e+07
0,0,0,3.68262e+08,0,2.30718e+07,-2.95167e+06,2.95167e+06,1.3579e+07
0,0,0,3.68262e+08,0,2.308e+07,-2.95272e+06,2.95272e+06,1.3579e+07
0,0,0,3.68262e+08,0,2.30882e+07,-2.95376e+06,2.95376e+06,1.3579e+07
0,0,0,3.68262e+08,0,2.10714e+07,-2.69575e+06,2.69575e+06,1.3579e+07
0,0,0,3.68262e+08,0,2.10789e+07,-2.6967e+06,2.6967e+06,1.3579e+07
0,0,0,3.68262e+08,0,2.10864e+07,-2.69766e+06,2.69766e+06,1.3579e+07
0,0,0,3.68262e+08,0,2.10939e+07,-2.69862e+06,2.69862e+06,1.3579e+07
0,0,0,3.68262e+08,0,2.11014e+07,-2.69958e+06,2.69958e+06,1.3579e+07
0,0,0,3.68262e+08,9.01792e+06,2.17802e+07,-2.78642e+06,2.78642e+06,1.3579e+07
0,0,0,3.68262e+08,0,2.17876e+07,-2.78737e+06,2.78737e+06,1.3579e+07
0,0,0,3.68262e+08,0,2.1795e+07,-2.78832e+06,2.78832e+06,1.3579e+07
0,0,0,3.68262e+08,0,2.18025e+07,-2.78927e+06,2.78927e+06,1.3579e+07
0,0,0,3.68262e+08,0,2.41493e+07,-3.08951e+06,3.08951e+06,1.3579e+07
0,0,0,3.68262e+08,0,2.41575e+07,-3.09056e+06,3.09056e+06,1.3579e+07
0,0,0,3.68262e+08,0,2.41657e+07,-3.09161e+06,3.09161e+06,1.3579e+07
0,0,0,3.68262e+08,0,2.41739e+07,-3.09266e+06,3.09266e+06,1.3579e+07
0,0,0,3.68262e+08,0,2.09459e+07,-2.67969e+06,2.67969e+06,1.3579e+07
0,0,0,3.68262e+08,0,2.09531e+07,-2.68061e+06,2.68061e+06,1.3579e+07
0,0,0,3.68262e+08,0,2.09602e+07,-2.68152e+06,2.68152e+06,1.3579e+07
0,0,0,3.68262e+08,0,2.09673e+07,-2.68243e+06,2.68243e+06,1.3579e+07
0,0,0,3.68262e+08,0,2.09745e+07,-2.68334e+06,2.68334e+06,1.3579e+07
0,0,0,3.68262e+08,0,2.17857e+07,-2.78713e+06,2.78713e+06,1.3579e+07
0,0,0,3.68262e+08,0,2.17931e+07,-2.78808e+06,2.78808e+06,1.3579e+07
0,0,0,3.68262e+08,0,2.18005e+07,-2.78902e+06,2.78902e+06,1.3579e+07
0,0,0,3.68262e+08,0,2.18079e+07,-2.78997e+06,2.78997e+06,1.3579e+07
0,0,0,3.68262e+08,0,2.15016e+07,-2.75078e+06,2.75078e+06,1.3579e+07
0,0,0,3.68262e+08,0,2.15089e+07,-2.75171e+06,2.75171e+06,1.3579e+07
0,0,0,3.68262e+08,0,2.15162e+07,-2.75265e+06,2.75265e+06,1.3579e+07
0,0,0,3.68262e+08,0,2.15235e+07,-2.75358e+06,2.75358e+06,1.3579e+07
0,0,0,3.68262e+08,0,2.26215e+07,-2.89406e+06,2.89406e+06,1.3579e+07
0,0,0,3.68262e+08,0,2.26292e+07,-2.89504e+06,2.89504e+06,1.3579e+07
0,0,0,3.68262e+08,0,2.26369e+07,-2.89602e+06,2.89602e+06,1.3579e+07
0,0,0,3.68262e+08,0,2.26446e+07,-2.89701e+06,2.89701e+06,1.3579e+07
0,0,0,3.68262e+08,0,2.26523e+07,-2.89799e+06,2.89799e+06,1.3579e+07
0,0,0,3.68262e+08,0,2.28676e+07,-2.92553e+06,2.92553e+06,1.3579e+07
0,0,0,3.68262e+08,0,2.28753e+07,-2.92653e+06,2.92653e+06,1.3579e+07
0,0,0,3.68262e+08,0,2.28831e+07,-2.92752e+06,2.92752e+06,1.3579e+07
0,0,0,3.68262e+08,0,2.28908e+07,-2.92851e+06,2.92851e+06,1.3579e+07
0,0,0,3.68262e+08,0,2.34455e+07,-2.99947e+06,2.99947e+06,1.3579e+07
0,0,0,3.68262e+08,0,2.34535e+07,-3.00049e+06,3.00049e+06,1.3579e+07
0,0,0,3.68262e+08,0,2.34614e+07,-3.00151e+06,3.00151e+06,1.3579e+07
0,0,0,3.68262e+08,0,2.34694e+07,-3.00252e+06,3.00252e+06,1.3579e+07
0,0,0,3.68262e+08,0,2.52707e+07,-3.23297e+06,3.23297e+06,1.3579e+07
0,0,0,3.68262e+08,0,2.52792e+07,-3.23407e+06,3.23407e+06,1.3579e+07
0,0,0,3.68262e+08,0,2.52878e+07,-3.23516e+06,3.23516e+06,1.3579e+07
0,0,0,3.68262e+08,0,2.52964e+07,-3.23626e+06,3.23626e+06,1.3579e+07
0,0,0,3.68262e+08,0,2.53049e+07,-3.23736e+06,3.23736e+06,1.3579e+07
0,0,0,3.68262e+08,0,2.43176e+07,-3.11104e+06,3.11104e+06,1.3579e+07
0,0,0,3.68262e+08,0,2.43258e+07,-3.1121e+06,3.1121e+06,1.3579e+07
0,0,0,3.68262e+08,0,2.43341e+07,-3.11315e+06,3.11315e+06,1.3579e+07
0,0,0,3.68262e+08,0,2.43423e+07,-3.1142e+06,3.1142e+06,1.3579e+07
0,0,0,3.68262e+08,0,2.34773e+07,-3.00353e+06,3.00353e+06,1.3579e+07
0,0,0,3.68262e+08,0,2.34852e+07,-3.00455e+06,3.00455e+06,1.3579e+07
0,0,0,3.68262e+08,0,2.34932e+07,-3.00557e+06,3.00557e+06,1.3579e+07
0,0,0,3.68262e+08,0,2.35011e+07,-3.00658e+06,3.00658e+06,1.3579e+07
0,0,0,3.68262e+08,0,2.14479e+07,-2.74391e+06,2.74391e+06,1.3579e+07
0,0,0,3.68262e+08,0,2.14551e+07,-2.74484e+06,2.74484e+06,1.3579e+07
0,0,0,3.68262e+08,0,2.14624e+07,-2.74577e+06,2.74577e+06,1.3579e+07
0,0,0,3.68262e+08,0,2.14697e+07,-2.74669e+06,2.74669e+06,1.3579e+07
0,0,0,3.68262e+08,0,2.14769e+07,-2.74762e+06,2.74762e+06,1.3579e+07
0,0,0,3.68262e+08,9.01792e+06,2.21675e+07,-2.83597e+06,2.83597e+06,1.3579e+07
0,0,0,3.68262e+08,0,2.21747e+07,-2.83689e+06,2.83689e+06,1.3579e+07
0,0,0,3.68262e+08,0,2.21819e+07,-2.83781e+06,2.83781e+06,1.3579e+07
0,0,0,3.68262e+08,0,2.21891e+07,-2.83873e+06,2.83873e+06,1.3579e+07
0,0,0,3.68262e+08,0,2.45771e+07,-3.14424e+06,3.14424e+06,1.3579e+07
0,0,0,3.68262e+08,0,2.4585e+07,-3.14526e+06,3.14526e+06,1.3579e+07
0,0,0,3.68262e+08,0,2.4593e+07,-3.14628e+06,3.14628e+06,1.3579e+07
0,0,0,3.68262e+08,0,2.4601e+07,-3.1473e+06,3.1473e+06,1.3579e+07
0,0,0,3.68262e+08,0,2.13156e+07,-2.72699e+06,2.72699e+06,1.3579e+07
0,0,0,3.68262e+08,0,2.13225e+07,-2.72787e+06,2.72787e+06,1.3579e+07
0,0,0,3.68262e+08,0,2.13294e+07,-2.72875e+06,2.72875e+06,1.3579e+07
0,0,0,3.68262e+08,0,2.13363e+07,-2.72964e+06,2.72964e+06,1.3579e+07
0,0,0,3.68262e+08,0,2.13432e+07,-2.73052e+06,2.73052e+06,1.3579e+07
0,0,0,3.68262e+08,0,2.21684e+07,-2.83609e+06,2.83609e+06,1.3579e+07
0,0,0,3.68262e+08,0,2.21756e+07,-2.83701e+06,2.83701e+06,1.3579e+07
0,0,0,3.68262e+08,0,2.21828e+07,-2.83792e+06,2.83792e+06,1.3579e+07
0,0,0,3.68262e+08,0,2.21899e+07,-2.83884e+06,2.83884e+06,1.3579e+07
0,0,0,3.68262e+08,0,2.18779e+07,-2.79892e+06,2.79892e+06,1.3579e+07
0,0,0,3.68262e+08,0,2.18849e+07,-2.79982e+06,2.79982e+06,1.3579e+07
0,0,0,3.68262e+08,0,2.1892e+07,-2.80073e+06,2.80073e+06,1.3579e+07
0,0,0,3.68262e+08,0,2.18991e+07,-2.80163e+06,2.80163e+06,1.3579e+07
0,0,0,3.68262e+08,0,2.30159e+07,-2.94451e+06,2.94451e+06,1.3579e+07
0,0,0,3.68262e+08,0,2.30234e+07,-2.94547e+06,2.94547e+06,1.3579e+07
0,0,0,3.68262e+08,0,2.30308e+07,-2.94642e+06,2.94642e+06,1.3579e+07
0,0,0,3.68262e+08,0,2.30383e+07,-2.94737e+06,2.94737e+06,1.3579e+07
0,0,0,3.68262e+08,0,2.30457e+07,-2.94832e+06,2.94832e+06,1.3579e+07
0,0,0,3.68262e+08,0,2.32644e+07,-2.9763e+06,2.9763e+06,1.3579e+07
0,0,0,3.68262e+08,0,2.32719e+07,-2.97726e+06,2.97726e+06,1.3579e+07
0,0,0,3.68262e+08,0,2.32794e+07,-2.97822e+06,2.97822e+06,1.3579e+07
0,0,0,3.68262e+08,0,2.32869e+07,-2.97918e+06,2.97918e+06,1.3579e+07
0,0,0,3.68262e+08,0,2.38508e+07,-3.05132e+06,3.05132e+06,1.3579e+07
0,0,0,3.68262e+08,0,2.38585e+07,-3.05231e+06,3.05231e+06,1.3579e+07
0,0,0,3.68262e+08,0,2.38662e+07,-3.05329e+06,3.05329e+06,1.3579e+07
0,0,0,3.68262e+08,0,2.38739e+07,-3.05428e+06,3.05428e+06,1.3579e+07
0,0,0,3.68262e+08,0,2.57059e+07,-3.28865e+06,3.28865e+06,1.3579e+07
0,0,0,3.68262e+08,0,2.57142e+07,-3.28971e+06,3.28971e+06,1.3579e+07
0,0,0,3.68262e+08,0,2.57225e+07,-3.29077e+06,3.29077e+06,1.3579e+07
0,0,0,3.68262e+08,0,2.57308e+07,-3.29183e+06,3.29183e+06,1.3579e+07
0,0,0,3.68262e+08,0,2.57391e+07,-3.29289e+06,3.29289e+06,1.3579e+07
0,0,0,3.68262e+08,0,2.47344e+07,-3.16436e+06,3.16436e+06,1.3579e+07
0,0,0,3.68262e+08,0,2.47424e+07,-3.16538e+06,3.16538e+06,1.3579e+07
0,0,0,3.68262e+08,0,2.47503e+07,-3.1664e+06,3.1664e+06,1.3579e+07
0,0,0,3.68262e+08,0,2.47583e+07,-3.16743e+06,3.16743e+06,1.3579e+07
0,0,0,3.68262e+08,0,2.38781e+07,-3.05482e+06,3.05482e+06,1.3579e+07
0,0,0,3.68262e+08,0,2.38858e+07,-3.0558e+06,3.0558e+06,1.3579e+07
0,0,0,3.68262e+08,0,2.38935e+07,-3.05679e+06,3.05679e+06,1.3579e+07
0,0,0,3.68262e+08,0,2.39012e+07,-3.05777e+06,3.05777e+06,1.3579e+07
0,0,0,3.68262e+08,0,2.18127e+07,-2.79058e+06,2.79058e+06,1.3579e+07
0,0,0,3.68262e+08,0,2.18197e+07,-2.79148e+06,2.79148e+06,1.3579e+07
0,0,0,3.68262e+08,0,2.18267e+07,-2.79238e+06,2.79238e+06,1.3579e+07
0,0,0,3.68262e+08,0,2.18338e+07,-2.79328e+06,2.79328e+06,1.3579e+07
0,0,0,3.68262e+08,0,2.18408e+07,-2.79418e+06,2.79418e+06,1.3579e+07
0,0,0,3.68262e+08,4.22103e+07,2.25427e+07,-2.88398e+06,2.88398e+06,1.3579e+07
0,0,0,3.68262e+08,0,2.25497e+07,-2.88487e+06,2.88487e+06,1.3579e+07
0,0,0,3.68262e+08,0,2.25566e+07,-2.88576e+06,2.88576e+06,1.3579e+07
0,0,0,3.68262e+08,0,2.25636e+07,-2.88665e+06,2.88665e+06,1.3579e+07
0,0,0,3.68262e+08,0,2.49915e+07,-3.19726e+06,3.19726e+06,1.3579e+07
0,0,0,3.68262e+08,0,2.49992e+07,-3.19825e+06,3.19825e+06,1.3579e+07
0,0,0,3.68262e+08,0,2.50069e+07,-3.19923e+06,3.19923e+06,1.3579e+07
0,0,0,3.68262e+08,0,2.50147e+07,-3.20022e+06,3.20022e+06,1.3579e+07
0,0,0,3.68262e+08,0,2.16737e+07,-2.7728e+06,2.7728e+06,1.3579e+07
0,0,0,3.68262e+08,0,2.16804e+07,-2.77366e+06,2.77366e+06,1.3579e+07
0,0,0,3.68262e+08,0,2.16871e+07,-2.77451e+06,2.77451e+06,1.3579e+07
0,0,0,3.68262e+08,0,2.16938e+07,-2.77536e+06,2.77536e+06,1.3579e+07
0,0,0,3.68262e+08,0,2.17005e+07,-2.77622e+06,2.77622e+06,1.3579e+07
0,0,0,3.68262e+08,0,2.25391e+07,-2.88351e+06,2.88351e+06,1.3579e+07
0,0,0,3.68262e+08,0,2.2546e+07,-2.8844e+06,2.8844e+06,1.3579e+07
0,0,0,3.68262e+08,0,2.2553e+07,-2.88528e+06,2.88528e+06,1.3579e+07
0,0,0,3.68262e+08,0,2.25599e+07,-2.88617e+06,2.88617e+06,1.3579e+07
0,0,0,3.68262e+08,0,2.22423e+07,-2.84554e+06,2.84554e+06,1.3579e+07
0,0,0,3.68262e+08,0,2.22491e+07,-2.84641e+06,2.84641e+06,1.3579e+07
0,0,0,3.68262e+08,0,2.2256e+07,-2.84729e+06,2.84729e+06,1.3579e+07
0,0,0,3.68262e+08,0,2.22628e+07,-2.84817e+06,2.84817e+06,1.3579e+07
0,0,0,3.68262e+08,0,2.33978e+07,-2.99337e+06,2.99337e+06,1.3579e+07
0,0,0,3.68262e+08,0,2.3405e+07,-2.99429e+06,2.99429e+06,1.3579e+07
0,0,0,3.68262e+08,0,2.34122e+07,-2.99522e+06,2.99522e+06,1.3579e+07
0,0,0,3.68262e+08,0,2.34194e+07,-2.99614e+06,2.99614e+06,1.3579e+07
0,0,0,3.68262e+08,0,2.34266e+07,-2.99706e+06,2.99706e+06,1.3579e+07
0,0,0,3.68262e+08,0,2.36486e+07,-3.02545e+06,3.02545e+06,1.3579e+07
0,0,0,3.68262e+08,0,2.36558e+07,-3.02638e+06,3.02638e+06,1.3579e+07
0,0,0,3.68262e+08,0,2.36631e+07,-3.02731e+06,3.02731e+06,1.3579e+07
0,0,0,3.68262e+08,0,2.36704e+07,-3.02824e+06,3.02824e+06,1.3579e+07
0,0,0,3.68262e+08,0,2.42432e+07,-3.10152e+06,3.10152e+06,1.3579e+07
0,0,0,3.68262e+08,0,2.42506e+07,-3.10247e+06,3.10247e+06,1.3579e+07
0,0,0,3.68262e+08,0,2.42581e+07,-3.10342e+06,3.10342e+06,1.3579e+07
0,0,0,3.68262e+08,0,2.42655e+07,-3.10438e+06,3.10438e+06,1.3579e+07
0,0,0,3.68262e+08,0,2.61271e+07,-3.34254e+06,3.34254e+06,1.3579e+07
0,0,0,3.68262e+08,0,2.61351e+07,-3.34357e+06,3.34357e+06,1.3579e+07
0,0,0,3.68262e+08,0,2.61432e+07,-3.34459e+06,3.34459e+06,1.3579e+07
0,0,0,3.68262e+08,0,2.61512e+07,-3.34562e+06,3.34562e+06,1.3579e+07
0,0,0,3.68262e+08,0,2.61592e+07,-3.34665e+06,3.34665e+06,1.3579e+07
0,0,0,3.68262e+08,0,2.51378e+07,-3.21597e+06,3.21597e+06,1.3579e+07
0,0,0,3.68262e+08,0,2.51455e+07,-3.21695e+06,3.21695e+06,1.3579e+07
0,0,0,3.68262e+08,0,2.51532e+07,-3.21794e+06,3.21794e+06,1.3579e+07
0,0,0,3.68262e+08,0,2.51609e+07,-3.21893e+06,3.21893e+06,1.3579e+07
0,0,0,3.68262e+08,0,2.4266e+07,-3.10444e+06,3.10444e+06,1.3579e+07
0,0,0,3.68262e+08,0,2.42735e+07,-3.10539e+06,3.10539e+06,1.3579e+07
0,0,0,3.68262e+08,0,2.42809e+07,-3.10635e+06,3.10635e+06,1.3579e+07
0,0,0,3.68262e+08,0,2.42883e+07,-3.1073e+06,3.1073e+06,1.3579e+07
0,0,0,3.68262e+08,0,2.21657e+07,-2.83574e+06,2.83574e+06,1.3579e+07
0,0,0,3.68262e+08,0,2.21725e+07,-2.83661e+06,2.83661e+06,1.3579e+07
0,0,0,3.68262e+08,0,2.21793e+07,-2.83748e+06,2.83748e+06,1.3579e+07
0,0,0,3.68262e+08,0,2.21861e+07,-2.83835e+06,2.83835e+06,1.3579e+07
0,0,0,3.68262e+08,0,2.21929e+07,-2.83922e+06,2.83922e+06,1.3579e+07
0,0,0,6.92483e+08,4.22103e+07,2.29058e+07,-2.93042e+06,2.93042e+06,1.3579e+07
0,0,0,6.92483e+08,0,2.29125e+07,-2.93128e+06,2.93128e+06,1.3579e+07
0,0,0,6.92483e+08,0,2.29192e+07,-2.93214e+06,2.93214e+06,1.3579e+07
0,0,0,6.92483e+08,0,2.2926e+07,-2.933e+06,2.933e+06,1.3579e+07
0,0,0,6.92483e+08,0,2.53925e+07,-3.24856e+06,3.24856e+06,1.3579e+07
0,0,0,6.92483e+08,0,2.54e+07,-3.24952e+06,3.24952e+06,1.3579e+07
0,0,0,6.92483e+08,0,2.54074e+07,-3.25047e+06,3.25047e+06,1.3579e+07
0,0,0,6.92483e+08,0,2.54149e+07,-3.25142e+06,3.25142e+06,1.3579e+07
0,0,0,6.92483e+08,0,2.20202e+07,-2.81713e+06,2.81713e+06,1.3579e+07
0,0,0,6.92483e+08,0,2.20267e+07,-2.81795e+06,2.81795e+06,1.3579e+07
0,0,0,6.92483e+08,0,2.20331e+07,-2.81878e+06,2.81878e+06,1.3579e+07
0,0,0,6.92483e+08,0,2.20396e+07,-2.81961e+06,2.81961e+06,1.3579e+07
0,0,0,6.92483e+08,0,2.20461e+07,-2.82044e+06,2.82044e+06,1.3579e+07
0,0,0,6.92483e+08,0,2.28977e+07,-2.92939e+06,2.92939e+06,1.3579e+07
0,0,0,6.92483e+08,0,2.29044e+07,-2.93025e+06,2.93025e+06,1.3579e+07
0,0,0,6.92483e+08,0,2.29112e+07,-2.93111e+06,2.93111e+06,1.3579e+07
0,0,0,6.92483e+08,0,2.29179e+07,-2.93197e+06,2.93197e+06,1.3579e+07
0,0,0,6.92483e+08,0,2.25949e+07,-2.89065e+06,2.89065e+06,1.3579e+07
0,0,0,6.92483e+08,0,2.26015e+07,-2.8915e+06,2.8915e+06,1.3579e+07
0,0,0,6.92483e+08,0,2.26081e+07,-2.89235e+06,2.89235e+06,1.3579e+07
0,0,0,6.92483e+08,0,2.26148e+07,-2.89319e+06,2.89319e+06,1.3579e+07
0,0,0,6.92483e+08,0,2.37674e+07,-3.04065e+06,3.04065e+06,1.3579e+07
0,0,0,6.92483e+08,0,2.37744e+07,-3.04154e+06,3.04154e+06,1.3579e+07
0,0,0,6.92483e+08,0,2.37813e+07,-3.04244e+06,3.04244e+06,1.3579e+07
0,0,0,6.92483e+08,0,2.37883e+07,-3.04333e+06,3.04333e+06,1.3579e+07
0,0,0,6.92483e+08,0,2.37953e+07,-3.04422e+06,3.04422e+06,1.3579e+07
0,0,0,6.92483e+08,0,2.40203e+07,-3.07301e+06,3.07301e+06,1.3579e+07
0,0,0,6.92483e+08,0,2.40274e+07,-3.07391e+06,3.07391e+06,1.3579e+07
0,0,0,6.92483e+08,0,2.40344e+07,-3.07481e+06,3.07481e+06,1.3579e+07
0,0,0,6.92483e+08,0,2.40415e+07,-3.07572e+06,3.07572e+06,1.3579e+07
0,0,0,6.92483e+08,0,2.46229e+07,-3.1501e+06,3.1501e+06,1.3579e+07
0,0,0,6.92483e+08,0,2.46301e+07,-3.15102e+06,3.15102e+06,1.3579e+07
0,0,0,6.92483e+08,0,2.46373e+07,-3.15194e+06,3.15194e+06,1.3579e+07
0,0,0,6.92483e+08,0,2.46445e+07,-3.15287e+06,3.15287e+06,1.3579e+07
0,0,0,6.92483e+08,0,2.65348e+07,-3.3947e+06,3.3947e+06,1.3579e+07
0,0,0,6.92483e+08,0,2.65426e+07,-3.39569e+06,3.39569e+06,1.3579e+07
0,0,0,6.92483e+08,0,2.65503e+07,-3.39669e+06,3.39669e+06,1.3579e+07
0,0,0,6.92483e+08,0,2.65581e+07,-3.39768e+06,3.39768e+06,1.3579e+07
0,0,0,6.92483e+08,0,2.65659e+07,-3.39867e+06,3.39867e+06,1.3579e+07
0,0,0,6.92483e+08,0,2.55282e+07,-3.26592e+06,3.26592e+06,1.3579e+07
0,0,0,6.92483e+08,0,2.55356e+07,-3.26687e+06,3.26687e+06,1.3579e+07
0,0,0,6.92483e+08,0,2.55431e+07,-3.26783e+06,3.26783e+06,1.3579e+07
0,0,0,6.92483e+08,0,2.55506e+07,-3.26878e+06,3.26878e+06,1.3579e+07
0,0,0,6.92483e+08,0,2.46415e+07,-3.15248e+06,3.15248e+06,1.3579e+07
0,0,0,6.92483e+08,0,2.46487e+07,-3.1534e+06,3.1534e+06,1.3579e+07
0,0,0,6.92483e+08,0,2.46559e+07,-3.15432e+06,3.15432e+06,1.3579e+07
0,0,0,6.92483e+08,0,2.46631e+07,-3.15524e+06,3.15524e+06,1.3579e+07
0,0,0,6.92483e+08,0,2.25073e+07,-2.87945e+06,2.87945e+06,1.3579e+07
0,0,0,6.92483e+08,0,2.25139e+07,-2.88029e+06,2.88029e+06,1.3579e+07
0,0,0,6.92483e+08,0,2.25205e+07,-2.88113e+06,2.88113e+06,1.3579e+07
0,0,0,6.92483e+08,0,2.25271e+07,-2.88197e+06,2.88197e+06,1.3579e+07
0,0,0,6.92483e+08,0,2.25337e+07,-2.88282e+06,2.88282e+06,1.3579e+07
0,0,0,6.92483e+08,0,2.32572e+07,-2.97538e+06,2.97538e+06,1.3579e+07
0,0,0,6.92483e+08,4.22103e+07,2.32637e+07,-2.97621e+06,2.97621e+06,1.3579e+07
0,0,0,6.92483e+08,0,2.32702e+07,-2.97705e+06,2.97705e+06,1.3579e+07
0,0,0,6.92483e+08,0,2.32768e+07,-2.97788e+06,2.97788e+06,1.3579e+07
0,0,0,6.92483e+08,0,2.57807e+07,-3.29822e+06,3.29822e+06,1.3579e+07
0,0,0,6.92483e+08,0,2.57879e+07,-3.29915e+06,3.29915e+06,1.3579e+07
0,0,0,6.92483e+08,0,2.57952e+07,-3.30007e+06,3.30007e+06,1.3579e+07
0,0,0,6.92483e+08,0,2.58024e+07,-3.301e+06,3.301e+06,1.3579e+07
0,0,0,6.92483e+08,0,2.23556e+07,-2.86004e+06,2.86004e+06,1.3579e+07
0,0,0,6.92483e+08,0,2.23619e+07,-2.86084e+06,2.86084e+06,1.3579e+07
0,0,0,6.92483e+08,0,2.23682e+07,-2.86164e+06,2.86164e+06,1.3579e+07
0,0,0,6.92483e+08,0,2.23744e+07,-2.86244e+06,2.86244e+06,1.3579e+07
0,0,0,6.92483e+08,0,2.23807e+07,-2.86325e+06,2.86325e+06,1.3579e+07
0,0,0,6.92483e+08,0,2.32449e+07,-2.97381e+06,2.97381e+06,1.3579e+07
0,0,0,6.92483e+08,0,2.32515e+07,-2.97465e+06,2.97465e+06,1.3579e+07
0,0,0,6.92483e+08,0,2.3258e+07,-2.97548e+06,2.97548e+06,1.3579e+07
0,0,0,6.92483e+08,0,2.32645e+07,-2.97631e+06,2.97631e+06,1.3579e+07
0,0,0,6.92483e+08,0,2.29363e+07,-2.93432e+06,2.93432e+06,1.3579e+07
0,0,0,6.92483e+08,0,2.29427e+07,-2.93515e+06,2.93515e+06,1.3579e+07
0,0,0,6.92483e+08,0,2.29491e+07,-2.93597e+06,2.93597e+06,1.3579e+07
0,0,0,6.92483e+08,0,2.29555e+07,-2.93679e+06,2.93679e+06,1.3579e+07
0,0,0,6.92483e+08,0,2.41252e+07,-3.08643e+06,3.08643e+06,1.3579e+07
0,0,0,6.92483e+08,0,2.4132e+07,-3.08729e+06,3.08729e+06,1.3579e+07
0,0,0,6.92483e+08,0,2.41387e+07,-3.08816e+06,3.08816e+06,1.3579e+07
0,0,0,6.92483e+08,0,2.41455e+07,-3.08902e+06,3.08902e+06,1.3579e+07
0,0,0,6.92483e+08,0,2.41522e+07,-3.08988e+06,3.08988e+06,1.3579e+07
0,0,0,6.92483e+08,0,2.43803e+07,-3.11907e+06,3.11907e+06,1.3579e+07
0,0,0,6.92483e+08,0,2.43871e+07,-3.11994e+06,3.11994e+06,1.3579e+07
0,0,0,6.92483e+08,0,2.4394e+07,-3.12081e+06,3.12081e+06,1.3579e+07
0,0,0,6.92483e+08,0,2.44008e+07,-3.12168e+06,3.12168e+06,1.3579e+07
0,0,0,6.92483e+08,0,2.49905e+07,-3.19713e+06,3.19713e+06,1.3579e+07
0,0,0,6.92483e+08,0,2.49975e+07,-3.19803e+06,3.19803e+06,1.3579e+07
0,0,0,6.92483e+08,0,2.50045e+07,-3.19892e+06,3.19892e+06,1.3579e+07
0,0,0,6.92483e+08,0,2.50115e+07,-3.19981e+06,3.19981e+06,1.3579e+07
0,0,0,6.92483e+08,0,2.69296e+07,-3.4452e+06,3.4452e+06,1.3579e+07
0,0,0,6.92483e+08,0,2.69371e+07,-3.44616e+06,3.44616e+06,1.3579e+07
0,0,0,6.92483e+08,0,2.69446e+07,-3.44712e+06,3.44712e+06,1.3579e+07
0,0,0,6.92483e+08,0,2.69521e+07,-3.44809e+06,3.44809e+06,1.3579e+07
0,0,0,6.92483e+08,0,2.69597e+07,-3.44905e+06,3.44905e+06,1.3579e+07
0,0,0,6.92483e+08,0,2.59062e+07,-3.31428e+06,3.31428e+06,1.3579e+07
0,0,0,6.92483e+08,0,2.59135e+07,-3.31521e+06,3.31521e+06,1.3579e+07
0,0,0,6.92483e+08,0,2.59207e+07,-3.31613e+06,3.31613e+06,1.3579e+07
0,0,0,6.92483e+08,0,2.59279e+07,-3.31706e+06,3.31706e+06,1.3579e+07
0,0,0,6.92483e+08,0,2.5005e+07,-3.19899e+06,3.19899e+06,1.3579e+07
0,0,0,6.92483e+08,0,2.5012e+07,-3.19988e+06,3.19988e+06,1.3579e+07
0,0,0,6.92483e+08,0,2.5019e+07,-3.20077e+06,3.20077e+06,1.3579e+07
0,0,0,6.92483e+08,0,2.5026e+07,-3.20167e+06,3.20167e+06,1.3579e+07
0,0,0,6.92483e+08,0,2.28382e+07,-2.92178e+06,2.92178e+06,1.3579e+07
0,0,0,6.92483e+08,0,2.28446e+07,-2.92259e+06,2.92259e+06,1.3579e+07
0,0,0,6.92483e+08,0,2.28509e+07,-2.92341e+06,2.92341e+06,1.3579e+07
0,0,0,6.92483e+08,0,2.28573e+07,-2.92422e+06,2.92422e+06,1.3579e+07
0,0,0,6.92483e+08,0,2.28637e+07,-2.92504e+06,2.92504e+06,1.3579e+07
0,0,0,6.92483e+08,0,2.28637e+07,-2.92504e+06,2.92504e+06,1.3579e+07
0,0,0,6.92483e+08,4.22103e+07,2.35975e+07,-3.01892e+06,3.01892e+06,1.3579e+07
0,0,0,6.92483e+08,0,2.36038e+07,-3.01972e+06,3.01972e+06,1.3579e+07
0,0,0,6.92483e+08,0,2.36101e+07,-3.02053e+06,3.02053e+06,1.3579e+07
0,0,0,6.92483e+08,0,2.36164e+07,-3.02134e+06,3.02134e+06,1.3579e+07
0,0,0,6.92483e+08,0,2.61566e+07,-3.34631e+06,3.34631e+06,1.3579e+07
0,0,0,6.92483e+08,0,2.61636e+07,-3.3472e+06,3.3472e+06,1.3579e+07
0,0,0,6.92483e+08,0,2.61705e+07,-3.3481e+06,3.3481e+06,1.3579e+07
0,0,0,6.92483e+08,0,2.61775e+07,-3.34899e+06,3.34899e+06,1.3579e+07
0,0,0,6.92483e+08,0,2.26803e+07,-2.90158e+06,2.90158e+06,1.3579e+07
0,0,0,6.92483e+08,0,2.26864e+07,-2.90236e+06,2.90236e+06,1.3579e+07
0,0,0,6.92483e+08,0,2.26925e+07,-2.90313e+06,2.90313e+06,1.3579e+07
0,0,0,6.92483e+08,0,2.26985e+07,-2.90391e+06,2.90391e+06,1.3579e+07
0,0,0,6.92483e+08,0,2.27046e+07,-2.90468e+06,2.90468e+06,1.3579e+07
0,0,0,6.92483e+08,0,2.3581e+07,-3.01681e+06,3.01681e+06,1.3579e+07
0,0,0,6.92483e+08,0,2.35873e+07,-3.01761e+06,3.01761e+06,1.3579e+07
0,0,0,6.92483e+08,0,2.35936e+07,-3.01842e+06,3.01842e+06,1.3579e+07
0,0,0,6.92483e+08,0,2.35999e+07,-3.01923e+06,3.01923e+06,1.3579e+07
0,0,0,6.92483e+08,0,2.32667e+07,-2.97659e+06,2.97659e+06,1.3579e+07
0,0,0,6.92483e+08,0,2.32729e+07,-2.97739e+06,2.97739e+06,1.3579e+07
0,0,0,6.92483e+08,0,2.32791e+07,-2.97818e+06,2.97818e+06,1.3579e+07
0,0,0,6.92483e+08,0,2.32853e+07,-2.97898e+06,2.97898e+06,1.3579e+07
0,0,0,6.92483e+08,0,2.44714e+07,-3.13072e+06,3.13072e+06,1.3579e+07
0,0,0,6.92483e+08,0,2.4478e+07,-3.13156e+06,3.13156e+06,1.3579e+07
0,0,0,6.92483e+08,0,2.44845e+07,-3.13239e+06,3.13239e+06,1.3579e+07
0,0,0,6.92483e+08,0,2.4491e+07,-3.13323e+06,3.13323e+06,1.3579e+07
0,0,0,6.92483e+08,0,2.44975e+07,-3.13406e+06,3.13406e+06,1.3579e+07
0,0,0,6.92483e+08,0,2.47286e+07,-3.16362e+06,3.16362e+06,1.3579e+07
0,0,0,6.92483e+08,0,2.47352e+07,-3.16446e+06,3.16446e+06,1.3579e+07
0,0,0,6.92483e+08,0,2.47418e+07,-3.16531e+06,3.16531e+06,1.3579e+07
0,0,0,6.92483e+08,0,2.47484e+07,-3.16615e+06,3.16615e+06,1.3579e+07
0,0,0,6.92483e+08,0,2.53462e+07,-3.24263e+06,3.24263e+06,1.3579e+07
0,0,0,6.92483e+08,0,2.53529e+07,-3.2435e+06,3.2435e+06,1.3579e+07
0,0,0,6.92483e+08,0,2.53597e+07,-3.24436e+06,3.24436e+06,1.3579e+07
0,0,0,6.92483e+08,0,2.53664e+07,-3.24522e+06,3.24522e+06,1.3579e+07
0,0,0,6.92483e+08,0,2.73114e+07,-3.49405e+06,3.49405e+06,1.3579e+07
0,0,0,6.92483e+08,0,2.73187e+07,-3.49498e+06,3.49498e+06,1.3579e+07
0,0,0,6.92483e+08,0,2.73259e+07,-3.49591e+06,3.49591e+06,1.3579e+07
0,0,0,6.92483e+08,0,2.73332e+07,-3.49684e+06,3.49684e+06,1.3579e+07
0,0,0,6.92483e+08,0,2.73405e+07,-3.49777e+06,3.49777e+06,1.3579e+07
0,0,0,6.92483e+08,0,2.62718e+07,-3.36105e+06,3.36105e+06,1.3579e+07
0,0,0,6.92483e+08,0,2.62788e+07,-3.36195e+06,3.36195e+06,1.3579e+07
0,0,0,6.92483e+08,0,2.62858e+07,-3.36284e+06,3.36284e+06,1.3579e+07
0,0,0,6.92483e+08,0,2.62928e+07,-3.36374e+06,3.36374e+06,1.3579e+07
0,0,0,6.92483e+08,0,2.53566e+07,-3.24396e+06,3.24396e+06,1.3579e+07
0,0,0,6.92483e+08,0,2.53633e+07,-3.24483e+06,3.24483e+06,1.3579e+07
0,0,0,6.92483e+08,0,2.53701e+07,-3.24569e+06,3.24569e+06,1.3579e+07
0,0,0,6.92483e+08,0,2.53768e+07,-3.24655e+06,3.24655e+06,1.3579e+07
0,0,0,6.92483e+08,0,2.31581e+07,-2.9627e+06,2.9627e+06,1.3579e+07
0,0,0,6.92483e+08,0,2.31642e+07,-2.96349e+06,2.96349e+06,1.3579e+07
0,0,0,6.92483e+08,0,2.31704e+07,-2.96427e+06,2.96427e+06,1.3579e+07
0,0,0,6.92483e+08,0,2.31765e+07,-2.96506e+06,2.96506e+06,1.3579e+07
0,0,0,6.92483e+08,0,2.31827e+07,-2.96585e+06,2.96585e+06,1.3579e+07
0,0,0,6.92483e+08,4.22103e+07,2.39265e+07,-3.061e+06,3.061e+06,1.3579e+07
0,0,0,6.92483e+08,60,2.39325e+07,-3.06178e+06,3.06178e+06,1.3579e+07
0,0,0,6.92483e+08,0,2.39386e+07,-3.06256e+06,3.06256e+06,1.3579e+07
0,0,0,6.92483e+08,0,2.39447e+07,-3.06334e+06,3.06334e+06,1.3579e+07
0,0,0,6.92483e+08,0,2.65198e+07,-3.39278e+06,3.39278e+06,1.3579e+07
0,0,0,6.92483e+08,0,2.65266e+07,-3.39364e+06,3.39364e+06,1.3579e+07
0,0,0,6.92483e+08,0,2.65333e+07,-3.39451e+06,3.39451e+06,1.3579e+07
0,0,0,6.92483e+08,0,2.65401e+07,-3.39537e+06,3.39537e+06,1.3579e+07
0,0,0,6.92483e+08,0,2.29942e+07,-2.94173e+06,2.94173e+06,1.3579e+07
0,0,0,6.92483e+08,0,2.3e+07,-2.94248e+06,2.94248e+06,1.3579e+07
0,0,0,6.92483e+08,0,2.30058e+07,-2.94322e+06,2.94322e+06,1.3579e+07
0,0,0,6.92483e+08,0,2.30117e+07,-2.94397e+06,2.94397e+06,1.3579e+07
0,0,0,6.92483e+08,0,2.30175e+07,-2.94472e+06,2.94472e+06,1.3579e+07
0,0,0,6.92483e+08,0,2.39058e+07,-3.05836e+06,3.05836e+06,1.3579e+07
0,0,0,6.92483e+08,0,2.39118e+07,-3.05913e+06,3.05913e+06,1.3579e+07
0,0,0,6.92483e+08,0,2.39179e+07,-3.05991e+06,3.05991e+06,1.3579e+07
0,0,0,6.92483e+08,0,2.3924e+07,-3.06069e+06,3.06069e+06,1.3579e+07
0,0,0,6.92483e+08,0,2.35859e+07,-3.01743e+06,3.01743e+06,1.3579e+07
0,0,0,6.92483e+08,0,2.35919e+07,-3.0182e+06,3.0182e+06,1.3579e+07
0,0,0,6.92483e+08,0,2.35979e+07,-3.01896e+06,3.01896e+06,1.3579e+07
0,0,0,6.92483e+08,0,2.36039e+07,-3.01973e+06,3.01973e+06,1.3579e+07
0,0,0,6.92483e+08,0,2.48059e+07,-3.17351e+06,3.17351e+06,1.3579e+07
0,0,0,6.92483e+08,0,2.48122e+07,-3.17432e+06,3.17432e+06,1.3579e+07
0,0,0,6.92483e+08,0,2.48185e+07,-3.17513e+06,3.17513e+06,1.3579e+07
0,0,0,6.92483e+08,0,2.48248e+07,-3.17593e+06,3.17593e+06,1.3579e+07
0,0,0,6.92483e+08,0,2.48311e+07,-3.17674e+06,3.17674e+06,1.3579e+07
0,0,0,6.92483e+08,0,2.5065e+07,-3.20666e+06,3.20666e+06,1.3579e+07
0,0,0,6.92483e+08,0,2.50713e+07,-3.20747e+06,3.20747e+06,1.3579e+07
0,0,0,6.92483e+08,0,2.50777e+07,-3.20828e+06,3.20828e+06,1.3579e+07
0,0,0,6.92483e+08,0,2.50841e+07,-3.2091e+06,3.2091e+06,1.3579e+07
0,0,0,6.92483e+08,0,2.56897e+07,-3.28658e+06,3.28658e+06,1.3579e+07
0,0,0,6.92483e+08,0,2.56962e+07,-3.28741e+06,3.28741e+06,1.3579e+07
0,0,0,6.92483e+08,0,2.57027e+07,-3.28824e+06,3.28824e+06,1.3579e+07
0,0,0,6.92483e+08,0,2.57092e+07,-3.28908e+06,3.28908e+06,1.3579e+07
0,0,0,6.92483e+08,0,2.76801e+07,-3.54122e+06,3.54122e+06,1.3579e+07
0,0,0,6.92483e+08,0,2.76871e+07,-3.54212e+06,3.54212e+06,1.3579e+07
0,0,0,6.92483e+08,0,2.76941e+07,-3.54301e+06,3.54301e+06,1.3579e+07
0,0,0,6.92483e+08,0,2.77011e+07,-3.54391e+06,3.54391e+06,1.3579e+07
0,0,0,6.92483e+08,0,2.77082e+07,-3.54481e+06,3.54481e+06,1.3579e+07
0,0,0,6.92483e+08,0,2.66248e+07,-3.40621e+06,3.40621e+06,1.3579e+07
0,0,0,6.92483e+08,0,2.66315e+07,-3.40707e+06,3.40707e+06,1.3579e+07
0,0,0,6.92483e+08,0,2.66383e+07,-3.40794e+06,3.40794e+06,1.3579e+07
0,0,0,6.92483e+08,0,2.6645e+07,-3.4088e+06,3.4088e+06,1.3579e+07
0,0,0,6.92483e+08,0,2.5696e+07,-3.28738e+06,3.28738e+06,1.3579e+07
0,0,0,6.92483e+08,0,2.57025e+07,-3.28821e+06,3.28821e+06,1.3579e+07
0,0,0,6.92483e+08,0,2.5709e+07,-3.28905e+06,3.28905e+06,1.3579e+07
0,0,0,6.92483e+08,0,2.57155e+07,-3.28988e+06,3.28988e+06,1.3579e+07
0,0,0,6.92483e+08,0,2.34668e+07,-3.0022e+06,3.0022e+06,1.3579e+07
0,0,0,6.92483e+08,0,2.34728e+07,-3.00296e+06,3.00296e+06,1.3579e+07
0,0,0,6.92483e+08,0,2.34787e+07,-3.00372e+06,3.00372e+06,1.3579e+07
0,0,0,6.92483e+08,0,2.34847e+07,-3.00448e+06,3.00448e+06,1.3579e+07
0,0,0,6.92483e+08,0,2.34906e+07,-3.00524e+06,3.00524e+06,1.3579e+07
0,0,0,6.92483e+08,4.22102e+07,2.42439e+07,-3.10162e+06,3.10162e+06,1.3579e+07
0,0,0,6.92483e+08,0,2.42498e+07,-3.10237e+06,3.10237e+06,1.3579e+07
0,0,0,6.92483e+08,0,2.42557e+07,-3.10312e+06,3.10312e+06,1.3579e+07
0,0,0,6.92483e+08,0,2.42615e+07,-3.10387e+06,3.10387e+06,1.3579e+07
0,0,0,6.92483e+08,0,2.68704e+07,-3.43763e+06,3.43763e+06,1.3579e+07
0,0,0,6.92483e+08,0,2.68769e+07,-3.43846e+06,3.43846e+06,1.3579e+07
0,0,0,6.92483e+08,0,2.68834e+07,-3.43929e+06,3.43929e+06,1.3579e+07
0,0,0,6.92483e+08,0,2.68899e+07,-3.44012e+06,3.44012e+06,1.3579e+07
0,0,0,6.92483e+08,0,2.32969e+07,-2.98046e+06,2.98046e+06,1.3579e+07
0,0,0,6.92483e+08,0,2.33025e+07,-2.98118e+06,2.98118e+06,1.3579e+07
0,0,0,6.92483e+08,0,2.33082e+07,-2.9819e+06,2.9819e+06,1.3579e+07
0,0,0,6.92483e+08,0,2.33138e+07,-2.98262e+06,2.98262e+06,1.3579e+07
0,0,0,6.92483e+08,0,2.33194e+07,-2.98334e+06,2.98334e+06,1.3579e+07
0,0,0,6.92483e+08,0,2.4219e+07,-3.09843e+06,3.09843e+06,1.3579e+07
0,0,0,6.92483e+08,0,2.42249e+07,-3.09918e+06,3.09918e+06,1.3579e+07
0,0,0,6.92483e+08,0,2.42307e+07,-3.09993e+06,3.09993e+06,1.3579e+07
0,0,0,6.92483e+08,0,2.42366e+07,-3.10068e+06,3.10068e+06,1.3579e+07
0,0,0,6.92483e+08,0,2.38937e+07,-3.05682e+06,3.05682e+06,1.3579e+07
0,0,0,6.92483e+08,0,2.38995e+07,-3.05755e+06,3.05755e+06,1.3579e+07
0,0,0,6.92483e+08,0,2.39053e+07,-3.05829e+06,3.05829e+06,1.3579e+07
0,0,0,6.92483e+08,0,2.39111e+07,-3.05903e+06,3.05903e+06,1.3579e+07
0,0,0,6.92483e+08,0,2.51284e+07,-3.21478e+06,3.21478e+06,1.3579e+07
0,0,0,6.92483e+08,0,2.51345e+07,-3.21555e+06,3.21555e+06,1.3579e+07
0,0,0,6.92483e+08,0,2.51406e+07,-3.21633e+06,3.21633e+06,1.3579e+07
0,0,0,6.92483e+08,0,2.51466e+07,-3.2171e+06,3.2171e+06,1.3579e+07
0,0,0,6.92483e+08,0,2.51527e+07,-3.21788e+06,3.21788e+06,1.3579e+07
0,0,0,6.92483e+08,0,2.53893e+07,-3.24815e+06,3.24815e+06,1.3579e+07
0,0,0,6.92483e+08,0,2.53954e+07,-3.24893e+06,3.24893e+06,1.3579e+07
0,0,0,6.92483e+08,0,2.54015e+07,-3.24971e+06,3.24971e+06,1.3579e+07
0,0,0,6.92483e+08,0,2.54077e+07,-3.2505e+06,3.2505e+06,1.3579e+07
0,0,0,6.92483e+08,0,2.60208e+07,-3.32893e+06,3.32893e+06,1.3579e+07
0,0,0,6.92483e+08,0,2.6027e+07,-3.32974e+06,3.32974e+06,1.3579e+07
0,0,0,6.92483e+08,0,2.60333e+07,-3.33054e+06,3.33054e+06,1.3579e+07
0,0,0,6.92483e+08,0,2.60396e+07,-3.33134e+06,3.33134e+06,1.3579e+07
0,0,0,6.92483e+08,0,2.80354e+07,-3.58668e+06,3.58668e+06,1.3579e+07
0,0,0,6.92483e+08,0,2.80422e+07,-3.58754e+06,3.58754e+06,1.3579e+07
0,0,0,6.92483e+08,0,2.80489e+07,-3.58841e+06,3.58841e+06,1.3579e+07
0,0,0,6.92483e+08,0,2.80557e+07,-3.58927e+06,3.58927e+06,1.3579e+07
0,0,0,6.92483e+08,0,2.80625e+07,-3.59014e+06,3.59014e+06,1.3579e+07
0,0,0,6.92483e+08,0,2.69649e+07,-3.44972e+06,3.44972e+06,1.3579e+07
0,0,0,6.92483e+08,0,2.69714e+07,-3.45055e+06,3.45055e+06,1.3579e+07
0,0,0,6.92483e+08,0,2.69779e+07,-3.45138e+06,3.45138e+06,1.3579e+07
0,0,0,6.92483e+08,0,2.69844e+07,-3.45222e+06,3.45222e+06,1.3579e+07
0,0,0,6.92483e+08,0,2.60229e+07,-3.32921e+06,3.32921e+06,1.3579e+07
0,0,0,6.92483e+08,0,2.60292e+07,-3.33001e+06,3.33001e+06,1.3579e+07
0,0,0,6.92483e+08,0,2.60355e+07,-3.33081e+06,3.33081e+06,1.3579e+07
0,0,0,6.92483e+08,0,2.60417e+07,-3.33162e+06,3.33162e+06,1.3579e+07
0,0,0,6.92483e+08,0,2.37642e+07,-3.04025e+06,3.04025e+06,1.3579e+07
0,0,0,6.92483e+08,0,2.377e+07,-3.04098e+06,3.04098e+06,1.3579e+07
0,0,0,6.92483e+08,0,2.37757e+07,-3.04171e+06,3.04171e+06,1.3579e+07
0,0,0,6.92483e+08,0,2.37814e+07,-3.04244e+06,3.04244e+06,1.3579e+07
0,0,0,6.92483e+08,0,2.37871e+07,-3.04318e+06,3.04318e+06,1.3579e+07
0,0,0,6.92483e+08,7.97846e+07,2.45497e+07,-3.14073e+06,3.14073e+06,1.3579e+07
0,0,0,6.92483e+08,0,2.45553e+07,-3.14145e+06,3.14145e+06,1.3579e+07
0,0,0,6.92483e+08,0,2.45609e+07,-3.14217e+06,3.14217e+06,1.3579e+07
0,0,0,6.92483e+08,0,2.45665e+07,-3.14289e+06,3.14289e+06,1.3579e+07
0,0,0,6.92483e+08,0,2.72078e+07,-3.4808e+06,3.4808e+06,1.3579e+07
0,0,0,6.92483e+08,0,2.72141e+07,-3.4816e+06,3.4816e+06,1.3579e+07
0,0,0,6.92483e+08,0,2.72203e+07,-3.4824e+06,3.4824e+06,1.3579e+07
0,0,0,6.92483e+08,0,2.72266e+07,-3.4832e+06,3.4832e+06,1.3579e+07
0,0,0,6.92483e+08,0,2.35883e+07,-3.01774e+06,3.01774e+06,1.3579e+07
0,0,0,6.92483e+08,0,2.35937e+07,-3.01844e+06,3.01844e+06,1.3579e+07
0,0,0,6.92483e+08,0,2.35991e+07,-3.01913e+06,3.01913e+06,1.3579e+07
0,0,0,6.92483e+08,0,2.36046e+07,-3.01982e+06,3.01982e+06,1.3579e+07
0,0,0,6.92483e+08,0,2.361e+07,-3.02051e+06,3.02051e+06,1.3579e+07
0,0,0,6.92483e+08,0,2.45204e+07,-3.13699e+06,3.13699e+06,1.3579e+07
0,0,0,6.92483e+08,0,2.45261e+07,-3.13771e+06,3.13771e+06,1.3579e+07
0,0,0,6.92483e+08,0,2.45317e+07,-3.13843e+06,3.13843e+06,1.3579e+07
0,0,0,6.92483e+08,0,2.45373e+07,-3.13915e+06,3.13915e+06,1.3579e+07
0,0,0,6.92483e+08,0,2.41899e+07,-3.09471e+06,3.09471e+06,1.3579e+07
0,0,0,6.92483e+08,0,2.41954e+07,-3.09541e+06,3.09541e+06,1.3579e+07
0,0,0,6.92483e+08,0,2.4201e+07,-3.09612e+06,3.09612e+06,1.3579e+07
0,0,0,6.92483e+08,0,2.42065e+07,-3.09683e+06,3.09683e+06,1.3579e+07
0,0,0,6.92483e+08,0,2.54386e+07,-3.25446e+06,3.25446e+06,1.3579e+07
0,0,0,6.92483e+08,0,2.54445e+07,-3.2552e+06,3.2552e+06,1.3579e+07
0,0,0,6.92483e+08,0,2.54503e+07,-3.25595e+06,3.25595e+06,1.3579e+07
0,0,0,6.92483e+08,0,2.54561e+07,-3.25669e+06,3.25669e+06,1.3579e+07
0,0,0,6.92483e+08,0,2.54619e+07,-3.25744e+06,3.25744e+06,1.3579e+07
0,0,0,6.92483e+08,0,2.57011e+07,-3.28804e+06,3.28804e+06,1.3579e+07
0,0,0,6.92483e+08,0,2.5707e+07,-3.28879e+06,3.28879e+06,1.3579e+07
0,0,0,6.92483e+08,0,2.57129e+07,-3.28954e+06,3.28954e+06,1.3579e+07
0,0,0,6.92483e+08,0,2.57187e+07,-3.29029e+06,3.29029e+06,1.3579e+07
0,0,0,6.92483e+08,0,2.6339e+07,-3.36965e+06,3.36965e+06,1.3579e+07
0,0,0,6.92483e+08,0,2.6345e+07,-3.37042e+06,3.37042e+06,1.3579e+07
0,0,0,6.92483e+08,0,2.63511e+07,-3.37119e+06,3.37119e+06,1.3579e+07
0,0,0,6.92483e+08,0,2.63571e+07,-3.37196e+06,3.37196e+06,1.3579e+07
0,0,0,6.92483e+08,0,2.83769e+07,-3.63036e+06,3.63036e+06,1.3579e+07
0,0,0,6.92483e+08,0,2.83834e+07,-3.63119e+06,3.63119e+06,1.3579e+07
0,0,0,6.92483e+08,0,2.83899e+07,-3.63202e+06,3.63202e+06,1.3579e+07
0,0,0,6.92483e+08,0,2.83964e+07,-3.63285e+06,3.63285e+06,1.3579e+07
0,0,0,6.92483e+08,0,2.84029e+07,-3.63368e+06,3.63368e+06,1.3579e+07
0,0,0,6.92483e+08,0,2.72916e+07,-3.49152e+06,3.49152e+06,1.3579e+07
0,0,0,6.92483e+08,0,2.72979e+07,-3.49232e+06,3.49232e+06,1.3579e+07
0,0,0,6.92483e+08,0,2.73041e+07,-3.49312e+06,3.49312e+06,1.3579e+07
0,0,0,6.92483e+08,0,2.73104e+07,-3.49392e+06,3.49392e+06,1.3579e+07
0,0,0,6.92483e+08,0,2.63369e+07,-3.36938e+06,3.36938e+06,1.3579e+07
0,0,0,6.92483e+08,0,2.63429e+07,-3.37015e+06,3.37015e+06,1.3579e+07
0,0,0,6.92483e+08,0,2.6349e+07,-3.37092e+06,3.37092e+06,1.3579e+07
0,0,0,6.92483e+08,0,2.6355e+07,-3.37169e+06,3.37169e+06,1.3579e+07
0,0,0,6.92483e+08,0,2.40498e+07,-3.07678e+06,3.07678e+06,1.3579e+07
0,0,0,6.92483e+08,0,2.40553e+07,-3.07748e+06,3.07748e+06,1.3579e+07
0,0,0,6.92483e+08,0,2.40608e+07,-3.07819e+06,3.07819e+06,1.3579e+07
0,0,0,6.92483e+08,0,2.40663e+07,-3.07889e+06,3.07889e+06,1.3579e+07
0,0,0,6.92483e+08,0,2.40718e+07,-3.07959e+06,3.07959e+06,1.3579e+07
0,0,0,7.0221e+08,7.97846e+07,2.48431e+07,-3.17827e+06,3.17827e+06,1.3579e+07
0,0,0,7.0221e+08,0,2.48485e+07,-3.17896e+06,3.17896e+06,1.3579e+07
0,0,0,7.0221e+08,0,2.48539e+07,-3.17965e+06,3.17965e+06,1.3579e+07
0,0,0,7.0221e+08,0,2.48593e+07,-3.18034e+06,3.18034e+06,1.3579e+07
0,0,0,7.0221e+08,0,2.75317e+07,-3.52223e+06,3.52223e+06,1.3579e+07
0,0,0,7.0221e+08,0,2.75377e+07,-3.523e+06,3.523e+06,1.3579e+07
0,0,0,7.0221e+08,0,2.75436e+07,-3.52376e+06,3.52376e+06,1.3579e+07
0,0,0,7.0221e+08,0,2.75496e+07,-3.52452e+06,3.52452e+06,1.3579e+07
0,0,0,7.0221e+08,0,2.38679e+07,-3.05351e+06,3.05351e+06,1.3579e+07
0,0,0,7.0221e+08,0,2.38731e+07,-3.05417e+06,3.05417e+06,1.3579e+07
0,0,0,7.0221e+08,0,2.38783e+07,-3.05483e+06,3.05483e+06,1.3579e+07
0,0,0,7.0221e+08,0,2.38834e+07,-3.0555e+06,3.0555e+06,1.3579e+07
0,0,0,7.0221e+08,0,2.38886e+07,-3.05616e+06,3.05616e+06,1.3579e+07
0,0,0,7.0221e+08,0,2.48095e+07,-3.17397e+06,3.17397e+06,1.3579e+07
0,0,0,7.0221e+08,0,2.48149e+07,-3.17466e+06,3.17466e+06,1.3579e+07
0,0,0,7.0221e+08,0,2.48203e+07,-3.17535e+06,3.17535e+06,1.3579e+07
0,0,0,7.0221e+08,0,2.48256e+07,-3.17604e+06,3.17604e+06,1.3579e+07
0,0,0,7.0221e+08,0,2.44739e+07,-3.13103e+06,3.13103e+06,1.3579e+07
0,0,0,7.0221e+08,0,2.44792e+07,-3.13171e+06,3.13171e+06,1.3579e+07
0,0,0,7.0221e+08,0,2.44845e+07,-3.13239e+06,3.13239e+06,1.3579e+07
0,0,0,7.0221e+08,0,2.44898e+07,-3.13307e+06,3.13307e+06,1.3579e+07
0,0,0,7.0221e+08,0,2.5736e+07,-3.2925e+06,3.2925e+06,1.3579e+07
0,0,0,7.0221e+08,0,2.57415e+07,-3.29321e+06,3.29321e+06,1.3579e+07
0,0,0,7.0221e+08,0,2.57471e+07,-3.29392e+06,3.29392e+06,1.3579e+07
0,0,0,7.0221e+08,0,2.57527e+07,-3.29464e+06,3.29464e+06,1.3579e+07
0,0,0,7.0221e+08,0,2.57582e+07,-3.29535e+06,3.29535e+06,1.3579e+07
0,0,0,7.0221e+08,0,2.59999e+07,-3.32626e+06,3.32626e+06,1.3579e+07
0,0,0,7.0221e+08,0,2.60055e+07,-3.32698e+06,3.32698e+06,1.3579e+07
0,0,0,7.0221e+08,0,2.60111e+07,-3.3277e+06,3.3277e+06,1.3579e+07
0,0,0,7.0221e+08,0,2.60167e+07,-3.32842e+06,3.32842e+06,1.3579e+07
0,0,0,7.0221e+08,0,2.66439e+07,-3.40865e+06,3.40865e+06,1.3579e+07
0,0,0,7.0221e+08,0,2.66496e+07,-3.40939e+06,3.40939e+06,1.3579e+07
0,0,0,7.0221e+08,0,2.66554e+07,-3.41012e+06,3.41012e+06,1.3579e+07
0,0,0,7.0221e+08,0,2.66612e+07,-3.41086e+06,3.41086e+06,1.3579e+07
0,0,0,7.0221e+08,0,2.87039e+07,-3.6722e+06,3.6722e+06,1.3579e+07
0,0,0,7.0221e+08,0,2.87101e+07,-3.67299e+06,3.67299e+06,1.3579e+07
0,0,0,7.0221e+08,0,2.87163e+07,-3.67379e+06,3.67379e+06,1.3579e+07
0,0,0,7.0221e+08,0,2.87225e+07,-3.67458e+06,3.67458e+06,1.3579e+07
0,0,0,7.0221e+08,0,2.87288e+07,-3.67538e+06,3.67538e+06,1.3579e+07
0,0,0,7.0221e+08,0,2.76044e+07,-3.53154e+06,3.53154e+06,1.3579e+07
0,0,0,7.0221e+08,0,2.76104e+07,-3.5323e+06,3.5323e+06,1.3579e+07
0,0,0,7.0221e+08,0,2.76164e+07,-3.53307e+06,3.53307e+06,1.3579e+07
0,0,0,7.0221e+08,0,2.76223e+07,-3.53383e+06,3.53383e+06,1.3579e+07
0,0,0,7.0221e+08,0,2.66375e+07,-3.40783e+06,3.40783e+06,1.3579e+07
0,0,0,7.0221e+08,0,2.66432e+07,-3.40857e+06,3.40857e+06,1.3579e+07
0,0,0,7.0221e+08,0,2.6649e+07,-3.4093e+06,3.4093e+06,1.3579e+07
0,0,0,7.0221e+08,0,2.66547e+07,-3.41004e+06,3.41004e+06,1.3579e+07
0,0,0,7.0221e+08,0,2.4323e+07,-3.11174e+06,3.11174e+06,1.3579e+07
0,0,0,7.0221e+08,0,2.43283e+07,-3.11241e+06,3.11241e+06,1.3579e+07
0,0,0,7.0221e+08,0,2.43335e+07,-3.11308e+06,3.11308e+06,1.3579e+07
0,0,0,7.0221e+08,0,2.43388e+07,-3.11375e+06,3.11375e+06,1.3579e+07
0,0,0,7.0221e+08,0,2.4344e+07,-3.11442e+06,3.11442e+06,1.3579e+07
0,0,0,7.0221e+08,0,2.51238e+07,-3.21418e+06,3.21418e+06,1.3579e+07
0,0,0,7.0221e+08,7.97846e+07,2.51289e+07,-3.21484e+06,3.21484e+06,1.3579e+07
0,0,0,7.0221e+08,0,2.51341e+07,-3.2155e+06,3.2155e+06,1.3579e+07
0,0,0,7.0221e+08,0,2.51392e+07,-3.21615e+06,3.21615e+06,1.3579e+07
0,0,0,7.0221e+08,0,2.78414e+07,-3.56185e+06,3.56185e+06,1.3579e+07
0,0,0,7.0221e+08,0,2.78471e+07,-3.56258e+06,3.56258e+06,1.3579e+07
0,0,0,7.0221e+08,0,2.78528e+07,-3.56331e+06,3.56331e+06,1.3579e+07
0,0,0,7.0221e+08,0,2.78585e+07,-3.56404e+06,3.56404e+06,1.3579e+07
0,0,0,7.0221e+08,0,2.41352e+07,-3.08771e+06,3.08771e+06,1.3579e+07
0,0,0,7.0221e+08,0,2.41401e+07,-3.08834e+06,3.08834e+06,1.3579e+07
0,0,0,7.0221e+08,0,2.41451e+07,-3.08897e+06,3.08897e+06,1.3579e+07
0,0,0,7.0221e+08,0,2.415e+07,-3.0896e+06,3.0896e+06,1.3579e+07
0,0,0,7.0221e+08,0,2.41549e+07,-3.09023e+06,3.09023e+06,1.3579e+07
0,0,0,7.0221e+08,0,2.50858e+07,-3.20932e+06,3.20932e+06,1.3579e+07
0,0,0,7.0221e+08,0,2.50909e+07,-3.20998e+06,3.20998e+06,1.3579e+07
0,0,0,7.0221e+08,0,2.50961e+07,-3.21064e+06,3.21064e+06,1.3579e+07
0,0,0,7.0221e+08,0,2.51012e+07,-3.21129e+06,3.21129e+06,1.3579e+07
0,0,0,7.0221e+08,0,2.47452e+07,-3.16575e+06,3.16575e+06,1.3579e+07
0,0,0,7.0221e+08,0,2.47503e+07,-3.1664e+06,3.1664e+06,1.3579e+07
0,0,0,7.0221e+08,0,2.47553e+07,-3.16704e+06,3.16704e+06,1.3579e+07
0,0,0,7.0221e+08,0,2.47604e+07,-3.16769e+06,3.16769e+06,1.3579e+07
0,0,0,7.0221e+08,0,2.602e+07,-3.32884e+06,3.32884e+06,1.3579e+07
0,0,0,7.0221e+08,0,2.60254e+07,-3.32952e+06,3.32952e+06,1.3579e+07
0,0,0,7.0221e+08,0,2.60307e+07,-3.3302e+06,3.3302e+06,1.3579e+07
0,0,0,7.0221e+08,0,2.6036e+07,-3.33088e+06,3.33088e+06,1.3579e+07
0,0,0,7.0221e+08,0,2.60413e+07,-3.33156e+06,3.33156e+06,1.3579e+07
0,0,0,7.0221e+08,0,2.62853e+07,-3.36277e+06,3.36277e+06,1.3579e+07
0,0,0,7.0221e+08,0,2.62906e+07,-3.36346e+06,3.36346e+06,1.3579e+07
0,0,0,7.0221e+08,0,2.6296e+07,-3.36415e+06,3.36415e+06,1.3579e+07
0,0,0,7.0221e+08,0,2.63014e+07,-3.36483e+06,3.36483e+06,1.3579e+07
0,0,0,7.0221e+08,0,2.6935e+07,-3.4459e+06,3.4459e+06,1.3579e+07
0,0,0,7.0221e+08,0,2.69405e+07,-3.4466e+06,3.4466e+06,1.3579e+07
0,0,0,7.0221e+08,0,2.6946e+07,-3.4473e+06,3.4473e+06,1.3579e+07
0,0,0,7.0221e+08,0,2.69515e+07,-3.44801e+06,3.44801e+06,1.3579e+07
0,0,0,7.0221e+08,0,2.90162e+07,-3.71215e+06,3.71215e+06,1.3579e+07
0,0,0,7.0221e+08,0,2.90221e+07,-3.71291e+06,3.71291e+06,1.3579e+07
0,0,0,7.0221e+08,0,2.9028e+07,-3.71366e+06,3.71366e+06,1.3579e+07
0,0,0,7.0221e+08,0,2.90339e+07,-3.71442e+06,3.71442e+06,1.3579e+07
0,0,0,7.0221e+08,0,2.90399e+07,-3.71518e+06,3.71518e+06,1.3579e+07
0,0,0,7.0221e+08,0,2.7903e+07,-3.56974e+06,3.56974e+06,1.3579e+07
0,0,0,7.0221e+08,0,2.79087e+07,-3.57047e+06,3.57047e+06,1.3579e+07
0,0,0,7.0221e+08,0,2.79144e+07,-3.5712e+06,3.5712e+06,1.3579e+07
0,0,0,7.0221e+08,0,2.79201e+07,-3.57192e+06,3.57192e+06,1.3579e+07
0,0,0,7.0221e+08,0,2.69243e+07,-3.44452e+06,3.44452e+06,1.3579e+07
0,0,0,7.0221e+08,0,2.69298e+07,-3.44523e+06,3.44523e+06,1.3579e+07
0,0,0,7.0221e+08,0,2.69353e+07,-3.44593e+06,3.44593e+06,1.3579e+07
0,0,0,7.0221e+08,0,2.69407e+07,-3.44663e+06,3.44663e+06,1.3579e+07
0,0,0,7.0221e+08,0,2.45837e+07,-3.14509e+06,3.14509e+06,1.3579e+07
0,0,0,7.0221e+08,0,2.45887e+07,-3.14573e+06,3.14573e+06,1.3579e+07
0,0,0,7.0221e+08,0,2.45937e+07,-3.14637e+06,3.14637e+06,1.3579e+07
0,0,0,7.0221e+08,0,2.45987e+07,-3.14701e+06,3.14701e+06,1.3579e+07
0,0,0,7.0221e+08,0,2.46038e+07,-3.14765e+06,3.14765e+06,1.3579e+07
0,0,0,7.0221e+08,0,2.46038e+07,-3.14765e+06,3.14765e+06,1.3579e+07
0,0,0,7.0221e+08,7.97846e+07,2.53915e+07,-3.24843e+06,3.24843e+06,1.3579e+07
0,0,0,7.0221e+08,0,2.53964e+07,-3.24906e+06,3.24906e+06,1.3579e+07
0,0,0,7.0221e+08,0,2.54013e+07,-3.24969e+06,3.24969e+06,1.3579e+07
0,0,0,7.0221e+08,0,2.54062e+07,-3.25031e+06,3.25031e+06,1.3579e+07
0,0,0,7.0221e+08,0,2.81368e+07,-3.59964e+06,3.59964e+06,1.3579e+07
0,0,0,7.0221e+08,0,2.81422e+07,-3.60033e+06,3.60033e+06,1.3579e+07
0,0,0,7.0221e+08,0,2.81476e+07,-3.60103e+06,3.60103e+06,1.3579e+07
0,0,0,7.0221e+08,0,2.8153e+07,-3.60172e+06,3.60172e+06,1.3579e+07
0,0,0,7.0221e+08,0,2.43901e+07,-3.12032e+06,3.12032e+06,1.3579e+07
0,0,0,7.0221e+08,0,2.43948e+07,-3.12092e+06,3.12092e+06,1.3579e+07
0,0,0,7.0221e+08,0,2.43995e+07,-3.12152e+06,3.12152e+06,1.3579e+07
0,0,0,7.0221e+08,0,2.44042e+07,-3.12212e+06,3.12212e+06,1.3579e+07
0,0,0,7.0221e+08,0,2.44089e+07,-3.12272e+06,3.12272e+06,1.3579e+07
0,0,0,7.0221e+08,0,2.53492e+07,-3.24302e+06,3.24302e+06,1.3579e+07
0,0,0,7.0221e+08,0,2.53541e+07,-3.24365e+06,3.24365e+06,1.3579e+07
0,0,0,7.0221e+08,0,2.5359e+07,-3.24427e+06,3.24427e+06,1.3579e+07
0,0,0,7.0221e+08,0,2.53639e+07,-3.24489e+06,3.24489e+06,1.3579e+07
0,0,0,7.0221e+08,0,2.50039e+07,-3.19884e+06,3.19884e+06,1.3579e+07
0,0,0,7.0221e+08,0,2.50087e+07,-3.19945e+06,3.19945e+06,1.3579e+07
0,0,0,7.0221e+08,0,2.50135e+07,-3.20007e+06,3.20007e+06,1.3579e+07
0,0,0,7.0221e+08,0,2.50183e+07,-3.20068e+06,3.20068e+06,1.3579e+07
0,0,0,7.0221e+08,0,2.62907e+07,-3.36347e+06,3.36347e+06,1.3579e+07
0,0,0,7.0221e+08,0,2.62958e+07,-3.36412e+06,3.36412e+06,1.3579e+07
0,0,0,7.0221e+08,0,2.63009e+07,-3.36477e+06,3.36477e+06,1.3579e+07
0,0,0,7.0221e+08,0,2.63059e+07,-3.36541e+06,3.36541e+06,1.3579e+07
0,0,0,7.0221e+08,0,2.6311e+07,-3.36606e+06,3.36606e+06,1.3579e+07
0,0,0,7.0221e+08,0,2.65571e+07,-3.39755e+06,3.39755e+06,1.3579e+07
0,0,0,7.0221e+08,0,2.65622e+07,-3.39821e+06,3.39821e+06,1.3579e+07
0,0,0,7.0221e+08,0,2.65673e+07,-3.39886e+06,3.39886e+06,1.3579e+07
0,0,0,7.0221e+08,0,2.65725e+07,-3.39951e+06,3.39951e+06,1.3579e+07
0,0,0,7.0221e+08,0,2.72123e+07,-3.48137e+06,3.48137e+06,1.3579e+07
0,0,0,7.0221e+08,0,2.72175e+07,-3.48204e+06,3.48204e+06,1.3579e+07
0,0,0,7.0221e+08,0,2.72228e+07,-3.48271e+06,3.48271e+06,1.3579e+07
0,0,0,7.0221e+08,0,2.7228e+07,-3.48338e+06,3.48338e+06,1.3579e+07
0,0,0,7.0221e+08,0,2.93135e+07,-3.75019e+06,3.75019e+06,1.3579e+07
0,0,0,7.0221e+08,0,2.93191e+07,-3.75091e+06,3.75091e+06,1.3579e+07
0,0,0,7.0221e+08,0,2.93248e+07,-3.75163e+06,3.75163e+06,1.3579e+07
0,0,0,7.0221e+08,0,2.93304e+07,-3.75235e+06,3.75235e+06,1.3579e+07
0,0,0,7.0221e+08,0,2.9336e+07,-3.75307e+06,3.75307e+06,1.3579e+07
0,0,0,7.0221e+08,0,2.81873e+07,-3.6061e+06,3.6061e+06,1.3579e+07
0,0,0,7.0221e+08,0,2.81927e+07,-3.6068e+06,3.6068e+06,1.3579e+07
0,0,0,7.0221e+08,0,2.81981e+07,-3.60749e+06,3.60749e+06,1.3579e+07
0,0,0,7.0221e+08,0,2.82035e+07,-3.60818e+06,3.60818e+06,1.3579e+07
0,0,0,7.0221e+08,0,2.71973e+07,-3.47945e+06,3.47945e+06,1.3579e+07
0,0,0,7.0221e+08,0,2.72025e+07,-3.48012e+06,3.48012e+06,1.3579e+07
0,0,0,7.0221e+08,0,2.72077e+07,-3.48078e+06,3.48078e+06,1.3579e+07
0,0,0,7.0221e+08,0,2.72129e+07,-3.48145e+06,3.48145e+06,1.3579e+07
0,0,0,7.0221e+08,0,2.48318e+07,-3.17682e+06,3.17682e+06,1.3579e+07
0,0,0,7.0221e+08,0,2.48366e+07,-3.17743e+06,3.17743e+06,1.3579e+07
0,0,0,7.0221e+08,0,2.48413e+07,-3.17804e+06,3.17804e+06,1.3579e+07
0,0,0,7.0221e+08,0,2.48461e+07,-3.17865e+06,3.17865e+06,1.3579e+07
0,0,0,7.0221e+08,0,2.48509e+07,-3.17926e+06,3.17926e+06,1.3579e+07
0,0,0,7.0221e+08,7.97846e+07,2.56462e+07,-3.28102e+06,3.28102e+06,1.3579e+07
0,0,0,7.0221e+08,0,2.56509e+07,-3.28161e+06,3.28161e+06,1.3579e+07
0,0,0,7.0221e+08,0,2.56555e+07,-3.28221e+06,3.28221e+06,1.3579e+07
0,0,0,7.0221e+08,0,2.56601e+07,-3.2828e+06,3.2828e+06,1.3579e+07
0,0,0,7.0221e+08,0,2.84177e+07,-3.63558e+06,3.63558e+06,1.3579e+07
0,0,0,7.0221e+08,0,2.84228e+07,-3.63623e+06,3.63623e+06,1.3579e+07
0,0,0,7.0221e+08,0,2.84279e+07,-3.63689e+06,3.63689e+06,1.3579e+07
0,0,0,7.0221e+08,0,2.84331e+07,-3.63755e+06,3.63755e+06,1.3579e+07
0,0,0,7.0221e+08,0,2.46324e+07,-3.15132e+06,3.15132e+06,1.3579e+07
0,0,0,7.0221e+08,0,2.46369e+07,-3.15189e+06,3.15189e+06,1.3579e+07
0,0,0,7.0221e+08,0,2.46413e+07,-3.15246e+06,3.15246e+06,1.3579e+07
0,0,0,7.0221e+08,0,2.46458e+07,-3.15303e+06,3.15303e+06,1.3579e+07
0,0,0,7.0221e+08,0,2.46502e+07,-3.1536e+06,3.1536e+06,1.3579e+07
0,0,0,7.0221e+08,0,2.55996e+07,-3.27505e+06,3.27505e+06,1.3579e+07
0,0,0,7.0221e+08,0,2.56042e+07,-3.27564e+06,3.27564e+06,1.3579e+07
0,0,0,7.0221e+08,0,2.56088e+07,-3.27623e+06,3.27623e+06,1.3579e+07
0,0,0,7.0221e+08,0,2.56135e+07,-3.27683e+06,3.27683e+06,1.3579e+07
0,0,0,7.0221e+08,0,2.52496e+07,-3.23028e+06,3.23028e+06,1.3579e+07
0,0,0,7.0221e+08,0,2.52542e+07,-3.23086e+06,3.23086e+06,1.3579e+07
0,0,0,7.0221e+08,0,2.52587e+07,-3.23145e+06,3.23145e+06,1.3579e+07
0,0,0,7.0221e+08,0,2.52633e+07,-3.23203e+06,3.23203e+06,1.3579e+07
0,0,0,7.0221e+08,0,2.65479e+07,-3.39638e+06,3.39638e+06,1.3579e+07
0,0,0,7.0221e+08,0,2.65527e+07,-3.39699e+06,3.39699e+06,1.3579e+07
0,0,0,7.0221e+08,0,2.65575e+07,-3.3976e+06,3.3976e+06,1.3579e+07
0,0,0,7.0221e+08,0,2.65623e+07,-3.39821e+06,3.39821e+06,1.3579e+07
0,0,0,7.0221e+08,0,2.65671e+07,-3.39883e+06,3.39883e+06,1.3579e+07
0,0,0,7.0221e+08,0,2.68153e+07,-3.43059e+06,3.43059e+06,1.3579e+07
0,0,0,7.0221e+08,0,2.68202e+07,-3.43121e+06,3.43121e+06,1.3579e+07
0,0,0,7.0221e+08,0,2.6825e+07,-3.43183e+06,3.43183e+06,1.3579e+07
0,0,0,7.0221e+08,0,2.68299e+07,-3.43245e+06,3.43245e+06,1.3579e+07
0,0,0,7.0221e+08,0,2.74756e+07,-3.51506e+06,3.51506e+06,1.3579e+07
0,0,0,7.0221e+08,0,2.74806e+07,-3.51569e+06,3.51569e+06,1.3579e+07
0,0,0,7.0221e+08,0,2.74855e+07,-3.51633e+06,3.51633e+06,1.3579e+07
0,0,0,7.0221e+08,0,2.74905e+07,-3.51696e+06,3.51696e+06,1.3579e+07
0,0,0,7.0221e+08,0,2.95957e+07,-3.78629e+06,3.78629e+06,1.3579e+07
0,0,0,7.0221e+08,0,2.96011e+07,-3.78698e+06,3.78698e+06,1.3579e+07
0,0,0,7.0221e+08,0,2.96064e+07,-3.78766e+06,3.78766e+06,1.3579e+07
0,0,0,7.0221e+08,0,2.96118e+07,-3.78834e+06,3.78834e+06,1.3579e+07
0,0,0,7.0221e+08,0,2.96171e+07,-3.78903e+06,3.78903e+06,1.3579e+07
0,0,0,7.0221e+08,0,2.8457e+07,-3.64061e+06,3.64061e+06,1.3579e+07
0,0,0,7.0221e+08,0,2.84621e+07,-3.64127e+06,3.64127e+06,1.3579e+07
0,0,0,7.0221e+08,0,2.84673e+07,-3.64192e+06,3.64192e+06,1.3579e+07
0,0,0,7.0221e+08,0,2.84724e+07,-3.64258e+06,3.64258e+06,1.3579e+07
0,0,0,7.0221e+08,0,2.74562e+07,-3.51258e+06,3.51258e+06,1.3579e+07
0,0,0,7.0221e+08,0,2.74612e+07,-3.51321e+06,3.51321e+06,1.3579e+07
0,0,0,7.0221e+08,0,2.74661e+07,-3.51385e+06,3.51385e+06,1.3579e+07
0,0,0,7.0221e+08,0,2.74711e+07,-3.51448e+06,3.51448e+06,1.3579e+07
0,0,0,7.0221e+08,0,2.50671e+07,-3.20692e+06,3.20692e+06,1.3579e+07
0,0,0,7.0221e+08,0,2.50716e+07,-3.2075e+06,3.2075e+06,1.3579e+07
0,0,0,7.0221e+08,0,2.50761e+07,-3.20808e+06,3.20808e+06,1.3579e+07
0,0,0,7.0221e+08,0,2.50806e+07,-3.20866e+06,3.20866e+06,1.3579e+07
0,0,0,7.0221e+08,0,2.50851e+07,-3.20924e+06,3.20924e+06,1.3579e+07
0,0,0,7.0221e+08,7.97846e+07,2.58877e+07,-3.31191e+06,3.31191e+06,1.3579e+07
0,0,0,7.0221e+08,0,2.58921e+07,-3.31247e+06,3.31247e+06,1.3579e+07
0,0,0,7.0221e+08,0,2.58965e+07,-3.31303e+06,3.31303e+06,1.3579e+07
0,0,0,7.0221e+08,0,2.59008e+07,-3.31359e+06,3.31359e+06,1.3579e+07
0,0,0,7.0221e+08,0,2.86839e+07,-3.66964e+06,3.66964e+06,1.3579e+07
0,0,0,7.0221e+08,0,2.86887e+07,-3.67026e+06,3.67026e+06,1.3579e+07
0,0,0,7.0221e+08,0,2.86936e+07,-3.67088e+06,3.67088e+06,1.3579e+07
0,0,0,7.0221e+08,0,2.86984e+07,-3.6715e+06,3.6715e+06,1.3579e+07
0,0,0,7.0221e+08,0,2.4862e+07,-3.18069e+06,3.18069e+06,1.3579e+07
0,0,0,7.0221e+08,0,2.48662e+07,-3.18123e+06,3.18123e+06,1.3579e+07
0,0,0,7.0221e+08,0,2.48704e+07,-3.18177e+06,3.18177e+06,1.3579e+07
0,0,0,7.0221e+08,0,2.48746e+07,-3.1823e+06,3.1823e+06,1.3579e+07
0,0,0,7.0221e+08,0,2.48788e+07,-3.18284e+06,3.18284e+06,1.3579e+07
0,0,0,7.0221e+08,0,2.58367e+07,-3.30538e+06,3.30538e+06,1.3579e+07
0,0,0,7.0221e+08,0,2.5841e+07,-3.30594e+06,3.30594e+06,1.3579e+07
0,0,0,7.0221e+08,0,2.58454e+07,-3.3065e+06,3.3065e+06,1.3579e+07
0,0,0,7.0221e+08,0,2.58498e+07,-3.30706e+06,3.30706e+06,1.3579e+07
0,0,0,7.0221e+08,0,2.54823e+07,-3.26004e+06,3.26004e+06,1.3579e+07
0,0,0,7.0221e+08,0,2.54866e+07,-3.26059e+06,3.26059e+06,1.3579e+07
0,0,0,7.0221e+08,0,2.54909e+07,-3.26114e+06,3.26114e+06,1.3579e+07
0,0,0,7.0221e+08,0,2.54952e+07,-3.2617e+06,3.2617e+06,1.3579e+07
0,0,0,7.0221e+08,0,2.67913e+07,-3.42751e+06,3.42751e+06,1.3579e+07
0,0,0,7.0221e+08,0,2.67958e+07,-3.42809e+06,3.42809e+06,1.3579e+07
0,0,0,7.0221e+08,0,2.68003e+07,-3.42867e+06,3.42867e+06,1.3579e+07
0,0,0,7.0221e+08,0,2.68049e+07,-3.42925e+06,3.42925e+06,1.3579e+07
0,0,0,7.0221e+08,0,2.68094e+07,-3.42982e+06,3.42982e+06,1.3579e+07
0,0,0,7.0221e+08,0,2.70596e+07,-3.46183e+06,3.46183e+06,1.3579e+07
0,0,0,7.0221e+08,0,2.70641e+07,-3.46242e+06,3.46242e+06,1.3579e+07
0,0,0,7.0221e+08,0,2.70687e+07,-3.463e+06,3.463e+06,1.3579e+07
0,0,0,7.0221e+08,0,2.70733e+07,-3.46359e+06,3.46359e+06,1.3579e+07
0,0,0,7.0221e+08,0,2.77246e+07,-3.54691e+06,3.54691e+06,1.3579e+07
0,0,0,7.0221e+08,0,2.77292e+07,-3.54751e+06,3.54751e+06,1.3579e+07
0,0,0,7.0221e+08,0,2.77339e+07,-3.5481e+06,3.5481e+06,1.3579e+07
0,0,0,7.0221e+08,0,2.77386e+07,-3.5487e+06,3.5487e+06,1.3579e+07
0,0,0,7.0221e+08,0,2.98625e+07,-3.82042e+06,3.82042e+06,1.3579e+07
0,0,0,7.0221e+08,0,2.98675e+07,-3.82107e+06,3.82107e+06,1.3579e+07
0,0,0,7.0221e+08,0,2.98726e+07,-3.82171e+06,3.82171e+06,1.3579e+07
0,0,0,7.0221e+08,0,2.98776e+07,-3.82235e+06,3.82235e+06,1.3579e+07
0,0,0,7.0221e+08,0,2.98826e+07,-3.823e+06,3.823e+06,1.3579e+07
0,0,0,7.0221e+08,0,2.87118e+07,-3.67321e+06,3.67321e+06,1.3579e+07
0,0,0,7.0221e+08,0,2.87167e+07,-3.67383e+06,3.67383e+06,1.3579e+07
0,0,0,7.0221e+08,0,2.87215e+07,-3.67445e+06,3.67445e+06,1.3579e+07
0,0,0,7.0221e+08,0,2.87263e+07,-3.67507e+06,3.67507e+06,1.3579e+07
0,0,0,7.0221e+08,0,2.77008e+07,-3.54387e+06,3.54387e+06,1.3579e+07
0,0,0,7.0221e+08,0,2.77055e+07,-3.54446e+06,3.54446e+06,1.3579e+07
0,0,0,7.0221e+08,0,2.77101e+07,-3.54506e+06,3.54506e+06,1.3579e+07
0,0,0,7.0221e+08,0,2.77148e+07,-3.54566e+06,3.54566e+06,1.3579e+07
0,0,0,7.0221e+08,0,2.52892e+07,-3.23534e+06,3.23534e+06,1.3579e+07
0,0,0,7.0221e+08,0,2.52934e+07,-3.23588e+06,3.23588e+06,1.3579e+07
0,0,0,7.0221e+08,0,2.52977e+07,-3.23643e+06,3.23643e+06,1.3579e+07
0,0,0,7.0221e+08,0,2.53019e+07,-3.23697e+06,3.23697e+06,1.3579e+07
0,0,0,7.0221e+08,0,2.53062e+07,-3.23752e+06,3.23752e+06,1.3579e+07
0,0,0,7.0221e+08,7.1894e+07,2.61156e+07,-3.34106e+06,3.34106e+06,1.3579e+07
0,0,0,7.0221e+08,0,2.61197e+07,-3.34159e+06,3.34159e+06,1.3579e+07
0,0,0,7.0221e+08,0,2.61238e+07,-3.34211e+06,3.34211e+06,1.3579e+07
0,0,0,7.0221e+08,0,2.61279e+07,-3.34264e+06,3.34264e+06,1.3579e+07
0,0,0,7.0221e+08,0,2.8935e+07,-3.70176e+06,3.70176e+06,1.3579e+07
0,0,0,7.0221e+08,0,2.89396e+07,-3.70235e+06,3.70235e+06,1.3579e+07
0,0,0,7.0221e+08,0,2.89441e+07,-3.70293e+06,3.70293e+06,1.3579e+07
0,0,0,7.0221e+08,0,2.89487e+07,-3.70351e+06,3.70351e+06,1.3579e+07
0,0,0,7.0221e+08,0,2.50785e+07,-3.20839e+06,3.20839e+06,1.3579e+07
0,0,0,7.0221e+08,0,2.50825e+07,-3.20889e+06,3.20889e+06,1.3579e+07
0,0,0,7.0221e+08,0,2.50864e+07,-3.2094e+06,3.2094e+06,1.3579e+07
0,0,0,7.0221e+08,0,2.50904e+07,-3.20991e+06,3.20991e+06,1.3579e+07
0,0,0,7.0221e+08,0,2.50943e+07,-3.21041e+06,3.21041e+06,1.3579e+07
0,0,0,7.0221e+08,0,2.60602e+07,-3.33398e+06,3.33398e+06,1.3579e+07
0,0,0,7.0221e+08,0,2.60643e+07,-3.3345e+06,3.3345e+06,1.3579e+07
0,0,0,7.0221e+08,0,2.60684e+07,-3.33502e+06,3.33502e+06,1.3579e+07
0,0,0,7.0221e+08,0,2.60725e+07,-3.33555e+06,3.33555e+06,1.3579e+07
0,0,0,7.0221e+08,0,2.57015e+07,-3.28809e+06,3.28809e+06,1.3579e+07
0,0,0,7.0221e+08,0,2.57056e+07,-3.28861e+06,3.28861e+06,1.3579e+07
0,0,0,7.0221e+08,0,2.57096e+07,-3.28913e+06,3.28913e+06,1.3579e+07
0,0,0,7.0221e+08,0,2.57136e+07,-3.28964e+06,3.28964e+06,1.3579e+07
0,0,0,7.0221e+08,0,2.70205e+07,-3.45684e+06,3.45684e+06,1.3579e+07
0,0,0,7.0221e+08,0,2.70248e+07,-3.45738e+06,3.45738e+06,1.3579e+07
0,0,0,7.0221e+08,0,2.7029e+07,-3.45793e+06,3.45793e+06,1.3579e+07
0,0,0,7.0221e+08,0,2.70333e+07,-3.45847e+06,3.45847e+06,1.3579e+07
0,0,0,7.0221e+08,0,2.70375e+07,-3.45901e+06,3.45901e+06,1.3579e+07
0,0,0,7.0221e+08,0,2.72895e+07,-3.49125e+06,3.49125e+06,1.3579e+07
0,0,0,7.0221e+08,0,2.72938e+07,-3.4918e+06,3.4918e+06,1.3579e+07
0,0,0,7.0221e+08,0,2.72981e+07,-3.49235e+06,3.49235e+06,1.3579e+07
0,0,0,7.0221e+08,0,2.73024e+07,-3.4929e+06,3.4929e+06,1.3579e+07
0,0,0,7.0221e+08,0,2.79589e+07,-3.57689e+06,3.57689e+06,1.3579e+07
0,0,0,7.0221e+08,0,2.79633e+07,-3.57745e+06,3.57745e+06,1.3579e+07
0,0,0,7.0221e+08,0,2.79677e+07,-3.57801e+06,3.57801e+06,1.3579e+07
0,0,0,7.0221e+08,0,2.79721e+07,-3.57857e+06,3.57857e+06,1.3579e+07
0,0,0,7.0221e+08,0,3.01135e+07,-3.85253e+06,3.85253e+06,1.3579e+07
0,0,0,7.0221e+08,0,3.01182e+07,-3.85314e+06,3.85314e+06,1.3579e+07
0,0,0,7.0221e+08,0,3.0123e+07,-3.85375e+06,3.85375e+06,1.3579e+07
0,0,0,7.0221e+08,0,3.01277e+07,-3.85435e+06,3.85435e+06,1.3579e+07
0,0,0,7.0221e+08,0,3.01324e+07,-3.85496e+06,3.85496e+06,1.3579e+07
0,0,0,7.0221e+08,0,2.89515e+07,-3.70387e+06,3.70387e+06,1.3579e+07
0,0,0,7.0221e+08,0,2.8956e+07,-3.70446e+06,3.70446e+06,1.3579e+07
0,0,0,7.0221e+08,0,2.89606e+07,-3.70504e+06,3.70504e+06,1.3579e+07
0,0,0,7.0221e+08,0,2.89651e+07,-3.70562e+06,3.70562e+06,1.3579e+07
0,0,0,7.0221e+08,0,2.79307e+07,-3.57328e+06,3.57328e+06,1.3579e+07
0,0,0,7.0221e+08,0,2.79351e+07,-3.57385e+06,3.57385e+06,1.3579e+07
0,0,0,7.0221e+08,0,2.79395e+07,-3.57441e+06,3.57441e+06,1.3579e+07
0,0,0,7.0221e+08,0,2.79439e+07,-3.57497e+06,3.57497e+06,1.3579e+07
0,0,0,7.0221e+08,0,2.54979e+07,-3.26204e+06,3.26204e+06,1.3579e+07
0,0,0,7.0221e+08,0,2.55019e+07,-3.26256e+06,3.26256e+06,1.3579e+07
0,0,0,7.0221e+08,0,2.55059e+07,-3.26307e+06,3.26307e+06,1.3579e+07
0,0,0,7.0221e+08,0,2.55099e+07,-3.26358e+06,3.26358e+06,1.3579e+07
0,0,0,7.0221e+08,0,2.55139e+07,-3.26409e+06,3.26409e+06,1.3579e+07
0,0,0,7.0221e+08,0,2.63296e+07,-3.36845e+06,3.36845e+06,1.3579e+07
0,0,0,7.0221e+08,1.12723e+06,2.63335e+07,-3.36894e+06,3.36894e+06,1.3579e+07
0,0,0,7.0221e+08,0,2.63373e+07,-3.36943e+06,3.36943e+06,1.3579e+07
0,0,0,7.0221e+08,0,2.63412e+07,-3.36993e+06,3.36993e+06,1.3579e+07
0,0,0,7.0221e+08,0,2.91709e+07,-3.73194e+06,3.73194e+06,1.3579e+07
0,0,0,7.0221e+08,0,2.91752e+07,-3.73249e+06,3.73249e+06,1.3579e+07
0,0,0,7.0221e+08,0,2.91794e+07,-3.73303e+06,3.73303e+06,1.3579e+07
0,0,0,7.0221e+08,0,2.91837e+07,-3.73358e+06,3.73358e+06,1.3579e+07
0,0,0,7.0221e+08,0,2.52819e+07,-3.2344e+06,3.2344e+06,1.3579e+07
0,0,0,7.0221e+08,0,2.52856e+07,-3.23488e+06,3.23488e+06,1.3579e+07
0,0,0,7.0221e+08,0,2.52892e+07,-3.23535e+06,3.23535e+06,1.3579e+07
0,0,0,7.0221e+08,0,2.52929e+07,-3.23582e+06,3.23582e+06,1.3579e+07
0,0,0,7.0221e+08,0,2.52966e+07,-3.2363e+06,3.2363e+06,1.3579e+07
0,0,0,7.0221e+08,0,2.627e+07,-3.36082e+06,3.36082e+06,1.3579e+07
0,0,0,7.0221e+08,0,2.62738e+07,-3.36131e+06,3.36131e+06,1.3579e+07
0,0,0,7.0221e+08,0,2.62777e+07,-3.3618e+06,3.3618e+06,1.3579e+07
0,0,0,7.0221e+08,0,2.62815e+07,-3.36229e+06,3.36229e+06,1.3579e+07
0,0,0,7.0221e+08,0,2.59073e+07,-3.31442e+06,3.31442e+06,1.3579e+07
0,0,0,7.0221e+08,0,2.59111e+07,-3.3149e+06,3.3149e+06,1.3579e+07
0,0,0,7.0221e+08,0,2.59149e+07,-3.31539e+06,3.31539e+06,1.3579e+07
0,0,0,7.0221e+08,0,2.59187e+07,-3.31587e+06,3.31587e+06,1.3579e+07
0,0,0,7.0221e+08,0,2.72357e+07,-3.48436e+06,3.48436e+06,1.3579e+07
0,0,0,7.0221e+08,0,2.72397e+07,-3.48487e+06,3.48487e+06,1.3579e+07
0,0,0,7.0221e+08,0,2.72436e+07,-3.48538e+06,3.48538e+06,1.3579e+07
0,0,0,7.0221e+08,0,2.72476e+07,-3.48589e+06,3.48589e+06,1.3579e+07
0,0,0,7.0221e+08,0,2.72516e+07,-3.4864e+06,3.4864e+06,1.3579e+07
0,0,0,7.0221e+08,0,2.75053e+07,-3.51886e+06,3.51886e+06,1.3579e+07
0,0,0,7.0221e+08,0,2.75093e+07,-3.51937e+06,3.51937e+06,1.3579e+07
0,0,0,7.0221e+08,0,2.75134e+07,-3.51989e+06,3.51989e+06,1.3579e+07
0,0,0,7.0221e+08,0,2.75174e+07,-3.5204e+06,3.5204e+06,1.3579e+07
0,0,0,7.0221e+08,0,2.81787e+07,-3.60501e+06,3.60501e+06,1.3579e+07
0,0,0,7.0221e+08,0,2.81828e+07,-3.60553e+06,3.60553e+06,1.3579e+07
0,0,0,7.0221e+08,0,2.81869e+07,-3.60606e+06,3.60606e+06,1.3579e+07
0,0,0,7.0221e+08,0,2.8191e+07,-3.60659e+06,3.60659e+06,1.3579e+07
0,0,0,7.0221e+08,0,3.03489e+07,-3.88265e+06,3.88265e+06,1.3579e+07
0,0,0,7.0221e+08,0,3.03533e+07,-3.88322e+06,3.88322e+06,1.3579e+07
0,0,0,7.0221e+08,0,3.03578e+07,-3.88378e+06,3.88378e+06,1.3579e+07
0,0,0,7.0221e+08,0,3.03622e+07,-3.88435e+06,3.88435e+06,1.3579e+07
0,0,0,7.0221e+08,0,3.03666e+07,-3.88492e+06,3.88492e+06,1.3579e+07
0,0,0,7.0221e+08,0,2.91762e+07,-3.73262e+06,3.73262e+06,1.3579e+07
0,0,0,7.0221e+08,0,2.91805e+07,-3.73317e+06,3.73317e+06,1.3579e+07
0,0,0,7.0221e+08,0,2.91847e+07,-3.73371e+06,3.73371e+06,1.3579e+07
0,0,0,7.0221e+08,0,2.9189e+07,-3.73426e+06,3.73426e+06,1.3579e+07
0,0,0,7.0221e+08,0,2.81463e+07,-3.60086e+06,3.60086e+06,1.3579e+07
0,0,0,7.0221e+08,0,2.81504e+07,-3.60138e+06,3.60138e+06,1.3579e+07
0,0,0,7.0221e+08,0,2.81545e+07,-3.60191e+06,3.60191e+06,1.3579e+07
0,0,0,7.0221e+08,0,2.81586e+07,-3.60244e+06,3.60244e+06,1.3579e+07
0,0,0,7.0221e+08,0,2.56935e+07,-3.28707e+06,3.28707e+06,1.3579e+07
0,0,0,7.0221e+08,0,2.56973e+07,-3.28755e+06,3.28755e+06,1.3579e+07
0,0,0,7.0221e+08,0,2.5701e+07,-3.28803e+06,3.28803e+06,1.3579e+07
0,0,0,7.0221e+08,0,2.57048e+07,-3.28851e+06,3.28851e+06,1.3579e+07
0,0,0,7.0221e+08,0,2.57085e+07,-3.28899e+06,3.28899e+06,1.3579e+07
0,0,0,7.0221e+08,0,2.65302e+07,-3.39411e+06,3.39411e+06,1.3579e+07
0,0,0,7.0221e+08,0,2.65338e+07,-3.39457e+06,3.39457e+06,1.3579e+07
0,0,0,7.0221e+08,0,2.65374e+07,-3.39503e+06,3.39503e+06,1.3579e+07
0,0,0,7.0221e+08,0,2.6541e+07,-3.39549e+06,3.39549e+06,1.3579e+07
0,0,0,7.0221e+08,0,2.93918e+07,-3.76021e+06,3.76021e+06,1.3579e+07
0,0,0,7.0221e+08,0,2.93958e+07,-3.76072e+06,3.76072e+06,1.3579e+07
0,0,0,7.0221e+08,0,2.93998e+07,-3.76122e+06,3.76122e+06,1.3579e+07
0,0,0,7.0221e+08,0,2.94038e+07,-3.76173e+06,3.76173e+06,1.3579e+07
0,0,0,7.0221e+08,0,2.54722e+07,-3.25876e+06,3.25876e+06,1.3579e+07
0,0,0,7.0221e+08,0,2.54757e+07,-3.2592e+06,3.2592e+06,1.3579e+07
0,0,0,7.0221e+08,0,2.54791e+07,-3.25964e+06,3.25964e+06,1.3579e+07
0,0,0,7.0221e+08,0,2.54826e+07,-3.26008e+06,3.26008e+06,1.3579e+07
0,0,0,7.0221e+08,0,2.5486e+07,-3.26053e+06,3.26053e+06,1.3579e+07
0,0,0,7.0221e+08,0,2.64664e+07,-3.38595e+06,3.38595e+06,1.3579e+07
0,0,0,7.0221e+08,0,2.647e+07,-3.3864e+06,3.3864e+06,1.3579e+07
0,0,0,7.0221e+08,0,2.64736e+07,-3.38686e+06,3.38686e+06,1.3579e+07
0,0,0,7.0221e+08,0,2.64772e+07,-3.38732e+06,3.38732e+06,1.3579e+07
0,0,0,7.0221e+08,0,2.60999e+07,-3.33905e+06,3.33905e+06,1.3579e+07
0,0,0,7.0221e+08,0,2.61034e+07,-3.33951e+06,3.33951e+06,1.3579e+07
0,0,0,7.0221e+08,0,2.61069e+07,-3.33996e+06,3.33996e+06,1.3579e+07
0,0,0,7.0221e+08,0,2.61105e+07,-3.34041e+06,3.34041e+06,1.3579e+07
0,0,0,7.0221e+08,0,2.74369e+07,-3.51011e+06,3.51011e+06,1.3579e+07
0,0,0,7.0221e+08,0,2.74407e+07,-3.51059e+06,3.51059e+06,1.3579e+07
0,0,0,7.0221e+08,0,2.74444e+07,-3.51106e+06,3.51106e+06,1.3579e+07
0,0,0,7.0221e+08,0,2.74481e+07,-3.51154e+06,3.51154e+06,1.3579e+07
0,0,0,7.0221e+08,0,2.74518e+07,-3.51201e+06,3.51201e+06,1.3579e+07
0,0,0,7.0221e+08,0,2.77071e+07,-3.54467e+06,3.54467e+06,1.3579e+07
0,0,0,7.0221e+08,0,2.77108e+07,-3.54515e+06,3.54515e+06,1.3579e+07
0,0,0,7.0221e+08,0,2.77146e+07,-3.54563e+06,3.54563e+06,1.3579e+07
0,0,0,7.0221e+08,0,2.77183e+07,-3.54611e+06,3.54611e+06,1.3579e+07
0,0,0,7.0221e+08,0,2.83842e+07,-3.6313e+06,3.6313e+06,1.3579e+07
0,0,0,7.0221e+08,0,2.8388e+07,-3.63179e+06,3.63179e+06,1.3579e+07
0,0,0,7.0221e+08,0,2.83919e+07,-3.63228e+06,3.63228e+06,1.3579e+07
0,0,0,7.0221e+08,0,2.83957e+07,-3.63277e+06,3.63277e+06,1.3579e+07
0,0,0,7.0221e+08,0,3.05689e+07,-3.9108e+06,3.9108e+06,1.3579e+07
0,0,0,7.0221e+08,0,3.05731e+07,-3.91133e+06,3.91133e+06,1.3579e+07
0,0,0,7.0221e+08,0,3.05772e+07,-3.91185e+06,3.91185e+06,1.3579e+07
0,0,0,7.0221e+08,0,3.05813e+07,-3.91238e+06,3.91238e+06,1.3579e+07
0,0,0,7.0221e+08,0,3.05855e+07,-3.91291e+06,3.91291e+06,1.3579e+07
0,0,0,7.0221e+08,0,2.93861e+07,-3.75948e+06,3.75948e+06,1.3579e+07
0,0,0,7.0221e+08,0,2.93901e+07,-3.75999e+06,3.75999e+06,1.3579e+07
0,0,0,7.0221e+08,0,2.93941e+07,-3.76049e+06,3.76049e+06,1.3579e+07
0,0,0,7.0221e+08,0,2.93981e+07,-3.761e+06,3.761e+06,1.3579e+07
0,0,0,7.0221e+08,0,2.83476e+07,-3.62661e+06,3.62661e+06,1.3579e+07
0,0,0,7.0221e+08,0,2.83514e+07,-3.6271e+06,3.6271e+06,1.3579e+07
0,0,0,7.0221e+08,0,2.83553e+07,-3.62759e+06,3.62759e+06,1.3579e+07
0,0,0,7.0221e+08,0,2.83591e+07,-3.62809e+06,3.62809e+06,1.3579e+07
0,0,0,7.0221e+08,0,2.58762e+07,-3.31044e+06,3.31044e+06,1.3579e+07
0,0,0,7.0221e+08,0,2.58797e+07,-3.31089e+06,3.31089e+06,1.3579e+07
0,0,0,7.0221e+08,0,2.58832e+07,-3.31134e+06,3.31134e+06,1.3579e+07
0,0,0,7.0221e+08,0,2.58867e+07,-3.31178e+06,3.31178e+06,1.3579e+07
0,0,0,7.0221e+08,0,2.58902e+07,-3.31223e+06,3.31223e+06,1.3579e+07
0,0,0,7.0221e+08,0,2.58902e+07,-3.31223e+06,3.31223e+06,1.3579e+07
0,0,0,7.0221e+08,0,2.67174e+07,-3.41805e+06,3.41805e+06,1.3579e+07
0,0,0,7.0221e+08,0,2.67207e+07,-3.41848e+06,3.41848e+06,1.3579e+07
0,0,0,7.0221e+08,0,2.6724e+07,-3.41891e+06,3.41891e+06,1.3579e+07
0,0,0,7.0221e+08,0,2.67274e+07,-3.41934e+06,3.41934e+06,1.3579e+07
0,0,0,7.0221e+08,0,2.95979e+07,-3.78658e+06,3.78658e+06,1.3579e+07
0,0,0,7.0221e+08,0,2.96016e+07,-3.78705e+06,3.78705e+06,1.3579e+07
0,0,0,7.0221e+08,0,2.96053e+07,-3.78752e+06,3.78752e+06,1.3579e+07
0,0,0,7.0221e+08,0,2.9609e+07,-3.788e+06,3.788e+06,1.3579e+07
0,0,0,7.0221e+08,0,2.56498e+07,-3.28147e+06,3.28147e+06,1.3579e+07
0,0,0,7.0221e+08,0,2.5653e+07,-3.28188e+06,3.28188e+06,1.3579e+07
0,0,0,7.0221e+08,0,2.56562e+07,-3.28229e+06,3.28229e+06,1.3579e+07
0,0,0,7.0221e+08,0,2.56594e+07,-3.2827e+06,3.2827e+06,1.3579e+07
0,0,0,7.0221e+08,0,2.56626e+07,-3.28312e+06,3.28312e+06,1.3579e+07
0,0,0,7.0221e+08,0,2.66495e+07,-3.40937e+06,3.40937e+06,1.3579e+07
0,0,0,7.0221e+08,0,2.66528e+07,-3.40979e+06,3.40979e+06,1.3579e+07
0,0,0,7.0221e+08,0,2.66561e+07,-3.41022e+06,3.41022e+06,1.3579e+07
0,0,0,7.0221e+08,0,2.66595e+07,-3.41065e+06,3.41065e+06,1.3579e+07
0,0,0,7.0221e+08,0,2.62793e+07,-3.36201e+06,3.36201e+06,1.3579e+07
0,0,0,7.0221e+08,0,2.62826e+07,-3.36243e+06,3.36243e+06,1.3579e+07
0,0,0,7.0221e+08,0,2.62859e+07,-3.36285e+06,3.36285e+06,1.3579e+07
0,0,0,7.0221e+08,0,2.62892e+07,-3.36327e+06,3.36327e+06,1.3579e+07
0,0,0,7.0221e+08,0,2.76244e+07,-3.5341e+06,3.5341e+06,1.3579e+07
0,0,0,7.0221e+08,0,2.76279e+07,-3.53454e+06,3.53454e+06,1.3579e+07
0,0,0,7.0221e+08,0,2.76313e+07,-3.53498e+06,3.53498e+06,1.3579e+07
0,0,0,7.0221e+08,0,2.76348e+07,-3.53542e+06,3.53542e+06,1.3579e+07
0,0,0,7.0221e+08,0,2.76382e+07,-3.53586e+06,3.53586e+06,1.3579e+07
0,0,0,7.0221e+08,0,2.78949e+07,-3.5687e+06,3.5687e+06,1.3579e+07
0,0,0,7.0221e+08,0,2.78984e+07,-3.56915e+06,3.56915e+06,1.3579e+07
0,0,0,7.0221e+08,0,2.79019e+07,-3.5696e+06,3.5696e+06,1.3579e+07
0,0,0,7.0221e+08,0,2.79054e+07,-3.57004e+06,3.57004e+06,1.3579e+07
0,0,0,7.0221e+08,0,2.85754e+07,-3.65576e+06,3.65576e+06,1.3579e+07
0,0,0,7.0221e+08,0,2.8579e+07,-3.65622e+06,3.65622e+06,1.3579e+07
0,0,0,7.0221e+08,0,2.85826e+07,-3.65668e+06,3.65668e+06,1.3579e+07
0,0,0,7.0221e+08,0,2.85862e+07,-3.65713e+06,3.65713e+06,1.3579e+07
0,0,0,7.0221e+08,0,3.07736e+07,-3.93698e+06,3.93698e+06,1.3579e+07
0,0,0,7.0221e+08,0,3.07774e+07,-3.93747e+06,3.93747e+06,1.3579e+07
0,0,0,7.0221e+08,0,3.07813e+07,-3.93797e+06,3.93797e+06,1.3579e+07
0,0,0,7.0221e+08,0,3.07851e+07,-3.93846e+06,3.93846e+06,1.3579e+07
0,0,0,7.0221e+08,0,3.0789e+07,-3.93895e+06,3.93895e+06,1.3579e+07
0,0,0,7.0221e+08,0,2.95813e+07,-3.78445e+06,3.78445e+06,1.3579e+07
0,0,0,7.0221e+08,0,2.9585e+07,-3.78492e+06,3.78492e+06,1.3579e+07
0,0,0,7.0221e+08,0,2.95887e+07,-3.7854e+06,3.7854e+06,1.3579e+07
0,0,0,7.0221e+08,0,2.95924e+07,-3.78587e+06,3.78587e+06,1.3579e+07
0,0,0,7.0221e+08,0,2.85347e+07,-3.65055e+06,3.65055e+06,1.3579e+07
0,0,0,7.0221e+08,0,2.85383e+07,-3.65101e+06,3.65101e+06,1.3579e+07
0,0,0,7.0221e+08,0,2.85418e+07,-3.65146e+06,3.65146e+06,1.3579e+07
0,0,0,7.0221e+08,0,2.85454e+07,-3.65192e+06,3.65192e+06,1.3579e+07
0,0,0,7.0221e+08,0,2.60459e+07,-3.33215e+06,3.33215e+06,1.3579e+07
0,0,0,7.0221e+08,0,2.60492e+07,-3.33257e+06,3.33257e+06,1.3579e+07
0,0,0,7.0221e+08,0,2.60524e+07,-3.33298e+06,3.33298e+06,1.3579e+07
0,0,0,7.0221e+08,0,2.60557e+07,-3.3334e+06,3.3334e+06,1.3579e+07
0,0,0,7.0221e+08,0,2.60589e+07,-3.33382e+06,3.33382e+06,1.3579e+07
0,0,0,7.0221e+08,0,2.68912e+07,-3.44029e+06,3.44029e+06,1.3579e+07
0,0,0,7.0221e+08,0,2.68943e+07,-3.44069e+06,3.44069e+06,1.3579e+07
0,0,0,7.0221e+08,0,2.68974e+07,-3.44108e+06,3.44108e+06,1.3579e+07
0,0,0,7.0221e+08,0,2.69005e+07,-3.44148e+06,3.44148e+06,1.3579e+07
0,0,0,7.0221e+08,0,2.97893e+07,-3.81106e+06,3.81106e+06,1.3579e+07
0,0,0,7.0221e+08,0,2.97927e+07,-3.81149e+06,3.81149e+06,1.3579e+07
0,0,0,7.0221e+08,0,2.97961e+07,-3.81193e+06,3.81193e+06,1.3579e+07
0,0,0,7.0221e+08,0,2.97995e+07,-3.81237e+06,3.81237e+06,1.3579e+07
0,0,0,7.0221e+08,0,2.58145e+07,-3.30255e+06,3.30255e+06,1.3579e+07
0,0,0,7.0221e+08,0,2.58175e+07,-3.30293e+06,3.30293e+06,1.3579e+07
0,0,0,7.0221e+08,0,2.58205e+07,-3.30331e+06,3.30331e+06,1.3579e+07
0,0,0,7.0221e+08,0,2.58234e+07,-3.30369e+06,3.30369e+06,1.3579e+07
0,0,0,7.0221e+08,0,2.58264e+07,-3.30407e+06,3.30407e+06,1.3579e+07
0,0,0,7.0221e+08,0,2.68193e+07,-3.43109e+06,3.43109e+06,1.3579e+07
0,0,0,7.0221e+08,0,2.68224e+07,-3.43148e+06,3.43148e+06,1.3579e+07
0,0,0,7.0221e+08,0,2.68254e+07,-3.43188e+06,3.43188e+06,1.3579e+07
0,0,0,7.0221e+08,0,2.68285e+07,-3.43227e+06,3.43227e+06,1.3579e+07
0,0,0,7.0221e+08,0,2.64457e+07,-3.38329e+06,3.38329e+06,1.3579e+07
0,0,0,7.0221e+08,0,2.64487e+07,-3.38368e+06,3.38368e+06,1.3579e+07
0,0,0,7.0221e+08,0,2.64517e+07,-3.38407e+06,3.38407e+06,1.3579e+07
0,0,0,7.0221e+08,0,2.64548e+07,-3.38446e+06,3.38446e+06,1.3579e+07
0,0,0,7.0221e+08,0,2.77981e+07,-3.55632e+06,3.55632e+06,1.3579e+07
0,0,0,7.0221e+08,0,2.78013e+07,-3.55673e+06,3.55673e+06,1.3579e+07
0,0,0,7.0221e+08,0,2.78045e+07,-3.55713e+06,3.55713e+06,1.3579e+07
0,0,0,7.0221e+08,0,2.78077e+07,-3.55754e+06,3.55754e+06,1.3579e+07
0,0,0,7.0221e+08,0,2.78109e+07,-3.55795e+06,3.55795e+06,1.3579e+07
0,0,0,7.0221e+08,0,2.80689e+07,-3.59096e+06,3.59096e+06,1.3579e+07
0,0,0,7.0221e+08,0,2.80721e+07,-3.59137e+06,3.59137e+06,1.3579e+07
0,0,0,7.0221e+08,0,2.80753e+07,-3.59178e+06,3.59178e+06,1.3579e+07
0,0,0,7.0221e+08,0,2.80786e+07,-3.5922e+06,3.5922e+06,1.3579e+07
0,0,0,7.0221e+08,0,2.87525e+07,-3.67841e+06,3.67841e+06,1.3579e+07
0,0,0,7.0221e+08,0,2.87558e+07,-3.67883e+06,3.67883e+06,1.3579e+07
0,0,0,7.0221e+08,0,2.87591e+07,-3.67925e+06,3.67925e+06,1.3579e+07
0,0,0,7.0221e+08,0,2.87624e+07,-3.67968e+06,3.67968e+06,1.3579e+07
0,0,0,7.0221e+08,0,3.0963e+07,-3.96121e+06,3.96121e+06,1.3579e+07
0,0,0,7.0221e+08,0,3.09665e+07,-3.96166e+06,3.96166e+06,1.3579e+07
0,0,0,7.0221e+08,0,3.09701e+07,-3.96212e+06,3.96212e+06,1.3579e+07
0,0,0,7.0221e+08,0,3.09736e+07,-3.96257e+06,3.96257e+06,1.3579e+07
0,0,0,7.0221e+08,0,3.09772e+07,-3.96302e+06,3.96302e+06,1.3579e+07
0,0,0,7.0221e+08,0,2.97618e+07,-3.80754e+06,3.80754e+06,1.3579e+07
0,0,0,7.0221e+08,0,2.97653e+07,-3.80798e+06,3.80798e+06,1.3579e+07
0,0,0,7.0221e+08,0,2.97687e+07,-3.80842e+06,3.80842e+06,1.3579e+07
0,0,0,7.0221e+08,0,2.97721e+07,-3.80885e+06,3.80885e+06,1.3579e+07
0,0,0,7.0221e+08,0,2.87076e+07,-3.67268e+06,3.67268e+06,1.3579e+07
0,0,0,7.0221e+08,0,2.87109e+07,-3.6731e+06,3.6731e+06,1.3579e+07
0,0,0,7.0221e+08,0,2.87142e+07,-3.67352e+06,3.67352e+06,1.3579e+07
0,0,0,7.0221e+08,0,2.87175e+07,-3.67394e+06,3.67394e+06,1.3579e+07
0,0,0,7.0221e+08,0,2.62027e+07,-3.35221e+06,3.35221e+06,1.3579e+07
0,0,0,7.0221e+08,0,2.62057e+07,-3.35259e+06,3.35259e+06,1.3579e+07
0,0,0,7.0221e+08,0,2.62087e+07,-3.35298e+06,3.35298e+06,1.3579e+07
0,0,0,7.0221e+08,0,2.62117e+07,-3.35336e+06,3.35336e+06,1.3579e+07
0,0,0,7.0221e+08,0,2.62147e+07,-3.35374e+06,3.35374e+06,1.3579e+07
0,0,0,7.0221e+08,0,2.70517e+07,-3.46082e+06,3.46082e+06,1.3579e+07
0,0,0,7.0221e+08,0,2.70545e+07,-3.46118e+06,3.46118e+06,1.3579e+07
0,0,0,7.0221e+08,0,2.70573e+07,-3.46155e+06,3.46155e+06,1.3579e+07
0,0,0,7.0221e+08,0,2.70602e+07,-3.46191e+06,3.46191e+06,1.3579e+07
0,0,0,7.0221e+08,0,2.99658e+07,-3.83364e+06,3.83364e+06,1.3579e+07
0,0,0,7.0221e+08,0,2.9969e+07,-3.83404e+06,3.83404e+06,1.3579e+07
0,0,0,7.0221e+08,0,2.99721e+07,-3.83444e+06,3.83444e+06,1.3579e+07
0,0,0,7.0221e+08,0,2.99752e+07,-3.83485e+06,3.83485e+06,1.3579e+07
0,0,0,7.0221e+08,0,2.59665e+07,-3.32199e+06,3.32199e+06,1.3579e+07
0,0,0,7.0221e+08,0,2.59692e+07,-3.32234e+06,3.32234e+06,1.3579e+07
0,0,0,7.0221e+08,0,2.59719e+07,-3.32269e+06,3.32269e+06,1.3579e+07
0,0,0,7.0221e+08,0,2.59746e+07,-3.32303e+06,3.32303e+06,1.3579e+07
0,0,0,7.0221e+08,0,2.59774e+07,-3.32338e+06,3.32338e+06,1.3579e+07
0,0,0,7.0221e+08,0,2.69758e+07,-3.45111e+06,3.45111e+06,1.3579e+07
0,0,0,7.0221e+08,0,2.69786e+07,-3.45147e+06,3.45147e+06,1.3579e+07
0,0,0,7.0221e+08,0,2.69814e+07,-3.45183e+06,3.45183e+06,1.3579e+07
0,0,0,7.0221e+08,0,2.69842e+07,-3.45219e+06,3.45219e+06,1.3579e+07
0,0,0,7.0221e+08,0,2.65989e+07,-3.4029e+06,3.4029e+06,1.3579e+07
0,0,0,7.0221e+08,0,2.66017e+07,-3.40325e+06,3.40325e+06,1.3579e+07
0,0,0,7.0221e+08,0,2.66045e+07,-3.40361e+06,3.40361e+06,1.3579e+07
0,0,0,7.0221e+08,0,2.66073e+07,-3.40397e+06,3.40397e+06,1.3579e+07
0,0,0,7.0221e+08,0,2.79581e+07,-3.57678e+06,3.57678e+06,1.3579e+07
0,0,0,7.0221e+08,0,2.7961e+07,-3.57716e+06,3.57716e+06,1.3579e+07
0,0,0,7.0221e+08,0,2.79639e+07,-3.57753e+06,3.57753e+06,1.3579e+07
0,0,0,7.0221e+08,0,2.79669e+07,-3.5779e+06,3.5779e+06,1.3579e+07
0,0,0,7.0221e+08,0,2.79698e+07,-3.57828e+06,3.57828e+06,1.3579e+07
0,0,0,7.0221e+08,0,2.8229e+07,-3.61144e+06,3.61144e+06,1.3579e+07
0,0,0,7.0221e+08,0,2.8232e+07,-3.61182e+06,3.61182e+06,1.3579e+07
0,0,0,7.0221e+08,0,2.82349e+07,-3.6122e+06,3.6122e+06,1.3579e+07
0,0,0,7.0221e+08,0,2.82379e+07,-3.61257e+06,3.61257e+06,1.3579e+07
0,0,0,7.0221e+08,0,2.89153e+07,-3.69924e+06,3.69924e+06,1.3579e+07
0,0,0,7.0221e+08,0,2.89183e+07,-3.69963e+06,3.69963e+06,1.3579e+07
0,0,0,7.0221e+08,0,2.89213e+07,-3.70001e+06,3.70001e+06,1.3579e+07
0,0,0,7.0221e+08,0,2.89244e+07,-3.7004e+06,3.7004e+06,1.3579e+07
0,0,0,7.0221e+08,0,3.11371e+07,-3.98348e+06,3.98348e+06,1.3579e+07
0,0,0,7.0221e+08,0,3.11403e+07,-3.9839e+06,3.9839e+06,1.3579e+07
0,0,0,7.0221e+08,0,3.11436e+07,-3.98431e+06,3.98431e+06,1.3579e+07
0,0,0,7.0221e+08,0,3.11468e+07,-3.98473e+06,3.98473e+06,1.3579e+07
0,0,0,7.0221e+08,0,3.11501e+07,-3.98515e+06,3.98515e+06,1.3579e+07
0,0,0,7.0221e+08,0,2.99277e+07,-3.82876e+06,3.82876e+06,1.3579e+07
0,0,0,7.0221e+08,0,2.99308e+07,-3.82916e+06,3.82916e+06,1.3579e+07
0,0,0,7.0221e+08,0,2.99339e+07,-3.82956e+06,3.82956e+06,1.3579e+07
0,0,0,7.0221e+08,0,2.9937e+07,-3.82996e+06,3.82996e+06,1.3579e+07
0,0,0,7.0221e+08,0,2.88664e+07,-3.69299e+06,3.69299e+06,1.3579e+07
0,0,0,7.0221e+08,0,2.88694e+07,-3.69338e+06,3.69338e+06,1.3579e+07
0,0,0,7.0221e+08,0,2.88725e+07,-3.69376e+06,3.69376e+06,1.3579e+07
0,0,0,7.0221e+08,0,2.88755e+07,-3.69415e+06,3.69415e+06,1.3579e+07
0,0,0,7.0221e+08,0,2.63466e+07,-3.37061e+06,3.37061e+06,1.3579e+07
0,0,0,7.0221e+08,0,2.63493e+07,-3.37097e+06,3.37097e+06,1.3579e+07
0,0,0,7.0221e+08,0,2.63521e+07,-3.37132e+06,3.37132e+06,1.3579e+07
0,0,0,7.0221e+08,0,2.63548e+07,-3.37167e+06,3.37167e+06,1.3579e+07
0,0,0,7.0221e+08,0,2.63576e+07,-3.37202e+06,3.37202e+06,1.3579e+07
0,0,0,7.0221e+08,0,2.71988e+07,-3.47965e+06,3.47965e+06,1.3579e+07
0,0,0,7.0221e+08,0,2.72014e+07,-3.47998e+06,3.47998e+06,1.3579e+07
0,0,0,7.0221e+08,0,2.7204e+07,-3.48031e+06,3.48031e+06,1.3579e+07
0,0,0,7.0221e+08,0,2.72066e+07,-3.48064e+06,3.48064e+06,1.3579e+07
0,0,0,7.0221e+08,0,3.01277e+07,-3.85435e+06,3.85435e+06,1.3579e+07
0,0,0,7.0221e+08,0,3.01305e+07,-3.85471e+06,3.85471e+06,1.3579e+07
0,0,0,7.0221e+08,0,3.01334e+07,-3.85508e+06,3.85508e+06,1.3579e+07
0,0,0,7.0221e+08,0,3.01363e+07,-3.85544e+06,3.85544e+06,1.3579e+07
0,0,0,7.0221e+08,0,2.61057e+07,-3.3398e+06,3.3398e+06,1.3579e+07
0,0,0,7.0221e+08,0,2.61082e+07,-3.34012e+06,3.34012e+06,1.3579e+07
0,0,0,7.0221e+08,0,2.61107e+07,-3.34043e+06,3.34043e+06,1.3579e+07
0,0,0,7.0221e+08,0,2.61131e+07,-3.34075e+06,3.34075e+06,1.3579e+07
0,0,0,7.0221e+08,0,2.61156e+07,-3.34107e+06,3.34107e+06,1.3579e+07
0,0,0,7.0221e+08,0,2.71191e+07,-3.46944e+06,3.46944e+06,1.3579e+07
0,0,0,7.0221e+08,0,2.71216e+07,-3.46977e+06,3.46977e+06,1.3579e+07
0,0,0,7.0221e+08,0,2.71242e+07,-3.4701e+06,3.4701e+06,1.3579e+07
0,0,0,7.0221e+08,0,2.71268e+07,-3.47043e+06,3.47043e+06,1.3579e+07
0,0,0,7.0221e+08,0,2.67392e+07,-3.42084e+06,3.42084e+06,1.3579e+07
0,0,0,7.0221e+08,0,2.67417e+07,-3.42116e+06,3.42116e+06,1.3579e+07
0,0,0,7.0221e+08,0,2.67442e+07,-3.42149e+06,3.42149e+06,1.3579e+07
0,0,0,7.0221e+08,0,2.67468e+07,-3.42181e+06,3.42181e+06,1.3579e+07
0,0,0,7.0221e+08,0,2.81044e+07,-3.5955e+06,3.5955e+06,1.3579e+07
0,0,0,7.0221e+08,0,2.81071e+07,-3.59584e+06,3.59584e+06,1.3579e+07
0,0,0,7.0221e+08,0,2.81097e+07,-3.59618e+06,3.59618e+06,1.3579e+07
0,0,0,7.0221e+08,0,2.81124e+07,-3.59652e+06,3.59652e+06,1.3579e+07
0,0,0,7.0221e+08,0,2.81151e+07,-3.59686e+06,3.59686e+06,1.3579e+07
0,0,0,7.0221e+08,0,2.83753e+07,-3.63016e+06,3.63016e+06,1.3579e+07
0,0,0,7.0221e+08,0,2.8378e+07,-3.63051e+06,3.63051e+06,1.3579e+07
0,0,0,7.0221e+08,0,2.83807e+07,-3.63085e+06,3.63085e+06,1.3579e+07
0,0,0,7.0221e+08,0,2.83834e+07,-3.6312e+06,3.6312e+06,1.3579e+07
0,0,0,7.0221e+08,0,2.90641e+07,-3.71827e+06,3.71827e+06,1.3579e+07
0,0,0,7.0221e+08,0,2.90668e+07,-3.71863e+06,3.71863e+06,1.3579e+07
0,0,0,7.0221e+08,0,2.90696e+07,-3.71898e+06,3.71898e+06,1.3579e+07
0,0,0,7.0221e+08,0,2.90723e+07,-3.71933e+06,3.71933e+06,1.3579e+07
0,0,0,7.0221e+08,0,3.1296e+07,-4.00382e+06,4.00382e+06,1.3579e+07
0,0,0,7.0221e+08,0,3.1299e+07,-4.0042e+06,4.0042e+06,1.3579e+07
0,0,0,7.0221e+08,0,3.13019e+07,-4.00458e+06,4.00458e+06,1.3579e+07
0,0,0,7.0221e+08,0,3.13049e+07,-4.00495e+06,4.00495e+06,1.3579e+07
0,0,0,7.0221e+08,0,3.13079e+07,-4.00533e+06,4.00533e+06,1.3579e+07
0,0,0,7.0221e+08,0,3.0079e+07,-3.84812e+06,3.84812e+06,1.3579e+07
0,0,0,7.0221e+08,0,3.00818e+07,-3.84848e+06,3.84848e+06,1.3579e+07
0,0,0,7.0221e+08,0,3.00847e+07,-3.84885e+06,3.84885e+06,1.3579e+07
0,0,0,7.0221e+08,0,3.00875e+07,-3.84921e+06,3.84921e+06,1.3579e+07
0,0,0,7.0221e+08,0,2.90112e+07,-3.71152e+06,3.71152e+06,1.3579e+07
0,0,0,7.0221e+08,0,2.9014e+07,-3.71187e+06,3.71187e+06,1.3579e+07
0,0,0,7.0221e+08,0,2.90167e+07,-3.71222e+06,3.71222e+06,1.3579e+07
0,0,0,7.0221e+08,0,2.90195e+07,-3.71257e+06,3.71257e+06,1.3579e+07
0,0,0,7.0221e+08,0,2.64777e+07,-3.38739e+06,3.38739e+06,1.3579e+07
0,0,0,7.0221e+08,0,2.64802e+07,-3.38771e+06,3.38771e+06,1.3579e+07
0,0,0,7.0221e+08,0,2.64827e+07,-3.38803e+06,3.38803e+06,1.3579e+07
0,0,0,7.0221e+08,0,2.64852e+07,-3.38835e+06,3.38835e+06,1.3579e+07
0,0,0,7.0221e+08,0,2.64877e+07,-3.38867e+06,3.38867e+06,1.3579e+07
0,0,0,7.0221e+08,0,2.73329e+07,-3.4968e+06,3.4968e+06,1.3579e+07
0,0,0,7.0221e+08,0,2.73352e+07,-3.4971e+06,3.4971e+06,1.3579e+07
0,0,0,7.0221e+08,0,2.73375e+07,-3.49739e+06,3.49739e+06,1.3579e+07
0,0,0,7.0221e+08,0,2.73399e+07,-3.49769e+06,3.49769e+06,1.3579e+07
0,0,0,7.0221e+08,0,3.0275e+07,-3.87319e+06,3.87319e+06,1.3579e+07
0,0,0,7.0221e+08,0,3.02776e+07,-3.87352e+06,3.87352e+06,1.3579e+07
0,0,0,7.0221e+08,0,3.02801e+07,-3.87385e+06,3.87385e+06,1.3579e+07
0,0,0,7.0221e+08,0,3.02827e+07,-3.87418e+06,3.87418e+06,1.3579e+07
0,0,0,7.0221e+08,0,2.62323e+07,-3.356e+06,3.356e+06,1.3579e+07
0,0,0,7.0221e+08,0,2.62346e+07,-3.35629e+06,3.35629e+06,1.3579e+07
0,0,0,7.0221e+08,0,2.62368e+07,-3.35657e+06,3.35657e+06,1.3579e+07
0,0,0,7.0221e+08,0,2.6239e+07,-3.35686e+06,3.35686e+06,1.3579e+07
0,0,0,7.0221e+08,0,2.62413e+07,-3.35714e+06,3.35714e+06,1.3579e+07
0,0,0,7.0221e+08,0,2.72493e+07,-3.48611e+06,3.48611e+06,1.3579e+07
0,0,0,7.0221e+08,0,2.72516e+07,-3.4864e+06,3.4864e+06,1.3579e+07
0,0,0,7.0221e+08,0,2.72539e+07,-3.4867e+06,3.4867e+06,1.3579e+07
0,0,0,7.0221e+08,0,2.72563e+07,-3.487e+06,3.487e+06,1.3579e+07
0,0,0,7.0221e+08,0,2.68665e+07,-3.43713e+06,3.43713e+06,1.3579e+07
0,0,0,7.0221e+08,0,2.68688e+07,-3.43743e+06,3.43743e+06,1.3579e+07
0,0,0,7.0221e+08,0,2.68711e+07,-3.43772e+06,3.43772e+06,1.3579e+07
0,0,0,7.0221e+08,0,2.68734e+07,-3.43801e+06,3.43801e+06,1.3579e+07
0,0,0,7.0221e+08,0,2.82372e+07,-3.61249e+06,3.61249e+06,1.3579e+07
0,0,0,7.0221e+08,0,2.82396e+07,-3.61279e+06,3.61279e+06,1.3579e+07
0,0,0,7.0221e+08,0,2.8242e+07,-3.6131e+06,3.6131e+06,1.3579e+07
0,0,0,7.0221e+08,0,2.82444e+07,-3.61341e+06,3.61341e+06,1.3579e+07
0,0,0,7.0221e+08,0,2.82468e+07,-3.61372e+06,3.61372e+06,1.3579e+07
0,0,0,7.0221e+08,0,2.8508e+07,-3.64714e+06,3.64714e+06,1.3579e+07
0,0,0,7.0221e+08,0,2.85104e+07,-3.64745e+06,3.64745e+06,1.3579e+07
0,0,0,7.0221e+08,0,2.85129e+07,-3.64776e+06,3.64776e+06,1.3579e+07
0,0,0,7.0221e+08,0,2.85153e+07,-3.64807e+06,3.64807e+06,1.3579e+07
0,0,0,7.0221e+08,0,2.91988e+07,-3.73551e+06,3.73551e+06,1.3579e+07
0,0,0,7.0221e+08,0,2.92013e+07,-3.73583e+06,3.73583e+06,1.3579e+07
0,0,0,7.0221e+08,0,2.92038e+07,-3.73615e+06,3.73615e+06,1.3579e+07
0,0,0,7.0221e+08,0,2.92063e+07,-3.73647e+06,3.73647e+06,1.3579e+07
0,0,0,7.0221e+08,0,3.14399e+07,-4.02223e+06,4.02223e+06,1.3579e+07
0,0,0,7.0221e+08,0,3.14426e+07,-4.02257e+06,4.02257e+06,1.3579e+07
0,0,0,7.0221e+08,0,3.14453e+07,-4.02291e+06,4.02291e+06,1.3579e+07
0,0,0,7.0221e+08,0,3.14479e+07,-4.02325e+06,4.02325e+06,1.3579e+07
0,0,0,7.0221e+08,0,3.14506e+07,-4.02359e+06,4.02359e+06,1.3579e+07
0,0,0,7.0221e+08,0,3.02158e+07,-3.86562e+06,3.86562e+06,1.3579e+07
0,0,0,7.0221e+08,0,3.02184e+07,-3.86595e+06,3.86595e+06,1.3579e+07
0,0,0,7.0221e+08,0,3.0221e+07,-3.86628e+06,3.86628e+06,1.3579e+07
0,0,0,7.0221e+08,0,3.02235e+07,-3.86661e+06,3.86661e+06,1.3579e+07
0,0,0,7.0221e+08,0,2.91421e+07,-3.72826e+06,3.72826e+06,1.3579e+07
0,0,0,7.0221e+08,0,2.91446e+07,-3.72858e+06,3.72858e+06,1.3579e+07
0,0,0,7.0221e+08,0,2.91471e+07,-3.72889e+06,3.72889e+06,1.3579e+07
0,0,0,7.0221e+08,0,2.91495e+07,-3.72921e+06,3.72921e+06,1.3579e+07
0,0,0,7.0221e+08,0,2.65961e+07,-3.40254e+06,3.40254e+06,1.3579e+07
0,0,0,7.0221e+08,0,2.65984e+07,-3.40283e+06,3.40283e+06,1.3579e+07
0,0,0,7.0221e+08,0,2.66006e+07,-3.40312e+06,3.40312e+06,1.3579e+07
0,0,0,7.0221e+08,0,2.66029e+07,-3.40341e+06,3.40341e+06,1.3579e+07
0,0,0,7.0221e+08,0,2.66051e+07,-3.4037e+06,3.4037e+06,1.3579e+07
0,0,0,7.0221e+08,0,2.74538e+07,-3.51227e+06,3.51227e+06,1.3579e+07
0,0,0,7.0221e+08,0,2.74559e+07,-3.51253e+06,3.51253e+06,1.3579e+07
0,0,0,7.0221e+08,0,2.74579e+07,-3.5128e+06,3.5128e+06,1.3579e+07
0,0,0,7.0221e+08,0,2.746e+07,-3.51306e+06,3.51306e+06,1.3579e+07
0,0,0,7.0221e+08,0,3.04077e+07,-3.89018e+06,3.89018e+06,1.3579e+07
0,0,0,7.0221e+08,0,3.041e+07,-3.89047e+06,3.89047e+06,1.3579e+07
0,0,0,7.0221e+08,0,3.04123e+07,-3.89076e+06,3.89076e+06,1.3579e+07
0,0,0,7.0221e+08,0,3.04146e+07,-3.89106e+06,3.89106e+06,1.3579e+07
0,0,0,7.0221e+08,0,2.63463e+07,-3.37059e+06,3.37059e+06,1.3579e+07
0,0,0,7.0221e+08,0,2.63483e+07,-3.37084e+06,3.37084e+06,1.3579e+07
0,0,0,7.0221e+08,0,2.63503e+07,-3.37109e+06,3.37109e+06,1.3579e+07
0,0,0,7.0221e+08,0,2.63523e+07,-3.37135e+06,3.37135e+06,1.3579e+07
0,0,0,7.0221e+08,0,2.63543e+07,-3.3716e+06,3.3716e+06,1.3579e+07
0,0,0,7.0221e+08,0,2.73664e+07,-3.50109e+06,3.50109e+06,1.3579e+07
0,0,0,7.0221e+08,0,2.73685e+07,-3.50135e+06,3.50135e+06,1.3579e+07
0,0,0,7.0221e+08,0,2.73705e+07,-3.50161e+06,3.50161e+06,1.3579e+07
0,0,0,7.0221e+08,0,2.73726e+07,-3.50188e+06,3.50188e+06,1.3579e+07
0,0,0,7.0221e+08,0,2.69809e+07,-3.45177e+06,3.45177e+06,1.3579e+07
0,0,0,7.0221e+08,0,2.6983e+07,-3.45203e+06,3.45203e+06,1.3579e+07
0,0,0,7.0221e+08,0,2.6985e+07,-3.45229e+06,3.45229e+06,1.3579e+07
0,0,0,7.0221e+08,0,2.6987e+07,-3.45255e+06,3.45255e+06,1.3579e+07
0,0,0,7.0221e+08,0,2.83563e+07,-3.62773e+06,3.62773e+06,1.3579e+07
0,0,0,7.0221e+08,0,2.83585e+07,-3.62801e+06,3.62801e+06,1.3579e+07
0,0,0,7.0221e+08,0,2.83606e+07,-3.62828e+06,3.62828e+06,1.3579e+07
0,0,0,7.0221e+08,0,2.83627e+07,-3.62855e+06,3.62855e+06,1.3579e+07
0,0,0,7.0221e+08,0,2.83649e+07,-3.62883e+06,3.62883e+06,1.3579e+07
0,0,0,7.0221e+08,0,2.86269e+07,-3.66235e+06,3.66235e+06,1.3579e+07
0,0,0,7.0221e+08,0,2.86291e+07,-3.66263e+06,3.66263e+06,1.3579e+07
0,0,0,7.0221e+08,0,2.86313e+07,-3.6629e+06,3.6629e+06,1.3579e+07
0,0,0,7.0221e+08,0,2.86334e+07,-3.66318e+06,3.66318e+06,1.3579e+07
0,0,0,7.0221e+08,0,2.93195e+07,-3.75095e+06,3.75095e+06,1.3579e+07
0,0,0,7.0221e+08,0,2.93217e+07,-3.75124e+06,3.75124e+06,1.3579e+07
0,0,0,7.0221e+08,0,2.93239e+07,-3.75152e+06,3.75152e+06,1.3579e+07
0,0,0,7.0221e+08,0,2.93261e+07,-3.7518e+06,3.7518e+06,1.3579e+07
0,0,0,7.0221e+08,0,3.15686e+07,-4.03869e+06,4.03869e+06,1.3579e+07
0,0,0,7.0221e+08,0,3.1571e+07,-4.039e+06,4.039e+06,1.3579e+07
0,0,0,7.0221e+08,0,3.15734e+07,-4.0393e+06,4.0393e+06,1.3579e+07
0,0,0,7.0221e+08,0,3.15758e+07,-4.03961e+06,4.03961e+06,1.3579e+07
0,0,0,7.0221e+08,0,3.15782e+07,-4.03991e+06,4.03991e+06,1.3579e+07
0,0,0,7.0221e+08,0,3.03381e+07,-3.88126e+06,3.88126e+06,1.3579e+07
0,0,0,7.0221e+08,0,3.03404e+07,-3.88156e+06,3.88156e+06,1.3579e+07
0,0,0,7.0221e+08,0,3.03427e+07,-3.88185e+06,3.88185e+06,1.3579e+07
0,0,0,7.0221e+08,0,3.03449e+07,-3.88214e+06,3.88214e+06,1.3579e+07
0,0,0,7.0221e+08,0,2.92589e+07,-3.7432e+06,3.7432e+06,1.3579e+07
0,0,0,7.0221e+08,0,2.92611e+07,-3.74348e+06,3.74348e+06,1.3579e+07
0,0,0,7.0221e+08,0,2.92633e+07,-3.74376e+06,3.74376e+06,1.3579e+07
0,0,0,7.0221e+08,0,2.92655e+07,-3.74405e+06,3.74405e+06,1.3579e+07
0,0,0,7.0221e+08,0,2.67017e+07,-3.41604e+06,3.41604e+06,1.3579e+07
0,0,0,7.0221e+08,0,2.67037e+07,-3.4163e+06,3.4163e+06,1.3579e+07
0,0,0,7.0221e+08,0,2.67057e+07,-3.41656e+06,3.41656e+06,1.3579e+07
0,0,0,7.0221e+08,0,2.67077e+07,-3.41682e+06,3.41682e+06,1.3579e+07
0,0,0,7.0221e+08,0,2.67097e+07,-3.41707e+06,3.41707e+06,1.3579e+07
0,0,0,7.0221e+08,0,2.67097e+07,-3.41707e+06,3.41707e+06,1.3579e+07
0,0,0,7.0221e+08,0,2.75614e+07,-3.52604e+06,3.52604e+06,1.3579e+07
0,0,0,7.0221e+08,0,2.75632e+07,-3.52627e+06,3.52627e+06,1.3579e+07
0,0,0,7.0221e+08,0,2.75651e+07,-3.5265e+06,3.5265e+06,1.3579e+07
0,0,0,7.0221e+08,0,2.75669e+07,-3.52673e+06,3.52673e+06,1.3579e+07
0,0,0,7.0221e+08,0,3.05258e+07,-3.90528e+06,3.90528e+06,1.3579e+07
0,0,0,7.0221e+08,0,3.05278e+07,-3.90554e+06,3.90554e+06,1.3579e+07
0,0,0,7.0221e+08,0,3.05298e+07,-3.90579e+06,3.90579e+06,1.3579e+07
0,0,0,7.0221e+08,0,3.05318e+07,-3.90605e+06,3.90605e+06,1.3579e+07
0,0,0,7.0221e+08,0,2.64476e+07,-3.38354e+06,3.38354e+06,1.3579e+07
0,0,0,7.0221e+08,0,2.64494e+07,-3.38377e+06,3.38377e+06,1.3579e+07
0,0,0,7.0221e+08,0,2.64511e+07,-3.38399e+06,3.38399e+06,1.3579e+07
0,0,0,7.0221e+08,0,2.64528e+07,-3.38421e+06,3.38421e+06,1.3579e+07
0,0,0,7.0221e+08,0,2.64546e+07,-3.38444e+06,3.38444e+06,1.3579e+07
0,0,0,7.0221e+08,0,2.74703e+07,-3.51438e+06,3.51438e+06,1.3579e+07
0,0,0,7.0221e+08,0,2.74721e+07,-3.51461e+06,3.51461e+06,1.3579e+07
0,0,0,7.0221e+08,0,2.74739e+07,-3.51484e+06,3.51484e+06,1.3579e+07
0,0,0,7.0221e+08,0,2.74757e+07,-3.51507e+06,3.51507e+06,1.3579e+07
0,0,0,7.0221e+08,0,2.70823e+07,-3.46474e+06,3.46474e+06,1.3579e+07
0,0,0,7.0221e+08,0,2.70841e+07,-3.46497e+06,3.46497e+06,1.3579e+07
0,0,0,7.0221e+08,0,2.70859e+07,-3.4652e+06,3.4652e+06,1.3579e+07
0,0,0,7.0221e+08,0,2.70877e+07,-3.46543e+06,3.46543e+06,1.3579e+07
0,0,0,7.0221e+08,0,2.84618e+07,-3.64123e+06,3.64123e+06,1.3579e+07
0,0,0,7.0221e+08,0,2.84637e+07,-3.64147e+06,3.64147e+06,1.3579e+07
0,0,0,7.0221e+08,0,2.84656e+07,-3.64171e+06,3.64171e+06,1.3579e+07
0,0,0,7.0221e+08,0,2.84674e+07,-3.64195e+06,3.64195e+06,1.3579e+07
0,0,0,7.0221e+08,0,2.84693e+07,-3.64219e+06,3.64219e+06,1.3579e+07
0,0,0,7.0221e+08,0,2.87321e+07,-3.6758e+06,3.6758e+06,1.3579e+07
0,0,0,7.0221e+08,0,2.87339e+07,-3.67604e+06,3.67604e+06,1.3579e+07
0,0,0,7.0221e+08,0,2.87358e+07,-3.67628e+06,3.67628e+06,1.3579e+07
0,0,0,7.0221e+08,0,2.87377e+07,-3.67653e+06,3.67653e+06,1.3579e+07
0,0,0,7.0221e+08,0,2.9426e+07,-3.76458e+06,3.76458e+06,1.3579e+07
0,0,0,7.0221e+08,0,2.9428e+07,-3.76483e+06,3.76483e+06,1.3579e+07
0,0,0,7.0221e+08,0,2.94299e+07,-3.76508e+06,3.76508e+06,1.3579e+07
0,0,0,7.0221e+08,0,2.94318e+07,-3.76533e+06,3.76533e+06,1.3579e+07
0,0,0,7.0221e+08,0,3.16821e+07,-4.05322e+06,4.05322e+06,1.3579e+07
0,0,0,7.0221e+08,0,3.16842e+07,-4.05348e+06,4.05348e+06,1.3579e+07
0,0,0,7.0221e+08,0,3.16863e+07,-4.05375e+06,4.05375e+06,1.3579e+07
0,0,0,7.0221e+08,0,3.16884e+07,-4.05402e+06,4.05402e+06,1.3579e+07
0,0,0,7.0221e+08,0,3.16905e+07,-4.05428e+06,4.05428e+06,1.3579e+07
0,0,0,7.0221e+08,0,3.04457e+07,-3.89503e+06,3.89503e+06,1.3579e+07
0,0,0,7.0221e+08,0,3.04477e+07,-3.89529e+06,3.89529e+06,1.3579e+07
0,0,0,7.0221e+08,0,3.04497e+07,-3.89555e+06,3.89555e+06,1.3579e+07
0,0,0,7.0221e+08,0,3.04517e+07,-3.8958e+06,3.8958e+06,1.3579e+07
0,0,0,7.0221e+08,0,2.93616e+07,-3.75634e+06,3.75634e+06,1.3579e+07
0,0,0,7.0221e+08,0,2.93635e+07,-3.75658e+06,3.75658e+06,1.3579e+07
0,0,0,7.0221e+08,0,2.93654e+07,-3.75683e+06,3.75683e+06,1.3579e+07
0,0,0,7.0221e+08,0,2.93674e+07,-3.75708e+06,3.75708e+06,1.3579e+07
0,0,0,7.0221e+08,0,2.67944e+07,-3.4279e+06,3.4279e+06,1.3579e+07
0,0,0,7.0221e+08,0,2.67961e+07,-3.42813e+06,3.42813e+06,1.3579e+07
0,0,0,7.0221e+08,0,2.67979e+07,-3.42835e+06,3.42835e+06,1.3579e+07
0,0,0,7.0221e+08,0,2.67996e+07,-3.42858e+06,3.42858e+06,1.3579e+07
0,0,0,7.0221e+08,0,2.68014e+07,-3.42881e+06,3.42881e+06,1.3579e+07
0,0,0,7.0221e+08,0,2.76558e+07,-3.53811e+06,3.53811e+06,1.3579e+07
0,0,0,7.0221e+08,0,2.76574e+07,-3.53831e+06,3.53831e+06,1.3579e+07
0,0,0,7.0221e+08,0,2.76589e+07,-3.53851e+06,3.53851e+06,1.3579e+07
0,0,0,7.0221e+08,0,2.76605e+07,-3.53871e+06,3.53871e+06,1.3579e+07
0,0,0,7.0221e+08,0,3.06292e+07,-3.9185e+06,3.9185e+06,1.3579e+07
0,0,0,7.0221e+08,0,3.06309e+07,-3.91873e+06,3.91873e+06,1.3579e+07
0,0,0,7.0221e+08,0,3.06326e+07,-3.91895e+06,3.91895e+06,1.3579e+07
0,0,0,7.0221e+08,0,3.06344e+07,-3.91917e+06,3.91917e+06,1.3579e+07
0,0,0,7.0221e+08,0,2.65362e+07,-3.39487e+06,3.39487e+06,1.3579e+07
0,0,0,7.0221e+08,0,2.65377e+07,-3.39507e+06,3.39507e+06,1.3579e+07
0,0,0,7.0221e+08,0,2.65392e+07,-3.39526e+06,3.39526e+06,1.3579e+07
0,0,0,7.0221e+08,0,2.65407e+07,-3.39545e+06,3.39545e+06,1.3579e+07
0,0,0,7.0221e+08,0,2.65422e+07,-3.39564e+06,3.39564e+06,1.3579e+07
0,0,0,7.0221e+08,0,2.7561e+07,-3.52598e+06,3.52598e+06,1.3579e+07
0,0,0,7.0221e+08,0,2.75626e+07,-3.52618e+06,3.52618e+06,1.3579e+07
0,0,0,7.0221e+08,0,2.75641e+07,-3.52638e+06,3.52638e+06,1.3579e+07
0,0,0,7.0221e+08,0,2.75657e+07,-3.52658e+06,3.52658e+06,1.3579e+07
0,0,0,7.0221e+08,0,2.71707e+07,-3.47606e+06,3.47606e+06,1.3579e+07
0,0,0,7.0221e+08,0,2.71723e+07,-3.47625e+06,3.47625e+06,1.3579e+07
0,0,0,7.0221e+08,0,2.71738e+07,-3.47645e+06,3.47645e+06,1.3579e+07
0,0,0,7.0221e+08,0,2.71754e+07,-3.47665e+06,3.47665e+06,1.3579e+07
0,0,0,7.0221e+08,0,2.85537e+07,-3.65298e+06,3.65298e+06,1.3579e+07
0,0,0,7.0221e+08,0,2.85553e+07,-3.65318e+06,3.65318e+06,1.3579e+07
0,0,0,7.0221e+08,0,2.85569e+07,-3.65339e+06,3.65339e+06,1.3579e+07
0,0,0,7.0221e+08,0,2.85585e+07,-3.6536e+06,3.6536e+06,1.3579e+07
0,0,0,7.0221e+08,0,2.85601e+07,-3.6538e+06,3.6538e+06,1.3579e+07
0,0,0,7.0221e+08,0,2.88234e+07,-3.68749e+06,3.68749e+06,1.3579e+07
0,0,0,7.0221e+08,0,2.88251e+07,-3.6877e+06,3.6877e+06,1.3579e+07
0,0,0,7.0221e+08,0,2.88267e+07,-3.68791e+06,3.68791e+06,1.3579e+07
0,0,0,7.0221e+08,0,2.88283e+07,-3.68812e+06,3.68812e+06,1.3579e+07
0,0,0,7.0221e+08,0,2.95185e+07,-3.77641e+06,3.77641e+06,1.3579e+07
0,0,0,7.0221e+08,0,2.95202e+07,-3.77663e+06,3.77663e+06,1.3579e+07
0,0,0,7.0221e+08,0,2.95219e+07,-3.77684e+06,3.77684e+06,1.3579e+07
0,0,0,7.0221e+08,0,2.95235e+07,-3.77706e+06,3.77706e+06,1.3579e+07
0,0,0,7.0221e+08,0,3.17805e+07,-4.0658e+06,4.0658e+06,1.3579e+07
0,0,0,7.0221e+08,0,3.17823e+07,-4.06603e+06,4.06603e+06,1.3579e+07
0,0,0,7.0221e+08,0,3.17841e+07,-4.06626e+06,4.06626e+06,1.3579e+07
0,0,0,7.0221e+08,0,3.17859e+07,-4.06649e+06,4.06649e+06,1.3579e+07
0,0,0,7.0221e+08,0,3.17877e+07,-4.06672e+06,4.06672e+06,1.3579e+07
0,0,0,7.0221e+08,0,3.05388e+07,-3.90695e+06,3.90695e+06,1.3579e+07
0,0,0,7.0221e+08,0,3.05406e+07,-3.90717e+06,3.90717e+06,1.3579e+07
0,0,0,7.0221e+08,0,3.05423e+07,-3.90739e+06,3.90739e+06,1.3579e+07
0,0,0,7.0221e+08,0,3.0544e+07,-3.90761e+06,3.90761e+06,1.3579e+07
0,0,0,7.0221e+08,0,2.94503e+07,-3.76769e+06,3.76769e+06,1.3579e+07
0,0,0,7.0221e+08,0,2.9452e+07,-3.7679e+06,3.7679e+06,1.3579e+07
0,0,0,7.0221e+08,0,2.94536e+07,-3.76811e+06,3.76811e+06,1.3579e+07
0,0,0,7.0221e+08,0,2.94553e+07,-3.76833e+06,3.76833e+06,1.3579e+07
0,0,0,7.0221e+08,0,2.68743e+07,-3.43813e+06,3.43813e+06,1.3579e+07
0,0,0,7.0221e+08,0,2.68758e+07,-3.43833e+06,3.43833e+06,1.3579e+07
0,0,0,7.0221e+08,0,2.68773e+07,-3.43852e+06,3.43852e+06,1.3579e+07
0,0,0,7.0221e+08,0,2.68789e+07,-3.43871e+06,3.43871e+06,1.3579e+07
0,0,0,7.0221e+08,0,2.68804e+07,-3.43891e+06,3.43891e+06,1.3579e+07
0,0,0,7.0221e+08,0,2.7737e+07,-3.5485e+06,3.5485e+06,1.3579e+07
0,0,0,7.0221e+08,0,2.77383e+07,-3.54867e+06,3.54867e+06,1.3579e+07
0,0,0,7.0221e+08,0,2.77397e+07,-3.54884e+06,3.54884e+06,1.3579e+07
0,0,0,7.0221e+08,0,2.7741e+07,-3.54901e+06,3.54901e+06,1.3579e+07
0,0,0,7.0221e+08,0,3.0718e+07,-3.92987e+06,3.92987e+06,1.3579e+07
0,0,0,7.0221e+08,0,3.07194e+07,-3.93005e+06,3.93005e+06,1.3579e+07
0,0,0,7.0221e+08,0,3.07209e+07,-3.93024e+06,3.93024e+06,1.3579e+07
0,0,0,7.0221e+08,0,3.07224e+07,-3.93043e+06,3.93043e+06,1.3579e+07
0,0,0,7.0221e+08,0,2.66122e+07,-3.40459e+06,3.40459e+06,1.3579e+07
0,0,0,7.0221e+08,0,2.66134e+07,-3.40476e+06,3.40476e+06,1.3579e+07
0,0,0,7.0221e+08,0,2.66147e+07,-3.40492e+06,3.40492e+06,1.3579e+07
0,0,0,7.0221e+08,0,2.66159e+07,-3.40508e+06,3.40508e+06,1.3579e+07
0,0,0,7.0221e+08,0,2.66172e+07,-3.40524e+06,3.40524e+06,1.3579e+07
0,0,0,7.0221e+08,0,2.76386e+07,-3.53591e+06,3.53591e+06,1.3579e+07
0,0,0,7.0221e+08,0,2.76399e+07,-3.53608e+06,3.53608e+06,1.3579e+07
0,0,0,7.0221e+08,0,2.76412e+07,-3.53625e+06,3.53625e+06,1.3579e+07
0,0,0,7.0221e+08,0,2.76426e+07,-3.53642e+06,3.53642e+06,1.3579e+07
0,0,0,7.0221e+08,0,2.72463e+07,-3.48572e+06,3.48572e+06,1.3579e+07
0,0,0,7.0221e+08,0,2.72476e+07,-3.48588e+06,3.48588e+06,1.3579e+07
0,0,0,7.0221e+08,0,2.72488e+07,-3.48605e+06,3.48605e+06,1.3579e+07
0,0,0,7.0221e+08,0,2.72501e+07,-3.48621e+06,3.48621e+06,1.3579e+07
0,0,0,7.0221e+08,0,2.8632e+07,-3.663e+06,3.663e+06,1.3579e+07
0,0,0,7.0221e+08,0,2.86333e+07,-3.66317e+06,3.66317e+06,1.3579e+07
0,0,0,7.0221e+08,0,2.86347e+07,-3.66334e+06,3.66334e+06,1.3579e+07
0,0,0,7.0221e+08,0,2.8636e+07,-3.66352e+06,3.66352e+06,1.3579e+07
0,0,0,7.0221e+08,0,2.86374e+07,-3.66369e+06,3.66369e+06,1.3579e+07
0,0,0,7.0221e+08,0,2.89011e+07,-3.69743e+06,3.69743e+06,1.3579e+07
0,0,0,7.0221e+08,0,2.89025e+07,-3.69761e+06,3.69761e+06,1.3579e+07
0,0,0,7.0221e+08,0,2.89039e+07,-3.69778e+06,3.69778e+06,1.3579e+07
0,0,0,7.0221e+08,0,2.89052e+07,-3.69796e+06,3.69796e+06,1.3579e+07
0,0,0,7.0221e+08,0,2.9597e+07,-3.78646e+06,3.78646e+06,1.3579e+07
0,0,0,7.0221e+08,0,2.95984e+07,-3.78664e+06,3.78664e+06,1.3579e+07
0,0,0,7.0221e+08,0,2.95998e+07,-3.78681e+06,3.78681e+06,1.3579e+07
0,0,0,7.0221e+08,0,2.96012e+07,-3.78699e+06,3.78699e+06,1.3579e+07
0,0,0,7.0221e+08,0,3.18639e+07,-4.07646e+06,4.07646e+06,1.3579e+07
0,0,0,7.0221e+08,0,3.18654e+07,-4.07666e+06,4.07666e+06,1.3579e+07
0,0,0,7.0221e+08,0,3.18669e+07,-4.07685e+06,4.07685e+06,1.3579e+07
0,0,0,7.0221e+08,0,3.18684e+07,-4.07704e+06,4.07704e+06,1.3579e+07
0,0,0,7.0221e+08,0,3.18699e+07,-4.07724e+06,4.07724e+06,1.3579e+07
0,0,0,7.0221e+08,0,3.06175e+07,-3.91701e+06,3.91701e+06,1.3579e+07
0,0,0,7.0221e+08,0,3.06189e+07,-3.9172e+06,3.9172e+06,1.3579e+07
0,0,0,7.0221e+08,0,3.06204e+07,-3.91738e+06,3.91738e+06,1.3579e+07
0,0,0,7.0221e+08,0,3.06218e+07,-3.91757e+06,3.91757e+06,1.3579e+07
0,0,0,7.0221e+08,0,2.9525e+07,-3.77725e+06,3.77725e+06,1.3579e+07
0,0,0,7.0221e+08,0,2.95264e+07,-3.77743e+06,3.77743e+06,1.3579e+07
0,0,0,7.0221e+08,0,2.95278e+07,-3.77761e+06,3.77761e+06,1.3579e+07
0,0,0,7.0221e+08,0,2.95292e+07,-3.77779e+06,3.77779e+06,1.3579e+07
0,0,0,7.0221e+08,0,2.69415e+07,-3.44673e+06,3.44673e+06,1.3579e+07
0,0,0,7.0221e+08,0,2.69428e+07,-3.44689e+06,3.44689e+06,1.3579e+07
0,0,0,7.0221e+08,0,2.69441e+07,-3.44706e+06,3.44706e+06,1.3579e+07
0,0,0,7.0221e+08,0,2.69453e+07,-3.44722e+06,3.44722e+06,1.3579e+07
0,0,0,7.0221e+08,0,2.69466e+07,-3.44738e+06,3.44738e+06,1.3579e+07
0,0,0,7.0221e+08,0,2.78051e+07,-3.55721e+06,3.55721e+06,1.3579e+07
0,0,0,7.0221e+08,0,2.78062e+07,-3.55735e+06,3.55735e+06,1.3579e+07
0,0,0,7.0221e+08,0,2.78072e+07,-3.55748e+06,3.55748e+06,1.3579e+07
0,0,0,7.0221e+08,0,2.78083e+07,-3.55762e+06,3.55762e+06,1.3579e+07
0,0,0,7.0221e+08,0,3.07922e+07,-3.93937e+06,3.93937e+06,1.3579e+07
0,0,0,7.0221e+08,0,3.07934e+07,-3.93952e+06,3.93952e+06,1.3579e+07
0,0,0,7.0221e+08,0,3.07946e+07,-3.93967e+06,3.93967e+06,1.3579e+07
0,0,0,7.0221e+08,0,3.07958e+07,-3.93982e+06,3.93982e+06,1.3579e+07
0,0,0,7.0221e+08,0,2.66755e+07,-3.4127e+06,3.4127e+06,1.3579e+07
0,0,0,7.0221e+08,0,2.66765e+07,-3.41283e+06,3.41283e+06,1.3579e+07
0,0,0,7.0221e+08,0,2.66775e+07,-3.41296e+06,3.41296e+06,1.3579e+07
0,0,0,7.0221e+08,0,2.66785e+07,-3.41309e+06,3.41309e+06,1.3579e+07
0,0,0,7.0221e+08,0,2.66796e+07,-3.41322e+06,3.41322e+06,1.3579e+07
0,0,0,7.0221e+08,0,2.77031e+07,-3.54416e+06,3.54416e+06,1.3579e+07
0,0,0,7.0221e+08,0,2.77042e+07,-3.5443e+06,3.5443e+06,1.3579e+07
0,0,0,7.0221e+08,0,2.77052e+07,-3.54443e+06,3.54443e+06,1.3579e+07
0,0,0,7.0221e+08,0,2.77063e+07,-3.54457e+06,3.54457e+06,1.3579e+07
0,0,0,7.0221e+08,0,2.73088e+07,-3.49372e+06,3.49372e+06,1.3579e+07
0,0,0,7.0221e+08,0,2.73098e+07,-3.49385e+06,3.49385e+06,1.3579e+07
0,0,0,7.0221e+08,0,2.73109e+07,-3.49398e+06,3.49398e+06,1.3579e+07
0,0,0,7.0221e+08,0,2.73119e+07,-3.49412e+06,3.49412e+06,1.3579e+07
0,0,0,7.0221e+08,0,2.86966e+07,-3.67127e+06,3.67127e+06,1.3579e+07
0,0,0,7.0221e+08,0,2.86977e+07,-3.67141e+06,3.67141e+06,1.3579e+07
0,0,0,7.0221e+08,0,2.86988e+07,-3.67155e+06,3.67155e+06,1.3579e+07
0,0,0,7.0221e+08,0,2.86999e+07,-3.67168e+06,3.67168e+06,1.3579e+07
0,0,0,7.0221e+08,0,2.8701e+07,-3.67182e+06,3.67182e+06,1.3579e+07
0,0,0,7.0221e+08,0,2.89651e+07,-3.70561e+06,3.70561e+06,1.3579e+07
0,0,0,7.0221e+08,0,2.89662e+07,-3.70575e+06,3.70575e+06,1.3579e+07
0,0,0,7.0221e+08,0,2.89673e+07,-3.70589e+06,3.70589e+06,1.3579e+07
0,0,0,7.0221e+08,0,2.89684e+07,-3.70603e+06,3.70603e+06,1.3579e+07
0,0,0,7.0221e+08,0,2.96613e+07,-3.79469e+06,3.79469e+06,1.3579e+07
0,0,0,7.0221e+08,0,2.96625e+07,-3.79483e+06,3.79483e+06,1.3579e+07
0,0,0,7.0221e+08,0,2.96636e+07,-3.79498e+06,3.79498e+06,1.3579e+07
0,0,0,7.0221e+08,0,2.96647e+07,-3.79512e+06,3.79512e+06,1.3579e+07
0,0,0,7.0221e+08,0,3.19319e+07,-4.08517e+06,4.08517e+06,1.3579e+07
0,0,0,7.0221e+08,0,3.19332e+07,-4.08533e+06,4.08533e+06,1.3579e+07
0,0,0,7.0221e+08,0,3.19344e+07,-4.08548e+06,4.08548e+06,1.3579e+07
0,0,0,7.0221e+08,0,3.19356e+07,-4.08564e+06,4.08564e+06,1.3579e+07
0,0,0,7.0221e+08,0,3.19368e+07,-4.08579e+06,4.08579e+06,1.3579e+07
0,0,0,7.0221e+08,0,3.06815e+07,-3.9252e+06,3.9252e+06,1.3579e+07
0,0,0,7.0221e+08,0,3.06826e+07,-3.92535e+06,3.92535e+06,1.3579e+07
0,0,0,7.0221e+08,0,3.06838e+07,-3.92549e+06,3.92549e+06,1.3579e+07
0,0,0,7.0221e+08,0,3.0685e+07,-3.92564e+06,3.92564e+06,1.3579e+07
0,0,0,7.0221e+08,0,2.95856e+07,-3.785e+06,3.785e+06,1.3579e+07
0,0,0,7.0221e+08,0,2.95868e+07,-3.78515e+06,3.78515e+06,1.3579e+07
0,0,0,7.0221e+08,0,2.95879e+07,-3.78529e+06,3.78529e+06,1.3579e+07
0,0,0,7.0221e+08,0,2.9589e+07,-3.78543e+06,3.78543e+06,1.3579e+07
0,0,0,7.0221e+08,0,2.69958e+07,-3.45368e+06,3.45368e+06,1.3579e+07
0,0,0,7.0221e+08,0,2.69968e+07,-3.45381e+06,3.45381e+06,1.3579e+07
0,0,0,7.0221e+08,0,2.69979e+07,-3.45394e+06,3.45394e+06,1.3579e+07
0,0,0,7.0221e+08,0,2.69989e+07,-3.45407e+06,3.45407e+06,1.3579e+07
0,0,0,7.0221e+08,0,2.69999e+07,-3.4542e+06,3.4542e+06,1.3579e+07
0,0,0,7.0221e+08,0,2.78598e+07,-3.56421e+06,3.56421e+06,1.3579e+07
0,0,0,7.0221e+08,0,2.78606e+07,-3.56432e+06,3.56432e+06,1.3579e+07
0,0,0,7.0221e+08,0,2.78614e+07,-3.56442e+06,3.56442e+06,1.3579e+07
0,0,0,7.0221e+08,0,2.78622e+07,-3.56452e+06,3.56452e+06,1.3579e+07
0,0,0,7.0221e+08,0,3.08517e+07,-3.94697e+06,3.94697e+06,1.3579e+07
0,0,0,7.0221e+08,0,3.08526e+07,-3.94709e+06,3.94709e+06,1.3579e+07
0,0,0,7.0221e+08,0,3.08535e+07,-3.9472e+06,3.9472e+06,1.3579e+07
0,0,0,7.0221e+08,0,3.08544e+07,-3.94731e+06,3.94731e+06,1.3579e+07
0,0,0,7.0221e+08,0,2.6726e+07,-3.41916e+06,3.41916e+06,1.3579e+07
0,0,0,7.0221e+08,0,2.67268e+07,-3.41926e+06,3.41926e+06,1.3579e+07
0,0,0,7.0221e+08,0,2.67275e+07,-3.41935e+06,3.41935e+06,1.3579e+07
0,0,0,7.0221e+08,0,2.67283e+07,-3.41945e+06,3.41945e+06,1.3579e+07
0,0,0,7.0221e+08,0,2.67291e+07,-3.41955e+06,3.41955e+06,1.3579e+07
0,0,0,7.0221e+08,0,2.77543e+07,-3.55071e+06,3.55071e+06,1.3579e+07
0,0,0,7.0221e+08,0,2.77551e+07,-3.55081e+06,3.55081e+06,1.3579e+07
0,0,0,7.0221e+08,0,2.77559e+07,-3.55091e+06,3.55091e+06,1.3579e+07
0,0,0,7.0221e+08,0,2.77567e+07,-3.55101e+06,3.55101e+06,1.3579e+07
0,0,0,7.0221e+08,0,2.73582e+07,-3.50004e+06,3.50004e+06,1.3579e+07
0,0,0,7.0221e+08,0,2.7359e+07,-3.50014e+06,3.50014e+06,1.3579e+07
0,0,0,7.0221e+08,0,2.73598e+07,-3.50024e+06,3.50024e+06,1.3579e+07
0,0,0,7.0221e+08,0,2.73606e+07,-3.50034e+06,3.50034e+06,1.3579e+07
0,0,0,7.0221e+08,0,2.87475e+07,-3.67777e+06,3.67777e+06,1.3579e+07
0,0,0,7.0221e+08,0,2.87483e+07,-3.67788e+06,3.67788e+06,1.3579e+07
0,0,0,7.0221e+08,0,2.87491e+07,-3.67798e+06,3.67798e+06,1.3579e+07
0,0,0,7.0221e+08,0,2.87499e+07,-3.67809e+06,3.67809e+06,1.3579e+07
0,0,0,7.0221e+08,0,2.87508e+07,-3.67819e+06,3.67819e+06,1.3579e+07
0,0,0,7.0221e+08,0,2.9015e+07,-3.712e+06,3.712e+06,1.3579e+07
0,0,0,7.0221e+08,0,2.90159e+07,-3.71211e+06,3.71211e+06,1.3579e+07
0,0,0,7.0221e+08,0,2.90167e+07,-3.71221e+06,3.71221e+06,1.3579e+07
0,0,0,7.0221e+08,0,2.90175e+07,-3.71232e+06,3.71232e+06,1.3579e+07
0,0,0,7.0221e+08,0,2.97114e+07,-3.80109e+06,3.80109e+06,1.3579e+07
0,0,0,7.0221e+08,0,2.97123e+07,-3.8012e+06,3.8012e+06,1.3579e+07
0,0,0,7.0221e+08,0,2.97131e+07,-3.80131e+06,3.80131e+06,1.3579e+07
0,0,0,7.0221e+08,0,2.9714e+07,-3.80142e+06,3.80142e+06,1.3579e+07
0,0,0,7.0221e+08,0,3.19846e+07,-4.09192e+06,4.09192e+06,1.3579e+07
0,0,0,7.0221e+08,0,3.19856e+07,-4.09203e+06,4.09203e+06,1.3579e+07
0,0,0,7.0221e+08,0,3.19865e+07,-4.09215e+06,4.09215e+06,1.3579e+07
0,0,0,7.0221e+08,0,3.19874e+07,-4.09227e+06,4.09227e+06,1.3579e+07
0,0,0,7.0221e+08,0,3.19883e+07,-4.09239e+06,4.09239e+06,1.3579e+07
0,0,0,7.0221e+08,0,3.07307e+07,-3.93149e+06,3.93149e+06,1.3579e+07
0,0,0,7.0221e+08,0,3.07316e+07,-3.93161e+06,3.93161e+06,1.3579e+07
0,0,0,7.0221e+08,0,3.07325e+07,-3.93172e+06,3.93172e+06,1.3579e+07
0,0,0,7.0221e+08,0,3.07333e+07,-3.93183e+06,3.93183e+06,1.3579e+07
0,0,0,7.0221e+08,0,2.9632e+07,-3.79093e+06,3.79093e+06,1.3579e+07
0,0,0,7.0221e+08,0,2.96328e+07,-3.79104e+06,3.79104e+06,1.3579e+07
0,0,0,7.0221e+08,0,2.96337e+07,-3.79115e+06,3.79115e+06,1.3579e+07
0,0,0,7.0221e+08,0,2.96345e+07,-3.79126e+06,3.79126e+06,1.3579e+07
0,0,0,7.0221e+08,0,2.70371e+07,-3.45896e+06,3.45896e+06,1.3579e+07
0,0,0,7.0221e+08,0,2.70379e+07,-3.45906e+06,3.45906e+06,1.3579e+07
0,0,0,7.0221e+08,0,2.70386e+07,-3.45916e+06,3.45916e+06,1.3579e+07
0,0,0,7.0221e+08,0,2.70394e+07,-3.45925e+06,3.45925e+06,1.3579e+07
0,0,0,7.0221e+08,0,2.70402e+07,-3.45935e+06,3.45935e+06,1.3579e+07
0,0,0,7.0221e+08,0,2.79012e+07,-3.5695e+06,3.5695e+06,1.3579e+07
0,0,0,7.0221e+08,0,2.79017e+07,-3.56957e+06,3.56957e+06,1.3579e+07
0,0,0,7.0221e+08,0,2.79022e+07,-3.56964e+06,3.56964e+06,1.3579e+07
0,0,0,7.0221e+08,0,2.79028e+07,-3.56971e+06,3.56971e+06,1.3579e+07
0,0,0,7.0221e+08,0,3.08963e+07,-3.95268e+06,3.95268e+06,1.3579e+07
0,0,0,7.0221e+08,0,3.08969e+07,-3.95276e+06,3.95276e+06,1.3579e+07
0,0,0,7.0221e+08,0,3.08975e+07,-3.95283e+06,3.95283e+06,1.3579e+07
0,0,0,7.0221e+08,0,3.08981e+07,-3.95291e+06,3.95291e+06,1.3579e+07
0,0,0,7.0221e+08,0,2.67637e+07,-3.42398e+06,3.42398e+06,1.3579e+07
0,0,0,7.0221e+08,0,2.67642e+07,-3.42404e+06,3.42404e+06,1.3579e+07
0,0,0,7.0221e+08,0,2.67647e+07,-3.42411e+06,3.42411e+06,1.3579e+07
0,0,0,7.0221e+08,0,2.67652e+07,-3.42418e+06,3.42418e+06,1.3579e+07
0,0,0,7.0221e+08,0,2.67657e+07,-3.42424e+06,3.42424e+06,1.3579e+07
0,0,0,7.0221e+08,0,2.77921e+07,-3.55555e+06,3.55555e+06,1.3579e+07
0,0,0,7.0221e+08,0,2.77926e+07,-3.55562e+06,3.55562e+06,1.3579e+07
0,0,0,7.0221e+08,0,2.77932e+07,-3.55569e+06,3.55569e+06,1.3579e+07
0,0,0,7.0221e+08,0,2.77937e+07,-3.55576e+06,3.55576e+06,1.3579e+07
0,0,0,7.0221e+08,0,2.73945e+07,-3.50468e+06,3.50468e+06,1.3579e+07
0,0,0,7.0221e+08,0,2.7395e+07,-3.50475e+06,3.50475e+06,1.3579e+07
0,0,0,7.0221e+08,0,2.73956e+07,-3.50482e+06,3.50482e+06,1.3579e+07
0,0,0,7.0221e+08,0,2.73961e+07,-3.50489e+06,3.50489e+06,1.3579e+07
0,0,0,7.0221e+08,0,2.87845e+07,-3.68251e+06,3.68251e+06,1.3579e+07
0,0,0,7.0221e+08,0,2.87851e+07,-3.68258e+06,3.68258e+06,1.3579e+07
0,0,0,7.0221e+08,0,2.87857e+07,-3.68266e+06,3.68266e+06,1.3579e+07
0,0,0,7.0221e+08,0,2.87862e+07,-3.68273e+06,3.68273e+06,1.3579e+07
0,0,0,7.0221e+08,0,2.87868e+07,-3.6828e+06,3.6828e+06,1.3579e+07
0,0,0,7.0221e+08,0,2.90511e+07,-3.71662e+06,3.71662e+06,1.3579e+07
0,0,0,7.0221e+08,0,2.90517e+07,-3.71669e+06,3.71669e+06,1.3579e+07
0,0,0,7.0221e+08,0,2.90522e+07,-3.71676e+06,3.71676e+06,1.3579e+07
0,0,0,7.0221e+08,0,2.90528e+07,-3.71683e+06,3.71683e+06,1.3579e+07
0,0,0,7.0221e+08,0,2.97473e+07,-3.80568e+06,3.80568e+06,1.3579e+07
0,0,0,7.0221e+08,0,2.97478e+07,-3.80575e+06,3.80575e+06,1.3579e+07
0,0,0,7.0221e+08,0,2.97484e+07,-3.80583e+06,3.80583e+06,1.3579e+07
0,0,0,7.0221e+08,0,2.9749e+07,-3.8059e+06,3.8059e+06,1.3579e+07
0,0,0,7.0221e+08,0,3.2022e+07,-4.0967e+06,4.0967e+06,1.3579e+07
0,0,0,7.0221e+08,0,3.20227e+07,-4.09678e+06,4.09678e+06,1.3579e+07
0,0,0,7.0221e+08,0,3.20233e+07,-4.09686e+06,4.09686e+06,1.3579e+07
0,0,0,7.0221e+08,0,3.20239e+07,-4.09694e+06,4.09694e+06,1.3579e+07
0,0,0,7.0221e+08,0,3.20245e+07,-4.09702e+06,4.09702e+06,1.3579e+07
0,0,0,7.0221e+08,0,3.07652e+07,-3.93591e+06,3.93591e+06,1.3579e+07
0,0,0,7.0221e+08,0,3.07658e+07,-3.93598e+06,3.93598e+06,1.3579e+07
0,0,0,7.0221e+08,0,3.07664e+07,-3.93606e+06,3.93606e+06,1.3579e+07
0,0,0,7.0221e+08,0,3.0767e+07,-3.93614e+06,3.93614e+06,1.3579e+07
0,0,0,7.0221e+08,0,2.96642e+07,-3.79505e+06,3.79505e+06,1.3579e+07
0,0,0,7.0221e+08,0,2.96648e+07,-3.79512e+06,3.79512e+06,1.3579e+07
0,0,0,7.0221e+08,0,2.96653e+07,-3.7952e+06,3.7952e+06,1.3579e+07
0,0,0,7.0221e+08,0,2.96659e+07,-3.79527e+06,3.79527e+06,1.3579e+07
0,0,0,7.0221e+08,0,2.70655e+07,-3.46259e+06,3.46259e+06,1.3579e+07
0,0,0,7.0221e+08,0,2.7066e+07,-3.46265e+06,3.46265e+06,1.3579e+07
0,0,0,7.0221e+08,0,2.70665e+07,-3.46272e+06,3.46272e+06,1.3579e+07
0,0,0,7.0221e+08,0,2.70671e+07,-3.46279e+06,3.46279e+06,1.3579e+07
0,0,0,7.0221e+08,0,2.70676e+07,-3.46286e+06,3.46286e+06,1.3579e+07
0,0,0,7.0221e+08,0,2.70676e+07,-3.46286e+06,3.46286e+06,1.3579e+07
0,0,0,7.0221e+08,0,2.79292e+07,-3.57308e+06,3.57308e+06,1.3579e+07
0,0,0,7.0221e+08,0,2.79294e+07,-3.57312e+06,3.57312e+06,1.3579e+07
0,0,0,7.0221e+08,0,2.79297e+07,-3.57316e+06,3.57316e+06,1.3579e+07
0,0,0,7.0221e+08,0,2.793e+07,-3.57319e+06,3.57319e+06,1.3579e+07
0,0,0,7.0221e+08,0,3.09262e+07,-3.9565e+06,3.9565e+06,1.3579e+07
0,0,0,7.0221e+08,0,3.09265e+07,-3.95654e+06,3.95654e+06,1.3579e+07
0,0,0,7.0221e+08,0,3.09268e+07,-3.95659e+06,3.95659e+06,1.3579e+07
0,0,0,7.0221e+08,0,3.09272e+07,-3.95663e+06,3.95663e+06,1.3579e+07
0,0,0,7.0221e+08,0,2.67886e+07,-3.42716e+06,3.42716e+06,1.3579e+07
0,0,0,7.0221e+08,0,2.67889e+07,-3.4272e+06,3.4272e+06,1.3579e+07
0,0,0,7.0221e+08,0,2.67891e+07,-3.42723e+06,3.42723e+06,1.3579e+07
0,0,0,7.0221e+08,0,2.67894e+07,-3.42727e+06,3.42727e+06,1.3579e+07
0,0,0,7.0221e+08,0,2.67897e+07,-3.42731e+06,3.42731e+06,1.3579e+07
0,0,0,7.0221e+08,0,2.78167e+07,-3.5587e+06,3.5587e+06,1.3579e+07
0,0,0,7.0221e+08,0,2.7817e+07,-3.55873e+06,3.55873e+06,1.3579e+07
0,0,0,7.0221e+08,0,2.78173e+07,-3.55877e+06,3.55877e+06,1.3579e+07
0,0,0,7.0221e+08,0,2.78176e+07,-3.55881e+06,3.55881e+06,1.3579e+07
0,0,0,7.0221e+08,0,2.74178e+07,-3.50766e+06,3.50766e+06,1.3579e+07
0,0,0,7.0221e+08,0,2.74181e+07,-3.50769e+06,3.50769e+06,1.3579e+07
0,0,0,7.0221e+08,0,2.74183e+07,-3.50773e+06,3.50773e+06,1.3579e+07
0,0,0,7.0221e+08,0,2.74186e+07,-3.50777e+06,3.50777e+06,1.3579e+07
0,0,0,7.0221e+08,0,2.88079e+07,-3.68551e+06,3.68551e+06,1.3579e+07
0,0,0,7.0221e+08,0,2.88082e+07,-3.68555e+06,3.68555e+06,1.3579e+07
0,0,0,7.0221e+08,0,2.88085e+07,-3.68558e+06,3.68558e+06,1.3579e+07
0,0,0,7.0221e+08,0,2.88088e+07,-3.68562e+06,3.68562e+06,1.3579e+07
0,0,0,7.0221e+08,0,2.88091e+07,-3.68566e+06,3.68566e+06,1.3579e+07
0,0,0,7.0221e+08,0,2.90734e+07,-3.71947e+06,3.71947e+06,1.3579e+07
0,0,0,7.0221e+08,0,2.90737e+07,-3.71951e+06,3.71951e+06,1.3579e+07
0,0,0,7.0221e+08,0,2.9074e+07,-3.71955e+06,3.71955e+06,1.3579e+07
0,0,0,7.0221e+08,0,2.90743e+07,-3.71959e+06,3.71959e+06,1.3579e+07
0,0,0,7.0221e+08,0,2.9769e+07,-3.80846e+06,3.80846e+06,1.3579e+07
0,0,0,7.0221e+08,0,2.97693e+07,-3.8085e+06,3.8085e+06,1.3579e+07
0,0,0,7.0221e+08,0,2.97696e+07,-3.80854e+06,3.80854e+06,1.3579e+07
0,0,0,7.0221e+08,0,2.97699e+07,-3.80858e+06,3.80858e+06,1.3579e+07
0,0,0,7.0221e+08,0,3.20443e+07,-4.09955e+06,4.09955e+06,1.3579e+07
0,0,0,7.0221e+08,0,3.20446e+07,-4.09959e+06,4.09959e+06,1.3579e+07
0,0,0,7.0221e+08,0,3.2045e+07,-4.09963e+06,4.09963e+06,1.3579e+07
0,0,0,7.0221e+08,0,3.20453e+07,-4.09968e+06,4.09968e+06,1.3579e+07
0,0,0,7.0221e+08,0,3.20456e+07,-4.09972e+06,4.09972e+06,1.3579e+07
0,0,0,7.0221e+08,0,3.07852e+07,-3.93847e+06,3.93847e+06,1.3579e+07
0,0,0,7.0221e+08,0,3.07855e+07,-3.93851e+06,3.93851e+06,1.3579e+07
0,0,0,7.0221e+08,0,3.07858e+07,-3.93855e+06,3.93855e+06,1.3579e+07
0,0,0,7.0221e+08,0,3.07862e+07,-3.93859e+06,3.93859e+06,1.3579e+07
0,0,0,7.0221e+08,0,2.96824e+07,-3.79738e+06,3.79738e+06,1.3579e+07
0,0,0,7.0221e+08,0,2.96827e+07,-3.79742e+06,3.79742e+06,1.3579e+07
0,0,0,7.0221e+08,0,2.9683e+07,-3.79746e+06,3.79746e+06,1.3579e+07
0,0,0,7.0221e+08,0,2.96833e+07,-3.7975e+06,3.7975e+06,1.3579e+07
0,0,0,7.0221e+08,0,2.70811e+07,-3.46459e+06,3.46459e+06,1.3579e+07
0,0,0,7.0221e+08,0,2.70814e+07,-3.46462e+06,3.46462e+06,1.3579e+07
0,0,0,7.0221e+08,0,2.70817e+07,-3.46466e+06,3.46466e+06,1.3579e+07
0,0,0,7.0221e+08,0,2.70819e+07,-3.46469e+06,3.46469e+06,1.3579e+07
0,0,0,7.0221e+08,0,2.70822e+07,-3.46473e+06,3.46473e+06,1.3579e+07
0,0,0,7.0221e+08,0,2.7944e+07,-3.57498e+06,3.57498e+06,1.3579e+07
0,0,0,7.0221e+08,0,2.79441e+07,-3.57499e+06,3.57499e+06,1.3579e+07
0,0,0,7.0221e+08,0,2.79441e+07,-3.57499e+06,3.57499e+06,1.3579e+07
0,0,0,7.0221e+08,0,2.79441e+07,-3.575e+06,3.575e+06,1.3579e+07
0,0,0,7.0221e+08,0,3.09415e+07,-3.95847e+06,3.95847e+06,1.3579e+07
0,0,0,7.0221e+08,0,3.09416e+07,-3.95847e+06,3.95847e+06,1.3579e+07
0,0,0,7.0221e+08,0,3.09416e+07,-3.95848e+06,3.95848e+06,1.3579e+07
0,0,0,7.0221e+08,0,3.09417e+07,-3.95848e+06,3.95848e+06,1.3579e+07
0,0,0,7.0221e+08,0,2.68009e+07,-3.42874e+06,3.42874e+06,1.3579e+07
0,0,0,7.0221e+08,0,2.68009e+07,-3.42874e+06,3.42874e+06,1.3579e+07
0,0,0,7.0221e+08,0,2.6801e+07,-3.42875e+06,3.42875e+06,1.3579e+07
0,0,0,7.0221e+08,0,2.6801e+07,-3.42875e+06,3.42875e+06,1.3579e+07
0,0,0,7.0221e+08,0,2.68011e+07,-3.42876e+06,3.42876e+06,1.3579e+07
0,0,0,7.0221e+08,0,2.78283e+07,-3.56017e+06,3.56017e+06,1.3579e+07
0,0,0,7.0221e+08,0,2.78283e+07,-3.56018e+06,3.56018e+06,1.3579e+07
0,0,0,7.0221e+08,0,2.78283e+07,-3.56018e+06,3.56018e+06,1.3579e+07
0,0,0,7.0221e+08,0,2.78284e+07,-3.56019e+06,3.56019e+06,1.3579e+07
0,0,0,7.0221e+08,0,2.74282e+07,-3.50899e+06,3.50899e+06,1.3579e+07
0,0,0,7.0221e+08,0,2.74282e+07,-3.50899e+06,3.50899e+06,1.3579e+07
0,0,0,7.0221e+08,0,2.74282e+07,-3.509e+06,3.509e+06,1.3579e+07
0,0,0,7.0221e+08,0,2.74283e+07,-3.509e+06,3.509e+06,1.3579e+07
0,0,0,7.0221e+08,0,2.88178e+07,-3.68677e+06,3.68677e+06,1.3579e+07
0,0,0,7.0221e+08,0,2.88179e+07,-3.68678e+06,3.68678e+06,1.3579e+07
0,0,0,7.0221e+08,0,2.88179e+07,-3.68678e+06,3.68678e+06,1.3579e+07
0,0,0,7.0221e+08,0,2.88179e+07,-3.68679e+06,3.68679e+06,1.3579e+07
0,0,0,7.0221e+08,0,2.8818e+07,-3.68679e+06,3.68679e+06,1.3579e+07
0,0,0,7.0221e+08,0,2.90821e+07,-3.72058e+06,3.72058e+06,1.3579e+07
0,0,0,7.0221e+08,0,2.90821e+07,-3.72058e+06,3.72058e+06,1.3579e+07
0,0,0,7.0221e+08,0,2.90821e+07,-3.72059e+06,3.72059e+06,1.3579e+07
0,0,0,7.0221e+08,0,2.90822e+07,-3.72059e+06,3.72059e+06,1.3579e+07
0,0,0,7.0221e+08,0,2.97768e+07,-3.80946e+06,3.80946e+06,1.3579e+07
0,0,0,7.0221e+08,0,2.97768e+07,-3.80946e+06,3.80946e+06,1.3579e+07
0,0,0,7.0221e+08,0,2.97769e+07,-3.80947e+06,3.80947e+06,1.3579e+07
0,0,0,7.0221e+08,0,2.97769e+07,-3.80947e+06,3.80947e+06,1.3579e+07
0,0,0,7.0221e+08,0,3.20515e+07,-4.10047e+06,4.10047e+06,1.3579e+07
0,0,0,7.0221e+08,0,3.20516e+07,-4.10048e+06,4.10048e+06,1.3579e+07
0,0,0,7.0221e+08,0,3.20516e+07,-4.10049e+06,4.10049e+06,1.3579e+07
0,0,0,7.0221e+08,0,3.20517e+07,-4.10049e+06,4.10049e+06,1.3579e+07
0,0,0,7.0221e+08,0,3.20517e+07,-4.1005e+06,4.1005e+06,1.3579e+07
0,0,0,7.0221e+08,0,3.07908e+07,-3.93918e+06,3.93918e+06,1.3579e+07
0,0,0,7.0221e+08,0,3.07908e+07,-3.93918e+06,3.93918e+06,1.3579e+07
0,0,0,7.0221e+08,0,3.07909e+07,-3.93919e+06,3.93919e+06,1.3579e+07
0,0,0,7.0221e+08,0,3.07909e+07,-3.93919e+06,3.93919e+06,1.3579e+07
0,0,0,7.0221e+08,0,2.96867e+07,-3.79793e+06,3.79793e+06,1.3579e+07
0,0,0,7.0221e+08,0,2.96867e+07,-3.79793e+06,3.79793e+06,1.3579e+07
0,0,0,7.0221e+08,0,2.96868e+07,-3.79794e+06,3.79794e+06,1.3579e+07
0,0,0,7.0221e+08,0,2.96868e+07,-3.79794e+06,3.79794e+06,1.3579e+07
0,0,0,7.0221e+08,0,2.7084e+07,-3.46496e+06,3.46496e+06,1.3579e+07
0,0,0,7.0221e+08,0,2.70841e+07,-3.46497e+06,3.46497e+06,1.3579e+07
0,0,0,7.0221e+08,0,2.70841e+07,-3.46497e+06,3.46497e+06,1.3579e+07
0,0,0,7.0221e+08,0,2.70842e+07,-3.46498e+06,3.46498e+06,1.3579e+07
0,0,0,7.0221e+08,0,2.70842e+07,-3.46498e+06,3.46498e+06,1.3579e+07
0,0,0,7.0221e+08,0,2.79458e+07,-3.57521e+06,3.57521e+06,1.3579e+07
0,0,0,7.0221e+08,0,2.79456e+07,-3.57518e+06,3.57518e+06,1.3579e+07
0,0,0,7.0221e+08,0,2.79454e+07,-3.57516e+06,3.57516e+06,1.3579e+07
0,0,0,7.0221e+08,0,2.79452e+07,-3.57513e+06,3.57513e+06,1.3579e+07
0,0,0,7.0221e+08,0,3.09424e+07,-3.95858e+06,3.95858e+06,1.3579e+07
0,0,0,7.0221e+08,0,3.09422e+07,-3.95855e+06,3.95855e+06,1.3579e+07
0,0,0,7.0221e+08,0,3.09419e+07,-3.95852e+06,3.95852e+06,1.3579e+07
0,0,0,7.0221e+08,0,3.09417e+07,-3.95849e+06,3.95849e+06,1.3579e+07
0,0,0,7.0221e+08,0,2.68007e+07,-3.42871e+06,3.42871e+06,1.3579e+07
0,0,0,7.0221e+08,0,2.68005e+07,-3.42869e+06,3.42869e+06,1.3579e+07
0,0,0,7.0221e+08,0,2.68003e+07,-3.42866e+06,3.42866e+06,1.3579e+07
0,0,0,7.0221e+08,0,2.68001e+07,-3.42863e+06,3.42863e+06,1.3579e+07
0,0,0,7.0221e+08,0,2.67999e+07,-3.42861e+06,3.42861e+06,1.3579e+07
0,0,0,7.0221e+08,0,2.78268e+07,-3.55998e+06,3.55998e+06,1.3579e+07
0,0,0,7.0221e+08,0,2.78266e+07,-3.55996e+06,3.55996e+06,1.3579e+07
0,0,0,7.0221e+08,0,2.78264e+07,-3.55993e+06,3.55993e+06,1.3579e+07
0,0,0,7.0221e+08,0,2.78261e+07,-3.5599e+06,3.5599e+06,1.3579e+07
0,0,0,7.0221e+08,0,2.74257e+07,-3.50867e+06,3.50867e+06,1.3579e+07
0,0,0,7.0221e+08,0,2.74255e+07,-3.50865e+06,3.50865e+06,1.3579e+07
0,0,0,7.0221e+08,0,2.74253e+07,-3.50862e+06,3.50862e+06,1.3579e+07
0,0,0,7.0221e+08,0,2.74251e+07,-3.50859e+06,3.50859e+06,1.3579e+07
0,0,0,7.0221e+08,0,2.88142e+07,-3.68631e+06,3.68631e+06,1.3579e+07
0,0,0,7.0221e+08,0,2.8814e+07,-3.68628e+06,3.68628e+06,1.3579e+07
0,0,0,7.0221e+08,0,2.88138e+07,-3.68625e+06,3.68625e+06,1.3579e+07
0,0,0,7.0221e+08,0,2.88136e+07,-3.68623e+06,3.68623e+06,1.3579e+07
0,0,0,7.0221e+08,0,2.88133e+07,-3.6862e+06,3.6862e+06,1.3579e+07
0,0,0,7.0221e+08,0,2.90771e+07,-3.71994e+06,3.71994e+06,1.3579e+07
0,0,0,7.0221e+08,0,2.90769e+07,-3.71992e+06,3.71992e+06,1.3579e+07
0,0,0,7.0221e+08,0,2.90767e+07,-3.71989e+06,3.71989e+06,1.3579e+07
0,0,0,7.0221e+08,0,2.90765e+07,-3.71986e+06,3.71986e+06,1.3579e+07
0,0,0,7.0221e+08,0,2.97707e+07,-3.80867e+06,3.80867e+06,1.3579e+07
0,0,0,7.0221e+08,0,2.97704e+07,-3.80865e+06,3.80865e+06,1.3579e+07
0,0,0,7.0221e+08,0,2.97702e+07,-3.80862e+06,3.80862e+06,1.3579e+07
0,0,0,7.0221e+08,0,2.977e+07,-3.80859e+06,3.80859e+06,1.3579e+07
0,0,0,7.0221e+08,0,3.20438e+07,-4.09948e+06,4.09948e+06,1.3579e+07
0,0,0,7.0221e+08,0,3.20435e+07,-4.09945e+06,4.09945e+06,1.3579e+07
0,0,0,7.0221e+08,0,3.20433e+07,-4.09942e+06,4.09942e+06,1.3579e+07
0,0,0,7.0221e+08,0,3.20431e+07,-4.09939e+06,4.09939e+06,1.3579e+07
0,0,0,7.0221e+08,0,3.20428e+07,-4.09936e+06,4.09936e+06,1.3579e+07
0,0,0,7.0221e+08,0,3.07819e+07,-3.93805e+06,3.93805e+06,1.3579e+07
0,0,0,7.0221e+08,0,3.07817e+07,-3.93802e+06,3.93802e+06,1.3579e+07
0,0,0,7.0221e+08,0,3.07815e+07,-3.93799e+06,3.93799e+06,1.3579e+07
0,0,0,7.0221e+08,0,3.07812e+07,-3.93796e+06,3.93796e+06,1.3579e+07
0,0,0,7.0221e+08,0,2.96771e+07,-3.7967e+06,3.7967e+06,1.3579e+07
0,0,0,7.0221e+08,0,2.96769e+07,-3.79667e+06,3.79667e+06,1.3579e+07
0,0,0,7.0221e+08,0,2.96766e+07,-3.79664e+06,3.79664e+06,1.3579e+07
0,0,0,7.0221e+08,0,2.96764e+07,-3.79662e+06,3.79662e+06,1.3579e+07
0,0,0,7.0221e+08,0,2.70743e+07,-3.46372e+06,3.46372e+06,1.3579e+07
0,0,0,7.0221e+08,0,2.70741e+07,-3.46369e+06,3.46369e+06,1.3579e+07
0,0,0,7.0221e+08,0,2.70739e+07,-3.46367e+06,3.46367e+06,1.3579e+07
0,0,0,7.0221e+08,0,2.70737e+07,-3.46364e+06,3.46364e+06,1.3579e+07
0,0,0,7.0221e+08,0,2.70735e+07,-3.46361e+06,3.46361e+06,1.3579e+07
0,0,0,7.0221e+08,0,2.79345e+07,-3.57377e+06,3.57377e+06,1.3579e+07
0,0,0,7.0221e+08,0,2.79341e+07,-3.57371e+06,3.57371e+06,1.3579e+07
0,0,0,7.0221e+08,0,2.79336e+07,-3.57365e+06,3.57365e+06,1.3579e+07
0,0,0,7.0221e+08,0,2.79331e+07,-3.57359e+06,3.57359e+06,1.3579e+07
0,0,0,7.0221e+08,0,3.09288e+07,-3.95684e+06,3.95684e+06,1.3579e+07
0,0,0,7.0221e+08,0,3.09283e+07,-3.95677e+06,3.95677e+06,1.3579e+07
0,0,0,7.0221e+08,0,3.09278e+07,-3.95671e+06,3.95671e+06,1.3579e+07
0,0,0,7.0221e+08,0,3.09273e+07,-3.95664e+06,3.95664e+06,1.3579e+07
0,0,0,7.0221e+08,0,2.67879e+07,-3.42708e+06,3.42708e+06,1.3579e+07
0,0,0,7.0221e+08,0,2.67875e+07,-3.42703e+06,3.42703e+06,1.3579e+07
0,0,0,7.0221e+08,0,2.67871e+07,-3.42697e+06,3.42697e+06,1.3579e+07
0,0,0,7.0221e+08,0,2.67866e+07,-3.42691e+06,3.42691e+06,1.3579e+07
0,0,0,7.0221e+08,0,2.67862e+07,-3.42686e+06,3.42686e+06,1.3579e+07
0,0,0,7.0221e+08,0,2.78123e+07,-3.55813e+06,3.55813e+06,1.3579e+07
0,0,0,7.0221e+08,0,2.78119e+07,-3.55807e+06,3.55807e+06,1.3579e+07
0,0,0,7.0221e+08,0,2.78114e+07,-3.55802e+06,3.55802e+06,1.3579e+07
0,0,0,7.0221e+08,0,2.78109e+07,-3.55796e+06,3.55796e+06,1.3579e+07
0,0,0,7.0221e+08,0,2.74105e+07,-3.50673e+06,3.50673e+06,1.3579e+07
0,0,0,7.0221e+08,0,2.741e+07,-3.50667e+06,3.50667e+06,1.3579e+07
0,0,0,7.0221e+08,0,2.74096e+07,-3.50661e+06,3.50661e+06,1.3579e+07
0,0,0,7.0221e+08,0,2.74091e+07,-3.50655e+06,3.50655e+06,1.3579e+07
0,0,0,7.0221e+08,0,2.87972e+07,-3.68413e+06,3.68413e+06,1.3579e+07
0,0,0,7.0221e+08,0,2.87967e+07,-3.68407e+06,3.68407e+06,1.3579e+07
0,0,0,7.0221e+08,0,2.87962e+07,-3.68401e+06,3.68401e+06,1.3579e+07
0,0,0,7.0221e+08,0,2.87957e+07,-3.68395e+06,3.68395e+06,1.3579e+07
0,0,0,7.0221e+08,0,2.87953e+07,-3.68389e+06,3.68389e+06,1.3579e+07
0,0,0,7.0221e+08,0,2.90586e+07,-3.71758e+06,3.71758e+06,1.3579e+07
0,0,0,7.0221e+08,0,2.90581e+07,-3.71752e+06,3.71752e+06,1.3579e+07
0,0,0,7.0221e+08,0,2.90577e+07,-3.71746e+06,3.71746e+06,1.3579e+07
0,0,0,7.0221e+08,0,2.90572e+07,-3.71739e+06,3.71739e+06,1.3579e+07
0,0,0,7.0221e+08,0,2.97507e+07,-3.80612e+06,3.80612e+06,1.3579e+07
0,0,0,7.0221e+08,0,2.97502e+07,-3.80605e+06,3.80605e+06,1.3579e+07
0,0,0,7.0221e+08,0,2.97497e+07,-3.80599e+06,3.80599e+06,1.3579e+07
0,0,0,7.0221e+08,0,2.97492e+07,-3.80593e+06,3.80593e+06,1.3579e+07
0,0,0,7.0221e+08,0,3.20211e+07,-4.09658e+06,4.09658e+06,1.3579e+07
0,0,0,7.0221e+08,0,3.20206e+07,-4.09652e+06,4.09652e+06,1.3579e+07
0,0,0,7.0221e+08,0,3.20201e+07,-4.09645e+06,4.09645e+06,1.3579e+07
0,0,0,7.0221e+08,0,3.20195e+07,-4.09638e+06,4.09638e+06,1.3579e+07
0,0,0,7.0221e+08,0,3.2019e+07,-4.09631e+06,4.09631e+06,1.3579e+07
0,0,0,7.0221e+08,0,3.07588e+07,-3.93509e+06,3.93509e+06,1.3579e+07
0,0,0,7.0221e+08,0,3.07583e+07,-3.93502e+06,3.93502e+06,1.3579e+07
0,0,0,7.0221e+08,0,3.07578e+07,-3.93496e+06,3.93496e+06,1.3579e+07
0,0,0,7.0221e+08,0,3.07573e+07,-3.93489e+06,3.93489e+06,1.3579e+07
0,0,0,7.0221e+08,0,2.96537e+07,-3.79371e+06,3.79371e+06,1.3579e+07
0,0,0,7.0221e+08,0,2.96532e+07,-3.79365e+06,3.79365e+06,1.3579e+07
0,0,0,7.0221e+08,0,2.96527e+07,-3.79359e+06,3.79359e+06,1.3579e+07
