0volume,0demand,0up_spill,0ww_inflow,0catch_inflow,0evap,0ds_spill,0treat_cap,1volume,1demand,1up_spill,1ww_inflow,1catch_inflow,1evap,1ds_spill,1treat_cap,2volume,2s_area,2demand,2up_spill,2ww_inflow,2catch_inflow,2evap,2ds_spill,2treat_cap,2valloc_0,2talloc_0,2valloc_1,2talloc_1,3volume,3demand,3up_spill,3ww_inflow,3catch_inflow,3evap,3ds_spill,3treat_cap,3valloc_0,3talloc_0,3valloc_1,3talloc_1,3valloc_2,3talloc_2,4demand,4up_spill,4ww_inflow,4catch_inflow,4ds_spill,4treat_cap,11volume,11s_area,11demand,11up_spill,11ww_inflow,11catch_inflow,11evap,11ds_spill,11treat_cap
72.29,1.8639,0,0,4.75138,0.32086,2.56662,3.6288,61.308,0,0,0,3.19907,0.193565,3.00551,0.66528,12.849,1,0.331294,2.56662,0,104.064,4.62099,101.679,0.84672,12.849,0.84672,3695.15,0,18.483,0,4.09764,0,12.2082,1.10203,15.2038,0.42336,18.483,0.42336,0,0,442.007,0,0.995756,0,0,5.09339,4.09764,1.028160,1,0,119.888,0,0,0,119.888,0
72.29,1.86455,0,0,4.42695,0.310959,2.25145,3.6288,61.308,0,0,0,2.01751,0.176148,1.84136,0.66528,12.849,1,0.331409,2.25145,0,98.2385,4.4373,95.7213,0.84672,12.849,0.84672,3695.15,0,18.483,0,3.70014,1.1807,10.0478,0.969649,13.959,0.42336,18.483,0.42336,0,0,442.007,0,0.996101,0,0,4.69624,3.70014,1.028160,1,0,111.522,0,0,0,111.522,0
72.29,1.86519,0,0,3.71287,0.310959,1.53672,3.6288,61.308,0,0,0,1.72205,0.176148,1.5459,0.66528,12.849,1,0.331524,1.53672,0,81.6022,4.4373,78.3701,0.84672,12.849,0.84672,3695.15,0,18.483,0,3.03727,1.18111,9.086,0.969649,12.3347,0.42336,18.483,0.42336,0,0,442.007,0,0.996445,0,0,4.03371,3.03727,1.028160,1,0,92.2507,0,0,0,92.2507,0
72.29,1.86584,0,0,3.54948,0.310959,1.37269,3.6288,61.308,0,0,0,1.74366,0.176148,1.56752,0.66528,12.849,1,0.331638,1.37269,0,77.4688,4.4373,74.0726,0.84672,12.849,0.84672,3695.15,0,18.483,0,3.10337,1.18152,9.288,0.969649,12.6032,0.42336,18.483,0.42336,0,0,442.007,0,0.99679,0,0,4.10016,3.10337,1.028160,1,0,88.2433,0,0,0,88.2433,0
72.29,2.04853,0,0,5.26827,0.36944,2.8503,3.6288,61.308,0.0862168,0,0,2.8131,0.186127,2.54075,0.66528,12.849,1,0.364112,2.8503,0,151.735,4.45098,149.77,0.84672,12.849,0.84672,3695.15,0,18.483,0,4.11416,1.18193,13.9355,1.10592,18.1257,0.42336,18.483,0.42336,0,0,442.007,0,1.02816,0,0,5.14232,4.11416,1.028160,1,0,170.436,0,0,0,170.436,0
72.29,2.04924,0,0,6.75201,0.368513,4.33426,3.6288,61.308,0.0866023,0,0,4.3884,0.183682,4.11812,0.66528,12.849,1,0.364237,4.33426,0,165.821,4.24121,165.55,0.84672,12.849,0.84672,3695.15,0,18.483,0,5.81107,1.3131,17.4336,1.05106,23.5067,0.42336,18.483,0.42336,0,0,442.007,0,1.02816,0,0,6.83923,5.81107,1.028160,1,0,193.175,0,0,0,193.175,0
72.29,2.04995,0,0,13.753,0.367629,11.3354,3.6288,61.308,0.0869879,0,0,6.44118,0.162999,6.19119,0.66528,12.849,1,0.364363,11.3354,0,196.363,3.97414,203.36,0.84672,12.849,0.84672,3695.15,0,18.483,0,9.10103,1.31355,32.3716,0.9947,41.7915,0.42336,18.483,0.42336,0,0,442.007,0,1.02816,0,0,10.1292,9.10103,1.028160,1,0,251.343,0,0,0,251.343,0
72.29,2.05066,0,0,5.44698,0.367629,3.02869,3.6288,61.308,0.0873735,0,0,3.09406,0.162999,2.84369,0.66528,12.849,1,0.364489,3.02869,0,231.09,3.97414,229.78,0.84672,12.849,0.84672,3695.15,0,18.483,0,4.36388,1.31401,14.1562,0.9947,18.8394,0.42336,18.483,0.42336,0,0,442.007,0,1.02816,0,0,5.39204,4.36388,1.028160,1,0,251.463,0,0,0,251.463,0
72.29,1.79135,0,0,7.58857,0.371877,5.42535,3.6288,61.308,0,0,0,3.40507,0.161872,3.24319,0.66528,12.849,1,0.318398,5.42535,0,182.971,3.98501,184.093,0.84672,12.849,0.84672,3695.15,0,18.483,0,4.79745,1.31446,17.4481,0.993986,22.5661,0.42336,18.483,0.42336,0,0,442.007,0,0.958362,0,0,5.75581,4.79745,1.028160,1,0,209.902,0,0,0,209.902,0
72.29,1.79197,0,0,9.54098,0.375063,7.37395,3.6288,61.308,0,0,0,4.25959,0.161028,4.09856,0.66528,12.849,1,0.318508,7.37395,0,241.82,3.99315,244.882,0.84672,12.849,0.84672,3695.15,0,18.483,0,6.1617,1.1358,21.736,0.99345,28.04,0.42336,18.483,0.42336,0,0,442.007,0,0.958693,0,0,7.1204,6.1617,1.028160,1,0,277.021,0,0,0,277.021,0
72.29,1.79258,0,0,11.3743,0.375063,9.20665,3.6288,61.308,0,0,0,5.73064,0.161028,5.56961,0.66528,12.849,1,0.318618,9.20665,0,270.477,3.99315,275.372,0.84672,12.849,0.84672,3695.15,0,18.483,0,6.73299,1.13619,27.3701,0.99345,34.2458,0.42336,18.483,0.42336,0,0,442.007,0,0.959024,0,0,7.69202,6.73299,1.028160,1,0,315.187,0,0,0,315.187,0
72.29,1.7932,0,0,13.1965,0.363735,11.0395,3.6288,61.308,0,0,0,6.95885,0.155011,6.80383,0.66528,12.849,1,0.318728,11.0395,0,328.436,3.90596,335.251,0.84672,12.849,0.84672,3695.15,0,18.483,0,10.317,1.13658,32.8684,0.980924,43.341,0.42336,18.483,0.42336,0,0,442.007,0,0.959356,0,0,11.2763,10.317,1.028160,1,0,385.395,0,0,0,385.395,0
72.29,1.79382,0,0,9.87716,0.310206,7.77313,3.6288,61.308,0,0,0,4.69914,0.147816,4.55132,0.66528,12.849,1,0.318839,7.77313,0,270.411,3.73506,274.13,0.84672,12.849,0.84672,3695.15,0,18.483,0,6.30249,1.13697,25.4744,1.00119,31.9127,0.42336,18.483,0.42336,0,0,442.007,0,0.959688,0,0,7.26218,6.30249,1.028160,1,0,310.595,0,0,0,310.595,0
72.29,1.86001,0,0,12.9243,0.287057,10.7772,3.6288,61.308,0,0,0,6.71789,0.187631,6.53026,0.66528,12.849,1,0.330603,10.7772,0,325.25,4.0447,331.652,0.84672,12.849,0.84672,3695.15,0,18.483,0,7.39366,1.13737,31.2183,1.14449,38.6048,0.42336,18.483,0.42336,0,0,442.007,0,0.99863,0,0,8.39229,7.39366,1.028160,1,0,376.787,0,0,0,376.787,0
72.29,1.86065,0,0,10.1911,0.287057,8.04343,3.6288,61.308,0,0,0,5.08365,0.187631,4.89602,0.66528,12.849,1,0.330717,8.04343,0,253.633,4.0447,257.301,0.84672,12.849,0.84672,3695.15,0,18.483,0,6.64069,1.18206,21.2759,1.14449,27.9542,0.42336,18.483,0.42336,0,0,442.007,0,0.998976,0,0,7.63966,6.64069,1.028160,1,0,290.151,0,0,0,290.151,0
72.29,1.8613,0,0,9.34157,0.287057,7.19322,3.6288,61.308,0,0,0,4.89619,0.187631,4.70856,0.66528,12.849,1,0.330831,7.19322,0,235.012,4.0447,237.83,0.84672,12.849,0.84672,3695.15,0,18.483,0,6.55074,1.18247,19.2478,1.14449,25.8366,0.42336,18.483,0.42336,0,0,442.007,0,0.999321,0,0,7.55006,6.55074,1.028160,1,0,268.375,0,0,0,268.375,0
72.29,1.86194,0,0,9.18622,0.215335,7.10895,3.6288,61.308,0,0,0,4.27514,0.179276,4.09587,0.66528,12.849,1,0.330945,7.10895,0,222.495,4.20052,225.072,0.84672,12.849,0.84672,3695.15,0,18.483,0,6.61658,1.18288,17.5317,0.995134,24.336,0.42336,18.483,0.42336,0,0,442.007,0,0.999666,0,0,7.61625,6.61658,1.028160,1,0,253.504,0,0,0,253.504,0
72.29,1.83691,0,0,6.93956,0.172192,4.93046,3.6288,61.308,0,0,0,1.92633,0.218621,1.70771,0.66528,12.849,1,0.326497,4.93046,0,177.082,4.339,177.347,0.84672,12.849,0.84672,3695.15,0,18.483,0,3.87506,1.18329,10.7783,1.17151,14.6651,0.42336,18.483,0.42336,0,0,442.007,0,0.984995,0,0,4.86005,3.87506,1.028160,1,0,193.72,0,0,0,193.72,0
72.29,1.83755,0,0,5.66562,0.175669,3.65241,3.6288,61.308,0,0,0,1.51036,0.213666,1.29669,0.66528,12.849,1,0.32661,3.65241,0,123.057,4.21344,122.169,0.84672,12.849,0.84672,3695.15,0,18.483,0,3.27914,1.16643,9.22121,1.15932,12.5075,0.42336,18.483,0.42336,0,0,442.007,0,0.985335,0,0,4.26447,3.27914,1.028160,1,0,135.973,0,0,0,135.973,0
72.29,1.83818,0,0,5.62188,0.175669,3.60803,3.6288,61.308,0,0,0,1.49482,0.213666,1.28116,0.66528,12.849,1,0.326723,3.60803,0,119.24,4.21344,118.308,0.84672,12.849,0.84672,3695.15,0,18.483,0,2.94117,1.16683,8.7842,1.15932,11.7329,0.42336,18.483,0.42336,0,0,442.007,0,0.985675,0,0,3.92685,2.94117,1.028160,1,0,131.322,0,0,0,131.322,0
72.29,1.83882,0,0,5.20532,0.166679,3.19983,3.6288,61.308,0,0,0,1.29669,0.211249,1.08544,0.66528,12.849,1,0.326835,3.19983,0,111.535,4.23367,110.174,0.84672,12.849,0.84672,3695.15,0,18.483,0,2.6471,1.16724,7.87959,1.15212,10.5418,0.42336,18.483,0.42336,0,0,442.007,0,0.986016,0,0,3.63312,2.6471,1.028160,1,0,121.801,0,0,0,121.801,0
72.29,1.92671,0,0,4.70787,0.119618,2.66154,3.6288,61.308,0.0115239,0,0,1.42957,0.208151,1.20989,0.66528,12.849,1,0.342458,2.66154,0,97.3503,4.61595,95.0535,0.84672,12.849,0.84672,3695.15,0,18.483,0,2.85742,1.16764,7.85048,1.08729,10.7882,0.42336,18.483,0.42336,0,0,442.007,0,1.02816,0,0,3.88558,2.85742,1.028160,1,0,107.052,0,0,0,107.052,0
72.29,1.92737,0,0,4.44864,0.102145,2.41912,3.6288,61.308,0.011883,0,0,1.05796,0.231545,0.814532,0.66528,12.849,1,0.342576,2.41912,0,86.0734,5.103,83.047,0.84672,12.849,0.84672,3695.15,0,18.483,0,1.77002,1.2285,6.87986,1.11764,8.76073,0.42336,18.483,0.42336,0,0,442.007,0,1.02816,0,0,2.79818,1.77002,1.028160,1,0,92.6222,0,0,0,92.6222,0
72.29,1.92804,0,0,4.27217,0.102145,2.24199,3.6288,61.308,0.0122421,0,0,1.04685,0.231545,0.803062,0.66528,12.849,1,0.342694,2.24199,0,79.8906,5.103,76.6869,0.84672,12.849,0.84672,3695.15,0,18.483,0,1.77987,1.22893,6.60243,1.11764,8.49358,0.42336,18.483,0.42336,0,0,442.007,0,1.02816,0,0,2.80803,1.77987,1.028160,1,0,85.9836,0,0,0,85.9836,0
72.29,1.9287,0,0,4.05444,0.107062,2.01867,3.6288,61.308,0.0126014,0,0,1.0303,0.230228,0.787473,0.66528,12.849,1,0.342813,2.01867,0,76.5279,5.01839,73.1854,0.84672,12.849,0.84672,3695.15,0,18.483,0,2.00912,1.22935,6.18036,1.12091,8.29793,0.42336,18.483,0.42336,0,0,442.007,0,1.02816,0,0,3.03728,2.00912,1.028160,1,0,82.2708,0,0,0,82.2708,0
72.29,1.92937,0,0,3.67319,0.128943,1.61488,3.6288,61.308,0.0129607,0,0,0.949165,0.229599,0.706605,0.66528,12.849,1,0.342931,1.61488,0,68.1204,4.60988,64.7825,0.84672,12.849,0.84672,3695.15,0,18.483,0,1.71225,1.22977,5.43784,1.1484,7.23147,0.42336,18.483,0.42336,0,0,442.007,0,1.02816,0,0,2.74041,1.71225,1.028160,1,0,72.7206,0,0,0,72.7206,0
72.29,1.91275,0,0,2.98585,0.0832103,0.989885,3.6288,61.308,0.0426805,0,0,0.721017,0.27323,0.405106,0.66528,12.849,1,0.339977,0.989885,0,52.1794,5.20495,47.6243,0.84672,12.849,0.84672,3695.15,0,18.483,0,0.718304,1.2302,3.74687,1.19581,4.49956,0.42336,18.483,0.42336,0,0,442.007,0,1.02816,0,0,1.74646,0.718304,1.028160,1,0,52.529,0,0,0,52.529,0
72.29,1.91341,0,0,2.82476,0.0832103,0.82814,3.6288,61.308,0.0430501,0,0,0.704004,0.27323,0.387724,0.66528,12.849,1,0.340094,0.82814,0,50.6111,5.20495,45.8942,0.84672,12.849,0.84672,3695.15,0,18.483,0,0.602355,1.24949,3.42241,1.19581,4.07844,0.42336,18.483,0.42336,0,0,442.007,0,1.02816,0,0,1.63051,0.602355,1.028160,1,0,50.3604,0,0,0,50.3604,0
72.29,1.91407,0,0,2.68892,0.0736409,0.701211,3.6288,61.308,0.0434199,0,0,0.679691,0.288775,0.347497,0.66528,12.849,1,0.340212,0.701211,0,48.5823,5.42212,43.5212,0.84672,12.849,0.84672,3695.15,0,18.483,0,0.585083,1.24992,3.29676,1.26931,3.86246,0.42336,18.483,0.42336,0,0,442.007,0,1.02816,0,0,1.61324,0.585083,1.028160,1,0,47.7311,0,0,0,47.7311,0
72.29,1.91473,0,0,2.53691,0.0595723,0.562607,3.6288,61.308,0.0437897,0,0,0.655716,0.308703,0.303223,0.66528,12.849,1,0.340329,0.562607,0,46.0192,5.98335,40.2582,0.84672,12.849,0.84672,3695.15,0,18.483,0,0.631541,1.25036,3.26999,1.40767,3.74422,0.42336,18.483,0.42336,0,0,442.007,0,1.02816,0,0,1.6597,0.631541,1.028160,1,0,44.3056,0,0,0,44.3056,0
72.1116,1.96009,0,0,2.21531,0.0706937,0.36288,3.6288,61.308,0.0703624,0,0,0.600509,0.281239,0.248907,0.66528,12.849,1,0.348392,0.36288,0,40.2635,5.20132,35.0767,0.84672,12.849,0.84672,3695.15,0,18.483,0,0.359813,1.25079,3.19282,1.23146,3.57196,0.42336,18.483,0.42336,0,0,442.007,0,1.02816,0,0,1.38797,0.359813,1.028160,1,0,38.8976,0,0,0,38.8976,0
71.7794,1.96004,0,0,2.05245,0.0617803,0.36288,3.6288,61.308,0.0707415,0,0,0.544468,0.315907,0.157819,0.66528,12.849,1,0.349244,0.36288,0,35.5791,5.67168,29.921,0.84672,12.849,0.84672,3695.15,0,18.483,0,0.377741,1.28133,2.6922,1.40478,2.94649,0.42336,18.483,0.42336,0,0,442.007,0,1.02816,0,0,1.4059,0.377741,1.028160,1,0,33.0254,0,0,0,33.0254,0
71.6247,1.95934,0,0,2.22915,0.0616244,0.36288,3.6288,61.308,0.0711206,0,0,0.563694,0.315907,0.176667,0.66528,12.849,1,0.350736,0.36288,0,35.9547,5.67168,30.2951,0.84672,12.849,0.84672,3695.15,0,18.483,0,0.521873,1.28177,2.79758,1.40478,3.19645,0.42336,18.483,0.42336,0,0,442.007,0,1.02816,0,0,1.55003,0.521873,1.028160,1,0,33.6682,0,0,0,33.6682,0
71.3453,1.95938,0,0,2.10436,0.0615517,0.36288,3.6288,61.308,0.0714999,0,0,0.558331,0.315907,0.170924,0.66528,12.849,1,0.351499,0.36288,0,42.2479,5.67168,36.5876,0.84672,12.849,0.84672,3695.15,0,18.483,0,0.263269,1.28221,2.94364,1.40478,3.08434,0.42336,18.483,0.42336,0,0,442.007,0,1.02816,0,0,1.29143,0.263269,1.028160,1,0,39.8428,0,0,0,39.8428,0
70.5904,2.08971,0,0,1.77444,0.0767379,0.36288,3.6288,61.308,0.166588,0,0,0.491421,0.31307,0.0117624,0.66528,12.849,1,0.376349,0.36288,0,30.3391,5.5384,24.7872,0.84672,12.849,0.84672,3695.15,0,18.483,0,0.262414,1.28266,2.64941,1.41692,2.77756,0.42336,18.483,0.42336,0,0,442.007,0,1.02816,0,0,1.29057,0.262414,1.028160,1,0,27.5765,0,0,0,27.5765,0
69.43,2.08703,0,0,1.38699,0.0974357,0.36288,3.6288,61.107,0.316878,0,0,0.430905,0.315045,0,0.66528,12.849,1,0.379885,0.36288,0,21.3551,5.46693,15.8711,0.84672,12.849,0.84672,3695.15,0,18.483,0,0.227405,1.3852,2.13201,1.49958,2.24505,0.42336,18.483,0.42336,0,0,442.007,0,0.878282,0,0,1.10569,0.227405,1.028160,1,0,18.1162,0,0,0,18.1162,0
68.3651,2.08239,0,0,1.47695,0.0965666,0.36288,3.6288,61.155,0.167412,0,0,0.530036,0.314644,0,0.66528,12.849,1,0.385375,0.36288,0,27.1751,5.46693,21.6857,0.84672,12.849,0.84672,3695.15,0,18.483,0,0.334627,1.38568,2.38138,1.49958,2.60211,0.42336,18.483,0.42336,0,0,442.007,0,1.02816,0,0,1.36279,0.334627,1.028160,1,0,24.2878,0,0,0,24.2878,0
67.0435,2.07805,0,0,1.21508,0.095769,0.36288,3.6288,60.7572,0.469015,0,0,0.386014,0.31474,0,0.66528,12.849,1,0.390563,0.36288,0,24.8967,5.46693,19.4021,0.84672,12.849,0.84672,3695.15,0,18.483,0,0.204422,1.38616,1.95045,1.49958,2.04146,0.42336,18.483,0.42336,0,0,442.007,0,0.72697,0,0,0.931392,0.204422,1.028160,1,0,21.4435,0,0,0,21.4435,0
66.0277,2.0723,0,0,1.51419,0.0947792,0.36288,3.6288,60.9437,0.168237,0,0,0.668696,0.313948,0,0.66528,12.849,1,0.397161,0.36288,0,24.2683,5.46693,18.7671,0.84672,12.849,0.84672,3695.15,0,18.483,0,0.812402,1.38664,3.04207,1.49958,3.74153,0.42336,18.483,0.42336,0,0,442.007,0,1.02816,0,0,1.84056,0.812402,1.028160,1,0,22.5086,0,0,0,22.5086,0
64.2678,2.00481,0,0,0.741105,0.133323,0.36288,3.6288,60.247,0.587354,0,0,0.218949,0.328351,0,0.66528,12.849,1,0.390136,0.36288,0,19.871,5.68197,14.1617,0.84672,12.849,0.84672,3695.15,0,18.483,0,0.204422,1.38711,1.75833,1.59934,1.75052,0.42336,18.483,0.42336,0,0,442.007,0,0.551871,0,0,0.756294,0.204422,1.028160,1,0,15.9123,0,0,0,15.9123,0
62.5524,1.99659,0,0,0.841044,0.196971,0.36288,3.6288,59.5305,0.648739,0,0,0.211194,0.27892,0,0.66528,12.849,1,0.399177,0.36288,0,16.7632,5.29547,11.4314,0.84672,12.849,0.84672,3695.15,0,18.483,0,0.216518,1.32898,1.32595,1.46659,1.40485,0.42336,18.483,0.42336,0,0,442.007,0,0.49088,0,0,0.707398,0.216518,1.028160,1,0,12.8362,0,0,0,12.8362,0
61.1197,1.9882,0,0,1.11264,0.194241,0.36288,3.6288,59.15,0.377609,0,0,0.274751,0.277648,0,0.66528,12.849,1,0.408399,0.36288,0,24.4025,5.29547,19.0615,0.84672,12.849,0.84672,3695.15,0,18.483,0,0.216518,1.32944,1.90351,1.46659,1.98288,0.42336,18.483,0.42336,0,0,442.007,0,0.762402,0,0,0.978921,0.216518,1.028160,1,0,21.0444,0,0,0,21.0444,0
60.0319,1.98097,0,0,1.44796,0.191961,0.36288,3.6288,59.1496,0.112245,0,0,0.38878,0.276973,0,0.66528,12.849,1,0.416453,0.36288,0,47.7808,5.29547,42.4318,0.84672,12.849,0.84672,3695.15,0,18.483,0,0.343483,1.32989,2.26047,1.46659,2.46725,0.42336,18.483,0.42336,0,0,442.007,0,1.02816,0,0,1.37164,0.343483,1.028160,1,0,44.8991,0,0,0,44.8991,0
58.6414,1.9244,0,0,1.13924,0.242457,0.36288,3.6288,59.2648,0.0601496,0,0,0.42128,0.245863,0,0.66528,12.849,1,0.411892,0.36288,0,46.1441,4.40628,41.6888,0.84672,12.849,0.84672,3695.15,0,18.483,0,0.270035,1.33035,3.25159,1.23592,3.61605,0.42336,18.483,0.42336,0,0,442.007,0,1.02816,0,0,1.29819,0.270035,1.028160,1,0,45.3048,0,0,0,45.3048,0
57.283,1.91705,0,0,1.17134,0.249815,0.36288,3.6288,59.5852,0.0605248,0,0,0.613422,0.232493,0,0.66528,12.849,1,0.420048,0.36288,0,37.1549,3.76215,33.3356,0.84672,12.849,0.84672,3695.15,0,18.483,0,0.543983,1.27865,3.81684,1.05271,4.58677,0.42336,18.483,0.42336,0,0,442.007,0,1.02816,0,0,1.57214,0.543983,1.028160,1,0,37.9224,0,0,0,37.9224,0
56.439,1.90957,0,0,1.67505,0.246527,0.36288,3.6288,59.8673,0.0609,0,0,0.575923,0.23297,0,0.66528,12.849,1,0.428332,0.36288,0,46.0643,3.76215,42.2367,0.84672,12.849,0.84672,3695.15,0,18.483,0,0.377888,1.27909,4.37003,1.05271,4.9743,0.42336,18.483,0.42336,0,0,442.007,0,1.02816,0,0,1.40605,0.377888,1.028160,1,0,47.211,0,0,0,47.211,0
58.3172,1.90501,0,0,4.39056,0.244484,0.36288,3.6288,61.2952,0.0612753,0,0,1.72256,0.23339,0,0.66528,12.849,1,0.433698,0.36288,0,102.366,3.76215,98.5329,0.84672,12.849,0.84672,3695.15,0,18.483,0,3.80232,1.27953,8.83902,1.05271,12.8682,0.42336,18.483,0.42336,0,0,442.007,0,1.02816,0,0,4.83048,3.80232,1.028160,1,0,111.401,0,0,0,111.401,0
58.3059,1.77274,0,0,2.37748,0.253146,0.36288,3.6288,61.308,0,0,0,1.04677,0.231211,0.802744,0.66528,12.849,1,0.390587,0.36288,0,90.7001,3.97698,86.6954,0.84672,12.849,0.84672,3695.15,0,18.483,0,2.03474,1.27997,4.68317,1.06976,6.92812,0.42336,18.483,0.42336,0,0,442.007,0,0.980343,0,0,3.01508,2.03474,1.028160,1,0,94.4263,0,0,0,94.4263,0
56.9313,1.77329,0,0,1.02494,0.263406,0.36288,3.6288,61.308,0,0,0,0.707642,0.220468,0.487173,0.66528,12.849,1,0.390783,0.36288,0,92.6605,4.51406,88.1186,0.84672,12.849,0.84672,3695.15,0,18.483,0,1.03044,1.16282,3.61866,1.11237,4.69955,0.42336,18.483,0.42336,0,0,442.007,0,0.980681,0,0,2.01112,1.03044,1.028160,1,0,93.3053,0,0,0,93.3053,0
56.1319,1.7662,0,0,1.58957,0.259886,0.36288,3.6288,61.308,0,0,0,0.895811,0.220468,0.675342,0.66528,12.849,1,0.398619,0.36288,0,79.9762,4.51406,75.4264,0.84672,12.849,0.84672,3695.15,0,18.483,0,1.90444,1.16322,4.22987,1.11237,6.18515,0.42336,18.483,0.42336,0,0,442.007,0,0.981018,0,0,2.88546,1.90444,1.028160,1,0,82.2869,0,0,0,82.2869,0
55.697,1.76219,0,0,1.94804,0.257839,0.36288,3.6288,61.308,0,0,0,0.855723,0.220468,0.635254,0.66528,12.849,1,0.403377,0.36288,0,101.33,4.51406,96.7754,0.84672,12.849,0.84672,3695.15,0,18.483,0,1.79033,1.16362,4.34858,1.11237,6.19016,0.42336,18.483,0.42336,0,0,442.007,0,0.981356,0,0,2.77169,1.79033,1.028160,1,0,103.601,0,0,0,103.601,0
56.0435,1.76023,0,0,2.74135,0.271797,0.36288,3.6288,61.308,0,0,0,1.22374,0.207466,1.01627,0.66528,12.849,1,0.406076,0.36288,0,105.663,3.6549,101.965,0.84672,12.849,0.84672,3695.15,0,18.483,0,1.53004,1.16402,5.2815,1.05309,6.92248,0.42336,18.483,0.42336,0,0,442.007,0,0.981694,0,0,2.51173,1.53004,1.028160,1,0,109.904,0,0,0,109.904,0
60.0948,1.8181,0,0,6.47951,0.247263,0.36288,3.6288,61.308,0,0,0,1.39731,0.227802,1.16951,0.66528,12.849,1,0.416832,0.36288,0,145.05,4.61496,140.381,0.84672,12.849,0.84672,3695.15,0,18.483,0,2.88311,1.16442,7.50277,1.2937,10.2566,0.42336,18.483,0.42336,0,0,442.007,0,1.01378,0,0,3.89689,2.88311,1.028160,1,0,151.807,0,0,0,151.807,0
63.1541,1.84186,0,0,5.52015,0.256036,0.36288,3.6288,61.308,0,0,0,1.06316,0.2384,0.82476,0.66528,12.849,1,0.393813,0.36288,0,154.668,4.93752,149.7,0.84672,12.849,0.84672,3695.15,0,18.483,0,1.47316,1.20207,6.31235,1.37307,7.61451,0.42336,18.483,0.42336,0,0,442.007,0,1.01412,0,0,2.48727,1.47316,1.028160,1,0,158.139,0,0,0,158.139,0
66.0275,1.85833,0,0,5.35722,0.262652,0.36288,3.6288,61.308,0,0,0,0.894067,0.2384,0.655667,0.66528,12.849,1,0.378086,0.36288,0,131.129,4.93752,126.177,0.84672,12.849,0.84672,3695.15,0,18.483,0,1.30815,1.20247,4.72457,1.37307,5.86212,0.42336,18.483,0.42336,0,0,442.007,0,1.01446,0,0,2.3226,1.30815,1.028160,1,0,132.694,0,0,0,132.694,0
69.1485,1.87273,0,0,5.62545,0.268805,0.36288,3.6288,61.308,0,0,0,1.20181,0.2384,0.963406,0.66528,12.849,1,0.364435,0.36288,0,135.882,4.93752,130.943,0.84672,12.849,0.84672,3695.15,0,18.483,0,2.62147,1.20287,7.52707,1.37307,9.97835,0.42336,18.483,0.42336,0,0,442.007,0,1.01479,0,0,3.63627,2.62147,1.028160,1,0,141.885,0,0,0,141.885,0
72.114,2.07131,0,0,5.66333,0.263699,0.36288,3.6288,61.308,0.106331,0,0,1.00126,0.258446,0.636487,0.66528,12.849,1,0.384885,0.36288,0,129.121,4.5701,124.529,0.84672,12.849,0.84672,3695.15,0,18.483,0,1.92513,1.20327,5.4741,1.26662,7.33588,0.42336,18.483,0.42336,0,0,442.007,0,1.02816,0,0,2.95329,1.92513,1.028160,1,0,132.502,0,0,0,132.502,0
72.29,2.08544,0,0,5.97844,0.277117,3.43985,3.6288,61.308,0.106709,0,0,1.00186,0.25615,0.639,0.66528,12.849,1,0.371575,3.43985,0,120.688,4.38543,119.371,0.84672,12.849,0.84672,3695.15,0,18.483,0,2.23925,1.3368,5.60625,1.14905,8.03325,0.42336,18.483,0.42336,0,0,442.007,0,1.02816,0,0,3.26741,2.23925,1.028160,1,0,128.043,0,0,0,128.043,0
72.29,2.0869,0,0,7.35089,0.277488,4.9865,3.6288,61.308,0.107088,0,0,1.08942,0.25615,0.72618,0.66528,12.849,1,0.370931,4.9865,0,149.692,4.38543,149.922,0.84672,12.849,0.84672,3695.15,0,18.483,0,2.1052,1.33724,6.08019,1.14905,8.37358,0.42336,18.483,0.42336,0,0,442.007,0,1.02816,0,0,3.13336,2.1052,1.028160,1,0,159.022,0,0,0,159.022,0
72.29,2.0876,0,0,6.31606,0.277488,3.95098,3.6288,61.308,0.107467,0,0,1.49759,0.25615,1.13397,0.66528,12.849,1,0.371055,3.95098,0,126.882,4.38543,126.076,0.84672,12.849,0.84672,3695.15,0,18.483,0,2.85525,1.33769,6.28182,1.14905,9.3257,0.42336,18.483,0.42336,0,0,442.007,0,1.02816,0,0,3.88341,2.85525,1.028160,1,0,136.536,0,0,0,136.536,0
72.29,1.82359,0,0,6.58988,0.310409,4.45588,3.6288,61.308,0,0,0,1.40933,0.246035,1.1633,0.66528,12.849,1,0.324129,4.45588,0,140.207,4.15308,140.186,0.84672,12.849,0.84672,3695.15,0,18.483,0,2.57707,1.33814,7.18995,1.05412,10.051,0.42336,18.483,0.42336,0,0,442.007,0,0.975612,0,0,3.55268,2.57707,1.028160,1,0,151.4,0,0,0,151.4,0
72.29,1.8242,0,0,6.16677,0.273998,4.06857,3.6288,61.308,0,0,0,1.32132,0.254881,1.06644,0.66528,12.849,1,0.324237,4.06857,0,139.615,3.9553,139.405,0.84672,12.849,0.84672,3695.15,0,18.483,0,2.1404,1.15624,7.22969,0.960648,9.56568,0.42336,18.483,0.42336,0,0,442.007,0,0.975937,0,0,3.11634,2.1404,1.028160,1,0,150.037,0,0,0,150.037,0
72.29,1.82481,0,0,6.51711,0.328894,4.36341,3.6288,61.308,0,0,0,1.44775,0.216585,1.23117,0.66528,12.849,1,0.324345,4.36341,0,147.082,3.46668,147.655,0.84672,12.849,0.84672,3695.15,0,18.483,0,2.10234,1.15663,8.3802,0.819914,10.8192,0.42336,18.483,0.42336,0,0,442.007,0,0.976262,0,0,3.0786,2.10234,1.028160,1,0,159.705,0,0,0,159.705,0
72.29,1.82541,0,0,7.85201,0.328894,5.69771,3.6288,61.308,0,0,0,1.49844,0.216585,1.28185,0.66528,12.849,1,0.324454,5.69771,0,179.296,3.46668,181.203,0.84672,12.849,0.84672,3695.15,0,18.483,0,2.26085,1.15701,8.30563,0.819914,10.9036,0.42336,18.483,0.42336,0,0,442.007,0,0.976588,0,0,3.23743,2.26085,1.028160,1,0,193.388,0,0,0,193.388,0
72.29,1.82602,0,0,7.08088,0.328894,4.92596,3.6288,61.308,0,0,0,1.32519,0.216585,1.1086,0.66528,12.849,1,0.324562,4.92596,0,161.527,3.46668,162.661,0.84672,12.849,0.84672,3695.15,0,18.483,0,2.5226,1.1574,7.65685,0.819914,10.5169,0.42336,18.483,0.42336,0,0,442.007,0,0.976914,0,0,3.49951,2.5226,1.028160,1,0,174.287,0,0,0,174.287,0
72.29,1.89337,0,0,7.84462,0.350875,5.60037,3.6288,61.308,0,0,0,2.92456,0.186032,2.73853,0.66528,12.849,1,0.336533,5.60037,0,192.065,2.84343,194.486,0.84672,12.849,0.84672,3695.15,0,18.483,0,3.44112,1.15778,11.3977,0.657918,15.3387,0.42336,18.483,0.42336,0,0,442.007,0,1.01654,0,0,4.45766,3.44112,1.028160,1,0,212.563,0,0,0,212.563,0
72.29,1.894,0,0,8.80891,0.32306,6.59185,3.6288,61.308,0,0,0,3.25255,0.195829,3.05673,0.66528,12.849,1,0.336645,6.59185,0,165.639,3.49065,168.404,0.84672,12.849,0.84672,3695.15,0,18.483,0,3.61523,1.20327,9.85236,0.79196,13.8789,0.42336,18.483,0.42336,0,0,442.007,0,1.01688,0,0,4.63211,3.61523,1.028160,1,0,185.339,0,0,0,185.339,0
72.29,1.89464,0,0,6.18138,0.311223,3.97552,3.6288,61.308,0,0,0,2.34118,0.193169,2.14801,0.66528,12.849,1,0.336757,3.97552,0,135.426,3.60969,135.455,0.84672,12.849,0.84672,3695.15,0,18.483,0,2.93535,1.20367,7.46738,0.815078,10.7913,0.42336,18.483,0.42336,0,0,442.007,0,1.01722,0,0,3.95258,2.93535,1.028160,1,0,148.394,0,0,0,148.394,0
72.29,1.89527,0,0,5.46591,0.311223,3.25943,3.6288,61.308,0,0,0,2.50824,0.193169,2.31507,0.66528,12.849,1,0.336869,3.25943,0,117.117,3.60969,116.43,0.84672,12.849,0.84672,3695.15,0,18.483,0,2.69138,1.20407,7.31117,0.815078,10.3915,0.42336,18.483,0.42336,0,0,442.007,0,1.01756,0,0,3.70894,2.69138,1.028160,1,0,129.136,0,0,0,129.136,0
72.29,1.86977,0,0,4.00105,0.314229,1.81706,3.6288,61.308,0,0,0,1.47873,0.180074,1.29865,0.66528,12.849,1,0.332337,1.81706,0,90.8634,3.65199,88.6962,0.84672,12.849,0.84672,3695.15,0,18.483,0,1.28974,1.20447,6.61397,0.83204,8.27614,0.42336,18.483,0.42336,0,0,442.007,0,1.00261,0,0,2.29236,1.28974,1.028160,1,0,98.271,0,0,0,98.271,0
72.29,1.87039,0,0,3.9354,0.315432,1.74958,3.6288,61.308,0,0,0,1.00567,0.174835,0.830835,0.66528,12.849,1,0.332448,1.74958,0,68.9334,3.66891,66.6816,0.84672,12.849,0.84672,3695.15,0,18.483,0,0.743559,1.18729,4.55612,0.838824,5.64815,0.42336,18.483,0.42336,0,0,442.007,0,1.00295,0,0,1.74651,0.743559,1.028160,1,0,73.1606,0,0,0,73.1606,0
72.29,1.87101,0,0,3.505,0.309712,1.32427,3.6288,61.308,0,0,0,0.945959,0.17277,0.773189,0.66528,12.849,1,0.332559,1.32427,0,75.4687,3.56865,72.8917,0.84672,12.849,0.84672,3695.15,0,18.483,0,0.737021,1.18769,4.7208,0.828081,5.81743,0.42336,18.483,0.42336,0,0,442.007,0,1.00328,0,0,1.7403,0.737021,1.028160,1,0,79.4824,0,0,0,79.4824,0
72.29,1.87164,0,0,3.42103,0.26908,1.28032,3.6288,61.308,0,0,0,0.92956,0.185884,0.743676,0.66528,12.849,1,0.33267,1.28032,0,66.4718,3.60105,63.8184,0.84672,12.849,0.84672,3695.15,0,18.483,0,0.697099,1.18809,4.37824,0.870031,5.39339,0.42336,18.483,0.42336,0,0,442.007,0,1.00362,0,0,1.70071,0.697099,1.028160,1,0,69.9555,0,0,0,69.9555,0
72.29,1.96108,0,0,3.00956,0.219204,0.829283,3.6288,61.308,0.0300695,0,0,0.81992,0.228154,0.561696,0.66528,12.849,1,0.348566,0.829283,0,58.584,4.24984,54.8149,0.84672,12.849,0.84672,3695.15,0,18.483,0,0.483581,1.18848,3.56783,1.04548,4.19441,0.42336,18.483,0.42336,0,0,442.007,0,1.02816,0,0,1.51174,0.483581,1.028160,1,0,59.571,0,0,0,59.571,0
72.29,1.96173,0,0,2.66144,0.205827,0.493883,3.6288,61.308,0.185605,0,0,0.629303,0.23208,0.211618,0.66528,12.849,1,0.348683,0.493883,0,44.0309,4.48203,39.6941,0.84672,12.849,0.84672,3695.15,0,18.483,0,0.402797,1.25042,2.49443,0.983832,3.16381,0.42336,18.483,0.42336,0,0,442.007,0,0.872977,0,0,1.27577,0.402797,1.028160,1,0,43.0695,0,0,0,43.0695,0
72.29,1.96238,0,0,2.58333,0.205827,0.415124,3.6288,61.308,0.0989615,0,0,0.668304,0.23208,0.337262,0.66528,12.849,1,0.348799,0.415124,0,41.9679,4.48203,37.5522,0.84672,12.849,0.84672,3695.15,0,18.483,0,0.30119,1.25083,2.65357,0.983832,3.22176,0.42336,18.483,0.42336,0,0,442.007,0,0.959973,0,0,1.26116,0.30119,1.028160,1,0,41.1113,0,0,0,41.1113,0
72.2091,1.96304,0,0,2.45081,0.205827,0.36288,3.6288,61.308,0.153003,0,0,0.649434,0.23208,0.264351,0.66528,12.849,1,0.348915,0.36288,0,39.4175,4.48203,34.9494,0.84672,12.849,0.84672,3695.15,0,18.483,0,0.30119,1.25125,2.45338,0.983832,3.02199,0.42336,18.483,0.42336,0,0,442.007,0,0.906284,0,0,1.20747,0.30119,1.028160,1,0,38.2358,0,0,0,38.2358,0
71.9761,1.96336,0,0,2.28901,0.19577,0.36288,3.6288,61.308,0.220903,0,0,0.610527,0.240499,0.149124,0.66528,12.849,1,0.349363,0.36288,0,36.6491,4.67677,31.9858,0.84672,12.849,0.84672,3695.15,0,18.483,0,0.30119,1.25167,2.37928,1.01148,2.92066,0.42336,18.483,0.42336,0,0,442.007,0,0.838737,0,0,1.13993,0.30119,1.028160,1,0,35.0556,0,0,0,35.0556,0
71.5254,1.94547,0,0,1.99807,0.140426,0.36288,3.6288,61.308,0.0617152,0,0,0.948231,0.289927,0.596589,0.66528,12.849,1,0.347301,0.36288,0,53.0829,5.32599,47.7725,0.84672,12.849,0.84672,3695.15,0,18.483,0,0.534367,1.25208,2.94965,1.25054,3.48556,0.42336,18.483,0.42336,0,0,442.007,0,1.02816,0,0,1.56253,0.534367,1.028160,1,0,51.8546,0,0,0,51.8546,0
70.9817,1.94426,0,0,1.89918,0.135737,0.36288,3.6288,61.308,0.0620781,0,0,0.920696,0.295822,0.562796,0.66528,12.849,1,0.349272,0.36288,0,48.7919,5.33232,43.4732,0.84672,12.849,0.84672,3695.15,0,18.483,0,0.480807,1.2717,2.85799,1.27007,3.34043,0.42336,18.483,0.42336,0,0,442.007,0,1.02816,0,0,1.50897,0.480807,1.028160,1,0,47.3764,0,0,0,47.3764,0
70.3096,1.94264,0,0,1.76861,0.135174,0.36288,3.6288,61.308,0.0624412,0,0,0.803442,0.295822,0.445179,0.66528,12.849,1,0.351655,0.36288,0,45.3501,5.33232,40.029,0.84672,12.849,0.84672,3695.15,0,18.483,0,0.416336,1.27213,2.70729,1.27007,3.12568,0.42336,18.483,0.42336,0,0,442.007,0,1.02816,0,0,1.4445,0.416336,1.028160,1,0,43.5998,0,0,0,43.5998,0
69.5442,1.94045,0,0,1.67242,0.134478,0.36288,3.6288,61.308,0.0628042,0,0,0.7574,0.295822,0.398774,0.66528,12.849,1,0.354615,0.36288,0,43.2582,5.33232,37.9342,0.84672,12.849,0.84672,3695.15,0,18.483,0,0.331811,1.27255,2.58537,1.27007,2.91966,0.42336,18.483,0.42336,0,0,442.007,0,1.02816,0,0,1.35997,0.331811,1.028160,1,0,41.2526,0,0,0,41.2526,0
68.4442,1.98302,0,0,1.3755,0.129619,0.36288,3.6288,61.308,0.324851,0,0,0.738513,0.295784,0.117878,0.66528,12.849,1,0.366384,0.36288,0,34.176,5.53165,28.6408,0.84672,12.849,0.84672,3695.15,0,18.483,0,0.261274,1.27297,2.13062,1.32794,2.33692,0.42336,18.483,0.42336,0,0,442.007,0,0.793143,0,0,1.05442,0.261274,1.028160,1,0,31.0956,0,0,0,31.0956,0
67.3499,1.97872,0,0,1.36401,0.116669,0.36288,3.6288,61.308,0.192746,0,0,0.912263,0.303529,0.415988,0.66528,12.849,1,0.371465,0.36288,0,39.8019,5.74759,34.0457,0.84672,12.849,0.84672,3695.15,0,18.483,0,0.261274,1.30404,2.20898,1.4107,2.36359,0.42336,18.483,0.42336,0,0,442.007,0,0.92562,0,0,1.18689,0.261274,1.028160,1,0,36.8253,0,0,0,36.8253,0
66.1527,1.97431,0,0,1.25564,0.115672,0.36288,3.6288,61.308,0.090579,0,0,0.773392,0.303529,0.379284,0.66528,12.849,1,0.376659,0.36288,0,32.6929,5.74759,26.9315,0.84672,12.849,0.84672,3695.15,0,18.483,0,0.230705,1.30448,2.13589,1.4107,2.26036,0.42336,18.483,0.42336,0,0,442.007,0,1.02816,0,0,1.25887,0.230705,1.028160,1,0,29.5712,0,0,0,29.5712,0
64.8557,1.96926,0,0,1.14972,0.11458,0.36288,3.6288,61.308,0.270404,0,0,0.716325,0.303529,0.142392,0.66528,12.849,1,0.382494,0.36288,0,31.0744,5.74759,25.3072,0.84672,12.849,0.84672,3695.15,0,18.483,0,0.227405,1.30491,1.87741,1.4107,1.99902,0.42336,18.483,0.42336,0,0,442.007,0,0.848707,0,0,1.07611,0.227405,1.028160,1,0,27.4486,0,0,0,27.4486,0
63.4995,2.09466,0,0,1.20938,0.107988,0.36288,3.6288,61.308,0.187707,0,0,0.81178,0.309312,0.314761,0.66528,12.849,1,0.414988,0.36288,0,29.3353,5.84758,23.4356,0.84672,12.849,0.84672,3695.15,0,18.483,0,0.246197,1.30534,2.47438,1.42865,2.59727,0.42336,18.483,0.42336,0,0,442.007,0,1.02816,0,0,1.27436,0.246197,1.028160,1,0,26.3476,0,0,0,26.3476,0
62.1012,2.08799,0,0,1.15932,0.106723,0.36288,3.6288,61.308,0.273345,0,0,0.742453,0.32588,0.143228,0.66528,12.849,1,0.4225,0.36288,0,24.9291,5.9241,18.9454,0.84672,12.849,0.84672,3695.15,0,18.483,0,0.227405,1.40969,2.39646,1.43176,2.60179,0.42336,18.483,0.42336,0,0,442.007,0,0.942926,0,0,1.17033,0.227405,1.028160,1,0,21.6904,0,0,0,21.6904,0
60.7866,2.0808,0,0,1.23451,0.10551,0.36288,3.6288,61.308,0.188516,0,0,0.913239,0.32588,0.398844,0.66528,12.849,1,0.430525,0.36288,0,31.7231,5.9241,25.7314,0.84672,12.849,0.84672,3695.15,0,18.483,0,0.414305,1.41016,2.67675,1.43176,3.06945,0.42336,18.483,0.42336,0,0,442.007,0,1.02816,0,0,1.44247,0.414305,1.028160,1,0,29.1997,0,0,0,29.1997,0
59.2612,2.0738,0,0,1.01564,0.104369,0.36288,3.6288,61.2116,0.435653,0,0,0.665099,0.32588,0,0.66528,12.849,1,0.438358,0.36288,0,29.0633,5.9241,23.0637,0.84672,12.849,0.84672,3695.15,0,18.483,0,0.204422,1.41063,2.19237,1.43176,2.37566,0.42336,18.483,0.42336,0,0,442.007,0,0.781428,0,0,0.98585,0.204422,1.028160,1,0,25.4394,0,0,0,25.4394,0
57.9958,2.06521,0,0,1.26565,0.102916,0.36288,3.6288,61.308,0.189325,0,0,1.15216,0.325681,0.540721,0.66528,12.849,1,0.447779,0.36288,0,28.3297,5.9241,22.3207,0.84672,12.849,0.84672,3695.15,0,18.483,0,0.92003,1.41109,3.41937,1.43176,4.31874,0.42336,18.483,0.42336,0,0,442.007,0,1.02816,0,0,1.94819,0.92003,1.028160,1,0,27.1802,0,0,0,27.1802,0
56.5334,1.99511,0,0,0.961692,0.0660767,0.36288,3.6288,61.2511,0.389693,0,0,0.688802,0.355991,0,0.66528,12.849,1,0.442018,0.36288,0,23.2958,6.1659,17.0507,0.84672,12.849,0.84672,3695.15,0,18.483,0,0.204422,1.41156,3.82771,1.49874,3.94496,0.42336,18.483,0.42336,0,0,442.007,0,0.769599,0,0,0.974022,0.204422,1.028160,1,0,20.9957,0,0,0,20.9957,0
55.1695,1.98646,0,0,1.09439,0.108938,0.36288,3.6288,61.0132,0.531636,0,0,0.62243,0.32868,0,0.66528,12.849,1,0.451484,0.36288,0,20.0056,6.09977,13.8172,0.84672,12.849,0.84672,3695.15,0,18.483,0,0.216518,1.35239,2.83194,1.48322,2.91763,0.42336,18.483,0.42336,0,0,442.007,0,0.628042,0,0,0.84456,0.216518,1.028160,1,0,16.7348,0,0,0,16.7348,0
54.4243,1.97806,0,0,1.70321,0.107468,0.36288,3.6288,61.308,0.131904,0,0,1.03201,0.328186,0.277154,0.66528,12.849,1,0.460691,0.36288,0,32.5205,6.09977,26.323,0.84672,12.849,0.84672,3695.15,0,18.483,0,0.426799,1.35284,5.05153,1.48322,5.34795,0.42336,18.483,0.42336,0,0,442.007,0,1.02816,0,0,1.45496,0.426799,1.028160,1,0,31.9481,0,0,0,31.9481,0
53.5479,1.97361,0,0,1.56667,0.106665,0.36288,3.6288,61.308,0.13229,0,0,0.949147,0.328799,0.488059,0.66528,12.849,1,0.465949,0.36288,0,58.9221,6.09977,52.7193,0.84672,12.849,0.84672,3695.15,0,18.483,0,0.293596,1.35329,4.26979,1.48322,4.43346,0.42336,18.483,0.42336,0,0,442.007,0,1.02816,0,0,1.32176,0.293596,1.028160,1,0,57.6408,0,0,0,57.6408,0
53.3924,1.91728,0,0,2.29948,0.174821,0.36288,3.6288,61.308,0.0792655,0,0,0.765625,0.26099,0.42537,0.66528,12.849,1,0.460057,0.36288,0,50.4102,5.32487,44.9881,0.84672,12.849,0.84672,3695.15,0,18.483,0,0.266345,1.35374,3.74812,1.3615,4.0067,0.42336,18.483,0.42336,0,0,442.007,0,1.02816,0,0,1.29451,0.266345,1.028160,1,0,49.4202,0,0,0,49.4202,0
54.312,1.91683,0,0,3.35914,0.159792,0.36288,3.6288,61.308,0.0796336,0,0,0.718528,0.210276,0.428619,0.66528,12.849,1,0.46129,0.36288,0,58.3651,4.3827,53.884,0.84672,12.849,0.84672,3695.15,0,18.483,0,0.516655,1.30111,7.11138,1.15835,7.77079,0.42336,18.483,0.42336,0,0,442.007,0,1.02816,0,0,1.54481,0.516655,1.028160,1,0,62.0834,0,0,0,62.0834,0
55.0004,1.92379,0,0,3.13634,0.161292,0.36288,3.6288,61.308,0.080002,0,0,1.40068,0.210276,1.1104,0.66528,12.849,1,0.455125,0.36288,0,69.5893,4.3827,65.1144,0.84672,12.849,0.84672,3695.15,0,18.483,0,1.08143,1.30154,6.71427,1.15835,7.9389,0.42336,18.483,0.42336,0,0,442.007,0,1.02816,0,0,2.10959,1.08143,1.028160,1,0,74.1637,0,0,0,74.1637,0
55.8226,1.92905,0,0,3.28557,0.171403,0.36288,3.6288,61.308,0.0803704,0,0,1.0647,0.21335,0.770978,0.66528,12.849,1,0.450657,0.36288,0,55.479,4.14576,51.2455,0.84672,12.849,0.84672,3695.15,0,18.483,0,0.922596,1.30197,8.6823,1.10795,9.79892,0.42336,18.483,0.42336,0,0,442.007,0,1.02816,0,0,1.95076,0.922596,1.028160,1,0,61.8154,0,0,0,61.8154,0
57.3017,1.78935,0,0,3.8292,0.197867,0.36288,3.6288,61.308,0,0,0,1.69252,0.219103,1.47342,0.66528,12.849,1,0.411865,0.36288,0,96.2637,3.66083,92.5539,0.84672,12.849,0.84672,3695.15,0,18.483,0,1.25982,1.30241,8.68138,0.996578,10.247,0.42336,18.483,0.42336,0,0,442.007,0,0.997514,0,0,2.25734,1.25982,1.028160,1,0,104.274,0,0,0,104.274,0
58.6756,1.79863,0,0,3.75071,0.215348,0.36288,3.6288,61.308,0,0,0,1.36631,0.207507,1.15881,0.66528,12.849,1,0.403315,0.36288,0,60.654,4.30531,56.3083,0.84672,12.849,0.84672,3695.15,0,18.483,0,1.25358,1.18319,5.97698,1.08431,7.32944,0.42336,18.483,0.42336,0,0,442.007,0,0.997845,0,0,2.25143,1.25358,1.028160,1,0,64.7965,0,0,0,64.7965,0
61.3375,1.80698,0,0,5.05009,0.218253,0.36288,3.6288,61.308,0,0,0,2.37046,0.207507,2.16295,0.66528,12.849,1,0.3957,0.36288,0,85.9189,4.30531,81.5808,0.84672,12.849,0.84672,3695.15,0,18.483,0,3.23209,1.18358,7.57538,1.08431,10.9067,0.42336,18.483,0.42336,0,0,442.007,0,0.998177,0,0,4.23027,3.23209,1.028160,1,0,94.6505,0,0,0,94.6505,0
61.8724,1.82178,0,0,2.95557,0.236099,0.36288,3.6288,61.308,0,0,0,2.07117,0.214878,1.85629,0.66528,12.849,1,0.381628,0.36288,0,60.8338,4.30522,56.5098,0.84672,12.849,0.84672,3695.15,0,18.483,0,2.72307,1.18397,6.14213,1.08364,8.96554,0.42336,18.483,0.42336,0,0,442.007,0,0.998509,0,0,3.72158,2.72307,1.028160,1,0,67.3317,0,0,0,67.3317,0
64.1889,1.82512,0,0,4.75485,0.250326,0.36288,3.6288,61.308,0,0,0,2.76608,0.252438,2.51364,0.66528,12.849,1,0.379022,0.36288,0,80.714,5.00031,75.6976,0.84672,12.849,0.84672,3695.15,0,18.483,0,3.63032,1.18437,7.75138,1.22556,11.3405,0.42336,18.483,0.42336,0,0,442.007,0,0.99884,0,0,4.62916,3.63032,1.028160,1,0,89.5517,0,0,0,89.5517,0
68.5953,1.89467,0,0,6.91456,0.250562,0.36288,3.6288,61.308,0.00331244,0,0,1.28847,0.276655,1.00851,0.66528,12.849,1,0.379265,0.36288,0,134.069,4.99513,129.058,0.84672,12.849,0.84672,3695.15,0,18.483,0,0.891389,1.18476,13.0473,1.38063,13.7428,0.42336,18.483,0.42336,0,0,442.007,0,1.02816,0,0,1.91955,0.891389,1.028160,1,0,143.809,0,0,0,143.809,0
72.29,1.9158,0,0,7.36023,0.257606,1.49214,3.6288,61.308,0.00364387,0,0,1.4142,0.286342,1.12422,0.66528,12.849,1,0.358861,1.49214,0,161.795,4.99306,157.935,0.84672,12.849,0.84672,3695.15,0,18.483,0,0.997885,1.22305,10.5437,1.44265,11.3219,0.42336,18.483,0.42336,0,0,442.007,0,1.02816,0,0,2.02605,0.997885,1.028160,1,0,170.382,0,0,0,170.382,0
72.29,1.932,0,0,3.50674,0.265036,1.30971,3.6288,61.308,0.00397541,0,0,1.21586,0.286342,0.925538,0.66528,12.849,1,0.343398,1.30971,0,87.4359,4.99306,83.4092,0.84672,12.849,0.84672,3695.15,0,18.483,0,0.553556,1.22344,4.98576,1.44265,5.32011,0.42336,18.483,0.42336,0,0,442.007,0,1.02816,0,0,1.58172,0.553556,1.028160,1,0,89.6548,0,0,0,89.6548,0
72.29,1.93262,0,0,9.71811,0.252977,7.53251,3.6288,61.308,0.00430695,0,0,2.59635,0.279116,2.31293,0.66528,12.849,1,0.343508,7.53251,0,194.553,4.56597,197.176,0.84672,12.849,0.84672,3695.15,0,18.483,0,2.53006,1.22384,16.1122,1.35516,18.511,0.42336,18.483,0.42336,0,0,442.007,0,1.02816,0,0,3.55822,2.53006,1.028160,1,0,218,0,0,0,218,0
72.29,2.1218,0,0,9.3585,0.235769,7.00093,3.6288,61.308,0.126074,0,0,3.10994,0.256743,2.72713,0.66528,12.849,1,0.377134,7.00093,0,220.25,3.79644,223.077,0.84672,12.849,0.84672,3695.15,0,18.483,0,3.44713,1.22423,14.0021,1.14842,17.525,0.42336,18.483,0.42336,0,0,442.007,0,1.02816,0,0,4.47529,3.44713,1.028160,1,0,243.33,0,0,0,243.33,0
72.29,2.12248,0,0,7.73643,0.232945,5.381,3.6288,61.308,0.126444,0,0,1.67409,0.224898,1.32274,0.66528,12.849,1,0.377255,5.381,0,223.392,3.29627,225.099,0.84672,12.849,0.84672,3695.15,0,18.483,0,1.71696,1.36006,8.12385,0.923215,10.2777,0.42336,18.483,0.42336,0,0,442.007,0,1.02816,0,0,2.74512,1.71696,1.028160,1,0,236.699,0,0,0,236.699,0
72.29,2.12317,0,0,7.35604,0.230347,5.00252,3.6288,61.308,0.126815,0,0,1.76412,0.230431,1.40688,0.66528,12.849,1,0.377377,5.00252,0,200.472,3.4273,201.67,0.84672,12.849,0.84672,3695.15,0,18.483,0,2.07331,1.3605,8.02675,0.964211,10.4963,0.42336,18.483,0.42336,0,0,442.007,0,1.02816,0,0,3.10147,2.07331,1.028160,1,0,213.573,0,0,0,213.573,0
72.29,2.12385,0,0,7.02708,0.263903,4.63933,3.6288,61.308,0.127186,0,0,1.43814,0.240085,1.07087,0.66528,12.849,1,0.377498,4.63933,0,169.111,4.01779,169.355,0.84672,12.849,0.84672,3695.15,0,18.483,0,1.5318,1.36094,7.64413,1.0885,9.44836,0.42336,18.483,0.42336,0,0,442.007,0,1.02816,0,0,2.55996,1.5318,1.028160,1,0,179.874,0,0,0,179.874,0
72.29,1.85523,0,0,10.2457,0.279102,8.11132,3.6288,61.308,0,0,0,2.10152,0.214933,1.88658,0.66528,12.849,1,0.329753,8.11132,0,211.73,3.65922,215.852,0.84672,12.849,0.84672,3695.15,0,18.483,0,2.5685,1.36137,12.198,0.970635,15.1572,0.42336,18.483,0.42336,0,0,442.007,0,0.99254,0,0,3.56104,2.5685,1.028160,1,0,232.896,0,0,0,232.896,0
72.29,1.85583,0,0,6.21776,0.296627,4.0653,3.6288,61.308,0,0,0,1.72172,0.161863,1.55986,0.66528,12.849,1,0.329859,4.0653,0,157.072,2.84434,157.963,0.84672,12.849,0.84672,3695.15,0,18.483,0,1.8481,1.1763,7.90871,0.726666,10.2064,0.42336,18.483,0.42336,0,0,442.007,0,0.992859,0,0,2.84096,1.8481,1.028160,1,0,169.729,0,0,0,169.729,0
72.29,1.85642,0,0,5.57544,0.296627,3.42239,3.6288,61.308,0,0,0,1.52659,0.161863,1.36473,0.66528,12.849,1,0.329965,3.42239,0,137.961,2.84434,138.209,0.84672,12.849,0.84672,3695.15,0,18.483,0,1.97299,1.17668,7.25959,0.726666,9.68259,0.42336,18.483,0.42336,0,0,442.007,0,0.993178,0,0,2.96616,1.97299,1.028160,1,0,149.256,0,0,0,149.256,0
72.29,1.85702,0,0,7.73696,0.296627,5.58331,3.6288,61.308,0,0,0,1.76983,0.161863,1.60796,0.66528,12.849,1,0.330071,5.58331,0,175.062,2.84434,177.471,0.84672,12.849,0.84672,3695.15,0,18.483,0,2.31893,1.17706,9.8941,0.726666,12.6634,0.42336,18.483,0.42336,0,0,442.007,0,0.993497,0,0,3.31243,2.31893,1.028160,1,0,191.742,0,0,0,191.742,0
72.29,1.85762,0,0,6.69099,0.295468,4.53791,3.6288,61.308,0,0,0,1.57677,0.152905,1.42387,0.66528,12.849,1,0.330177,4.53791,0,170.3,2.75019,171.757,0.84672,12.849,0.84672,3695.15,0,18.483,0,2.15112,1.17744,8.51368,0.718725,11.1235,0.42336,18.483,0.42336,0,0,442.007,0,0.993815,0,0,3.14493,2.15112,1.028160,1,0,184.305,0,0,0,184.305,0
72.29,1.92611,0,0,6.49651,0.343954,4.22645,3.6288,61.308,0.00595774,0,0,1.47912,0.118198,1.35496,0.66528,12.849,1,0.342351,4.22645,0,142.023,2.56626,143.341,0.84672,12.849,0.84672,3695.15,0,18.483,0,2.12763,1.17781,9.92408,0.640909,12.5886,0.42336,18.483,0.42336,0,0,442.007,0,1.02816,0,0,3.15579,2.12763,1.028160,1,0,157.285,0,0,0,157.285,0
72.29,1.92672,0,0,5.86043,0.351601,3.5821,3.6288,61.308,0.0062896,0,0,1.45903,0.108009,1.34473,0.66528,12.849,1,0.342461,3.5821,0,153.181,2.42057,154,0.84672,12.849,0.84672,3695.15,0,18.483,0,2.09854,1.22407,9.086,0.600053,11.8086,0.42336,18.483,0.42336,0,0,442.007,0,1.02816,0,0,3.1267,2.09854,1.028160,1,0,167.154,0,0,0,167.154,0
72.29,1.92734,0,0,5.0593,0.306961,2.82499,3.6288,61.308,0.00662156,0,0,1.2307,0.131797,1.09228,0.66528,12.849,1,0.342571,2.82499,0,142.993,2.71141,142.764,0.84672,12.849,0.84672,3695.15,0,18.483,0,1.84934,1.22446,9.04349,0.657305,11.46,0.42336,18.483,0.42336,0,0,442.007,0,1.02816,0,0,2.8775,1.84934,1.028160,1,0,155.316,0,0,0,155.316,0
72.29,1.92796,0,0,4.60751,0.289105,2.39045,3.6288,61.308,0.00695363,0,0,1.17847,0.141312,1.0302,0.66528,12.849,1,0.342681,2.39045,0,95.4132,2.82776,94.6333,0.84672,12.849,0.84672,3695.15,0,18.483,0,1.65067,1.22485,7.46335,0.680205,9.65867,0.42336,18.483,0.42336,0,0,442.007,0,1.02816,0,0,2.67883,1.65067,1.028160,1,0,105.322,0,0,0,105.322,0
72.29,1.902,0,0,4.00408,0.294257,1.80782,3.6288,61.308,0,0,0,1.10133,0.17541,0.925922,0.66528,12.849,1,0.338066,1.80782,0,93.1159,3.27344,91.3122,0.84672,12.849,0.84672,3695.15,0,18.483,0,1.42813,1.22525,7.18786,0.78384,9.0574,0.42336,18.483,0.42336,0,0,442.007,0,1.0199,0,0,2.44803,1.42813,1.028160,1,0,101.296,0,0,0,101.296,0
72.29,1.90261,0,0,3.88739,0.298121,1.68666,3.6288,61.308,0,0,0,1.14986,0.200983,0.94888,0.66528,12.849,1,0.338175,1.68666,0,97.2899,3.6077,95.0306,0.84672,12.849,0.84672,3695.15,0,18.483,0,1.31837,1.20776,6.4092,0.861566,8.07376,0.42336,18.483,0.42336,0,0,442.007,0,1.02022,0,0,2.3386,1.31837,1.028160,1,0,104.053,0,0,0,104.053,0
72.29,1.90322,0,0,3.70375,0.298121,1.50241,3.6288,61.308,0,0,0,1.37163,0.200983,1.17065,0.66528,12.849,1,0.338283,1.50241,0,89.7722,3.6077,87.3286,0.84672,12.849,0.84672,3695.15,0,18.483,0,1.59155,1.20815,7.08705,0.861566,9.02517,0.42336,18.483,0.42336,0,0,442.007,0,1.02055,0,0,2.6121,1.59155,1.028160,1,0,97.5245,0,0,0,97.5245,0
72.29,1.90383,0,0,3.47207,0.298121,1.27012,3.6288,61.308,0,0,0,1.07622,0.200983,0.875241,0.66528,12.849,1,0.338392,1.27012,0,76.6428,3.6077,73.9669,0.84672,12.849,0.84672,3695.15,0,18.483,0,1.12977,1.20854,5.90023,0.861566,7.37697,0.42336,18.483,0.42336,0,0,442.007,0,1.02088,0,0,2.15065,1.12977,1.028160,1,0,82.2191,0,0,0,82.2191,0
72.29,1.99478,0,0,3.19196,0.242155,0.955024,3.6288,61.308,0.0482579,0,0,0.957191,0.201036,0.707897,0.66528,12.849,1,0.354557,0.955024,0,72.1431,3.66085,69.0827,0.84672,12.849,0.84672,3695.15,0,18.483,0,0.927055,1.20892,5.19384,0.791079,6.53874,0.42336,18.483,0.42336,0,0,442.007,0,1.02816,0,0,1.95521,0.927055,1.028160,1,0,76.3294,0,0,0,76.3294,0
72.29,1.99542,0,0,2.9404,0.243928,0.70105,3.6288,61.308,0.0486032,0,0,0.950512,0.22935,0.672559,0.66528,12.849,1,0.354671,0.70105,0,64.4872,4.42777,60.4058,0.84672,12.849,0.84672,3695.15,0,18.483,0,0.840931,1.27191,5.05306,1.06715,6.09874,0.42336,18.483,0.42336,0,0,442.007,0,1.02816,0,0,1.86909,0.840931,1.028160,1,0,67.1771,0,0,0,67.1771,0
72.29,1.99606,0,0,2.63851,0.205405,0.437042,3.6288,61.308,0.0489485,0,0,0.923599,0.231293,0.643357,0.66528,12.849,1,0.354785,0.437042,0,56.4099,4.49264,51.9995,0.84672,12.849,0.84672,3695.15,0,18.483,0,0.849217,1.27231,4.72292,1.02619,5.81826,0.42336,18.483,0.42336,0,0,442.007,0,1.02816,0,0,1.87738,0.849217,1.028160,1,0,58.4611,0,0,0,58.4611,0
72.29,1.9967,0,0,2.60542,0.205405,0.403311,3.6288,61.308,0.0492939,0,0,1.00317,0.231293,0.722586,0.66528,12.849,1,0.354899,0.403311,0,54.5511,4.49264,50.1068,0.84672,12.849,0.84672,3695.15,0,18.483,0,0.809793,1.27272,5.17808,1.02619,6.23441,0.42336,18.483,0.42336,0,0,442.007,0,1.02816,0,0,1.83795,0.809793,1.028160,1,0,57.0638,0,0,0,57.0638,0
72.1611,1.99734,0,0,2.43674,0.205405,0.36288,3.6288,61.308,0.0496394,0,0,0.925664,0.231293,0.644731,0.66528,12.849,1,0.355013,0.36288,0,51.0286,4.49264,46.5439,0.84672,12.849,0.84672,3695.15,0,18.483,0,0.733968,1.27313,4.54657,1.02619,5.52748,0.42336,18.483,0.42336,0,0,442.007,0,1.02816,0,0,1.76213,0.733968,1.028160,1,0,52.7161,0,0,0,52.7161,0
72.1943,1.97955,0,0,2.52711,0.151457,0.36288,3.6288,61.308,0.0803789,0,0,0.933828,0.265522,0.587927,0.66528,12.849,1,0.352479,0.36288,0,49.7256,5.07002,44.666,0.84672,12.849,0.84672,3695.15,0,18.483,0,0.807589,1.27354,4.88723,1.18943,5.77893,0.42336,18.483,0.42336,0,0,442.007,0,1.02816,0,0,1.83575,0.807589,1.028160,1,0,51.0329,0,0,0,51.0329,0
72.1656,1.98033,0,0,2.43236,0.117867,0.36288,3.6288,61.308,0.0807343,0,0,0.888589,0.305613,0.502242,0.66528,12.849,1,0.352455,0.36288,0,47.6985,5.20317,42.5058,0.84672,12.849,0.84672,3695.15,0,18.483,0,0.802259,1.29348,5.0897,1.33055,5.85489,0.42336,18.483,0.42336,0,0,442.007,0,1.02816,0,0,1.83042,0.802259,1.028160,1,0,48.8629,0,0,0,48.8629,0
72.0185,1.98084,0,0,2.31447,0.117842,0.36288,3.6288,61.308,0.0810898,0,0,0.826615,0.305613,0.439912,0.66528,12.849,1,0.352687,0.36288,0,43.2384,5.20317,38.0454,0.84672,12.849,0.84672,3695.15,0,18.483,0,0.735912,1.2939,4.8463,1.33055,5.54555,0.42336,18.483,0.42336,0,0,442.007,0,1.02816,0,0,1.76407,0.735912,1.028160,1,0,44.0309,0,0,0,44.0309,0
71.6934,1.98087,0,0,2.13634,0.11771,0.36288,3.6288,61.308,0.0814454,0,0,0.739204,0.305613,0.352146,0.66528,12.849,1,0.353411,0.36288,0,40.9163,5.20317,35.7226,0.84672,12.849,0.84672,3695.15,0,18.483,0,0.648121,1.29431,4.53311,1.33055,5.145,0.42336,18.483,0.42336,0,0,442.007,0,1.02816,0,0,1.67628,0.648121,1.028160,1,0,41.2197,0,0,0,41.2197,0
71.3046,2.02635,0,0,2.11354,0.113156,0.36288,3.6288,61.308,0.108924,0,0,0.732828,0.316589,0.307315,0.66528,12.849,1,0.363166,0.36288,0,42.888,5.43627,37.4515,0.84672,12.849,0.84672,3695.15,0,18.483,0,0.542609,1.29472,4.43735,1.386,4.88868,0.42336,18.483,0.42336,0,0,442.007,0,1.02816,0,0,1.57077,0.542609,1.028160,1,0,42.6474,0,0,0,42.6474,0
70.9153,2.02533,0,0,2.10615,0.107154,0.36288,3.6288,61.308,0.109288,0,0,0.750635,0.331225,0.310122,0.66528,12.849,1,0.364961,0.36288,0,39.3631,5.74707,33.6139,0.84672,12.849,0.84672,3695.15,0,18.483,0,0.664796,1.32631,4.27751,1.45993,4.80868,0.42336,18.483,0.42336,0,0,442.007,0,1.02816,0,0,1.69296,0.664796,1.028160,1,0,38.7327,0,0,0,38.7327,0
70.3498,2.02428,0,0,1.9285,0.106836,0.36288,3.6288,61.308,0.109652,0,0,0.695226,0.331225,0.254349,0.66528,12.849,1,0.366775,0.36288,0,37.4143,5.74707,31.6633,0.84672,12.849,0.84672,3695.15,0,18.483,0,0.419023,1.32673,3.75989,1.45993,4.04571,0.42336,18.483,0.42336,0,0,442.007,0,1.02816,0,0,1.44718,0.419023,1.028160,1,0,35.9634,0,0,0,35.9634,0
69.9054,2.02243,0,0,2.03759,0.0967138,0.36288,3.6288,61.308,0.110017,0,0,0.798111,0.336405,0.351689,0.66528,12.849,1,0.369386,0.36288,0,36.6947,5.89662,30.7916,0.84672,12.849,0.84672,3695.15,0,18.483,0,0.708463,1.32716,4.97384,1.48981,5.51965,0.42336,18.483,0.42336,0,0,442.007,0,1.02816,0,0,1.73662,0.708463,1.028160,1,0,36.6629,0,0,0,36.6629,0
69.3485,2.15608,0,0,2.05526,0.0931829,0.36288,3.6288,61.308,0.208405,0,0,0.781946,0.297902,0.275638,0.66528,12.849,1,0.396299,0.36288,0,35.7952,5.90582,29.8559,0.84672,12.849,0.84672,3695.15,0,18.483,0,0.751196,1.32758,4.86532,1.52178,5.42232,0.42336,18.483,0.42336,0,0,442.007,0,1.02816,0,0,1.77936,0.751196,1.028160,1,0,35.5539,0,0,0,35.5539,0
68.8846,2.15408,0,0,2.14272,0.0896903,0.36288,3.6288,61.308,0.208801,0,0,0.845251,0.31742,0.31903,0.66528,12.849,1,0.399112,0.36288,0,33.5805,5.63302,27.9112,0.84672,12.849,0.84672,3695.15,0,18.483,0,0.651318,1.43369,5.50987,1.50466,6.09021,0.42336,18.483,0.42336,0,0,442.007,0,1.02816,0,0,1.67948,0.651318,1.028160,1,0,34.3205,0,0,0,34.3205,0
68.6789,2.15251,0,0,2.39426,0.0845931,0.36288,3.6288,61.308,0.209198,0,0,1.03867,0.32001,0.509468,0.66528,12.849,1,0.401506,0.36288,0,42.7308,5.7078,36.9843,0.84672,12.849,0.84672,3695.15,0,18.483,0,1.08092,1.43414,5.84844,1.5196,6.8439,0.42336,18.483,0.42336,0,0,442.007,0,1.02816,0,0,2.10908,1.08092,1.028160,1,0,44.3377,0,0,0,44.3377,0
67.9709,2.15218,0,0,1.89155,0.0844576,0.36288,3.6288,61.308,0.209594,0,0,0.758177,0.32001,0.228574,0.66528,12.849,1,0.402648,0.36288,0,44.0969,5.7078,38.3494,0.84672,12.849,0.84672,3695.15,0,18.483,0,0.482803,1.4346,4.63409,1.5196,5.0319,0.42336,18.483,0.42336,0,0,442.007,0,1.02816,0,0,1.51096,0.482803,1.028160,1,0,43.6098,0,0,0,43.6098,0
67.7174,2.14934,0,0,2.34272,0.0839911,0.36288,3.6288,61.308,0.209991,0,0,1.26135,0.32001,0.731353,0.66528,12.849,1,0.406305,0.36288,0,39.0798,5.7078,33.3286,0.84672,12.849,0.84672,3695.15,0,18.483,0,1.66679,1.43506,6.9637,1.5196,8.54596,0.42336,18.483,0.42336,0,0,442.007,0,1.02816,0,0,2.69495,1.66679,1.028160,1,0,42.6059,0,0,0,42.6059,0
66.5242,2.08319,0,0,1.32257,0.0696656,0.36288,3.6288,61.308,0.150795,0,0,0.705646,0.335292,0.219559,0.66528,12.849,1,0.395274,0.36288,0,23.9852,5.85851,18.0943,0.84672,12.849,0.84672,3695.15,0,18.483,0,0.609422,1.43552,5.71317,1.47883,6.27928,0.42336,18.483,0.42336,0,0,442.007,0,1.02816,0,0,1.63758,0.609422,1.028160,1,0,24.5931,0,0,0,24.5931,0
65.4791,2.07791,0,0,1.48573,0.090088,0.36288,3.6288,61.308,0.151173,0,0,0.698275,0.322082,0.22502,0.66528,12.849,1,0.401344,0.36288,0,19.1946,5.76419,13.392,0.84672,12.849,0.84672,3695.15,0,18.483,0,0.710597,1.37533,4.72516,1.40943,5.40165,0.42336,18.483,0.42336,0,0,442.007,0,1.02816,0,0,1.73876,0.710597,1.028160,1,0,19.0186,0,0,0,19.0186,0
65.0739,2.07322,0,0,2.12026,0.0893409,0.36288,3.6288,61.308,0.15155,0,0,1.14926,0.322082,0.675626,0.66528,12.849,1,0.40683,0.36288,0,35.5041,5.76419,29.696,0.84672,12.849,0.84672,3695.15,0,18.483,0,1.90753,1.37577,8.85816,1.40943,10.732,0.42336,18.483,0.42336,0,0,442.007,0,1.02816,0,0,2.93569,1.90753,1.028160,1,0,41.1036,0,0,0,41.1036,0
64.3125,2.07177,0,0,1.7793,0.106026,0.36288,3.6288,61.308,0.151928,0,0,0.877539,0.316411,0.4092,0.66528,12.849,1,0.409076,0.36288,0,47.5285,5.75118,41.7311,0.84672,12.849,0.84672,3695.15,0,18.483,0,1.1952,1.37621,5.83979,1.41526,6.99593,0.42336,18.483,0.42336,0,0,442.007,0,1.02816,0,0,2.22336,1.1952,1.028160,1,0,49.1362,0,0,0,49.1362,0
63.3424,2.01496,0,0,1.5966,0.188892,0.36288,3.6288,61.308,0.0979929,0,0,0.669427,0.260986,0.310449,0.66528,12.849,1,0.40257,0.36288,0,28.3551,5.45775,22.8577,0.84672,12.849,0.84672,3695.15,0,18.483,0,0.662507,1.37665,4.43322,1.36386,5.10851,0.42336,18.483,0.42336,0,0,442.007,0,1.02816,0,0,1.69067,0.662507,1.028160,1,0,28.2766,0,0,0,28.2766,0
62.4366,2.01048,0,0,1.64193,0.174326,0.36288,3.6288,61.308,0.0983535,0,0,0.666683,0.211401,0.356929,0.66528,12.849,1,0.407826,0.36288,0,22.6403,4.96833,17.627,0.84672,12.849,0.84672,3695.15,0,18.483,0,0.531714,1.32311,4.98718,1.15047,5.69154,0.42336,18.483,0.42336,0,0,442.007,0,1.02816,0,0,1.55987,0.531714,1.028160,1,0,23.6755,0,0,0,23.6755,0
62.5593,2.00622,0,0,2.74138,0.249571,0.36288,3.6288,61.308,0.0987141,0,0,1.17225,0.221175,0.85236,0.66528,12.849,1,0.412865,0.36288,0,35.8085,5.09103,30.6675,0.84672,12.849,0.84672,3695.15,0,18.483,0,0.922406,1.32354,5.071,1.15712,6.15982,0.42336,18.483,0.42336,0,0,442.007,0,1.02816,0,0,1.95057,0.922406,1.028160,1,0,37.6796,0,0,0,37.6796,0
63.9458,2.00753,0,0,4.00674,0.249822,0.36288,3.6288,61.308,0.0990748,0,0,1.43475,0.221175,1.1145,0.66528,12.849,1,0.412325,0.36288,0,72.0034,5.09103,66.863,0.84672,12.849,0.84672,3695.15,0,18.483,0,1.89915,1.32396,10.6723,1.15712,12.7383,0.42336,18.483,0.42336,0,0,442.007,0,1.02816,0,0,2.92731,1.89915,1.028160,1,0,80.7157,0,0,0,80.7157,0
65.257,1.86382,0,0,3.77422,0.236313,0.36288,3.6288,61.308,0,0,0,1.0988,0.220987,0.877813,0.66528,12.849,1,0.374508,0.36288,0,71.9202,5.05166,66.8569,0.84672,12.849,0.84672,3695.15,0,18.483,0,1.98485,1.32438,9.47186,1.14039,11.6407,0.42336,18.483,0.42336,0,0,442.007,0,1.01433,0,0,2.99919,1.98485,1.028160,1,0,79.3755,0,0,0,79.3755,0
65.3643,1.87071,0,0,2.61064,0.269751,0.36288,3.6288,61.308,0,0,0,1.05748,0.185306,0.872178,0.66528,12.849,1,0.368339,0.36288,0,44.1322,3.79271,40.334,0.84672,12.849,0.84672,3695.15,0,18.483,0,1.21059,1.20314,5.14074,0.905446,6.64902,0.42336,18.483,0.42336,0,0,442.007,0,1.01466,0,0,2.22525,1.21059,1.028160,1,0,47.8552,0,0,0,47.8552,0
65.4989,1.87181,0,0,2.63926,0.269983,0.36288,3.6288,61.308,0,0,0,1.48932,0.185306,1.30401,0.66528,12.849,1,0.367952,0.36288,0,65.9032,3.79271,62.1054,0.84672,12.849,0.84672,3695.15,0,18.483,0,1.89885,1.20352,6.50106,0.905446,8.69798,0.42336,18.483,0.42336,0,0,442.007,0,1.01498,0,0,2.91383,1.89885,1.028160,1,0,72.1074,0,0,0,72.1074,0
67.1493,1.87304,0,0,4.15653,0.270274,0.36288,3.6288,61.308,0,0,0,1.68445,0.185306,1.49915,0.66528,12.849,1,0.367437,0.36288,0,74.2874,3.79271,70.4902,0.84672,12.849,0.84672,3695.15,0,18.483,0,1.91738,1.20391,9.83895,0.905446,12.0548,0.42336,18.483,0.42336,0,0,442.007,0,1.01531,0,0,2.93268,1.91738,1.028160,1,0,84.0441,0,0,0,84.0441,0
66.8262,1.88122,0,0,2.21499,0.293935,0.36288,3.6288,61.308,0,0,0,1.42788,0.180397,1.24748,0.66528,12.849,1,0.359972,0.36288,0,51.3285,3.99616,47.3353,0.84672,12.849,0.84672,3695.15,0,18.483,0,1.43484,1.20429,4.92386,0.873556,6.68943,0.42336,18.483,0.42336,0,0,442.007,0,1.01563,0,0,2.45047,1.43484,1.028160,1,0,55.2722,0,0,0,55.2722,0
72.29,1.93926,0,0,8.35625,0.284984,0.668212,3.6288,61.308,0.0206389,0,0,4.79443,0.231565,4.54223,0.66528,12.849,1,0.372871,0.668212,0,163.848,4.57049,159.573,0.84672,12.849,0.84672,3695.15,0,18.483,0,2.06226,1.20468,16.6084,1.08532,18.79,0.42336,18.483,0.42336,0,0,442.007,0,1.02816,0,0,3.09042,2.06226,1.028160,1,0,182.905,0,0,0,182.905,0
72.29,1.9638,0,0,9.99804,0.284631,7.74961,3.6288,61.308,0.0209628,0,0,4.23102,0.228768,3.98129,0.66528,12.849,1,0.34905,7.74961,0,281.426,4.28795,284.538,0.84672,12.849,0.84672,3695.15,0,18.483,0,5.32572,1.2436,24.2178,1.04736,29.7398,0.42336,18.483,0.42336,0,0,442.007,0,1.02816,0,0,6.35388,5.32572,1.028160,1,0,318.259,0,0,0,318.259,0
72.29,1.9644,0,0,9.85219,0.311539,7.57625,3.6288,61.308,0.0212869,0,0,2.86811,0.229874,2.61695,0.66528,12.849,1,0.349158,7.57625,0,236.282,4.35792,239.151,0.84672,12.849,0.84672,3695.15,0,18.483,0,6.5629,1.24398,21.4542,1.11618,28.1449,0.42336,18.483,0.42336,0,0,442.007,0,1.02816,0,0,7.59106,6.5629,1.028160,1,0,269.913,0,0,0,269.913,0
72.29,1.96501,0,0,6.40995,0.311539,4.1334,3.6288,61.308,0.021611,0,0,1.75069,0.229874,1.4992,0.66528,12.849,1,0.349265,4.1334,0,171.962,4.35792,171.388,0.84672,12.849,0.84672,3695.15,0,18.483,0,2.97927,1.24436,11.8122,1.11618,14.9196,0.42336,18.483,0.42336,0,0,442.007,0,1.02816,0,0,4.00743,2.97927,1.028160,1,0,187.807,0,0,0,187.807,0
72.29,2.15734,0,0,4.93861,0.307598,2.47367,3.6288,61.308,0.145404,0,0,1.42669,0.229553,1.05173,0.66528,12.849,1,0.38345,2.47367,0,126.882,4.30147,124.671,0.84672,12.849,0.84672,3695.15,0,18.483,0,1.66595,1.24475,8.49571,1.0933,10.3131,0.42336,18.483,0.42336,0,0,442.007,0,1.02816,0,0,2.69411,1.66595,1.028160,1,0,136.035,0,0,0,136.035,0
72.29,2.158,0,0,3.59326,0.283955,1.15131,3.6288,61.308,0.145766,0,0,1.96093,0.227629,1.58753,0.66528,12.849,1,0.383569,1.15131,0,79.1052,3.9628,75.9102,0.84672,12.849,0.84672,3695.15,0,18.483,0,1.87056,1.38284,11.0662,0.956064,13.3635,0.42336,18.483,0.42336,0,0,442.007,0,1.02816,0,0,2.89872,1.87056,1.028160,1,0,90.8612,0,0,0,90.8612,0
72.29,2.15867,0,0,5.8873,0.283955,3.44467,3.6288,61.308,0.146129,0,0,2.3359,0.227629,1.96214,0.66528,12.849,1,0.383687,3.44467,0,109.684,3.9628,108.782,0.84672,12.849,0.84672,3695.15,0,18.483,0,2.52174,1.38327,11.1861,0.956064,14.1351,0.42336,18.483,0.42336,0,0,442.007,0,1.02816,0,0,3.5499,2.52174,1.028160,1,0,124.879,0,0,0,124.879,0
72.29,2.15934,0,0,5.02588,0.283955,2.58259,3.6288,61.308,0.146491,0,0,2.79162,0.227629,2.4175,0.66528,12.849,1,0.383806,2.58259,0,156.329,3.9628,154.565,0.84672,12.849,0.84672,3695.15,0,18.483,0,2.27089,1.38369,14.8635,0.956064,17.562,0.42336,18.483,0.42336,0,0,442.007,0,1.02816,0,0,3.29905,2.27089,1.028160,1,0,174.544,0,0,0,174.544,0
72.29,1.88621,0,0,4.2838,0.289036,2.10855,3.6288,61.308,0,0,0,2.13119,0.228424,1.90276,0.66528,12.849,1,0.335259,2.10855,0,106.904,3.91193,104.765,0.84672,12.849,0.84672,3695.15,0,18.483,0,2.08333,1.38412,10.7119,0.94747,13.2319,0.42336,18.483,0.42336,0,0,442.007,0,1.00911,0,0,3.09245,2.08333,1.028160,1,0,119.9,0,0,0,119.9,0
72.29,1.88679,0,0,4.59938,0.319518,2.39307,3.6288,61.308,0,0,0,2.15117,0.233194,1.91798,0.66528,12.849,1,0.335363,2.39307,0,126.376,3.60664,124.827,0.84672,12.849,0.84672,3695.15,0,18.483,0,2.66328,1.19594,10.6885,0.895909,13.6519,0.42336,18.483,0.42336,0,0,442.007,0,1.00942,0,0,3.67271,2.66328,1.028160,1,0,140.397,0,0,0,140.397,0
72.29,1.88737,0,0,4.68882,0.319518,2.48192,3.6288,61.308,0,0,0,2.61935,0.233194,2.38615,0.66528,12.849,1,0.335466,2.48192,0,135.972,3.60664,134.512,0.84672,12.849,0.84672,3695.15,0,18.483,0,3.11878,1.19631,12.0621,0.895909,15.4813,0.42336,18.483,0.42336,0,0,442.007,0,1.00974,0,0,4.12852,3.11878,1.028160,1,0,152.379,0,0,0,152.379,0
72.29,1.88796,0,0,4.36422,0.285533,2.19073,3.6288,61.308,0,0,0,2.29097,0.215145,2.07583,0.66528,12.849,1,0.33557,2.19073,0,148.332,3.34506,146.842,0.84672,12.849,0.84672,3695.15,0,18.483,0,2.84941,1.19668,10.7253,0.858333,13.913,0.42336,18.483,0.42336,0,0,442.007,0,1.01005,0,0,3.85945,2.84941,1.028160,1,0,162.831,0,0,0,162.831,0
72.29,1.88854,0,0,5.71241,0.251883,3.57198,3.6288,61.308,0,0,0,4.73673,0.218123,4.51861,0.66528,12.849,1,0.335673,3.57198,0,151.315,3.58578,150.965,0.84672,12.849,0.84672,3695.15,0,18.483,0,5.02338,1.19705,15.9878,0.889679,21.3185,0.42336,18.483,0.42336,0,0,442.007,0,1.01036,0,0,6.03374,5.02338,1.028160,1,0,176.803,0,0,0,176.803,0
72.29,1.95815,0,0,7.24308,0.333974,4.95097,3.6288,61.308,0.023159,0,0,5.47957,0.208105,5.2483,0.66528,12.849,1,0.348045,4.95097,0,181.617,3.98245,182.238,0.84672,12.849,0.84672,3695.15,0,18.483,0,4.96839,1.19742,20.1213,0.933326,25.3537,0.42336,18.483,0.42336,0,0,442.007,0,1.02816,0,0,5.99655,4.96839,1.028160,1,0,212.84,0,0,0,212.84,0
72.29,1.95875,0,0,5.2882,0.364334,2.96512,3.6288,61.308,0.0234833,0,0,3.46673,0.203533,3.23971,0.66528,12.849,1,0.348153,2.96512,0,162.797,3.97519,161.438,0.84672,12.849,0.84672,3695.15,0,18.483,0,3.71514,1.24443,15.0123,0.955846,19.0161,0.42336,18.483,0.42336,0,0,442.007,0,1.02816,0,0,4.7433,3.71514,1.028160,1,0,183.694,0,0,0,183.694,0
72.29,1.95935,0,0,4.69516,0.364334,2.37147,3.6288,61.308,0.0238078,0,0,2.55537,0.203533,2.32803,0.66528,12.849,1,0.34826,2.37147,0,109.162,3.97519,107.21,0.84672,12.849,0.84672,3695.15,0,18.483,0,2.65626,1.24481,11.218,0.955846,14.1632,0.42336,18.483,0.42336,0,0,442.007,0,1.02816,0,0,3.68442,2.65626,1.028160,1,0,123.701,0,0,0,123.701,0
72.29,1.95996,0,0,4.38116,0.27001,2.15119,3.6288,61.308,0.0241323,0,0,2.23239,0.203592,2.00466,0.66528,12.849,1,0.348368,2.15119,0,99.3272,3.71983,97.4102,0.84672,12.849,0.84672,3695.15,0,18.483,0,2.23252,1.2452,12.2438,0.941962,14.7796,0.42336,18.483,0.42336,0,0,442.007,0,1.02816,0,0,3.26068,2.23252,1.028160,1,0,114.194,0,0,0,114.194,0
72.29,1.93354,0,0,4.31184,0.269204,2.1091,3.6288,61.308,0.00864998,0,0,2.42908,0.205632,2.2148,0.66528,12.849,1,0.343672,2.1091,0,104.63,3.94483,102.451,0.84672,12.849,0.84672,3695.15,0,18.483,0,2.30089,1.24558,11.8065,0.99208,14.3609,0.42336,18.483,0.42336,0,0,442.007,0,1.02816,0,0,3.32905,2.30089,1.028160,1,0,119.027,0,0,0,119.027,0
72.29,1.93414,0,0,4.28045,0.268129,2.07819,3.6288,61.308,0.00896987,0,0,2.61583,0.208353,2.39851,0.66528,12.849,1,0.343778,2.07819,0,111.274,4.24483,108.763,0.84672,12.849,0.84672,3695.15,0,18.483,0,2.39076,1.22779,11.6374,1.0589,14.197,0.42336,18.483,0.42336,0,0,442.007,0,1.02816,0,0,3.41892,2.39076,1.028160,1,0,125.359,0,0,0,125.359,0
72.29,1.93473,0,0,4.01938,0.268129,1.81652,3.6288,61.308,0.00928964,0,0,2.4072,0.208353,2.18956,0.66528,12.849,1,0.343884,1.81652,0,99.614,4.24483,96.8418,0.84672,12.849,0.84672,3695.15,0,18.483,0,1.82949,1.22817,10.7428,1.0589,12.7416,0.42336,18.483,0.42336,0,0,442.007,0,1.02816,0,0,2.85765,1.82949,1.028160,1,0,111.773,0,0,0,111.773,0
72.29,1.93533,0,0,3.67393,0.248149,1.49045,3.6288,61.308,0.00960963,0,0,2.23484,0.221166,2.00406,0.66528,12.849,1,0.34399,1.49045,0,90.9455,4.52483,87.5671,0.84672,12.849,0.84672,3695.15,0,18.483,0,1.73671,1.22855,9.17568,1.09816,11.0428,0.42336,18.483,0.42336,0,0,442.007,0,1.02816,0,0,2.76487,1.73671,1.028160,1,0,100.614,0,0,0,100.614,0
72.29,2.02776,0,0,3.46377,0.243533,1.19247,3.6288,61.308,0.0660543,0,0,2.15261,0.234603,1.85196,0.66528,12.849,1,0.360419,1.19247,0,79.2703,4.23045,75.8719,0.84672,12.849,0.84672,3695.15,0,18.483,0,1.8389,1.22893,9.67689,0.991765,11.7529,0.42336,18.483,0.42336,0,0,442.007,0,1.02816,0,0,2.86706,1.8389,1.028160,1,0,89.4768,0,0,0,89.4768,0
72.29,2.02839,0,0,3.69745,0.199412,1.46965,3.6288,61.308,0.0663917,0,0,1.85957,0.278157,1.51502,0.66528,12.849,1,0.36053,1.46965,0,81.2851,4.79911,77.5951,0.84672,12.849,0.84672,3695.15,0,18.483,0,1.53583,1.29294,9.65114,1.17547,11.3044,0.42336,18.483,0.42336,0,0,442.007,0,1.02816,0,0,2.56399,1.53583,1.028160,1,0,90.4146,0,0,0,90.4146,0
72.29,2.02901,0,0,3.42613,0.172444,1.22468,3.6288,61.308,0.0667291,0,0,1.70604,0.270906,1.3684,0.66528,12.849,1,0.360642,1.22468,0,77.8317,4.85982,73.8359,0.84672,12.849,0.84672,3695.15,0,18.483,0,1.26281,1.29333,8.97273,1.15386,10.375,0.42336,18.483,0.42336,0,0,442.007,0,1.02816,0,0,2.29097,1.26281,1.028160,1,0,85.5793,0,0,0,85.5793,0
72.29,2.02964,0,0,3.24384,0.172444,1.04176,3.6288,61.308,0.0670667,0,0,1.72593,0.270906,1.38796,0.66528,12.849,1,0.360753,1.04176,0,65.9897,4.85982,61.8109,0.84672,12.849,0.84672,3695.15,0,18.483,0,1.53753,1.29373,8.15374,1.15386,9.83114,0.42336,18.483,0.42336,0,0,442.007,0,1.02816,0,0,2.56569,1.53753,1.028160,1,0,73.03,0,0,0,73.03,0
72.29,2.03026,0,0,3.11197,0.172444,0.909265,3.6288,61.308,0.0674043,0,0,1.62861,0.270906,1.2903,0.66528,12.849,1,0.360864,0.909265,0,61.7121,4.85982,57.4006,0.84672,12.849,0.84672,3695.15,0,18.483,0,1.43458,1.29413,7.61849,1.15386,9.19334,0.42336,18.483,0.42336,0,0,442.007,0,1.02816,0,0,2.46274,1.43458,1.028160,1,0,67.8843,0,0,0,67.8843,0
72.29,2.0127,0,0,2.88236,0.142244,0.72742,3.6288,61.308,0.0986366,0,0,1.30696,0.273265,0.935054,0.66528,12.849,1,0.357742,0.72742,0,54.0635,5.21118,49.222,0.84672,12.849,0.84672,3695.15,0,18.483,0,1.0183,1.29453,6.15548,1.22737,7.24095,0.42336,18.483,0.42336,0,0,442.007,0,1.02816,0,0,2.04646,1.0183,1.028160,1,0,57.398,0,0,0,57.398,0
72.29,2.01332,0,0,2.69493,0.120854,0.560753,3.6288,61.308,0.0989839,0,0,1.13174,0.287177,0.745585,0.66528,12.849,1,0.357853,0.560753,0,49.7358,5.36565,44.5731,0.84672,12.849,0.84672,3695.15,0,18.483,0,0.8168,1.31478,5.45629,1.29973,6.28815,0.42336,18.483,0.42336,0,0,442.007,0,1.02816,0,0,1.84496,0.8168,1.028160,1,0,51.6068,0,0,0,51.6068,0
72.29,2.01394,0,0,2.55791,0.112391,0.431575,3.6288,61.308,0.0993313,0,0,1.10016,0.298966,0.70186,0.66528,12.849,1,0.357963,0.431575,0,46.0923,5.37831,40.7876,0.84672,12.849,0.84672,3695.15,0,18.483,0,0.752492,1.31519,5.40937,1.33878,6.13826,0.42336,18.483,0.42336,0,0,442.007,0,1.02816,0,0,1.78065,0.752492,1.028160,1,0,47.6278,0,0,0,47.6278,0
72.1891,2.01456,0,0,2.38898,0.112391,0.36288,3.6288,61.308,0.0996788,0,0,0.96336,0.298966,0.564715,0.66528,12.849,1,0.358073,0.36288,0,42.4428,5.37831,37.0693,0.84672,12.849,0.84672,3695.15,0,18.483,0,0.683208,1.31559,5.12732,1.33878,5.78734,0.42336,18.483,0.42336,0,0,442.007,0,1.02816,0,0,1.71137,0.683208,1.028160,1,0,43.4213,0,0,0,43.4213,0
71.8277,2.06178,0,0,2.17373,0.110548,0.36288,3.6288,61.308,0.127594,0,0,0.855075,0.302559,0.424922,0.66528,12.849,1,0.366977,0.36288,0,38.8437,5.47074,33.3689,0.84672,12.849,0.84672,3695.15,0,18.483,0,0.544415,1.316,4.56273,1.36669,5.05646,0.42336,18.483,0.42336,0,0,442.007,0,1.02816,0,0,1.57258,0.544415,1.028160,1,0,38.8503,0,0,0,38.8503,0
71.2016,2.06085,0,0,1.90356,0.105867,0.36288,3.6288,61.308,0.12795,0,0,0.708445,0.311542,0.268953,0.66528,12.849,1,0.368658,0.36288,0,32.6911,5.70181,26.9835,0.84672,12.849,0.84672,3695.15,0,18.483,0,0.340451,1.34808,3.47843,1.43646,3.73051,0.42336,18.483,0.42336,0,0,442.007,0,1.02816,0,0,1.36861,0.340451,1.028160,1,0,30.9829,0,0,0,30.9829,0
70.4062,2.05873,0,0,1.73149,0.105362,0.36288,3.6288,61.308,0.229446,0,0,0.665453,0.311542,0.124465,0.66528,12.849,1,0.371518,0.36288,0,30.0606,5.70181,24.3502,0.84672,12.849,0.84672,3695.15,0,18.483,0,0.227405,1.3485,3.18351,1.43646,3.32296,0.42336,18.483,0.42336,0,0,442.007,0,0.92702,0,0,1.15442,0.227405,1.028160,1,0,27.7976,0,0,0,27.7976,0
69.8516,2.05582,0,0,1.959,0.0948316,0.36288,3.6288,61.308,0.128663,0,0,0.80905,0.305351,0.375036,0.66528,12.849,1,0.375183,0.36288,0,30.9137,5.84331,25.058,0.84672,12.849,0.84672,3695.15,0,18.483,0,0.533295,1.34892,4.66719,1.47334,5.07606,0.42336,18.483,0.42336,0,0,442.007,0,1.02816,0,0,1.56146,0.533295,1.028160,1,0,30.5091,0,0,0,30.5091,0
69.1039,2.19111,0,0,1.89291,0.0866447,0.36288,3.6288,61.308,0.228647,0,0,0.745597,0.280809,0.236141,0.66528,12.849,1,0.403048,0.36288,0,31.3214,5.93534,25.3459,0.84672,12.849,0.84672,3695.15,0,18.483,0,0.475753,1.34933,3.85452,1.51324,4.16636,0.42336,18.483,0.42336,0,0,442.007,0,1.02816,0,0,1.50391,0.475753,1.028160,1,0,29.7484,0,0,0,29.7484,0
68.664,2.18811,0,0,2.19959,0.0885179,0.36288,3.6288,61.308,0.229034,0,0,0.680201,0.310314,0.140853,0.66528,12.849,1,0.406851,0.36288,0,28.173,5.48535,22.6436,0.84672,12.849,0.84672,3695.15,0,18.483,0,0.384031,1.45715,3.67559,1.46474,4.05203,0.42336,18.483,0.42336,0,0,442.007,0,1.02816,0,0,1.41219,0.384031,1.028160,1,0,26.8365,0,0,0,26.8365,0
68.3086,2.18658,0,0,2.27717,0.0830497,0.36288,3.6288,61.308,0.229422,0,0,0.663107,0.318253,0.115433,0.66528,12.849,1,0.409172,0.36288,0,32.7021,5.49759,27.1583,0.84672,12.849,0.84672,3695.15,0,18.483,0,0.377335,1.4576,3.3589,1.47409,3.71974,0.42336,18.483,0.42336,0,0,442.007,0,1.02816,0,0,1.40549,0.377335,1.028160,1,0,30.9934,0,0,0,30.9934,0
67.483,2.18546,0,0,1.80554,0.0828194,0.36288,3.6288,61.0807,0.406791,0,0,0.497713,0.318253,0,0.66528,12.849,1,0.41109,0.36288,0,35.9084,5.49759,30.3626,0.84672,12.849,0.84672,3695.15,0,18.483,0,0.204422,1.45805,2.69694,1.47409,2.88533,0.42336,18.483,0.42336,0,0,442.007,0,0.851178,0,0,1.0556,0.204422,1.028160,1,0,33.248,0,0,0,33.248,0
67.0505,2.18191,0,0,2.19456,0.0822845,0.36288,3.6288,61.308,0.230196,0,0,0.800196,0.317795,0.0248742,0.66528,12.849,1,0.415443,0.36288,0,31.3012,5.49759,25.751,0.84672,12.849,0.84672,3695.15,0,18.483,0,0.721958,1.4585,3.88595,1.47409,4.59232,0.42336,18.483,0.42336,0,0,442.007,0,1.02816,0,0,1.75012,0.721958,1.028160,1,0,30.3682,0,0,0,30.3682,0
66.5792,2.11381,0,0,2.08207,0.0766463,0.36288,3.6288,61.308,0.17002,0,0,0.762102,0.300312,0.29177,0.66528,12.849,1,0.405073,0.36288,0,30.0045,5.02431,24.938,0.84672,12.849,0.84672,3695.15,0,18.483,0,0.328795,1.45895,3.2178,1.36808,3.63746,0.42336,18.483,0.42336,0,0,442.007,0,1.02816,0,0,1.35696,0.328795,1.028160,1,0,28.8672,0,0,0,28.8672,0
66.1425,2.11206,0,0,2.11058,0.0723574,0.36288,3.6288,61.308,0.170389,0,0,1.38483,0.286856,0.927583,0.66528,12.849,1,0.407602,0.36288,0,30.0129,4.66935,25.2989,0.84672,12.849,0.84672,3695.15,0,18.483,0,1.59014,1.39775,3.36096,1.28857,5.06028,0.42336,18.483,0.42336,0,0,442.007,0,1.02816,0,0,2.6183,1.59014,1.028160,1,0,31.2867,0,0,0,31.2867,0
65.3484,2.11045,0,0,1.75128,0.0721068,0.36288,3.6288,61.308,0.170758,0,0,0.744837,0.286856,0.287223,0.66528,12.849,1,0.409981,0.36288,0,28.7569,4.66935,24.0404,0.84672,12.849,0.84672,3695.15,0,18.483,0,0.327309,1.39818,2.50305,1.28857,2.93997,0.42336,18.483,0.42336,0,0,442.007,0,1.02816,0,0,1.35547,0.327309,1.028160,1,0,27.2676,0,0,0,27.2676,0
65.2699,2.10694,0,0,2.51882,0.127431,0.36288,3.6288,61.308,0.171127,0,0,0.91616,0.241372,0.50366,0.66528,12.849,1,0.414272,0.36288,0,33.5618,4.04646,29.464,0.84672,12.849,0.84672,3695.15,0,18.483,0,0.499245,1.39861,2.75434,1.09388,3.55832,0.42336,18.483,0.42336,0,0,442.007,0,1.02816,0,0,1.52741,0.499245,1.028160,1,0,33.5259,0,0,0,33.5259,0
68.2069,2.05274,0,0,5.54246,0.189836,0.36288,3.6288,61.308,0.1163,0,0,1.71596,0.18499,1.41466,0.66528,12.849,1,0.4041,0.36288,0,90.2107,3.34365,86.8258,0.84672,12.849,0.84672,3695.15,0,18.483,0,1.15123,1.39904,6.90305,0.838238,8.61508,0.42336,18.483,0.42336,0,0,442.007,0,1.02816,0,0,2.17939,1.15123,1.028160,1,0,96.8555,0,0,0,96.8555,0
67.5741,2.06801,0,0,2.01284,0.214731,0.36288,3.6288,61.308,0.357199,0,0,0.59128,0.200356,0.0337252,0.66528,12.849,1,0.389578,0.36288,0,33.7734,4.20726,29.5395,0.84672,12.849,0.84672,3695.15,0,18.483,0,0.216518,1.34462,2.66007,0.985959,3.23526,0.42336,18.483,0.42336,0,0,442.007,0,0.787614,0,0,1.00413,0.216518,1.028160,1,0,32.8084,0,0,0,32.8084,0
66.5699,2.06558,0,0,1.675,0.25074,0.36288,3.6288,60.8225,0.703048,0,0,0.413845,0.19627,0,0.66528,12.849,1,0.392764,0.36288,0,27.4391,4.2462,23.163,0.84672,12.849,0.84672,3695.15,0,18.483,0,0.292723,1.34503,2.2209,1.03556,2.8231,0.42336,18.483,0.42336,0,0,442.007,0,0.442117,0,0,0.734841,0.292723,1.028160,1,0,25.9861,0,0,0,25.9861,0
66.4184,2.06125,0,0,2.52132,0.248759,0.36288,3.6288,61.308,0.117357,0,0,1.00218,0.195668,0.20368,0.66528,12.849,1,0.397853,0.36288,0,42.7875,4.2462,38.5064,0.84672,12.849,0.84672,3695.15,0,18.483,0,1.09577,1.34545,4.50336,1.03556,5.90901,0.42336,18.483,0.42336,0,0,442.007,0,1.02816,0,0,2.12393,1.09577,1.028160,1,0,44.619,0,0,0,44.619,0
70.0051,1.9059,0,0,6.10398,0.24846,0.36288,3.6288,61.308,0.00261122,0,0,2.2452,0.19627,2.04632,0.66528,12.849,1,0.368707,0.36288,0,112.133,4.2462,107.881,0.84672,12.849,0.84672,3695.15,0,18.483,0,2.31382,1.34586,6.81261,1.03556,9.43673,0.42336,18.483,0.42336,0,0,442.007,0,1.02816,0,0,3.34198,2.31382,1.028160,1,0,119.364,0,0,0,119.364,0
69.6962,1.92245,0,0,2.29715,0.320695,0.36288,3.6288,61.308,0.00292835,0,0,0.723289,0.224652,0.495709,0.66528,12.849,1,0.352854,0.36288,0,38.663,4.39631,34.2767,0.84672,12.849,0.84672,3695.15,0,18.483,0,0.595287,1.22263,3.86983,1.1832,4.50455,0.42336,18.483,0.42336,0,0,442.007,0,1.02816,0,0,1.62345,0.595287,1.028160,1,0,39.2769,0,0,0,39.2769,0
69.8343,1.92172,0,0,2.74037,0.317752,0.36288,3.6288,61.308,0.00324569,0,0,0.910872,0.238518,0.669108,0.66528,12.849,1,0.354283,0.36288,0,62.7431,4.54829,58.2034,0.84672,12.849,0.84672,3695.15,0,18.483,0,1.3692,1.22301,5.56662,1.24377,6.91506,0.42336,18.483,0.42336,0,0,442.007,0,1.02816,0,0,2.39736,1.3692,1.028160,1,0,65.7876,0,0,0,65.7876,0
69.6107,1.92291,0,0,2.38036,0.318092,0.36288,3.6288,61.308,0.00356303,0,0,0.695194,0.238518,0.453113,0.66528,12.849,1,0.353801,0.36288,0,50.0459,4.54829,45.5067,0.84672,12.849,0.84672,3695.15,0,18.483,0,0.701205,1.22339,5.1122,1.24377,5.79303,0.42336,18.483,0.42336,0,0,442.007,0,1.02816,0,0,1.72937,0.701205,1.028160,1,0,51.7528,0,0,0,51.7528,0
69.4637,1.92254,0,0,2.45033,0.312003,0.36288,3.6288,61.308,0.00388037,0,0,0.744768,0.228564,0.512323,0.66528,12.849,1,0.354869,0.36288,0,44.2911,4.33764,39.9614,0.84672,12.849,0.84672,3695.15,0,18.483,0,0.802604,1.22376,6.19174,1.18755,7.03057,0.42336,18.483,0.42336,0,0,442.007,0,1.02816,0,0,1.83076,0.802604,1.028160,1,0,47.5043,0,0,0,47.5043,0
70.6152,1.98271,0,0,3.77302,0.275915,0.36288,3.6288,61.308,0.0375707,0,0,1.81871,0.208693,1.57245,0.66528,12.849,1,0.36675,0.36288,0,70.3022,3.63789,66.6604,0.84672,12.849,0.84672,3695.15,0,18.483,0,2.27884,1.22414,7.16082,0.988159,9.67565,0.42336,18.483,0.42336,0,0,442.007,0,1.02816,0,0,3.307,2.27884,1.028160,1,0,77.9085,0,0,0,77.9085,0
72.29,1.98836,0,0,5.55558,0.274968,1.61743,3.6288,61.308,0.0378868,0,0,2.58839,0.261827,2.28867,0.66528,12.849,1,0.361798,1.61743,0,122,4.39005,118.866,0.84672,12.849,0.84672,3695.15,0,18.483,0,3.62678,1.26367,8.26865,1.17209,11.987,0.42336,18.483,0.42336,0,0,442.007,0,1.02816,0,0,4.65494,3.62678,1.028160,1,0,133.142,0,0,0,133.142,0
72.29,1.99607,0,0,4.08148,0.278507,1.8069,3.6288,61.308,0.038203,0,0,2.23613,0.261827,1.9361,0.66528,12.849,1,0.354786,1.8069,0,79.3143,4.39005,76.3764,0.84672,12.849,0.84672,3695.15,0,18.483,0,2.89303,1.26405,8.20852,1.17209,11.1935,0.42336,18.483,0.42336,0,0,442.007,0,1.02816,0,0,3.92119,2.89303,1.028160,1,0,89.506,0,0,0,89.506,0
72.29,1.99666,0,0,3.60939,0.285386,1.32735,3.6288,61.308,0.0385191,0,0,1.81742,0.2394,1.53951,0.66528,12.849,1,0.354891,1.32735,0,66.407,4.12275,63.2568,0.84672,12.849,0.84672,3695.15,0,18.483,0,2.11211,1.26442,6.84123,1.06896,9.1488,0.42336,18.483,0.42336,0,0,442.007,0,1.02816,0,0,3.14027,2.11211,1.028160,1,0,73.9451,0,0,0,73.9451,0
72.29,2.19206,0,0,3.10537,0.290546,0.622768,3.6288,61.308,0.164291,0,0,1.46099,0.222579,1.07412,0.66528,12.849,1,0.389622,0.622768,0,60.723,3.92227,57.0339,0.84672,12.849,0.84672,3695.15,0,18.483,0,1.01353,1.2648,7.67491,0.991602,8.96164,0.42336,18.483,0.42336,0,0,442.007,0,1.02816,0,0,2.04169,1.01353,1.028160,1,0,67.0697,0,0,0,67.0697,0
72.29,2.19271,0,0,2.90524,0.296688,0.415847,3.6288,61.308,0.164645,0,0,1.55485,0.223596,1.1666,0.66528,12.849,1,0.389737,0.415847,0,37.12,4.39331,32.7528,0.84672,12.849,0.84672,3695.15,0,18.483,0,1.42389,1.40509,4.8091,1.18383,6.45425,0.42336,18.483,0.42336,0,0,442.007,0,1.02816,0,0,2.45205,1.42389,1.028160,1,0,40.3737,0,0,0,40.3737,0
72.29,2.19336,0,0,3.51604,0.296688,1.02599,3.6288,61.308,0.164999,0,0,1.42611,0.223596,1.03751,0.66528,12.849,1,0.389853,1.02599,0,39.4487,4.39331,35.6915,0.84672,12.849,0.84672,3695.15,0,18.483,0,1.09603,1.40551,6.96539,1.18383,8.28309,0.42336,18.483,0.42336,0,0,442.007,0,1.02816,0,0,2.12419,1.09603,1.028160,1,0,45.0121,0,0,0,45.0121,0
72.29,2.19401,0,0,4.40807,0.296621,1.91744,3.6288,61.308,0.165352,0,0,2.19999,0.21576,1.81887,0.66528,12.849,1,0.389968,1.91744,0,102.457,4.32747,99.6566,0.84672,12.849,0.84672,3695.15,0,18.483,0,1.89844,1.40593,10.4671,1.15206,12.6194,0.42336,18.483,0.42336,0,0,442.007,0,1.02816,0,0,2.9266,1.89844,1.028160,1,0,114.095,0,0,0,114.095,0
72.29,1.91647,0,0,4.50303,0.296214,2.29034,3.6288,61.308,0,0,0,1.90534,0.16874,1.7366,0.66528,12.849,1,0.340638,2.29034,0,90.4012,3.93246,88.4184,0.84672,12.849,0.84672,3695.15,0,18.483,0,1.82104,1.40634,6.70888,0.961443,8.97482,0.42336,18.483,0.42336,0,0,442.007,0,1.0253,0,0,2.84634,1.82104,1.028160,1,0,99.1299,0,0,0,99.1299,0
72.29,1.91704,0,0,7.32266,0.295783,5.10984,3.6288,61.308,0,0,0,2.30608,0.179581,2.1265,0.66528,12.849,1,0.340739,5.10984,0,103.127,4.14026,103.756,0.84672,12.849,0.84672,3695.15,0,18.483,0,2.7206,1.21513,17.3017,0.981142,20.2563,0.42336,18.483,0.42336,0,0,442.007,0,1.02561,0,0,3.74621,2.7206,1.028160,1,0,126.139,0,0,0,126.139,0
72.29,1.91761,0,0,6.02272,0.295783,3.80933,3.6288,61.308,0,0,0,2.23635,0.179581,2.05677,0.66528,12.849,1,0.34084,3.80933,0,90.1161,4.14026,89.4443,0.84672,12.849,0.84672,3695.15,0,18.483,0,2.23653,1.21549,13.9579,0.981142,16.4288,0.42336,18.483,0.42336,0,0,442.007,0,1.02591,0,0,3.26244,2.23653,1.028160,1,0,107.93,0,0,0,107.93,0
72.29,1.91818,0,0,9.28072,0.295783,7.06676,3.6288,61.308,0,0,0,3.19994,0.179581,3.02036,0.66528,12.849,1,0.340941,7.06676,0,164.271,4.14026,166.856,0.84672,12.849,0.84672,3695.15,0,18.483,0,4.24892,1.21585,19.5268,0.981142,24.0105,0.42336,18.483,0.42336,0,0,442.007,0,1.02621,0,0,5.27513,4.24892,1.028160,1,0,193.887,0,0,0,193.887,0
72.29,1.91874,0,0,10.1015,0.291003,7.8918,3.6288,61.308,0,0,0,3.18981,0.139491,3.05032,0.66528,12.849,1,0.341042,7.8918,0,184.249,3.51267,188.287,0.84672,12.849,0.84672,3695.15,0,18.483,0,4.37985,1.21621,22.6703,0.873657,27.3927,0.42336,18.483,0.42336,0,0,442.007,0,1.02652,0,0,5.40637,4.37985,1.028160,1,0,218.73,0,0,0,218.73,0
72.29,1.98944,0,0,6.5745,0.295737,4.28933,3.6288,61.308,0.0399612,0,0,2.27349,0.144273,2.08926,0.66528,12.849,1,0.353608,4.28933,0,139.698,3.25575,140.378,0.84672,12.849,0.84672,3695.15,0,18.483,0,3.10545,1.21657,11.906,0.813626,15.4144,0.42336,18.483,0.42336,0,0,442.007,0,1.02816,0,0,4.13361,3.10545,1.028160,1,0,157.882,0,0,0,157.882,0
72.29,1.99003,0,0,3.68048,0.288929,1.40153,3.6288,61.308,0.0402777,0,0,1.57336,0.145533,1.38755,0.66528,12.849,1,0.353713,1.40153,0,52.5402,3.16722,50.4208,0.84672,12.849,0.84672,3695.15,0,18.483,0,1.24051,1.26432,7.24559,0.788831,8.96158,0.42336,18.483,0.42336,0,0,442.007,0,1.02816,0,0,2.26867,1.24051,1.028160,1,0,60.7699,0,0,0,60.7699,0
72.29,1.99062,0,0,3.88432,0.288929,1.60477,3.6288,61.308,0.0405942,0,0,1.55077,0.145533,1.36464,0.66528,12.849,1,0.353818,1.60477,0,67.8356,3.16722,65.9193,0.84672,12.849,0.84672,3695.15,0,18.483,0,1.25531,1.26469,7.02795,0.788831,8.75912,0.42336,18.483,0.42336,0,0,442.007,0,1.02816,0,0,2.28347,1.25531,1.028160,1,0,76.0431,0,0,0,76.0431,0
72.29,1.99121,0,0,3.1473,0.288929,0.867163,3.6288,61.308,0.0409108,0,0,1.25257,0.145533,1.06612,0.66528,12.849,1,0.353922,0.867163,0,47.1328,3.16722,44.4789,0.84672,12.849,0.84672,3695.15,0,18.483,0,1.21658,1.26507,5.6663,0.788831,7.35912,0.42336,18.483,0.42336,0,0,442.007,0,1.02816,0,0,2.24474,1.21658,1.028160,1,0,52.9041,0,0,0,52.9041,0
72.29,1.96435,0,0,3.45358,0.275439,1.21379,3.6288,61.308,0.0251688,0,0,1.27113,0.144815,1.10114,0.66528,12.849,1,0.349148,1.21379,0,56.6355,3.27696,54.2232,0.84672,12.849,0.84672,3695.15,0,18.483,0,1.61947,1.26544,5.25259,0.829261,7.30825,0.42336,18.483,0.42336,0,0,442.007,0,1.02816,0,0,2.64763,1.61947,1.028160,1,0,62.6326,0,0,0,62.6326,0
72.29,1.96493,0,0,2.95536,0.224373,0.766062,3.6288,61.308,0.0254808,0,0,1.36451,0.166649,1.17238,0.66528,12.849,1,0.349251,0.766062,0,56.4892,3.85034,53.0557,0.84672,12.849,0.84672,3695.15,0,18.483,0,0.84799,1.24735,4.72042,0.980121,5.83564,0.42336,18.483,0.42336,0,0,442.007,0,1.02816,0,0,1.87615,0.84799,1.028160,1,0,60.0637,0,0,0,60.0637,0
72.2735,1.96551,0,0,2.557,0.245095,0.36288,3.6288,61.308,0.0257929,0,0,1.21637,0.19063,0.999951,0.66528,12.849,1,0.349355,0.36288,0,48.2091,4.14657,44.0761,0.84672,12.849,0.84672,3695.15,0,18.483,0,0.682128,1.24772,4.22575,1.00784,5.14775,0.42336,18.483,0.42336,0,0,442.007,0,1.02816,0,0,1.71029,0.682128,1.028160,1,0,50.2238,0,0,0,50.2238,0
72.1382,1.96603,0,0,2.35442,0.160807,0.36288,3.6288,61.308,0.026105,0,0,1.07232,0.229868,0.816346,0.66528,12.849,1,0.349526,0.36288,0,44.0729,4.49253,39.5937,0.84672,12.849,0.84672,3695.15,0,18.483,0,0.545564,1.24809,3.93855,1.0285,4.70371,0.42336,18.483,0.42336,0,0,442.007,0,1.02816,0,0,1.57372,0.545564,1.028160,1,0,45.1138,0,0,0,45.1138,0
71.8516,2.05931,0,0,2.29618,0.160641,0.36288,3.6288,61.308,0.0834332,0,0,1.19865,0.229868,0.885352,0.66528,12.849,1,0.366798,0.36288,0,42.6909,4.49253,38.1945,0.84672,12.849,0.84672,3695.15,0,18.483,0,0.746565,1.24846,4.66194,1.0285,5.62846,0.42336,18.483,0.42336,0,0,442.007,0,1.02816,0,0,1.77473,0.746565,1.028160,1,0,44.7083,0,0,0,44.7083,0
71.3081,2.05868,0,0,2.05175,0.173647,0.36288,3.6288,61.308,0.0837624,0,0,0.968941,0.245463,0.639716,0.66528,12.849,1,0.368148,0.36288,0,35.3432,4.75623,30.5817,0.84672,12.849,0.84672,3695.15,0,18.483,0,0.58847,1.31347,3.41641,1.08798,4.23037,0.42336,18.483,0.42336,0,0,442.007,0,1.02816,0,0,1.61663,0.58847,1.028160,1,0,35.4518,0,0,0,35.4518,0
70.7073,2.05691,0,0,1.99411,0.175145,0.36288,3.6288,61.308,0.0840916,0,0,0.888036,0.248063,0.555882,0.66528,12.849,1,0.370635,0.36288,0,32.6043,4.80018,27.7964,0.84672,12.849,0.84672,3695.15,0,18.483,0,0.439854,1.31386,3.05685,1.09789,3.71267,0.42336,18.483,0.42336,0,0,442.007,0,1.02816,0,0,1.46801,0.439854,1.028160,1,0,32.065,0,0,0,32.065,0
69.8999,2.05486,0,0,1.76341,0.153005,0.36288,3.6288,61.308,0.084421,0,0,0.833535,0.262228,0.486887,0.66528,12.849,1,0.373411,0.36288,0,28.9831,4.96083,24.0117,0.84672,12.849,0.84672,3695.15,0,18.483,0,0.356962,1.31425,2.98512,1.13894,3.51739,0.42336,18.483,0.42336,0,0,442.007,0,1.02816,0,0,1.38512,0.356962,1.028160,1,0,28.016,0,0,0,28.016,0
69.0306,2.05182,0,0,1.66918,0.123786,0.36288,3.6288,61.308,0.102324,0,0,0.799701,0.281114,0.416263,0.66528,12.849,1,0.377166,0.36288,0,26.8089,5.17503,21.6196,0.84672,12.849,0.84672,3695.15,0,18.483,0,0.30119,1.31464,2.9061,1.19367,3.32826,0.42336,18.483,0.42336,0,0,442.007,0,1.01059,0,0,1.31178,0.30119,1.028160,1,0,25.3641,0,0,0,25.3641,0
68.4566,2.03008,0,0,1.92612,0.107245,0.36288,3.6288,61.308,0.116463,0,0,0.803848,0.272854,0.414531,0.66528,12.849,1,0.377868,0.36288,0,30.5071,4.94499,25.5471,0.84672,12.849,0.84672,3695.15,0,18.483,0,0.509043,1.31503,3.24922,1.23981,3.83348,0.42336,18.483,0.42336,0,0,442.007,0,1.02816,0,0,1.5372,0.509043,1.028160,1,0,29.7951,0,0,0,29.7951,0
68.0939,2.02801,0,0,2.12325,0.0950355,0.36288,3.6288,61.308,0.116802,0,0,0.786672,0.266659,0.403212,0.66528,12.849,1,0.380648,0.36288,0,33.7376,4.77246,28.9474,0.84672,12.849,0.84672,3695.15,0,18.483,0,0.620101,1.33558,3.42693,1.27442,4.1082,0.42336,18.483,0.42336,0,0,442.007,0,1.02816,0,0,1.64826,0.620101,1.028160,1,0,33.4588,0,0,0,33.4588,0
67.5605,2.0269,0,0,1.9512,0.0947662,0.36288,3.6288,61.308,0.117141,0,0,0.76407,0.266659,0.38027,0.66528,12.849,1,0.382467,0.36288,0,33.2047,4.77246,28.4127,0.84672,12.849,0.84672,3695.15,0,18.483,0,0.620793,1.33598,3.45564,1.27442,4.13799,0.42336,18.483,0.42336,0,0,442.007,0,1.02816,0,0,1.64895,0.620793,1.028160,1,0,32.9309,0,0,0,32.9309,0
66.8544,2.02497,0,0,1.77608,0.0943701,0.36288,3.6288,61.308,0.11748,0,0,0.714632,0.266659,0.330493,0.66528,12.849,1,0.385118,0.36288,0,31.8766,4.77246,27.0819,0.84672,12.849,0.84672,3695.15,0,18.483,0,0.40055,1.33638,3.24625,1.27442,3.70876,0.42336,18.483,0.42336,0,0,442.007,0,1.02816,0,0,1.42871,0.40055,1.028160,1,0,31.1211,0,0,0,31.1211,0
65.9441,2.06934,0,0,1.60243,0.080472,0.36288,3.6288,61.308,0.145821,0,0,0.657791,0.295775,0.216194,0.66528,12.849,1,0.397715,0.36288,0,27.6395,5.24815,22.3565,0.84672,12.849,0.84672,3695.15,0,18.483,0,0.330947,1.33677,3.02769,1.40885,3.28656,0.42336,18.483,0.42336,0,0,442.007,0,1.02816,0,0,1.35911,0.330947,1.028160,1,0,25.8593,0,0,0,25.8593,0
64.9855,2.06536,0,0,1.53325,0.0636646,0.36288,3.6288,61.308,0.300211,0,0,0.664731,0.316908,0.0476115,0.66528,12.849,1,0.402429,0.36288,0,28.6081,6.12623,22.4423,0.84672,12.849,0.84672,3695.15,0,18.483,0,0.261274,1.36934,2.76651,1.49414,2.90299,0.42336,18.483,0.42336,0,0,442.007,0,0.874117,0,0,1.13539,0.261274,1.028160,1,0,25.3929,0,0,0,25.3929,0
63.9515,2.06101,0,0,1.45313,0.0631781,0.36288,3.6288,61.308,0.156029,0,0,0.594698,0.316908,0.121761,0.66528,12.849,1,0.407506,0.36288,0,25.2776,6.12623,19.1068,0.84672,12.849,0.84672,3695.15,0,18.483,0,0.227405,1.36975,2.88954,1.49414,2.99255,0.42336,18.483,0.42336,0,0,442.007,0,1.01865,0,0,1.24605,0.227405,1.028160,1,0,22.2211,0,0,0,22.2211,0
62.8283,2.05614,0,0,1.35842,0.0626534,0.36288,3.6288,61.2777,0.263607,0,0,0.550225,0.316908,0,0.66528,12.849,1,0.413114,0.36288,0,24.0354,6.12623,17.859,0.84672,12.849,0.84672,3695.15,0,18.483,0,0.227405,1.37016,2.53546,1.49414,2.63888,0.42336,18.483,0.42336,0,0,442.007,0,0.911416,0,0,1.13882,0.227405,1.028160,1,0,20.4979,0,0,0,20.4979,0
61.5559,2.18756,0,0,1.34016,0.0620833,0.36288,3.6288,61.2678,0.288383,0,0,0.595293,0.316848,0,0.66528,12.849,1,0.447378,0.36288,0,22.3023,6.12623,16.0915,0.84672,12.849,0.84672,3695.15,0,18.483,0,0.227405,1.37056,2.86731,1.49414,2.97114,0.42336,18.483,0.42336,0,0,442.007,0,0.988183,0,0,1.21559,0.227405,1.028160,1,0,19.0627,0,0,0,19.0627,0
60.0877,2.18056,0,0,1.13368,0.0584707,0.36288,3.6288,61.28,0.248784,0,0,0.565702,0.304738,0,0.66528,12.849,1,0.455163,0.36288,0,21.1676,6.34515,14.7301,0.84672,12.849,0.84672,3695.15,0,18.483,0,0.348097,1.48006,3.10274,1.56837,3.36253,0.42336,18.483,0.42336,0,0,442.007,0,1.02816,0,0,1.37626,0.348097,1.028160,1,0,18.0927,0,0,0,18.0927,0
58.3741,2.17204,0,0,0.890309,0.0690228,0.36288,3.6288,61.223,0.249161,0,0,0.484895,0.292674,0,0.66528,12.849,1,0.464463,0.36288,0,18.4159,6.22335,12.091,0.84672,12.849,0.84672,3695.15,0,18.483,0,0.309131,1.4805,2.72265,1.55623,2.95605,0.42336,18.483,0.42336,0,0,442.007,0,1.02816,0,0,1.33729,0.309131,1.028160,1,0,15.047,0,0,0,15.047,0
56.7297,2.1615,0,0,0.947929,0.0678926,0.36288,3.6288,61.1618,0.249539,0,0,0.480932,0.292569,0,0.66528,12.849,1,0.475779,0.36288,0,17.203,6.22335,10.8668,0.84672,12.849,0.84672,3695.15,0,18.483,0,0.288464,1.48094,2.86955,1.55623,3.08273,0.42336,18.483,0.42336,0,0,442.007,0,1.02816,0,0,1.31662,0.288464,1.028160,1,0,13.9495,0,0,0,13.9495,0
55.563,2.15089,0,0,1.42278,0.0757464,0.36288,3.6288,61.1943,0.249917,0,0,0.572649,0.290312,0,0.66528,12.849,1,0.487167,0.36288,0,25.4032,6.16398,19.1149,0.84672,12.849,0.84672,3695.15,0,18.483,0,0.548623,1.48138,3.04949,1.54894,3.53054,0.42336,18.483,0.42336,0,0,442.007,0,1.02816,0,0,1.57678,0.548623,1.028160,1,0,22.6454,0,0,0,22.6454,0
54.9584,2.07783,0,0,1.95488,0.1187,0.36288,3.6288,61.308,0.188783,0,0,0.849048,0.256081,0.29044,0.66528,12.849,1,0.4805,0.36288,0,28.8139,5.45529,23.241,0.84672,12.849,0.84672,3695.15,0,18.483,0,1.03061,1.48181,3.79458,1.43827,4.86873,0.42336,18.483,0.42336,0,0,442.007,0,1.02816,0,0,2.05877,1.03061,1.028160,1,0,28.4001,0,0,0,28.4001,0
54.1263,2.07416,0,0,1.74311,0.138224,0.36288,3.6288,61.308,0.189143,0,0,0.975396,0.224025,0.562228,0.66528,12.849,1,0.484927,0.36288,0,30.1911,4.94697,25.1221,0.84672,12.849,0.84672,3695.15,0,18.483,0,1.38493,1.41964,3.8376,1.3418,5.30038,0.42336,18.483,0.42336,0,0,442.007,0,1.02816,0,0,2.41309,1.38493,1.028160,1,0,30.9847,0,0,0,30.9847,0
53.1992,2.06874,0,0,1.64157,0.137068,0.36288,3.6288,61.308,0.189503,0,0,0.875318,0.224025,0.461791,0.66528,12.849,1,0.491097,0.36288,0,29.3091,4.94697,24.2339,0.84672,12.849,0.84672,3695.15,0,18.483,0,0.945518,1.42006,3.54549,1.3418,4.56927,0.42336,18.483,0.42336,0,0,442.007,0,1.02816,0,0,1.97368,0.945518,1.028160,1,0,29.265,0,0,0,29.265,0
51.9642,2.06246,0,0,1.3261,0.135781,0.36288,3.6288,61.308,0.189863,0,0,0.771379,0.224025,0.357491,0.66528,12.849,1,0.498138,0.36288,0,24.2185,4.94697,19.1363,0.84672,12.849,0.84672,3695.15,0,18.483,0,0.616585,1.42048,3.16249,1.3418,3.85776,0.42336,18.483,0.42336,0,0,442.007,0,1.02816,0,0,1.64474,0.616585,1.028160,1,0,23.3515,0,0,0,23.3515,0
51.2236,2.00052,0,0,1.77899,0.156174,0.36288,3.6288,61.308,0.134165,0,0,0.844811,0.221425,0.48922,0.66528,12.849,1,0.494663,0.36288,0,28.48,4.76651,23.5817,0.84672,12.849,0.84672,3695.15,0,18.483,0,0.802336,1.4209,3.53862,1.31464,4.44721,0.42336,18.483,0.42336,0,0,442.007,0,1.02816,0,0,1.8305,0.802336,1.028160,1,0,28.5182,0,0,0,28.5182,0
51.1605,1.9954,0,0,2.47596,0.180748,0.36288,3.6288,61.308,0.134509,0,0,0.79996,0.19537,0.470081,0.66528,12.849,1,0.500528,0.36288,0,33.4051,4.09868,29.1688,0.84672,12.849,0.84672,3695.15,0,18.483,0,0.286304,1.36561,4.05804,0.996656,4.71329,0.42336,18.483,0.42336,0,0,442.007,0,1.02816,0,0,1.31446,0.286304,1.028160,1,0,34.3521,0,0,0,34.3521,0
51.5312,1.99549,0,0,2.90971,0.180629,0.36288,3.6288,61.308,0.134853,0,0,1.32049,0.19537,0.990271,0.66528,12.849,1,0.501169,0.36288,0,36.1632,4.09868,31.9263,0.84672,12.849,0.84672,3695.15,0,18.483,0,1.42754,1.36601,4.9319,0.996656,6.7288,0.42336,18.483,0.42336,0,0,442.007,0,1.02816,0,0,2.4557,1.42754,1.028160,1,0,39.6453,0,0,0,39.6453,0
51.0688,1.99897,0,0,2.09852,0.199095,0.36288,3.6288,61.308,0.135196,0,0,0.875172,0.202269,0.537706,0.66528,12.849,1,0.498431,0.36288,0,32.3412,4.21465,27.991,0.84672,12.849,0.84672,3695.15,0,18.483,0,0.685548,1.36642,5.01784,1.02373,6.04607,0.42336,18.483,0.42336,0,0,442.007,0,1.02816,0,0,1.71371,0.685548,1.028160,1,0,34.5747,0,0,0,34.5747,0
55.2812,1.84563,0,0,6.66326,0.24234,0.36288,3.6288,61.308,0.0186504,0,0,1.32659,0.219515,1.08843,0.66528,12.849,1,0.464365,0.36288,0,108.132,4.50461,103.526,0.84672,12.849,0.84672,3695.15,0,18.483,0,1.84761,1.36682,8.14098,1.09143,10.264,0.42336,18.483,0.42336,0,0,442.007,0,1.02816,0,0,2.87577,1.84761,1.028160,1,0,114.879,0,0,0,114.879,0
58.1484,1.8749,0,0,5.34428,0.239297,0.36288,3.6288,61.308,0.0189597,0,0,0.983978,0.215946,0.749072,0.66528,12.849,1,0.435783,0.36288,0,89.0134,4.32063,84.6199,0.84672,12.849,0.84672,3695.15,0,18.483,0,1.56382,1.24166,5.1983,1.07231,6.93147,0.42336,18.483,0.42336,0,0,442.007,0,1.02816,0,0,2.59198,1.56382,1.028160,1,0,92.3004,0,0,0,92.3004,0
62.9595,1.89306,0,0,7.30761,0.240524,0.36288,3.6288,61.308,0.0192692,0,0,2.42248,0.214518,2.1887,0.66528,12.849,1,0.418307,0.36288,0,97.511,4.24704,93.2086,0.84672,12.849,0.84672,3695.15,0,18.483,0,3.16305,1.24203,11.5598,1.06466,14.9002,0.42336,18.483,0.42336,0,0,442.007,0,1.02816,0,0,4.19121,3.16305,1.028160,1,0,110.297,0,0,0,110.297,0
66.329,1.92017,0,0,5.90355,0.251017,0.36288,3.6288,61.308,0.0195787,0,0,1.0293,0.214518,0.795204,0.66528,12.849,1,0.391875,0.36288,0,82.061,4.24704,77.785,0.84672,12.849,0.84672,3695.15,0,18.483,0,2.23128,1.24239,6.31694,1.06466,8.72595,0.42336,18.483,0.42336,0,0,442.007,0,1.02816,0,0,3.25944,2.23128,1.028160,1,0,87.3061,0,0,0,87.3061,0
69.734,1.93742,0,0,5.96151,0.256227,0.36288,3.6288,61.308,0.0198883,0,0,0.606279,0.221535,0.364856,0.66528,12.849,1,0.37531,0.36288,0,78.2698,4.27293,73.9844,0.84672,12.849,0.84672,3695.15,0,18.483,0,0.840542,1.24276,6.78205,1.08464,7.78072,0.42336,18.483,0.42336,0,0,442.007,0,1.02816,0,0,1.8687,0.840542,1.028160,1,0,82.13,0,0,0,82.13,0
71.852,2.01466,0,0,4.76059,0.265051,0.36288,3.6288,61.308,0.0540882,0,0,1.13087,0.239897,0.836882,0.66528,12.849,1,0.371215,0.36288,0,70.5862,4.02324,66.5546,0.84672,12.849,0.84672,3695.15,0,18.483,0,1.16065,1.24313,4.99006,1.12694,6.2669,0.42336,18.483,0.42336,0,0,442.007,0,1.02816,0,0,2.18881,1.16065,1.028160,1,0,73.6584,0,0,0,73.6584,0
72.29,2.02452,0,0,5.72138,0.300756,2.95812,3.6288,61.308,0.0543963,0,0,1.56988,0.180545,1.33494,0.66528,12.849,1,0.362036,2.95812,0,116.252,3.01067,115.837,0.84672,12.849,0.84672,3695.15,0,18.483,0,1.18906,1.28326,7.8962,0.933023,9.4355,0.42336,18.483,0.42336,0,0,442.007,0,1.02816,0,0,2.21722,1.18906,1.028160,1,0,126.608,0,0,0,126.608,0
72.29,2.02695,0,0,4.53761,0.301759,2.20889,3.6288,61.308,0.0547043,0,0,1.36159,0.180545,1.12634,0.66528,12.849,1,0.360276,2.20889,0,59.565,3.01067,58.403,0.84672,12.849,0.84672,3695.15,0,18.483,0,0.872018,1.28362,5.82794,0.933023,7.05056,0.42336,18.483,0.42336,0,0,442.007,0,1.02816,0,0,1.90018,0.872018,1.028160,1,0,66.5799,0,0,0,66.5799,0
72.29,2.02753,0,0,3.70723,0.301759,1.37794,3.6288,61.308,0.0550124,0,0,1.20052,0.180545,0.964962,0.66528,12.849,1,0.360378,1.37794,0,43.1866,3.01067,41.1935,0.84672,12.849,0.84672,3695.15,0,18.483,0,0.624663,1.28399,4.96852,0.933023,5.94415,0.42336,18.483,0.42336,0,0,442.007,0,1.02816,0,0,1.65282,0.624663,1.028160,1,0,48.1026,0,0,0,48.1026,0
72.29,2.22592,0,0,3.78786,0.342379,1.21956,3.6288,61.308,0.182715,0,0,1.16097,0.166798,0.811461,0.66528,12.849,1,0.395641,1.21956,0,50.5171,3.43016,47.9109,0.84672,12.849,0.84672,3695.15,0,18.483,0,0.648026,1.28435,5.1564,0.963974,6.1248,0.42336,18.483,0.42336,0,0,442.007,0,1.02816,0,0,1.67619,0.648026,1.028160,1,0,54.8472,0,0,0,54.8472,0
72.29,2.22656,0,0,4.44675,0.337752,1.88244,3.6288,61.308,0.183059,0,0,1.61329,0.163804,1.26642,0.66528,12.849,1,0.395754,1.88244,0,76.6215,3.57241,74.5358,0.84672,12.849,0.84672,3695.15,0,18.483,0,1.66203,1.4268,6.11327,1.04777,8.15433,0.42336,18.483,0.42336,0,0,442.007,0,1.02816,0,0,2.69019,1.66203,1.028160,1,0,83.9565,0,0,0,83.9565,0
72.29,2.22719,0,0,3.94249,0.334043,1.38126,3.6288,61.308,0.183404,0,0,1.35534,0.16347,1.00847,0.66528,12.849,1,0.395866,1.38126,0,77.3765,3.54585,74.816,0.84672,12.849,0.84672,3695.15,0,18.483,0,0.663673,1.42721,6.69461,1.04537,7.74012,0.42336,18.483,0.42336,0,0,442.007,0,1.02816,0,0,1.69183,0.663673,1.028160,1,0,83.5646,0,0,0,83.5646,0
72.29,2.22783,0,0,4.23452,0.334043,1.67266,3.6288,61.308,0.533772,0,0,1.12314,0.16347,0.425897,0.66528,12.849,1,0.395979,1.67266,0,60.2045,3.54585,57.9353,0.84672,12.849,0.84672,3695.15,0,18.483,0,0.608429,1.42762,6.5143,1.04537,7.50497,0.42336,18.483,0.42336,0,0,442.007,0,0.678136,0,0,1.28657,0.608429,1.028160,1,0,65.8662,0,0,0,65.8662,0
72.29,1.94599,0,0,3.4626,0.334043,1.18257,3.6288,61.308,0.206954,0,0,1.22613,0.16347,0.855704,0.66528,12.849,1,0.345885,1.18257,0,67.2772,3.54585,64.568,0.84672,12.849,0.84672,3695.15,0,18.483,0,0.608429,1.42802,6.36224,1.04537,7.35332,0.42336,18.483,0.42336,0,0,442.007,0,0.83414,0,0,1.44257,0.608429,1.028160,1,0,72.777,0,0,0,72.777,0
72.29,1.94654,0,0,5.66587,0.328215,3.39111,3.6288,61.308,0.0132302,0,0,1.53667,0.182734,1.3407,0.66528,12.849,1,0.345983,3.39111,0,112.407,3.96948,111.483,0.84672,12.849,0.84672,3695.15,0,18.483,0,0.91101,1.23385,5.07057,1.05097,6.16446,0.42336,18.483,0.42336,0,0,442.007,0,1.02816,0,0,1.93917,0.91101,1.028160,1,0,118.988,0,0,0,118.988,0
72.29,1.94709,0,0,5.76375,0.330274,3.48638,3.6288,61.308,0.0135264,0,0,1.71149,0.17949,1.51847,0.66528,12.849,1,0.346081,3.48638,0,107.312,3.8872,106.565,0.84672,12.849,0.84672,3695.15,0,18.483,0,1.09369,1.2342,7.66448,1.00407,8.9883,0.42336,18.483,0.42336,0,0,442.007,0,1.02816,0,0,2.12185,1.09369,1.028160,1,0,117.072,0,0,0,117.072,0
72.29,1.94765,0,0,4.25616,0.330274,1.97824,3.6288,61.308,0.0138227,0,0,1.60641,0.17949,1.4131,0.66528,12.849,1,0.34618,1.97824,0,114.741,3.8872,112.486,0.84672,12.849,0.84672,3695.15,0,18.483,0,1.01523,1.23455,5.75076,1.00407,6.99647,0.42336,18.483,0.42336,0,0,442.007,0,1.02816,0,0,2.04339,1.01523,1.028160,1,0,120.895,0,0,0,120.895,0
72.29,1.9482,0,0,7.54472,0.318945,5.27758,3.6288,61.308,0.0141189,0,0,2.18755,0.173474,1.99996,0.66528,12.849,1,0.346278,5.27758,0,126.697,3.80001,127.828,0.84672,12.849,0.84672,3695.15,0,18.483,0,1.93958,1.2349,11.5022,0.991548,13.6852,0.42336,18.483,0.42336,0,0,442.007,0,1.02816,0,0,2.96774,1.93958,1.028160,1,0,143.513,0,0,0,143.513,0
72.29,2.01996,0,0,7.34077,0.329381,4.99143,3.6288,61.308,0.0563468,0,0,3.07613,0.171004,2.84877,0.66528,12.849,1,0.359032,4.99143,0,157.118,3.75216,157.998,0.84672,12.849,0.84672,3695.15,0,18.483,0,3.0932,1.23525,10.058,0.929134,13.4573,0.42336,18.483,0.42336,0,0,442.007,0,1.02816,0,0,4.12136,3.0932,1.028160,1,0,174.304,0,0,0,174.304,0
72.29,2.02053,0,0,6.94786,0.341126,4.5862,3.6288,61.308,0.0566551,0,0,3.1523,0.147065,2.94858,0.66528,12.849,1,0.359135,4.5862,0,148.292,3.60549,148.913,0.84672,12.849,0.84672,3695.15,0,18.483,0,3.42362,1.28371,14.3033,0.800596,18.21,0.42336,18.483,0.42336,0,0,442.007,0,1.02816,0,0,4.45178,3.42362,1.028160,1,0,170.072,0,0,0,170.072,0
72.29,2.02111,0,0,5.41855,0.341126,3.05632,3.6288,61.308,0.0569636,0,0,2.49602,0.147065,2.29199,0.66528,12.849,1,0.359237,3.05632,0,169.967,3.60549,169.059,0.84672,12.849,0.84672,3695.15,0,18.483,0,3.47165,1.28408,9.81374,0.800596,13.7689,0.42336,18.483,0.42336,0,0,442.007,0,1.02816,0,0,4.49981,3.47165,1.028160,1,0,185.119,0,0,0,185.119,0
72.29,2.02168,0,0,4.30352,0.302603,1.97924,3.6288,61.308,0.057272,0,0,1.80291,0.111499,1.63414,0.66528,12.849,1,0.359339,1.97924,0,119.31,2.34946,118.58,0.84672,12.849,0.84672,3695.15,0,18.483,0,2.33929,1.28444,7.80088,0.660526,10.7641,0.42336,18.483,0.42336,0,0,442.007,0,1.02816,0,0,3.36745,2.33929,1.028160,1,0,130.978,0,0,0,130.978,0
72.29,1.99439,0,0,3.99486,0.257611,1.74286,3.6288,61.308,0.0412762,0,0,1.61013,0.160065,1.40879,0.66528,12.849,1,0.354487,1.74286,0,104.09,3.14628,102.332,0.84672,12.849,0.84672,3695.15,0,18.483,0,2.1333,1.28481,6.26272,0.86112,8.81971,0.42336,18.483,0.42336,0,0,442.007,0,1.02816,0,0,3.16146,2.1333,1.028160,1,0,112.56,0,0,0,112.56,0
72.29,1.99495,0,0,3.84308,0.233689,1.61444,3.6288,61.308,0.0415802,0,0,1.18815,0.164808,0.981759,0.66528,12.849,1,0.354588,1.61444,0,81.1123,4.18825,78.1839,0.84672,12.849,0.84672,3695.15,0,18.483,0,1.03283,1.26643,5.94607,1.0012,7.24412,0.42336,18.483,0.42336,0,0,442.007,0,1.02816,0,0,2.06099,1.03283,1.028160,1,0,86.4098,0,0,0,86.4098,0
72.29,1.99552,0,0,3.51623,0.196029,1.32468,3.6288,61.308,0.0418843,0,0,1.02092,0.177289,0.801747,0.66528,12.849,1,0.354688,1.32468,0,73.8763,4.29943,70.5469,0.84672,12.849,0.84672,3695.15,0,18.483,0,1.05742,1.26679,5.38315,1.00896,6.69839,0.42336,18.483,0.42336,0,0,442.007,0,1.02816,0,0,2.08558,1.05742,1.028160,1,0,78.047,0,0,0,78.047,0
72.29,1.99609,0,0,3.29226,0.196029,1.10015,3.6288,61.308,0.0421884,0,0,1.02413,0.177289,0.804657,0.66528,12.849,1,0.354789,1.10015,0,67.983,4.29943,64.4289,0.84672,12.849,0.84672,3695.15,0,18.483,0,0.997039,1.26715,5.097,1.00896,6.35222,0.42336,18.483,0.42336,0,0,442.007,0,1.02816,0,0,2.0252,0.997039,1.028160,1,0,71.5858,0,0,0,71.5858,0
72.29,2.09137,0,0,3.15138,0.196029,0.863982,3.6288,61.308,0.100378,0,0,1.27132,0.177289,0.993658,0.66528,12.849,1,0.371725,0.863982,0,64.794,4.29943,60.9868,0.84672,12.849,0.84672,3695.15,0,18.483,0,1.43012,1.26751,6.11152,1.00896,7.80018,0.42336,18.483,0.42336,0,0,442.007,0,1.02816,0,0,2.45828,1.43012,1.028160,1,0,69.7806,0,0,0,69.7806,0
72.29,2.09196,0,0,2.94914,0.184699,0.67248,3.6288,61.308,0.100698,0,0,1.05023,0.190825,0.758704,0.66528,12.849,1,0.371831,0.67248,0,55.7127,4.23362,51.7797,0.84672,12.849,0.84672,3695.15,0,18.483,0,0.812514,1.33349,4.98628,0.967615,6.16467,0.42336,18.483,0.42336,0,0,442.007,0,1.02816,0,0,1.84067,0.812514,1.028160,1,0,58.7031,0,0,0,58.7031,0
72.29,2.09256,0,0,2.7575,0.156177,0.508765,3.6288,61.308,0.101019,0,0,0.807192,0.19865,0.507523,0.66528,12.849,1,0.371936,0.508765,0,50.7603,3.95549,46.9416,0.84672,12.849,0.84672,3695.15,0,18.483,0,0.647715,1.33387,4.49798,1.01146,5.46811,0.42336,18.483,0.42336,0,0,442.007,0,1.02816,0,0,1.67587,0.647715,1.028160,1,0,52.9172,0,0,0,52.9172,0
72.1907,2.09315,0,0,2.47438,0.117654,0.36288,3.6288,61.308,0.10134,0,0,0.784348,0.200592,0.482415,0.66528,12.849,1,0.372042,0.36288,0,44.4026,4.02034,40.3731,0.84672,12.849,0.84672,3695.15,0,18.483,0,0.655154,1.33425,4.2041,0.970491,5.22302,0.42336,18.483,0.42336,0,0,442.007,0,1.02816,0,0,1.68331,0.655154,1.028160,1,0,46.0785,0,0,0,46.0785,0
72.0603,2.09331,0,0,2.44336,0.117566,0.36288,3.6288,61.308,0.101661,0,0,0.851921,0.200592,0.549668,0.66528,12.849,1,0.372582,0.36288,0,42.9393,4.02034,38.9093,0.84672,12.849,0.84672,3695.15,0,18.483,0,0.619799,1.33463,4.60927,0.970491,5.5932,0.42336,18.483,0.42336,0,0,442.007,0,1.02816,0,0,1.64796,0.619799,1.028160,1,0,45.0522,0,0,0,45.0522,0
71.8917,2.07459,0,0,2.39005,0.121145,0.36288,3.6288,61.308,0.133842,0,0,0.748665,0.215678,0.399145,0.66528,12.849,1,0.369917,0.36288,0,40.0256,4.2435,35.775,0.84672,12.849,0.84672,3695.15,0,18.483,0,0.515229,1.33501,4.05744,1.00354,4.90414,0.42336,18.483,0.42336,0,0,442.007,0,1.02816,0,0,1.54339,0.515229,1.028160,1,0,41.0783,0,0,0,41.0783,0
71.674,2.07444,0,0,2.3455,0.125911,0.36288,3.6288,61.308,0.134172,0,0,0.678378,0.235792,0.308415,0.66528,12.849,1,0.370759,0.36288,0,38.6274,4.54104,34.0784,0.84672,12.849,0.84672,3695.15,0,18.483,0,0.506123,1.35586,4.00448,1.0476,4.81887,0.42336,18.483,0.42336,0,0,442.007,0,1.02816,0,0,1.53428,0.506123,1.028160,1,0,39.2057,0,0,0,39.2057,0
71.2463,2.07407,0,0,2.13499,0.125702,0.36288,3.6288,61.308,0.134502,0,0,0.634487,0.235792,0.264193,0.66528,12.849,1,0.371819,0.36288,0,37.082,4.54104,32.532,0.84672,12.849,0.84672,3695.15,0,18.483,0,0.301208,1.35625,3.76186,1.0476,4.37171,0.42336,18.483,0.42336,0,0,442.007,0,1.02816,0,0,1.32937,0.301208,1.028160,1,0,37.1679,0,0,0,37.1679,0
70.6627,2.07277,0,0,1.96319,0.111124,0.36288,3.6288,61.308,0.134832,0,0,0.605763,0.268699,0.202232,0.66528,12.849,1,0.373816,0.36288,0,32.8744,4.96449,27.899,0.84672,12.849,0.84672,3695.15,0,18.483,0,0.294581,1.35663,3.61971,1.20217,4.06876,0.42336,18.483,0.42336,0,0,442.007,0,1.02816,0,0,1.32274,0.294581,1.028160,1,0,32.17,0,0,0,32.17,0
69.934,2.11907,0,0,1.84506,0.0918226,0.36288,3.6288,61.308,0.163589,0,0,0.5651,0.312575,0.088936,0.66528,12.849,1,0.385323,0.36288,0,29.1835,5.52909,23.632,0.84672,12.849,0.84672,3695.15,0,18.483,0,0.270069,1.35702,3.48464,1.40826,3.70347,0.42336,18.483,0.42336,0,0,442.007,0,1.02816,0,0,1.29823,0.270069,1.028160,1,0,27.4244,0,0,0,27.4244,0
69.2122,2.11628,0,0,1.85129,0.0939494,0.36288,3.6288,61.308,0.177967,0,0,0.617655,0.301542,0.138145,0.66528,12.849,1,0.388825,0.36288,0,29.6115,6.18429,23.4013,0.84672,12.849,0.84672,3695.15,0,18.483,0,0.261274,1.39007,3.43075,1.47387,3.60822,0.42336,18.483,0.42336,0,0,442.007,0,1.01412,0,0,1.27539,0.261274,1.028160,1,0,27.1477,0,0,0,27.1477,0
68.4483,2.11346,0,0,1.80582,0.0934255,0.36288,3.6288,61.308,0.164266,0,0,0.569082,0.301542,0.103275,0.66528,12.849,1,0.392357,0.36288,0,29.5738,6.18429,23.36,0.84672,12.849,0.84672,3695.15,0,18.483,0,0.361014,1.39046,3.67629,1.47387,3.95389,0.42336,18.483,0.42336,0,0,442.007,0,1.02816,0,0,1.38917,0.361014,1.028160,1,0,27.4172,0,0,0,27.4172,0
67.572,2.11037,0,0,1.68983,0.092871,0.36288,3.6288,61.308,0.164604,0,0,0.526766,0.301542,0.0606199,0.66528,12.849,1,0.396156,0.36288,0,26.6976,6.18429,20.48,0.84672,12.849,0.84672,3695.15,0,18.483,0,0.301398,1.39086,3.28104,1.47387,3.49942,0.42336,18.483,0.42336,0,0,442.007,0,1.02816,0,0,1.32956,0.301398,1.028160,1,0,24.0401,0,0,0,24.0401,0
66.4208,2.24735,0,0,1.55135,0.0922349,0.36288,3.6288,61.2246,0.302872,0,0,0.520981,0.301542,0,0.66528,12.849,1,0.42734,0.36288,0,24.4048,6.18429,18.1561,0.84672,12.849,0.84672,3695.15,0,18.483,0,0.227405,1.39125,3.20898,1.47387,3.35377,0.42336,18.483,0.42336,0,0,442.007,0,0.992952,0,0,1.22036,0.227405,1.028160,1,0,21.5098,0,0,0,21.5098,0
65.3582,2.24178,0,0,1.64683,0.104822,0.36288,3.6288,61.213,0.268032,0,0,0.556339,0.299857,0,0.66528,12.849,1,0.433669,0.36288,0,20.8371,6.26818,14.4981,0.84672,12.849,0.84672,3695.15,0,18.483,0,0.286502,1.50239,3.96213,1.46178,4.28924,0.42336,18.483,0.42336,0,0,442.007,0,1.02816,0,0,1.31466,0.286502,1.028160,1,0,18.7874,0,0,0,18.7874,0
64.1482,2.23652,0,0,1.51151,0.122047,0.36288,3.6288,61.0101,0.423177,0,0,0.51446,0.294162,0,0.66528,12.849,1,0.439686,0.36288,0,18.1019,6.20025,11.8249,0.84672,12.849,0.84672,3695.15,0,18.483,0,0.227405,1.50282,2.75197,1.42657,3.05562,0.42336,18.483,0.42336,0,0,442.007,0,0.873383,0,0,1.10079,0.227405,1.028160,1,0,14.8805,0,0,0,14.8805,0
62.679,2.23025,0,0,1.2447,0.120865,0.36288,3.6288,60.6354,0.528685,0,0,0.447774,0.293784,0,0.66528,12.849,1,0.446722,0.36288,0,22.4724,6.20025,16.1883,0.84672,12.849,0.84672,3695.15,0,18.483,0,0.204422,1.50324,2.45519,1.42657,2.73629,0.42336,18.483,0.42336,0,0,442.007,0,0.768243,0,0,0.972665,0.204422,1.028160,1,0,18.9246,0,0,0,18.9246,0
61.3514,2.22219,0,0,1.37695,0.119429,0.36288,3.6288,60.6883,0.269136,0,0,0.615096,0.293087,0,0.66528,12.849,1,0.455542,0.36288,0,19.267,6.20025,12.9741,0.84672,12.849,0.84672,3695.15,0,18.483,0,0.245143,1.50367,2.93398,1.42657,3.25622,0.42336,18.483,0.42336,0,0,442.007,0,1.02816,0,0,1.2733,0.245143,1.028160,1,0,16.2303,0,0,0,16.2303,0
59.9881,2.14709,0,0,1.29199,0.145275,0.36288,3.6288,60.4637,0.382304,0,0,0.447567,0.289864,0,0.66528,12.849,1,0.449672,0.36288,0,20.6806,6.03705,14.5568,0.84672,12.849,0.84672,3695.15,0,18.483,0,0.204422,1.5041,3.10806,1.39449,3.42208,0.42336,18.483,0.42336,0,0,442.007,0,0.852923,0,0,1.05735,0.204422,1.028160,1,0,17.9789,0,0,0,17.9789,0
58.2277,2.13928,0,0,0.952413,0.21065,0.36288,3.6288,59.9559,0.614501,0,0,0.387844,0.281159,0,0.66528,12.849,1,0.458218,0.36288,0,23.6291,5.62905,17.9047,0.84672,12.849,0.84672,3695.15,0,18.483,0,0.204422,1.44097,2.41336,1.3143,2.74445,0.42336,18.483,0.42336,0,0,442.007,0,0.621078,0,0,0.8255,0.204422,1.028160,1,0,20.6492,0,0,0,20.6492,0
56.8495,2.12854,0,0,1.32026,0.207104,0.36288,3.6288,60.0176,0.300813,0,0,0.642764,0.280251,0,0.66528,12.849,1,0.4697,0.36288,0,24.1697,5.62905,18.4338,0.84672,12.849,0.84672,3695.15,0,18.483,0,0.216518,1.44138,3.18704,1.3143,3.53063,0.42336,18.483,0.42336,0,0,442.007,0,0.935116,0,0,1.15163,0.216518,1.028160,1,0,21.9645,0,0,0,21.9645,0
55.3683,2.11985,0,0,1.20589,0.204327,0.36288,3.6288,59.7407,0.482491,0,0,0.485927,0.280362,0,0.66528,12.849,1,0.479124,0.36288,0,27.2071,5.62905,21.4618,0.84672,12.849,0.84672,3695.15,0,18.483,0,0.216518,1.44179,2.62757,1.3143,2.97158,0.42336,18.483,0.42336,0,0,442.007,0,0.753788,0,0,0.970307,0.216518,1.028160,1,0,24.4334,0,0,0,24.4334,0
53.8028,2.05554,0,0,1.06834,0.215394,0.36288,3.6288,59.4959,0.452133,0,0,0.476814,0.269406,0,0.66528,12.849,1,0.477017,0.36288,0,28.9056,5.46104,23.3304,0.84672,12.849,0.84672,3695.15,0,18.483,0,0.216518,1.4422,2.68864,1.27071,3.07664,0.42336,18.483,0.42336,0,0,442.007,0,0.7276,0,0,0.944119,0.216518,1.028160,1,0,26.407,0,0,0,26.407,0
51.8961,2.04492,0,0,0.78929,0.288255,0.36288,3.6288,59.212,0.399202,0,0,0.378454,0.263163,0,0.66528,12.849,1,0.488359,0.36288,0,20.363,4.64933,15.5882,0.84672,12.849,0.84672,3695.15,0,18.483,0,0.216518,1.38606,1.95687,1.11973,2.43973,0.42336,18.483,0.42336,0,0,442.007,0,0.780866,0,0,0.997384,0.216518,1.028160,1,0,18.0279,0,0,0,18.0279,0
50.1302,2.03111,0,0,0.909693,0.281564,0.36288,3.6288,59.1483,0.22729,0,0,0.435712,0.272142,0,0.66528,12.849,1,0.502884,0.36288,0,25.7322,4.68206,20.9101,0.84672,12.849,0.84672,3695.15,0,18.483,0,0.216518,1.38646,3.5855,1.13816,4.05031,0.42336,18.483,0.42336,0,0,442.007,0,0.953113,0,0,1.16963,0.216518,1.028160,1,0,24.9604,0,0,0,24.9604,0
48.7549,2.01758,0,0,1.3083,0.303185,0.36288,3.6288,59.3017,0.152578,0,0,0.568481,0.262473,0,0.66528,12.849,1,0.517131,0.36288,0,38.6058,4.3961,34.0554,0.84672,12.849,0.84672,3695.15,0,18.483,0,0.375503,1.38685,3.41504,1.09663,4.08076,0.42336,18.483,0.42336,0,0,442.007,0,1.02816,0,0,1.40366,0.375503,1.028160,1,0,38.1362,0,0,0,38.1362,0
48.9181,1.85548,0,0,2.70009,0.318547,0.36288,3.6288,59.985,0.0342776,0,0,0.973108,0.255556,0,0.66528,12.849,1,0.489,0.36288,0,42.6257,4.18162,38.318,0.84672,12.849,0.84672,3695.15,0,18.483,0,0.951005,1.38724,5.75674,1.06548,7.02951,0.42336,18.483,0.42336,0,0,442.007,0,1.02816,0,0,1.97916,0.951005,1.028160,1,0,45.3475,0,0,0,45.3475,0
48.6446,1.8573,0,0,2.23058,0.283833,0.36288,3.6288,60.3859,0.0345791,0,0,0.66135,0.225939,0,0.66528,12.849,1,0.487846,0.36288,0,37.8721,3.94804,33.7991,0.84672,12.849,0.84672,3695.15,0,18.483,0,0.725639,1.2602,5.24,0.978689,6.24715,0.42336,18.483,0.42336,0,0,442.007,0,1.02816,0,0,1.7538,0.725639,1.028160,1,0,40.0463,0,0,0,40.0463,0
49.8497,1.85566,0,0,3.68022,0.256615,0.36288,3.6288,61.1927,0.0348804,0,0,1.04516,0.203406,0,0.66528,12.849,1,0.490154,0.36288,0,68.9971,3.77286,65.097,0.84672,12.849,0.84672,3695.15,0,18.483,0,1.8653,1.26055,6.53296,0.913597,8.74522,0.42336,18.483,0.42336,0,0,442.007,0,1.02816,0,0,2.89346,1.8653,1.028160,1,0,73.8422,0,0,0,73.8422,0
49.4168,1.86561,0,0,2.05553,0.259956,0.36288,3.6288,61.308,0.0351818,0,0,0.620694,0.20445,0.265794,0.66528,12.849,1,0.48087,0.36288,0,46.2917,3.77286,42.4009,0.84672,12.849,0.84672,3695.15,0,18.483,0,0.872752,1.26091,5.69909,0.913597,6.91916,0.42336,18.483,0.42336,0,0,442.007,0,1.02816,0,0,1.90091,0.872752,1.028160,1,0,49.5858,0,0,0,49.5858,0
48.5019,1.86279,0,0,1.57408,0.263282,0.36288,3.6288,61.308,0.168479,0,0,0.394405,0.209932,0.0159941,0.66528,12.849,1,0.484351,0.36288,0,30.5021,3.88715,26.4934,0.84672,12.849,0.84672,3695.15,0,18.483,0,0.412474,1.26127,6.50691,0.949248,7.23141,0.42336,18.483,0.42336,0,0,442.007,0,0.895164,0,0,1.30764,0.412474,1.028160,1,0,33.7408,0,0,0,33.7408,0
49.296,1.85557,0,0,3.29661,0.284094,0.36288,3.6288,61.308,0.0354834,0,0,1.02321,0.240941,0.746786,0.66528,12.849,1,0.491573,0.36288,0,54.2427,4.56799,49.546,0.84672,12.849,0.84672,3695.15,0,18.483,0,1.52269,1.26163,7.5125,1.19137,9.10545,0.42336,18.483,0.42336,0,0,442.007,0,1.02816,0,0,2.55085,1.52269,1.028160,1,0,59.3982,0,0,0,59.3982,0
53.8875,1.92071,0,0,7.14075,0.265633,0.36288,3.6288,61.308,0.0701793,0,0,3.0453,0.23501,2.74011,0.66528,12.849,1,0.500634,0.36288,0,93.928,4.53884,89.2514,0.84672,12.849,0.84672,3695.15,0,18.483,0,4.11756,1.26163,12.7711,1.36063,16.7897,0.42336,18.483,0.42336,0,0,442.007,0,1.02816,0,0,5.14572,4.11756,1.028160,1,0,108.781,0,0,0,108.781,0
56.4038,1.95569,0,0,5.11351,0.278633,0.36288,3.6288,61.308,0.0704789,0,0,2.34021,0.23501,2.03472,0.66528,12.849,1,0.466317,0.36288,0,96.2505,4.53884,91.6082,0.84672,12.849,0.84672,3695.15,0,18.483,0,3.11491,1.30234,12.3639,1.36063,15.4205,0.42336,18.483,0.42336,0,0,442.007,0,1.02816,0,0,4.14307,3.11491,1.028160,1,0,109.063,0,0,0,109.063,0
58.8462,1.97317,0,0,5.04371,0.265208,0.36288,3.6288,61.308,0.0707786,0,0,2.02885,0.236335,1.72174,0.66528,12.849,1,0.449496,0.36288,0,81.5175,4.4541,76.9768,0.84672,12.849,0.84672,3695.15,0,18.483,0,2.56529,1.30269,11.7012,1.26931,14.2999,0.42336,18.483,0.42336,0,0,442.007,0,1.02816,0,0,3.59345,2.56529,1.028160,1,0,92.9985,0,0,0,92.9985,0
60.3626,1.98903,0,0,4.14422,0.275922,0.36288,3.6288,61.308,0.0710782,0,0,2.30026,0.238647,1.99054,0.66528,12.849,1,0.434301,0.36288,0,116.122,4.03608,112.014,0.84672,12.849,0.84672,3695.15,0,18.483,0,2.90909,1.30305,10.4965,1.00067,13.7079,0.42336,18.483,0.42336,0,0,442.007,0,1.02816,0,0,3.93725,2.90909,1.028160,1,0,127.713,0,0,0,127.713,0
65.1677,2.1935,0,0,7.61899,0.257565,0.36288,3.6288,61.308,0.20066,0,0,4.38698,0.213431,3.97289,0.66528,12.849,1,0.466916,0.36288,0,134.368,3.00575,131.258,0.84672,12.849,0.84672,3695.15,0,18.483,0,6.02768,1.3034,18.0869,0.79184,24.6261,0.42336,18.483,0.42336,0,0,442.007,0,1.02816,0,0,7.05584,6.02768,1.028160,1,0,159.857,0,0,0,159.857,0
72.29,2.22287,0,0,11.0379,0.295336,1.39733,3.6288,61.308,0.200995,0,0,4.85111,0.214438,4.43568,0.66528,12.849,1,0.438279,1.39733,0,243.81,3.65263,241.117,0.84672,12.849,0.84672,3695.15,0,18.483,0,8.71785,1.44795,28.2007,0.963539,37.403,0.42336,18.483,0.42336,0,0,442.007,0,1.02816,0,0,9.74601,8.71785,1.028160,1,0,282.955,0,0,0,282.955,0
72.29,2.26015,0,0,6.59243,0.319386,4.0129,3.6288,61.308,0.20133,0,0,3.35161,0.215846,2.93443,0.66528,12.849,1,0.401724,4.0129,0,154.22,3.82767,154.003,0.84672,12.849,0.84672,3695.15,0,18.483,0,4.40085,1.44834,16.3506,1.00492,21.1949,0.42336,18.483,0.42336,0,0,442.007,0,1.02816,0,0,5.42901,4.40085,1.028160,1,0,178.132,0,0,0,178.132,0
72.29,2.26076,0,0,4.76405,0.319386,2.1839,3.6288,61.308,0.201666,0,0,2.53765,0.215846,2.12013,0.66528,12.849,1,0.401833,2.1839,0,99.0377,3.82767,96.9921,0.84672,12.849,0.84672,3695.15,0,18.483,0,3.16869,1.44874,11.8481,1.00492,15.4606,0.42336,18.483,0.42336,0,0,442.007,0,1.02816,0,0,4.19685,3.16869,1.028160,1,0,114.573,0,0,0,114.573,0
72.29,1.97473,0,0,6.45646,0.322637,4.15908,3.6288,61.308,0.0283133,0,0,3.45374,0.19622,3.2292,0.66528,12.849,1,0.350994,4.15908,0,97.1188,3.32944,97.5974,0.84672,12.849,0.84672,3695.15,0,18.483,0,3.60759,1.44913,18.7481,0.816918,22.9879,0.42336,18.483,0.42336,0,0,442.007,0,1.02816,0,0,4.63575,3.60759,1.028160,1,0,123.815,0,0,0,123.815,0
72.29,1.97527,0,0,6.28429,0.323938,3.98508,3.6288,61.308,0.0286014,0,0,3.20695,0.18837,2.98998,0.66528,12.849,1,0.35109,3.98508,0,112.436,3.13015,112.94,0.84672,12.849,0.84672,3695.15,0,18.483,0,2.13247,1.25207,15.3451,0.741718,17.9879,0.42336,18.483,0.42336,0,0,442.007,0,1.02816,0,0,3.16063,2.13247,1.028160,1,0,133.917,0,0,0,133.917,0
72.29,1.97581,0,0,4.37107,0.323938,2.07132,3.6288,61.308,0.0288894,0,0,2.29112,0.18837,2.07386,0.66528,12.849,1,0.351185,2.07132,0,104.258,3.13015,102.848,0.84672,12.849,0.84672,3695.15,0,18.483,0,1.77201,1.25241,14.7519,0.741718,17.0346,0.42336,18.483,0.42336,0,0,442.007,0,1.02816,0,0,2.80017,1.77201,1.028160,1,0,121.957,0,0,0,121.957,0
72.29,1.97635,0,0,4.85844,0.255969,2.62612,3.6288,61.308,0.0291776,0,0,2.02934,0.152272,1.84789,0.66528,12.849,1,0.351281,2.62612,0,94.735,2.60698,94.4029,0.84672,12.849,0.84672,3695.15,0,18.483,0,1.51337,1.25276,13.9419,0.666566,16.0415,0.42336,18.483,0.42336,0,0,442.007,0,1.02816,0,0,2.54153,1.51337,1.028160,1,0,112.292,0,0,0,112.292,0
72.29,1.97689,0,0,3.98938,0.263192,1.7493,3.6288,61.308,0.0294658,0,0,2.02854,0.14677,1.85231,0.66528,12.849,1,0.351377,1.7493,0,77.355,2.54784,76.2051,0.84672,12.849,0.84672,3695.15,0,18.483,0,1.49088,1.2531,11.3971,0.598481,13.5426,0.42336,18.483,0.42336,0,0,442.007,0,1.02816,0,0,2.51904,1.49088,1.028160,1,0,91.6,0,0,0,91.6,0
72.29,2.04968,0,0,4.37903,0.30713,2.02222,3.6288,61.308,0.0723024,0,0,1.87577,0.159364,1.6441,0.66528,12.849,1,0.364315,2.02222,0,57.9706,2.80894,56.8196,0.84672,12.849,0.84672,3695.15,0,18.483,0,1.98948,1.25344,7.53676,0.573356,10.2063,0.42336,18.483,0.42336,0,0,442.007,0,1.02816,0,0,3.01764,1.98948,1.028160,1,0,68.67,0,0,0,68.67,0
72.29,2.05024,0,0,5.16116,0.3053,2.80562,3.6288,61.308,0.0726023,0,0,1.73241,0.167846,1.49196,0.66528,12.849,1,0.364414,2.80562,0,83.0279,2.95218,82.5169,0.84672,12.849,0.84672,3695.15,0,18.483,0,0.790906,1.3026,8.43368,0.658686,9.8685,0.42336,18.483,0.42336,0,0,442.007,0,1.02816,0,0,1.81907,0.790906,1.028160,1,0,93.8774,0,0,0,93.8774,0
72.29,2.0508,0,0,4.28625,0.3053,1.93016,3.6288,61.308,0.0729023,0,0,2.40411,0.167846,2.16337,0.66528,12.849,1,0.364513,1.93016,0,61.4922,2.95218,60.1056,0.84672,12.849,0.84672,3695.15,0,18.483,0,2.31797,1.30295,9.93142,0.658686,12.8937,0.42336,18.483,0.42336,0,0,442.007,0,1.02816,0,0,3.34613,2.31797,1.028160,1,0,75.1627,0,0,0,75.1627,0
72.29,2.05135,0,0,4.39056,0.3053,2.03391,3.6288,61.308,0.0732023,0,0,2.65842,0.167846,2.41738,0.66528,12.849,1,0.364613,2.03391,0,90.174,2.95218,88.8911,0.84672,12.849,0.84672,3695.15,0,18.483,0,1.85551,1.30331,10.8958,0.658686,13.396,0.42336,18.483,0.42336,0,0,442.007,0,1.02816,0,0,2.88367,1.85551,1.028160,1,0,104.704,0,0,0,104.704,0
72.29,2.02363,0,0,3.05646,0.263947,0.768882,3.6288,61.308,0.056959,0,0,1.38425,0.204658,1.12263,0.66528,12.849,1,0.359685,0.768882,0,51.3441,3.98023,47.773,0.84672,12.849,0.84672,3695.15,0,18.483,0,1.5313,1.30366,6.60856,0.881237,8.56229,0.42336,18.483,0.42336,0,0,442.007,0,1.02816,0,0,2.55946,1.5313,1.028160,1,0,57.4579,0,0,0,57.4579,0
72.29,2.02418,0,0,2.75889,0.263947,0.47076,3.6288,61.308,0.0572546,0,0,1.38861,0.204658,1.1267,0.66528,12.849,1,0.359783,0.47076,0,47.1175,3.98023,43.2482,0.84672,12.849,0.84672,3695.15,0,18.483,0,1.63776,1.285,8.41208,0.881237,10.4536,0.42336,18.483,0.42336,0,0,442.007,0,1.02816,0,0,2.66592,1.63776,1.028160,1,0,54.8285,0,0,0,54.8285,0
72.29,2.02474,0,0,4.26406,0.263947,1.97537,3.6288,61.308,0.0575504,0,0,1.69608,0.204658,1.43387,0.66528,12.849,1,0.359881,1.97537,0,59.2441,3.98023,56.8794,0.84672,12.849,0.84672,3695.15,0,18.483,0,2.05622,1.28535,7.58834,0.881237,10.0487,0.42336,18.483,0.42336,0,0,442.007,0,1.02816,0,0,3.08438,2.05622,1.028160,1,0,68.3619,0,0,0,68.3619,0
72.29,2.02529,0,0,2.85458,0.21828,0.611012,3.6288,61.308,0.0578461,0,0,1.49147,0.215368,1.21826,0.66528,12.849,1,0.359979,0.611012,0,50.8252,4.30531,46.771,0.84672,12.849,0.84672,3695.15,0,18.483,0,1.70566,1.2857,6.7506,0.821059,8.9209,0.42336,18.483,0.42336,0,0,442.007,0,1.02816,0,0,2.73382,1.70566,1.028160,1,0,56.9101,0,0,0,56.9101,0
72.0765,2.12194,0,0,2.48772,0.216446,0.36288,3.6288,61.308,0.116873,0,0,1.11605,0.218569,0.780604,0.66528,12.849,1,0.377158,0.36288,0,38.2148,4.34648,33.8541,0.84672,12.849,0.84672,3695.15,0,18.483,0,1.13849,1.28605,5.3268,0.921934,6.82941,0.42336,18.483,0.42336,0,0,442.007,0,1.02816,0,0,2.16665,1.13849,1.028160,1,0,41.4641,0,0,0,41.4641,0
71.6846,2.12157,0,0,2.25936,0.166821,0.36288,3.6288,61.308,0.117185,0,0,0.977962,0.226017,0.634759,0.66528,12.849,1,0.37821,0.36288,0,31.3513,4.53568,26.8003,0.84672,12.849,0.84672,3695.15,0,18.483,0,1.06765,1.35298,4.52805,0.942941,6.00575,0.42336,18.483,0.42336,0,0,442.007,0,1.02816,0,0,2.09581,1.06765,1.028160,1,0,33.4408,0,0,0,33.4408,0
71.228,2.12039,0,0,2.19305,0.166324,0.36288,3.6288,61.308,0.117497,0,0,1.03857,0.226017,0.695057,0.66528,12.849,1,0.380067,0.36288,0,29.8825,4.53568,25.3296,0.84672,12.849,0.84672,3695.15,0,18.483,0,1.04363,1.35335,4.81691,0.942941,6.27096,0.42336,18.483,0.42336,0,0,442.007,0,1.02816,0,0,2.07179,1.04363,1.028160,1,0,32.2956,0,0,0,32.2956,0
70.661,2.1189,0,0,2.08054,0.165746,0.36288,3.6288,61.308,0.117809,0,0,1.00924,0.226017,0.665412,0.66528,12.849,1,0.382235,0.36288,0,28.0665,4.53568,23.5115,0.84672,12.849,0.84672,3695.15,0,18.483,0,0.955454,1.35372,4.45351,0.942941,5.81975,0.42336,18.483,0.42336,0,0,442.007,0,1.02816,0,0,1.98361,0.955454,1.028160,1,0,29.9966,0,0,0,29.9966,0
69.9968,2.11689,0,0,1.98656,0.170975,0.36288,3.6288,61.308,0.118121,0,0,1.06294,0.213523,0.731301,0.66528,12.849,1,0.384934,0.36288,0,28.736,4.17316,24.5408,0.84672,12.849,0.84672,3695.15,0,18.483,0,0.846979,1.35409,4.44109,0.936497,5.70566,0.42336,18.483,0.42336,0,0,442.007,0,1.02816,0,0,1.87514,0.846979,1.028160,1,0,30.9778,0,0,0,30.9778,0
69.3871,2.09544,0,0,1.99441,0.145846,0.36288,3.6288,61.308,0.150757,0,0,1.27185,0.215961,0.905133,0.66528,12.849,1,0.38465,0.36288,0,33.8175,4.04585,29.7499,0.84672,12.849,0.84672,3695.15,0,18.483,0,1.1201,1.35446,4.54265,1.03098,5.98623,0.42336,18.483,0.42336,0,0,442.007,0,1.02816,0,0,2.14826,1.1201,1.028160,1,0,36.6412,0,0,0,36.6412,0
68.7112,2.09316,0,0,1.89613,0.116008,0.36288,3.6288,61.308,0.151078,0,0,1.21246,0.241218,0.820164,0.66528,12.849,1,0.387608,0.36288,0,32.0617,4.63008,27.4069,0.84672,12.849,0.84672,3695.15,0,18.483,0,1.0713,1.3756,4.43022,1.11392,5.7632,0.42336,18.483,0.42336,0,0,442.007,0,1.02816,0,0,2.09946,1.0713,1.028160,1,0,33.9903,0,0,0,33.9903,0
68.0057,2.09051,0,0,1.86334,0.1154,0.36288,3.6288,61.308,0.151399,0,0,1.10862,0.241218,0.716008,0.66528,12.849,1,0.390926,0.36288,0,31.6111,4.63008,26.953,0.84672,12.849,0.84672,3695.15,0,18.483,0,1.04433,1.37597,4.32148,1.11392,5.62786,0.42336,18.483,0.42336,0,0,442.007,0,1.02816,0,0,2.07249,1.04433,1.028160,1,0,33.2968,0,0,0,33.2968,0
67.1674,2.08767,0,0,1.72696,0.114765,0.36288,3.6288,61.308,0.15172,0,0,1.06244,0.241218,0.669506,0.66528,12.849,1,0.394444,0.36288,0,28.829,4.63008,24.1674,0.84672,12.849,0.84672,3695.15,0,18.483,0,1.04249,1.37635,4.16332,1.11392,5.46824,0.42336,18.483,0.42336,0,0,442.007,0,1.02816,0,0,2.07065,1.04249,1.028160,1,0,30.3051,0,0,0,30.3051,0
66.1567,2.13274,0,0,1.58909,0.104129,0.36288,3.6288,61.308,0.18088,0,0,1.06335,0.296983,0.585488,0.66528,12.849,1,0.40799,0.36288,0,28.4081,5.83131,22.5316,0.84672,12.849,0.84672,3695.15,0,18.483,0,0.602346,1.37672,3.3231,1.47061,3.83156,0.42336,18.483,0.42336,0,0,442.007,0,1.02816,0,0,1.63051,0.602346,1.028160,1,0,26.9487,0,0,0,26.9487,0
65.067,2.1281,0,0,1.50293,0.101664,0.36288,3.6288,61.308,0.181209,0,0,0.942149,0.306277,0.454663,0.66528,12.849,1,0.413322,0.36288,0,27.6121,6.03151,21.5301,0.84672,12.849,0.84672,3695.15,0,18.483,0,0.661435,1.41024,3.39758,1.53006,3.9392,0.42336,18.483,0.42336,0,0,442.007,0,1.02816,0,0,1.6896,0.661435,1.028160,1,0,25.924,0,0,0,25.924,0
63.8868,2.1229,0,0,1.40638,0.100782,0.36288,3.6288,61.308,0.181538,0,0,0.872104,0.306277,0.384289,0.66528,12.849,1,0.419216,0.36288,0,24.9267,6.03151,18.8389,0.84672,12.849,0.84672,3695.15,0,18.483,0,0.588937,1.41062,3.0323,1.53006,3.5018,0.42336,18.483,0.42336,0,0,442.007,0,1.02816,0,0,1.6171,0.588937,1.028160,1,0,22.725,0,0,0,22.725,0
62.5982,2.11703,0,0,1.29113,0.0998276,0.36288,3.6288,61.308,0.181868,0,0,0.862505,0.306277,0.374361,0.66528,12.849,1,0.42578,0.36288,0,22.786,6.03151,16.6916,0.84672,12.849,0.84672,3695.15,0,18.483,0,0.456123,1.41101,2.96571,1.53006,3.30278,0.42336,18.483,0.42336,0,0,442.007,0,1.02816,0,0,1.48428,0.456123,1.028160,1,0,20.3687,0,0,0,20.3687,0
61.2494,2.25127,0,0,1.37054,0.105196,0.36288,3.6288,61.308,0.286403,0,0,1.00594,0.291663,0.427871,0.66528,12.849,1,0.462099,0.36288,0,21.7162,5.97612,15.6409,0.84672,12.849,0.84672,3695.15,0,18.483,0,0.925465,1.41139,4.02348,1.46656,4.89377,0.42336,18.483,0.42336,0,0,442.007,0,1.02816,0,0,1.95362,0.925465,1.028160,1,0,20.9625,0,0,0,20.9625,0
59.5233,2.24347,0,0,1.00874,0.12845,0.36288,3.6288,61.308,0.286761,0,0,0.888019,0.27638,0.324878,0.66528,12.849,1,0.470639,0.36288,0,18.9741,5.64994,13.2164,0.84672,12.849,0.84672,3695.15,0,18.483,0,0.692263,1.52412,2.99948,1.32145,3.89441,0.42336,18.483,0.42336,0,0,442.007,0,1.02816,0,0,1.72042,0.692263,1.028160,1,0,17.4357,0,0,0,17.4357,0
57.854,2.23285,0,0,1.05289,0.126494,0.36288,3.6288,61.308,0.287119,0,0,0.889436,0.27638,0.325938,0.66528,12.849,1,0.481995,0.36288,0,18.9359,5.64994,13.1668,0.84672,12.849,0.84672,3695.15,0,18.483,0,0.840326,1.52453,3.3648,1.32145,4.40822,0.42336,18.483,0.42336,0,0,442.007,0,1.02816,0,0,1.86849,0.840326,1.028160,1,0,17.9009,0,0,0,17.9009,0
56.3653,2.22208,0,0,1.22075,0.124466,0.36288,3.6288,61.308,0.287477,0,0,0.92982,0.27638,0.365963,0.66528,12.849,1,0.493509,0.36288,0,18.0676,5.64994,12.287,0.84672,12.849,0.84672,3695.15,0,18.483,0,0.777246,1.52495,4.19823,1.32145,5.17897,0.42336,18.483,0.42336,0,0,442.007,0,1.02816,0,0,1.80541,0.777246,1.028160,1,0,17.832,0,0,0,17.832,0
54.5571,2.21206,0,0,0.894776,0.12802,0.36288,3.6288,61.308,0.287835,0,0,0.776664,0.27163,0.217199,0.66528,12.849,1,0.504261,0.36288,0,17.261,5.43796,11.6816,0.84672,12.849,0.84672,3695.15,0,18.483,0,0.698259,1.52536,2.86678,1.2645,3.8259,0.42336,18.483,0.42336,0,0,442.007,0,1.02816,0,0,1.72642,0.698259,1.028160,1,0,15.7247,0,0,0,15.7247,0
52.8955,2.13204,0,0,0.960483,0.127141,0.36288,3.6288,61.308,0.224857,0,0,0.806031,0.242567,0.338606,0.66528,12.849,1,0.502126,0.36288,0,17.3523,4.01068,13.2024,0.84672,12.849,0.84672,3695.15,0,18.483,0,1.20373,1.52578,3.02431,0.953265,4.80056,0.42336,18.483,0.42336,0,0,442.007,0,1.02816,0,0,2.23189,1.20373,1.028160,1,0,18.3415,0,0,0,18.3415,0
51.2181,2.11992,0,0,0.930355,0.12501,0.36288,3.6288,61.308,0.225198,0,0,0.807071,0.242567,0.339306,0.66528,12.849,1,0.514956,0.36288,0,16.6444,4.01068,12.4817,0.84672,12.849,0.84672,3695.15,0,18.483,0,1.20997,1.46172,2.76908,0.953265,4.48751,0.42336,18.483,0.42336,0,0,442.007,0,1.02816,0,0,2.23813,1.20997,1.028160,1,0,17.3085,0,0,0,17.3085,0
49.5185,2.10701,0,0,0.893195,0.122858,0.36288,3.6288,61.308,0.225539,0,0,0.824884,0.242567,0.356778,0.66528,12.849,1,0.528583,0.36288,0,15.8604,4.01068,11.684,0.84672,12.849,0.84672,3695.15,0,18.483,0,1.41462,1.46212,2.73823,0.953265,4.66171,0.42336,18.483,0.42336,0,0,442.007,0,1.02816,0,0,2.44278,1.41462,1.028160,1,0,16.7025,0,0,0,16.7025,0
48.324,2.09318,0,0,1.44491,0.183392,0.36288,3.6288,61.308,0.22588,0,0,1.00588,0.234396,0.545602,0.66528,12.849,1,0.543135,0.36288,0,28.2525,4.08856,23.9837,0.84672,12.849,0.84672,3695.15,0,18.483,0,2.05988,1.46252,4.18008,1.05248,6.65,0.42336,18.483,0.42336,0,0,442.007,0,1.02816,0,0,3.08804,2.05988,1.028160,1,0,31.1793,0,0,0,31.1793,0
46.6606,2.02933,0,0,0.947578,0.218757,0.36288,3.6288,61.308,0.168507,0,0,0.67344,0.266149,0.238783,0.66528,12.849,1,0.539583,0.36288,0,25.3651,4.89773,20.2906,0.84672,12.849,0.84672,3695.15,0,18.483,0,0.762981,1.46292,2.83383,1.2874,3.77233,0.42336,18.483,0.42336,0,0,442.007,0,1.02816,0,0,1.79114,0.762981,1.028160,1,0,24.3017,0,0,0,24.3017,0
46.1266,2.01479,0,0,2.05506,0.211376,0.36288,3.6288,61.308,0.168833,0,0,1.2229,0.281302,0.772762,0.66528,12.849,1,0.554816,0.36288,0,40.8775,5.19803,35.4875,0.84672,12.849,0.84672,3695.15,0,18.483,0,1.75395,1.40596,7.53123,1.35161,9.33954,0.42336,18.483,0.42336,0,0,442.007,0,1.02816,0,0,2.78211,1.75395,1.028160,1,0,45.5998,0,0,0,45.5998,0
45.7337,2.01031,0,0,2.19037,0.210126,0.36288,3.6288,61.308,0.169158,0,0,1.01457,0.281302,0.564109,0.66528,12.849,1,0.559992,0.36288,0,44.135,5.19803,38.7399,0.84672,12.849,0.84672,3695.15,0,18.483,0,1.2238,1.40634,6.49446,1.35161,7.77299,0.42336,18.483,0.42336,0,0,442.007,0,1.02816,0,0,2.25196,1.2238,1.028160,1,0,47.077,0,0,0,47.077,0
45.2992,2.0071,0,0,2.14517,0.209639,0.36288,3.6288,61.308,0.169484,0,0,1.84431,0.28083,1.394,0.66528,12.849,1,0.563902,0.36288,0,44.5687,5.45326,38.9144,0.84672,12.849,0.84672,3695.15,0,18.483,0,2.09556,1.40672,8.27228,1.42376,10.3508,0.42336,18.483,0.42336,0,0,442.007,0,1.02816,0,0,3.12372,2.09556,1.028160,1,0,50.6592,0,0,0,50.6592,0
46.4127,1.85255,0,0,3.55384,0.224906,0.36288,3.6288,61.308,0.0494776,0,0,2.48156,0.253302,2.17878,0.66528,12.849,1,0.525472,0.36288,0,62.0188,4.98962,56.8666,0.84672,12.849,0.84672,3695.15,0,18.483,0,2.36112,1.40711,10.1626,1.28964,12.6412,0.42336,18.483,0.42336,0,0,442.007,0,1.02816,0,0,3.38928,2.36112,1.028160,1,0,71.6866,0,0,0,71.6866,0
49.3166,1.86293,0,0,5.35809,0.228344,0.36288,3.6288,61.308,0.0497705,0,0,4.84115,0.235342,4.55603,0.66528,12.849,1,0.515739,0.36288,0,76.0041,4.3701,71.4811,0.84672,12.849,0.84672,3695.15,0,18.483,0,4.28742,1.27822,17.1739,1.11061,21.6289,0.42336,18.483,0.42336,0,0,442.007,0,1.02816,0,0,5.31558,4.28742,1.028160,1,0,97.6661,0,0,0,97.6661,0
54.3405,1.88754,0,0,7.51004,0.235707,0.36288,3.6288,61.308,0.0500636,0,0,5.94364,0.235342,5.65823,0.66528,12.849,1,0.491781,0.36288,0,176.374,4.3701,171.875,0.84672,12.849,0.84672,3695.15,0,18.483,0,5.90327,1.27857,18.242,1.11061,24.3132,0.42336,18.483,0.42336,0,0,442.007,0,1.02816,0,0,6.93143,5.90327,1.028160,1,0,201.846,0,0,0,201.846,0
59.8738,1.92483,0,0,8.06926,0.248325,0.36288,3.6288,61.308,0.0503568,0,0,7.39098,0.235342,7.10529,0.66528,12.849,1,0.455133,0.36288,0,114.808,4.3701,110.346,0.84672,12.849,0.84672,3695.15,0,18.483,0,5.26961,1.27892,19.3152,1.11061,24.7532,0.42336,18.483,0.42336,0,0,442.007,0,1.02816,0,0,6.29777,5.26961,1.028160,1,0,142.204,0,0,0,142.204,0
64.7383,1.96,0,0,7.46245,0.275064,0.36288,3.6288,61.308,0.05065,0,0,6.38239,0.230575,6.10117,0.66528,12.849,1,0.420618,0.36288,0,132.756,4.18278,128.516,0.84672,12.849,0.84672,3695.15,0,18.483,0,4.92826,1.27927,19.0238,1.07255,24.1588,0.42336,18.483,0.42336,0,0,442.007,0,1.02816,0,0,5.95642,4.92826,1.028160,1,0,158.776,0,0,0,158.776,0
66.5566,2.04914,0,0,4.47181,0.241475,0.36288,3.6288,61.308,0.0858275,0,0,2.53445,0.161697,2.28692,0.66528,12.849,1,0.406705,0.36288,0,181.944,2.97234,178.928,0.84672,12.849,0.84672,3695.15,0,18.483,0,5.25017,1.27962,10.6574,0.734654,16.4525,0.42336,18.483,0.42336,0,0,442.007,0,1.02816,0,0,6.27833,5.25017,1.028160,1,0,197.667,0,0,0,197.667,0
67.0829,2.05899,0,0,3.1932,0.245009,0.36288,3.6288,61.308,0.0861183,0,0,2.21972,0.161697,1.9719,0.66528,12.849,1,0.397495,0.36288,0,87.6113,2.97234,84.6044,0.84672,12.849,0.84672,3695.15,0,18.483,0,4.0395,1.32089,6.72581,0.734654,11.3515,0.42336,18.483,0.42336,0,0,442.007,0,1.02816,0,0,5.06766,4.0395,1.028160,1,0,97.9278,0,0,0,97.9278,0
67.873,2.06214,0,0,3.46108,0.246032,0.36288,3.6288,61.308,0.0864091,0,0,2.5992,0.161697,2.35109,0.66528,12.849,1,0.394981,0.36288,0,96.7524,2.97234,93.748,0.84672,12.849,0.84672,3695.15,0,18.483,0,4.96917,1.32124,9.42797,0.734654,14.9837,0.42336,18.483,0.42336,0,0,442.007,0,1.02816,0,0,5.99733,4.96917,1.028160,1,0,111.083,0,0,0,111.083,0
69.8997,2.06655,0,0,4.77249,0.316345,0.36288,3.6288,61.308,0.0867001,0,0,2.81214,0.132095,2.59334,0.66528,12.849,1,0.391217,0.36288,0,100.732,3.21327,97.4904,0.84672,12.849,0.84672,3695.15,0,18.483,0,5.31986,1.32158,12.7551,0.880791,18.5157,0.42336,18.483,0.42336,0,0,442.007,0,1.02816,0,0,6.34802,5.31986,1.028160,1,0,118.599,0,0,0,118.599,0
71.3485,2.27923,0,0,4.393,0.302086,0.36288,3.6288,61.308,0.218109,0,0,2.31215,0.133721,1.96032,0.66528,12.849,1,0.418969,0.36288,0,118.185,3.54322,114.586,0.84672,12.849,0.84672,3695.15,0,18.483,0,3.74629,1.32193,12.6126,0.992728,16.6881,0.42336,18.483,0.42336,0,0,442.007,0,1.02816,0,0,4.77445,3.74629,1.028160,1,0,133.234,0,0,0,133.234,0
71.3509,2.28703,0,0,2.93439,0.282005,0.36288,3.6288,61.308,0.218434,0,0,2.7686,0.13864,2.41153,0.66528,12.849,1,0.411867,0.36288,0,101.18,3.76057,97.37,0.84672,12.849,0.84672,3695.15,0,18.483,0,3.7045,1.46851,10.1237,1.05841,14.2383,0.42336,18.483,0.42336,0,0,442.007,0,1.02816,0,0,4.73266,3.7045,1.028160,1,0,114.02,0,0,0,114.02,0
72.29,2.28764,0,0,4.0682,0.296367,0.545134,3.6288,61.308,0.21876,0,0,1.86971,0.131103,1.51985,0.66528,12.849,1,0.411962,0.545134,0,142.853,3.80435,139.182,0.84672,12.849,0.84672,3695.15,0,18.483,0,3.44129,1.46889,7.9431,1.03925,11.814,0.42336,18.483,0.42336,0,0,442.007,0,1.02816,0,0,4.46945,3.44129,1.028160,1,0,152.516,0,0,0,152.516,0
72.29,2.29278,0,0,5.98575,0.354952,3.33801,3.6288,61.308,0.219085,0,0,2.10216,0.139693,1.74338,0.66528,12.849,1,0.407525,3.33801,0,138.365,3.83829,137.457,0.84672,12.849,0.84672,3695.15,0,18.483,0,6.52299,1.46928,10.3571,1.03244,17.3169,0.42336,18.483,0.42336,0,0,442.007,0,1.02816,0,0,7.55115,6.52299,1.028160,1,0,156.518,0,0,0,156.518,0
72.29,2.00268,0,0,4.63952,0.320972,2.31586,3.6288,61.308,0.0432647,0,0,1.73947,0.16435,1.53186,0.66528,12.849,1,0.355961,2.31586,0,138.112,4.20198,135.87,0.84672,12.849,0.84672,3695.15,0,18.483,0,3.00626,1.46966,8.85228,1.15167,12.1765,0.42336,18.483,0.42336,0,0,442.007,0,1.02816,0,0,4.03442,3.00626,1.028160,1,0,149.578,0,0,0,149.578,0
72.29,2.0032,0,0,4.42531,0.283586,2.13852,3.6288,61.308,0.0435443,0,0,1.78219,0.112556,1.62609,0.66528,12.849,1,0.356054,2.13852,0,105.463,4.05636,103.189,0.84672,12.849,0.84672,3695.15,0,18.483,0,3.74833,1.26979,9.42002,0.995569,13.4426,0.42336,18.483,0.42336,0,0,442.007,0,1.02816,0,0,4.77649,3.74833,1.028160,1,0,118.258,0,0,0,118.258,0
72.29,2.00373,0,0,4.04327,0.283586,1.75596,3.6288,61.308,0.0438238,0,0,1.47086,0.112556,1.31448,0.66528,12.849,1,0.356147,1.75596,0,95.6267,4.05636,92.9701,0.84672,12.849,0.84672,3695.15,0,18.483,0,2.70219,1.27012,8.01317,0.995569,10.9899,0.42336,18.483,0.42336,0,0,442.007,0,1.02816,0,0,3.73035,2.70219,1.028160,1,0,105.274,0,0,0,105.274,0
72.29,2.00425,0,0,4.38087,0.283586,2.09303,3.6288,61.308,0.0441036,0,0,1.48889,0.112556,1.33223,0.66528,12.849,1,0.35624,2.09303,0,104.441,4.05636,102.122,0.84672,12.849,0.84672,3695.15,0,18.483,0,2.60004,1.27045,8.00764,0.995569,10.8826,0.42336,18.483,0.42336,0,0,442.007,0,1.02816,0,0,3.6282,2.60004,1.028160,1,0,114.336,0,0,0,114.336,0
72.29,2.00477,0,0,3.71685,0.294784,1.41729,3.6288,61.308,0.0443833,0,0,1.34583,0.134788,1.16666,0.66528,12.849,1,0.356333,1.41729,0,86.3404,3.69738,83.704,0.84672,12.849,0.84672,3695.15,0,18.483,0,2.06426,1.27079,7.13776,1.01927,9.45354,0.42336,18.483,0.42336,0,0,442.007,0,1.02816,0,0,3.09242,2.06426,1.028160,1,0,94.3242,0,0,0,94.3242,0
72.29,2.07856,0,0,5.53318,0.29494,3.15967,3.6288,61.308,0.087811,0,0,1.36368,0.178628,1.09724,0.66528,12.849,1,0.369449,3.15967,0,126.59,4.13364,125.246,0.84672,12.849,0.84672,3695.15,0,18.483,0,2.85082,1.27112,12.3079,1.16571,15.2642,0.42336,18.483,0.42336,0,0,442.007,0,1.02816,0,0,3.87898,2.85082,1.028160,1,0,141.608,0,0,0,141.608,0
72.29,2.07911,0,0,4.87719,0.29494,2.50315,3.6288,61.308,0.0881021,0,0,1.3319,0.178628,1.06517,0.66528,12.849,1,0.369545,2.50315,0,110.201,4.13364,108.201,0.84672,12.849,0.84672,3695.15,0,18.483,0,2.48636,1.32096,11.3748,1.16571,14.0164,0.42336,18.483,0.42336,0,0,442.007,0,1.02816,0,0,3.51452,2.48636,1.028160,1,0,123.283,0,0,0,123.283,0
72.29,2.07965,0,0,3.72806,0.29494,1.35347,3.6288,61.308,0.0883933,0,0,1.01288,0.178628,0.745855,0.66528,12.849,1,0.369642,1.35347,0,82.2632,4.13364,79.1134,0.84672,12.849,0.84672,3695.15,0,18.483,0,1.52997,1.3213,8.33812,1.16571,10.0237,0.42336,18.483,0.42336,0,0,442.007,0,1.02816,0,0,2.55813,1.52997,1.028160,1,0,89.8829,0,0,0,89.8829,0
72.29,2.08019,0,0,3.32552,0.263221,0.982107,3.6288,61.308,0.0886844,0,0,0.854643,0.194018,0.571941,0.66528,12.849,1,0.369738,0.982107,0,72.9337,4.29691,69.2491,0.84672,12.849,0.84672,3695.15,0,18.483,0,1.30277,1.32165,7.36888,1.18035,8.81295,0.42336,18.483,0.42336,0,0,442.007,0,1.02816,0,0,2.33093,1.30277,1.028160,1,0,78.634,0,0,0,78.634,0
72.29,2.05205,0,0,3.3366,0.26582,1.01873,3.6288,61.308,0.0722,0,0,1.05149,0.226542,0.752746,0.66528,12.849,1,0.364737,1.01873,0,68.5454,4.57108,64.6283,0.84672,12.849,0.84672,3695.15,0,18.483,0,1.6157,1.32199,6.48544,1.1936,8.22953,0.42336,18.483,0.42336,0,0,442.007,0,1.02816,0,0,2.64386,1.6157,1.028160,1,0,73.6106,0,0,0,73.6106,0
72.29,2.05259,0,0,2.98992,0.260432,0.676902,3.6288,61.308,0.0724869,0,0,1.03614,0.232273,0.731383,0.66528,12.849,1,0.364832,0.676902,0,60.6926,4.58441,56.4203,0.84672,12.849,0.84672,3695.15,0,18.483,0,1.3761,1.30304,5.99841,1.19763,7.47993,0.42336,18.483,0.42336,0,0,442.007,0,1.02816,0,0,2.40426,1.3761,1.028160,1,0,64.6316,0,0,0,64.6316,0
72.29,2.05313,0,0,2.68767,0.260432,0.374114,3.6288,61.308,0.0727738,0,0,0.918086,0.232273,0.613039,0.66528,12.849,1,0.364927,0.374114,0,52.4451,4.58441,47.8699,0.84672,12.849,0.84672,3695.15,0,18.483,0,1.10558,1.30338,5.24873,1.19763,6.46006,0.42336,18.483,0.42336,0,0,442.007,0,1.02816,0,0,2.13374,1.10558,1.028160,1,0,54.943,0,0,0,54.943,0
72.1198,2.05366,0,0,2.48084,0.234506,0.36288,3.6288,61.308,0.0730609,0,0,0.859524,0.19814,0.588323,0.66528,12.849,1,0.365023,0.36288,0,50.3303,3.87665,46.4515,0.84672,12.849,0.84672,3695.15,0,18.483,0,1.00629,1.30372,4.73987,1.01812,6.03176,0.42336,18.483,0.42336,0,0,442.007,0,1.02816,0,0,2.03445,1.00629,1.028160,1,0,53.0716,0,0,0,53.0716,0
71.8485,2.15087,0,0,2.45722,0.214712,0.36288,3.6288,61.308,0.132901,0,0,0.934252,0.201465,0.599885,0.66528,12.849,1,0.383204,0.36288,0,50.0247,4.17237,45.832,0.84672,12.849,0.84672,3695.15,0,18.483,0,1.14608,1.30406,4.99459,1.01378,6.43096,0.42336,18.483,0.42336,0,0,442.007,0,1.02816,0,0,2.17424,1.14608,1.028160,1,0,52.8628,0,0,0,52.8628,0
71.6951,2.15021,0,0,2.55299,0.193378,0.36288,3.6288,61.308,0.133204,0,0,1.06491,0.20301,0.7287,0.66528,12.849,1,0.384531,0.36288,0,55.3912,4.41489,50.9547,0.84672,12.849,0.84672,3695.15,0,18.483,0,0.942296,1.37192,5.19989,1.06165,6.45246,0.42336,18.483,0.42336,0,0,442.007,0,1.02816,0,0,1.97046,0.942296,1.028160,1,0,58.1358,0,0,0,58.1358,0
71.289,2.15007,0,0,2.24611,0.139185,0.36288,3.6288,61.308,0.133507,0,0,0.907399,0.20154,0.572352,0.66528,12.849,1,0.38533,0.36288,0,47.837,4.38207,43.4325,0.84672,12.849,0.84672,3695.15,0,18.483,0,0.942745,1.37228,4.78461,1.00981,6.08983,0.42336,18.483,0.42336,0,0,442.007,0,1.02816,0,0,1.9709,0.942745,1.028160,1,0,50.0947,0,0,0,50.0947,0
70.8188,2.14877,0,0,2.18017,0.138754,0.36288,3.6288,61.308,0.13381,0,0,0.963654,0.20154,0.628304,0.66528,12.849,1,0.38729,0.36288,0,45.5959,4.38207,41.1894,0.84672,12.849,0.84672,3695.15,0,18.483,0,0.920125,1.37264,5.08983,1.00981,6.37279,0.42336,18.483,0.42336,0,0,442.007,0,1.02816,0,0,1.94829,0.920125,1.028160,1,0,48.1905,0,0,0,48.1905,0
70.2265,2.14715,0,0,2.05476,0.137076,0.36288,3.6288,61.308,0.134112,0,0,0.890266,0.202076,0.554078,0.66528,12.849,1,0.389568,0.36288,0,41.9289,4.37004,37.5322,0.84672,12.849,0.84672,3695.15,0,18.483,0,0.812575,1.373,4.53723,1.01596,5.70683,0.42336,18.483,0.42336,0,0,442.007,0,1.02816,0,0,1.84073,0.812575,1.028160,1,0,43.7931,0,0,0,43.7931,0
69.2692,2.12572,0,0,1.66073,0.12941,0.36288,3.6288,61.308,0.167189,0,0,0.603716,0.20529,0.231237,0.66528,12.849,1,0.388934,0.36288,0,34.7409,4.29786,30.417,0.84672,12.849,0.84672,3695.15,0,18.483,0,0.803693,1.37335,3.32283,1.0529,4.44698,0.42336,18.483,0.42336,0,0,442.007,0,1.02816,0,0,1.83185,0.803693,1.028160,1,0,35.0952,0,0,0,35.0952,0
68.1528,2.12174,0,0,1.49674,0.128455,0.36288,3.6288,61.308,0.167501,0,0,0.562202,0.20529,0.189412,0.66528,12.849,1,0.39357,0.36288,0,32.1995,4.29786,27.8709,0.84672,12.849,0.84672,3695.15,0,18.483,0,0.570439,1.39477,3.16376,1.0529,4.07608,0.42336,18.483,0.42336,0,0,442.007,0,1.02816,0,0,1.5986,0.570439,1.028160,1,0,32.1364,0,0,0,32.1364,0
67.0001,2.11687,0,0,1.43125,0.104287,0.36288,3.6288,61.308,0.167813,0,0,0.531504,0.260135,0.103557,0.66528,12.849,1,0.399098,0.36288,0,29.0296,5.00361,23.9898,0.84672,12.849,0.84672,3695.15,0,18.483,0,0.550221,1.39514,3.00591,1.31051,3.64076,0.42336,18.483,0.42336,0,0,442.007,0,1.02816,0,0,1.57838,0.550221,1.028160,1,0,27.7341,0,0,0,27.7341,0
65.707,2.11166,0,0,1.27574,0.0942068,0.36288,3.6288,61.308,0.168124,0,0,0.498218,0.282073,0.0480205,0.66528,12.849,1,0.404965,0.36288,0,26.3739,5.28591,21.0459,0.84672,12.849,0.84672,3695.15,0,18.483,0,0.519299,1.3955,2.90774,1.41355,3.40898,0.42336,18.483,0.42336,0,0,442.007,0,1.02816,0,0,1.54746,0.519299,1.028160,1,0,24.5029,0,0,0,24.5029,0
64.4566,2.15468,0,0,1.35458,0.0874418,0.36288,3.6288,61.308,0.197675,0,0,0.499267,0.293447,0.00814451,0.66528,12.849,1,0.421347,0.36288,0,27.264,5.41776,21.7877,0.84672,12.849,0.84672,3695.15,0,18.483,0,0.547845,1.39586,2.8749,1.48851,3.3301,0.42336,18.483,0.42336,0,0,442.007,0,1.02816,0,0,1.57601,0.547845,1.028160,1,0,25.126,0,0,0,25.126,0
63.2467,2.14842,0,0,1.38569,0.0842708,0.36288,3.6288,61.308,0.197995,0,0,0.508636,0.297996,0.0126447,0.66528,12.849,1,0.428274,0.36288,0,26.3101,5.4705,20.7742,0.84672,12.849,0.84672,3695.15,0,18.483,0,0.605146,1.42983,2.9557,1.51849,3.47219,0.42336,18.483,0.42336,0,0,442.007,0,1.02816,0,0,1.63331,0.605146,1.028160,1,0,24.259,0,0,0,24.259,0
61.8854,2.14217,0,0,1.22714,0.0834483,0.36288,3.6288,61.2893,0.198314,0,0,0.477639,0.297996,0,0.66528,12.849,1,0.435197,0.36288,0,24.789,5.4705,19.2462,0.84672,12.849,0.84672,3695.15,0,18.483,0,0.49235,1.4302,2.92694,1.51849,3.331,0.42336,18.483,0.42336,0,0,442.007,0,1.02816,0,0,1.52051,0.49235,1.028160,1,0,22.5772,0,0,0,22.5772,0
60.4199,2.1348,0,0,1.11472,0.0825228,0.36288,3.6288,61.2574,0.198634,0,0,0.464699,0.297961,0,0.66528,12.849,1,0.44324,0.36288,0,23.3348,5.4705,17.784,0.84672,12.849,0.84672,3695.15,0,18.483,0,0.39414,1.43057,2.82245,1.51849,3.12868,0.42336,18.483,0.42336,0,0,442.007,0,1.02816,0,0,1.4223,0.39414,1.028160,1,0,20.9126,0,0,0,20.9126,0
58.66,2.26851,0,0,0.933733,0.06225,0.36288,3.6288,61.1068,0.304603,0,0,0.456489,0.302508,0,0.66528,12.849,1,0.482425,0.36288,0,21.5733,5.82368,15.6301,0.84672,12.849,0.84672,3695.15,0,18.483,0,0.511298,1.43095,2.8571,1.57101,3.22834,0.42336,18.483,0.42336,0,0,442.007,0,1.02816,0,0,1.53946,0.511298,1.028160,1,0,18.8584,0,0,0,18.8584,0
56.8176,2.25722,0,0,0.840257,0.062526,0.36288,3.6288,60.9349,0.30495,0,0,0.422061,0.289027,0,0.66528,12.849,1,0.494427,0.36288,0,18.2992,5.86026,12.3074,0.84672,12.849,0.84672,3695.15,0,18.483,0,0.743567,1.54522,3.03909,1.59714,3.73073,0.42336,18.483,0.42336,0,0,442.007,0,1.02816,0,0,1.77173,0.743567,1.028160,1,0,16.0381,0,0,0,16.0381,0
55.3089,2.24473,0,0,1.16036,0.06141,0.36288,3.6288,60.8083,0.305297,0,0,0.467421,0.288712,0,0.66528,12.849,1,0.507634,0.36288,0,19.6286,5.86026,13.6236,0.84672,12.849,0.84672,3695.15,0,18.483,0,0.982498,1.54562,3.38789,1.59714,4.31886,0.42336,18.483,0.42336,0,0,442.007,0,1.02816,0,0,2.01066,0.982498,1.028160,1,0,17.9425,0,0,0,17.9425,0
54.3166,2.23408,0,0,1.68941,0.084807,0.36288,3.6288,60.8437,0.305644,0,0,0.62219,0.281133,0,0.66528,12.849,1,0.519006,0.36288,0,32.7542,5.72034,26.8778,0.84672,12.849,0.84672,3695.15,0,18.483,0,1.23391,1.54602,3.76755,1.57478,4.9727,0.42336,18.483,0.42336,0,0,442.007,0,1.02816,0,0,2.26207,1.23391,1.028160,1,0,31.8505,0,0,0,31.8505,0
53.0293,2.22699,0,0,1.37828,0.0756673,0.36288,3.6288,60.8188,0.305991,0,0,0.555596,0.274538,0,0.66528,12.849,1,0.526811,0.36288,0,37.5779,5.9198,31.4941,0.84672,12.849,0.84672,3695.15,0,18.483,0,1.02871,1.54643,2.85113,1.56804,3.85822,0.42336,18.483,0.42336,0,0,442.007,0,1.02816,0,0,2.05687,1.02871,1.028160,1,0,35.3524,0,0,0,35.3524,0
51.9469,2.14962,0,0,1.48159,0.0515453,0.36288,3.6288,60.9049,0.24213,0,0,0.614287,0.286086,0,0.66528,12.849,1,0.520853,0.36288,0,32.0102,5.53465,26.3175,0.84672,12.849,0.84672,3695.15,0,18.483,0,0.857822,1.54683,3.26854,1.50759,4.1656,0.42336,18.483,0.42336,0,0,442.007,0,1.02816,0,0,1.88598,0.857822,1.028160,1,0,30.4831,0,0,0,30.4831,0
50.7857,2.14148,0,0,1.39419,0.0509736,0.36288,3.6288,61.0034,0.242461,0,0,0.62723,0.286242,0,0.66528,12.849,1,0.529692,0.36288,0,42.511,5.53465,36.8096,0.84672,12.849,0.84672,3695.15,0,18.483,0,1.16065,1.48187,3.03953,1.50759,4.17446,0.42336,18.483,0.42336,0,0,442.007,0,1.02816,0,0,2.18881,1.16065,1.028160,1,0,40.984,0,0,0,40.984,0
49.0681,2.13237,0,0,0.828023,0.0503604,0.36288,3.6288,60.9027,0.242792,0,0,0.428579,0.286421,0,0.66528,12.849,1,0.539498,0.36288,0,29.5539,5.53465,23.8426,0.84672,12.849,0.84672,3695.15,0,18.483,0,0.255727,1.48226,1.9758,1.50759,2.20619,0.42336,18.483,0.42336,0,0,442.007,0,1.02816,0,0,1.28389,0.255727,1.028160,1,0,26.0488,0,0,0,26.0488,0
47.6461,2.11795,0,0,1.14342,0.0846265,0.36288,3.6288,60.9612,0.243123,0,0,0.588023,0.286477,0,0.66528,12.849,1,0.554608,0.36288,0,31.1055,5.25995,25.6538,0.84672,12.849,0.84672,3695.15,0,18.483,0,0.453332,1.48265,2.65202,1.4563,3.1317,0.42336,18.483,0.42336,0,0,442.007,0,1.02816,0,0,1.48149,0.453332,1.028160,1,0,28.7855,0,0,0,28.7855,0
47.8016,2.05108,0,0,2.73518,0.165751,0.36288,3.6288,61.308,0.184947,0,0,0.906527,0.275968,0.0987827,0.66528,12.849,1,0.553125,0.36288,0,40.8528,4.67538,35.9871,0.84672,12.849,0.84672,3695.15,0,18.483,0,2.38752,1.48303,6.50626,1.19898,9.17783,0.42336,18.483,0.42336,0,0,442.007,0,1.02816,0,0,3.41568,2.38752,1.028160,1,0,45.2638,0,0,0,45.2638,0
46.8344,2.05303,0,0,1.63157,0.182877,0.36288,3.6288,61.308,0.185263,0,0,0.685226,0.253868,0.246095,0.66528,12.849,1,0.551851,0.36288,0,33.2639,4.52571,28.5492,0.84672,12.849,0.84672,3695.15,0,18.483,0,0.797688,1.42527,4.45738,1.09422,5.58612,0.42336,18.483,0.42336,0,0,442.007,0,1.02816,0,0,1.82585,0.797688,1.028160,1,0,34.3814,0,0,0,34.3814,0
46.5791,2.04462,0,0,2.3332,0.180943,0.36288,3.6288,61.308,0.185579,0,0,0.643331,0.253868,0.203884,0.66528,12.849,1,0.56094,0.36288,0,41.2404,4.52571,36.5167,0.84672,12.849,0.84672,3695.15,0,18.483,0,0.604765,1.42564,5.10341,1.09422,6.03959,0.42336,18.483,0.42336,0,0,442.007,0,1.02816,0,0,1.63293,0.604765,1.028160,1,0,42.7602,0,0,0,42.7602,0
50.1087,2.04274,0,0,6.11562,0.180432,0.36288,3.6288,61.308,0.185895,0,0,1.92419,0.253868,1.48443,0.66528,12.849,1,0.563496,0.36288,0,91.6462,4.52571,86.9199,0.84672,12.849,0.84672,3695.15,0,18.483,0,4.58183,1.42602,10.3225,1.09422,15.2361,0.42336,18.483,0.42336,0,0,442.007,0,1.02816,0,0,5.60999,4.58183,1.028160,1,0,103.64,0,0,0,103.64,0
52.1228,1.91861,0,0,4.49238,0.196788,0.36288,3.6288,61.308,0.0642311,0,0,1.56394,0.249828,1.24988,0.66528,12.849,1,0.491975,0.36288,0,75.4007,4.56825,70.7033,0.84672,12.849,0.84672,3695.15,0,18.483,0,3.43964,1.42639,7.08454,1.08828,10.8623,0.42336,18.483,0.42336,0,0,442.007,0,1.02816,0,0,4.4678,3.43964,1.028160,1,0,82.8155,0,0,0,82.8155,0
53.5217,1.93436,0,0,3.92092,0.224742,0.36288,3.6288,61.308,0.0645154,0,0,1.29621,0.239729,0.991963,0.66528,12.849,1,0.476848,0.36288,0,65.1119,4.6746,60.3233,0.84672,12.849,0.84672,3695.15,0,18.483,0,2.57538,1.29572,6.3599,1.07341,9.15758,0.42336,18.483,0.42336,0,0,442.007,0,1.02816,0,0,3.60354,2.57538,1.028160,1,0,70.4729,0,0,0,70.4729,0
55.1785,1.94492,0,0,4.19257,0.227994,0.36288,3.6288,61.308,0.0647998,0,0,1.43925,0.239729,1.13472,0.66528,12.849,1,0.466918,0.36288,0,66.5875,4.6746,61.8089,0.84672,12.849,0.84672,3695.15,0,18.483,0,2.8551,1.29606,6.63023,1.07341,9.70798,0.42336,18.483,0.42336,0,0,442.007,0,1.02816,0,0,3.88326,2.8551,1.028160,1,0,72.6516,0,0,0,72.6516,0
58.3633,1.9568,0,0,5.72906,0.224564,0.36288,3.6288,61.308,0.0650843,0,0,2.57532,0.221205,2.28903,0.66528,12.849,1,0.455665,0.36288,0,110.834,4.02246,106.719,0.84672,12.849,0.84672,3695.15,0,18.483,0,2.55201,1.2964,10.3528,0.926669,13.2746,0.42336,18.483,0.42336,0,0,442.007,0,1.02816,0,0,3.58017,2.55201,1.028160,1,0,122.283,0,0,0,122.283,0
63.231,1.97769,0,0,7.42967,0.221369,0.36288,3.6288,61.308,0.0653687,0,0,3.05026,0.247085,2.7378,0.66528,12.849,1,0.4354,0.36288,0,113.958,4.90773,108.978,0.84672,12.849,0.84672,3695.15,0,18.483,0,3.28712,1.29674,11.4012,1.13233,14.8527,0.42336,18.483,0.42336,0,0,442.007,0,1.02816,0,0,4.31528,3.28712,1.028160,1,0,126.568,0,0,0,126.568,0
67.791,2.0689,0,0,7.25226,0.260529,0.36288,3.6288,61.308,0.101013,0,0,2.45433,0.240184,2.11313,0.66528,12.849,1,0.420416,0.36288,0,108.206,5.07627,103.073,0.84672,12.849,0.84672,3695.15,0,18.483,0,3.04121,1.29707,12.3057,1.19024,15.4537,0.42336,18.483,0.42336,0,0,442.007,0,1.02816,0,0,4.06937,3.04121,1.028160,1,0,120.64,0,0,0,120.64,0
69.3784,2.0932,0,0,4.31906,0.275578,0.36288,3.6288,61.308,0.101295,0,0,1.5679,0.238229,1.22838,0.66528,12.849,1,0.396742,0.36288,0,105.501,5.07675,100.391,0.84672,12.849,0.84672,3695.15,0,18.483,0,2.50028,1.3389,7.85721,1.1935,10.5029,0.42336,18.483,0.42336,0,0,442.007,0,1.02816,0,0,3.52844,2.50028,1.028160,1,0,112.122,0,0,0,112.122,0
72.29,2.10138,0,0,8.00173,0.279014,2.70972,3.6288,61.308,0.101577,0,0,0.939963,0.238229,0.600157,0.66528,12.849,1,0.38918,2.70972,0,73.4875,5.07675,70.7313,0.84672,12.849,0.84672,3695.15,0,18.483,0,1.50014,1.33923,6.15868,1.1935,7.80454,0.42336,18.483,0.42336,0,0,442.007,0,1.02816,0,0,2.5283,1.50014,1.028160,1,0,79.136,0,0,0,79.136,0
72.29,2.11522,0,0,7.15254,0.276689,4.76063,3.6288,61.308,0.101859,0,0,1.32281,0.250007,0.970944,0.66528,12.849,1,0.375964,4.76063,0,114.121,5.31183,113.194,0.84672,12.849,0.84672,3695.15,0,18.483,0,1.94967,1.33957,9.31409,1.30831,11.295,0.42336,18.483,0.42336,0,0,442.007,0,1.02816,0,0,2.97783,1.94967,1.028160,1,0,125.46,0,0,0,125.46,0
72.29,2.32211,0,0,5.73736,0.2888,3.12644,3.6288,61.308,0.23504,0,0,1.22397,0.227242,0.761686,0.66528,12.849,1,0.412738,3.12644,0,99.9009,4.14597,98.4686,0.84672,12.849,0.84672,3695.15,0,18.483,0,2.01851,1.3399,7.41183,1.11103,9.65922,0.42336,18.483,0.42336,0,0,442.007,0,1.02816,0,0,3.04667,2.01851,1.028160,1,0,108.89,0,0,0,108.89,0
72.29,2.32269,0,0,5.83095,0.339043,3.16921,3.6288,61.308,0.235355,0,0,1.12943,0.187192,0.706882,0.66528,12.849,1,0.412841,3.16921,0,99.5665,2.83794,99.4849,0.84672,12.849,0.84672,3695.15,0,18.483,0,1.19635,1.48846,5.95887,0.780001,7.86368,0.42336,18.483,0.42336,0,0,442.007,0,1.02816,0,0,2.22451,1.19635,1.028160,1,0,108.055,0,0,0,108.055,0
72.29,2.32327,0,0,5.06564,0.333849,2.40852,3.6288,61.308,0.235671,0,0,1.20988,0.198257,0.775949,0.66528,12.849,1,0.412944,2.40852,0,91.2514,3.10002,90.1469,0.84672,12.849,0.84672,3695.15,0,18.483,0,1.24883,1.48883,6.40588,0.861993,8.28155,0.42336,18.483,0.42336,0,0,442.007,0,1.02816,0,0,2.27699,1.24883,1.028160,1,0,99.2044,0,0,0,99.2044,0
72.29,2.32385,0,0,5.98283,0.313029,3.34595,3.6288,61.308,0.235986,0,0,1.24824,0.209564,0.802688,0.66528,12.849,1,0.413047,3.34595,0,92.6035,4.13601,91.4004,0.84672,12.849,0.84672,3695.15,0,18.483,0,1.49713,1.4892,7.35683,1.23509,9.10807,0.42336,18.483,0.42336,0,0,442.007,0,1.02816,0,0,2.52529,1.49713,1.028160,1,0,101.311,0,0,0,101.311,0
72.29,2.02979,0,0,5.61808,0.296063,3.29222,3.6288,61.308,0.0577708,0,0,1.29927,0.194857,1.04664,0.66528,12.849,1,0.360781,3.29222,0,118.247,3.2174,117.961,0.84672,12.849,0.84672,3695.15,0,18.483,0,1.66107,1.48957,8.08471,0.862629,10.3727,0.42336,18.483,0.42336,0,0,442.007,0,1.02816,0,0,2.68923,1.66107,1.028160,1,0,129.38,0,0,0,129.38,0
72.29,2.0303,0,0,7.7929,0.326618,5.43598,3.6288,61.308,0.0580416,0,0,1.40416,0.154981,1.19114,0.66528,12.849,1,0.360871,5.43598,0,114.104,2.77483,116.404,0.84672,12.849,0.84672,3695.15,0,18.483,0,1.57434,1.28698,9.84865,0.802063,11.9079,0.42336,18.483,0.42336,0,0,442.007,0,1.02816,0,0,2.6025,1.57434,1.028160,1,0,129.503,0,0,0,129.503,0
72.29,2.03081,0,0,5.69172,0.326618,3.3343,3.6288,61.308,0.0583126,0,0,1.0593,0.154981,0.846005,0.66528,12.849,1,0.360961,3.3343,0,106.354,2.77483,106.553,0.84672,12.849,0.84672,3695.15,0,18.483,0,0.973141,1.2873,7.9526,0.802063,9.41098,0.42336,18.483,0.42336,0,0,442.007,0,1.02816,0,0,2.0013,0.973141,1.028160,1,0,116.81,0,0,0,116.81,0
72.29,2.03131,0,0,7.40249,0.303962,5.06722,3.6288,61.308,0.0585835,0,0,1.16247,0.142948,0.960937,0.66528,12.849,1,0.361051,5.06722,0,123.905,2.60045,126.011,0.84672,12.849,0.84672,3695.15,0,18.483,0,1.23988,1.28763,8.58306,0.777012,10.3336,0.42336,18.483,0.42336,0,0,442.007,0,1.02816,0,0,2.26804,1.23988,1.028160,1,0,137.306,0,0,0,137.306,0
72.29,2.03182,0,0,6.20219,0.301926,3.86844,3.6288,61.308,0.0588546,0,0,1.29096,0.187191,1.04492,0.66528,12.849,1,0.361141,3.86844,0,104.26,4.02805,103.739,0.84672,12.849,0.84672,3695.15,0,18.483,0,1.60406,1.28795,8.41406,1.05464,10.2514,0.42336,18.483,0.42336,0,0,442.007,0,1.02816,0,0,2.63222,1.60406,1.028160,1,0,115.035,0,0,0,115.035,0
72.29,2.10658,0,0,5.54589,0.325414,3.11389,3.6288,61.308,0.102855,0,0,1.01421,0.170604,0.740747,0.66528,12.849,1,0.374429,3.11389,0,117.07,2.66238,117.147,0.84672,12.849,0.84672,3695.15,0,18.483,0,1.79062,1.28827,8.95078,0.898218,11.1315,0.42336,18.483,0.42336,0,0,442.007,0,1.02816,0,0,2.81878,1.79062,1.028160,1,0,129.02,0,0,0,129.02,0
72.29,2.10711,0,0,7.54207,0.325414,5.10955,3.6288,61.308,0.103137,0,0,1.78738,0.170604,1.51364,0.66528,12.849,1,0.374523,5.10955,0,120.94,2.66238,123.013,0.84672,12.849,0.84672,3695.15,0,18.483,0,2.4388,1.33876,10.0746,0.898218,12.9539,0.42336,18.483,0.42336,0,0,442.007,0,1.02816,0,0,3.46696,2.4388,1.028160,1,0,137.48,0,0,0,137.48,0
72.29,2.10764,0,0,5.27475,0.325414,2.8417,3.6288,61.308,0.10342,0,0,1.071,0.170604,0.796973,0.66528,12.849,1,0.374616,2.8417,0,100.301,2.66238,100.106,0.84672,12.849,0.84672,3695.15,0,18.483,0,1.40577,1.3391,8.11261,0.898218,9.95927,0.42336,18.483,0.42336,0,0,442.007,0,1.02816,0,0,2.43393,1.40577,1.028160,1,0,110.862,0,0,0,110.862,0
72.29,2.10816,0,0,4.56154,0.29863,2.15475,3.6288,61.308,0.103702,0,0,0.84888,0.184877,0.560301,0.66528,12.849,1,0.37471,2.15475,0,95.2595,2.83689,94.2026,0.84672,12.849,0.84672,3695.15,0,18.483,0,1.04739,1.33943,7.89497,0.932569,9.34923,0.42336,18.483,0.42336,0,0,442.007,0,1.02816,0,0,2.07555,1.04739,1.028160,1,0,104.112,0,0,0,104.112,0
72.29,2.07962,0,0,4.54692,0.247358,2.21994,3.6288,61.308,0.0869828,0,0,0.979698,0.22752,0.665195,0.66528,12.849,1,0.369637,2.21994,0,80.1524,3.87312,78.1296,0.84672,12.849,0.84672,3695.15,0,18.483,0,1.4118,1.33977,6.8591,1.04174,8.56893,0.42336,18.483,0.42336,0,0,442.007,0,1.02816,0,0,2.43996,1.4118,1.028160,1,0,87.3637,0,0,0,87.3637,0
72.29,2.08014,0,0,3.87008,0.241134,1.5488,3.6288,61.308,0.0872608,0,0,0.752138,0.236965,0.427912,0.66528,12.849,1,0.369729,1.5488,0,64.8083,4.19454,61.7928,0.84672,12.849,0.84672,3695.15,0,18.483,0,0.881012,1.32055,5.32815,1.06708,6.46263,0.42336,18.483,0.42336,0,0,442.007,0,1.02816,0,0,1.90917,0.881012,1.028160,1,0,68.6834,0,0,0,68.6834,0
72.29,2.08066,0,0,3.20587,0.241134,0.884077,3.6288,61.308,0.0875389,0,0,0.686572,0.236965,0.362069,0.66528,12.849,1,0.369822,0.884077,0,55.9499,4.19454,52.2696,0.84672,12.849,0.84672,3695.15,0,18.483,0,0.719453,1.32088,4.72692,1.06708,5.70017,0.42336,18.483,0.42336,0,0,442.007,0,1.02816,0,0,1.74761,0.719453,1.028160,1,0,58.3318,0,0,0,58.3318,0
72.29,2.08118,0,0,2.8924,0.241134,0.570082,3.6288,61.308,0.196672,0,0,0.587161,0.236965,0.153523,0.66528,12.849,1,0.369914,0.570082,0,54.3823,4.19454,50.3879,0.84672,12.849,0.84672,3695.15,0,18.483,0,0.402797,1.32121,4.81636,1.06708,5.47328,0.42336,18.483,0.42336,0,0,442.007,0,0.919305,0,0,1.3221,0.402797,1.028160,1,0,56.0148,0,0,0,56.0148,0
72.29,2.18045,0,0,3.59885,0.220446,1.19796,3.6288,61.308,0.148446,0,0,0.729773,0.237608,0.34372,0.66528,12.849,1,0.387558,1.19796,0,60.2486,4.37148,56.6875,0.84672,12.849,0.84672,3695.15,0,18.483,0,0.572521,1.32154,4.98819,1.06149,5.82076,0.42336,18.483,0.42336,0,0,442.007,0,1.02816,0,0,1.60068,0.572521,1.028160,1,0,62.852,0,0,0,62.852,0
72.29,2.18099,0,0,2.96946,0.168726,0.619738,3.6288,61.308,0.148739,0,0,0.703417,0.239214,0.315463,0.66528,12.849,1,0.387655,0.619738,0,47.5798,4.81383,42.998,0.84672,12.849,0.84672,3695.15,0,18.483,0,0.710156,1.39029,4.46215,1.04752,5.51508,0.42336,18.483,0.42336,0,0,442.007,0,1.02816,0,0,1.73832,0.710156,1.028160,1,0,48.8286,0,0,0,48.8286,0
72.29,2.18153,0,0,2.91269,0.168726,0.56243,3.6288,61.308,0.149033,0,0,0.65111,0.239214,0.262863,0.66528,12.849,1,0.387751,0.56243,0,44.6765,4.81383,40.0373,0.84672,12.849,0.84672,3695.15,0,18.483,0,0.533416,1.39064,4.1182,1.04752,4.99473,0.42336,18.483,0.42336,0,0,442.007,0,1.02816,0,0,1.56158,0.533416,1.028160,1,0,45.2949,0,0,0,45.2949,0
72.1252,2.18208,0,0,2.54172,0.161528,0.36288,3.6288,61.308,0.149326,0,0,0.605191,0.243936,0.211929,0.66528,12.849,1,0.387848,0.36288,0,39.9317,4.86738,35.0393,0.84672,12.849,0.84672,3695.15,0,18.483,0,0.430307,1.39098,3.98312,1.0612,4.74321,0.42336,18.483,0.42336,0,0,442.007,0,1.02816,0,0,1.45847,0.430307,1.028160,1,0,39.9944,0,0,0,39.9944,0
71.856,2.18187,0,0,2.39368,0.118192,0.36288,3.6288,61.308,0.149619,0,0,0.579989,0.272266,0.158103,0.66528,12.849,1,0.388697,0.36288,0,35.8074,5.18868,30.5929,0.84672,12.849,0.84672,3695.15,0,18.483,0,0.364193,1.39133,3.76708,1.14329,4.37931,0.42336,18.483,0.42336,0,0,442.007,0,1.02816,0,0,1.39235,0.364193,1.028160,1,0,35.1304,0,0,0,35.1304,0
71.4126,2.16164,0,0,2.19894,0.117748,0.36288,3.6288,61.308,0.183124,0,0,0.591812,0.28285,0.125839,0.66528,12.849,1,0.386536,0.36288,0,33.3051,5.34156,27.9399,0.84672,12.849,0.84672,3695.15,0,18.483,0,0.333461,1.39168,3.3144,1.24564,3.79389,0.42336,18.483,0.42336,0,0,442.007,0,1.02816,0,0,1.36162,0.333461,1.028160,1,0,31.8596,0,0,0,31.8596,0
70.8314,2.16015,0,0,2.05912,0.117351,0.36288,3.6288,61.308,0.193405,0,0,0.562616,0.28285,0.0863614,0.66528,12.849,1,0.388667,0.36288,0,33.2616,5.34156,27.8942,0.84672,12.849,0.84672,3695.15,0,18.483,0,0.261274,1.41337,3.4061,1.24564,3.8351,0.42336,18.483,0.42336,0,0,442.007,0,1.01818,0,0,1.27945,0.261274,1.028160,1,0,31.8157,0,0,0,31.8157,0
70.0663,2.15798,0,0,1.87267,0.11683,0.36288,3.6288,61.308,0.210278,0,0,0.548619,0.28285,0.0554913,0.66528,12.849,1,0.391464,0.36288,0,32.6106,5.34156,27.2404,0.84672,12.849,0.84672,3695.15,0,18.483,0,0.261274,1.41372,3.26366,1.24564,3.69301,0.42336,18.483,0.42336,0,0,442.007,0,1.00161,0,0,1.26288,0.261274,1.028160,1,0,30.9889,0,0,0,30.9889,0
69.1321,2.15491,0,0,1.69972,0.116144,0.36288,3.6288,61.1868,0.352993,0,0,0.51469,0.28285,0,0.66528,12.849,1,0.395174,0.36288,0,29.0586,5.34156,23.6847,0.84672,12.849,0.84672,3695.15,0,18.483,0,0.261274,1.41407,3.15716,1.24564,3.58686,0.42336,18.483,0.42336,0,0,442.007,0,0.859196,0,0,1.12047,0.261274,1.028160,1,0,27.2716,0,0,0,27.2716,0
68.1992,2.20114,0,0,1.71151,0.080468,0.36288,3.6288,60.9423,0.384919,0,0,0.48286,0.342476,0,0.66528,12.849,1,0.409107,0.36288,0,27.2964,6.13611,21.1141,0.84672,12.849,0.84672,3695.15,0,18.483,0,0.261274,1.41442,2.94343,1.55851,3.06062,0.42336,18.483,0.42336,0,0,442.007,0,0.8572,0,0,1.11847,0.261274,1.028160,1,0,24.1747,0,0,0,24.1747,0
67.3099,2.19698,0,0,1.7488,0.0781591,0.36288,3.6288,60.6926,0.382637,0,0,0.462182,0.329305,0,0.66528,12.849,1,0.41392,0.36288,0,26.0757,5.99098,20.0337,0.84672,12.849,0.84672,3695.15,0,18.483,0,0.261274,1.44882,2.95121,1.52267,3.13863,0.42336,18.483,0.42336,0,0,442.007,0,0.859792,0,0,1.12107,0.261274,1.028160,1,0,23.1723,0,0,0,23.1723,0
66.2014,2.19293,0,0,1.52492,0.0776149,0.36288,3.6288,60.3464,0.453189,0,0,0.435842,0.328784,0,0.66528,12.849,1,0.418616,0.36288,0,24.705,5.99098,18.6582,0.84672,12.849,0.84672,3695.15,0,18.483,0,0.227405,1.44918,2.81994,1.52267,2.97386,0.42336,18.483,0.42336,0,0,442.007,0,0.789549,0,0,1.01695,0.227405,1.028160,1,0,21.6321,0,0,0,21.6321,0
64.985,2.18761,0,0,1.40633,0.0722615,0.36288,3.6288,59.9457,0.498453,0,0,0.428352,0.330636,0,0.66528,12.849,1,0.424592,0.36288,0,23.3069,6.06576,17.1794,0.84672,12.849,0.84672,3695.15,0,18.483,0,0.227405,1.44954,2.79426,1.53761,2.9336,0.42336,18.483,0.42336,0,0,442.007,0,0.744595,0,0,0.972,0.227405,1.028160,1,0,20.113,0,0,0,20.113,0
63.3762,2.32721,0,0,1.1401,0.0588302,0.36288,3.6288,59.4369,0.605214,0,0,0.424848,0.328414,0,0.66528,12.849,1,0.460142,0.36288,0,21.9321,6.19296,15.6419,0.84672,12.849,0.84672,3695.15,0,18.483,0,0.227405,1.4499,2.67682,1.50145,2.85267,0.42336,18.483,0.42336,0,0,442.007,0,0.745191,0,0,0.972596,0.227405,1.028160,1,0,18.4946,0,0,0,18.4946,0
61.7026,2.31807,0,0,1.04873,0.0413774,0.36288,3.6288,58.8598,0.63948,0,0,0.380506,0.318103,0,0.66528,12.849,1,0.469971,0.36288,0,19.135,5.86824,13.1597,0.84672,12.849,0.84672,3695.15,0,18.483,0,0.227405,1.56567,2.54737,1.57864,2.76181,0.42336,18.483,0.42336,0,0,442.007,0,0.711262,0,0,0.938667,0.227405,1.028160,1,0,15.9215,0,0,0,15.9215,0
59.9311,2.3081,0,0,0.940257,0.0408138,0.36288,3.6288,58.21,0.677789,0,0,0.344923,0.316929,0,0.66528,12.849,1,0.480641,0.36288,0,17.0821,5.86824,11.0961,0.84672,12.849,0.84672,3695.15,0,18.483,0,0.204422,1.56606,2.48409,1.57864,2.67593,0.42336,18.483,0.42336,0,0,442.007,0,0.673289,0,0,0.877712,0.204422,1.028160,1,0,13.772,0,0,0,13.772,0
58.3564,2.29697,0,0,1.12539,0.0401991,0.36288,3.6288,57.6624,0.602603,0,0,0.37054,0.315606,0,0.66528,12.849,1,0.492462,0.36288,0,17.6787,5.86824,11.6809,0.84672,12.849,0.84672,3695.15,0,18.483,0,0.204422,1.56645,2.72473,1.57864,2.91696,0.42336,18.483,0.42336,0,0,442.007,0,0.748811,0,0,0.953234,0.204422,1.028160,1,0,14.5979,0,0,0,14.5979,0
57.5688,2.28665,0,0,1.92428,0.0623008,0.36288,3.6288,57.3832,0.445847,0,0,0.475923,0.309252,0,0.66528,12.849,1,0.503478,0.36288,0,29.38,5.71982,23.5196,0.84672,12.849,0.84672,3695.15,0,18.483,0,0.204422,1.56684,3.01608,1.56044,3.22691,0.42336,18.483,0.42336,0,0,442.007,0,0.905904,0,0,1.11033,0.204422,1.028160,1,0,26.7465,0,0,0,26.7465,0
56.783,2.21197,0,0,1.85847,0.0694583,0.36288,3.6288,57.0911,0.497769,0,0,0.450056,0.244353,0,0.66528,12.849,1,0.493698,0.36288,0,26.3536,4.29847,21.9243,0.84672,12.849,0.84672,3695.15,0,18.483,0,0.204422,1.56723,3.29668,1.15388,3.91445,0.42336,18.483,0.42336,0,0,442.007,0,0.789264,0,0,0.993686,0.204422,1.028160,1,0,25.8387,0,0,0,25.8387,0
56.0533,2.20695,0,0,1.92182,0.0816539,0.36288,3.6288,57.3236,0.259193,0,0,0.723835,0.23216,0,0.66528,12.849,1,0.499394,0.36288,0,30.3011,3.95766,26.2069,0.84672,12.849,0.84672,3695.15,0,18.483,0,0.552182,1.5014,4.58036,1.07944,5.5545,0.42336,18.483,0.42336,0,0,442.007,0,1.02816,0,0,1.58034,0.552182,1.028160,1,0,31.7614,0,0,0,31.7614,0
55.2687,2.20221,0,0,1.86154,0.0810661,0.36288,3.6288,57.5564,0.259514,0,0,0.724769,0.23251,0,0.66528,12.849,1,0.504809,0.36288,0,29.0648,3.95766,24.9652,0.84672,12.849,0.84672,3695.15,0,18.483,0,0.556597,1.50178,4.19379,1.07944,5.17272,0.42336,18.483,0.42336,0,0,442.007,0,1.02816,0,0,1.58476,0.556597,1.028160,1,0,30.1379,0,0,0,30.1379,0
54.4157,2.19694,0,0,1.78721,0.0804339,0.36288,3.6288,57.8044,0.259834,0,0,0.740769,0.232861,0,0.66528,12.849,1,0.51075,0.36288,0,27.696,3.95766,23.5905,0.84672,12.849,0.84672,3695.15,0,18.483,0,0.701499,1.50215,4.1471,1.07944,5.27131,0.42336,18.483,0.42336,0,0,442.007,0,1.02816,0,0,1.72966,0.701499,1.028160,1,0,28.8618,0,0,0,28.8618,0
54.0205,2.13441,0,0,2.2329,0.130832,0.36288,3.6288,58.0975,0.20088,0,0,0.690487,0.196496,0,0.66528,12.849,1,0.503992,0.36288,0,39.206,4.00103,35.0638,0.84672,12.849,0.84672,3695.15,0,18.483,0,0.675734,1.50253,5.05376,1.04254,6.18948,0.42336,18.483,0.42336,0,0,442.007,0,1.02816,0,0,1.70389,0.675734,1.028160,1,0,41.2533,0,0,0,41.2533,0
54.0129,2.13196,0,0,2.64711,0.159818,0.36288,3.6288,58.4613,0.201186,0,0,0.717405,0.15246,0,0.66528,12.849,1,0.507097,0.36288,0,38.5442,4.01342,34.3865,0.84672,12.849,0.84672,3695.15,0,18.483,0,0.352745,1.44399,4.49255,0.935469,5.35382,0.42336,18.483,0.42336,0,0,442.007,0,1.02816,0,0,1.38091,0.352745,1.028160,1,0,39.7403,0,0,0,39.7403,0
54.4686,2.13244,0,0,3.11084,0.159805,0.36288,3.6288,59.2912,0.201492,0,0,1.18421,0.152818,0,0.66528,12.849,1,0.50728,0.36288,0,41.7271,4.01342,37.5692,0.84672,12.849,0.84672,3695.15,0,18.483,0,1.55164,1.44435,5.45999,0.935469,7.52051,0.42336,18.483,0.42336,0,0,442.007,0,1.02816,0,0,2.5798,1.55164,1.028160,1,0,45.0898,0,0,0,45.0898,0
54.034,2.1364,0,0,2.24357,0.178854,0.36288,3.6288,59.7138,0.201798,0,0,0.784841,0.160445,0,0.66528,12.849,1,0.503972,0.36288,0,37.3165,4.12939,33.046,0.84672,12.849,0.84672,3695.15,0,18.483,0,0.772159,1.44471,5.55518,0.962546,6.80951,0.42336,18.483,0.42336,0,0,442.007,0,1.02816,0,0,1.80032,0.772159,1.028160,1,0,39.8555,0,0,0,39.8555,0
57.894,1.97297,0,0,6.4211,0.225293,0.36288,3.6288,60.6036,0.078528,0,0,1.14772,0.179374,0,0.66528,12.849,1,0.469162,0.36288,0,111.974,4.41454,107.453,0.84672,12.849,0.84672,3695.15,0,18.483,0,1.46549,1.44507,8.96874,1.03789,10.8414,0.42336,18.483,0.42336,0,0,442.007,0,1.02816,0,0,2.49365,1.46549,1.028160,1,0,118.294,0,0,0,118.294,0
58.9672,1.99907,0,0,3.67957,0.244408,0.36288,3.6288,61.308,0.0788034,0,0,1.26381,0.188976,0.291638,0.66528,12.849,1,0.443673,0.36288,0,108.109,4.38574,103.642,0.84672,12.849,0.84672,3695.15,0,18.483,0,1.26757,1.31268,8.53805,1.08382,10.0345,0.42336,18.483,0.42336,0,0,442.007,0,1.02816,0,0,2.29573,1.26757,1.028160,1,0,113.968,0,0,0,113.968,0
60.5974,2.0062,0,0,4.24624,0.246968,0.36288,3.6288,61.308,0.0790789,0,0,1.46063,0.189822,1.19173,0.66528,12.849,1,0.437152,0.36288,0,106.027,4.38574,101.567,0.84672,12.849,0.84672,3695.15,0,18.483,0,2.11312,1.31301,9.49069,1.08382,11.833,0.42336,18.483,0.42336,0,0,442.007,0,1.02816,0,0,3.14128,2.11312,1.028160,1,0,114.592,0,0,0,114.592,0
65.2509,2.0164,0,0,7.28352,0.250771,0.36288,3.6288,61.308,0.0793543,0,0,1.37493,0.189822,1.10575,0.66528,12.849,1,0.427555,0.36288,0,109.946,4.38574,105.495,0.84672,12.849,0.84672,3695.15,0,18.483,0,2.45963,1.31334,9.5726,1.08382,12.2617,0.42336,18.483,0.42336,0,0,442.007,0,1.02816,0,0,3.48779,2.45963,1.028160,1,0,118.863,0,0,0,118.863,0
69.8845,2.04238,0,0,7.30166,0.262782,0.36288,3.6288,61.308,0.0796299,0,0,1.84398,0.184929,1.57942,0.66528,12.849,1,0.40218,0.36288,0,106.4,3.96993,102.391,0.84672,12.849,0.84672,3695.15,0,18.483,0,2.17987,1.31366,11.4951,1.04397,13.9447,0.42336,18.483,0.42336,0,0,442.007,0,1.02816,0,0,3.20803,2.17987,1.028160,1,0,117.915,0,0,0,117.915,0
72.29,2.13011,0,0,6.37281,0.283532,1.55366,3.6288,61.308,0.115727,0,0,2.91441,0.218976,2.57971,0.66528,12.849,1,0.391644,1.55366,0,123.968,3.84438,121.285,0.84672,12.849,0.84672,3695.15,0,18.483,0,2.77561,1.31399,13.6824,1.15454,16.6175,0.42336,18.483,0.42336,0,0,442.007,0,1.02816,0,0,3.80377,2.77561,1.028160,1,0,140.482,0,0,0,140.482,0
72.29,2.14169,0,0,7.30305,0.272646,4.88871,3.6288,61.308,0.115999,0,0,2.57735,0.172816,2.28853,0.66528,12.849,1,0.380669,4.88871,0,152.529,2.62983,154.407,0.84672,12.849,0.84672,3695.15,0,18.483,0,2.65994,1.35634,16.5048,0.803395,19.7177,0.42336,18.483,0.42336,0,0,442.007,0,1.02816,0,0,3.6881,2.65994,1.028160,1,0,176.413,0,0,0,176.413,0
72.29,2.1422,0,0,5.4468,0.272646,3.03196,3.6288,61.308,0.116272,0,0,2.56504,0.172816,2.27595,0.66528,12.849,1,0.38076,3.03196,0,121.979,2.62983,122,0.84672,12.849,0.84672,3695.15,0,18.483,0,2.85339,1.35667,13.0874,0.803395,16.494,0.42336,18.483,0.42336,0,0,442.007,0,1.02816,0,0,3.88155,2.85339,1.028160,1,0,140.77,0,0,0,140.77,0
72.29,2.14271,0,0,5.60194,0.272646,3.18659,3.6288,61.308,0.116545,0,0,2.52657,0.172816,2.23721,0.66528,12.849,1,0.38085,3.18659,0,102.312,2.62983,102.488,0.84672,12.849,0.84672,3695.15,0,18.483,0,2.65897,1.35699,12.648,0.803395,15.8606,0.42336,18.483,0.42336,0,0,442.007,0,1.02816,0,0,3.68713,2.65897,1.028160,1,0,120.586,0,0,0,120.586,0
72.29,2.35227,0,0,9.94663,0.274366,7.32,3.6288,61.308,0.251443,0,0,3.92501,0.16733,3.50624,0.66528,12.849,1,0.418097,7.32,0,183.459,2.76924,187.592,0.84672,12.849,0.84672,3695.15,0,18.483,0,4.40667,1.35731,20.0425,0.821878,24.9846,0.42336,18.483,0.42336,0,0,442.007,0,1.02816,0,0,5.43483,4.40667,1.028160,1,0,216.083,0,0,0,216.083,0
72.29,2.35283,0,0,14.715,0.277119,12.085,3.6288,61.308,0.251748,0,0,4.94533,0.117419,4.57616,0.66528,12.849,1,0.418197,12.085,0,204.863,2.65041,213.879,0.84672,12.849,0.84672,3695.15,0,18.483,0,6.12361,1.50779,28.3193,0.769459,35.1813,0.42336,18.483,0.42336,0,0,442.007,0,1.02816,0,0,7.15177,6.12361,1.028160,1,0,253.637,0,0,0,253.637,0
72.29,2.35339,0,0,8.53062,0.277119,5.90011,3.6288,61.308,0.252053,0,0,3.46504,0.117419,3.09557,0.66528,12.849,1,0.418297,5.90011,0,383.918,2.65041,386.749,0.84672,12.849,0.84672,3695.15,0,18.483,0,4.09346,1.50815,20.7795,0.769459,25.6117,0.42336,18.483,0.42336,0,0,442.007,0,1.02816,0,0,5.12162,4.09346,1.028160,1,0,415.456,0,0,0,415.456,0
72.29,2.35395,0,0,5.36328,0.277119,2.73221,3.6288,61.308,0.252358,0,0,2.24198,0.117419,1.87221,0.66528,12.849,1,0.418396,2.73221,0,176.719,2.65041,176.383,0.84672,12.849,0.84672,3695.15,0,18.483,0,2.74047,1.50851,12.6699,0.769459,16.1494,0.42336,18.483,0.42336,0,0,442.007,0,1.02816,0,0,3.76863,2.74047,1.028160,1,0,194.404,0,0,0,194.404,0
72.29,2.05606,0,0,5.15352,0.302538,2.79492,3.6288,61.308,0.0718222,0,0,2.97823,0.207825,2.69859,0.66528,12.849,1,0.365449,2.79492,0,167.196,3.86724,165.758,0.84672,12.849,0.84672,3695.15,0,18.483,0,3.08648,1.50887,15.5252,0.991055,19.1295,0.42336,18.483,0.42336,0,0,442.007,0,1.02816,0,0,4.11464,3.08648,1.028160,1,0,187.586,0,0,0,187.586,0
72.29,2.05655,0,0,5.55689,0.336091,3.16424,3.6288,61.308,0.0720844,0,0,5.68002,0.123739,5.4842,0.66528,12.849,1,0.365536,3.16424,0,247.584,3.06915,247.314,0.84672,12.849,0.84672,3695.15,0,18.483,0,3.4349,1.30364,20.8184,0.824451,24.7325,0.42336,18.483,0.42336,0,0,442.007,0,1.02816,0,0,4.46306,3.4349,1.028160,1,0,277.531,0,0,0,277.531,0
72.29,2.05704,0,0,5.79932,0.336091,3.40619,3.6288,61.308,0.0723465,0,0,3.35372,0.123739,3.15763,0.66528,12.849,1,0.365623,3.40619,0,188.717,3.06915,188.689,0.84672,12.849,0.84672,3695.15,0,18.483,0,3.6153,1.30395,18.3523,0.824451,22.4471,0.42336,18.483,0.42336,0,0,442.007,0,1.02816,0,0,4.64346,3.6153,1.028160,1,0,214.294,0,0,0,214.294,0
72.29,2.05753,0,0,10.354,0.336091,7.96038,3.6288,61.308,0.0726088,0,0,7.95027,0.123739,7.75392,0.66528,12.849,1,0.36571,7.96038,0,207.956,3.06915,212.482,0.84672,12.849,0.84672,3695.15,0,18.483,0,5.62238,1.30426,26.749,0.824451,32.8512,0.42336,18.483,0.42336,0,0,442.007,0,1.02816,0,0,6.65054,5.62238,1.028160,1,0,253.087,0,0,0,253.087,0
72.29,2.05802,0,0,7.61849,0.337422,5.22305,3.6288,61.308,0.072871,0,0,5.13727,0.0669648,4.99744,0.66528,12.849,1,0.365797,5.22305,0,190.842,2.80867,192.891,0.84672,12.849,0.84672,3695.15,0,18.483,0,3.6299,1.30457,22.1862,0.730579,26.3901,0.42336,18.483,0.42336,0,0,442.007,0,1.02816,0,0,4.65806,3.6299,1.028160,1,0,224.278,0,0,0,224.278,0
72.29,2.13372,0,0,8.01153,0.359932,5.51787,3.6288,61.308,0.117426,0,0,6.69758,0.152219,6.42794,0.66528,12.849,1,0.379253,5.51787,0,212.793,3.67306,214.258,0.84672,12.849,0.84672,3695.15,0,18.483,0,5.36754,1.30488,23.2908,0.893126,29.0701,0.42336,18.483,0.42336,0,0,442.007,0,1.02816,0,0,6.3957,5.36754,1.028160,1,0,249.756,0,0,0,249.756,0
72.29,2.13423,0,0,6.87493,0.363595,4.37711,3.6288,61.308,0.117699,0,0,6.13385,0.170213,5.84593,0.66528,12.849,1,0.379344,4.37711,0,196.851,3.8345,197.014,0.84672,12.849,0.84672,3695.15,0,18.483,0,4.54308,1.35601,19.2672,0.926475,24.2398,0.42336,18.483,0.42336,0,0,442.007,0,1.02816,0,0,5.57124,4.54308,1.028160,1,0,227.1,0,0,0,227.1,0
72.29,2.13474,0,0,6.31091,0.340962,3.8352,3.6288,61.308,0.117972,0,0,4.52626,0.167716,4.24057,0.66528,12.849,1,0.379434,3.8352,0,151.387,3.98277,150.86,0.84672,12.849,0.84672,3695.15,0,18.483,0,3.4469,1.35633,13.7176,0.936117,17.5848,0.42336,18.483,0.42336,0,0,442.007,0,1.02816,0,0,4.47506,3.4469,1.028160,1,0,172.686,0,0,0,172.686,0
72.29,2.13525,0,0,5.03727,0.310783,2.59123,3.6288,61.308,0.118245,0,0,3.69005,0.164386,3.40742,0.66528,12.849,1,0.379524,2.59123,0,143.731,4.18047,141.762,0.84672,12.849,0.84672,3695.15,0,18.483,0,2.27115,1.35666,10.9663,0.948972,13.6452,0.42336,18.483,0.42336,0,0,442.007,0,1.02816,0,0,3.29931,2.27115,1.028160,1,0,158.815,0,0,0,158.815,0
72.29,2.10632,0,0,4.2631,0.314374,1.8424,3.6288,61.308,0.101299,0,0,2.40901,0.178896,2.12882,0.66528,12.849,1,0.374383,1.8424,0,108.998,4.00671,106.459,0.84672,12.849,0.84672,3695.15,0,18.483,0,1.49239,1.35698,8.63948,0.978394,10.5105,0.42336,18.483,0.42336,0,0,442.007,0,1.02816,0,0,2.52055,1.49239,1.028160,1,0,119.099,0,0,0,119.099,0
72.29,2.10682,0,0,3.78806,0.251161,1.43008,3.6288,61.308,0.101568,0,0,1.50031,0.21162,1.18712,0.66528,12.849,1,0.374472,1.43008,0,95.7416,4.07096,92.7262,0.84672,12.849,0.84672,3695.15,0,18.483,0,1.39678,1.3375,6.96453,1.01404,8.68477,0.42336,18.483,0.42336,0,0,442.007,0,1.02816,0,0,2.42494,1.39678,1.028160,1,0,102.598,0,0,0,102.598,0
72.29,2.10732,0,0,3.59121,0.251161,1.23272,3.6288,61.308,0.101837,0,0,1.44083,0.21162,1.12738,0.66528,12.849,1,0.374561,1.23272,0,89.7998,4.07096,86.587,0.84672,12.849,0.84672,3695.15,0,18.483,0,1.31211,1.33782,6.53322,1.01404,8.16911,0.42336,18.483,0.42336,0,0,442.007,0,1.02816,0,0,2.34027,1.31211,1.028160,1,0,95.8835,0,0,0,95.8835,0
72.29,2.10783,0,0,3.32897,0.251161,0.969987,3.6288,61.308,0.102106,0,0,1.66635,0.21162,1.35263,0.66528,12.849,1,0.37465,0.969987,0,81.94,4.07096,78.4644,0.84672,12.849,0.84672,3695.15,0,18.483,0,1.6355,1.33814,7.15573,1.01404,9.11533,0.42336,18.483,0.42336,0,0,442.007,0,1.02816,0,0,2.66366,1.6355,1.028160,1,0,88.9324,0,0,0,88.9324,0
72.29,2.20834,0,0,3.17112,0.254368,0.708412,3.6288,61.308,0.163498,0,0,1.54649,0.18544,1.19755,0.66528,12.849,1,0.392516,0.708412,0,77.6892,3.8253,74.1798,0.84672,12.849,0.84672,3695.15,0,18.483,0,1.42708,1.33846,6.90141,0.925132,8.74181,0.42336,18.483,0.42336,0,0,442.007,0,1.02816,0,0,2.45524,1.42708,1.028160,1,0,84.1191,0,0,0,84.1191,0
72.29,2.20887,0,0,3.2302,0.197602,0.823733,3.6288,61.308,0.163782,0,0,1.17549,0.191327,0.820381,0.66528,12.849,1,0.392609,0.823733,0,77.6425,3.90075,74.1729,0.84672,12.849,0.84672,3695.15,0,18.483,0,0.937768,1.40808,5.90481,0.96647,7.28418,0.42336,18.483,0.42336,0,0,442.007,0,1.02816,0,0,1.96593,0.937768,1.028160,1,0,82.2774,0,0,0,82.2774,0
72.29,2.20939,0,0,3.20576,0.197602,0.798765,3.6288,61.308,0.164065,0,0,1.32703,0.191327,0.971643,0.66528,12.849,1,0.392703,0.798765,0,69.7283,3.90075,66.2336,0.84672,12.849,0.84672,3695.15,0,18.483,0,1.24272,1.40841,6.66135,0.96647,8.34601,0.42336,18.483,0.42336,0,0,442.007,0,1.02816,0,0,2.27088,1.24272,1.028160,1,0,75.5512,0,0,0,75.5512,0
72.29,2.20992,0,0,3.03982,0.197602,0.632299,3.6288,61.308,0.164349,0,0,1.1029,0.191327,0.74722,0.66528,12.849,1,0.392796,0.632299,0,63.8807,3.90075,60.2195,0.84672,12.849,0.84672,3695.15,0,18.483,0,0.897255,1.40875,6.15799,0.96647,7.49752,0.42336,18.483,0.42336,0,0,442.007,0,1.02816,0,0,1.92542,0.897255,1.028160,1,0,68.4642,0,0,0,68.4642,0
72.29,2.21045,0,0,2.85547,0.187077,0.457946,3.6288,61.308,0.164633,0,0,1.05471,0.206322,0.683756,0.66528,12.849,1,0.39289,0.457946,0,57.9166,4.10448,53.8772,0.84672,12.849,0.84672,3695.15,0,18.483,0,0.634418,1.40908,5.22409,1.02102,6.24657,0.42336,18.483,0.42336,0,0,442.007,0,1.02816,0,0,1.66258,0.634418,1.028160,1,0,60.8075,0,0,0,60.8075,0
72.29,2.19117,0,0,2.74973,0.169625,0.388937,3.6288,61.308,0.198551,0,0,0.896668,0.236109,0.462008,0.66528,12.849,1,0.389464,0.388937,0,58.8116,5.07669,53.7344,0.84672,12.849,0.84672,3695.15,0,18.483,0,0.565894,1.40942,4.74527,1.2767,5.44388,0.42336,18.483,0.42336,0,0,442.007,0,1.02816,0,0,1.59405,0.565894,1.028160,1,0,59.6403,0,0,0,59.6403,0
72.1999,2.19169,0,0,2.58996,0.125462,0.36288,3.6288,61.308,0.198843,0,0,0.873487,0.245449,0.429195,0.66528,12.849,1,0.389556,0.36288,0,55.2092,5.18459,49.9979,0.84672,12.849,0.84672,3695.15,0,18.483,0,0.489171,1.43137,4.67656,1.30919,5.28791,0.42336,18.483,0.42336,0,0,442.007,0,1.02816,0,0,1.51733,0.489171,1.028160,1,0,55.715,0,0,0,55.715,0
71.9236,2.1918,0,0,2.40362,0.12531,0.36288,3.6288,61.308,0.199135,0,0,0.868294,0.245449,0.42371,0.66528,12.849,1,0.390062,0.36288,0,50.7396,5.18459,45.5278,0.84672,12.849,0.84672,3695.15,0,18.483,0,0.518944,1.43171,4.28584,1.30919,4.9273,0.42336,18.483,0.42336,0,0,442.007,0,1.02816,0,0,1.5471,0.518944,1.028160,1,0,50.8788,0,0,0,50.8788,0
71.4791,2.19105,0,0,2.23449,0.125047,0.36288,3.6288,61.308,0.199427,0,0,0.865184,0.245449,0.420308,0.66528,12.849,1,0.391427,0.36288,0,47.3691,5.18459,42.156,0.84672,12.849,0.84672,3695.15,0,18.483,0,0.53517,1.43205,4.16783,1.30919,4.82586,0.42336,18.483,0.42336,0,0,442.007,0,1.02816,0,0,1.56333,0.53517,1.028160,1,0,47.4022,0,0,0,47.4022,0
70.7556,2.24061,0,0,1.9949,0.114889,0.36288,3.6288,61.308,0.358762,0,0,0.689057,0.298843,0.0314529,0.66528,12.849,1,0.402769,0.36288,0,39.8406,5.79213,34.0086,0.84672,12.849,0.84672,3695.15,0,18.483,0,0.261274,1.43239,3.55755,1.45671,3.7945,0.42336,18.483,0.42336,0,0,442.007,0,0.899122,0,0,1.1604,0.261274,1.028160,1,0,37.8345,0,0,0,37.8345,0
69.9991,2.23765,0,0,1.95145,0.107434,0.36288,3.6288,60.9847,0.692314,0,0,0.691101,0.322039,0,0.66528,12.849,1,0.406351,0.36288,0,45.016,5.99791,38.9746,0.84672,12.849,0.84672,3695.15,0,18.483,0,0.261274,1.46721,3.3967,1.50841,3.61677,0.42336,18.483,0.42336,0,0,442.007,0,0.565868,0,0,0.827142,0.261274,1.028160,1,0,42.5913,0,0,0,42.5913,0
69.0913,2.23447,0,0,1.7964,0.10681,0.36288,3.6288,60.6407,0.608581,0,0,0.585903,0.321381,0,0.66528,12.849,1,0.410159,0.36288,0,36.9757,5.99791,30.9305,0.84672,12.849,0.84672,3695.15,0,18.483,0,0.227405,1.46756,3.28428,1.50841,3.47084,0.42336,18.483,0.42336,0,0,442.007,0,0.649901,0,0,0.877306,0.227405,1.028160,1,0,34.4014,0,0,0,34.4014,0
68.0368,2.23046,0,0,1.64488,0.106062,0.36288,3.6288,60.1264,0.73626,0,0,0.542671,0.320681,0,0.66528,12.849,1,0.414802,0.36288,0,35.1452,5.99791,29.0954,0.84672,12.849,0.84672,3695.15,0,18.483,0,0.227405,1.46791,2.88685,1.50841,3.07375,0.42336,18.483,0.42336,0,0,442.007,0,0.522521,0,0,0.749926,0.227405,1.028160,1,0,32.1691,0,0,0,32.1691,0
66.9419,2.37422,0,0,1.73792,0.0957076,0.36288,3.6288,59.7297,0.694945,0,0,0.622985,0.324775,0,0.66528,12.849,1,0.44838,0.36288,0,34.4692,6.14747,28.2362,0.84672,12.849,0.84672,3695.15,0,18.483,0,0.227405,1.46826,3.81893,1.53829,3.97631,0.42336,18.483,0.42336,0,0,442.007,0,0.672538,0,0,0.899942,0.227405,1.028160,1,0,32.2125,0,0,0,32.2125,0
65.646,2.36863,0,0,1.54183,0.106268,0.36288,3.6288,59.0638,0.797395,0,0,0.479853,0.348374,0,0.66528,12.849,1,0.454641,0.36288,0,29.3529,6.14038,23.1208,0.84672,12.849,0.84672,3695.15,0,18.483,0,0.227405,1.58547,2.57708,1.47725,2.91271,0.42336,18.483,0.42336,0,0,442.007,0,0.570413,0,0,0.797818,0.227405,1.028160,1,0,26.0335,0,0,0,26.0335,0
64.5437,2.36169,0,0,1.72284,0.100525,0.36288,3.6288,58.7333,0.570653,0,0,0.589668,0.349446,0,0.66528,12.849,1,0.462257,0.36288,0,37.3511,6.21516,31.0365,0.84672,12.849,0.84672,3695.15,0,18.483,0,0.204422,1.58585,2.73542,1.49219,3.03351,0.42336,18.483,0.42336,0,0,442.007,0,0.797481,0,0,1.0019,0.204422,1.028160,1,0,34.07,0,0,0,34.07,0
63.0866,2.35566,0,0,1.36111,0.0996395,0.36288,3.6288,57.9599,0.855113,0,0,0.430429,0.348706,0,0.66528,12.849,1,0.468952,0.36288,0,38.5452,6.21516,32.224,0.84672,12.849,0.84672,3695.15,0,18.483,0,0.204422,1.58623,2.16746,1.49219,2.46593,0.42336,18.483,0.42336,0,0,442.007,0,0.513346,0,0,0.717768,0.204422,1.028160,1,0,34.6899,0,0,0,34.6899,0
61.9638,2.34722,0,0,1.68576,0.0984691,0.36288,3.6288,57.9884,0.340624,0,0,0.716097,0.346973,0,0.66528,12.849,1,0.478064,0.36288,0,34.1598,6.21516,27.8294,0.84672,12.849,0.84672,3695.15,0,18.483,0,0.252063,1.5866,3.25706,1.49219,3.60355,0.42336,18.483,0.42336,0,0,442.007,0,1.02816,0,0,1.28022,0.252063,1.028160,1,0,31.433,0,0,0,31.433,0
60.6518,2.26919,0,0,1.44639,0.126307,0.36288,3.6288,57.6263,0.423338,0,0,0.417703,0.356468,0,0.66528,12.849,1,0.470546,0.36288,0,24.0325,5.42811,18.4967,0.84672,12.849,0.84672,3695.15,0,18.483,0,0.204422,1.58698,2.11402,1.37995,2.52547,0.42336,18.483,0.42336,0,0,442.007,0,0.879898,0,0,1.08432,0.204422,1.028160,1,0,21.0222,0,0,0,21.0222,0
59.5852,2.26133,0,0,1.71355,0.15599,0.36288,3.6288,57.548,0.275386,0,0,0.563307,0.366277,0,0.66528,12.849,1,0.479059,0.36288,0,20.3347,5.22722,14.9913,0.84672,12.849,0.84672,3695.15,0,18.483,0,0.581014,1.52031,2.52691,1.4003,3.22794,0.42336,18.483,0.42336,0,0,442.007,0,1.02816,0,0,1.60917,0.581014,1.028160,1,0,18.2192,0,0,0,18.2192,0
58.4442,2.25481,0,0,1.63115,0.154471,0.36288,3.6288,57.4543,0.275696,0,0,0.548097,0.366091,0,0.66528,12.849,1,0.486229,0.36288,0,25.8848,5.22722,20.5343,0.84672,12.849,0.84672,3695.15,0,18.483,0,0.480833,1.52067,2.50174,1.4003,3.10294,0.42336,18.483,0.42336,0,0,442.007,0,1.02816,0,0,1.50899,0.480833,1.028160,1,0,23.6372,0,0,0,23.6372,0
57.5145,2.24756,0,0,1.83355,0.152779,0.36288,3.6288,57.5322,0.276006,0,0,0.719766,0.365869,0,0.66528,12.849,1,0.494128,0.36288,0,51.3266,5.22722,45.9681,0.84672,12.849,0.84672,3695.15,0,18.483,0,0.820981,1.52103,3.32275,1.4003,4.26446,0.42336,18.483,0.42336,0,0,442.007,0,1.02816,0,0,1.84914,0.820981,1.028160,1,0,50.2326,0,0,0,50.2326,0
56.8582,2.18366,0,0,2.06692,0.17666,0.36288,3.6288,57.7144,0.216298,0,0,0.732007,0.333451,0,0.66528,12.849,1,0.48784,0.36288,0,77.5285,5.13515,72.2684,0.84672,12.849,0.84672,3695.15,0,18.483,0,0.88274,1.52139,3.31981,1.31188,4.41206,0.42336,18.483,0.42336,0,0,442.007,0,1.02816,0,0,1.9109,0.88274,1.028160,1,0,76.6805,0,0,0,76.6805,0
55.537,2.17959,0,0,1.4595,0.238268,0.36288,3.6288,57.8505,0.216593,0,0,0.604865,0.252242,0,0.66528,12.849,1,0.49255,0.36288,0,57.4743,4.90497,52.4397,0.84672,12.849,0.84672,3695.15,0,18.483,0,1.04084,1.46211,1.75415,1.09085,3.16625,0.42336,18.483,0.42336,0,0,442.007,0,1.02816,0,0,2.069,1.04084,1.028160,1,0,55.6059,0,0,0,55.6059,0
55.7493,2.17059,0,0,2.97174,0.225988,0.36288,3.6288,58.192,0.216889,0,0,0.806982,0.248579,0,0.66528,12.849,1,0.502185,0.36288,0,46.1358,4.80897,41.1875,0.84672,12.849,0.84672,3695.15,0,18.483,0,1.68957,1.46245,3.09614,1.11232,5.13584,0.42336,18.483,0.42336,0,0,442.007,0,1.02816,0,0,2.71773,1.68957,1.028160,1,0,46.3233,0,0,0,46.3233,0
61.7694,2.17266,0,0,8.78106,0.225397,0.36288,3.6288,59.1758,0.217186,0,0,1.41426,0.213296,0,0.66528,12.849,1,0.50075,0.36288,0,136.159,4.00803,132.014,0.84672,12.849,0.84672,3695.15,0,18.483,0,3.3012,1.4628,7.498,1.02241,11.2396,0.42336,18.483,0.42336,0,0,442.007,0,1.02816,0,0,4.32936,3.3012,1.028160,1,0,143.253,0,0,0,143.253,0
63.5791,2.04688,0,0,4.47539,0.255911,0.36288,3.6288,59.9148,0.0923611,0,0,1.02633,0.194951,0,0.66528,12.849,1,0.425782,0.36288,0,88.2075,3.58732,84.5573,0.84672,12.849,0.84672,3695.15,0,18.483,0,2.07747,1.46315,4.2019,0.914738,6.82778,0.42336,18.483,0.42336,0,0,442.007,0,1.02816,0,0,3.10563,2.07747,1.028160,1,0,91.385,0,0,0,91.385,0
63.4483,2.05745,0,0,2.58198,0.292504,0.36288,3.6288,60.3514,0.0926275,0,0,0.71415,0.184901,0,0.66528,12.849,1,0.415799,0.36288,0,45.2555,3.61494,41.5877,0.84672,12.849,0.84672,3695.15,0,18.483,0,2.04917,1.32909,4.14154,0.896417,6.62338,0.42336,18.483,0.42336,0,0,442.007,0,1.02816,0,0,3.07733,2.04917,1.028160,1,0,48.2111,0,0,0,48.2111,0
64.0808,2.05722,0,0,3.35923,0.306616,0.36288,3.6288,61.0217,0.092894,0,0,0.9432,0.179986,0,0.66528,12.849,1,0.416611,0.36288,0,79.7844,3.6729,76.0578,0.84672,12.849,0.84672,3695.15,0,18.483,0,2.11044,1.32941,5.28989,0.901017,7.82872,0.42336,18.483,0.42336,0,0,442.007,0,1.02816,0,0,3.1386,2.11044,1.028160,1,0,83.8865,0,0,0,83.8865,0
64.944,2.06114,0,0,3.59537,0.308194,0.36288,3.6288,61.308,0.0931604,0,0,1.07876,0.180753,0.518575,0.66528,12.849,1,0.413284,0.36288,0,66.3904,3.6729,62.6671,0.84672,12.849,0.84672,3695.15,0,18.483,0,2.54332,1.32972,5.56991,0.901017,8.54194,0.42336,18.483,0.42336,0,0,442.007,0,1.02816,0,0,3.57148,2.54332,1.028160,1,0,71.7276,0,0,0,71.7276,0
66.9174,2.06621,0,0,4.68425,0.281703,0.36288,3.6288,61.308,0.093427,0,0,1.71361,0.217024,1.40316,0.66528,12.849,1,0.408795,0.36288,0,153.186,4.29684,148.844,0.84672,12.849,0.84672,3695.15,0,18.483,0,4.04699,1.33004,9.09602,1.1546,13.3185,0.42336,18.483,0.42336,0,0,442.007,0,1.02816,0,0,5.07515,4.04699,1.028160,1,0,163.565,0,0,0,163.565,0
68.7732,2.14187,0,0,4.62895,0.268388,0.36288,3.6288,61.308,0.129961,0,0,1.26828,0.238053,0.900261,0.66528,12.849,1,0.411267,0.36288,0,109.119,4.07204,104.998,0.84672,12.849,0.84672,3695.15,0,18.483,0,2.42404,1.33035,7.18004,1.14464,9.78979,0.42336,18.483,0.42336,0,0,442.007,0,1.02816,0,0,3.4522,2.42404,1.028160,1,0,115.689,0,0,0,115.689,0
71.7607,2.15171,0,0,5.77752,0.275403,0.36288,3.6288,61.308,0.130225,0,0,0.787801,0.233607,0.423969,0.66528,12.849,1,0.402008,0.36288,0,90.6733,3.55246,87.0818,0.84672,12.849,0.84672,3695.15,0,18.483,0,0.908349,1.37322,4.95858,0.994537,6.24562,0.42336,18.483,0.42336,0,0,442.007,0,1.02816,0,0,1.93651,0.908349,1.028160,1,0,93.7513,0,0,0,93.7513,0
72.29,2.1664,0,0,3.73677,0.281817,0.759301,3.6288,61.3072,0.23988,0,0,0.472681,0.233607,0,0.66528,12.849,1,0.387901,0.759301,0,70.4589,3.55246,67.2778,0.84672,12.849,0.84672,3695.15,0,18.483,0,0.503194,1.37354,4.6249,0.994537,5.50709,0.42336,18.483,0.42336,0,0,442.007,0,0.918769,0,0,1.42196,0.503194,1.028160,1,0,72.7849,0,0,0,72.7849,0
72.29,2.16931,0,0,5.59805,0.28531,3.14343,3.6288,61.308,0.130753,0,0,1.17086,0.224613,0.814691,0.66528,12.849,1,0.385578,3.14343,0,92.4705,3.49312,91.7352,0.84672,12.849,0.84672,3695.15,0,18.483,0,1.12224,1.37385,6.61166,0.980373,8.12738,0.42336,18.483,0.42336,0,0,442.007,0,1.02816,0,0,2.1504,1.12224,1.028160,1,0,100.677,0,0,0,100.677,0
72.29,2.38144,0,0,5.7208,0.298013,3.04135,3.6288,61.308,0.267312,0,0,1.04354,0.17477,0.601457,0.66528,12.849,1,0.423283,3.04135,0,135.223,3.18981,134.651,0.84672,12.849,0.84672,3695.15,0,18.483,0,1.02095,1.37416,5.59348,0.905159,7.08343,0.42336,18.483,0.42336,0,0,442.007,0,1.02816,0,0,2.04911,1.02095,1.028160,1,0,142.336,0,0,0,142.336,0
72.29,2.38198,0,0,4.80634,0.289404,2.13495,3.6288,61.308,0.267607,0,0,1.03707,0.199446,0.570014,0.66528,12.849,1,0.423379,2.13495,0,100.246,3.50616,98.451,0.84672,12.849,0.84672,3695.15,0,18.483,0,0.890775,1.52649,8.57153,0.963753,10.025,0.42336,18.483,0.42336,0,0,442.007,0,1.02816,0,0,1.91894,0.890775,1.028160,1,0,109.046,0,0,0,109.046,0
72.29,2.38252,0,0,5.1146,0.289404,2.44268,3.6288,61.308,0.267903,0,0,1.02626,0.199446,0.55891,0.66528,12.849,1,0.423476,2.44268,0,87.9189,3.50616,86.432,0.84672,12.849,0.84672,3695.15,0,18.483,0,0.897143,1.52683,5.92233,0.963753,7.38256,0.42336,18.483,0.42336,0,0,442.007,0,1.02816,0,0,1.9253,0.897143,1.028160,1,0,94.3734,0,0,0,94.3734,0
72.29,2.38307,0,0,4.69664,0.289404,2.02417,3.6288,61.308,0.268198,0,0,0.990204,0.199446,0.52256,0.66528,12.849,1,0.423572,2.02417,0,86.6575,3.50616,84.7519,0.84672,12.849,0.84672,3695.15,0,18.483,0,0.799908,1.52718,5.48716,0.963753,6.8505,0.42336,18.483,0.42336,0,0,442.007,0,1.02816,0,0,1.82807,0.799908,1.028160,1,0,92.125,0,0,0,92.125,0
72.29,2.08147,0,0,4.32753,0.282234,1.96382,3.6288,61.308,0.0854178,0,0,1.10363,0.217603,0.80061,0.66528,12.849,1,0.369966,1.96382,0,84.3929,4.3399,81.6469,0.84672,12.849,0.84672,3695.15,0,18.483,0,0.903554,1.52753,6.34846,1.21807,7.56148,0.42336,18.483,0.42336,0,0,442.007,0,1.02816,0,0,1.93171,0.903554,1.028160,1,0,90.009,0,0,0,90.009,0
72.29,2.08195,0,0,6.11159,0.348402,3.68124,3.6288,61.308,0.0856716,0,0,1.85752,0.171065,1.60079,0.66528,12.849,1,0.37005,3.68124,0,109.05,3.86747,108.493,0.84672,12.849,0.84672,3695.15,0,18.483,0,2.59379,1.31975,11.2228,0.91683,14.2195,0.42336,18.483,0.42336,0,0,442.007,0,1.02816,0,0,3.62195,2.59379,1.028160,1,0,124.314,0,0,0,124.314,0
72.29,2.08242,0,0,5.7288,0.348402,3.29797,3.6288,61.308,0.0859254,0,0,1.38938,0.171065,1.13239,0.66528,12.849,1,0.370135,3.29797,0,86.9789,3.86747,86.0393,0.84672,12.849,0.84672,3695.15,0,18.483,0,1.71344,1.32005,9.22147,0.91683,11.3381,0.42336,18.483,0.42336,0,0,442.007,0,1.02816,0,0,2.7416,1.71344,1.028160,1,0,98.5098,0,0,0,98.5098,0
72.29,2.0829,0,0,4.53101,0.348402,2.09971,3.6288,61.308,0.0861792,0,0,1.01881,0.171065,0.761567,0.66528,12.849,1,0.370219,2.09971,0,92.4342,3.86747,90.2962,0.84672,12.849,0.84672,3695.15,0,18.483,0,0.887354,1.32035,7.01663,0.91683,8.30751,0.42336,18.483,0.42336,0,0,442.007,0,1.02816,0,0,1.91551,0.887354,1.028160,1,0,99.3653,0,0,0,99.3653,0
72.29,2.08337,0,0,3.12303,0.325746,0.713916,3.6288,61.308,0.0864332,0,0,0.69819,0.159032,0.452724,0.66528,12.849,1,0.370303,0.713916,0,74.3515,3.69307,71.0021,0.84672,12.849,0.84672,3695.15,0,18.483,0,0.562637,1.32065,6.26848,0.891779,7.25999,0.42336,18.483,0.42336,0,0,442.007,0,1.02816,0,0,1.5908,0.562637,1.028160,1,0,78.7148,0,0,0,78.7148,0
72.29,2.15998,0,0,3.80659,0.310481,1.33612,3.6288,61.308,0.131525,0,0,0.693633,0.133304,0.428803,0.66528,12.849,1,0.383921,1.33612,0,54.7632,3.43898,52.2764,0.84672,12.849,0.84672,3695.15,0,18.483,0,0.724533,1.32095,4.62179,0.754317,5.91296,0.42336,18.483,0.42336,0,0,442.007,0,1.02816,0,0,1.75269,0.724533,1.028160,1,0,58.6182,0,0,0,58.6182,0
72.29,2.16048,0,0,4.72617,0.32276,2.24294,3.6288,61.308,0.13179,0,0,1.04961,0.154836,0.762987,0.66528,12.849,1,0.384008,2.24294,0,81.7221,3.84594,79.7351,0.84672,12.849,0.84672,3695.15,0,18.483,0,1.65768,1.3727,6.09851,0.923487,8.2054,0.42336,18.483,0.42336,0,0,442.007,0,1.02816,0,0,2.68584,1.65768,1.028160,1,0,88.7035,0,0,0,88.7035,0
72.29,2.16097,0,0,3.2985,0.32276,0.814773,3.6288,61.308,0.132054,0,0,0.738988,0.154836,0.452098,0.66528,12.849,1,0.384096,0.814773,0,55.1259,3.84594,51.7106,0.84672,12.849,0.84672,3695.15,0,18.483,0,0.553668,1.37301,4.64858,0.923487,5.65177,0.42336,18.483,0.42336,0,0,442.007,0,1.02816,0,0,1.58183,0.553668,1.028160,1,0,57.8145,0,0,0,57.8145,0
72.29,2.16146,0,0,4.09176,0.32276,1.60754,3.6288,61.308,0.132318,0,0,1.50919,0.154836,1.22204,0.66528,12.849,1,0.384183,1.60754,0,93.0309,3.84594,90.4084,0.84672,12.849,0.84672,3695.15,0,18.483,0,2.65309,1.37333,8.45275,0.923487,11.5557,0.42336,18.483,0.42336,0,0,442.007,0,1.02816,0,0,3.68125,2.65309,1.028160,1,0,103.186,0,0,0,103.186,0
72.29,2.13216,0,0,3.33126,0.315123,0.883977,3.6288,61.308,0.115152,0,0,1.13786,0.171875,0.850835,0.66528,12.849,1,0.378975,0.883977,0,65.8953,3.85179,62.5485,0.84672,12.849,0.84672,3695.15,0,18.483,0,1.31717,1.37364,5.83717,0.909199,7.61877,0.42336,18.483,0.42336,0,0,442.007,0,1.02816,0,0,2.34533,1.31717,1.028160,1,0,71.0181,0,0,0,71.0181,0
72.29,2.13264,0,0,2.95141,0.276794,0.541972,3.6288,61.308,0.115412,0,0,1.06509,0.132668,0.817007,0.66528,12.849,1,0.379061,0.541972,0,55.6934,2.63204,53.2243,0.84672,12.849,0.84672,3695.15,0,18.483,0,0.879397,1.35391,4.31455,0.718135,5.82972,0.42336,18.483,0.42336,0,0,442.007,0,1.02816,0,0,1.90756,0.879397,1.028160,1,0,59.871,0,0,0,59.871,0
72.29,2.13313,0,0,2.73985,0.221938,0.384783,3.6288,61.308,0.115673,0,0,1.04959,0.191871,0.742043,0.66528,12.849,1,0.379147,0.384783,0,56.998,3.39649,53.6071,0.84672,12.849,0.84672,3695.15,0,18.483,0,0.807572,1.35422,3.75507,0.931995,4.98487,0.42336,18.483,0.42336,0,0,442.007,0,1.02816,0,0,1.83573,0.807572,1.028160,1,0,59.334,0,0,0,59.334,0
72.0536,2.13361,0,0,2.47291,0.212795,0.36288,3.6288,61.308,0.115933,0,0,1.06056,0.201739,0.742888,0.66528,12.849,1,0.379234,0.36288,0,49.166,3.52391,45.6257,0.84672,12.849,0.84672,3695.15,0,18.483,0,0.853753,1.35453,3.54871,0.967638,4.78935,0.42336,18.483,0.42336,0,0,442.007,0,1.02816,0,0,1.88191,0.853753,1.028160,1,0,51.158,0,0,0,51.158,0
71.6395,2.23423,0,0,2.39537,0.212414,0.36288,3.6288,61.308,0.178064,0,0,1.01181,0.201739,0.632011,0.66528,12.849,1,0.39842,0.36288,0,51.6729,3.52391,48.1135,0.84672,12.849,0.84672,3695.15,0,18.483,0,0.824446,1.35483,3.50352,0.967638,4.71516,0.42336,18.483,0.42336,0,0,442.007,0,1.02816,0,0,1.85261,0.824446,1.028160,1,0,53.4606,0,0,0,53.4606,0
70.9153,2.23278,0,0,2.07619,0.204731,0.36288,3.6288,61.308,0.376212,0,0,0.873452,0.22859,0.268651,0.66528,12.849,1,0.400464,0.36288,0,36.1732,4.28386,31.8517,0.84672,12.849,0.84672,3695.15,0,18.483,0,0.402797,1.42529,2.74323,1.11246,3.45886,0.42336,18.483,0.42336,0,0,442.007,0,0.830287,0,0,1.23308,0.402797,1.028160,1,0,35.5792,0,0,0,35.5792,0
69.9847,2.22983,0,0,1.81939,0.157255,0.36288,3.6288,61.308,0.296013,0,0,0.6952,0.221843,0.177344,0.66528,12.849,1,0.404018,0.36288,0,31.3128,4.09385,27.1778,0.84672,12.849,0.84672,3695.15,0,18.483,0,0.30119,1.42561,2.50646,1.07524,3.15802,0.42336,18.483,0.42336,0,0,442.007,0,0.91076,0,0,1.21195,0.30119,1.028160,1,0,30.5132,0,0,0,30.5132,0
68.9885,2.2258,0,0,1.74111,0.148655,0.36288,3.6288,61.308,0.303071,0,0,0.730944,0.223629,0.204245,0.66528,12.849,1,0.40865,0.36288,0,29.4205,4.14802,25.2267,0.84672,12.849,0.84672,3695.15,0,18.483,0,0.30119,1.42594,2.61121,1.06521,3.27313,0.42336,18.483,0.42336,0,0,442.007,0,0.903977,0,0,1.20517,0.30119,1.028160,1,0,28.7041,0,0,0,28.7041,0
67.9201,2.22133,0,0,1.66331,0.147511,0.36288,3.6288,61.308,0.356447,0,0,0.734046,0.223629,0.153971,0.66528,12.849,1,0.413719,0.36288,0,27.6421,4.14802,23.4433,0.84672,12.849,0.84672,3695.15,0,18.483,0,0.30119,1.42626,2.51088,1.06521,3.17312,0.42336,18.483,0.42336,0,0,442.007,0,0.850876,0,0,1.15207,0.30119,1.028160,1,0,26.7704,0,0,0,26.7704,0
67.069,2.19651,0,0,1.83442,0.126106,0.36288,3.6288,61.308,0.213481,0,0,0.699866,0.262941,0.223444,0.66528,12.849,1,0.415532,0.36288,0,28.6013,4.8069,23.7417,0.84672,12.849,0.84672,3695.15,0,18.483,0,0.423853,1.42659,3.41683,1.21942,4.04785,0.42336,18.483,0.42336,0,0,442.007,0,1.02816,0,0,1.45201,0.423853,1.028160,1,0,28.013,0,0,0,28.013,0
66.2713,2.19258,0,0,1.87504,0.117247,0.36288,3.6288,61.308,0.213764,0,0,0.670594,0.278667,0.178163,0.66528,12.849,1,0.420052,0.36288,0,29.6524,5.07045,24.5248,0.84672,12.849,0.84672,3695.15,0,18.483,0,0.432855,1.44879,3.87361,1.2811,4.47416,0.42336,18.483,0.42336,0,0,442.007,0,1.02816,0,0,1.46102,0.432855,1.028160,1,0,29.1771,0,0,0,29.1771,0
65.3262,2.18885,0,0,1.72313,0.116508,0.36288,3.6288,61.308,0.214046,0,0,0.651318,0.278667,0.158605,0.66528,12.849,1,0.424384,0.36288,0,29.184,5.07045,24.0521,0.84672,12.849,0.84672,3695.15,0,18.483,0,0.433477,1.44912,3.90605,1.2811,4.50754,0.42336,18.483,0.42336,0,0,442.007,0,1.02816,0,0,1.46164,0.433477,1.028160,1,0,28.7182,0,0,0,28.7182,0
64.232,2.18421,0,0,1.56846,0.115632,0.36288,3.6288,61.308,0.237346,0,0,0.609193,0.278667,0.0931809,0.66528,12.849,1,0.429612,0.36288,0,28.0167,5.07045,22.8795,0.84672,12.849,0.84672,3695.15,0,18.483,0,0.261274,1.44945,3.66939,1.2811,4.09901,0.42336,18.483,0.42336,0,0,442.007,0,1.00514,0,0,1.26642,0.261274,1.028160,1,0,27.0717,0,0,0,27.0717,0
63.0115,2.22945,0,0,1.47677,0.104928,0.36288,3.6288,61.308,0.277155,0,0,0.613516,0.303303,0.0330585,0.66528,12.849,1,0.445981,0.36288,0,23.5509,5.44773,18.0201,0.84672,12.849,0.84672,3695.15,0,18.483,0,0.261274,1.44978,3.43386,1.39008,3.75483,0.42336,18.483,0.42336,0,0,442.007,0,0.995985,0,0,1.25726,0.261274,1.028160,1,0,21.808,0,0,0,21.808,0
61.7593,2.22278,0,0,1.42889,0.0953944,0.36288,3.6288,61.308,0.245269,0,0,0.589373,0.326501,0.0176029,0.66528,12.849,1,0.45326,0.36288,0,28.2626,5.89691,22.2753,0.84672,12.849,0.84672,3695.15,0,18.483,0,0.427576,1.485,3.45919,1.48219,3.88958,0.42336,18.483,0.42336,0,0,442.007,0,1.02816,0,0,1.45574,0.427576,1.028160,1,0,26.1825,0,0,0,26.1825,0
60.419,2.21568,0,0,1.33267,0.0944195,0.36288,3.6288,61.258,0.245559,0,0,0.522028,0.326501,0,0.66528,12.849,1,0.460972,0.36288,0,22.3583,5.89691,16.3633,0.84672,12.849,0.84672,3695.15,0,18.483,0,0.408828,1.48534,3.15743,1.48219,3.56941,0.42336,18.483,0.42336,0,0,442.007,0,1.02816,0,0,1.43699,0.408828,1.028160,1,0,19.9327,0,0,0,19.9327,0
58.9672,2.20775,0,0,1.21217,0.0933759,0.36288,3.6288,61.1326,0.289308,0,0,0.490347,0.326398,0,0.66528,12.849,1,0.469511,0.36288,0,20.5593,5.89691,14.5558,0.84672,12.849,0.84672,3695.15,0,18.483,0,0.227405,1.48568,2.88973,1.48219,3.12063,0.42336,18.483,0.42336,0,0,442.007,0,0.984701,0,0,1.21211,0.227405,1.028160,1,0,17.6764,0,0,0,17.6764,0
57.547,2.34561,0,0,1.37145,0.083092,0.36288,3.6288,61.053,0.355851,0,0,0.596155,0.319955,0,0.66528,12.849,1,0.51111,0.36288,0,21.1426,6.0384,14.956,0.84672,12.849,0.84672,3695.15,0,18.483,0,0.611289,1.48602,4.2365,1.51906,4.81475,0.42336,18.483,0.42336,0,0,442.007,0,1.02816,0,0,1.63945,0.611289,1.028160,1,0,19.7707,0,0,0,19.7707,0
55.8438,2.33583,0,0,1.1112,0.115751,0.36288,3.6288,60.5503,0.570706,0,0,0.39683,0.328793,0,0.66528,12.849,1,0.521539,0.36288,0,14.327,6.23004,7.93832,0.84672,12.849,0.84672,3695.15,0,18.483,0,0.227405,1.60464,3.29092,1.50966,3.6133,0.42336,18.483,0.42336,0,0,442.007,0,0.81362,0,0,1.04102,0.227405,1.028160,1,0,11.5516,0,0,0,11.5516,0
54.1056,2.32342,0,0,1.06579,0.117671,0.36288,3.6288,59.9681,0.630593,0,0,0.363445,0.315012,0,0.66528,12.849,1,0.534593,0.36288,0,13.5767,6.27616,7.12885,0.84672,12.849,0.84672,3695.15,0,18.483,0,0.204422,1.605,2.58478,1.5224,2.8718,0.42336,18.483,0.42336,0,0,442.007,0,0.754047,0,0,0.95847,0.204422,1.028160,1,0,10.0006,0,0,0,10.0006,0
52.2523,2.31007,0,0,0.935271,0.115634,0.36288,3.6288,59.3313,0.67359,0,0,0.350632,0.313847,0,0.66528,12.849,1,0.548596,0.36288,0,17.2586,6.27616,10.7967,0.84672,12.849,0.84672,3695.15,0,18.483,0,0.204422,1.60537,2.48211,1.5224,2.7695,0.42336,18.483,0.42336,0,0,442.007,0,0.711366,0,0,0.915788,0.204422,1.028160,1,0,13.5662,0,0,0,13.5662,0
50.4362,2.29497,0,0,0.955204,0.113462,0.36288,3.6288,58.799,0.621996,0,0,0.402205,0.312573,0,0.66528,12.849,1,0.564342,0.36288,0,14.9502,6.27616,8.4726,0.84672,12.849,0.84672,3695.15,0,18.483,0,0.204422,1.60573,2.57761,1.5224,2.86536,0.42336,18.483,0.42336,0,0,442.007,0,0.763275,0,0,0.967697,0.204422,1.028160,1,0,11.338,0,0,0,11.338,0
48.8419,2.20975,0,0,1.08067,0.102269,0.36288,3.6288,58.7398,0.290759,0,0,0.565194,0.333559,0,0.66528,12.849,1,0.562952,0.36288,0,14.5509,6.59729,7.75353,0.84672,12.849,0.84672,3695.15,0,18.483,0,0.237799,1.6061,4.40751,1.60871,4.64269,0.42336,18.483,0.42336,0,0,442.007,0,1.02816,0,0,1.26596,0.237799,1.028160,1,0,12.3962,0,0,0,12.3962,0
47.2569,2.19571,0,0,1.11586,0.142276,0.36288,3.6288,58.4318,0.583774,0,0,0.58499,0.309231,0,0.66528,12.849,1,0.577631,0.36288,0,11.5334,6.50684,4.81178,0.84672,12.849,0.84672,3695.15,0,18.483,0,0.216518,1.5386,3.76928,1.55965,3.96475,0.42336,18.483,0.42336,0,0,442.007,0,0.735445,0,0,0.951964,0.216518,1.028160,1,0,8.77653,0,0,0,8.77653,0
46.0597,2.18097,0,0,1.49437,0.147769,0.36288,3.6288,58.558,0.29136,0,0,0.71943,0.301844,0,0.66528,12.849,1,0.592998,0.36288,0,15.3037,6.45162,8.62195,0.84672,12.849,0.84672,3695.15,0,18.483,0,0.232096,1.53895,4.63283,1.54068,4.86319,0.42336,18.483,0.42336,0,0,442.007,0,1.02816,0,0,1.26026,0.232096,1.028160,1,0,13.4851,0,0,0,13.4851,0
45.2638,2.16941,0,0,1.88224,0.145822,0.36288,3.6288,59.0429,0.29166,0,0,1.0786,0.302089,0,0.66528,12.849,1,0.605188,0.36288,0,31.1484,6.45162,24.4545,0.84672,12.849,0.84672,3695.15,0,18.483,0,0.862695,1.5393,6.39928,1.54068,7.26059,0.42336,18.483,0.42336,0,0,442.007,0,1.02816,0,0,1.89086,0.862695,1.028160,1,0,31.7151,0,0,0,31.7151,0
44.5112,2.10577,0,0,1.91236,0.196305,0.36288,3.6288,59.6696,0.231221,0,0,1.13348,0.275599,0,0.66528,12.849,1,0.597765,0.36288,0,27.8095,6.04527,21.5293,0.84672,12.849,0.84672,3695.15,0,18.483,0,0.977305,1.53965,4.93919,1.4689,5.98724,0.42336,18.483,0.42336,0,0,442.007,0,1.02816,0,0,2.00547,0.977305,1.028160,1,0,27.5166,0,0,0,27.5166,0
43.5874,2.09841,0,0,1.74914,0.211648,0.36288,3.6288,59.7038,0.416145,0,0,0.679654,0.229311,0,0.66528,12.849,1,0.605745,0.36288,0,26.9169,3.88028,22.7937,0.84672,12.849,0.84672,3695.15,0,18.483,0,0.216518,1.47964,4.82385,0.915635,5.60438,0.42336,18.483,0.42336,0,0,442.007,0,0.843523,0,0,1.06004,0.216518,1.028160,1,0,28.3981,0,0,0,28.3981,0
43.4801,2.08897,0,0,2.55396,0.20943,0.36288,3.6288,59.4735,0.697862,0,0,0.696982,0.229361,0,0.66528,12.849,1,0.615801,0.36288,0,35.5195,3.88028,31.3863,0.84672,12.849,0.84672,3695.15,0,18.483,0,0.292723,1.47998,4.76467,0.915635,5.62173,0.42336,18.483,0.42336,0,0,442.007,0,0.562092,0,0,0.854816,0.292723,1.028160,1,0,37.008,0,0,0,37.008,0
43.3073,2.08827,0,0,2.51341,0.235035,0.36288,3.6288,60.0907,0.232081,0,0,1.1165,0.267226,0,0.66528,12.849,1,0.617114,0.36288,0,33.328,4.70675,28.367,0.84672,12.849,0.84672,3695.15,0,18.483,0,0.705724,1.48031,7.08569,1.14871,8.12302,0.42336,18.483,0.42336,0,0,442.007,0,1.02816,0,0,1.73388,0.705724,1.028160,1,0,36.4901,0,0,0,36.4901,0
44.5394,1.92968,0,0,3.76347,0.238871,0.36288,3.6288,61.0891,0.105752,0,0,1.37878,0.274673,0,0.66528,12.849,1,0.572524,0.36288,0,57.1257,4.84449,52.0716,0.84672,12.849,0.84672,3695.15,0,18.483,0,0.753494,1.48065,7.09044,1.18755,8.13703,0.42336,18.483,0.42336,0,0,442.007,0,1.02816,0,0,1.78165,0.753494,1.028160,1,0,60.2086,0,0,0,60.2086,0
51.8092,1.94242,0,0,9.81694,0.241767,0.36288,3.6288,61.308,0.10601,0,0,2.73858,0.210105,2.20353,0.66528,12.849,1,0.56036,0.36288,0,84.5415,4.19685,80.1472,0.84672,12.849,0.84672,3695.15,0,18.483,0,2.0071,1.34497,19.0609,0.86249,21.5505,0.42336,18.483,0.42336,0,0,442.007,0,1.02816,0,0,3.03526,2.0071,1.028160,1,0,103.901,0,0,0,103.901,0
54.7812,2.00588,0,0,5.60231,0.261548,0.36288,3.6288,61.308,0.106268,0,0,2.11693,0.199328,1.81133,0.66528,12.849,1,0.497469,0.36288,0,80.8574,4.08891,76.6339,0.84672,12.849,0.84672,3695.15,0,18.483,0,1.27482,1.34528,10.3765,0.808312,12.1883,0.42336,18.483,0.42336,0,0,442.007,0,1.02816,0,0,2.30298,1.27482,1.028160,1,0,90.6335,0,0,0,90.6335,0
57.4848,2.0282,0,0,5.36426,0.269614,0.36288,3.6288,61.308,0.106525,0,0,2.02522,0.199328,1.71937,0.66528,12.849,1,0.475716,0.36288,0,75.8419,4.08891,71.6402,0.84672,12.849,0.84672,3695.15,0,18.483,0,1.29381,1.34559,10.5297,0.808312,12.3608,0.42336,18.483,0.42336,0,0,442.007,0,1.02816,0,0,2.32197,1.29381,1.028160,1,0,85.7204,0,0,0,85.7204,0
60.126,2.04695,0,0,5.32532,0.274289,0.36288,3.6288,61.308,0.106783,0,0,1.91017,0.222583,1.58081,0.66528,12.849,1,0.457534,0.36288,0,87.0506,4.65713,82.2988,0.84672,12.849,0.84672,3695.15,0,18.483,0,0.938002,1.34589,11.6541,1.06647,12.8715,0.42336,18.483,0.42336,0,0,442.007,0,1.02816,0,0,1.96616,0.938002,1.028160,1,0,96.7511,0,0,0,96.7511,0
62.3867,2.12863,0,0,5.0339,0.281674,0.36288,3.6288,61.308,0.143741,0,0,2.00682,0.240205,1.62287,0.66528,12.849,1,0.45489,0.36288,0,77.6373,4.97109,72.5742,0.84672,12.849,0.84672,3695.15,0,18.483,0,1.46445,1.3462,10.115,1.28651,11.6392,0.42336,18.483,0.42336,0,0,442.007,0,1.02816,0,0,2.49261,1.46445,1.028160,1,0,85.8362,0,0,0,85.8362,0
65.8732,2.14276,0,0,6.28448,0.292396,0.36288,3.6288,61.308,0.143997,0,0,2.09862,0.222359,1.73227,0.66528,12.849,1,0.441318,0.36288,0,86.5382,4.37955,82.0803,0.84672,12.849,0.84672,3695.15,0,18.483,0,2.46827,1.38956,9.67222,1.12096,12.4091,0.42336,18.483,0.42336,0,0,442.007,0,1.02816,0,0,3.49643,2.46827,1.028160,1,0,96.2216,0,0,0,96.2216,0
70.635,2.16278,0,0,7.5883,0.300759,0.36288,3.6288,61.308,0.144253,0,0,1.94478,0.222359,1.57817,0.66528,12.849,1,0.421865,0.36288,0,120.291,4.37955,115.853,0.84672,12.849,0.84672,3695.15,0,18.483,0,2.2031,1.38986,9.59299,1.12096,12.065,0.42336,18.483,0.42336,0,0,442.007,0,1.02816,0,0,3.23126,2.2031,1.028160,1,0,129.496,0,0,0,129.496,0
72.29,2.18732,0,0,4.75761,0.315579,0.599752,3.6288,61.308,0.144509,0,0,1.47539,0.211145,1.11974,0.66528,12.849,1,0.397888,0.599752,0,67.9259,4.2459,63.8819,0.84672,12.849,0.84672,3695.15,0,18.483,0,1.32209,1.39017,7.71526,1.06939,9.35813,0.42336,18.483,0.42336,0,0,442.007,0,1.02816,0,0,2.35025,1.32209,1.028160,1,0,74.3598,0,0,0,74.3598,0
72.29,2.40968,0,0,4.92859,0.328191,2.19072,3.6288,61.308,0.282675,0,0,1.27388,0.18311,0.808096,0.66528,12.849,1,0.428302,2.19072,0,62.4392,3.91177,60.2899,0.84672,12.849,0.84672,3695.15,0,18.483,0,0.80625,1.39047,9.35954,0.940468,10.6158,0.42336,18.483,0.42336,0,0,442.007,0,1.02816,0,0,1.83441,0.80625,1.028160,1,0,71.7137,0,0,0,71.7137,0
72.29,2.41021,0,0,9.17879,0.30827,6.46031,3.6288,61.308,0.282961,0,0,3.01301,0.187572,2.54248,0.66528,12.849,1,0.428396,6.46031,0,220.447,3.68634,222.793,0.84672,12.849,0.84672,3695.15,0,18.483,0,7.66119,1.54459,18.3829,0.890556,26.6981,0.42336,18.483,0.42336,0,0,442.007,0,1.02816,0,0,8.68935,7.66119,1.028160,1,0,252.033,0,0,0,252.033,0
72.29,2.41073,0,0,6.73324,0.30827,4.01424,3.6288,61.308,0.283247,0,0,1.98043,0.187572,1.50962,0.66528,12.849,1,0.428489,4.01424,0,146.487,3.68634,146.386,0.84672,12.849,0.84672,3695.15,0,18.483,0,3.22321,1.54493,10.9564,0.890556,14.834,0.42336,18.483,0.42336,0,0,442.007,0,1.02816,0,0,4.25137,3.22321,1.028160,1,0,162.73,0,0,0,162.73,0
72.29,2.41126,0,0,5.64555,0.30827,2.92602,3.6288,61.308,0.283533,0,0,1.73137,0.187572,1.26026,0.66528,12.849,1,0.428583,2.92602,0,104.818,3.68634,103.629,0.84672,12.849,0.84672,3695.15,0,18.483,0,2.38179,1.54526,9.08764,0.890556,12.1241,0.42336,18.483,0.42336,0,0,442.007,0,1.02816,0,0,3.40995,2.38179,1.028160,1,0,117.013,0,0,0,117.013,0
72.29,2.10607,0,0,6.66138,0.27407,4.28124,3.6288,61.308,0.0985798,0,0,2.24023,0.234914,1.90674,0.66528,12.849,1,0.374339,4.28124,0,115.583,3.77758,115.713,0.84672,12.849,0.84672,3695.15,0,18.483,0,3.69163,1.5456,17.3275,0.970817,21.5939,0.42336,18.483,0.42336,0,0,442.007,0,1.02816,0,0,4.71979,3.69163,1.028160,1,0,139.213,0,0,0,139.213,0
72.29,2.10653,0,0,9.72795,0.370608,7.25081,3.6288,61.308,0.0988256,0,0,3.30671,0.208814,2.99907,0.66528,12.849,1,0.37442,7.25081,0,131.779,3.76898,134.886,0.84672,12.849,0.84672,3695.15,0,18.483,0,7.23749,1.33535,15.2701,0.891344,22.9516,0.42336,18.483,0.42336,0,0,442.007,0,1.02816,0,0,8.26565,7.23749,1.028160,1,0,160.837,0,0,0,160.837,0
72.29,2.10699,0,0,6.82176,0.370608,4.34416,3.6288,61.308,0.0990714,0,0,2.6126,0.208814,2.30471,0.66528,12.849,1,0.374502,4.34416,0,133.224,3.76898,133.424,0.84672,12.849,0.84672,3695.15,0,18.483,0,5.53232,1.33564,12.9334,0.891344,18.91,0.42336,18.483,0.42336,0,0,442.007,0,1.02816,0,0,6.56048,5.53232,1.028160,1,0,154.639,0,0,0,154.639,0
72.29,2.10745,0,0,6.11973,0.325295,3.68698,3.6288,61.308,0.0993172,0,0,1.7364,0.184749,1.45233,0.66528,12.849,1,0.374584,3.68698,0,111.865,3.42019,111.757,0.84672,12.849,0.84672,3695.15,0,18.483,0,4.01758,1.33593,11.4185,0.841243,15.9307,0.42336,18.483,0.42336,0,0,442.007,0,1.02816,0,0,5.04574,4.01758,1.028160,1,0,129.14,0,0,0,129.14,0
72.29,2.10791,0,0,6.46168,0.29131,4.06246,3.6288,61.308,0.0995632,0,0,2.28894,0.1667,2.02268,0.66528,12.849,1,0.374665,4.06246,0,117.722,3.15861,118.251,0.84672,12.849,0.84672,3695.15,0,18.483,0,5.57487,1.33622,11.9835,0.803666,18.0909,0.42336,18.483,0.42336,0,0,442.007,0,1.02816,0,0,6.60303,5.57487,1.028160,1,0,138.365,0,0,0,138.365,0
72.29,2.18541,0,0,8.60376,0.299616,6.11874,3.6288,61.308,0.145175,0,0,3.11492,0.190869,2.77887,0.66528,12.849,1,0.38844,6.11874,0,177.854,3.79725,179.787,0.84672,12.849,0.84672,3695.15,0,18.483,0,6.14889,1.33651,13.3109,0.882553,19.9137,0.42336,18.483,0.42336,0,0,442.007,0,1.02816,0,0,7.17705,6.14889,1.028160,1,0,202.479,0,0,0,202.479,0
72.29,2.18588,0,0,8.06725,0.305845,5.57553,3.6288,61.308,0.145431,0,0,4.26439,0.208996,3.90997,0.66528,12.849,1,0.388524,5.57553,0,166.114,4.27623,167.024,0.84672,12.849,0.84672,3695.15,0,18.483,0,6.3328,1.38886,16.4924,0.941718,23.2723,0.42336,18.483,0.42336,0,0,442.007,0,1.02816,0,0,7.36096,6.3328,1.028160,1,0,194.207,0,0,0,194.207,0
72.29,2.18636,0,0,9.79163,0.305845,7.29942,3.6288,61.308,0.145687,0,0,3.08312,0.208996,2.72844,0.66528,12.849,1,0.388609,7.29942,0,158.625,4.27623,161.26,0.84672,12.849,0.84672,3695.15,0,18.483,0,5.91909,1.38916,14.4559,0.941718,20.8225,0.42336,18.483,0.42336,0,0,442.007,0,1.02816,0,0,6.94725,5.91909,1.028160,1,0,184.811,0,0,0,184.811,0
72.29,2.18684,0,0,7.77306,0.305845,5.28038,3.6288,61.308,0.145943,0,0,2.30809,0.208996,1.95315,0.66528,12.849,1,0.388694,5.28038,0,132.823,4.27623,133.438,0.84672,12.849,0.84672,3695.15,0,18.483,0,4.37657,1.38946,12.026,0.941718,16.8503,0.42336,18.483,0.42336,0,0,442.007,0,1.02816,0,0,5.40473,4.37657,1.028160,1,0,152.242,0,0,0,152.242,0
72.29,2.15717,0,0,6.37029,0.220813,3.99231,3.6288,61.308,0.128564,0,0,1.97713,0.230654,1.61791,0.66528,12.849,1,0.38342,3.99231,0,115,4.28898,114.32,0.84672,12.849,0.84672,3695.15,0,18.483,0,3.5235,1.38977,9.61701,0.998558,13.5317,0.42336,18.483,0.42336,0,0,442.007,0,1.02816,0,0,4.55166,3.5235,1.028160,1,0,129.47,0,0,0,129.47,0
72.29,2.15764,0,0,5.32679,0.239887,2.92927,3.6288,61.308,0.128816,0,0,1.32301,0.217657,0.976536,0.66528,12.849,1,0.383504,2.92927,0,88.4468,4.25051,86.7421,0.84672,12.849,0.84672,3695.15,0,18.483,0,2.1635,1.36979,7.64294,1.0492,10.127,0.42336,18.483,0.42336,0,0,442.007,0,1.02816,0,0,3.19166,2.1635,1.028160,1,0,97.8456,0,0,0,97.8456,0
72.29,2.15811,0,0,5.08863,0.239887,2.69064,3.6288,61.308,0.129068,0,0,1.274,0.217657,0.927278,0.66528,12.849,1,0.383587,2.69064,0,81.9037,4.25051,79.9603,0.84672,12.849,0.84672,3695.15,0,18.483,0,2.15121,1.37009,6.89221,1.0492,9.36431,0.42336,18.483,0.42336,0,0,442.007,0,1.02816,0,0,3.17937,2.15121,1.028160,1,0,90.2519,0,0,0,90.2519,0
72.29,2.15858,0,0,4.42283,0.158349,2.10591,3.6288,61.308,0.12932,0,0,1.15432,0.257864,0.767137,0.66528,12.849,1,0.383671,2.10591,0,75.2285,4.12083,72.8299,0.84672,12.849,0.84672,3695.15,0,18.483,0,2.72695,1.37039,6.24022,0.977555,9.36,0.42336,18.483,0.42336,0,0,442.007,0,1.02816,0,0,3.75511,2.72695,1.028160,1,0,82.957,0,0,0,82.957,0
72.29,2.26147,0,0,3.7135,0.158349,1.29368,3.6288,61.308,0.192166,0,0,1.08103,0.257864,0.630998,0.66528,12.849,1,0.401959,1.29368,0,45.5185,4.12083,42.2894,0.84672,12.849,0.84672,3695.15,0,18.483,0,2.51113,1.37069,5.57381,0.977555,8.47807,0.42336,18.483,0.42336,0,0,442.007,0,1.02816,0,0,3.53929,2.51113,1.028160,1,0,51.3985,0,0,0,51.3985,0
72.29,2.26196,0,0,3.61384,0.153792,1.19809,3.6288,61.308,0.192432,0,0,0.959757,0.251221,0.516104,0.66528,12.849,1,0.402046,1.19809,0,48.7984,4.81014,44.7843,0.84672,12.849,0.84672,3695.15,0,18.483,0,1.40407,1.44195,4.72674,1.0923,6.48046,0.42336,18.483,0.42336,0,0,442.007,0,1.02816,0,0,2.43223,1.40407,1.028160,1,0,51.7808,0,0,0,51.7808,0
72.29,2.26245,0,0,3.56664,0.153032,1.15115,3.6288,61.308,0.192698,0,0,0.86762,0.250114,0.424808,0.66528,12.849,1,0.402134,1.15115,0,47.0758,4.92503,42.8998,0.84672,12.849,0.84672,3695.15,0,18.483,0,1.04104,1.44226,4.28405,1.11142,5.65593,0.42336,18.483,0.42336,0,0,442.007,0,1.02816,0,0,2.0692,1.04104,1.028160,1,0,48.9805,0,0,0,48.9805,0
72.29,2.26295,0,0,3.15398,0.131438,0.759595,3.6288,61.308,0.192964,0,0,0.814346,0.264279,0.357103,0.66528,12.849,1,0.402222,0.759595,0,41.8471,5.08567,37.1188,0.84672,12.849,0.84672,3695.15,0,18.483,0,0.924212,1.44258,4.18355,1.15247,5.39787,0.42336,18.483,0.42336,0,0,442.007,0,1.02816,0,0,1.95237,0.924212,1.028160,1,0,42.8737,0,0,0,42.8737,0
72.29,2.26344,0,0,2.98547,0.102645,0.61938,3.6288,61.308,0.19323,0,0,0.781281,0.283166,0.304885,0.66528,12.849,1,0.402309,0.61938,0,38.7079,5.29988,33.6251,0.84672,12.849,0.84672,3695.15,0,18.483,0,0.820843,1.44289,4.07277,1.2072,5.12931,0.42336,18.483,0.42336,0,0,442.007,0,1.02816,0,0,1.849,0.820843,1.028160,1,0,39.0593,0,0,0,39.0593,0
72.29,2.24366,0,0,2.72681,0.0993062,0.383847,3.6288,61.308,0.227936,0,0,0.692513,0.267903,0.196675,0.66528,12.849,1,0.398793,0.383847,0,38.062,5.14694,32.9002,0.84672,12.849,0.84672,3695.15,0,18.483,0,0.595408,1.44321,3.81614,1.21611,4.63865,0.42336,18.483,0.42336,0,0,442.007,0,1.02816,0,0,1.62357,0.595408,1.028160,1,0,37.7355,0,0,0,37.7355,0
72.0707,2.24415,0,0,2.48451,0.0968018,0.36288,3.6288,61.308,0.22821,0,0,0.619469,0.256455,0.134804,0.66528,12.849,1,0.39888,0.36288,0,37.2165,5.03223,32.1482,0.84672,12.849,0.84672,3695.15,0,18.483,0,0.430099,1.46565,3.60253,1.22279,4.27549,0.42336,18.483,0.42336,0,0,442.007,0,1.02816,0,0,1.45826,0.430099,1.028160,1,0,36.5585,0,0,0,36.5585,0
71.6271,2.2436,0,0,2.25954,0.0966407,0.36288,3.6288,61.308,0.228483,0,0,0.604057,0.256455,0.119118,0.66528,12.849,1,0.399997,0.36288,0,36.4881,5.03223,31.4188,0.84672,12.849,0.84672,3695.15,0,18.483,0,0.411203,1.46597,3.45187,1.22279,4.10625,0.42336,18.483,0.42336,0,0,442.007,0,1.02816,0,0,1.43936,0.411203,1.028160,1,0,35.6441,0,0,0,35.6441,0
70.9768,2.24199,0,0,2.05086,0.0963149,0.36288,3.6288,61.308,0.241138,0,0,0.566705,0.256455,0.0691108,0.66528,12.849,1,0.402185,0.36288,0,32.5138,5.03223,27.4423,0.84672,12.849,0.84672,3695.15,0,18.483,0,0.261274,1.46629,3.33921,1.22279,3.84399,0.42336,18.483,0.42336,0,0,442.007,0,1.01578,0,0,1.27705,0.261274,1.028160,1,0,31.3554,0,0,0,31.3554,0
70.2532,2.29162,0,0,1.99381,0.0628527,0.36288,3.6288,61.2488,0.263484,0,0,0.535128,0.330858,0,0.66528,12.849,1,0.414855,0.36288,0,30.0428,5.94105,24.0498,0.84672,12.849,0.84672,3695.15,0,18.483,0,0.261274,1.46661,3.13854,1.56947,3.29696,0.42336,18.483,0.42336,0,0,442.007,0,1.02443,0,0,1.2857,0.261274,1.028160,1,0,27.3468,0,0,0,27.3468,0
69.6731,2.28851,0,0,2.13382,0.0625457,0.36288,3.6288,61.1724,0.295948,0,0,0.535968,0.316452,0,0.66528,12.849,1,0.418558,0.36288,0,30.7818,5.46567,25.2605,0.84672,12.849,0.84672,3695.15,0,18.483,0,0.261274,1.50223,2.90409,1.48556,3.18205,0.42336,18.483,0.42336,0,0,442.007,0,0.992244,0,0,1.25352,0.261274,1.028160,1,0,28.4425,0,0,0,28.4425,0
68.8812,2.28606,0,0,1.91934,0.0622661,0.36288,3.6288,61.0225,0.336275,0,0,0.50273,0.3163,0,0.66528,12.849,1,0.421592,0.36288,0,29.0103,5.46567,23.4859,0.84672,12.849,0.84672,3695.15,0,18.483,0,0.261274,1.50256,2.96472,1.48556,3.243,0.42336,18.483,0.42336,0,0,442.007,0,0.952197,0,0,1.21347,0.261274,1.028160,1,0,26.7289,0,0,0,26.7289,0
67.9207,2.28248,0,0,1.74669,0.0618844,0.36288,3.6288,60.7715,0.417323,0,0,0.482293,0.316,0,0.66528,12.849,1,0.42577,0.36288,0,27.2481,5.46567,21.7196,0.84672,12.849,0.84672,3695.15,0,18.483,0,0.227405,1.50289,2.7562,1.48556,3.00094,0.42336,18.483,0.42336,0,0,442.007,0,0.87143,0,0,1.09884,0.227405,1.028160,1,0,24.7205,0,0,0,24.7205,0
66.5928,2.43004,0,0,1.51143,0.0463843,0.36288,3.6288,60.3886,0.540628,0,0,0.480272,0.322539,0,0.66528,12.849,1,0.459707,0.36288,0,25.9976,5.70748,20.1933,0.84672,12.849,0.84672,3695.15,0,18.483,0,0.227405,1.50322,2.79297,1.5156,3.00799,0.42336,18.483,0.42336,0,0,442.007,0,0.859386,0,0,1.08679,0.227405,1.028160,1,0,23.2013,0,0,0,23.2013,0
64.784,2.42288,0,0,1.02441,0.0474578,0.36288,3.6288,59.8743,0.606407,0,0,0.413057,0.320976,0,0.66528,12.849,1,0.467493,0.36288,0,18.6854,5.80425,12.7765,0.84672,12.849,0.84672,3695.15,0,18.483,0,0.227405,1.62319,2.43463,1.54113,2.7441,0.42336,18.483,0.42336,0,0,442.007,0,0.793912,0,0,1.02132,0.227405,1.028160,1,0,15.5206,0,0,0,15.5206,0
62.9071,2.41252,0,0,0.942218,0.0437649,0.36288,3.6288,59.2767,0.654629,0,0,0.381392,0.32437,0,0.66528,12.849,1,0.478489,0.36288,0,15.5563,5.89071,9.55,0.84672,12.849,0.84672,3695.15,0,18.483,0,0.227405,1.62354,2.40972,1.60472,2.65595,0.42336,18.483,0.42336,0,0,442.007,0,0.745995,0,0,0.9734,0.227405,1.028160,1,0,12.2059,0,0,0,12.2059,0
61.4993,2.40119,0,0,1.40413,0.0478319,0.36288,3.6288,58.9735,0.432645,0,0,0.451529,0.322074,0,0.66528,12.849,1,0.490451,0.36288,0,20.0251,5.86102,14.0365,0.84672,12.849,0.84672,3695.15,0,18.483,0,0.204422,1.6239,2.64098,1.60108,2.86822,0.42336,18.483,0.42336,0,0,442.007,0,0.968285,0,0,1.17271,0.204422,1.028160,1,0,16.9047,0,0,0,16.9047,0
60.6782,2.39242,0,0,2.00271,0.0685431,0.36288,3.6288,58.8675,0.377144,0,0,0.583521,0.312346,0,0.66528,12.849,1,0.499847,0.36288,0,29.3749,5.79749,23.4404,0.84672,12.849,0.84672,3695.15,0,18.483,0,0.204422,1.62425,2.89161,1.57769,3.14259,0.42336,18.483,0.42336,0,0,442.007,0,1.02409,0,0,1.22851,0.204422,1.028160,1,0,26.583,0,0,0,26.583,0
59.1028,2.31452,0,0,1.18336,0.0812692,0.36288,3.6288,58.4525,0.539804,0,0,0.42112,0.296309,0,0.66528,12.849,1,0.490114,0.36288,0,32.0711,5.63385,26.31,0.84672,12.849,0.84672,3695.15,0,18.483,0,0.204422,1.6246,2.10135,1.53727,2.39311,0.42336,18.483,0.42336,0,0,442.007,0,0.794301,0,0,0.998724,0.204422,1.028160,1,0,28.7031,0,0,0,28.7031,0
58.062,2.30429,0,0,1.7355,0.109219,0.36288,3.6288,58.3997,0.306236,0,0,0.532788,0.279369,0,0.66528,12.849,1,0.500954,0.36288,0,19.8418,5.21199,14.4918,0.84672,12.849,0.84672,3695.15,0,18.483,0,0.438661,1.55632,3.14344,1.48613,3.65229,0.42336,18.483,0.42336,0,0,442.007,0,1.02816,0,0,1.46682,0.438661,1.028160,1,0,18.1441,0,0,0,18.1441,0
56.3977,2.29743,0,0,1.10422,0.108122,0.36288,3.6288,58.1241,0.371041,0,0,0.374698,0.279274,0,0.66528,12.849,1,0.508418,0.36288,0,30.2847,5.21199,24.9271,0.84672,12.849,0.84672,3695.15,0,18.483,0,0.216518,1.55666,2.15517,1.48613,2.44222,0.42336,18.483,0.42336,0,0,442.007,0,0.963645,0,0,1.18016,0.216518,1.028160,1,0,27.3694,0,0,0,27.3694,0
54.5482,2.28571,0,0,0.905412,0.106369,0.36288,3.6288,57.4497,0.737789,0,0,0.342161,0.278778,0,0.66528,12.849,1,0.52075,0.36288,0,17.5691,5.21199,12.1992,0.84672,12.849,0.84672,3695.15,0,18.483,0,0.216518,1.557,1.54009,1.48613,1.82748,0.42336,18.483,0.42336,0,0,442.007,0,0.597188,0,0,0.813707,0.216518,1.028160,1,0,14.0267,0,0,0,14.0267,0
54.029,2.21323,0,0,2.2276,0.170724,0.36288,3.6288,57.4649,0.245672,0,0,0.544247,0.283339,0,0.66528,12.849,1,0.521333,0.36288,0,23.3914,4.74879,18.4842,0.84672,12.849,0.84672,3695.15,0,18.483,0,0.801135,1.55733,4.00589,1.38656,4.9778,0.42336,18.483,0.42336,0,0,442.007,0,1.02816,0,0,1.8293,0.801135,1.028160,1,0,23.462,0,0,0,23.462,0
52.5806,2.20966,0,0,1.33071,0.206569,0.36288,3.6288,57.0559,0.582305,0,0,0.365294,0.191943,0,0.66528,12.849,1,0.525495,0.36288,0,20.87,3.90795,16.7994,0.84672,12.849,0.84672,3695.15,0,18.483,0,0.216518,1.49662,3.0777,0.99954,3.7913,0.42336,18.483,0.42336,0,0,442.007,0,0.691805,0,0,0.908323,0.216518,1.028160,1,0,20.5907,0,0,0,20.5907,0
50.8696,2.19851,0,0,1.07016,0.219724,0.36288,3.6288,56.4602,0.68311,0,0,0.276794,0.189446,0,0.66528,12.849,1,0.537245,0.36288,0,16.2613,3.92742,12.1596,0.84672,12.849,0.84672,3695.15,0,18.483,0,0.216518,1.49695,2.64493,1.02434,3.33405,0.42336,18.483,0.42336,0,0,442.007,0,0.591278,0,0,0.807796,0.216518,1.028160,1,0,15.4936,0,0,0,15.4936,0
50.1059,2.18456,0,0,1.99956,0.215854,0.36288,3.6288,56.7802,0.246504,0,0,0.755199,0.188713,0,0.66528,12.849,1,0.551791,0.36288,0,32.3971,3.92742,28.2807,0.84672,12.849,0.84672,3695.15,0,18.483,0,1.44622,1.49727,5.8351,1.02434,7.75425,0.42336,18.483,0.42336,0,0,442.007,0,1.02816,0,0,2.47438,1.44622,1.028160,1,0,36.035,0,0,0,36.035,0
51.1756,2.01428,0,0,3.67038,0.223463,0.36288,3.6288,57.8474,0.118718,0,0,1.36746,0.1815,0,0.66528,12.849,1,0.516537,0.36288,0,62.2893,3.8186,58.3171,0.84672,12.849,0.84672,3695.15,0,18.483,0,1.40886,1.4976,7.63663,0.993516,9.54957,0.42336,18.483,0.42336,0,0,442.007,0,1.02816,0,0,2.43702,1.40886,1.028160,1,0,67.8666,0,0,0,67.8666,0
50.7081,2.02335,0,0,2.16577,0.247109,0.36288,3.6288,58.4566,0.118968,0,0,0.885825,0.157697,0,0.66528,12.849,1,0.508017,0.36288,0,48.9542,3.44209,45.3669,0.84672,12.849,0.84672,3695.15,0,18.483,0,1.21811,1.36035,6.11292,0.893095,7.79829,0.42336,18.483,0.42336,0,0,442.007,0,1.02816,0,0,2.24627,1.21811,1.028160,1,0,53.1652,0,0,0,53.1652,0
51.1349,2.02006,0,0,3.04157,0.231759,0.36288,3.6288,59.3931,0.119218,0,0,1.22247,0.166708,0,0.66528,12.849,1,0.511866,0.36288,0,56.1001,3.55267,52.3985,0.84672,12.849,0.84672,3695.15,0,18.483,0,2.41428,1.36065,10.4456,0.92691,13.2936,0.42336,18.483,0.42336,0,0,442.007,0,1.02816,0,0,3.44244,2.41428,1.028160,1,0,65.6921,0,0,0,65.6921,0
50.6004,2.02391,0,0,2.08944,0.237134,0.36288,3.6288,60.2515,0.119467,0,0,1.1444,0.166501,0,0.66528,12.849,1,0.508561,0.36288,0,62.5987,3.60354,58.8495,0.84672,12.849,0.84672,3695.15,0,18.483,0,1.9619,1.36095,6.23175,0.918938,8.63566,0.42336,18.483,0.42336,0,0,442.007,0,1.02816,0,0,2.99006,1.9619,1.028160,1,0,67.4851,0,0,0,67.4851,0
49.5771,2.02007,0,0,1.62298,0.263319,0.36288,3.6288,60.868,0.119717,0,0,0.920195,0.184045,0,0.66528,12.849,1,0.512957,0.36288,0,47.5386,4.27003,43.1185,0.84672,12.849,0.84672,3695.15,0,18.483,0,1.48614,1.36124,4.95716,1.01361,6.79093,0.42336,18.483,0.42336,0,0,442.007,0,1.02816,0,0,2.5143,1.48614,1.028160,1,0,49.9094,0,0,0,49.9094,0
49.3544,2.01166,0,0,2.40708,0.255247,0.36288,3.6288,61.308,0.119717,0,0,0.782874,0.216541,0.00659171,0.66528,12.849,1,0.521365,0.36288,0,54.6733,4.61747,49.8974,0.84672,12.849,0.84672,3695.15,0,18.483,0,1.37399,1.36154,5.23155,1.14353,6.82354,0.42336,18.483,0.42336,0,0,442.007,0,1.02816,0,0,2.40215,1.37399,1.028160,1,0,56.7275,0,0,0,56.7275,0
50.4153,2.07319,0,0,3.73308,0.236182,0.36288,3.6288,61.308,0.157085,0,0,1.21233,0.216457,0.838789,0.66528,12.849,1,0.539738,0.36288,0,70.2497,4.28169,65.7911,0.84672,12.849,0.84672,3695.15,0,18.483,0,1.753,1.36154,7.60553,0.993341,9.72673,0.42336,18.483,0.42336,0,0,442.007,0,1.02816,0,0,2.78116,1.753,1.028160,1,0,76.3567,0,0,0,76.3567,0
52.6174,2.08268,0,0,4.88657,0.238853,0.36288,3.6288,61.308,0.157332,0,0,1.82274,0.216457,1.44895,0.66528,12.849,1,0.530799,0.36288,0,98.2567,4.28169,93.8071,0.84672,12.849,0.84672,3695.15,0,18.483,0,2.44975,1.40538,9.2461,0.993341,12.1079,0.42336,18.483,0.42336,0,0,442.007,0,1.02816,0,0,3.47791,2.44975,1.028160,1,0,107.364,0,0,0,107.364,0
53.5179,2.10097,0,0,3.60872,0.244391,0.36288,3.6288,61.308,0.157579,0,0,2.0629,0.216457,1.68886,0.66528,12.849,1,0.513051,0.36288,0,64.2858,4.28169,59.854,0.84672,12.849,0.84672,3695.15,0,18.483,0,2.97782,1.40568,6.45383,0.993341,9.84398,0.42336,18.483,0.42336,0,0,442.007,0,1.02816,0,0,4.00598,2.97782,1.028160,1,0,71.3868,0,0,0,71.3868,0
53.317,2.10837,0,0,2.51706,0.246656,0.36288,3.6288,61.308,0.157827,0,0,1.41003,0.216457,1.03575,0.66528,12.849,1,0.506195,0.36288,0,48.9783,4.28169,44.5533,0.84672,12.849,0.84672,3695.15,0,18.483,0,1.65655,1.40597,5.59831,0.993341,7.66749,0.42336,18.483,0.42336,0,0,442.007,0,1.02816,0,0,2.68471,1.65655,1.028160,1,0,53.2565,0,0,0,53.2565,0
54.6295,2.31282,0,0,4.28928,0.301139,0.36288,3.6288,61.308,0.29755,0,0,1.36537,0.199342,0.868478,0.66528,12.849,1,0.557371,0.36288,0,83.2478,3.77402,79.2793,0.84672,12.849,0.84672,3695.15,0,18.483,0,1.84054,1.40626,9.35743,0.924907,11.6793,0.42336,18.483,0.42336,0,0,442.007,0,1.02816,0,0,2.8687,1.84054,1.028160,1,0,91.8271,0,0,0,91.8271,0
58.0235,2.32414,0,0,6.38491,0.303906,0.36288,3.6288,61.308,0.297826,0,0,1.93739,0.204208,1.43536,0.66528,12.849,1,0.546644,0.36288,0,145.648,3.71511,141.749,0.84672,12.849,0.84672,3695.15,0,18.483,0,2.58339,1.56212,12.2259,0.933839,15.4375,0.42336,18.483,0.42336,0,0,442.007,0,1.02816,0,0,3.61155,2.58339,1.028160,1,0,158.622,0,0,0,158.622,0
59.1522,2.35081,0,0,4.15667,0.314305,0.36288,3.6288,61.308,0.298103,0,0,1.49961,0.204208,0.9973,0.66528,12.849,1,0.520574,0.36288,0,87.6753,3.71511,83.8025,0.84672,12.849,0.84672,3695.15,0,18.483,0,1.8771,1.56244,9.32774,0.933839,11.8334,0.42336,18.483,0.42336,0,0,442.007,0,1.02816,0,0,2.90526,1.8771,1.028160,1,0,96.6332,0,0,0,96.6332,0
60.9406,2.35946,0,0,4.80786,0.297041,0.36288,3.6288,61.308,0.298379,0,0,1.57911,0.152427,1.1283,0.66528,12.849,1,0.512521,0.36288,0,90.9818,3.26473,87.5674,0.84672,12.849,0.84672,3695.15,0,18.483,0,2.23141,1.56277,10.0836,0.751992,13.1258,0.42336,18.483,0.42336,0,0,442.007,0,1.02816,0,0,3.25957,2.23141,1.028160,1,0,101.821,0,0,0,101.821,0
63.2376,2.07166,0,0,5.04033,0.308821,0.36288,3.6288,61.308,0.111322,0,0,2.21416,0.166187,1.93666,0.66528,12.849,1,0.436799,0.36288,0,97.3417,3.57662,93.6912,0.84672,12.849,0.84672,3695.15,0,18.483,0,4.42314,1.56309,14.0441,0.868498,19.1619,0.42336,18.483,0.42336,0,0,442.007,0,1.02816,0,0,5.4513,4.42314,1.028160,1,0,114.79,0,0,0,114.79,0
66.2101,2.08529,0,0,5.73795,0.317311,0.36288,3.6288,61.308,0.111559,0,0,2.06818,0.171933,1.78469,0.66528,12.849,1,0.423701,0.36288,0,84.2538,3.65862,80.5344,0.84672,12.849,0.84672,3695.15,0,18.483,0,4.08707,1.35045,13.067,0.900039,17.6045,0.42336,18.483,0.42336,0,0,442.007,0,1.02816,0,0,5.11523,4.08707,1.028160,1,0,99.9236,0,0,0,99.9236,0
68.0526,2.10165,0,0,4.63209,0.324995,0.36288,3.6288,61.308,0.111797,0,0,1.46042,0.171933,1.17669,0.66528,12.849,1,0.407856,0.36288,0,91.0639,3.65862,87.3603,0.84672,12.849,0.84672,3695.15,0,18.483,0,2.34231,1.35073,9.06405,0.900039,11.8571,0.42336,18.483,0.42336,0,0,442.007,0,1.02816,0,0,3.37047,2.34231,1.028160,1,0,100.394,0,0,0,100.394,0
68.5095,2.11138,0,0,3.26087,0.329759,0.36288,3.6288,61.308,0.112035,0,0,1.03595,0.171933,0.751986,0.66528,12.849,1,0.39865,0.36288,0,80.9542,3.65862,77.2598,0.84672,12.849,0.84672,3695.15,0,18.483,0,1.88194,1.35101,8.71085,0.900039,11.0438,0.42336,18.483,0.42336,0,0,442.007,0,1.02816,0,0,2.9101,1.88194,1.028160,1,0,89.0556,0,0,0,89.0556,0
70.4959,2.11406,0,0,4.74723,0.283814,0.36288,3.6288,61.308,0.112272,0,0,0.841985,0.145657,0.584056,0.66528,12.849,1,0.396494,0.36288,0,86.3499,3.17966,83.1366,0.84672,12.849,0.84672,3695.15,0,18.483,0,1.53042,1.35129,8.99873,0.878978,11.0015,0.42336,18.483,0.42336,0,0,442.007,0,1.02816,0,0,2.55858,1.53042,1.028160,1,0,94.7221,0,0,0,94.7221,0
72.29,2.20156,0,0,6.58376,0.328699,2.25945,3.6288,61.308,0.158387,0,0,1.63154,0.166775,1.30638,0.66528,12.849,1,0.401269,2.25945,0,104.357,3.35485,102.861,0.84672,12.849,0.84672,3695.15,0,18.483,0,2.3266,1.35158,9.85945,0.967801,12.5698,0.42336,18.483,0.42336,0,0,442.007,0,1.02816,0,0,3.35476,2.3266,1.028160,1,0,116.737,0,0,0,116.737,0
72.29,2.21048,0,0,5.72057,0.333235,3.17686,3.6288,61.308,0.158634,0,0,2.04127,0.166775,1.71586,0.66528,12.849,1,0.392895,3.17686,0,115.088,3.35485,114.517,0.84672,12.849,0.84672,3695.15,0,18.483,0,3.48326,1.4045,14.2762,0.967801,18.1962,0.42336,18.483,0.42336,0,0,442.007,0,1.02816,0,0,4.51142,3.48326,1.028160,1,0,134.429,0,0,0,134.429,0
72.29,2.21094,0,0,4.46138,0.333235,1.91721,3.6288,61.308,0.158882,0,0,1.61629,0.166775,1.29064,0.66528,12.849,1,0.392977,1.91721,0,131.912,3.35485,130.081,0.84672,12.849,0.84672,3695.15,0,18.483,0,3.53208,1.40479,9.79508,0.967801,13.7642,0.42336,18.483,0.42336,0,0,442.007,0,1.02816,0,0,4.56024,3.53208,1.028160,1,0,145.136,0,0,0,145.136,0
72.29,2.2114,0,0,3.49426,0.297119,0.985742,3.6288,61.308,0.159129,0,0,1.16679,0.137482,0.870178,0.66528,12.849,1,0.393059,0.985742,0,89.5838,2.23392,87.9426,0.84672,12.849,0.84672,3695.15,0,18.483,0,2.44321,1.40508,7.63327,0.841635,10.6399,0.42336,18.483,0.42336,0,0,442.007,0,1.02816,0,0,3.47137,2.44321,1.028160,1,0,99.4527,0,0,0,99.4527,0
72.29,2.18137,0,0,3.21556,0.265845,0.768339,3.6288,61.308,0.141544,0,0,1.28831,0.224459,0.922308,0.66528,12.849,1,0.387723,0.768339,0,67.1207,3.68151,63.8198,0.84672,12.849,0.84672,3695.15,0,18.483,0,2.24242,1.40537,6.45805,1.10327,9.00257,0.42336,18.483,0.42336,0,0,442.007,0,1.02816,0,0,3.27058,2.24242,1.028160,1,0,73.7447,0,0,0,73.7447,0
72.29,2.18183,0,0,2.9011,0.265845,0.453423,3.6288,61.308,0.141787,0,0,1.16577,0.224459,0.799523,0.66528,12.849,1,0.387803,0.453423,0,62.0041,3.68151,58.3882,0.84672,12.849,0.84672,3695.15,0,18.483,0,1.74713,1.38516,6.09589,1.10327,8.12491,0.42336,18.483,0.42336,0,0,442.007,0,1.02816,0,0,2.77529,1.74713,1.028160,1,0,67.3126,0,0,0,67.3126,0
72.29,2.18228,0,0,3.40089,0.25368,0.964922,3.6288,61.308,0.142031,0,0,1.09014,0.230393,0.717719,0.66528,12.849,1,0.387884,0.964922,0,67.2693,4.14936,63.697,0.84672,12.849,0.84672,3695.15,0,18.483,0,1.74124,1.38545,8.09939,1.12172,10.1044,0.42336,18.483,0.42336,0,0,442.007,0,1.02816,0,0,2.7694,1.74124,1.028160,1,0,74.5191,0,0,0,74.5191,0
72.2562,2.18274,0,0,2.72372,0.211852,0.36288,3.6288,61.308,0.142275,0,0,1.06012,0.248738,0.669106,0.66528,12.849,1,0.387965,0.36288,0,51.0194,5.37866,45.6156,0.84672,12.849,0.84672,3695.15,0,18.483,0,1.7472,1.38574,6.22374,1.19318,8.16349,0.42336,18.483,0.42336,0,0,442.007,0,1.02816,0,0,2.77536,1.7472,1.028160,1,0,54.4482,0,0,0,54.4482,0
72.0417,2.2866,0,0,2.61709,0.182205,0.36288,3.6288,61.308,0.205812,0,0,1.10279,0.242683,0.654297,0.66528,12.849,1,0.406615,0.36288,0,49.1909,5.03692,44.1102,0.84672,12.849,0.84672,3695.15,0,18.483,0,1.63714,1.38603,5.68724,1.18473,7.52568,0.42336,18.483,0.42336,0,0,442.007,0,1.02816,0,0,2.6653,1.63714,1.028160,1,0,52.2902,0,0,0,52.2902,0
71.791,2.28604,0,0,2.59569,0.19744,0.36288,3.6288,61.308,0.206069,0,0,1.05687,0.231839,0.618962,0.66528,12.849,1,0.407728,0.36288,0,49.1614,4.75703,44.3596,0.84672,12.849,0.84672,3695.15,0,18.483,0,1.4652,1.45807,5.33493,1.1205,7.13771,0.42336,18.483,0.42336,0,0,442.007,0,1.02816,0,0,2.49336,1.4652,1.028160,1,0,52.1162,0,0,0,52.1162,0
71.2845,2.28531,0,0,2.3101,0.16838,0.36288,3.6288,61.308,0.206326,0,0,1.00316,0.250726,0.546112,0.66528,12.849,1,0.40902,0.36288,0,43.4915,4.97123,38.4741,0.84672,12.849,0.84672,3695.15,0,18.483,0,1.36033,1.45838,5.18975,1.17523,6.83324,0.42336,18.483,0.42336,0,0,442.007,0,1.02816,0,0,2.38849,1.36033,1.028160,1,0,45.8535,0,0,0,45.8535,0
70.6791,2.28333,0,0,2.18712,0.146301,0.36288,3.6288,61.308,0.206584,0,0,0.961364,0.264891,0.48989,0.66528,12.849,1,0.411568,0.36288,0,41.4406,5.13187,36.26,0.84672,12.849,0.84672,3695.15,0,18.483,0,1.21929,1.45868,5.13248,1.21627,6.59417,0.42336,18.483,0.42336,0,0,442.007,0,1.02816,0,0,2.24745,1.21929,1.028160,1,0,43.3441,0,0,0,43.3441,0
70.0162,2.28082,0,0,2.1249,0.144125,0.36288,3.6288,61.308,0.206841,0,0,0.967948,0.270584,0.490523,0.66528,12.849,1,0.414638,0.36288,0,39.8822,5.14299,34.6875,0.84672,12.849,0.84672,3695.15,0,18.483,0,1.18152,1.45899,5.37943,1.2258,6.79414,0.42336,18.483,0.42336,0,0,442.007,0,1.02816,0,0,2.20968,1.18152,1.028160,1,0,41.9722,0,0,0,41.9722,0
69.3691,2.25757,0,0,2.11477,0.141402,0.36288,3.6288,61.308,0.241921,0,0,1.00862,0.278174,0.48853,0.66528,12.849,1,0.414298,0.36288,0,38.4342,5.15781,33.2249,0.84672,12.849,0.84672,3695.15,0,18.483,0,1.1917,1.45929,5.63692,1.2385,7.04941,0.42336,18.483,0.42336,0,0,442.007,0,1.02816,0,0,2.21986,1.1917,1.028160,1,0,40.7629,0,0,0,40.7629,0
68.5824,2.25478,0,0,1.97168,0.140696,0.36288,3.6288,61.308,0.242186,0,0,0.96914,0.278174,0.44878,0.66528,12.849,1,0.417645,0.36288,0,37.9259,5.15781,32.7133,0.84672,12.849,0.84672,3695.15,0,18.483,0,1.10224,1.48197,5.75991,1.2385,7.10562,0.42336,18.483,0.42336,0,0,442.007,0,1.02816,0,0,2.1304,1.10224,1.028160,1,0,40.2677,0,0,0,40.2677,0
67.6146,2.25122,0,0,1.78607,0.139837,0.36288,3.6288,61.308,0.242451,0,0,0.926104,0.278174,0.40548,0.66528,12.849,1,0.421768,0.36288,0,37.2714,5.15781,32.0547,0.84672,12.849,0.84672,3695.15,0,18.483,0,0.996356,1.48228,5.44142,1.2385,6.68156,0.42336,18.483,0.42336,0,0,442.007,0,1.02816,0,0,2.02452,0.996356,1.028160,1,0,39.1417,0,0,0,39.1417,0
66.4971,2.24661,0,0,1.62624,0.134189,0.36288,3.6288,61.308,0.242715,0,0,0.875837,0.289143,0.343979,0.66528,12.849,1,0.42693,0.36288,0,32.8098,5.29896,27.4468,0.84672,12.849,0.84672,3695.15,0,18.483,0,0.802976,1.48259,5.28133,1.29002,6.27688,0.42336,18.483,0.42336,0,0,442.007,0,1.02816,0,0,1.83114,0.802976,1.028160,1,0,34.0676,0,0,0,34.0676,0
65.603,2.29337,0,0,1.87256,0.110408,0.36288,3.6288,61.308,0.274041,0,0,1.03713,0.339452,0.423636,0.66528,12.849,1,0.443139,0.36288,0,36.8136,6.09609,30.6372,0.84672,12.849,0.84672,3695.15,0,18.483,0,0.875275,1.4829,5.40808,1.51987,6.24638,0.42336,18.483,0.42336,0,0,442.007,0,1.02816,0,0,1.90344,0.875275,1.028160,1,0,37.3072,0,0,0,37.3072,0
64.6165,2.28879,0,0,1.77472,0.109624,0.36288,3.6288,61.308,0.274312,0,0,0.92785,0.339452,0.314086,0.66528,12.849,1,0.448283,0.36288,0,32.5278,6.09609,26.3463,0.84672,12.849,0.84672,3695.15,0,18.483,0,1.06079,1.5189,5.64856,1.51987,6.70839,0.42336,18.483,0.42336,0,0,442.007,0,1.02816,0,0,2.08895,1.06079,1.028160,1,0,33.3688,0,0,0,33.3688,0
63.5203,2.28356,0,0,1.65904,0.10876,0.36288,3.6288,61.308,0.274583,0,0,0.858488,0.339452,0.244453,0.66528,12.849,1,0.454087,0.36288,0,30.9291,6.09609,24.7418,0.84672,12.849,0.84672,3695.15,0,18.483,0,0.881029,1.51922,4.95641,1.51987,5.83679,0.42336,18.483,0.42336,0,0,442.007,0,1.02816,0,0,1.90919,0.881029,1.028160,1,0,30.8231,0,0,0,30.8231,0
62.4088,2.27752,0,0,1.63674,0.107799,0.36288,3.6288,61.308,0.274855,0,0,0.928791,0.339452,0.314485,0.66528,12.849,1,0.4607,0.36288,0,28.6992,6.09609,22.5053,0.84672,12.849,0.84672,3695.15,0,18.483,0,1.00972,1.51953,5.60517,1.51987,6.61455,0.42336,18.483,0.42336,0,0,442.007,0,1.02816,0,0,2.03788,1.00972,1.028160,1,0,29.4344,0,0,0,29.4344,0
61.1985,2.42287,0,0,1.68505,0.109623,0.36288,3.6288,61.308,0.387334,0,0,0.930364,0.325399,0.217631,0.66528,12.849,1,0.49883,0.36288,0,28.3567,6.16305,22.0577,0.84672,12.849,0.84672,3695.15,0,18.483,0,0.840214,1.51985,6.07396,1.58257,6.85146,0.42336,18.483,0.42336,0,0,442.007,0,1.02816,0,0,1.86837,0.840214,1.028160,1,0,29.1267,0,0,0,29.1267,0
60.0259,2.41522,0,0,1.72021,0.114722,0.36288,3.6288,61.308,0.387628,0,0,0.97213,0.322543,0.261958,0.66528,12.849,1,0.50709,0.36288,0,29.5365,6.15489,23.2374,0.84672,12.849,0.84672,3695.15,0,18.483,0,0.847627,1.64114,4.59377,1.6104,5.47213,0.42336,18.483,0.42336,0,0,442.007,0,1.02816,0,0,1.87579,0.847627,1.028160,1,0,28.9715,0,0,0,28.9715,0
58.5585,2.40756,0,0,1.41657,0.113569,0.36288,3.6288,61.308,0.387923,0,0,0.846124,0.322543,0.135658,0.66528,12.849,1,0.515356,0.36288,0,36.6677,6.15489,30.3604,0.84672,12.849,0.84672,3695.15,0,18.483,0,0.629303,1.64148,4.09836,1.6104,4.75874,0.42336,18.483,0.42336,0,0,442.007,0,1.02816,0,0,1.65746,0.629303,1.028160,1,0,35.2548,0,0,0,35.2548,0
57.2532,2.39747,0,0,1.5671,0.111976,0.36288,3.6288,61.308,0.388218,0,0,1.16229,0.322543,0.451526,0.66528,12.849,1,0.526056,0.36288,0,31.4375,6.15489,25.1194,0.84672,12.849,0.84672,3695.15,0,18.483,0,1.14159,1.64182,4.89762,1.6104,6.07063,0.42336,18.483,0.42336,0,0,442.007,0,1.02816,0,0,2.16975,1.14159,1.028160,1,0,31.6416,0,0,0,31.6416,0
55.947,2.38817,0,0,1.55624,0.111385,0.36288,3.6288,61.308,0.388513,0,0,0.979914,0.305849,0.285552,0.66528,12.849,1,0.535963,0.36288,0,34.6261,6.01653,28.4365,0.84672,12.849,0.84672,3695.15,0,18.483,0,1.12884,1.64216,5.61204,1.54965,6.8334,0.42336,18.483,0.42336,0,0,442.007,0,1.02816,0,0,2.157,1.12884,1.028160,1,0,35.5554,0,0,0,35.5554,0
54.1742,2.30592,0,0,1.00792,0.111996,0.36288,3.6288,61.308,0.320631,0,0,0.845554,0.264114,0.260808,0.66528,12.849,1,0.529586,0.36288,0,37.3531,5.67063,31.5158,0.84672,12.849,0.84672,3695.15,0,18.483,0,0.635956,1.6425,4.20023,1.39777,5.08092,0.42336,18.483,0.42336,0,0,442.007,0,1.02816,0,0,1.66412,0.635956,1.028160,1,0,36.8575,0,0,0,36.8575,0
52.344,2.29239,0,0,0.935142,0.110021,0.36288,3.6288,61.308,0.320912,0,0,0.858315,0.264114,0.273288,0.66528,12.849,1,0.543707,0.36288,0,22.1866,5.67063,16.3351,0.84672,12.849,0.84672,3695.15,0,18.483,0,0.251035,1.57345,3.17409,1.39777,3.6008,0.42336,18.483,0.42336,0,0,442.007,0,1.02816,0,0,1.2792,0.251035,1.028160,1,0,20.2092,0,0,0,20.2092,0
51.9909,2.2776,0,0,2.47442,0.187022,0.36288,3.6288,61.308,0.321193,0,0,1.54099,0.272872,0.946922,0.66528,12.849,1,0.559087,0.36288,0,33.0704,5.11318,27.761,0.84672,12.849,0.84672,3695.15,0,18.483,0,2.22487,1.57378,9.27254,1.27407,11.7971,0.42336,18.483,0.42336,0,0,442.007,0,1.02816,0,0,3.25303,2.22487,1.028160,1,0,40.505,0,0,0,40.505,0
50.9523,2.27503,0,0,1.80596,0.206703,0.36288,3.6288,61.308,0.321474,0,0,1.17746,0.283991,0.571995,0.66528,12.849,1,0.562249,0.36288,0,53.1087,5.01092,47.8984,0.84672,12.849,0.84672,3695.15,0,18.483,0,0.73783,1.5741,5.37844,1.22882,6.46155,0.42336,18.483,0.42336,0,0,442.007,0,1.02816,0,0,1.76599,0.73783,1.028160,1,0,54.932,0,0,0,54.932,0
49.6888,2.2078,0,0,1.52087,0.213691,0.36288,3.6288,61.308,0.259646,0,0,1.0449,0.214026,0.571228,0.66528,12.849,1,0.556757,0.36288,0,38.6078,4.48864,33.9252,0.84672,12.849,0.84672,3695.15,0,18.483,0,0.968026,1.57443,4.9721,1.02461,6.48996,0.42336,18.483,0.42336,0,0,442.007,0,1.02816,0,0,1.99619,0.968026,1.028160,1,0,40.9864,0,0,0,40.9864,0
47.9959,2.19701,0,0,1.07936,0.212379,0.36288,3.6288,61.308,0.259914,0,0,1.06274,0.202365,0.600458,0.66528,12.849,1,0.568124,0.36288,0,25.4871,4.4016,20.8803,0.84672,12.849,0.84672,3695.15,0,18.483,0,1.00646,1.51304,3.74396,0.99057,5.27289,0.42336,18.483,0.42336,0,0,442.007,0,1.02816,0,0,2.03462,1.00646,1.028160,1,0,26.7536,0,0,0,26.7536,0
46.6088,2.18166,0,0,1.40025,0.242751,0.36288,3.6288,61.308,0.260182,0,0,0.799618,0.216162,0.323274,0.66528,12.849,1,0.584052,0.36288,0,34.0496,4.63356,29.1949,0.84672,12.849,0.84672,3695.15,0,18.483,0,0.46763,1.51335,6.4487,1.04472,7.38496,0.42336,18.483,0.42336,0,0,442.007,0,1.02816,0,0,1.49579,0.46763,1.028160,1,0,36.9031,0,0,0,36.9031,0
46.9817,2.16848,0,0,3.16853,0.264354,0.36288,3.6288,61.308,0.26045,0,0,1.22198,0.22651,0.735021,0.66528,12.849,1,0.597801,0.36288,0,101.443,4.80753,96.4006,0.84672,12.849,0.84672,3695.15,0,18.483,0,1.88973,1.51367,5.68123,1.08534,7.99929,0.42336,18.483,0.42336,0,0,442.007,0,1.02816,0,0,2.91789,1.88973,1.028160,1,0,105.135,0,0,0,105.135,0
46.5752,2.00903,0,0,2.21654,0.251088,0.36288,3.6288,61.308,0.131255,0,0,0.717219,0.222638,0.363326,0.66528,12.849,1,0.54945,0.36288,0,52.5855,4.36851,48.0304,0.84672,12.849,0.84672,3695.15,0,18.483,0,0.554161,1.51398,5.05697,0.968461,6.15665,0.42336,18.483,0.42336,0,0,442.007,0,1.02816,0,0,1.58232,0.554161,1.028160,1,0,54.5504,0,0,0,54.5504,0
46.3711,2.00569,0,0,2.40369,0.239243,0.36288,3.6288,61.308,0.131496,0,0,0.925888,0.219735,0.574658,0.66528,12.849,1,0.553323,0.36288,0,61.6439,4.03924,57.4142,0.84672,12.849,0.84672,3695.15,0,18.483,0,1.08308,1.37522,5.74932,0.880802,7.32682,0.42336,18.483,0.42336,0,0,442.007,0,1.02816,0,0,2.11124,1.08308,1.028160,1,0,65.3157,0,0,0,65.3157,0
45.7836,2.0042,0,0,2.01836,0.238701,0.36288,3.6288,61.308,0.156024,0,0,0.812707,0.219735,0.436948,0.66528,12.849,1,0.555346,0.36288,0,58.1975,4.03924,53.9658,0.84672,12.849,0.84672,3695.15,0,18.483,0,0.412474,1.37551,5.04277,0.880802,5.94995,0.42336,18.483,0.42336,0,0,442.007,0,1.00387,0,0,1.41635,0.412474,1.028160,1,0,60.3527,0,0,0,60.3527,0
47.0675,1.99905,0,0,3.88296,0.237144,0.36288,3.6288,61.308,0.131979,0,0,1.20703,0.219735,0.855312,0.66528,12.849,1,0.561027,0.36288,0,149.307,4.03924,145.07,0.84672,12.849,0.84672,3695.15,0,18.483,0,1.09494,1.3758,7.52488,0.880802,9.11481,0.42336,18.483,0.42336,0,0,442.007,0,1.02816,0,0,2.1231,1.09494,1.028160,1,0,155.04,0,0,0,155.04,0
51.5434,2.01149,0,0,7.09202,0.241812,0.36288,3.6288,61.308,0.13222,0,0,2.7851,0.217134,2.43575,0.66528,12.849,1,0.549119,0.36288,0,217.781,4.16715,213.427,0.84672,12.849,0.84672,3695.15,0,18.483,0,2.00182,1.37608,12.3877,0.923029,14.8426,0.42336,18.483,0.42336,0,0,442.007,0,1.02816,0,0,3.02998,2.00182,1.028160,1,0,230.706,0,0,0,230.706,0
58.8165,2.1143,0,0,9.9906,0.240297,0.36288,3.6288,61.308,0.169983,0,0,4.77089,0.189424,4.41148,0.66528,12.849,1,0.527065,0.36288,0,250.85,4.37637,246.31,0.84672,12.849,0.84672,3695.15,0,18.483,0,4.18236,1.37637,26.3876,1.08209,30.8642,0.42336,18.483,0.42336,0,0,442.007,0,1.02816,0,0,5.21052,4.18236,1.028160,1,0,281.585,0,0,0,281.585,0
60.405,2.16823,0,0,4.34805,0.228445,0.36288,3.6288,61.308,0.170222,0,0,1.28726,0.208936,0.908107,0.66528,12.849,1,0.473669,0.36288,0,118.543,4.14272,114.289,0.84672,12.849,0.84672,3695.15,0,18.483,0,4.68828,1.42068,13.9805,0.926941,19.1625,0.42336,18.483,0.42336,0,0,442.007,0,1.02816,0,0,5.71644,4.68828,1.028160,1,0,134.36,0,0,0,134.36,0
61.8023,2.17893,0,0,4.20137,0.262218,0.36288,3.6288,61.308,0.170461,0,0,1.09644,0.240934,0.685048,0.66528,12.849,1,0.46349,0.36288,0,110.468,4.82843,105.539,0.84672,12.849,0.84672,3695.15,0,18.483,0,4.11499,1.42096,12.4999,1.14085,16.895,0.42336,18.483,0.42336,0,0,442.007,0,1.02816,0,0,5.14315,4.11499,1.028160,1,0,123.119,0,0,0,123.119,0
63.1912,2.18804,0,0,4.20505,0.265274,0.36288,3.6288,61.308,0.170699,0,0,1.19356,0.240934,0.781931,0.66528,12.849,1,0.454904,0.36288,0,110.857,4.82843,105.937,0.84672,12.849,0.84672,3695.15,0,18.483,0,4.44259,1.42124,13.8016,1.14085,18.5246,0.42336,18.483,0.42336,0,0,442.007,0,1.02816,0,0,5.47075,4.44259,1.028160,1,0,125.243,0,0,0,125.243,0
68.3116,2.41106,0,0,8.15468,0.260363,0.36288,3.6288,61.308,0.311927,0,0,2.86462,0.19817,2.35452,0.66528,12.849,1,0.490253,0.36288,0,187.605,3.58758,183.89,0.84672,12.849,0.84672,3695.15,0,18.483,0,7.4805,1.42153,23.9001,0.895307,31.9069,0.42336,18.483,0.42336,0,0,442.007,0,1.02816,0,0,8.50866,7.4805,1.028160,1,0,218.151,0,0,0,218.151,0
72.29,2.44247,0,0,9.19128,0.287408,2.48298,3.6288,61.308,0.312193,0,0,2.95777,0.185007,2.46057,0.66528,12.849,1,0.459415,2.48298,0,234.574,3.58134,233.016,0.84672,12.849,0.84672,3695.15,0,18.483,0,6.9683,1.57906,24.1423,0.912945,31.7767,0.42336,18.483,0.42336,0,0,442.007,0,1.02816,0,0,7.99646,6.9683,1.028160,1,0,267.254,0,0,0,267.254,0
72.29,2.46443,0,0,5.0581,0.296354,2.29731,3.6288,61.308,0.31246,0,0,1.88908,0.185007,1.39162,0.66528,12.849,1,0.438034,2.29731,0,120.332,3.58134,118.61,0.84672,12.849,0.84672,3695.15,0,18.483,0,3.47805,1.57937,13.3656,0.912945,17.5101,0.42336,18.483,0.42336,0,0,442.007,0,1.02816,0,0,4.50621,3.47805,1.028160,1,0,137.512,0,0,0,137.512,0
72.29,2.46492,0,0,4.0891,0.29711,1.32707,3.6288,61.308,0.312727,0,0,1.79363,0.180629,1.30027,0.66528,12.849,1,0.438122,1.32707,0,92.1655,3.50573,89.5487,0.84672,12.849,0.84672,3695.15,0,18.483,0,3.77213,1.57969,11.569,0.891263,16.0296,0.42336,18.483,0.42336,0,0,442.007,0,1.02816,0,0,4.80029,3.77213,1.028160,1,0,106.879,0,0,0,106.879,0
72.29,2.15291,0,0,3.91692,0.334384,1.42963,3.6288,61.308,0.123635,0,0,1.95265,0.170211,1.6588,0.66528,12.849,1,0.382663,1.42963,0,94.7955,3.22739,92.6151,0.84672,12.849,0.84672,3695.15,0,18.483,0,3.24526,1.58,14.025,0.896441,17.9538,0.42336,18.483,0.42336,0,0,442.007,0,1.02816,0,0,4.27342,3.24526,1.028160,1,0,112.228,0,0,0,112.228,0
72.29,2.15334,0,0,6.02755,0.347479,3.52673,3.6288,61.308,0.123865,0,0,2.65556,0.176549,2.35514,0.66528,12.849,1,0.382739,3.52673,0,109.083,3.29752,108.93,0.84672,12.849,0.84672,3695.15,0,18.483,0,4.14567,1.36504,15.7867,0.950548,20.3469,0.42336,18.483,0.42336,0,0,442.007,0,1.02816,0,0,5.17383,4.14567,1.028160,1,0,131.632,0,0,0,131.632,0
72.29,2.15377,0,0,4.90174,0.347479,2.4005,3.6288,61.308,0.124094,0,0,1.77538,0.176549,1.47474,0.66528,12.849,1,0.382815,2.4005,0,97.4739,3.29752,96.194,0.84672,12.849,0.84672,3695.15,0,18.483,0,2.26966,1.36531,11.0519,0.950548,13.7363,0.42336,18.483,0.42336,0,0,442.007,0,1.02816,0,0,3.29782,2.26966,1.028160,1,0,111.405,0,0,0,111.405,0
72.29,2.15419,0,0,3.43914,0.347479,0.93747,3.6288,61.308,0.124324,0,0,1.3452,0.176549,1.04433,0.66528,12.849,1,0.382892,0.93747,0,94.9095,3.29752,92.1666,0.84672,12.849,0.84672,3695.15,0,18.483,0,1.82572,1.36559,9.9811,0.950548,12.2219,0.42336,18.483,0.42336,0,0,442.007,0,1.02816,0,0,2.85388,1.82572,1.028160,1,0,105.433,0,0,0,105.433,0
72.29,2.15462,0,0,4.81199,0.305501,2.35186,3.6288,61.308,0.124553,0,0,0.98312,0.15619,0.702377,0.66528,12.849,1,0.382968,2.35186,0,89.6037,3.02901,88.5436,0.84672,12.849,0.84672,3695.15,0,18.483,0,1.26119,1.36586,10.5729,0.900722,12.2993,0.42336,18.483,0.42336,0,0,442.007,0,1.02816,0,0,2.28935,1.26119,1.028160,1,0,101.545,0,0,0,101.545,0
72.29,2.23379,0,0,9.20074,0.3195,6.64744,3.6288,61.308,0.171153,0,0,2.00572,0.168462,1.66611,0.66528,12.849,1,0.39704,6.64744,0,116.198,3.27327,119.175,0.84672,12.849,0.84672,3695.15,0,18.483,0,2.16902,1.36613,14.4213,0.907674,17.0488,0.42336,18.483,0.42336,0,0,442.007,0,1.02816,0,0,3.19718,2.16902,1.028160,1,0,137.89,0,0,0,137.89,0
72.29,2.23424,0,0,7.99468,0.3195,5.44094,3.6288,61.308,0.171392,0,0,2.50942,0.168462,2.16957,0.66528,12.849,1,0.397119,5.44094,0,128.147,3.27327,129.917,0.84672,12.849,0.84672,3695.15,0,18.483,0,3.27135,1.41961,20.8816,0.907674,24.6649,0.42336,18.483,0.42336,0,0,442.007,0,1.02816,0,0,4.29951,3.27135,1.028160,1,0,156.752,0,0,0,156.752,0
72.29,2.23468,0,0,6.23487,0.3195,3.68068,3.6288,61.308,0.17163,0,0,1.98697,0.168462,1.64687,0.66528,12.849,1,0.397198,3.68068,0,146.877,3.27327,146.888,0.84672,12.849,0.84672,3695.15,0,18.483,0,3.31778,1.41989,14.327,0.907674,18.157,0.42336,18.483,0.42336,0,0,442.007,0,1.02816,0,0,4.34594,3.31778,1.028160,1,0,166.692,0,0,0,166.692,0
72.29,2.23513,0,0,4.95183,0.280978,2.43572,3.6288,61.308,0.171869,0,0,1.43521,0.132896,1.13044,0.66528,12.849,1,0.397277,2.43572,0,103.102,2.01724,103.123,0.84672,12.849,0.84672,3695.15,0,18.483,0,2.22417,1.42017,11.3886,0.767604,14.2654,0.42336,18.483,0.42336,0,0,442.007,0,1.02816,0,0,3.25233,2.22417,1.028160,1,0,118.519,0,0,0,118.519,0
72.29,2.20476,0,0,4.90027,0.228033,2.46748,3.6288,61.308,0.154084,0,0,2.2991,0.213634,1.93139,0.66528,12.849,1,0.391879,2.46748,0,84.1208,3.69926,82.4971,0.84672,12.849,0.84672,3695.15,0,18.483,0,3.77322,1.42046,15.8967,0.986657,20.1038,0.42336,18.483,0.42336,0,0,442.007,0,1.02816,0,0,4.80138,3.77322,1.028160,1,0,104.532,0,0,0,104.532,0
72.29,2.2052,0,0,5.35803,0.228033,2.9248,3.6288,61.308,0.154319,0,0,1.63782,0.213634,1.26987,0.66528,12.849,1,0.391957,2.9248,0,104.59,3.69926,103.423,0.84672,12.849,0.84672,3695.15,0,18.483,0,2.80939,1.40001,10.6256,0.986657,13.8484,0.42336,18.483,0.42336,0,0,442.007,0,1.02816,0,0,3.83755,2.80939,1.028160,1,0,118.542,0,0,0,118.542,0
72.29,2.20564,0,0,4.08337,0.228033,1.6497,3.6288,61.308,0.154555,0,0,1.25367,0.213634,0.885484,0.66528,12.849,1,0.392035,1.6497,0,78.0685,3.69926,75.6269,0.84672,12.849,0.84672,3695.15,0,18.483,0,2.7671,1.40029,10.2349,0.986657,13.4157,0.42336,18.483,0.42336,0,0,442.007,0,1.02816,0,0,3.79526,2.7671,1.028160,1,0,89.928,0,0,0,89.928,0
72.29,2.20608,0,0,3.8552,0.228033,1.42109,3.6288,61.308,0.15479,0,0,1.02778,0.213634,0.659356,0.66528,12.849,1,0.392113,1.42109,0,57.6907,3.69926,55.0204,0.84672,12.849,0.84672,3695.15,0,18.483,0,1.89588,1.40057,8.73374,0.986657,11.0435,0.42336,18.483,0.42336,0,0,442.007,0,1.02816,0,0,2.92404,1.89588,1.028160,1,0,66.7233,0,0,0,66.7233,0
72.29,2.31119,0,0,3.34403,0.172273,0.860567,3.6288,61.308,0.218995,0,0,1.03295,0.22962,0.584332,0.66528,12.849,1,0.410796,0.860567,0,52.254,4.36245,48.3413,0.84672,12.849,0.84672,3695.15,0,18.483,0,1.54617,1.40085,8.29811,1.06533,10.1798,0.42336,18.483,0.42336,0,0,442.007,0,1.02816,0,0,2.57433,1.54617,1.028160,1,0,59.1055,0,0,0,59.1055,0
72.29,2.31165,0,0,3.2175,0.149746,0.75611,3.6288,61.308,0.219243,0,0,1.06917,0.237238,0.612693,0.66528,12.849,1,0.410878,0.75611,0,48.8875,4.77214,44.4605,0.84672,12.849,0.84672,3695.15,0,18.483,0,1.4307,1.47365,8.03719,1.09322,9.84832,0.42336,18.483,0.42336,0,0,442.007,0,1.02816,0,0,2.45886,1.4307,1.028160,1,0,54.9215,0,0,0,54.9215,0
72.29,2.31211,0,0,3.074,0.149746,0.612148,3.6288,61.308,0.219491,0,0,1.07336,0.237238,0.616627,0.66528,12.849,1,0.410959,0.612148,0,46.7115,4.77214,42.1405,0.84672,12.849,0.84672,3695.15,0,18.483,0,1.64945,1.47394,7.65418,1.09322,9.68435,0.42336,18.483,0.42336,0,0,442.007,0,1.02816,0,0,2.67761,1.64945,1.028160,1,0,52.4415,0,0,0,52.4415,0
72.2738,2.31257,0,0,2.84346,0.184166,0.36288,3.6288,61.308,0.219739,0,0,1.01273,0.22802,0.564969,0.66528,12.849,1,0.411041,0.36288,0,43.4595,4.17984,39.2315,0.84672,12.849,0.84672,3695.15,0,18.483,0,1.5565,1.47424,6.96177,1.11607,8.87644,0.42336,18.483,0.42336,0,0,442.007,0,1.02816,0,0,2.58466,1.5565,1.028160,1,0,48.6729,0,0,0,48.6729,0
72.29,2.31295,0,0,2.88084,0.10741,0.444323,3.6288,61.308,0.219988,0,0,1.1314,0.256888,0.654523,0.66528,12.849,1,0.411201,0.444323,0,44.1336,4.58959,39.5771,0.84672,12.849,0.84672,3695.15,0,18.483,0,1.66885,1.47453,7.05776,1.18379,9.01735,0.42336,18.483,0.42336,0,0,442.007,0,1.02816,0,0,2.69701,1.66885,1.028160,1,0,49.2489,0,0,0,49.2489,0
72.29,2.29277,0,0,3.18245,0.0951761,0.794507,3.6288,61.308,0.25543,0,0,1.40969,0.277049,0.877206,0.66528,12.849,1,0.407522,0.794507,0,49.858,5.07518,45.1698,0.84672,12.849,0.84672,3695.15,0,18.483,0,1.87017,1.47482,7.51836,1.25483,9.60852,0.42336,18.483,0.42336,0,0,442.007,0,1.02816,0,0,2.89833,1.87017,1.028160,1,0,55.6555,0,0,0,55.6555,0
72.29,2.29322,0,0,3.0282,0.0951761,0.639801,3.6288,61.308,0.255685,0,0,1.31134,0.277049,0.778611,0.66528,12.849,1,0.407603,0.639801,0,45.1959,5.07518,40.3529,0.84672,12.849,0.84672,3695.15,0,18.483,0,1.76514,1.49774,7.15876,1.25483,9.16681,0.42336,18.483,0.42336,0,0,442.007,0,1.02816,0,0,2.7933,1.76514,1.028160,1,0,50.2984,0,0,0,50.2984,0
72.29,2.29368,0,0,2.79512,0.0951761,0.406263,3.6288,61.308,0.25594,0,0,1.1727,0.277049,0.639709,0.66528,12.849,1,0.407684,0.406263,0,42.7686,5.07518,37.692,0.84672,12.849,0.84672,3695.15,0,18.483,0,1.62608,1.49803,6.69609,1.25483,8.56538,0.42336,18.483,0.42336,0,0,442.007,0,1.02816,0,0,2.65424,1.62608,1.028160,1,0,46.8971,0,0,0,46.8971,0
72.2093,2.29413,0,0,2.67154,0.0951761,0.36288,3.6288,61.308,0.256196,0,0,1.14775,0.277049,0.614501,0.66528,12.849,1,0.407765,0.36288,0,40.1003,5.07518,34.9803,0.84672,12.849,0.84672,3695.15,0,18.483,0,1.4175,1.49833,6.38021,1.25483,8.04122,0.42336,18.483,0.42336,0,0,442.007,0,1.02816,0,0,2.44566,1.4175,1.028160,1,0,43.636,0,0,0,43.636,0
71.9368,2.34775,0,0,2.51453,0.0764506,0.36288,3.6288,61.308,0.287841,0,0,0.928238,0.30907,0.331327,0.66528,12.849,1,0.41776,0.36288,0,36.3343,5.62363,30.6558,0.84672,12.849,0.84672,3695.15,0,18.483,0,0.521027,1.49863,4.73862,1.41363,5.34464,0.42336,18.483,0.42336,0,0,442.007,0,1.02816,0,0,1.54919,0.521027,1.028160,1,0,36.3318,0,0,0,36.3318,0
71.3555,2.34687,0,0,2.20168,0.0731876,0.36288,3.6288,61.308,0.288103,0,0,0.827859,0.314407,0.225349,0.66528,12.849,1,0.419187,0.36288,0,34.1181,5.71504,28.3468,0.84672,12.849,0.84672,3695.15,0,18.483,0,0.357506,1.535,4.47383,1.4401,4.92623,0.42336,18.483,0.42336,0,0,442.007,0,1.02816,0,0,1.38567,0.357506,1.028160,1,0,33.4984,0,0,0,33.4984,0
70.5883,2.34444,0,0,2.01297,0.072864,0.36288,3.6288,61.308,0.288365,0,0,0.799701,0.314407,0.196929,0.66528,12.849,1,0.422164,0.36288,0,32.0405,5.71504,26.2662,0.84672,12.849,0.84672,3695.15,0,18.483,0,0.248556,1.5353,4.2626,1.4401,4.60636,0.42336,18.483,0.42336,0,0,442.007,0,1.02816,0,0,1.27672,0.248556,1.028160,1,0,31.0695,0,0,0,31.0695,0
69.5556,2.34103,0,0,1.72739,0.0562473,0.36288,3.6288,61.308,0.288627,0,0,0.796435,0.320769,0.187039,0.66528,12.849,1,0.426131,0.36288,0,30.5625,5.97435,24.5249,0.84672,12.849,0.84672,3695.15,0,18.483,0,0.236062,1.53561,4.23554,1.45537,4.55184,0.42336,18.483,0.42336,0,0,442.007,0,1.02816,0,0,1.26422,0.236062,1.028160,1,0,29.2638,0,0,0,29.2638,0
68.2007,2.49217,0,0,1.58495,0.0847898,0.36288,3.6288,61.308,0.402281,0,0,0.767595,0.292179,0.0731348,0.66528,12.849,1,0.460379,0.36288,0,25.9045,5.61864,20.1884,0.84672,12.849,0.84672,3695.15,0,18.483,0,0.328121,1.53591,3.90688,1.32548,4.44544,0.42336,18.483,0.42336,0,0,442.007,0,1.02816,0,0,1.35628,0.328121,1.028160,1,0,24.707,0,0,0,24.707,0
66.7471,2.48497,0,0,1.50293,0.108631,0.36288,3.6288,61.308,0.402565,0,0,0.739092,0.269112,0.0674145,0.66528,12.849,1,0.468168,0.36288,0,23.2919,5.32686,17.8597,0.84672,12.849,0.84672,3695.15,0,18.483,0,0.376393,1.65847,3.64933,1.31053,4.37366,0.42336,18.483,0.42336,0,0,442.007,0,1.02816,0,0,1.40455,0.376393,1.028160,1,0,22.3008,0,0,0,22.3008,0
65.3686,2.47691,0,0,1.5687,0.107394,0.36288,3.6288,61.308,0.40285,0,0,0.740258,0.269112,0.0682964,0.66528,12.849,1,0.476812,0.36288,0,23.2449,5.32686,17.8041,0.84672,12.849,0.84672,3695.15,0,18.483,0,0.497275,1.6588,4.09379,1.31053,4.93933,0.42336,18.483,0.42336,0,0,442.007,0,1.02816,0,0,1.52544,0.497275,1.028160,1,0,22.8117,0,0,0,22.8117,0
64.2493,2.469,0,0,1.81878,0.106222,0.36288,3.6288,61.308,0.403135,0,0,0.773893,0.269112,0.101647,0.66528,12.849,1,0.485312,0.36288,0,22.1791,5.32686,16.7298,0.84672,12.849,0.84672,3695.15,0,18.483,0,0.445781,1.65913,5.1078,1.31053,5.90219,0.42336,18.483,0.42336,0,0,442.007,0,1.02816,0,0,1.47394,0.445781,1.028160,1,0,22.7337,0,0,0,22.7337,0
62.7394,2.46244,0,0,1.4366,0.121212,0.36288,3.6288,61.308,0.403419,0,0,0.669116,0.264215,0.00148154,0.66528,12.849,1,0.492456,0.36288,0,23.009,5.33132,17.5481,0.84672,12.849,0.84672,3695.15,0,18.483,0,0.66369,1.65946,4.05563,1.29934,5.07944,0.42336,18.483,0.42336,0,0,442.007,0,1.02816,0,0,1.69185,0.66369,1.028160,1,0,22.629,0,0,0,22.629,0
62.006,2.37825,0,0,2.18942,0.181636,0.36288,3.6288,61.308,0.334811,0,0,0.946339,0.234271,0.377258,0.66528,12.849,1,0.487064,0.36288,0,33.159,5.20265,27.8322,0.84672,12.849,0.84672,3695.15,0,18.483,0,2.73694,1.65979,7.53892,1.26268,10.673,0.42336,18.483,0.42336,0,0,442.007,0,1.02816,0,0,3.7651,2.73694,1.028160,1,0,38.8824,0,0,0,38.8824,0
61.6324,2.37395,0,0,2.54375,0.180546,0.36288,3.6288,61.308,0.335082,0,0,1.09007,0.234271,0.520722,0.66528,12.849,1,0.491934,0.36288,0,31.3646,5.20265,26.0329,0.84672,12.849,0.84672,3695.15,0,18.483,0,2.94811,1.58999,7.11409,1.26268,10.3895,0.42336,18.483,0.42336,0,0,442.007,0,1.02816,0,0,3.97627,2.94811,1.028160,1,0,36.9431,0,0,0,36.9431,0
62.0572,2.37195,0,0,3.33961,0.179991,0.36288,3.6288,61.308,0.335353,0,0,1.55083,0.234271,0.981205,0.66528,12.849,1,0.4945,0.36288,0,40.0718,5.20265,34.7375,0.84672,12.849,0.84672,3695.15,0,18.483,0,3.57901,1.59031,9.70125,1.26268,13.6079,0.42336,18.483,0.42336,0,0,442.007,0,1.02816,0,0,4.60717,3.57901,1.028160,1,0,49.3266,0,0,0,49.3266,0
62.2416,2.37523,0,0,3.10709,0.184597,0.36288,3.6288,61.308,0.335624,0,0,2.13373,0.220858,1.57724,0.66528,12.849,1,0.491793,0.36288,0,87.8296,4.94823,82.7524,0.84672,12.849,0.84672,3695.15,0,18.483,0,4.41805,1.59062,10.7476,1.2153,15.5409,0.42336,18.483,0.42336,0,0,442.007,0,1.02816,0,0,5.44621,4.41805,1.028160,1,0,99.8706,0,0,0,99.8706,0
60.8221,2.31551,0,0,1.43586,0.176969,0.36288,3.6288,61.308,0.273135,0,0,1.08695,0.202877,0.610935,0.66528,12.849,1,0.478008,0.36288,0,32.3533,4.33203,27.9062,0.84672,12.849,0.84672,3695.15,0,18.483,0,1.74901,1.59094,6.30792,1.08478,8.56308,0.42336,18.483,0.42336,0,0,442.007,0,1.02816,0,0,2.77717,1.74901,1.028160,1,0,37.0802,0,0,0,37.0802,0
59.1753,2.30676,0,0,1.23605,0.213154,0.36288,3.6288,61.308,0.273394,0,0,0.893333,0.214963,0.404977,0.66528,12.849,1,0.487315,0.36288,0,27.696,4.41358,23.1579,0.84672,12.849,0.84672,3695.15,0,18.483,0,0.952067,1.52889,5.95515,1.08395,7.35215,0.42336,18.483,0.42336,0,0,442.007,0,1.02816,0,0,1.98023,0.952067,1.028160,1,0,30.9151,0,0,0,30.9151,0
58.4349,2.29607,0,0,2.188,0.269456,0.36288,3.6288,61.308,0.273652,0,0,1.62195,0.222782,1.12552,0.66528,12.849,1,0.498556,0.36288,0,40.263,4.51174,35.6156,0.84672,12.849,0.84672,3695.15,0,18.483,0,1.49551,1.52919,6.25785,1.08928,8.19327,0.42336,18.483,0.42336,0,0,442.007,0,1.02816,0,0,2.52367,1.49551,1.028160,1,0,44.9344,0,0,0,44.9344,0
58.4395,2.29135,0,0,2.92636,0.267533,0.36288,3.6288,61.308,0.273911,0,0,1.9049,0.222782,1.4082,0.66528,12.849,1,0.503834,0.36288,0,91.1473,4.51174,86.4946,0.84672,12.849,0.84672,3695.15,0,18.483,0,2.66788,1.52949,12.7302,1.08928,15.8383,0.42336,18.483,0.42336,0,0,442.007,0,1.02816,0,0,3.69604,2.66788,1.028160,1,0,103.741,0,0,0,103.741,0
58.7106,2.11923,0,0,3.01765,0.264425,0.36288,3.6288,61.308,0.143355,0,0,1.60546,0.212361,1.24974,0.66528,12.849,1,0.465952,0.36288,0,74.1337,4.15516,69.8755,0.84672,12.849,0.84672,3695.15,0,18.483,0,2.74895,1.5298,11.2809,1.02213,14.5375,0.42336,18.483,0.42336,0,0,442.007,0,1.02816,0,0,3.77711,2.74895,1.028160,1,0,85.6627,0,0,0,85.6627,0
58.9599,2.12142,0,0,2.99455,0.260949,0.36288,3.6288,61.308,0.143588,0,0,1.72321,0.198466,1.38116,0.66528,12.849,1,0.464279,0.36288,0,55.3713,3.67972,51.5901,0.84672,12.849,0.84672,3695.15,0,18.483,0,1.90891,1.38958,8.96314,0.932589,11.329,0.42336,18.483,0.42336,0,0,442.007,0,1.02816,0,0,2.93707,1.90891,1.028160,1,0,64.3003,0,0,0,64.3003,0
59.2159,2.12345,0,0,3.00388,0.261579,0.36288,3.6288,61.308,0.143821,0,0,1.56147,0.198466,1.21919,0.66528,12.849,1,0.462759,0.36288,0,83.6914,3.67972,79.9118,0.84672,12.849,0.84672,3695.15,0,18.483,0,3.00221,1.38985,8.45856,0.932589,11.918,0.42336,18.483,0.42336,0,0,442.007,0,1.02816,0,0,4.03037,3.00221,1.028160,1,0,93.049,0,0,0,93.049,0
58.3092,2.12552,0,0,1.84389,0.262226,0.36288,3.6288,61.308,0.144054,0,0,0.993557,0.198466,0.651037,0.66528,12.849,1,0.461207,0.36288,0,47.3884,3.67972,43.6104,0.84672,12.849,0.84672,3695.15,0,18.483,0,1.30692,1.39013,7.29518,0.932589,9.05965,0.42336,18.483,0.42336,0,0,442.007,0,1.02816,0,0,2.33508,1.30692,1.028160,1,0,53.321,0,0,0,53.321,0
57.4275,2.12006,0,0,1.87605,0.274779,0.36288,3.6288,61.308,0.144287,0,0,0.771061,0.214465,0.412309,0.66528,12.849,1,0.467177,0.36288,0,42.6963,4.02258,38.5694,0.84672,12.849,0.84672,3695.15,0,18.483,0,0.919218,1.39041,9.23266,1.03954,10.5027,0.42336,18.483,0.42336,0,0,442.007,0,1.02816,0,0,1.94738,0.919218,1.028160,1,0,49.4845,0,0,0,49.4845,0
63.0475,2.18086,0,0,8.41545,0.251701,0.36288,3.6288,61.308,0.182432,0,0,7.91852,0.21923,7.51686,0.66528,12.849,1,0.487952,0.36288,0,98.3586,4.47378,93.7598,0.84672,12.849,0.84672,3695.15,0,18.483,0,5.7342,1.39068,21.0549,1.08865,27.0911,0.42336,18.483,0.42336,0,0,442.007,0,1.02816,0,0,6.76236,5.7342,1.028160,1,0,128.368,0,0,0,128.368,0
65.0557,2.21741,0,0,4.88757,0.299031,0.36288,3.6288,61.308,0.182661,0,0,3.31524,0.245251,2.88733,0.66528,12.849,1,0.451906,0.36288,0,137.146,4.61517,132.442,0.84672,12.849,0.84672,3695.15,0,18.483,0,3.1244,1.43544,13.039,1.22282,16.376,0.42336,18.483,0.42336,0,0,442.007,0,1.02816,0,0,4.15256,3.1244,1.028160,1,0,151.705,0,0,0,151.705,0
66.88,2.22948,0,0,4.72057,0.303931,0.36288,3.6288,61.308,0.182891,0,0,3.01676,0.245251,2.58862,0.66528,12.849,1,0.44034,0.36288,0,140.959,4.61517,136.266,0.84672,12.849,0.84672,3695.15,0,18.483,0,2.20856,1.43571,12.606,1.22282,15.0275,0.42336,18.483,0.42336,0,0,442.007,0,1.02816,0,0,3.23672,2.20856,1.028160,1,0,153.882,0,0,0,153.882,0
68.6057,2.23999,0,0,4.63694,0.308382,0.36288,3.6288,61.308,0.183121,0,0,2.64548,0.245251,2.21711,0.66528,12.849,1,0.430346,0.36288,0,116.231,4.61517,111.549,0.84672,12.849,0.84672,3695.15,0,18.483,0,2.57548,1.43598,11.3558,1.22282,14.1445,0.42336,18.483,0.42336,0,0,442.007,0,1.02816,0,0,3.60364,2.57548,1.028160,1,0,127.91,0,0,0,127.91,0
70.3108,2.46894,0,0,4.85771,0.320783,0.36288,3.6288,61.308,0.325799,0,0,4.02525,0.236118,3.46333,0.66528,12.849,1,0.462403,0.36288,0,103.946,4.76097,99.0856,0.84672,12.849,0.84672,3695.15,0,18.483,0,3.56873,1.43626,13.8866,1.188,17.7035,0.42336,18.483,0.42336,0,0,442.007,0,1.02816,0,0,4.59689,3.56873,1.028160,1,0,120.252,0,0,0,120.252,0
72.29,2.4789,0,0,5.34527,0.331277,0.555896,3.6288,61.308,0.326056,0,0,3.8363,0.229268,3.28097,0.66528,12.849,1,0.453008,0.555896,0,112.235,4.87032,107.468,0.84672,12.849,0.84672,3695.15,0,18.483,0,2.59891,1.5954,13.5058,1.16188,16.5382,0.42336,18.483,0.42336,0,0,442.007,0,1.02816,0,0,3.62707,2.59891,1.028160,1,0,127.287,0,0,0,127.287,0
72.29,2.4899,0,0,4.8729,0.342946,2.04005,3.6288,61.308,0.326313,0,0,4.41571,0.216772,3.87263,0.66528,12.849,1,0.442561,2.04005,0,116.112,4.45068,113.259,0.84672,12.849,0.84672,3695.15,0,18.483,0,3.28293,1.59571,11.0703,1.02142,14.9275,0.42336,18.483,0.42336,0,0,442.007,0,1.02816,0,0,4.31109,3.28293,1.028160,1,0,132.059,0,0,0,132.059,0
72.29,2.49037,0,0,4.69895,0.34791,1.86067,3.6288,61.308,0.326571,0,0,4.52125,0.2074,3.98728,0.66528,12.849,1,0.442645,1.86067,0,130.198,4.13595,127.48,0.84672,12.849,0.84672,3695.15,0,18.483,0,3.327,1.59601,12.8739,0.916069,16.8808,0.42336,18.483,0.42336,0,0,442.007,0,1.02816,0,0,4.35516,3.327,1.028160,1,0,148.348,0,0,0,148.348,0
72.29,2.17511,0,0,7.41814,0.342389,4.90064,3.6288,61.308,0.135516,0,0,11.3077,0.247489,10.9247,0.66528,12.849,1,0.38661,4.90064,0,205.908,4.49101,205.931,0.84672,12.849,0.84672,3695.15,0,18.483,0,7.31652,1.59631,25.6032,1.08355,33.4325,0.42336,18.483,0.42336,0,0,442.007,0,1.02816,0,0,8.34468,7.31652,1.028160,1,0,250.288,0,0,0,250.288,0
72.29,2.17553,0,0,8.73634,0.344404,6.21641,3.6288,61.308,0.135737,0,0,11.017,0.238379,10.6428,0.66528,12.849,1,0.386683,6.21641,0,285.378,4.1937,287.014,0.84672,12.849,0.84672,3695.15,0,18.483,0,7.98466,1.37912,25.2112,0.961932,33.613,0.42336,18.483,0.42336,0,0,442.007,0,1.02816,0,0,9.01282,7.98466,1.028160,1,0,331.27,0,0,0,331.27,0
72.29,2.17594,0,0,7.61417,0.344404,5.09383,3.6288,61.308,0.135957,0,0,8.96279,0.238379,8.58845,0.66528,12.849,1,0.386757,5.09383,0,194.742,4.1937,195.256,0.84672,12.849,0.84672,3695.15,0,18.483,0,5.40452,1.37938,19.4155,0.961932,25.2374,0.42336,18.483,0.42336,0,0,442.007,0,1.02816,0,0,6.43268,5.40452,1.028160,1,0,229.081,0,0,0,229.081,0
72.29,2.17635,0,0,7.44085,0.344404,4.9201,3.6288,61.308,0.136178,0,0,8.00643,0.238379,7.63187,0.66528,12.849,1,0.38683,4.9201,0,203.024,4.1937,203.363,0.84672,12.849,0.84672,3695.15,0,18.483,0,4.92939,1.37965,19.6162,0.961932,24.9633,0.42336,18.483,0.42336,0,0,442.007,0,1.02816,0,0,5.95755,4.92939,1.028160,1,0,235.958,0,0,0,235.958,0
72.29,2.17677,0,0,7.32404,0.305658,4.84162,3.6288,61.308,0.136399,0,0,7.1502,0.21699,6.79682,0.66528,12.849,1,0.386904,4.84162,0,217.751,4.00851,218.198,0.84672,12.849,0.84672,3695.15,0,18.483,0,5.01536,1.37991,19.019,0.937895,24.4764,0.42336,18.483,0.42336,0,0,442.007,0,1.02816,0,0,6.04352,5.01536,1.028160,1,0,249.471,0,0,0,249.471,0
72.29,2.25673,0,0,5.79204,0.311073,3.22424,3.6288,61.308,0.183467,0,0,6.28895,0.215,5.89049,0.66528,12.849,1,0.401116,3.22424,0,147.056,4.72847,145.151,0.84672,12.849,0.84672,3695.15,0,18.483,0,5.21887,1.38017,13.6941,1.0567,19.2365,0.42336,18.483,0.42336,0,0,442.007,0,1.02816,0,0,6.24703,5.21887,1.028160,1,0,170.278,0,0,0,170.278,0
72.29,2.25716,0,0,4.88363,0.311073,2.3154,3.6288,61.308,0.183697,0,0,5.50526,0.215,5.10656,0.66528,12.849,1,0.401193,2.3154,0,112.218,4.72847,109.404,0.84672,12.849,0.84672,3695.15,0,18.483,0,4.88047,1.43418,12.4769,1.0567,17.7349,0.42336,18.483,0.42336,0,0,442.007,0,1.02816,0,0,5.90863,4.88047,1.028160,1,0,132.245,0,0,0,132.245,0
72.29,2.25758,0,0,4.3664,0.311073,1.79774,3.6288,61.308,0.183927,0,0,5.02348,0.215,4.62455,0.66528,12.849,1,0.401269,1.79774,0,95.377,4.72847,92.045,0.84672,12.849,0.84672,3695.15,0,18.483,0,4.46029,1.43446,11.3752,1.0567,16.2132,0.42336,18.483,0.42336,0,0,442.007,0,1.02816,0,0,5.48845,4.46029,1.028160,1,0,112.883,0,0,0,112.883,0
72.29,2.25801,0,0,5.06218,0.26733,2.53684,3.6288,61.308,0.184157,0,0,5.19184,0.190127,4.81755,0.66528,12.849,1,0.401345,2.53684,0,101.622,3.76467,99.9928,0.84672,12.849,0.84672,3695.15,0,18.483,0,4.54091,1.43473,12.3279,1.04268,17.2609,0.42336,18.483,0.42336,0,0,442.007,0,1.02816,0,0,5.56907,4.54091,1.028160,1,0,122.071,0,0,0,122.071,0
72.29,2.22731,0,0,3.66789,0.263119,1.17745,3.6288,61.308,0.166178,0,0,2.77906,0.198836,2.41405,0.66528,12.849,1,0.395888,1.17745,0,73.7199,3.50295,70.9985,0.84672,12.849,0.84672,3695.15,0,18.483,0,2.08042,1.435,6.93612,0.989654,9.46189,0.42336,18.483,0.42336,0,0,442.007,0,1.02816,0,0,3.10858,2.08042,1.028160,1,0,82.8745,0,0,0,82.8745,0
72.29,2.22774,0,0,3.20042,0.262418,0.710265,3.6288,61.308,0.166405,0,0,2.17383,0.200287,1.80714,0.66528,12.849,1,0.395963,0.710265,0,63.231,3.45933,60.0859,0.84672,12.849,0.84672,3695.15,0,18.483,0,1.13358,1.41433,5.86227,0.980816,7.42937,0.42336,18.483,0.42336,0,0,442.007,0,1.02816,0,0,2.16174,1.13358,1.028160,1,0,69.3225,0,0,0,69.3225,0
72.29,2.22816,0,0,3.75177,0.250253,1.27336,3.6288,61.308,0.166632,0,0,2.03285,0.206222,1.65999,0.66528,12.849,1,0.396039,1.27336,0,68.6007,3.92718,65.5509,0.84672,12.849,0.84672,3695.15,0,18.483,0,1.129,1.4146,7.78904,0.99926,9.33338,0.42336,18.483,0.42336,0,0,442.007,0,1.02816,0,0,2.15716,1.129,1.028160,1,0,76.5442,0,0,0,76.5442,0
72.29,2.22858,0,0,3.00475,0.208425,0.567742,3.6288,61.308,0.166858,0,0,1.97682,0.224567,1.5854,0.66528,12.849,1,0.396114,0.567742,0,52.0282,5.15647,47.0433,0.84672,12.849,0.84672,3695.15,0,18.483,0,1.13364,1.41487,5.98515,1.07073,7.46294,0.42336,18.483,0.42336,0,0,442.007,0,1.02816,0,0,2.1618,1.13364,1.028160,1,0,56.0917,0,0,0,56.0917,0
72.2553,2.33474,0,0,2.8163,0.153382,0.36288,3.6288,61.308,0.231706,0,0,1.73712,0.236403,1.26901,0.66528,12.849,1,0.414983,0.36288,0,45.2011,5.29746,39.8515,0.84672,12.849,0.84672,3695.15,0,18.483,0,0.775362,1.41514,5.67715,1.1569,6.71075,0.42336,18.483,0.42336,0,0,442.007,0,1.02816,0,0,1.80352,0.775362,1.028160,1,0,47.8313,0,0,0,47.8313,0
72.2215,2.33502,0,0,2.78217,0.118019,0.36288,3.6288,61.308,0.231945,0,0,1.45867,0.240489,0.986231,0.66528,12.849,1,0.415231,0.36288,0,48.0143,5.28654,42.6754,0.84672,12.849,0.84672,3695.15,0,18.483,0,0.451354,1.48867,5.52186,1.18728,6.2746,0.42336,18.483,0.42336,0,0,442.007,0,1.02816,0,0,1.47951,0.451354,1.028160,1,0,49.9362,0,0,0,49.9362,0
72.0727,2.3353,0,0,2.66735,0.117988,0.36288,3.6288,61.308,0.232185,0,0,1.42306,0.240489,0.950386,0.66528,12.849,1,0.415474,0.36288,0,44.4271,5.28654,39.0879,0.84672,12.849,0.84672,3695.15,0,18.483,0,0.449185,1.48895,5.33536,1.18728,6.08621,0.42336,18.483,0.42336,0,0,442.007,0,1.02816,0,0,1.47734,0.449185,1.028160,1,0,46.1245,0,0,0,46.1245,0
71.8054,2.33501,0,0,2.54837,0.117855,0.36288,3.6288,61.308,0.232424,0,0,1.42863,0.240489,0.95572,0.66528,12.849,1,0.416281,0.36288,0,42.4497,5.28654,37.1098,0.84672,12.849,0.84672,3695.15,0,18.483,0,0.580599,1.48924,5.08119,1.18728,5.96375,0.42336,18.483,0.42336,0,0,442.007,0,1.02816,0,0,1.60876,0.580599,1.028160,1,0,44.0292,0,0,0,44.0292,0
71.2934,2.33414,0,0,2.33712,0.152029,0.36288,3.6288,61.308,0.232663,0,0,1.29788,0.2336,0.831621,0.66528,12.849,1,0.417675,0.36288,0,40.5675,4.77572,35.737,0.84672,12.849,0.84672,3695.15,0,18.483,0,0.588721,1.48952,4.57796,1.21279,5.44341,0.42336,18.483,0.42336,0,0,442.007,0,1.02816,0,0,1.61688,0.588721,1.028160,1,0,42.012,0,0,0,42.012,0
70.563,2.31115,0,0,2.0847,0.141129,0.36288,3.6288,61.308,0.268452,0,0,1.02177,0.251721,0.501593,0.66528,12.849,1,0.416532,0.36288,0,43.2072,5.29665,37.8569,0.84672,12.849,0.84672,3695.15,0,18.483,0,0.946642,1.4898,4.09619,1.23829,5.29434,0.42336,18.483,0.42336,0,0,442.007,0,1.02816,0,0,1.9748,0.946642,1.028160,1,0,43.6528,0,0,0,43.6528,0
69.7723,2.30794,0,0,1.95468,0.0745578,0.36288,3.6288,61.308,0.268698,0,0,1.02481,0.276626,0.479483,0.66528,12.849,1,0.420259,0.36288,0,40.2955,5.48898,34.7491,0.84672,12.849,0.84672,3695.15,0,18.483,0,0.903269,1.51293,4.09653,1.29542,5.21731,0.42336,18.483,0.42336,0,0,442.007,0,1.02816,0,0,1.93143,0.903269,1.028160,1,0,40.4459,0,0,0,40.4459,0
68.8437,2.30436,0,0,1.81283,0.0741698,0.36288,3.6288,61.308,0.268944,0,0,1.0111,0.276626,0.465534,0.66528,12.849,1,0.424362,0.36288,0,36.956,5.48898,31.4056,0.84672,12.849,0.84672,3695.15,0,18.483,0,0.891933,1.51322,3.73734,1.29542,4.84707,0.42336,18.483,0.42336,0,0,442.007,0,1.02816,0,0,1.92009,0.891933,1.028160,1,0,36.7182,0,0,0,36.7182,0
67.8025,2.29997,0,0,1.6952,0.0735722,0.36288,3.6288,61.308,0.26919,0,0,1.02024,0.276626,0.474421,0.66528,12.849,1,0.429267,0.36288,0,34.4707,5.48898,28.9153,0.84672,12.849,0.84672,3695.15,0,18.483,0,0.961796,1.5135,3.66212,1.29542,4.842,0.42336,18.483,0.42336,0,0,442.007,0,1.02816,0,0,1.98996,0.961796,1.028160,1,0,34.2317,0,0,0,34.2317,0
66.7767,2.34842,0,0,1.75233,0.0667541,0.36288,3.6288,61.308,0.301144,0,0,1.2731,0.29795,0.67401,0.66528,12.849,1,0.445041,0.36288,0,37.402,5.67161,31.6483,0.84672,12.849,0.84672,3695.15,0,18.483,0,0.848267,1.51379,3.39774,1.43787,4.32193,0.42336,18.483,0.42336,0,0,442.007,0,1.02816,0,0,1.87643,0.848267,1.028160,1,0,36.6442,0,0,0,36.6442,0
65.6332,2.34313,0,0,1.62617,0.0637479,0.36288,3.6288,61.308,0.301396,0,0,1.14227,0.30648,0.534392,0.66528,12.849,1,0.450859,0.36288,0,31.6693,5.74466,25.8367,0.84672,12.849,0.84672,3695.15,0,18.483,0,0.896201,1.55051,3.33501,1.49485,4.28688,0.42336,18.483,0.42336,0,0,442.007,0,1.02816,0,0,1.92436,0.896201,1.028160,1,0,30.658,0,0,0,30.658,0
64.3903,2.33701,0,0,1.52019,0.0631706,0.36288,3.6288,61.308,0.301648,0,0,1.05685,0.30648,0.448725,0.66528,12.849,1,0.457515,0.36288,0,30.1131,5.74466,24.2738,0.84672,12.849,0.84672,3695.15,0,18.483,0,0.730607,1.55081,2.92637,1.49485,3.71294,0.42336,18.483,0.42336,0,0,442.007,0,1.02816,0,0,1.75877,0.730607,1.028160,1,0,28.4354,0,0,0,28.4354,0
63.1345,2.33009,0,0,1.49975,0.0625431,0.36288,3.6288,61.308,0.3019,0,0,1.1434,0.30648,0.53502,0.66528,12.849,1,0.464966,0.36288,0,27.9419,5.74466,22.0952,0.84672,12.849,0.84672,3695.15,0,18.483,0,0.849148,1.5511,3.30938,1.49485,4.21478,0.42336,18.483,0.42336,0,0,442.007,0,1.02816,0,0,1.87731,0.849148,1.028160,1,0,26.845,0,0,0,26.845,0
61.7559,2.47797,0,0,1.50497,0.042699,0.36288,3.6288,61.308,0.416687,0,0,1.23358,0.295901,0.520997,0.66528,12.849,1,0.504312,0.36288,0,27.5446,5.92578,21.4774,0.84672,12.849,0.84672,3695.15,0,18.483,0,1.04569,1.5514,3.94819,1.54745,4.99782,0.42336,18.483,0.42336,0,0,442.007,0,1.02816,0,0,2.07385,1.04569,1.028160,1,0,26.9962,0,0,0,26.9962,0
59.989,2.46912,0,0,1.10034,0.035304,0.36288,3.6288,61.308,0.416961,0,0,1.194,0.306486,0.470558,0.66528,12.849,1,0.513728,0.36288,0,22.9398,5.7666,17.0224,0.84672,12.849,0.84672,3695.15,0,18.483,0,1.04595,1.67517,3.10821,1.5115,4.31783,0.42336,18.483,0.42336,0,0,442.007,0,1.02816,0,0,2.07411,1.04595,1.028160,1,0,21.8107,0,0,0,21.8107,0
58.1749,2.45713,0,0,1.04074,0.0347763,0.36288,3.6288,61.308,0.417235,0,0,1.09817,0.306486,0.37445,0.66528,12.849,1,0.52629,0.36288,0,20.6161,5.7666,14.6861,0.84672,12.849,0.84672,3695.15,0,18.483,0,0.916402,1.67549,3.07294,1.5115,4.15332,0.42336,18.483,0.42336,0,0,442.007,0,1.02816,0,0,1.94456,0.916402,1.028160,1,0,19.2138,0,0,0,19.2138,0
56.7709,2.44415,0,0,1.43721,0.0341729,0.36288,3.6288,61.308,0.417509,0,0,1.21618,0.306486,0.492189,0.66528,12.849,1,0.539835,0.36288,0,22.1138,5.7666,16.1703,0.84672,12.849,0.84672,3695.15,0,18.483,0,1.17863,1.6758,3.42563,1.5115,4.76857,0.42336,18.483,0.42336,0,0,442.007,0,1.02816,0,0,2.20679,1.17863,1.028160,1,0,21.431,0,0,0,21.431,0
56.0084,2.43372,0,0,2.09246,0.0583727,0.36288,3.6288,61.308,0.417783,0,0,1.61889,0.299115,0.901996,0.66528,12.849,1,0.550826,0.36288,0,36.9013,5.62668,31.0866,0.84672,12.849,0.84672,3695.15,0,18.483,0,1.45457,1.67612,3.80952,1.48914,5.45107,0.42336,18.483,0.42336,0,0,442.007,0,1.02816,0,0,2.48273,1.45457,1.028160,1,0,37.4397,0,0,0,37.4397,0
55.758,2.354,0,0,2.53505,0.0686115,0.36288,3.6288,61.308,0.348473,0,0,2.36332,0.238931,1.77591,0.66528,12.849,1,0.540035,0.36288,0,65.1524,4.54807,60.4272,0.84672,12.849,0.84672,3695.15,0,18.483,0,1.57601,1.67644,6.52664,1.15525,8.62384,0.42336,18.483,0.42336,0,0,442.007,0,1.02816,0,0,2.60417,1.57601,1.028160,1,0,70.8269,0,0,0,70.8269,0
54.8085,2.35247,0,0,1.83428,0.0684406,0.36288,3.6288,61.308,0.348734,0,0,2.00121,0.238931,1.41354,0.66528,12.849,1,0.54211,0.36288,0,30.9162,4.54807,26.1889,0.84672,12.849,0.84672,3695.15,0,18.483,0,1.53756,1.60593,5.12223,1.15525,7.11047,0.42336,18.483,0.42336,0,0,442.007,0,1.02816,0,0,2.56572,1.53756,1.028160,1,0,34.7129,0,0,0,34.7129,0
53.8505,2.34531,0,0,1.81805,0.0677929,0.36288,3.6288,61.308,0.348995,0,0,2.17091,0.238931,1.58299,0.66528,12.849,1,0.549822,0.36288,0,23.913,4.54807,19.178,0.84672,12.849,0.84672,3695.15,0,18.483,0,1.48145,1.60623,4.95195,1.15525,6.88438,0.42336,18.483,0.42336,0,0,442.007,0,1.02816,0,0,2.50961,1.48145,1.028160,1,0,27.6454,0,0,0,27.6454,0
52.8569,2.33786,0,0,1.87282,0.165757,0.36288,3.6288,61.308,0.349256,0,0,2.16661,0.171381,1.64597,0.66528,12.849,1,0.557824,0.36288,0,22.1946,3.01917,18.9805,0.84672,12.849,0.84672,3695.15,0,18.483,0,1.60884,1.60654,5.11941,0.809671,7.52511,0.42336,18.483,0.42336,0,0,442.007,0,1.02816,0,0,2.637,1.60884,1.028160,1,0,28.1516,0,0,0,28.1516,0
52.7112,2.26968,0,0,2.60903,0.122179,0.36288,3.6288,61.308,0.28613,0,0,1.45705,0.190916,0.980003,0.66528,12.849,1,0.551737,0.36288,0,30.922,3.52041,27.2128,0.84672,12.849,0.84672,3695.15,0,18.483,0,0.520785,1.60684,6.08264,0.848656,7.36161,0.42336,18.483,0.42336,0,0,442.007,0,1.02816,0,0,1.54894,0.520785,1.028160,1,0,35.5544,0,0,0,35.5544,0
51.7473,2.26888,0,0,1.872,0.204088,0.36288,3.6288,61.308,0.36274,0,0,0.865668,0.191268,0.31166,0.66528,12.849,1,0.553068,0.36288,0,29.2331,4.03263,25.0103,0.84672,12.849,0.84672,3695.15,0,18.483,0,0.216518,1.54415,4.54427,1.05151,5.25343,0.42336,18.483,0.42336,0,0,442.007,0,0.9518,0,0,1.16832,0.216518,1.028160,1,0,30.5754,0,0,0,30.5754,0
50.4691,2.26106,0,0,1.54774,0.202066,0.36288,3.6288,61.308,0.339272,0,0,0.745908,0.191268,0.215369,0.66528,12.849,1,0.561427,0.36288,0,23.4444,4.03263,19.2132,0.84672,12.849,0.84672,3695.15,0,18.483,0,0.292723,1.54445,4.40793,1.05151,5.19359,0.42336,18.483,0.42336,0,0,442.007,0,0.975517,0,0,1.26824,0.292723,1.028160,1,0,24.6222,0,0,0,24.6222,0
51.5921,2.25015,0,0,3.9355,0.199384,0.36288,3.6288,61.308,0.286878,0,0,2.38805,0.191268,1.90991,0.66528,12.849,1,0.572869,0.36288,0,65.4077,4.03263,61.165,0.84672,12.849,0.84672,3695.15,0,18.483,0,2.83096,1.54474,10.3015,1.05151,13.6257,0.42336,18.483,0.42336,0,0,442.007,0,1.02816,0,0,3.85912,2.83096,1.028160,1,0,76.7006,0,0,0,76.7006,0
53.3087,2.09031,0,0,4.37831,0.208606,0.36288,3.6288,61.308,0.155011,0,0,2.98126,0.192216,2.63403,0.66528,12.849,1,0.520592,0.36288,0,73.0291,4.11351,68.7579,0.84672,12.849,0.84672,3695.15,0,18.483,0,1.5799,1.54503,9.86645,1.04439,11.947,0.42336,18.483,0.42336,0,0,442.007,0,1.02816,0,0,2.60806,1.5799,1.028160,1,0,83.3389,0,0,0,83.3389,0
54.6517,2.10422,0,0,4.03997,0.229802,0.36288,3.6288,61.308,0.155235,0,0,1.71472,0.194588,1.3649,0.66528,12.849,1,0.507181,0.36288,0,63.0749,4.31571,58.6148,0.84672,12.849,0.84672,3695.15,0,18.483,0,1.23295,1.4034,6.76674,1.02657,8.37651,0.42336,18.483,0.42336,0,0,442.007,0,1.02816,0,0,2.26111,1.23295,1.028160,1,0,68.3563,0,0,0,68.3563,0
56.8812,2.11471,0,0,4.94004,0.232956,0.36288,3.6288,61.308,0.155459,0,0,2.82148,0.194588,2.47143,0.66528,12.849,1,0.497184,0.36288,0,85.0024,4.31571,80.5524,0.84672,12.849,0.84672,3695.15,0,18.483,0,3.05499,1.40367,8.18338,1.02657,11.6155,0.42336,18.483,0.42336,0,0,442.007,0,1.02816,0,0,4.08315,3.05499,1.028160,1,0,94.6393,0,0,0,94.6393,0
57.3388,2.13101,0,0,3.20517,0.253678,0.36288,3.6288,61.308,0.155684,0,0,2.55026,0.208378,2.1862,0.66528,12.849,1,0.481378,0.36288,0,59.2196,4.41491,54.6862,0.84672,12.849,0.84672,3695.15,0,18.483,0,2.51408,1.40393,6.77069,1.04608,9.64263,0.42336,18.483,0.42336,0,0,442.007,0,1.02816,0,0,3.54224,2.51408,1.028160,1,0,66.515,0,0,0,66.515,0
59.1642,2.13456,0,0,4.58676,0.263941,0.36288,3.6288,61.308,0.155908,0,0,2.84874,0.23952,2.45331,0.66528,12.849,1,0.478331,0.36288,0,78.6586,5.01071,73.5324,0.84672,12.849,0.84672,3695.15,0,18.483,0,2.88655,1.4042,7.79391,1.16783,10.9168,0.42336,18.483,0.42336,0,0,442.007,0,1.02816,0,0,3.91471,2.88655,1.028160,1,0,86.9026,0,0,0,86.9026,0
63.332,2.21434,0,0,7.02574,0.280684,0.36288,3.6288,61.308,0.194419,0,0,4.10663,0.205906,3.7063,0.66528,12.849,1,0.4809,0.36288,0,144.029,4.30358,139.607,0.84672,12.849,0.84672,3695.15,0,18.483,0,4.24316,1.40447,18.6313,1.0349,23.2441,0.42336,18.483,0.42336,0,0,442.007,0,1.02816,0,0,5.27132,4.24316,1.028160,1,0,166.558,0,0,0,166.558,0
72.29,2.24105,0,0,14.91,0.293017,3.41801,3.6288,61.308,0.19464,0,0,10.3894,0.200303,9.99444,0.66528,12.849,1,0.454672,3.41801,0,215.7,4.18572,214.478,0.84672,12.849,0.84672,3695.15,0,18.483,0,9.30914,1.44965,36.457,1.01274,46.2031,0.42336,18.483,0.42336,0,0,442.007,0,1.02816,0,0,10.3373,9.30914,1.028160,1,0,270.675,0,0,0,270.675,0
72.29,2.28931,0,0,9.173,0.314386,6.56931,3.6288,61.308,0.194861,0,0,7.7728,0.200303,7.37764,0.66528,12.849,1,0.406907,6.56931,0,180.697,4.18572,182.674,0.84672,12.849,0.84672,3695.15,0,18.483,0,5.33269,1.44991,20.4162,1.01274,26.1861,0.42336,18.483,0.42336,0,0,442.007,0,1.02816,0,0,6.36085,5.33269,1.028160,1,0,216.237,0,0,0,216.237,0
72.29,2.28972,0,0,9.57753,0.316729,6.97108,3.6288,61.308,0.195081,0,0,8.83198,0.189965,8.44693,0.66528,12.849,1,0.40698,6.97108,0,178.102,4.07603,180.59,0.84672,12.849,0.84672,3695.15,0,18.483,0,6.85499,1.45018,22.2697,0.954965,29.6199,0.42336,18.483,0.42336,0,0,442.007,0,1.02816,0,0,7.88315,6.85499,1.028160,1,0,218.657,0,0,0,218.657,0
72.29,2.51351,0,0,8.47074,0.326038,5.6312,3.6288,61.308,0.339155,0,0,6.69706,0.151833,6.20607,0.66528,12.849,1,0.446757,5.6312,0,199.473,3.74244,200.915,0.84672,12.849,0.84672,3695.15,0,18.483,0,5.10564,1.45044,17.5757,0.775933,23.3558,0.42336,18.483,0.42336,0,0,442.007,0,1.02816,0,0,6.1338,5.10564,1.028160,1,0,230.477,0,0,0,230.477,0
72.29,2.51396,0,0,11.0389,0.319711,8.20522,3.6288,61.308,0.339402,0,0,7.57357,0.1837,7.05046,0.66528,12.849,1,0.446837,8.20522,0,232.724,4.17522,236.307,0.84672,12.849,0.84672,3695.15,0,18.483,0,7.19692,1.61114,22.7902,0.999427,30.5988,0.42336,18.483,0.42336,0,0,442.007,0,1.02816,0,0,8.22508,7.19692,1.028160,1,0,273.956,0,0,0,273.956,0
72.29,2.51441,0,0,8.95951,0.321223,6.12387,3.6288,61.308,0.339649,0,0,6.15402,0.174945,5.63943,0.66528,12.849,1,0.446918,6.12387,0,181.848,4.02399,183.501,0.84672,12.849,0.84672,3695.15,0,18.483,0,5.18018,1.61143,19.3346,0.956064,25.1701,0.42336,18.483,0.42336,0,0,442.007,0,1.02816,0,0,6.20834,5.18018,1.028160,1,0,214.31,0,0,0,214.31,0
72.29,2.51487,0,0,9.19858,0.325001,6.35871,3.6288,61.308,0.339896,0,0,5.47357,0.153058,4.98062,0.66528,12.849,1,0.446999,6.35871,0,161.863,3.64592,164.129,0.84672,12.849,0.84672,3695.15,0,18.483,0,5.93513,1.61172,18.5896,0.847655,25.2888,0.42336,18.483,0.42336,0,0,442.007,0,1.02816,0,0,6.96329,5.93513,1.028160,1,0,194.399,0,0,0,194.399,0
72.29,2.19649,0,0,6.4479,0.321333,3.93008,3.6288,61.308,0.146951,0,0,3.4997,0.15954,3.19321,0.66528,12.849,1,0.390409,3.93008,0,115.627,3.51614,115.65,0.84672,12.849,0.84672,3695.15,0,18.483,0,3.44029,1.61201,12.1443,0.899461,16.2971,0.42336,18.483,0.42336,0,0,442.007,0,1.02816,0,0,4.46845,3.44029,1.028160,1,0,135.14,0,0,0,135.14,0
72.29,2.19688,0,0,5.36497,0.316442,2.85165,3.6288,61.308,0.147163,0,0,3.9994,0.168183,3.68406,0.66528,12.849,1,0.39048,2.85165,0,112.574,3.3431,111.692,0.84672,12.849,0.84672,3695.15,0,18.483,0,2.79258,1.39268,12.5864,0.968535,15.8031,0.42336,18.483,0.42336,0,0,442.007,0,1.02816,0,0,3.82074,2.79258,1.028160,1,0,131.179,0,0,0,131.179,0
72.29,2.19728,0,0,7.17336,0.316442,4.65964,3.6288,61.308,0.147375,0,0,6.01966,0.168183,5.7041,0.66528,12.849,1,0.39055,4.65964,0,157.768,3.3431,158.694,0.84672,12.849,0.84672,3695.15,0,18.483,0,4.1657,1.39293,19.2237,0.968535,23.8137,0.42336,18.483,0.42336,0,0,442.007,0,1.02816,0,0,5.19386,4.1657,1.028160,1,0,188.212,0,0,0,188.212,0
72.29,2.19768,0,0,9.10449,0.317695,6.58911,3.6288,61.308,0.147587,0,0,9.15304,0.183482,8.82197,0.66528,12.849,1,0.390621,6.58911,0,199.383,3.7762,201.805,0.84672,12.849,0.84672,3695.15,0,18.483,0,7.77496,1.39318,30.5359,1.03523,38.6688,0.42336,18.483,0.42336,0,0,442.007,0,1.02816,0,0,8.80312,7.77496,1.028160,1,0,249.296,0,0,0,249.296,0
72.29,2.19807,0,0,6.08932,0.320827,3.57042,3.6288,61.308,0.147799,0,0,4.94438,0.221727,4.57485,0.66528,12.849,1,0.390691,3.57042,0,158.395,4.85898,156.716,0.84672,12.849,0.84672,3695.15,0,18.483,0,3.73488,1.39343,18.1507,1.20198,22.0771,0.42336,18.483,0.42336,0,0,442.007,0,1.02816,0,0,4.76304,3.73488,1.028160,1,0,183.368,0,0,0,183.368,0
72.29,2.2788,0,0,4.59945,0.296101,2.02455,3.6288,61.308,0.195316,0,0,2.07146,0.174666,1.70148,0.66528,12.849,1,0.405039,2.02455,0,98.1055,3.14318,96.5818,0.84672,12.849,0.84672,3695.15,0,18.483,0,2.00364,1.39368,9.38408,0.877468,11.9039,0.42336,18.483,0.42336,0,0,442.007,0,1.02816,0,0,3.0318,2.00364,1.028160,1,0,110.187,0,0,0,110.187,0
72.29,2.27921,0,0,4.54162,0.288393,1.97401,3.6288,61.308,0.195537,0,0,2.17508,0.216312,1.76323,0.66528,12.849,1,0.405112,1.97401,0,112.362,4.06875,109.862,0.84672,12.849,0.84672,3695.15,0,18.483,0,1.71963,1.44821,8.91467,1.12976,10.9527,0.42336,18.483,0.42336,0,0,442.007,0,1.02816,0,0,2.74779,1.71963,1.028160,1,0,122.578,0,0,0,122.578,0
72.29,2.27962,0,0,6.34495,0.288393,3.77693,3.6288,61.308,0.195758,0,0,2.90161,0.216312,2.48954,0.66528,12.849,1,0.405185,3.77693,0,119.188,4.06875,118.491,0.84672,12.849,0.84672,3695.15,0,18.483,0,2.47504,1.44847,9.81625,1.12976,12.61,0.42336,18.483,0.42336,0,0,442.007,0,1.02816,0,0,3.5032,2.47504,1.028160,1,0,133.59,0,0,0,133.59,0
72.29,2.28003,0,0,6.31596,0.288393,3.74754,3.6288,61.308,0.195978,0,0,3.61025,0.216312,3.19796,0.66528,12.849,1,0.405258,3.74754,0,114.725,4.06875,113.998,0.84672,12.849,0.84672,3695.15,0,18.483,0,3.56294,1.44873,13.9384,1.12976,17.8203,0.42336,18.483,0.42336,0,0,442.007,0,1.02816,0,0,4.5911,3.56294,1.028160,1,0,135.016,0,0,0,135.016,0
72.29,2.24901,0,0,5.78282,0.226681,3.30713,3.6288,61.308,0.177813,0,0,2.68209,0.218734,2.28554,0.66528,12.849,1,0.399745,3.30713,0,117.621,4.29817,116.23,0.84672,12.849,0.84672,3695.15,0,18.483,0,2.67428,1.44899,11.6592,1.1679,14.6145,0.42336,18.483,0.42336,0,0,442.007,0,1.02816,0,0,3.70244,2.67428,1.028160,1,0,133.13,0,0,0,133.13,0
72.29,2.24942,0,0,4.49789,0.201995,2.04648,3.6288,61.308,0.178031,0,0,1.90356,0.219703,1.50583,0.66528,12.849,1,0.399817,2.04648,0,86.781,4.38994,84.0377,0.84672,12.849,0.84672,3695.15,0,18.483,0,2.2049,1.42811,8.55827,1.18315,11.0081,0.42336,18.483,0.42336,0,0,442.007,0,1.02816,0,0,3.23306,2.2049,1.028160,1,0,96.5517,0,0,0,96.5517,0
72.29,2.24982,0,0,4.02937,0.201995,1.57755,3.6288,61.308,0.178248,0,0,1.5572,0.219703,1.15925,0.66528,12.849,1,0.399889,1.57755,0,73.7485,4.38994,70.5362,0.84672,12.849,0.84672,3695.15,0,18.483,0,1.45163,1.42837,8.84667,1.18315,10.5435,0.42336,18.483,0.42336,0,0,442.007,0,1.02816,0,0,2.47979,1.45163,1.028160,1,0,82.2389,0,0,0,82.2389,0
72.29,2.25023,0,0,3.73599,0.190347,1.29541,3.6288,61.308,0.178466,0,0,1.44705,0.225447,1.04314,0.66528,12.849,1,0.399961,1.29541,0,68.2301,4.37142,64.7541,0.84672,12.849,0.84672,3695.15,0,18.483,0,1.5087,1.42863,7.67474,1.17292,9.43915,0.42336,18.483,0.42336,0,0,442.007,0,1.02816,0,0,2.53686,1.5087,1.028160,1,0,75.2364,0,0,0,75.2364,0
72.29,2.3574,0,0,3.50819,0.124615,1.02617,3.6288,61.308,0.243932,0,0,1.43102,0.259907,0.927178,0.66528,12.849,1,0.41901,1.02617,0,64.3326,4.39338,60.5464,0.84672,12.849,0.84672,3695.15,0,18.483,0,1.85329,1.42889,7.59612,1.10453,9.77376,0.42336,18.483,0.42336,0,0,442.007,0,1.02816,0,0,2.88145,1.85329,1.028160,1,0,71.2473,0,0,0,71.2473,0
72.29,2.35782,0,0,3.70873,0.135009,1.21589,3.6288,61.308,0.244161,0,0,1.48084,0.259899,0.976775,0.66528,12.849,1,0.419085,1.21589,0,60.5242,4.72615,56.5948,0.84672,12.849,0.84672,3695.15,0,18.483,0,1.49618,1.50312,8.44828,1.08711,10.3605,0.42336,18.483,0.42336,0,0,442.007,0,1.02816,0,0,2.52434,1.49618,1.028160,1,0,67.9321,0,0,0,67.9321,0
72.29,2.35825,0,0,3.56162,0.135009,1.06837,3.6288,61.308,0.244391,0,0,1.4653,0.259899,0.961011,0.66528,12.849,1,0.419161,1.06837,0,56.1762,4.72615,52.0993,0.84672,12.849,0.84672,3695.15,0,18.483,0,1.50509,1.50339,8.10743,1.08711,10.0288,0.42336,18.483,0.42336,0,0,442.007,0,1.02816,0,0,2.53325,1.50509,1.028160,1,0,63.0891,0,0,0,63.0891,0
72.29,2.35868,0,0,3.3801,0.139926,0.881496,3.6288,61.308,0.24462,0,0,1.44212,0.258582,0.938917,0.66528,12.849,1,0.419237,0.881496,0,53.8122,4.64154,49.6329,0.84672,12.849,0.84672,3695.15,0,18.483,0,1.7119,1.50366,7.58929,1.09037,9.71447,0.42336,18.483,0.42336,0,0,442.007,0,1.02816,0,0,2.74006,1.7119,1.028160,1,0,60.2863,0,0,0,60.2863,0
72.29,2.3591,0,0,3.13757,0.15832,0.620153,3.6288,61.308,0.24485,0,0,1.38606,0.254833,0.886381,0.66528,12.849,1,0.419312,0.620153,0,49.8085,4.1659,45.8434,0.84672,12.849,0.84672,3695.15,0,18.483,0,1.6203,1.50393,7.05923,1.11948,9.06398,0.42336,18.483,0.42336,0,0,442.007,0,1.02816,0,0,2.64846,1.6203,1.028160,1,0,55.7938,0,0,0,55.7938,0
72.0897,2.33839,0,0,2.61642,0.115465,0.36288,3.6288,61.308,0.280973,0,0,1.39554,0.269225,0.845343,0.66528,12.849,1,0.415632,0.36288,0,49.6901,5.42415,44.2132,0.84672,12.849,0.84672,3695.15,0,18.483,0,1.34041,1.5042,5.15186,1.26834,6.72813,0.42336,18.483,0.42336,0,0,442.007,0,1.02816,0,0,2.36857,1.34041,1.028160,1,0,51.7867,0,0,0,51.7867,0
71.7669,2.33783,0,0,2.47207,0.0941628,0.36288,3.6288,61.308,0.28121,0,0,1.33034,0.298698,0.750436,0.66528,12.849,1,0.416687,0.36288,0,47.0981,5.4558,41.5885,0.84672,12.849,0.84672,3695.15,0,18.483,0,1.26411,1.52754,5.15351,1.36598,6.57918,0.42336,18.483,0.42336,0,0,442.007,0,1.02816,0,0,2.29227,1.26411,1.028160,1,0,48.9181,0,0,0,48.9181,0
71.321,2.33667,0,0,2.3476,0.0939318,0.36288,3.6288,61.308,0.281446,0,0,1.2103,0.298698,0.630156,0.66528,12.849,1,0.418352,0.36288,0,42.6241,5.4558,37.1128,0.84672,12.849,0.84672,3695.15,0,18.483,0,1.18092,1.52782,5.04336,1.36598,6.38612,0.42336,18.483,0.42336,0,0,442.007,0,1.02816,0,0,2.20908,1.18092,1.028160,1,0,44.1291,0,0,0,44.1291,0
70.7048,2.33487,0,0,2.17515,0.0936128,0.36288,3.6288,61.308,0.281682,0,0,1.09581,0.298698,0.515431,0.66528,12.849,1,0.420644,0.36288,0,40.5744,5.4558,35.0608,0.84672,12.849,0.84672,3695.15,0,18.483,0,1.06655,1.52809,4.65275,1.36598,5.88141,0.42336,18.483,0.42336,0,0,442.007,0,1.02816,0,0,2.09471,1.06655,1.028160,1,0,41.4577,0,0,0,41.4577,0
70.033,2.38662,0,0,2.16594,0.0882168,0.36288,3.6288,61.308,0.31393,0,0,1.03373,0.299139,0.420664,0.66528,12.849,1,0.433714,0.36288,0,38.6587,5.54994,33.038,0.84672,12.849,0.84672,3695.15,0,18.483,0,0.88598,1.52837,4.07813,1.40133,5.09115,0.42336,18.483,0.42336,0,0,442.007,0,1.02816,0,0,1.91414,0.88598,1.028160,1,0,38.5498,0,0,0,38.5498,0
69.3607,2.38353,0,0,2.15813,0.0840646,0.36288,3.6288,61.308,0.314172,0,0,1.01461,0.299469,0.400971,0.66528,12.849,1,0.437308,0.36288,0,36.2197,5.62054,30.5248,0.84672,12.849,0.84672,3695.15,0,18.483,0,0.85822,1.56543,3.79952,1.42785,4.79532,0.42336,18.483,0.42336,0,0,442.007,0,1.02816,0,0,1.88638,0.85822,1.028160,1,0,35.7211,0,0,0,35.7211,0
68.4449,2.38038,0,0,1.91116,0.0836283,0.36288,3.6288,61.308,0.314414,0,0,0.952785,0.299469,0.338901,0.66528,12.849,1,0.440964,0.36288,0,34.1258,5.62054,28.4271,0.84672,12.849,0.84672,3695.15,0,18.483,0,0.727937,1.56571,3.76254,1.42785,4.62834,0.42336,18.483,0.42336,0,0,442.007,0,1.02816,0,0,1.7561,0.727937,1.028160,1,0,33.3944,0,0,0,33.3944,0
67.3592,2.37585,0,0,1.73608,0.083034,0.36288,3.6288,61.308,0.314656,0,0,0.926968,0.299469,0.312843,0.66528,12.849,1,0.446012,0.36288,0,32.1238,5.62054,26.4201,0.84672,12.849,0.84672,3695.15,0,18.483,0,0.614529,1.56599,3.62824,1.42785,4.38091,0.42336,18.483,0.42336,0,0,442.007,0,1.02816,0,0,1.64269,0.614529,1.028160,1,0,31.1139,0,0,0,31.1139,0
65.8347,2.52853,0,0,1.43257,0.0657163,0.36288,3.6288,61.308,0.43053,0,0,0.899666,0.306708,0.162427,0.66528,12.849,1,0.482326,0.36288,0,29.5444,5.88159,23.5434,0.84672,12.849,0.84672,3695.15,0,18.483,0,0.607236,1.56628,3.39831,1.45873,4.1131,0.42336,18.483,0.42336,0,0,442.007,0,1.02816,0,0,1.6354,0.607236,1.028160,1,0,27.8189,0,0,0,27.8189,0
63.9828,2.51964,0,0,1.10624,0.0756314,0.36288,3.6288,61.2963,0.430793,0,0,0.724663,0.305607,0,0.66528,12.849,1,0.49176,0.36288,0,20.7528,5.63272,14.9912,0.84672,12.849,0.84672,3695.15,0,18.483,0,0.554178,1.69122,2.33697,1.5371,3.04527,0.42336,18.483,0.42336,0,0,442.007,0,1.02816,0,0,1.58234,0.554178,1.028160,1,0,18.0365,0,0,0,18.0365,0
62.5648,2.50824,0,0,1.52766,0.0745139,0.36288,3.6288,61.308,0.431056,0,0,0.802535,0.305585,0.0541567,0.66528,12.849,1,0.503704,0.36288,0,22.2606,5.63272,16.4871,0.84672,12.849,0.84672,3695.15,0,18.483,0,0.76756,1.69152,2.6052,1.5371,3.52719,0.42336,18.483,0.42336,0,0,442.007,0,1.02816,0,0,1.79572,0.76756,1.028160,1,0,20.0684,0,0,0,20.0684,0
61.8272,2.49922,0,0,2.22416,0.0996662,0.36288,3.6288,61.308,0.431319,0,0,1.06828,0.298237,0.338728,0.66528,12.849,1,0.513268,0.36288,0,37.146,5.49281,31.5028,0.84672,12.849,0.84672,3695.15,0,18.483,0,0.992097,1.69183,2.89716,1.51474,4.06635,0.42336,18.483,0.42336,0,0,442.007,0,1.02816,0,0,2.02026,0.992097,1.028160,1,0,35.9079,0,0,0,35.9079,0
60.6941,2.4946,0,0,1.81455,0.0901524,0.36288,3.6288,61.308,0.431582,0,0,0.953934,0.291559,0.230793,0.66528,12.849,1,0.518431,0.36288,0,42.6165,5.69226,36.7687,0.84672,12.849,0.84672,3695.15,0,18.483,0,0.808834,1.69213,2.19244,1.508,3.18541,0.42336,18.483,0.42336,0,0,442.007,0,1.02816,0,0,1.83699,0.808834,1.028160,1,0,40.1849,0,0,0,40.1849,0
59.8309,2.41118,0,0,1.98425,0.0733489,0.36288,3.6288,61.308,0.361598,0,0,0.953764,0.242299,0.349867,0.66528,12.849,1,0.510449,0.36288,0,24.9344,5.55132,19.2355,0.84672,12.849,0.84672,3695.15,0,18.483,0,0.986688,1.69244,2.14411,1.45579,3.36745,0.42336,18.483,0.42336,0,0,442.007,0,1.02816,0,0,2.01485,0.986688,1.028160,1,0,22.9529,0,0,0,22.9529,0
58.4636,2.40555,0,0,1.47127,0.0701409,0.36288,3.6288,61.308,0.361849,0,0,0.726425,0.234089,0.130488,0.66528,12.849,1,0.516604,0.36288,0,37.4039,5.52783,31.7224,0.84672,12.849,0.84672,3695.15,0,18.483,0,0.80174,1.62124,1.61192,1.44708,2.58782,0.42336,18.483,0.42336,0,0,442.007,0,1.02816,0,0,1.8299,0.80174,1.028160,1,0,34.4407,0,0,0,34.4407,0
56.6166,2.39608,0,0,0.981124,0.0692222,0.36288,3.6288,61.1668,0.459904,0,0,0.552785,0.234089,0,0.66528,12.849,1,0.526604,0.36288,0,23.4637,5.52783,17.7722,0.84672,12.849,0.84672,3695.15,0,18.483,0,0.216518,1.62153,1.08787,1.44708,1.47884,0.42336,18.483,0.42336,0,0,442.007,0,0.930355,0,0,1.14687,0.216518,1.028160,1,0,19.251,0,0,0,19.251,0
55.6758,2.3825,0,0,1.92548,0.12083,0.36288,3.6288,61.308,0.36235,0,0,0.8241,0.236956,0.0835878,0.66528,12.849,1,0.540703,0.36288,0,27.4584,5.15887,22.1217,0.84672,12.849,0.84672,3695.15,0,18.483,0,0.689126,1.62182,1.70336,1.37165,2.64265,0.42336,18.483,0.42336,0,0,442.007,0,1.02816,0,0,1.71729,0.689126,1.028160,1,0,24.8479,0,0,0,24.8479,0
55.6473,2.31414,0,0,2.81839,0.169887,0.36288,3.6288,61.308,0.298611,0,0,1.21383,0.217532,0.697691,0.66528,12.849,1,0.534063,0.36288,0,35.1184,4.38981,30.5574,0.84672,12.849,0.84672,3695.15,0,18.483,0,1.91792,1.62212,2.8525,1.12103,5.27151,0.42336,18.483,0.42336,0,0,442.007,0,1.02816,0,0,2.94608,1.91792,1.028160,1,0,36.5266,0,0,0,36.5266,0
55.5505,2.31434,0,0,2.74977,0.169363,0.36288,3.6288,61.308,0.298851,0,0,0.646061,0.168955,0.178256,0.66528,12.849,1,0.534382,0.36288,0,45.3096,3.75207,41.3861,0.84672,12.849,0.84672,3695.15,0,18.483,0,0.269689,1.55882,1.539,0.911559,2.45595,0.42336,18.483,0.42336,0,0,442.007,0,1.02816,0,0,1.29785,0.269689,1.028160,1,0,44.0203,0,0,0,44.0203,0
58.2753,2.314,0,0,5.57091,0.1692,0.36288,3.6288,61.308,0.29909,0,0,1.40665,0.168955,0.938603,0.66528,12.849,1,0.535235,0.36288,0,71.7739,3.75207,67.8494,0.84672,12.849,0.84672,3695.15,0,18.483,0,1.83012,1.5591,3.23438,0.911559,5.71205,0.42336,18.483,0.42336,0,0,442.007,0,1.02816,0,0,2.85828,1.83012,1.028160,1,0,74.5001,0,0,0,74.5001,0
59.1037,2.33492,0,0,3.69992,0.173805,0.36288,3.6288,61.308,0.299329,0,0,1.35836,0.168955,0.89008,0.66528,12.849,1,0.514822,0.36288,0,44.1753,3.75207,40.2713,0.84672,12.849,0.84672,3695.15,0,18.483,0,1.91767,1.55938,2.40898,0.911559,4.97446,0.42336,18.483,0.42336,0,0,442.007,0,1.02816,0,0,2.94583,1.91767,1.028160,1,0,46.1358,0,0,0,46.1358,0
61.5657,2.16495,0,0,5.21256,0.222706,0.36288,3.6288,61.308,0.166202,0,0,0.965428,0.186876,0.61235,0.66528,12.849,1,0.470655,0.36288,0,63.6153,3.96291,59.5446,0.84672,12.849,0.84672,3695.15,0,18.483,0,1.04022,1.55966,4.30645,0.965022,5.94131,0.42336,18.483,0.42336,0,0,442.007,0,1.02816,0,0,2.06838,1.04022,1.028160,1,0,66.0983,0,0,0,66.0983,0
68.0794,2.18091,0,0,9.30226,0.244705,0.36288,3.6288,61.308,0.166417,0,0,1.65766,0.197823,1.29342,0.66528,12.849,1,0.455165,0.36288,0,89.6516,3.60423,85.9551,0.84672,12.849,0.84672,3695.15,0,18.483,0,1.97381,1.41668,3.61061,0.906723,6.09437,0.42336,18.483,0.42336,0,0,442.007,0,1.02816,0,0,3.00197,1.97381,1.028160,1,0,93.3429,0,0,0,93.3429,0
70.6986,2.21795,0,0,5.4579,0.25787,0.36288,3.6288,61.308,0.166633,0,0,1.10553,0.197823,0.741075,0.66528,12.849,1,0.418605,0.36288,0,74.8882,3.60423,71.2282,0.84672,12.849,0.84672,3695.15,0,18.483,0,1.3909,1.41693,3.12751,0.906723,5.02862,0.42336,18.483,0.42336,0,0,442.007,0,1.02816,0,0,2.41906,1.3909,1.028160,1,0,76.9979,0,0,0,76.9979,0
71.783,2.23147,0,0,3.94188,0.263164,0.36288,3.6288,61.308,0.166848,0,0,0.636831,0.197823,0.27216,0.66528,12.849,1,0.405555,0.36288,0,42.7092,3.60423,39.0623,0.84672,12.849,0.84672,3695.15,0,18.483,0,0.438497,1.41719,3.14285,0.906723,4.09181,0.42336,18.483,0.42336,0,0,442.007,0,1.02816,0,0,1.46666,0.438497,1.028160,1,0,43.4262,0,0,0,43.4262,0
72.29,2.23707,0,0,6.44147,0.304047,3.39336,3.6288,61.308,0.167063,0,0,1.07986,0.235155,0.677644,0.66528,12.849,1,0.400431,3.39336,0,66.9943,4.40423,65.583,0.84672,12.849,0.84672,3695.15,0,18.483,0,1.21214,1.41744,3.67461,1.15628,5.14791,0.42336,18.483,0.42336,0,0,442.007,0,1.02816,0,0,2.2403,1.21214,1.028160,1,0,71.4086,0,0,0,71.4086,0
72.29,2.31002,0,0,7.44455,0.250124,4.88441,3.6288,61.308,0.205926,0,0,1.60909,0.259027,1.14413,0.66528,12.849,1,0.410588,4.88441,0,106.149,4.94452,105.679,0.84672,12.849,0.84672,3695.15,0,18.483,0,1.77827,1.4177,7.72248,1.38348,9.53497,0.42336,18.483,0.42336,0,0,442.007,0,1.02816,0,0,2.80643,1.77827,1.028160,1,0,116.358,0,0,0,116.358,0
72.29,2.31041,0,0,7.73971,0.228085,5.20121,3.6288,61.308,0.206137,0,0,1.20643,0.268576,0.731716,0.66528,12.849,1,0.410658,5.20121,0,119.769,5.16064,119.398,0.84672,12.849,0.84672,3695.15,0,18.483,0,1.29871,1.4633,7.53322,1.47436,8.82086,0.42336,18.483,0.42336,0,0,442.007,0,1.02816,0,0,2.32687,1.29871,1.028160,1,0,128.951,0,0,0,128.951,0
72.29,2.31081,0,0,7.68781,0.228085,5.14892,3.6288,61.308,0.206348,0,0,1.55844,0.268576,1.08352,0.66528,12.849,1,0.410729,5.14892,0,113.835,5.16064,113.413,0.84672,12.849,0.84672,3695.15,0,18.483,0,1.72068,1.46355,7.04399,1.47436,8.75386,0.42336,18.483,0.42336,0,0,442.007,0,1.02816,0,0,2.74884,1.72068,1.028160,1,0,123.25,0,0,0,123.25,0
72.29,2.3112,0,0,5.64814,0.313438,3.0235,3.6288,61.308,0.206559,0,0,1.04058,0.239791,0.594225,0.66528,12.849,1,0.410799,3.0235,0,85.7209,3.88103,84.4526,0.84672,12.849,0.84672,3695.15,0,18.483,0,0.949069,1.4638,4.38344,1.11136,5.68495,0.42336,18.483,0.42336,0,0,442.007,0,1.02816,0,0,1.97723,0.949069,1.028160,1,0,90.7317,0,0,0,90.7317,0
72.29,2.53707,0,0,6.2352,0.313669,3.38447,3.6288,61.308,0.351972,0,0,1.31329,0.232161,0.729155,0.66528,12.849,1,0.450944,3.38447,0,103.298,3.73222,102.499,0.84672,12.849,0.84672,3695.15,0,18.483,0,1.548,1.46405,7.40432,1.06922,9.34715,0.42336,18.483,0.42336,0,0,442.007,0,1.02816,0,0,2.57616,1.548,1.028160,1,0,112.576,0,0,0,112.576,0
72.29,2.5375,0,0,5.70042,0.278683,2.88424,3.6288,61.308,0.352208,0,0,1.722,0.22508,1.14471,0.66528,12.849,1,0.451021,2.88424,0,77.0809,3.8934,75.6207,0.84672,12.849,0.84672,3695.15,0,18.483,0,1.90492,1.62624,10.9093,1.11512,13.3253,0.42336,18.483,0.42336,0,0,442.007,0,1.02816,0,0,2.93308,1.90492,1.028160,1,0,90.0908,0,0,0,90.0908,0
72.29,2.53793,0,0,6.97988,0.278683,4.16326,3.6288,61.308,0.352444,0,0,1.82828,0.22508,1.25076,0.66528,12.849,1,0.451099,4.16326,0,104.275,3.8934,104.094,0.84672,12.849,0.84672,3695.15,0,18.483,0,1.88665,1.62652,10.9533,1.11512,13.3513,0.42336,18.483,0.42336,0,0,442.007,0,1.02816,0,0,2.91481,1.88665,1.028160,1,0,118.696,0,0,0,118.696,0
72.29,2.53837,0,0,6.93763,0.278683,4.12057,3.6288,61.308,0.35268,0,0,1.76748,0.22508,1.18972,0.66528,12.849,1,0.451176,4.12057,0,143.922,3.8934,143.698,0.84672,12.849,0.84672,3695.15,0,18.483,0,1.72525,1.6268,11.0579,1.11512,13.2948,0.42336,18.483,0.42336,0,0,442.007,0,1.02816,0,0,2.75341,1.72525,1.028160,1,0,158.182,0,0,0,158.182,0
72.29,2.21699,0,0,5.93635,0.302866,3.41649,3.6288,61.308,0.157921,0,0,2.19026,0.197374,1.83496,0.66528,12.849,1,0.394054,3.41649,0,90.3079,3.67317,89.6571,0.84672,12.849,0.84672,3695.15,0,18.483,0,2.25482,1.62708,12.0468,0.981185,14.9475,0.42336,18.483,0.42336,0,0,442.007,0,1.02816,0,0,3.28298,2.25482,1.028160,1,0,106.44,0,0,0,106.44,0
72.29,2.21737,0,0,7.80051,0.325159,5.25798,3.6288,61.308,0.158124,0,0,3.68878,0.148291,3.38236,0.66528,12.849,1,0.394121,5.25798,0,103.954,3.18769,105.63,0.84672,12.849,0.84672,3695.15,0,18.483,0,4.13535,1.40568,17.5188,0.767421,22.2924,0.42336,18.483,0.42336,0,0,442.007,0,1.02816,0,0,5.16351,4.13535,1.028160,1,0,131.305,0,0,0,131.305,0
72.29,2.21775,0,0,6.20203,0.325159,3.65912,3.6288,61.308,0.158327,0,0,2.79836,0.148291,2.49174,0.66528,12.849,1,0.394189,3.65912,0,118.242,3.18769,118.319,0.84672,12.849,0.84672,3695.15,0,18.483,0,2.5234,1.40592,12.9026,0.767421,16.0645,0.42336,18.483,0.42336,0,0,442.007,0,1.02816,0,0,3.55156,2.5234,1.028160,1,0,136.875,0,0,0,136.875,0
72.29,2.21813,0,0,4.20217,0.313831,1.6702,3.6288,61.308,0.15853,0,0,1.93374,0.142275,1.63294,0.66528,12.849,1,0.394256,1.6702,0,95.3839,3.1005,93.5593,0.84672,12.849,0.84672,3695.15,0,18.483,0,1.91223,1.40616,11.6518,0.754896,14.2153,0.42336,18.483,0.42336,0,0,442.007,0,1.02816,0,0,2.94039,1.91223,1.028160,1,0,109.408,0,0,0,109.408,0
72.29,2.21851,0,0,5.71272,0.245862,3.24834,3.6288,61.308,0.158733,0,0,2.305,0.106177,2.04009,0.66528,12.849,1,0.394323,3.24834,0,97.5827,2.57733,97.8594,0.84672,12.849,0.84672,3695.15,0,18.483,0,2.45854,1.4064,12.4884,0.679743,15.6736,0.42336,18.483,0.42336,0,0,442.007,0,1.02816,0,0,3.4867,2.45854,1.028160,1,0,115.573,0,0,0,115.573,0
72.29,2.29996,0,0,5.88086,0.313312,3.26758,3.6288,61.308,0.20668,0,0,3.94055,0.106902,3.62697,0.66528,12.849,1,0.408801,3.26758,0,115.331,2.6154,115.574,0.84672,12.849,0.84672,3695.15,0,18.483,0,3.13581,1.40664,9.72752,0.555568,13.7144,0.42336,18.483,0.42336,0,0,442.007,0,1.02816,0,0,4.16397,3.13581,1.028160,1,0,132.916,0,0,0,132.916,0
72.29,2.30036,0,0,5.394,0.324553,2.76909,3.6288,61.308,0.206891,0,0,3.48496,0.107023,3.17105,0.66528,12.849,1,0.408871,2.76909,0,110.455,2.62174,110.194,0.84672,12.849,0.84672,3695.15,0,18.483,0,3.26809,1.46166,7.79795,0.534872,11.9928,0.42336,18.483,0.42336,0,0,442.007,0,1.02816,0,0,4.29625,3.26809,1.028160,1,0,125.358,0,0,0,125.358,0
72.29,2.30075,0,0,8.06649,0.328035,5.43771,3.6288,61.308,0.207102,0,0,3.94689,0.0915578,3.64823,0.66528,12.849,1,0.408941,5.43771,0,152.361,2.18569,155.204,0.84672,12.849,0.84672,3695.15,0,18.483,0,4.68101,1.46191,20.7997,0.446917,26.4957,0.42336,18.483,0.42336,0,0,442.007,0,1.02816,0,0,5.70917,4.68101,1.028160,1,0,185.348,0,0,0,185.348,0
72.29,2.30114,0,0,5.50704,0.281885,2.92401,3.6288,61.308,0.207313,0,0,3.41227,0.112099,3.09286,0.66528,12.849,1,0.409011,2.92401,0,114.083,1.86003,114.738,0.84672,12.849,0.84672,3695.15,0,18.483,0,3.74443,1.46216,10.6277,0.440893,15.3934,0.42336,18.483,0.42336,0,0,442.007,0,1.02816,0,0,4.77259,3.74443,1.028160,1,0,133.225,0,0,0,133.225,0
72.29,2.26982,0,0,4.90464,0.266825,2.368,3.6288,61.308,0.188969,0,0,2.51935,0.146887,2.18349,0.66528,12.849,1,0.403443,2.368,0,93.4407,2.99247,92.4128,0.84672,12.849,0.84672,3695.15,0,18.483,0,2.81497,1.46241,8.65996,0.638223,12.2991,0.42336,18.483,0.42336,0,0,442.007,0,1.02816,0,0,3.84313,2.81497,1.028160,1,0,106.895,0,0,0,106.895,0
72.29,2.2702,0,0,4.30913,0.254485,1.78444,3.6288,61.308,0.189177,0,0,1.84533,0.173048,1.48311,0.66528,12.849,1,0.403512,1.78444,0,88.7864,3.93801,86.2293,0.84672,12.849,0.84672,3695.15,0,18.483,0,2.39735,1.44132,7.75008,0.756736,10.832,0.42336,18.483,0.42336,0,0,442.007,0,1.02816,0,0,3.42551,2.39735,1.028160,1,0,98.5444,0,0,0,98.5444,0
72.29,2.27059,0,0,3.99337,0.22624,1.49654,3.6288,61.308,0.189385,0,0,1.62978,0.182409,1.25799,0.66528,12.849,1,0.403581,1.49654,0,81.7957,4.02139,78.8673,0.84672,12.849,0.84672,3695.15,0,18.483,0,2.34226,1.44157,7.0562,0.762558,10.0775,0.42336,18.483,0.42336,0,0,442.007,0,1.02816,0,0,3.37042,2.34226,1.028160,1,0,90.2028,0,0,0,90.2028,0
72.29,2.27098,0,0,3.71562,0.22624,1.2184,3.6288,61.308,0.189593,0,0,1.62605,0.182409,1.25405,0.66528,12.849,1,0.40365,1.2184,0,74.7852,4.02139,71.5786,0.84672,12.849,0.84672,3695.15,0,18.483,0,2.35495,1.44182,6.70576,0.762558,9.73997,0.42336,18.483,0.42336,0,0,442.007,0,1.02816,0,0,3.38311,2.35495,1.028160,1,0,82.5726,0,0,0,82.5726,0
72.29,2.37912,0,0,3.60628,0.223838,1.00332,3.6288,61.308,0.255651,0,0,2.01215,0.181824,1.57468,0.66528,12.849,1,0.42287,1.00332,0,70.3811,4.02568,66.9359,0.84672,12.849,0.84672,3695.15,0,18.483,0,2.95229,1.44206,7.9731,0.79227,11.5752,0.42336,18.483,0.42336,0,0,442.007,0,1.02816,0,0,3.98045,2.95229,1.028160,1,0,80.0857,0,0,0,80.0857,0
72.29,2.37952,0,0,3.69995,0.177757,1.14267,3.6288,61.308,0.25587,0,0,1.66053,0.189576,1.21508,0.66528,12.849,1,0.422942,1.14267,0,60.593,4.20256,57.1102,0.84672,12.849,0.84672,3695.15,0,18.483,0,2.33921,1.51696,6.55678,1.00095,9.41201,0.42336,18.483,0.42336,0,0,442.007,0,1.02816,0,0,3.36737,2.33921,1.028160,1,0,67.7373,0,0,0,67.7373,0
72.29,2.37993,0,0,3.44469,0.0985768,0.966184,3.6288,61.308,0.25609,0,0,1.46969,0.217737,0.995863,0.66528,12.849,1,0.423014,0.966184,0,59.0516,4.58041,55.0144,0.84672,12.849,0.84672,3695.15,0,18.483,0,2.11607,1.51722,6.11812,1.07697,8.67445,0.42336,18.483,0.42336,0,0,442.007,0,1.02816,0,0,3.14423,2.11607,1.028160,1,0,64.6847,0,0,0,64.6847,0
72.29,2.38034,0,0,3.13282,0.0985768,0.653908,3.6288,61.308,0.256309,0,0,1.18685,0.217737,0.712805,0.66528,12.849,1,0.423087,0.653908,0,53.7539,4.58041,49.4043,0.84672,12.849,0.84672,3695.15,0,18.483,0,1.63309,1.51748,5.46983,1.07697,7.54343,0.42336,18.483,0.42336,0,0,442.007,0,1.02816,0,0,2.66125,1.63309,1.028160,1,0,57.6606,0,0,0,57.6606,0
72.29,2.38074,0,0,3.05414,0.104397,0.568997,3.6288,61.308,0.256529,0,0,0.970445,0.230259,0.483657,0.66528,12.849,1,0.423159,0.568997,0,48.7273,4.79899,44.0741,0.84672,12.849,0.84672,3695.15,0,18.483,0,1.49831,1.51774,5.24603,1.12021,7.14188,0.42336,18.483,0.42336,0,0,442.007,0,1.02816,0,0,2.52647,1.49831,1.028160,1,0,51.6996,0,0,0,51.6996,0
72.29,2.35982,0,0,3.52416,0.108679,1.05566,3.6288,61.308,0.292971,0,0,1.13758,0.265161,0.579445,0.66528,12.849,1,0.419441,1.05566,0,54.9252,5.19195,50.3694,0.84672,12.849,0.84672,3695.15,0,18.483,0,1.43023,1.518,7.09724,1.23958,8.80589,0.42336,18.483,0.42336,0,0,442.007,0,1.02816,0,0,2.45839,1.43023,1.028160,1,0,59.7548,0,0,0,59.7548,0
72.29,2.36023,0,0,3.4306,0.0824608,0.987911,3.6288,61.308,0.293197,0,0,1.0927,0.297927,0.501577,0.66528,12.849,1,0.419512,0.987911,0,54.1106,5.06068,49.6183,0.84672,12.849,0.84672,3695.15,0,18.483,0,1.35311,1.54154,7.54125,1.34596,9.08995,0.42336,18.483,0.42336,0,0,442.007,0,1.02816,0,0,2.38127,1.35311,1.028160,1,0,59.2098,0,0,0,59.2098,0
72.29,2.36063,0,0,3.26168,0.0824608,0.818587,3.6288,61.308,0.293423,0,0,1.0393,0.297927,0.447947,0.66528,12.849,1,0.419584,0.818587,0,49.2866,5.06068,44.6249,0.84672,12.849,0.84672,3695.15,0,18.483,0,1.27136,1.5418,7.20464,1.34596,8.67184,0.42336,18.483,0.42336,0,0,442.007,0,1.02816,0,0,2.29952,1.27136,1.028160,1,0,53.7447,0,0,0,53.7447,0
72.29,2.36103,0,0,3.02146,0.0824608,0.577965,3.6288,61.308,0.293649,0,0,0.917205,0.297927,0.32563,0.66528,12.849,1,0.419656,0.577965,0,46.2884,5.06068,41.386,0.84672,12.849,0.84672,3695.15,0,18.483,0,1.16285,1.54207,6.79389,1.34596,8.15285,0.42336,18.483,0.42336,0,0,442.007,0,1.02816,0,0,2.19101,1.16285,1.028160,1,0,49.8645,0,0,0,49.8645,0
72.29,2.41655,0,0,3.15776,0.0742094,0.667006,3.6288,61.308,0.326179,0,0,0.982299,0.312376,0.343743,0.66528,12.849,1,0.429523,0.667006,0,53.8465,5.48557,48.5984,0.84672,12.849,0.84672,3695.15,0,18.483,0,1.193,1.54233,6.5658,1.37712,7.92401,0.42336,18.483,0.42336,0,0,442.007,0,1.02816,0,0,2.22116,1.193,1.028160,1,0,56.8661,0,0,0,56.8661,0
72.29,2.41696,0,0,3.16932,0.0632076,0.689156,3.6288,61.308,0.326411,0,0,0.977996,0.331643,0.319943,0.66528,12.849,1,0.429597,0.689156,0,44.6828,6.0521,38.8903,0.84672,12.849,0.84672,3695.15,0,18.483,0,1.3341,1.57972,6.37356,1.41866,7.86871,0.42336,18.483,0.42336,0,0,442.007,0,1.02816,0,0,2.36226,1.3341,1.028160,1,0,47.0789,0,0,0,47.0789,0
72.29,2.41737,0,0,2.96277,0.0632076,0.482186,3.6288,61.308,0.326642,0,0,0.904867,0.331643,0.246582,0.66528,12.849,1,0.42967,0.482186,0,42.4869,6.0521,36.4873,0.84672,12.849,0.84672,3695.15,0,18.483,0,1.13085,1.57999,5.59248,1.41866,6.88465,0.42336,18.483,0.42336,0,0,442.007,0,1.02816,0,0,2.15901,1.13085,1.028160,1,0,43.6185,0,0,0,43.6185,0
72.29,2.41779,0,0,2.92295,0.0632076,0.441951,3.6288,61.308,0.326874,0,0,0.978998,0.331643,0.320482,0.66528,12.849,1,0.429743,0.441951,0,39.4236,6.0521,33.3837,0.84672,12.849,0.84672,3695.15,0,18.483,0,1.27634,1.58026,6.32439,1.41866,7.76231,0.42336,18.483,0.42336,0,0,442.007,0,1.02816,0,0,2.3045,1.27634,1.028160,1,0,41.4665,0,0,0,41.4665,0
72.29,2.5797,0,0,3.15395,0.0454775,0.528766,3.6288,61.308,0.443788,0,0,1.03425,0.312281,0.278183,0.66528,12.849,1,0.458523,0.528766,0,40.6346,6.29367,34.4112,0.84672,12.849,0.84672,3695.15,0,18.483,0,1.51686,1.58053,7.80166,1.48845,9.4106,0.42336,18.483,0.42336,0,0,442.007,0,1.02816,0,0,2.54502,1.51686,1.028160,1,0,44.1,0,0,0,44.1,0
71.8903,2.58014,0,0,2.61426,0.0709157,0.36288,3.6288,61.2427,0.444039,0,0,0.723142,0.344401,0,0.66528,12.849,1,0.458601,0.36288,0,32.6968,6.5022,26.0989,0.84672,12.849,0.84672,3695.15,0,18.483,0,0.47958,1.70659,4.80022,1.54814,5.43825,0.42336,18.483,0.42336,0,0,442.007,0,1.02816,0,0,1.50774,0.47958,1.028160,1,0,31.5371,0,0,0,31.5371,0
71.7178,2.57842,0,0,2.83929,0.0704704,0.36288,3.6288,61.3045,0.444291,0,0,0.839022,0.332892,0,0.66528,12.849,1,0.460843,0.36288,0,36.6939,6.49414,30.1018,0.84672,12.849,0.84672,3695.15,0,18.483,0,0.78586,1.70688,4.49055,1.55514,5.42816,0.42336,18.483,0.42336,0,0,442.007,0,1.02816,0,0,1.81402,0.78586,1.028160,1,0,35.53,0,0,0,35.53,0
70.9847,2.57792,0,0,2.27806,0.0703779,0.36288,3.6288,61.1867,0.444542,0,0,0.65975,0.333023,0,0.66528,12.849,1,0.461862,0.36288,0,43.1601,6.49414,36.567,0.84672,12.849,0.84672,3695.15,0,18.483,0,0.427015,1.70717,3.73028,1.55514,4.30933,0.42336,18.483,0.42336,0,0,442.007,0,1.02816,0,0,1.45517,0.427015,1.028160,1,0,40.8763,0,0,0,40.8763,0
70.6755,2.57432,0,0,2.69796,0.0699847,0.36288,3.6288,61.308,0.444794,0,0,1.0071,0.332775,0.108257,0.66528,12.849,1,0.46598,0.36288,0,37.0454,6.49414,30.4481,0.84672,12.849,0.84672,3695.15,0,18.483,0,1.16084,1.70747,5.04448,1.55514,6.35764,0.42336,18.483,0.42336,0,0,442.007,0,1.02816,0,0,2.189,1.16084,1.028160,1,0,36.914,0,0,0,36.914,0
70.0521,2.49453,0,0,2.33255,0.098568,0.36288,3.6288,61.308,0.374163,0,0,1.25244,0.348505,0.529769,0.66528,12.849,1,0.453512,0.36288,0,50.8169,6.04617,44.68,0.84672,12.849,0.84672,3695.15,0,18.483,0,1.73717,1.70776,8.93155,1.57445,10.802,0.42336,18.483,0.42336,0,0,442.007,0,1.02816,0,0,2.76533,1.73717,1.028160,1,0,56.0118,0,0,0,56.0118,0
69.4639,2.49154,0,0,2.43464,0.168322,0.36288,3.6288,61.308,0.374403,0,0,1.38545,0.31329,0.697757,0.66528,12.849,1,0.457001,0.36288,0,47.1503,5.53569,41.5205,0.84672,12.849,0.84672,3695.15,0,18.483,0,1.77575,1.6359,8.01429,1.46838,9.95756,0.42336,18.483,0.42336,0,0,442.007,0,1.02816,0,0,2.80391,1.77575,1.028160,1,0,52.1758,0,0,0,52.1758,0
69.6955,2.4887,0,0,3.26049,0.17731,0.36288,3.6288,61.308,0.374642,0,0,1.70385,0.306389,1.02282,0.66528,12.849,1,0.460345,0.36288,0,62.5649,5.48048,56.987,0.84672,12.849,0.84672,3695.15,0,18.483,0,2.68383,1.63618,9.85038,1.44942,12.721,0.42336,18.483,0.42336,0,0,442.007,0,1.02816,0,0,3.71199,2.68383,1.028160,1,0,70.7308,0,0,0,70.7308,0
70.7714,2.49042,0,0,4.10682,0.177629,0.36288,3.6288,61.308,0.374882,0,0,2.55449,0.306389,1.87322,0.66528,12.849,1,0.459132,0.36288,0,127.339,5.48048,121.762,0.84672,12.849,0.84672,3695.15,0,18.483,0,4.54123,1.63646,13.6062,1.44942,18.3345,0.42336,18.483,0.42336,0,0,442.007,0,1.02816,0,0,5.56939,4.54123,1.028160,1,0,141.97,0,0,0,141.97,0
70.8652,2.43226,0,0,3.13199,0.243078,0.36288,3.6288,61.308,0.310557,0,0,1.65231,0.283048,1.0587,0.66528,12.849,1,0.441592,0.36288,0,90.4666,5.29447,85.0934,0.84672,12.849,0.84672,3695.15,0,18.483,0,2.40401,1.63674,8.28645,1.37686,10.9503,0.42336,18.483,0.42336,0,0,442.007,0,1.02816,0,0,3.43217,2.40401,1.028160,1,0,97.1024,0,0,0,97.1024,0
69.3322,2.43317,0,0,1.54204,0.278947,0.36288,3.6288,61.308,0.310786,0,0,1.35318,0.264393,0.778001,0.66528,12.849,1,0.441173,0.36288,0,51.7134,4.92051,46.7146,0.84672,12.849,0.84672,3695.15,0,18.483,0,1.60458,1.57285,9.01593,1.1546,11.0388,0.42336,18.483,0.42336,0,0,442.007,0,1.02816,0,0,2.63274,1.60458,1.028160,1,0,58.5314,0,0,0,58.5314,0
67.8747,2.42535,0,0,1.60637,0.275667,0.36288,3.6288,61.308,0.311014,0,0,1.48141,0.264393,0.905998,0.66528,12.849,1,0.449479,0.36288,0,73.1281,4.92051,68.121,0.84672,12.849,0.84672,3695.15,0,18.483,0,1.5403,1.57312,7.92107,1.1546,9.8799,0.42336,18.483,0.42336,0,0,442.007,0,1.02816,0,0,2.56846,1.5403,1.028160,1,0,78.9069,0,0,0,78.9069,0
66.2134,2.41765,0,0,1.39173,0.272549,0.36288,3.6288,61.308,0.311243,0,0,1.43733,0.264393,0.861697,0.66528,12.849,1,0.457672,0.36288,0,50.4736,4.92051,45.4583,0.84672,12.849,0.84672,3695.15,0,18.483,0,1.55532,1.57339,6.93313,1.1546,8.90724,0.42336,18.483,0.42336,0,0,442.007,0,1.02816,0,0,2.58348,1.55532,1.028160,1,0,55.2272,0,0,0,55.2272,0
67.8533,2.22706,0,0,4.47368,0.243775,0.36288,3.6288,61.308,0.17691,0,0,2.10373,0.254465,1.67235,0.66528,12.849,1,0.432171,0.36288,0,94.7271,4.68051,89.9773,0.84672,12.849,0.84672,3695.15,0,18.483,0,2.55898,1.57366,14.775,1.20826,17.6994,0.42336,18.483,0.42336,0,0,442.007,0,1.02816,0,0,3.58714,2.55898,1.028160,1,0,109.349,0,0,0,109.349,0
69.6753,2.23623,0,0,4.70607,0.285008,0.36288,3.6288,61.308,0.177116,0,0,2.14911,0.235678,1.73632,0.66528,12.849,1,0.423461,0.36288,0,112.352,4.60154,107.69,0.84672,12.849,0.84672,3695.15,0,18.483,0,3.21841,1.42938,16.7393,1.19666,20.1904,0.42336,18.483,0.42336,0,0,442.007,0,1.02816,0,0,4.24657,3.21841,1.028160,1,0,129.617,0,0,0,129.617,0
72.1255,2.24596,0,0,5.34291,0.283903,0.36288,3.6288,61.308,0.177322,0,0,2.3553,0.233692,1.94428,0.66528,12.849,1,0.414183,0.36288,0,151.724,4.55353,147.12,0.84672,12.849,0.84672,3695.15,0,18.483,0,3.11068,1.42962,22.5316,1.20739,25.8645,0.42336,18.483,0.42336,0,0,442.007,0,1.02816,0,0,4.13884,3.11068,1.028160,1,0,174.928,0,0,0,174.928,0
72.29,2.25829,0,0,5.27356,0.289288,2.56145,3.6288,61.308,0.177528,0,0,2.49201,0.233692,2.08079,0.66528,12.849,1,0.402309,2.56145,0,182.814,4.55353,180.419,0.84672,12.849,0.84672,3695.15,0,18.483,0,2.5736,1.42987,19.1461,1.20739,21.9421,0.42336,18.483,0.42336,0,0,442.007,0,1.02816,0,0,3.60176,2.5736,1.028160,1,0,204.442,0,0,0,204.442,0
72.29,2.25945,0,0,4.46826,0.28965,1.91916,3.6288,61.308,0.177734,0,0,2.62852,0.233692,2.2171,0.66528,12.849,1,0.4016,1.91916,0,148.948,4.55353,145.912,0.84672,12.849,0.84672,3695.15,0,18.483,0,2.52523,1.43011,17.8315,1.20739,20.5794,0.42336,18.483,0.42336,0,0,442.007,0,1.02816,0,0,3.55339,2.52523,1.028160,1,0,168.709,0,0,0,168.709,0
72.29,2.33062,0,0,3.29934,0.297836,0.670885,3.6288,61.308,0.216932,0,0,1.7549,0.194858,1.34311,0.66528,12.849,1,0.41425,0.670885,0,98.5444,3.63733,95.1637,0.84672,12.849,0.84672,3695.15,0,18.483,0,2.27886,1.43035,10.6411,1.00492,13.3454,0.42336,18.483,0.42336,0,0,442.007,0,1.02816,0,0,3.30702,2.27886,1.028160,1,0,109.852,0,0,0,109.852,0
72.29,2.331,0,0,3.12282,0.286636,0.505193,3.6288,61.308,0.217133,0,0,2.05016,0.195986,1.63704,0.66528,12.849,1,0.414317,0.505193,0,86.1141,3.54385,82.6611,0.84672,12.849,0.84672,3695.15,0,18.483,0,2.76288,1.47635,9.93721,1.00799,13.1685,0.42336,18.483,0.42336,0,0,442.007,0,1.02816,0,0,3.79104,2.76288,1.028160,1,0,97.4666,0,0,0,97.4666,0
72.29,2.33137,0,0,4.17075,0.286636,1.55274,3.6288,61.308,0.217335,0,0,1.61266,0.195986,1.19934,0.66528,12.849,1,0.414384,1.55274,0,78.8206,3.54385,76.4152,0.84672,12.849,0.84672,3695.15,0,18.483,0,2.33091,1.47658,10.4922,1.00799,13.2917,0.42336,18.483,0.42336,0,0,442.007,0,1.02816,0,0,3.35907,2.33091,1.028160,1,0,90.9062,0,0,0,90.9062,0
72.29,2.33175,0,0,5.65826,0.320962,3.00555,3.6288,61.308,0.217536,0,0,1.88158,0.2256,1.43845,0.66528,12.849,1,0.414451,3.00555,0,184.797,3.83496,183.553,0.84672,12.849,0.84672,3695.15,0,18.483,0,3.00024,1.47682,12.6419,1.08824,16.0307,0.42336,18.483,0.42336,0,0,442.007,0,1.02816,0,0,4.0284,3.00024,1.028160,1,0,201.022,0,0,0,201.022,0
72.29,2.5596,0,0,7.64355,0.335694,4.74826,3.6288,61.308,0.364229,0,0,4.73167,0.213599,4.15384,0.66528,12.849,1,0.454949,4.74826,0,195.509,3.88887,195.914,0.84672,12.849,0.84672,3695.15,0,18.483,0,7.1645,1.47706,19.7558,1.0699,27.3274,0.42336,18.483,0.42336,0,0,442.007,0,1.02816,0,0,8.19266,7.1645,1.028160,1,0,227.395,0,0,0,227.395,0
72.29,2.56001,0,0,5.38249,0.347145,2.47533,3.6288,61.308,0.364454,0,0,2.3568,0.198675,1.79367,0.66528,12.849,1,0.455023,2.47533,0,114.282,3.76593,112.537,0.84672,12.849,0.84672,3695.15,0,18.483,0,3.77844,1.64069,13.0155,1.04964,17.385,0.42336,18.483,0.42336,0,0,442.007,0,1.02816,0,0,4.8066,3.77844,1.028160,1,0,131.715,0,0,0,131.715,0
72.29,2.56043,0,0,6.9641,0.347145,4.05653,3.6288,61.308,0.364679,0,0,2.84526,0.198675,2.28191,0.66528,12.849,1,0.455096,4.05653,0,124.046,3.76593,123.882,0.84672,12.849,0.84672,3695.15,0,18.483,0,7.17699,1.64095,17.8635,1.04964,25.6318,0.42336,18.483,0.42336,0,0,442.007,0,1.02816,0,0,8.20515,7.17699,1.028160,1,0,151.795,0,0,0,151.795,0
72.29,2.56084,0,0,5.06471,0.347145,2.15672,3.6288,61.308,0.364904,0,0,2.21975,0.198675,1.65617,0.66528,12.849,1,0.45517,2.15672,0,140.816,3.76593,138.752,0.84672,12.849,0.84672,3695.15,0,18.483,0,3.19976,1.64122,13.1653,1.04964,16.9566,0.42336,18.483,0.42336,0,0,442.007,0,1.02816,0,0,4.22792,3.19976,1.028160,1,0,157.365,0,0,0,157.365,0
72.29,2.2366,0,0,3.88867,0.344497,1.30758,3.6288,61.308,0.16841,0,0,2.16324,0.173503,1.82133,0.66528,12.849,1,0.397539,1.30758,0,95.459,3.38786,92.9812,0.84672,12.849,0.84672,3695.15,0,18.483,0,2.47365,1.64148,8.43411,0.939595,11.6096,0.42336,18.483,0.42336,0,0,442.007,0,1.02816,0,0,3.50181,2.47365,1.028160,1,0,106.412,0,0,0,106.412,0
72.29,2.23696,0,0,7.30861,0.302154,4.7695,3.6288,61.308,0.168603,0,0,3.44107,0.175682,3.09678,0.66528,12.849,1,0.397603,4.7695,0,103.12,3.76593,103.726,0.84672,12.849,0.84672,3695.15,0,18.483,0,5.37732,1.41811,18.1306,1.0382,23.8878,0.42336,18.483,0.42336,0,0,442.007,0,1.02816,0,0,6.40548,5.37732,1.028160,1,0,130.711,0,0,0,130.711,0
72.29,2.23732,0,0,5.75605,0.302154,3.21658,3.6288,61.308,0.168797,0,0,1.93407,0.175682,1.58959,0.66528,12.849,1,0.397667,3.21658,0,85.1645,3.76593,84.2175,0.84672,12.849,0.84672,3695.15,0,18.483,0,3.35429,1.41834,9.93254,1.0382,13.667,0.42336,18.483,0.42336,0,0,442.007,0,1.02816,0,0,4.38245,3.35429,1.028160,1,0,99.474,0,0,0,99.474,0
72.29,2.23768,0,0,5.01578,0.302154,2.47594,3.6288,61.308,0.168991,0,0,2.06378,0.175682,1.7191,0.66528,12.849,1,0.397731,2.47594,0,75.3564,3.76593,73.6686,0.84672,12.849,0.84672,3695.15,0,18.483,0,3.05118,1.41857,8.55204,1.0382,11.9836,0.42336,18.483,0.42336,0,0,442.007,0,1.02816,0,0,4.07934,3.05118,1.028160,1,0,87.3713,0,0,0,87.3713,0
72.29,2.23805,0,0,8.4083,0.301471,5.86878,3.6288,61.308,0.169184,0,0,2.9874,0.169955,2.64826,0.66528,12.849,1,0.397796,5.86878,0,153.255,3.67627,155.05,0.84672,12.849,0.84672,3695.15,0,18.483,0,6.22308,1.4188,14.1621,1.02284,20.7811,0.42336,18.483,0.42336,0,0,442.007,0,1.02816,0,0,7.25124,6.22308,1.028160,1,0,178.48,0,0,0,178.48,0
72.29,2.32019,0,0,7.53123,0.31112,4.89991,3.6288,61.308,0.217542,0,0,1.80319,0.151159,1.43449,0.66528,12.849,1,0.412397,4.89991,0,122.826,3.33949,123.974,0.84672,12.849,0.84672,3695.15,0,18.483,0,3.04893,1.41902,13.6055,0.954313,17.1191,0.42336,18.483,0.42336,0,0,442.007,0,1.02816,0,0,4.07709,3.04893,1.028160,1,0,142.528,0,0,0,142.528,0
72.29,2.32057,0,0,7.73248,0.316618,5.09529,3.6288,61.308,0.217743,0,0,2.79194,0.157386,2.41681,0.66528,12.849,1,0.412464,5.09529,0,118.666,3.41996,119.929,0.84672,12.849,0.84672,3695.15,0,18.483,0,4.40701,1.47452,13.1974,0.963753,18.1152,0.42336,18.483,0.42336,0,0,442.007,0,1.02816,0,0,5.43517,4.40701,1.028160,1,0,140.461,0,0,0,140.461,0
72.29,2.32095,0,0,6.44261,0.316618,3.80505,3.6288,61.308,0.217945,0,0,2.81717,0.157386,2.44184,0.66528,12.849,1,0.41253,3.80505,0,146.059,3.41996,146.032,0.84672,12.849,0.84672,3695.15,0,18.483,0,5.43013,1.47476,14.6287,0.963753,20.5699,0.42336,18.483,0.42336,0,0,442.007,0,1.02816,0,0,6.45829,5.43013,1.028160,1,0,169.043,0,0,0,169.043,0
72.29,2.32132,0,0,4.60062,0.307945,1.97135,3.6288,61.308,0.218146,0,0,1.87457,0.133685,1.52274,0.66528,12.849,1,0.412597,1.97135,0,117.484,2.77245,116.27,0.84672,12.849,0.84672,3695.15,0,18.483,0,3.68412,1.47499,9.64993,0.873171,13.9359,0.42336,18.483,0.42336,0,0,442.007,0,1.02816,0,0,4.71228,3.68412,1.028160,1,0,131.729,0,0,0,131.729,0
72.29,2.2897,0,0,4.54616,0.260621,1.99584,3.6288,61.308,0.199629,0,0,1.50232,0.166509,1.13618,0.66528,12.849,1,0.406976,1.99584,0,90.0772,3.1033,88.5627,0.84672,12.849,0.84672,3695.15,0,18.483,0,3.02382,1.47523,9.36887,0.984491,12.8834,0.42336,18.483,0.42336,0,0,442.007,0,1.02816,0,0,4.05198,3.02382,1.028160,1,0,102.582,0,0,0,102.582,0
72.29,2.29007,0,0,4.35789,0.255607,1.81221,3.6288,61.308,0.199828,0,0,1.28279,0.206361,0.876601,0.66528,12.849,1,0.407042,1.81221,0,70.8774,4.10098,68.1816,0.84672,12.849,0.84672,3695.15,0,18.483,0,2.59938,1.45395,8.41095,1.12762,11.3367,0.42336,18.483,0.42336,0,0,442.007,0,1.02816,0,0,3.62754,2.59938,1.028160,1,0,80.3948,0,0,0,80.3948,0
72.29,2.29044,0,0,3.84604,0.255607,1.3,3.6288,61.308,0.200026,0,0,1.20036,0.206361,0.793968,0.66528,12.849,1,0.407108,1.3,0,61.7785,4.10098,58.5704,0.84672,12.849,0.84672,3695.15,0,18.483,0,2.14574,1.45418,7.43247,1.12762,9.90478,0.42336,18.483,0.42336,0,0,442.007,0,1.02816,0,0,3.1739,2.14574,1.028160,1,0,69.2692,0,0,0,69.2692,0
72.29,2.29081,0,0,3.46558,0.255607,0.919166,3.6288,61.308,0.200225,0,0,1.0638,0.206361,0.657214,0.66528,12.849,1,0.407174,0.919166,0,53.928,4.10098,50.339,0.84672,12.849,0.84672,3695.15,0,18.483,0,1.82408,1.45442,6.71181,1.12762,8.86269,0.42336,18.483,0.42336,0,0,442.007,0,1.02816,0,0,2.85224,1.82408,1.028160,1,0,59.8589,0,0,0,59.8589,0
72.29,2.39987,0,0,3.18477,0.225361,0.559547,3.6288,61.308,0.266847,0,0,1.0027,0.166539,0.569312,0.66528,12.849,1,0.426558,0.559547,0,51.7267,3.27526,48.5845,0.84672,12.849,0.84672,3695.15,0,18.483,0,1.69402,1.45465,6.0739,0.918189,8.30439,0.42336,18.483,0.42336,0,0,442.007,0,1.02816,0,0,2.72218,1.69402,1.028160,1,0,57.4582,0,0,0,57.4582,0
72.29,2.40025,0,0,3.01753,0.20212,0.415156,3.6288,61.308,0.267057,0,0,0.806043,0.21909,0.319896,0.66528,12.849,1,0.426627,0.415156,0,46.1342,4.17629,41.9465,0.84672,12.849,0.84672,3695.15,0,18.483,0,1.30217,1.53019,5.37879,1.17643,7.03472,0.42336,18.483,0.42336,0,0,442.007,0,1.02816,0,0,2.33033,1.30217,1.028160,1,0,49.3011,0,0,0,49.3011,0
72.1115,2.40064,0,0,2.75647,0.171442,0.36288,3.6288,61.308,0.267266,0,0,0.799252,0.222739,0.309246,0.66528,12.849,1,0.426696,0.36288,0,41.2329,4.28999,36.8791,0.84672,12.849,0.84672,3695.15,0,18.483,0,1.30159,1.53044,5.13789,1.1409,6.82902,0.42336,18.483,0.42336,0,0,442.007,0,1.02816,0,0,2.32975,1.30159,1.028160,1,0,44.0174,0,0,0,44.0174,0
71.8791,2.40013,0,0,2.70179,0.17121,0.36288,3.6288,61.308,0.267476,0,0,0.864432,0.222739,0.374217,0.66528,12.849,1,0.427661,0.36288,0,39.4999,4.28999,35.1452,0.84672,12.849,0.84672,3695.15,0,18.483,0,1.25762,1.53069,5.53624,1.1409,7.18365,0.42336,18.483,0.42336,0,0,442.007,0,1.02816,0,0,2.28578,1.25762,1.028160,1,0,42.703,0,0,0,42.703,0
71.4676,2.39935,0,0,2.5217,0.170907,0.36288,3.6288,61.308,0.267685,0,0,0.789972,0.222739,0.299548,0.66528,12.849,1,0.428904,0.36288,0,36.925,4.28999,32.569,0.84672,12.849,0.84672,3695.15,0,18.483,0,1.09357,1.53094,4.90241,1.1409,6.38601,0.42336,18.483,0.42336,0,0,442.007,0,1.02816,0,0,2.12173,1.09357,1.028160,1,0,39.2546,0,0,0,39.2546,0
70.9476,2.37617,0,0,2.35881,0.139846,0.36288,3.6288,61.308,0.304431,0,0,0.767292,0.259386,0.203475,0.66528,12.849,1,0.427206,0.36288,0,39.4041,4.87574,34.464,0.84672,12.849,0.84672,3695.15,0,18.483,0,0.862177,1.53118,4.64214,1.16635,5.86916,0.42336,18.483,0.42336,0,0,442.007,0,1.02816,0,0,1.89034,0.862177,1.028160,1,0,40.5367,0,0,0,40.5367,0
70.4056,2.3739,0,0,2.32198,0.127128,0.36288,3.6288,61.308,0.304647,0,0,0.772226,0.274044,0.193535,0.66528,12.849,1,0.429927,0.36288,0,39.2866,5.11004,34.1095,0.84672,12.849,0.84672,3695.15,0,18.483,0,0.939773,1.55491,4.89472,1.17652,6.21289,0.42336,18.483,0.42336,0,0,442.007,0,1.02816,0,0,1.96793,0.939773,1.028160,1,0,40.5159,0,0,0,40.5159,0
69.7928,2.37148,0,0,2.24812,0.1266,0.36288,3.6288,61.308,0.304862,0,0,0.732344,0.274044,0.153437,0.66528,12.849,1,0.432795,0.36288,0,36.8825,5.11004,31.7026,0.84672,12.849,0.84672,3695.15,0,18.483,0,0.936835,1.55516,4.96869,1.17652,6.28417,0.42336,18.483,0.42336,0,0,442.007,0,1.02816,0,0,1.965,0.936835,1.028160,1,0,38.1402,0,0,0,38.1402,0
68.9708,2.36866,0,0,2.00284,0.0932496,0.36288,3.6288,61.308,0.305078,0,0,0.710268,0.327111,0.0780799,0.66528,12.849,1,0.436075,0.36288,0,34.9946,5.93793,28.9835,0.84672,12.849,0.84672,3695.15,0,18.483,0,0.742634,1.55542,4.8321,1.45892,5.67123,0.42336,18.483,0.42336,0,0,442.007,0,1.02816,0,0,1.77079,0.742634,1.028160,1,0,34.7328,0,0,0,34.7328,0
67.8866,2.41985,0,0,1.79626,0.097723,0.36288,3.6288,61.2849,0.337877,0,0,0.633929,0.319129,0,0.66528,12.849,1,0.450808,0.36288,0,30.8364,6.25888,24.4896,0.84672,12.849,0.84672,3695.15,0,18.483,0,0.669565,1.55567,4.38788,1.55317,5.05994,0.42336,18.483,0.42336,0,0,442.007,0,1.02816,0,0,1.69773,0.669565,1.028160,1,0,29.5495,0,0,0,29.5495,0
66.7733,2.41418,0,0,1.75415,0.0903993,0.36288,3.6288,61.2915,0.338098,0,0,0.679405,0.33477,0,0.66528,12.849,1,0.456936,0.36288,0,32.9235,6.17715,26.6523,0.84672,12.849,0.84672,3695.15,0,18.483,0,0.477213,1.59336,3.77294,1.49028,4.35323,0.42336,18.483,0.42336,0,0,442.007,0,1.02816,0,0,1.50537,0.477213,1.028160,1,0,31.0055,0,0,0,31.0055,0
65.5752,2.40818,0,0,1.66249,0.0896093,0.36288,3.6288,61.2262,0.338319,0,0,0.607821,0.334784,0,0.66528,12.849,1,0.4634,0.36288,0,29.0909,6.17715,22.8132,0.84672,12.849,0.84672,3695.15,0,18.483,0,0.623946,1.59362,3.94071,1.49028,4.66799,0.42336,18.483,0.42336,0,0,442.007,0,1.02816,0,0,1.65211,0.623946,1.028160,1,0,27.4812,0,0,0,27.4812,0
64.2762,2.40149,0,0,1.55414,0.0887591,0.36288,3.6288,61.1154,0.338539,0,0,0.562371,0.334646,0,0.66528,12.849,1,0.470556,0.36288,0,27.661,6.17715,21.3762,0.84672,12.849,0.84672,3695.15,0,18.483,0,0.481775,1.59388,3.45785,1.49028,4.04322,0.42336,18.483,0.42336,0,0,442.007,0,1.02816,0,0,1.50994,0.481775,1.028160,1,0,25.4194,0,0,0,25.4194,0
62.8049,2.55383,0,0,1.53325,0.0878373,0.36288,3.6288,60.9329,0.456446,0,0,0.608434,0.334411,0,0.66528,12.849,1,0.510519,0.36288,0,25.6668,6.17715,19.342,0.84672,12.849,0.84672,3695.15,0,18.483,0,0.583537,1.59413,3.91047,1.49028,4.59786,0.42336,18.483,0.42336,0,0,442.007,0,1.02816,0,0,1.6117,0.583537,1.028160,1,0,23.9398,0,0,0,23.9398,0
61.363,2.54432,0,0,1.5566,0.0912953,0.36288,3.6288,60.688,0.456686,0,0,0.531715,0.319978,0,0.66528,12.849,1,0.520532,0.36288,0,22.3423,6.05502,16.1297,0.84672,12.849,0.84672,3695.15,0,18.483,0,0.453315,1.72127,3.78553,1.48851,4.4716,0.42336,18.483,0.42336,0,0,442.007,0,1.02816,0,0,1.48147,0.453315,1.028160,1,0,20.6013,0,0,0,20.6013,0
60.0933,2.53461,0,0,1.71875,0.0909599,0.36288,3.6288,60.5337,0.456926,0,0,0.619791,0.317144,0,0.66528,12.849,1,0.530731,0.36288,0,25.862,6.03467,19.6595,0.84672,12.849,0.84672,3695.15,0,18.483,0,0.742245,1.72154,3.59537,1.48822,4.57094,0.42336,18.483,0.42336,0,0,442.007,0,1.02816,0,0,1.77041,0.742245,1.028160,1,0,24.2305,0,0,0,24.2305,0
58.4774,2.52578,0,0,1.36279,0.0899811,0.36288,3.6288,60.2249,0.457166,0,0,0.4652,0.316834,0,0.66528,12.849,1,0.540057,0.36288,0,28.3976,6.03467,22.1858,0.84672,12.849,0.84672,3695.15,0,18.483,0,0.30151,1.72182,2.88681,1.48822,3.42193,0.42336,18.483,0.42336,0,0,442.007,0,1.02816,0,0,1.32967,0.30151,1.028160,1,0,25.6077,0,0,0,25.6077,0
57.1684,2.51395,0,0,1.65641,0.0885919,0.36288,3.6288,60.1992,0.457406,0,0,0.74792,0.316212,0,0.66528,12.849,1,0.552381,0.36288,0,24.7541,6.03467,18.53,0.84672,12.849,0.84672,3695.15,0,18.483,0,1.17635,1.7221,4.15954,1.48822,5.56977,0.42336,18.483,0.42336,0,0,442.007,0,1.02816,0,0,2.20451,1.17635,1.028160,1,0,24.0997,0,0,0,24.0997,0
55.9226,2.42763,0,0,1.64065,0.0959198,0.36288,3.6288,60.0449,0.386158,0,0,0.540058,0.308173,0,0.66528,12.849,1,0.545627,0.36288,0,30.5438,5.66537,24.6957,0.84672,12.849,0.84672,3695.15,0,18.483,0,0.750946,1.72238,4.31235,1.40922,5.37646,0.42336,18.483,0.42336,0,0,442.007,0,1.02816,0,0,1.77911,0.750946,1.028160,1,0,30.0721,0,0,0,30.0721,0
55.1867,2.41814,0,0,2.14612,0.101008,0.36288,3.6288,59.9746,0.386386,0,0,0.617902,0.301887,0,0.66528,12.849,1,0.555601,0.36288,0,31.0884,5.38839,25.5073,0.84672,12.849,0.84672,3695.15,0,18.483,0,1.0871,1.64989,4.65363,1.34998,6.04065,0.42336,18.483,0.42336,0,0,442.007,0,1.02816,0,0,2.11526,1.0871,1.028160,1,0,31.548,0,0,0,31.548,0
54.0757,2.41252,0,0,1.7647,0.100268,0.36288,3.6288,60.1499,0.386615,0,0,0.863646,0.301751,0,0.66528,12.849,1,0.561701,0.36288,0,30.1794,5.38839,24.5922,0.84672,12.849,0.84672,3695.15,0,18.483,0,2.58069,1.65016,5.25422,1.34998,8.13509,0.42336,18.483,0.42336,0,0,442.007,0,1.02816,0,0,3.60885,2.58069,1.028160,1,0,32.7273,0,0,0,32.7273,0
52.6744,2.40358,0,0,1.46427,0.0991512,0.36288,3.6288,59.9254,0.386843,0,0,0.464508,0.302088,0,0.66528,12.849,1,0.571118,0.36288,0,28.9164,5.38839,23.3197,0.84672,12.849,0.84672,3695.15,0,18.483,0,0.840119,1.65042,3.913,1.34998,5.05356,0.42336,18.483,0.42336,0,0,442.007,0,1.02816,0,0,1.86828,0.840119,1.028160,1,0,28.3733,0,0,0,28.3733,0
51.7416,2.32997,0,0,1.90477,0.144713,0.36288,3.6288,59.845,0.321957,0,0,0.502242,0.260702,0,0.66528,12.849,1,0.568355,0.36288,0,34.4283,4.78071,29.4421,0.84672,12.849,0.84672,3695.15,0,18.483,0,0.955489,1.65069,4.27677,1.16893,5.71402,0.42336,18.483,0.42336,0,0,442.007,0,1.02816,0,0,1.98365,0.955489,1.028160,1,0,35.1562,0,0,0,35.1562,0
50.796,2.32214,0,0,1.93249,0.193045,0.36288,3.6288,59.9052,0.322175,0,0,0.607645,0.225259,0,0.66528,12.849,1,0.576656,0.36288,0,49.0507,4.04145,44.7954,0.84672,12.849,0.84672,3695.15,0,18.483,0,0.912799,1.58625,4.59659,0.991249,6.10439,0.42336,18.483,0.42336,0,0,442.007,0,1.02816,0,0,1.94096,0.912799,1.028160,1,0,50.8998,0,0,0,50.8998,0
49.7627,2.31394,0,0,1.83461,0.19115,0.36288,3.6288,59.5864,0.512007,0,0,0.418543,0.225345,0,0.66528,12.849,1,0.585318,0.36288,0,44.8002,4.04145,40.5363,0.84672,12.849,0.84672,3695.15,0,18.483,0,0.216518,1.5865,4.11305,0.991249,4.92483,0.42336,18.483,0.42336,0,0,442.007,0,0.838547,0,0,1.05506,0.216518,1.028160,1,0,45.4612,0,0,0,45.4612,0
50.6676,2.30465,0,0,3.76159,0.189079,0.36288,3.6288,59.9631,0.322612,0,0,0.924141,0.224887,0,0.66528,12.849,1,0.595074,0.36288,0,69.2016,4.04145,64.9279,0.84672,12.849,0.84672,3695.15,0,18.483,0,1.58064,1.58676,5.88082,0.991249,8.05696,0.42336,18.483,0.42336,0,0,442.007,0,1.02816,0,0,2.6088,1.58064,1.028160,1,0,72.9849,0,0,0,72.9849,0
55.4865,2.13927,0,0,7.51193,0.190893,0.36288,3.6288,61.308,0.187127,0,0,1.77845,0.225429,0.0209482,0.66528,12.849,1,0.542506,0.36288,0,127.564,4.04145,123.343,0.84672,12.849,0.84672,3695.15,0,18.483,0,4.6286,1.58702,9.46108,0.991249,14.6854,0.42336,18.483,0.42336,0,0,442.007,0,1.02816,0,0,5.65676,4.6286,1.028160,1,0,138.05,0,0,0,138.05,0
55.0671,2.17788,0,0,2.38013,0.258841,0.36288,3.6288,61.308,0.187324,0,0,0.868087,0.243035,0.437728,0.66528,12.849,1,0.504331,0.36288,0,54.8067,4.48155,50.1837,0.84672,12.849,0.84672,3695.15,0,18.483,0,2.24662,1.4415,5.81,1.19072,8.3074,0.42336,18.483,0.42336,0,0,442.007,0,1.02816,0,0,3.27478,2.24662,1.028160,1,0,58.9288,0,0,0,58.9288,0
54.7581,2.17512,0,0,2.49647,0.26743,0.36288,3.6288,61.308,0.18752,0,0,1.20503,0.245647,0.771863,0.66528,12.849,1,0.507528,0.36288,0,61.5731,4.5549,56.8736,0.84672,12.849,0.84672,3695.15,0,18.483,0,3.24729,1.44173,7.58843,1.22396,11.0535,0.42336,18.483,0.42336,0,0,442.007,0,1.02816,0,0,4.27545,3.24729,1.028160,1,0,68.6989,0,0,0,68.6989,0
54.0752,2.17315,0,0,2.11971,0.266601,0.36288,3.6288,61.308,0.187716,0,0,0.848258,0.245647,0.414895,0.66528,12.849,1,0.50993,0.36288,0,42.104,4.5549,37.4021,0.84672,12.849,0.84672,3695.15,0,18.483,0,1.82595,1.44196,8.38569,1.22396,10.4296,0.42336,18.483,0.42336,0,0,442.007,0,1.02816,0,0,2.85411,1.82595,1.028160,1,0,48.2466,0,0,0,48.2466,0
53.6382,2.1683,0,0,2.33962,0.245429,0.36288,3.6288,61.308,0.187913,0,0,1.14174,0.205832,0.747997,0.66528,12.849,1,0.515216,0.36288,0,48.053,3.71232,44.1883,0.84672,12.849,0.84672,3695.15,0,18.483,0,2.53727,1.44219,7.39161,0.99907,10.372,0.42336,18.483,0.42336,0,0,442.007,0,1.02816,0,0,3.56543,2.53727,1.028160,1,0,55.3083,0,0,0,55.3083,0
55.6053,2.16491,0,0,4.7433,0.248401,0.36288,3.6288,61.308,0.187913,0,0,2.36498,0.191936,1.98514,0.66528,12.849,1,0.518603,0.36288,0,112.657,3.45587,109.045,0.84672,12.849,0.84672,3695.15,0,18.483,0,3.74748,1.44243,10.7442,0.89292,15.0412,0.42336,18.483,0.42336,0,0,442.007,0,1.02816,0,0,4.77564,3.74748,1.028160,1,0,126.072,0,0,0,126.072,0
57.7489,2.24845,0,0,5.03344,0.278534,0.36288,3.6288,61.308,0.22743,0,0,1.59923,0.213222,1.15858,0.66528,12.849,1,0.519561,0.36288,0,131.159,3.9565,127.045,0.84672,12.849,0.84672,3695.15,0,18.483,0,3.29673,1.44243,9.64146,0.976278,13.4043,0.42336,18.483,0.42336,0,0,442.007,0,1.02816,0,0,4.32489,3.29673,1.028160,1,0,141.608,0,0,0,141.608,0
59.5135,2.26457,0,0,4.67656,0.284495,0.36288,3.6288,61.308,0.227622,0,0,1.32322,0.213222,0.882373,0.66528,12.849,1,0.503863,0.36288,0,106.82,3.9565,102.722,0.84672,12.849,0.84672,3695.15,0,18.483,0,2.8046,1.48879,8.59049,0.976278,11.9076,0.42336,18.483,0.42336,0,0,442.007,0,1.02816,0,0,3.83276,2.8046,1.028160,1,0,115.512,0,0,0,115.512,0
60.3864,2.27721,0,0,3.76951,0.256478,0.36288,3.6288,61.308,0.227813,0,0,1.05635,0.22345,0.605089,0.66528,12.849,1,0.491651,0.36288,0,75.1179,4.33891,70.6502,0.84672,12.849,0.84672,3695.15,0,18.483,0,2.25501,1.48902,7.0867,1.07463,9.75611,0.42336,18.483,0.42336,0,0,442.007,0,1.02816,0,0,3.28317,2.25501,1.028160,1,0,81.0114,0,0,0,81.0114,0
60.953,2.28342,0,0,3.46599,0.253073,0.36288,3.6288,61.308,0.228005,0,0,1.23398,0.225155,0.780822,0.66528,12.849,1,0.485864,0.36288,0,73.3372,4.40265,68.8115,0.84672,12.849,0.84672,3695.15,0,18.483,0,2.08983,1.48925,7.09731,1.09102,9.58538,0.42336,18.483,0.42336,0,0,442.007,0,1.02816,0,0,3.11799,2.08983,1.028160,1,0,79.1777,0,0,0,79.1777,0
61.8199,2.51061,0,0,4.04998,0.30959,0.36288,3.6288,61.308,0.375918,0,0,1.26836,0.147049,0.745394,0.66528,12.849,1,0.529241,0.36288,0,109.966,3.25762,106.542,0.84672,12.849,0.84672,3695.15,0,18.483,0,1.70596,1.48948,8.56138,0.717319,11.0395,0.42336,18.483,0.42336,0,0,442.007,0,1.02816,0,0,2.73412,1.70596,1.028160,1,0,118.326,0,0,0,118.326,0
61.7312,2.51714,0,0,3.1031,0.311818,0.36288,3.6288,61.308,0.376132,0,0,1.10445,0.147049,0.58127,0.66528,12.849,1,0.523177,0.36288,0,94.5415,3.25762,91.1236,0.84672,12.849,0.84672,3695.15,0,18.483,0,1.15096,1.65446,7.91847,0.717319,10.0066,0.42336,18.483,0.42336,0,0,442.007,0,1.02816,0,0,2.17912,1.15096,1.028160,1,0,101.711,0,0,0,101.711,0
64.7608,2.5169,0,0,6.20663,0.297254,0.36288,3.6288,61.308,0.376346,0,0,2.22201,0.180245,1.66542,0.66528,12.849,1,0.523879,0.36288,0,129.717,4.04386,125.512,0.84672,12.849,0.84672,3695.15,0,18.483,0,3.86494,1.65471,11.3706,0.963295,15.9269,0.42336,18.483,0.42336,0,0,442.007,0,1.02816,0,0,4.8931,3.86494,1.028160,1,0,143.104,0,0,0,143.104,0
69.608,2.53774,0,0,8.05002,0.302234,0.36288,3.6288,61.308,0.376561,0,0,2.9386,0.185778,2.37626,0.66528,12.849,1,0.503506,0.36288,0,152.137,4.17491,147.821,0.84672,12.849,0.84672,3695.15,0,18.483,0,6.86056,1.65496,13.4459,1.00429,20.9571,0.42336,18.483,0.42336,0,0,442.007,0,1.02816,0,0,7.88872,6.86056,1.028160,1,0,171.154,0,0,0,171.154,0
72.0294,2.24225,0,0,5.33194,0.305423,0.36288,3.6288,61.308,0.178411,0,0,3.16108,0.127494,2.85518,0.66528,12.849,1,0.4139,0.36288,0,97.7867,3.31516,94.4205,0.84672,12.849,0.84672,3695.15,0,18.483,0,4.18641,1.65522,13.2561,0.806927,18.2908,0.42336,18.483,0.42336,0,0,442.007,0,1.02816,0,0,5.21457,4.18641,1.028160,1,0,115.566,0,0,0,115.566,0
72.29,2.25441,0,0,4.37531,0.311151,1.54911,3.6288,61.308,0.178595,0,0,1.99138,0.127494,1.68529,0.66528,12.849,1,0.402154,1.54911,0,82.264,3.31516,80.0958,0.84672,12.849,0.84672,3695.15,0,18.483,0,2.7172,1.42996,9.62686,0.806927,12.9671,0.42336,18.483,0.42336,0,0,442.007,0,1.02816,0,0,3.74536,2.7172,1.028160,1,0,94.7482,0,0,0,94.7482,0
72.29,2.25598,0,0,4.19626,0.311767,1.62851,3.6288,61.308,0.178779,0,0,2.32953,0.127494,2.02326,0.66528,12.849,1,0.400984,1.62851,0,81.553,3.31516,79.4653,0.84672,12.849,0.84672,3695.15,0,18.483,0,2.67373,1.43018,7.45718,0.806927,10.7542,0.42336,18.483,0.42336,0,0,442.007,0,1.02816,0,0,3.70189,2.67373,1.028160,1,0,92.2427,0,0,0,92.2427,0
72.29,2.25633,0,0,7.22347,0.309719,4.65743,3.6288,61.308,0.178964,0,0,3.59998,0.110313,3.3107,0.66528,12.849,1,0.401045,4.65743,0,170.471,3.0462,171.681,0.84672,12.849,0.84672,3695.15,0,18.483,0,6.13672,1.4304,17.5884,0.760862,24.3946,0.42336,18.483,0.42336,0,0,442.007,0,1.02816,0,0,7.16488,6.13672,1.028160,1,0,199.386,0,0,0,199.386,0
72.29,2.25667,0,0,7.90735,0.275634,5.37505,3.6288,61.308,0.179148,0,0,3.71108,0.13679,3.39514,0.66528,12.849,1,0.401106,5.37505,0,196.728,3.68994,198.012,0.84672,12.849,0.84672,3695.15,0,18.483,0,5.00211,1.43061,14.7596,0.918418,20.2739,0.42336,18.483,0.42336,0,0,442.007,0,1.02816,0,0,6.03027,5.00211,1.028160,1,0,221.681,0,0,0,221.681,0
72.29,2.33948,0,0,8.42061,0.252119,5.82901,3.6288,61.308,0.227896,0,0,2.78743,0.173829,2.3857,0.66528,12.849,1,0.415825,5.82901,0,171.367,4.44171,172.338,0.84672,12.849,0.84672,3695.15,0,18.483,0,3.9304,1.43083,12.813,1.08265,17.0916,0.42336,18.483,0.42336,0,0,442.007,0,1.02816,0,0,4.95856,3.9304,1.028160,1,0,191.815,0,0,0,191.815,0
72.29,2.33984,0,0,5.38853,0.252119,2.79658,3.6288,61.308,0.228088,0,0,2.0269,0.173829,1.62498,0.66528,12.849,1,0.415888,2.79658,0,103.15,4.44171,101.089,0.84672,12.849,0.84672,3695.15,0,18.483,0,2.68069,1.48677,9.63956,1.08265,12.7244,0.42336,18.483,0.42336,0,0,442.007,0,1.02816,0,0,3.70885,2.68069,1.028160,1,0,115.439,0,0,0,115.439,0
72.29,2.34019,0,0,4.60914,0.252119,2.01682,3.6288,61.308,0.22828,0,0,1.84124,0.173829,1.43914,0.66528,12.849,1,0.415952,2.01682,0,86.1529,4.44171,83.3121,0.84672,12.849,0.84672,3695.15,0,18.483,0,2.69128,1.487,8.67007,1.08265,11.7657,0.42336,18.483,0.42336,0,0,442.007,0,1.02816,0,0,3.71944,2.69128,1.028160,1,0,96.5169,0,0,0,96.5169,0
72.29,2.34055,0,0,4.57305,0.247047,1.98545,3.6288,61.308,0.228471,0,0,1.83056,0.163929,1.43816,0.66528,12.849,1,0.416015,1.98545,0,112.685,4.11042,110.144,0.84672,12.849,0.84672,3695.15,0,18.483,0,2.89458,1.48723,8.89704,1.01653,12.2623,0.42336,18.483,0.42336,0,0,442.007,0,1.02816,0,0,3.92274,2.89458,1.028160,1,0,123.845,0,0,0,123.845,0
72.29,2.30865,0,0,4.76368,0.188655,2.26638,3.6288,61.308,0.20979,0,0,1.83959,0.188517,1.44128,0.66528,12.849,1,0.410344,2.26638,0,154.67,3.91925,152.607,0.84672,12.849,0.84672,3695.15,0,18.483,0,3.80827,1.48745,8.75146,1.02943,13.0177,0.42336,18.483,0.42336,0,0,442.007,0,1.02816,0,0,4.83643,3.80827,1.028160,1,0,167.066,0,0,0,167.066,0
72.29,2.309,0,0,4.33317,0.17037,1.8538,3.6288,61.308,0.209979,0,0,1.54379,0.208251,1.12556,0.66528,12.849,1,0.410407,1.8538,0,94.786,4.17407,92.0553,0.84672,12.849,0.84672,3695.15,0,18.483,0,3.44069,1.46598,7.33225,1.10072,11.1382,0.42336,18.483,0.42336,0,0,442.007,0,1.02816,0,0,4.46885,3.44069,1.028160,1,0,104.319,0,0,0,104.319,0
72.29,2.30935,0,0,3.46982,0.17037,0.990095,3.6288,61.308,0.210168,0,0,1.32689,0.208251,0.908469,0.66528,12.849,1,0.410469,0.990095,0,81.2819,4.17407,77.6875,0.84672,12.849,0.84672,3695.15,0,18.483,0,2.87643,1.4662,5.69852,1.10072,8.94043,0.42336,18.483,0.42336,0,0,442.007,0,1.02816,0,0,3.90459,2.87643,1.028160,1,0,87.5364,0,0,0,87.5364,0
72.29,2.3097,0,0,3.07749,0.17037,0.597418,3.6288,61.308,0.210356,0,0,1.20229,0.208251,0.783683,0.66528,12.849,1,0.410532,0.597418,0,50.9008,4.17407,46.9137,0.84672,12.849,0.84672,3695.15,0,18.483,0,2.56037,1.46643,5.0834,1.10072,8.00948,0.42336,18.483,0.42336,0,0,442.007,0,1.02816,0,0,3.58853,2.56037,1.028160,1,0,55.7068,0,0,0,55.7068,0
72.29,2.41964,0,0,3.19658,0.099743,0.677196,3.6288,61.308,0.277516,0,0,1.07006,0.218787,0.573761,0.66528,12.849,1,0.430072,0.677196,0,66.1249,4.74046,61.6315,0.84672,12.849,0.84672,3695.15,0,18.483,0,2.09782,1.46665,5.57873,1.14572,7.99747,0.42336,18.483,0.42336,0,0,442.007,0,1.02816,0,0,3.12598,2.09782,1.028160,1,0,70.2027,0,0,0,70.2027,0
72.29,2.42001,0,0,3.17261,0.0968018,0.6558,3.6288,61.308,0.277716,0,0,1.06115,0.211588,0.571844,0.66528,12.849,1,0.430138,0.6558,0,63.5152,4.85919,58.8817,0.84672,12.849,0.84672,3695.15,0,18.483,0,2.0899,1.5428,5.43778,1.16777,7.90271,0.42336,18.483,0.42336,0,0,442.007,0,1.02816,0,0,3.11806,2.0899,1.028160,1,0,67.3563,0,0,0,67.3563,0
72.2366,2.42038,0,0,2.83651,0.106636,0.36288,3.6288,61.308,0.277915,0,0,1.02063,0.208955,0.533765,0.66528,12.849,1,0.430203,0.36288,0,60.2133,4.68996,55.456,0.84672,12.849,0.84672,3695.15,0,18.483,0,2.22887,1.54304,5.02507,1.1743,7.62267,0.42336,18.483,0.42336,0,0,442.007,0,1.02816,0,0,3.25703,2.22887,1.028160,1,0,63.6124,0,0,0,63.6124,0
72.0581,2.42047,0,0,2.71379,0.108957,0.36288,3.6288,61.308,0.278114,0,0,0.999596,0.210672,0.51081,0.66528,12.849,1,0.430539,0.36288,0,55.9077,4.33099,51.5091,0.84672,12.849,0.84672,3695.15,0,18.483,0,2.20016,1.54327,4.75157,1.20967,7.28533,0.42336,18.483,0.42336,0,0,442.007,0,1.02816,0,0,3.22832,2.20016,1.028160,1,0,59.3052,0,0,0,59.3052,0
71.8334,2.41994,0,0,2.62573,0.0675691,0.36288,3.6288,61.308,0.278313,0,0,0.905541,0.211992,0.415236,0.66528,12.849,1,0.43151,0.36288,0,49.0507,4.42749,44.5546,0.84672,12.849,0.84672,3695.15,0,18.483,0,1.42551,1.54351,4.50121,1.14179,6.32844,0.42336,18.483,0.42336,0,0,442.007,0,1.02816,0,0,2.45367,1.42551,1.028160,1,0,51.2983,0,0,0,51.2983,0
71.5267,2.3975,0,0,2.53178,0.0780953,0.36288,3.6288,61.308,0.315349,0,0,0.798103,0.197416,0.285337,0.66528,12.849,1,0.428845,0.36288,0,44.2145,4.37965,39.7689,0.84672,12.849,0.84672,3695.15,0,18.483,0,0.908055,1.54374,4.38833,1.05518,5.78495,0.42336,18.483,0.42336,0,0,442.007,0,1.02816,0,0,1.93622,0.908055,1.028160,1,0,45.8392,0,0,0,45.8392,0
71.0271,2.3963,0,0,2.30892,0.0493745,0.36288,3.6288,61.308,0.315554,0,0,0.777056,0.24405,0.217452,0.66528,12.849,1,0.43047,0.36288,0,42.0466,5.03116,36.9478,0.84672,12.849,0.84672,3695.15,0,18.483,0,0.749675,1.56765,4.22951,1.27568,5.27116,0.42336,18.483,0.42336,0,0,442.007,0,1.02816,0,0,1.77784,0.749675,1.028160,1,0,42.4364,0,0,0,42.4364,0
70.311,2.3941,0,0,2.08601,0.0451617,0.36288,3.6288,61.308,0.315759,0,0,0.734417,0.242444,0.176214,0.66528,12.849,1,0.4331,0.36288,0,38.5153,5.61435,32.8307,0.84672,12.849,0.84672,3695.15,0,18.483,0,0.797913,1.56789,4.1833,1.48846,5.06064,0.42336,18.483,0.42336,0,0,442.007,0,1.02816,0,0,1.82607,0.797913,1.028160,1,0,38.0676,0,0,0,38.0676,0
69.5843,2.39074,0,0,2.0742,0.0473045,0.36288,3.6288,61.308,0.315964,0,0,0.720913,0.254142,0.150807,0.66528,12.849,1,0.436896,0.36288,0,36.2439,5.61824,30.5516,0.84672,12.849,0.84672,3695.15,0,18.483,0,0.856803,1.56813,4.19855,1.49597,5.12751,0.42336,18.483,0.42336,0,0,442.007,0,1.02816,0,0,1.88496,0.856803,1.028160,1,0,35.8299,0,0,0,35.8299,0
68.885,2.44296,0,0,2.16786,0.0613032,0.36288,3.6288,61.308,0.349018,0,0,0.677039,0.324326,0.0036943,0.66528,12.849,1,0.451103,0.36288,0,35.0529,5.64155,29.3231,0.84672,12.849,0.84672,3695.15,0,18.483,0,0.886179,1.56837,4.04744,1.54101,4.96098,0.42336,18.483,0.42336,0,0,442.007,0,1.02816,0,0,1.91434,0.886179,1.028160,1,0,34.2878,0,0,0,34.2878,0
67.9069,2.43948,0,0,1.88523,0.0609711,0.36288,3.6288,61.2707,0.349228,0,0,0.636258,0.324326,0,0.66528,12.849,1,0.455032,0.36288,0,33.1636,5.64155,27.4299,0.84672,12.849,0.84672,3695.15,0,18.483,0,0.724576,1.60636,3.93877,1.54101,4.72869,0.42336,18.483,0.42336,0,0,442.007,0,1.02816,0,0,1.75274,0.724576,1.028160,1,0,32.1586,0,0,0,32.1586,0
66.7851,2.43434,0,0,1.73598,0.0605066,0.36288,3.6288,61.2204,0.349438,0,0,0.623393,0.32425,0,0.66528,12.849,1,0.460613,0.36288,0,31.278,5.64155,25.5387,0.84672,12.849,0.84672,3695.15,0,18.483,0,0.634418,1.6066,3.89889,1.54101,4.5989,0.42336,18.483,0.42336,0,0,442.007,0,1.02816,0,0,1.66258,0.634418,1.028160,1,0,30.1376,0,0,0,30.1376,0
65.3927,2.42822,0,0,1.44126,0.0426313,0.36288,3.6288,61.1617,0.349648,0,0,0.620015,0.329098,0,0.66528,12.849,1,0.467173,0.36288,0,29.6616,5.93583,23.6214,0.84672,12.849,0.84672,3695.15,0,18.483,0,0.6243,1.60685,3.71314,1.52674,4.41754,0.42336,18.483,0.42336,0,0,442.007,0,1.02816,0,0,1.65246,0.6243,1.028160,1,0,28.039,0,0,0,28.039,0
64.1787,2.58191,0,0,1.78267,0.0518726,0.36288,3.6288,60.9514,0.4685,0,0,0.606178,0.347995,0,0.66528,12.849,1,0.50732,0.36288,0,28.9463,5.8443,22.9576,0.84672,12.849,0.84672,3695.15,0,18.483,0,0.604022,1.60709,4.07242,1.55371,4.72982,0.42336,18.483,0.42336,0,0,442.007,0,1.02816,0,0,1.63218,0.604022,1.028160,1,0,27.6874,0,0,0,27.6874,0
63.3665,2.57431,0,0,2.17566,0.0506512,0.36288,3.6288,60.8574,0.468728,0,0,0.733856,0.359073,0,0.66528,12.849,1,0.515394,0.36288,0,35.0006,5.87643,28.9717,0.84672,12.849,0.84672,3695.15,0,18.483,0,0.941898,1.73524,4.46912,1.60016,5.5461,0.42336,18.483,0.42336,0,0,442.007,0,1.02816,0,0,1.97006,0.941898,1.028160,1,0,34.5178,0,0,0,34.5178,0
62.1091,2.56921,0,0,1.72505,0.0503186,0.36288,3.6288,60.5804,0.468957,0,0,0.550819,0.35886,0,0.66528,12.849,1,0.520966,0.36288,0,38.4322,5.87643,32.3977,0.84672,12.849,0.84672,3695.15,0,18.483,0,0.451457,1.73551,3.58835,1.60016,4.17515,0.42336,18.483,0.42336,0,0,442.007,0,1.02816,0,0,1.47962,0.451457,1.028160,1,0,36.5728,0,0,0,36.5728,0
61.2323,2.56086,0,0,2.09674,0.0498036,0.36288,3.6288,60.6386,0.469185,0,0,0.885559,0.35823,0,0.66528,12.849,1,0.529785,0.36288,0,33.501,5.87643,27.4577,0.84672,12.849,0.84672,3695.15,0,18.483,0,1.42496,1.73577,5.17041,1.60016,6.73098,0.42336,18.483,0.42336,0,0,442.007,0,1.02816,0,0,2.45312,1.42496,1.028160,1,0,34.1886,0,0,0,34.1886,0
59.9498,2.55498,0,0,1.64109,0.00573191,0.36288,3.6288,60.2698,0.469413,0,0,0.480276,0.379624,0,0.66528,12.849,1,0.536137,0.36288,0,25.6649,6.14928,19.3424,0.84672,12.849,0.84672,3695.15,0,18.483,0,0.573212,1.73604,3.81067,1.62964,4.49028,0.42336,18.483,0.42336,0,0,442.007,0,1.02816,0,0,1.60137,0.573212,1.028160,1,0,23.8327,0,0,0,23.8327,0
58.5834,2.46824,0,0,1.53232,0.067629,0.36288,3.6288,59.8459,0.397576,0,0,0.308302,0.334674,0,0.66528,12.849,1,0.529017,0.36288,0,15.0422,4.75073,10.1254,0.84672,12.849,0.84672,3695.15,0,18.483,0,0.343777,1.7363,2.30261,1.28863,3.09406,0.42336,18.483,0.42336,0,0,442.007,0,1.02816,0,0,1.37194,0.343777,1.028160,1,0,13.2194,0,0,0,13.2194,0
57.4583,2.4585,0,0,1.77684,0.0805273,0.36288,3.6288,59.5094,0.397793,0,0,0.400079,0.338755,0,0.66528,12.849,1,0.539219,0.36288,0,15.7992,4.8321,10.7908,0.84672,12.849,0.84672,3695.15,0,18.483,0,0.640509,1.66321,3.17543,1.33522,4.14393,0.42336,18.483,0.42336,0,0,442.007,0,1.02816,0,0,1.66867,0.640509,1.028160,1,0,14.9347,0,0,0,14.9347,0
56.2886,2.45024,0,0,1.72301,0.079649,0.36288,3.6288,59.1716,0.39801,0,0,0.398249,0.338028,0,0.66528,12.849,1,0.547931,0.36288,0,21.8048,4.8321,16.7876,0.84672,12.849,0.84672,3695.15,0,18.483,0,0.630642,1.66346,3.18384,1.33522,4.14272,0.42336,18.483,0.42336,0,0,442.007,0,1.02816,0,0,1.6588,0.630642,1.028160,1,0,20.9303,0,0,0,20.9303,0
55.3389,2.44135,0,0,1.93329,0.0787358,0.36288,3.6288,59.003,0.398228,0,0,0.566971,0.337298,0,0.66528,12.849,1,0.557286,0.36288,0,51.1462,4.8321,46.1197,0.84672,12.849,0.84672,3695.15,0,18.483,0,1.01157,1.66372,4.40679,1.33522,5.74685,0.42336,18.483,0.42336,0,0,442.007,0,1.02816,0,0,2.03973,1.01157,1.028160,1,0,51.8666,0,0,0,51.8666,0
54.5673,2.37108,0,0,2.11937,0.156978,0.36288,3.6288,59.1021,0.332807,0,0,0.680714,0.248829,0,0.66528,12.849,1,0.550535,0.36288,0,44.4431,4.51994,39.7355,0.84672,12.849,0.84672,3695.15,0,18.483,0,1.08022,1.66397,5.95424,1.09623,7.60219,0.42336,18.483,0.42336,0,0,442.007,0,1.02816,0,0,2.10838,1.08022,1.028160,1,0,47.3377,0,0,0,47.3377,0
55.7357,2.36514,0,0,4.05215,0.155766,0.36288,3.6288,60.2789,0.333015,0,0,1.75881,0.248987,0,0.66528,12.849,1,0.556921,0.36288,0,70.3239,4.51994,65.6099,0.84672,12.849,0.84672,3695.15,0,18.483,0,4.97053,1.59899,9.06753,1.09623,14.5408,0.42336,18.483,0.42336,0,0,442.007,0,1.02816,0,0,5.99869,4.97053,1.028160,1,0,80.1507,0,0,0,80.1507,0
55.7775,2.37499,0,0,2.9373,0.157602,0.36288,3.6288,60.9188,0.333222,0,0,1.22392,0.250865,0,0.66528,12.849,1,0.547517,0.36288,0,60.5159,4.51994,55.8113,0.84672,12.849,0.84672,3695.15,0,18.483,0,2.81386,1.59924,7.42532,1.09623,10.7422,0.42336,18.483,0.42336,0,0,442.007,0,1.02816,0,0,3.84202,2.81386,1.028160,1,0,66.5535,0,0,0,66.5535,0
57.1701,2.37569,0,0,4.28879,0.157667,0.36288,3.6288,61.308,0.33343,0,0,1.25512,0.251887,0.280551,0.66528,12.849,1,0.547267,0.36288,0,79.856,4.51994,75.1517,0.84672,12.849,0.84672,3695.15,0,18.483,0,2.07006,1.59948,7.33417,1.09623,9.90747,0.42336,18.483,0.42336,0,0,442.007,0,1.02816,0,0,3.09822,2.07006,1.028160,1,0,85.3397,0,0,0,85.3397,0
57.3559,2.20717,0,0,2.95071,0.194796,0.36288,3.6288,61.308,0.196849,0,0,1.25743,0.209742,0.85084,0.66528,12.849,1,0.496062,0.36288,0,64.3798,3.98285,60.2638,0.84672,12.849,0.84672,3695.15,0,18.483,0,2.11065,1.59973,8.29241,0.997599,11.0052,0.42336,18.483,0.42336,0,0,442.007,0,1.02816,0,0,3.13881,2.11065,1.028160,1,0,72.1198,0,0,0,72.1198,0
57.6902,2.20882,0,0,3.1481,0.242115,0.36288,3.6288,61.308,0.197036,0,0,1.95266,0.173475,1.58215,0.66528,12.849,1,0.494825,0.36288,0,91.3867,3.56286,87.6919,0.84672,12.849,0.84672,3695.15,0,18.483,0,2.69418,1.45303,8.87846,0.889741,12.1359,0.42336,18.483,0.42336,0,0,442.007,0,1.02816,0,0,3.72234,2.69418,1.028160,1,0,101.41,0,0,0,101.41,0
63.5559,2.2115,0,0,8.68298,0.24291,0.36288,3.6288,61.308,0.197223,0,0,2.4805,0.173475,2.1098,0.66528,12.849,1,0.492555,0.36288,0,90.7442,3.56286,87.0517,0.84672,12.849,0.84672,3695.15,0,18.483,0,3.43824,1.45325,11.3215,0.889741,15.3233,0.42336,18.483,0.42336,0,0,442.007,0,1.02816,0,0,4.4664,3.43824,1.028160,1,0,104.485,0,0,0,104.485,0
65.7914,2.24966,0,0,5.10558,0.257598,0.36288,3.6288,61.308,0.19741,0,0,1.84652,0.171128,1.47799,0.66528,12.849,1,0.45481,0.36288,0,166.05,3.5855,162.372,0.84672,12.849,0.84672,3695.15,0,18.483,0,2.53302,1.45347,9.96391,0.870482,13.0799,0.42336,18.483,0.42336,0,0,442.007,0,1.02816,0,0,3.56118,2.53302,1.028160,1,0,176.93,0,0,0,176.93,0
67.1326,2.26293,0,0,4.2288,0.261779,0.36288,3.6288,61.308,0.197596,0,0,1.5762,0.166687,1.21191,0.66528,12.849,1,0.441949,0.36288,0,101.879,3.69071,98.1088,0.84672,12.849,0.84672,3695.15,0,18.483,0,1.93696,1.45369,7.92394,0.765015,10.5496,0.42336,18.483,0.42336,0,0,442.007,0,1.02816,0,0,2.96512,1.93696,1.028160,1,0,109.87,0,0,0,109.87,0
68.9529,2.34181,0,0,4.76181,0.236832,0.36288,3.6288,61.308,0.237417,0,0,1.01894,0.190786,0.590739,0.66528,12.849,1,0.448217,0.36288,0,81.2506,3.61421,77.551,0.84672,12.849,0.84672,3695.15,0,18.483,0,0.63504,1.45391,5.22976,0.790244,6.52847,0.42336,18.483,0.42336,0,0,442.007,0,1.02816,0,0,1.6632,0.63504,1.028160,1,0,84.6702,0,0,0,84.6702,0
70.1197,2.35212,0,0,4.12204,0.240236,0.36288,3.6288,61.308,0.368555,0,0,0.730348,0.190786,0.171007,0.66528,12.849,1,0.438306,0.36288,0,90.1748,3.61421,86.4852,0.84672,12.849,0.84672,3695.15,0,18.483,0,0.503194,1.50064,4.21475,0.790244,5.42833,0.42336,18.483,0.42336,0,0,442.007,0,0.897203,0,0,1.4004,0.503194,1.028160,1,0,92.0845,0,0,0,92.0845,0
72.29,2.35863,0,0,5.89664,0.242418,1.12524,3.6288,61.308,0.237781,0,0,1.16027,0.190786,0.731699,0.66528,12.849,1,0.432204,1.12524,0,87.1154,3.61421,84.1942,0.84672,12.849,0.84672,3695.15,0,18.483,0,2.8195,1.50085,6.85415,0.790244,10.3843,0.42336,18.483,0.42336,0,0,442.007,0,1.02816,0,0,3.84766,2.8195,1.028160,1,0,95.3102,0,0,0,95.3102,0
72.29,2.36999,0,0,7.00015,0.252563,4.3776,3.6288,61.308,0.237962,0,0,1.05958,0.189015,0.632606,0.66528,12.849,1,0.421247,4.3776,0,112.781,3.73901,112.999,0.84672,12.849,0.84672,3695.15,0,18.483,0,2.95214,1.50107,5.36666,0.824285,8.99558,0.42336,18.483,0.42336,0,0,442.007,0,1.02816,0,0,3.9803,2.95214,1.028160,1,0,122.627,0,0,0,122.627,0
71.0898,2.60152,0,0,2.0415,0.277336,0.36288,3.6288,61.2714,0.418744,0,0,0.562712,0.18053,0,0.66528,12.849,1,0.462401,0.36288,0,48.7529,3.70919,44.9442,0.84672,12.849,0.84672,3695.15,0,18.483,0,0.503194,1.50128,2.95817,1.00308,3.95957,0.42336,18.483,0.42336,0,0,442.007,0,0.996451,0,0,1.49964,0.503194,1.028160,1,0,48.9038,0,0,0,48.9038,0
72.29,2.59528,0,0,5.25963,0.276389,1.18772,3.6288,61.308,0.387238,0,0,1.0998,0.179812,0.49619,0.66528,12.849,1,0.46908,1.18772,0,93.2278,3.65222,90.2943,0.84672,12.849,0.84672,3695.15,0,18.483,0,1.8776,1.66756,5.05843,1.01869,7.5849,0.42336,18.483,0.42336,0,0,442.007,0,1.02816,0,0,2.90576,1.8776,1.028160,1,0,98.3754,0,0,0,98.3754,0
72.2131,2.60227,0,0,3.16723,0.278929,0.36288,3.6288,61.308,0.387441,0,0,0.577092,0.179854,0.00979628,0.66528,12.849,1,0.462534,0.36288,0,65.5918,3.65222,61.8399,0.84672,12.849,0.84672,3695.15,0,18.483,0,0.657435,1.6678,3.26959,1.01869,4.57613,0.42336,18.483,0.42336,0,0,442.007,0,1.02816,0,0,1.68559,0.657435,1.028160,1,0,66.4258,0,0,0,66.4258,0
71.2273,2.60222,0,0,2.22791,0.248637,0.36288,3.6288,60.7578,0.794537,0,0,0.434465,0.190153,0,0.66528,12.849,1,0.463018,0.36288,0,42.0823,3.58974,38.3925,0.84672,12.849,0.84672,3695.15,0,18.483,0,0.608429,1.66804,2.73184,0.976849,4.03146,0.42336,18.483,0.42336,0,0,442.007,0,0.621268,0,0,1.2297,0.608429,1.028160,1,0,42.4239,0,0,0,42.4239,0
72.2385,2.26796,0,0,3.90923,0.26721,0.36288,3.6288,60.6994,0.18792,0,0,0.284576,0.155062,0,0.66528,12.849,1,0.409127,0.36288,0,57.3685,3.4311,53.8911,0.84672,12.849,0.84672,3695.15,0,18.483,0,0.857707,1.66828,4.90501,0.942715,6.48827,0.42336,18.483,0.42336,0,0,442.007,0,1.02816,0,0,1.88587,0.857707,1.028160,1,0,60.3794,0,0,0,60.3794,0
72.29,2.27315,0,0,5.22972,0.274718,2.63035,3.6288,60.8271,0.188095,0,0,0.464384,0.148585,0,0.66528,12.849,1,0.404323,2.63035,0,101.456,3.40883,100.273,0.84672,12.849,0.84672,3695.15,0,18.483,0,0.903476,1.44123,5.32089,0.939816,6.72578,0.42336,18.483,0.42336,0,0,442.007,0,1.02816,0,0,1.93164,0.903476,1.028160,1,0,106.999,0,0,0,106.999,0
72.29,2.27372,0,0,3.44136,0.274825,0.892818,3.6288,60.7023,0.399172,0,0,0.423124,0.148705,0,0.66528,12.849,1,0.404137,0.892818,0,83.7389,3.40883,80.8187,0.84672,12.849,0.84672,3695.15,0,18.483,0,0.558835,1.44144,3.58877,0.939816,4.64923,0.42336,18.483,0.42336,0,0,442.007,0,0.817258,0,0,1.37609,0.558835,1.028160,1,0,85.468,0,0,0,85.468,0
72.29,2.27405,0,0,4.20447,0.274825,1.6556,3.6288,61.308,0.188444,0,0,0.990101,0.148588,0.0473877,0.66528,12.849,1,0.404195,1.6556,0,120.37,3.40883,118.212,0.84672,12.849,0.84672,3695.15,0,18.483,0,0.966203,1.44164,4.25976,0.939816,5.72779,0.42336,18.483,0.42336,0,0,442.007,0,1.02816,0,0,1.99436,0.966203,1.028160,1,0,123.988,0,0,0,123.988,0
72.29,2.27437,0,0,5.14496,0.260959,2.60962,3.6288,61.308,0.188619,0,0,0.760769,0.167206,0.404945,0.66528,12.849,1,0.404253,2.60962,0,108.655,3.67105,107.189,0.84672,12.849,0.84672,3695.15,0,18.483,0,0.808091,1.44185,4.85146,1.00356,6.09784,0.42336,18.483,0.42336,0,0,442.007,0,1.02816,0,0,1.83625,0.808091,1.028160,1,0,113.692,0,0,0,113.692,0
72.29,2.35781,0,0,4.42037,0.297233,1.76533,3.6288,61.308,0.237739,0,0,0.724694,0.181563,0.305393,0.66528,12.849,1,0.419083,1.76533,0,116.857,3.87818,114.325,0.84672,12.849,0.84672,3695.15,0,18.483,0,0.909351,1.44206,6.70582,1.06515,7.99208,0.42336,18.483,0.42336,0,0,442.007,0,1.02816,0,0,1.93751,0.909351,1.028160,1,0,122.622,0,0,0,122.622,0
72.29,2.35815,0,0,3.85401,0.297233,1.19863,3.6288,61.308,0.23792,0,0,0.81111,0.181563,0.391627,0.66528,12.849,1,0.419143,1.19863,0,81.1598,3.87818,78.0612,0.84672,12.849,0.84672,3695.15,0,18.483,0,1.10356,1.49842,4.92032,1.06515,6.45715,0.42336,18.483,0.42336,0,0,442.007,0,1.02816,0,0,2.13172,1.10356,1.028160,1,0,84.9099,0,0,0,84.9099,0
72.29,2.35849,0,0,3.58796,0.30638,0.92309,3.6288,61.308,0.238102,0,0,0.923694,0.172741,0.512851,0.66528,12.849,1,0.419204,0.92309,0,73.5126,3.66191,70.3546,0.84672,12.849,0.84672,3695.15,0,18.483,0,1.21951,1.49864,6.74641,1.02403,8.44053,0.42336,18.483,0.42336,0,0,442.007,0,1.02816,0,0,2.24767,1.21951,1.028160,1,0,79.3079,0,0,0,79.3079,0
72.29,2.35883,0,0,3.28052,0.269051,0.652643,3.6288,61.308,0.238284,0,0,1.01749,0.19383,0.585376,0.66528,12.849,1,0.419264,0.652643,0,69.7939,3.94328,66.084,0.84672,12.849,0.84672,3695.15,0,18.483,0,1.427,1.49885,5.3483,1.05825,7.2159,0.42336,18.483,0.42336,0,0,442.007,0,1.02816,0,0,2.45516,1.427,1.028160,1,0,73.8853,0,0,0,73.8853,0
72.29,2.32665,0,0,2.9905,0.258446,0.405406,3.6288,61.308,0.219445,0,0,0.73291,0.222573,0.290891,0.66528,12.849,1,0.413545,0.405406,0,63.2738,4.34081,58.9249,0.84672,12.849,0.84672,3695.15,0,18.483,0,0.763491,1.49907,4.36059,1.0439,5.57925,0.42336,18.483,0.42336,0,0,442.007,0,1.02816,0,0,1.79165,0.763491,1.028160,1,0,64.795,0,0,0,64.795,0
71.7694,2.32699,0,0,2.42773,0.258446,0.36288,3.6288,61.308,0.219624,0,0,0.649372,0.222573,0.207174,0.66528,12.849,1,0.413604,0.36288,0,53.8752,4.34081,49.4837,0.84672,12.849,0.84672,3695.15,0,18.483,0,0.607712,1.47741,3.74862,1.0439,4.78984,0.42336,18.483,0.42336,0,0,442.007,0,1.02816,0,0,1.63587,0.607712,1.028160,1,0,54.4807,0,0,0,54.4807,0
70.9898,2.32477,0,0,2.16544,0.257425,0.36288,3.6288,61.2038,0.433012,0,0,0.551385,0.222573,0,0.66528,12.849,1,0.416208,0.36288,0,51.3845,4.34081,46.9904,0.84672,12.849,0.84672,3695.15,0,18.483,0,0.402797,1.47762,3.52476,1.0439,4.36127,0.42336,18.483,0.42336,0,0,442.007,0,0.814951,0,0,1.21775,0.402797,1.028160,1,0,51.3516,0,0,0,51.3516,0
70.7,2.32124,0,0,2.63728,0.242905,0.36288,3.6288,61.1464,0.451638,0,0,0.622719,0.228481,0,0.66528,12.849,1,0.420139,0.36288,0,57.8421,4.41962,53.3652,0.84672,12.849,0.84672,3695.15,0,18.483,0,0.402797,1.47784,4.06537,1.06101,4.88499,0.42336,18.483,0.42336,0,0,442.007,0,0.796504,0,0,1.1993,0.402797,1.028160,1,0,58.2502,0,0,0,58.2502,0
69.8034,2.43017,0,0,2.08181,0.185367,0.36288,3.6288,61.1569,0.351787,0,0,0.583089,0.220796,0,0.66528,12.849,1,0.441659,0.36288,0,44.8617,4.42477,40.3582,0.84672,12.849,0.84672,3695.15,0,18.483,0,0.402797,1.47805,3.16739,1.09158,3.95665,0.42336,18.483,0.42336,0,0,442.007,0,0.964025,0,0,1.36682,0.402797,1.028160,1,0,44.3148,0,0,0,44.3148,0
68.7167,2.42573,0,0,1.85204,0.150205,0.36288,3.6288,61.0042,0.4954,0,0,0.551023,0.208347,0,0.66528,12.849,1,0.446514,0.36288,0,38.596,4.39687,34.1155,0.84672,12.849,0.84672,3695.15,0,18.483,0,0.402797,1.55478,2.78976,1.01301,3.73432,0.42336,18.483,0.42336,0,0,442.007,0,0.820601,0,0,1.2234,0.402797,1.028160,1,0,37.8498,0,0,0,37.8498,0
67.6143,2.42013,0,0,1.82959,0.148943,0.36288,3.6288,60.9738,0.416395,0,0,0.594197,0.208146,0,0.66528,12.849,1,0.452528,0.36288,0,37.4455,4.39687,32.959,0.84672,12.849,0.84672,3695.15,0,18.483,0,0.30119,1.555,3.0228,1.01301,3.86598,0.42336,18.483,0.42336,0,0,442.007,0,0.899796,0,0,1.20099,0.30119,1.028160,1,0,36.825,0,0,0,36.825,0
66.4037,2.41427,0,0,1.7142,0.147662,0.36288,3.6288,60.8681,0.455248,0,0,0.557565,0.208106,0,0.66528,12.849,1,0.458794,0.36288,0,34.938,4.39687,30.4452,0.84672,12.849,0.84672,3695.15,0,18.483,0,0.30119,1.55522,2.70283,1.01301,3.54623,0.42336,18.483,0.42336,0,0,442.007,0,0.861132,0,0,1.16232,0.30119,1.028160,1,0,33.9914,0,0,0,33.9914,0
65.0123,2.40761,0,0,1.50421,0.12514,0.36288,3.6288,60.7717,0.422924,0,0,0.561769,0.235187,0,0.66528,12.849,1,0.465869,0.36288,0,31.083,4.85111,26.1289,0.84672,12.849,0.84672,3695.15,0,18.483,0,0.30119,1.55545,2.38269,1.12701,3.11231,0.42336,18.483,0.42336,0,0,442.007,0,0.893644,0,0,1.19483,0.30119,1.028160,1,0,29.2412,0,0,0,29.2412,0
63.4945,2.37814,0,0,1.31913,0.0959146,0.36288,3.6288,60.7515,0.326305,0,0,0.577456,0.271316,0,0.66528,12.849,1,0.470015,0.36288,0,28.9185,5.45675,23.3546,0.84672,12.849,0.84672,3695.15,0,18.483,0,0.30119,1.55567,2.01668,1.27901,2.59453,0.42336,18.483,0.42336,0,0,442.007,0,1.02757,0,0,1.32876,0.30119,1.028160,1,0,25.9492,0,0,0,25.9492,0
61.8871,2.36913,0,0,1.21945,0.0947454,0.36288,3.6288,60.7126,0.325912,0,0,0.558269,0.271282,0,0.66528,12.849,1,0.479428,0.36288,0,28.7438,5.45675,23.1705,0.84672,12.849,0.84672,3695.15,0,18.483,0,0.278122,1.57975,2.04492,1.27901,2.62379,0.42336,18.483,0.42336,0,0,442.007,0,1.02816,0,0,1.30628,0.278122,1.028160,1,0,25.7943,0,0,0,25.7943,0
60.1786,2.35916,0,0,1.10705,0.0935073,0.36288,3.6288,60.5314,0.437407,0,0,0.527394,0.271215,0,0.66528,12.849,1,0.489809,0.36288,0,27.8896,5.45675,22.3059,0.84672,12.849,0.84672,3695.15,0,18.483,0,0.261274,1.57998,1.92219,1.27901,2.48443,0.42336,18.483,0.42336,0,0,442.007,0,0.91686,0,0,1.17813,0.261274,1.028160,1,0,24.7903,0,0,0,24.7903,0
58.3979,2.34804,0,0,1.01368,0.083533,0.36288,3.6288,60.2547,0.485942,0,0,0.501947,0.292733,0,0.66528,12.849,1,0.50134,0.36288,0,24.595,5.73905,18.7175,0.84672,12.849,0.84672,3695.15,0,18.483,0,0.261274,1.5802,1.86673,1.38205,2.32616,0.42336,18.483,0.42336,0,0,442.007,0,0.868519,0,0,1.12979,0.261274,1.028160,1,0,21.0436,0,0,0,21.0436,0
56.6081,2.39036,0,0,1.03042,0.0669216,0.36288,3.6288,60.0263,0.418202,0,0,0.521637,0.331818,0,0.66528,12.849,1,0.525939,0.36288,0,22.8155,5.94079,16.7116,0.84672,12.849,0.84672,3695.15,0,18.483,0,0.261274,1.58043,1.72107,1.54957,2.01321,0.42336,18.483,0.42336,0,0,442.007,0,0.969555,0,0,1.23083,0.261274,1.028160,1,0,18.7248,0,0,0,18.7248,0
54.7353,2.37715,0,0,0.93299,0.0657584,0.36288,3.6288,59.6495,0.543845,0,0,0.498396,0.331336,0,0.66528,12.849,1,0.539568,0.36288,0,21.4878,5.94079,15.3703,0.84672,12.849,0.84672,3695.15,0,18.483,0,0.261274,1.61869,1.60024,1.54957,1.93064,0.42336,18.483,0.42336,0,0,442.007,0,0.844111,0,0,1.10538,0.261274,1.028160,1,0,17.3009,0,0,0,17.3009,0
52.774,2.36253,0,0,0.815936,0.0518842,0.36288,3.6288,59.2783,0.527836,0,0,0.49486,0.338228,0,0.66528,12.849,1,0.5546,0.36288,0,20.4611,6.16512,14.1042,0.84672,12.849,0.84672,3695.15,0,18.483,0,0.227405,1.61893,1.61735,1.59439,1.86929,0.42336,18.483,0.42336,0,0,442.007,0,0.860319,0,0,1.08772,0.227405,1.028160,1,0,15.9735,0,0,0,15.9735,0
50.6957,2.34629,0,0,0.689144,0.0582541,0.36288,3.6288,58.888,0.546153,0,0,0.480743,0.324892,0,0.66528,12.849,1,0.571258,0.36288,0,19.1983,6.06323,12.9267,0.84672,12.849,0.84672,3695.15,0,18.483,0,0.227405,1.61916,1.54412,1.44616,1.94453,0.42336,18.483,0.42336,0,0,442.007,0,0.842201,0,0,1.06961,0.227405,1.028160,1,0,14.8712,0,0,0,14.8712,0
48.4708,2.48342,0,0,0.673298,0.0519338,0.36288,3.6288,58.1636,0.806016,0,0,0.411187,0.329584,0,0.66528,12.849,1,0.629431,0.36288,0,15.994,6.0255,9.70197,0.84672,12.849,0.84672,3695.15,0,18.483,0,0.227405,1.61939,1.70626,1.46895,2.0841,0.42336,18.483,0.42336,0,0,442.007,0,0.702086,0,0,0.929491,0.227405,1.028160,1,0,11.7861,0,0,0,11.7861,0
46.2783,2.46093,0,0,0.678059,0.0466728,0.36288,3.6288,57.3705,0.851471,0,0,0.371062,0.312656,0,0.66528,12.849,1,0.652363,0.36288,0,14.8207,5.98311,8.54812,0.84672,12.849,0.84672,3695.15,0,18.483,0,0.227405,1.74851,1.45743,1.4983,1.93504,0.42336,18.483,0.42336,0,0,442.007,0,0.656847,0,0,0.884252,0.227405,1.028160,1,0,10.4832,0,0,0,10.4832,0
44.1548,2.43709,0,0,0.722032,0.0455619,0.36288,3.6288,56.8928,0.62309,0,0,0.456425,0.311057,0,0.66528,12.849,1,0.67665,0.36288,0,18.8599,5.98311,12.563,0.84672,12.849,0.84672,3695.15,0,18.483,0,0.204422,1.74876,1.62791,1.4983,2.08279,0.42336,18.483,0.42336,0,0,442.007,0,0.885444,0,0,1.08987,0.204422,1.028160,1,0,14.6458,0,0,0,14.6458,0
41.9292,2.41223,0,0,0.594015,0.0444859,0.36288,3.6288,55.9468,0.968311,0,0,0.332407,0.310094,0,0.66528,12.849,1,0.701957,0.36288,0,17.2786,5.98311,10.9564,0.84672,12.849,0.84672,3695.15,0,18.483,0,0.204422,1.74901,1.33332,1.4983,1.78846,0.42336,18.483,0.42336,0,0,442.007,0,0.540441,0,0,0.744863,0.204422,1.028160,1,0,12.7449,0,0,0,12.7449,0
40.0774,2.38406,0,0,0.942771,0.0476786,0.36288,3.6288,55.8252,0.480808,0,0,0.659013,0.299788,0,0.66528,12.849,1,0.730582,0.36288,0,21.6314,5.7279,15.5358,0.84672,12.849,0.84672,3695.15,0,18.483,0,0.567829,1.74926,2.29774,1.46875,3.14608,0.42336,18.483,0.42336,0,0,442.007,0,1.02816,0,0,1.59599,0.567829,1.028160,1,0,18.6818,0,0,0,18.6818,0
38.8698,2.28686,0,0,1.49939,0.0572141,0.36288,3.6288,55.8671,0.408411,0,0,0.728853,0.278573,0,0.66528,12.849,1,0.733178,0.36288,0,31.3763,5.08987,25.9162,0.84672,12.849,0.84672,3695.15,0,18.483,0,0.365558,1.74951,2.62737,1.39489,3.34755,0.42336,18.483,0.42336,0,0,442.007,0,1.02816,0,0,1.39372,0.365558,1.028160,1,0,29.2637,0,0,0,29.2637,0
37.4419,2.27007,0,0,1.26138,0.0564167,0.36288,3.6288,56.2137,0.408617,0,0,1.03391,0.278649,0,0.66528,12.849,1,0.750404,0.36288,0,28.4539,5.08987,22.9765,0.84672,12.849,0.84672,3695.15,0,18.483,0,1.38877,1.67585,2.96576,1.39489,4.63549,0.42336,18.483,0.42336,0,0,442.007,0,1.02816,0,0,2.41693,1.38877,1.028160,1,0,27.612,0,0,0,27.612,0
35.8537,2.24908,0,0,1.07933,0.0554833,0.36288,3.6288,56.0967,0.408823,0,0,0.571049,0.279282,0,0.66528,12.849,1,0.771823,0.36288,0,28.426,5.08987,22.9272,0.84672,12.849,0.84672,3695.15,0,18.483,0,0.31892,1.67609,2.20723,1.39489,2.80736,0.42336,18.483,0.42336,0,0,442.007,0,1.02816,0,0,1.34708,0.31892,1.028160,1,0,25.7346,0,0,0,25.7346,0
34.3246,2.22423,0,0,1.12608,0.0681341,0.36288,3.6288,55.973,0.409029,0,0,0.54975,0.264406,0,0.66528,12.849,1,0.797105,0.36288,0,27.3229,4.88225,22.0064,0.84672,12.849,0.84672,3695.15,0,18.483,0,0.277672,1.67633,2.2212,1.32999,2.84521,0.42336,18.483,0.42336,0,0,442.007,0,1.02816,0,0,1.30583,0.277672,1.028160,1,0,24.8516,0,0,0,24.8516,0
32.6567,2.14191,0,0,0.984105,0.14721,0.36288,3.6288,55.4165,0.790684,0,0,0.436673,0.202474,0,0.66528,12.849,1,0.8018,0.36288,0,37.0272,3.86443,32.7239,0.84672,12.849,0.84672,3695.15,0,18.483,0,0.216518,1.67657,3.3781,1.0176,4.2536,0.42336,18.483,0.42336,0,0,442.007,0,0.580577,0,0,0.797095,0.216518,1.028160,1,0,36.9775,0,0,0,36.9775,0
31.966,2.11283,0,0,1.92924,0.144158,0.36288,3.6288,55.613,0.343297,0,0,0.745895,0.206085,0,0.66528,12.849,1,0.831307,0.36288,0,51.412,3.90243,47.0411,0.84672,12.849,0.84672,3695.15,0,18.483,0,0.351442,1.61109,5.04127,1.03043,5.97337,0.42336,18.483,0.42336,0,0,442.007,0,1.02816,0,0,1.3796,0.351442,1.028160,1,0,53.0145,0,0,0,53.0145,0
33.4659,2.10032,0,0,4.10601,0.142915,0.36288,3.6288,56.6092,0.343494,0,0,1.54604,0.206351,0,0.66528,12.849,1,0.844239,0.36288,0,112.355,3.90243,107.971,0.84672,12.849,0.84672,3695.15,0,18.483,0,2.26911,1.61132,8.18328,1.03043,11.0333,0.42336,18.483,0.42336,0,0,442.007,0,1.02816,0,0,3.29727,2.26911,1.028160,1,0,119.004,0,0,0,119.004,0
34.2432,2.12796,0,0,3.43262,0.164518,0.36288,3.6288,57.3022,0.343691,0,0,1.25338,0.216676,0,0.66528,12.849,1,0.817016,0.36288,0,59.4623,3.65679,55.3514,0.84672,12.849,0.84672,3695.15,0,18.483,0,1.29118,1.61155,5.7917,0.94558,7.74885,0.42336,18.483,0.42336,0,0,442.007,0,1.02816,0,0,2.31934,1.29118,1.028160,1,0,63.1002,0,0,0,63.1002,0
33.8135,1.98046,0,0,2.08303,0.169392,0.36288,3.6288,57.7862,0.20607,0,0,0.89824,0.208228,0,0.66528,12.849,1,0.743122,0.36288,0,47.9923,4.09551,43.5165,0.84672,12.849,0.84672,3695.15,0,18.483,0,1.02191,1.61178,5.79846,0.984115,7.44804,0.42336,18.483,0.42336,0,0,442.007,0,1.02816,0,0,2.05007,1.02191,1.028160,1,0,50.9646,0,0,0,50.9646,0
32.264,1.9739,0,0,0.972449,0.185197,0.36288,3.6288,57.9667,0.206247,0,0,0.59536,0.208574,0,0.66528,12.849,1,0.750073,0.36288,0,35.3138,4.24032,30.6862,0.84672,12.849,0.84672,3695.15,0,18.483,0,0.357065,1.46396,4.80941,0.94938,5.68106,0.42336,18.483,0.42336,0,0,442.007,0,1.02816,0,0,1.38523,0.357065,1.028160,1,0,36.3673,0,0,0,36.3673,0
30.8747,1.94841,0,0,1.10369,0.181665,0.36288,3.6288,58.2182,0.206424,0,0,0.666715,0.208818,0,0.66528,12.849,1,0.775948,0.36288,0,40.3411,4.24032,35.6877,0.84672,12.849,0.84672,3695.15,0,18.483,0,0.509898,1.46417,5.11543,0.94938,6.14013,0.42336,18.483,0.42336,0,0,442.007,0,1.02816,0,0,1.53806,0.509898,1.028160,1,0,41.8278,0,0,0,41.8278,0
30.2555,1.92403,0,0,1.84623,0.178481,0.36288,3.6288,58.4971,0.206601,0,0,0.694723,0.209157,0,0.66528,12.849,1,0.800717,0.36288,0,38.6733,4.24032,33.9952,0.84672,12.849,0.84672,3695.15,0,18.483,0,0.502347,1.46438,5.27377,0.94938,6.29112,0.42336,18.483,0.42336,0,0,442.007,0,1.02816,0,0,1.53051,0.502347,1.028160,1,0,40.2863,0,0,0,40.2863,0
33.111,1.91281,0,0,5.30105,0.169892,0.36288,3.6288,60.5754,0.206778,0,0,2.50017,0.21513,0,0.66528,12.849,1,0.812335,0.36288,0,70.9985,4.47786,66.0712,0.84672,12.849,0.84672,3695.15,0,18.483,0,1.5653,1.46459,10.1066,1.19071,11.9457,0.42336,18.483,0.42336,0,0,442.007,0,1.02816,0,0,2.59346,1.5653,1.028160,1,0,78.0169,0,0,0,78.0169,0
40.917,2.02506,0,0,10.3957,0.201813,0.36288,3.6288,61.308,0.246886,0,0,4.04139,0.219443,2.84245,0.66528,12.849,1,0.785842,0.36288,0,247.339,4.1514,242.765,0.84672,12.849,0.84672,3695.15,0,18.483,0,10.1809,1.4648,26.6892,1.15409,37.1809,0.42336,18.483,0.42336,0,0,442.007,0,1.02816,0,0,11.2091,10.1809,1.028160,1,0,282.788,0,0,0,282.788,0
47.6456,2.13944,0,0,9.46434,0.233449,0.36288,3.6288,61.308,0.247057,0,0,3.69699,0.221127,3.2288,0.66528,12.849,1,0.67184,0.36288,0,204.295,4.19338,199.792,0.84672,12.849,0.84672,3695.15,0,18.483,0,8.87484,1.51186,21.631,1.19538,30.8223,0.42336,18.483,0.42336,0,0,442.007,0,1.02816,0,0,9.903,8.87484,1.028160,1,0,233.843,0,0,0,233.843,0
51.2501,2.21447,0,0,6.43387,0.252025,0.36288,3.6288,61.308,0.247229,0,0,2.22564,0.221127,1.75728,0.66528,12.849,1,0.597194,0.36288,0,139.558,4.19338,135.131,0.84672,12.849,0.84672,3695.15,0,18.483,0,4.17319,1.51207,10.4428,1.19538,14.9327,0.42336,18.483,0.42336,0,0,442.007,0,1.02816,0,0,5.20135,4.17319,1.028160,1,0,151.821,0,0,0,151.821,0
54.1906,2.24835,0,0,5.82337,0.2716,0.36288,3.6288,61.308,0.2474,0,0,1.94348,0.205668,1.49041,0.66528,12.849,1,0.563688,0.36288,0,125.782,3.93581,121.645,0.84672,12.849,0.84672,3695.15,0,18.483,0,3.00229,1.51227,9.38675,1.13517,12.7661,0.42336,18.483,0.42336,0,0,442.007,0,1.02816,0,0,4.03045,3.00229,1.028160,1,0,135.902,0,0,0,135.902,0
58.6167,2.49512,0,0,7.57643,0.292299,0.36288,3.6288,61.308,0.397571,0,0,2.66977,0.198568,2.07363,0.66528,12.849,1,0.591612,0.36288,0,144.194,3.71575,140.249,0.84672,12.849,0.84672,3695.15,0,18.483,0,5.22507,1.51247,18.0832,1.06672,23.754,0.42336,18.483,0.42336,0,0,442.007,0,1.02816,0,0,6.25323,5.22507,1.028160,1,0,166.077,0,0,0,166.077,0
62.4558,2.5321,0,0,7.0342,0.300151,0.36288,3.6288,61.308,0.397763,0,0,3.63385,0.211187,3.0249,0.66528,12.849,1,0.555046,0.36288,0,163.867,3.88532,159.79,0.84672,12.849,0.84672,3695.15,0,18.483,0,6.01055,1.67997,17.0415,1.09955,23.6324,0.42336,18.483,0.42336,0,0,442.007,0,1.02816,0,0,7.03871,6.01055,1.028160,1,0,186.447,0,0,0,186.447,0
65.4118,2.56074,0,0,6.19013,0.310541,0.36288,3.6288,61.308,0.397954,0,0,3.64659,0.211187,3.03745,0.66528,12.849,1,0.52682,0.36288,0,125.728,3.88532,121.679,0.84672,12.849,0.84672,3695.15,0,18.483,0,5.07173,1.6802,14.9494,1.09955,20.6018,0.42336,18.483,0.42336,0,0,442.007,0,1.02816,0,0,6.09989,5.07173,1.028160,1,0,145.318,0,0,0,145.318,0
68.8937,2.58099,0,0,6.74391,0.318067,0.36288,3.6288,61.308,0.398146,0,0,4.23149,0.211187,3.62216,0.66528,12.849,1,0.50699,0.36288,0,165.898,3.88532,161.869,0.84672,12.849,0.84672,3695.15,0,18.483,0,7.30464,1.68043,19.7433,1.09955,27.6288,0.42336,18.483,0.42336,0,0,442.007,0,1.02816,0,0,8.3328,7.30464,1.028160,1,0,193.12,0,0,0,193.12,0
71.9484,2.273,0,0,6.02474,0.334231,0.36288,3.6288,61.308,0.196929,0,0,6.21969,0.241374,5.78139,0.66528,12.849,1,0.423924,0.36288,0,271.197,4.16295,266.973,0.84672,12.849,0.84672,3695.15,0,18.483,0,5.55332,1.68065,19.4563,1.01681,25.6735,0.42336,18.483,0.42336,0,0,442.007,0,1.02816,0,0,6.58148,5.55332,1.028160,1,0,298.428,0,0,0,298.428,0
72.29,2.28858,0,0,6.83908,0.344116,3.86476,3.6288,61.308,0.197094,0,0,4.56887,0.259578,4.11219,0.66528,12.849,1,0.408708,3.86476,0,239.911,4.37986,238.987,0.84672,12.849,0.84672,3695.15,0,18.483,0,7.43524,1.45191,21.3052,1.01407,29.1783,0.42336,18.483,0.42336,0,0,442.007,0,1.02816,0,0,8.4634,7.43524,1.028160,1,0,272.278,0,0,0,272.278,0
72.29,2.29052,0,0,12.2102,0.34501,9.57469,3.6288,61.308,0.197259,0,0,10.8308,0.259578,10.374,0.66528,12.849,1,0.407123,9.57469,0,264.368,4.37986,269.156,0.84672,12.849,0.84672,3695.15,0,18.483,0,11.0935,1.4521,31.0525,1.01407,42.584,0.42336,18.483,0.42336,0,0,442.007,0,1.02816,0,0,12.1217,11.0935,1.028160,1,0,322.114,0,0,0,322.114,0
72.29,2.29083,0,0,8.9843,0.346341,6.34713,3.6288,61.308,0.197424,0,0,6.99867,0.202804,6.59844,0.66528,12.849,1,0.407178,6.34713,0,242.612,4.11939,244.433,0.84672,12.849,0.84672,3695.15,0,18.483,0,7.46168,1.4523,25.7558,0.920199,33.7496,0.42336,18.483,0.42336,0,0,442.007,0,1.02816,0,0,8.48984,7.46168,1.028160,1,0,284.781,0,0,0,284.781,0
72.29,2.29114,0,0,7.51533,0.343634,4.88056,3.6288,61.308,0.197589,0,0,5.28417,0.170493,4.91609,0.66528,12.849,1,0.407233,4.88056,0,198.994,3.86202,199.605,0.84672,12.849,0.84672,3695.15,0,18.483,0,6.14584,1.45249,19.6718,0.847872,26.4223,0.42336,18.483,0.42336,0,0,442.007,0,1.02816,0,0,7.174,6.14584,1.028160,1,0,230.944,0,0,0,230.944,0
72.29,2.37517,0,0,8.13663,0.335537,5.42592,3.6288,61.308,0.247059,0,0,8.10441,0.146486,7.71086,0.66528,12.849,1,0.422169,5.42592,0,254.638,3.47907,256.163,0.84672,12.849,0.84672,3695.15,0,18.483,0,8.81824,1.45269,24.3227,0.760928,33.8327,0.42336,18.483,0.42336,0,0,442.007,0,1.02816,0,0,9.8464,8.81824,1.028160,1,0,297.706,0,0,0,297.706,0
72.29,2.37549,0,0,6.72365,0.335537,4.01262,3.6288,61.308,0.247231,0,0,7.91234,0.146486,7.51862,0.66528,12.849,1,0.422226,4.01262,0,208.237,3.47907,208.348,0.84672,12.849,0.84672,3695.15,0,18.483,0,7.924,1.50946,21.8015,0.760928,30.474,0.42336,18.483,0.42336,0,0,442.007,0,1.02816,0,0,8.95216,7.924,1.028160,1,0,246.341,0,0,0,246.341,0
72.29,2.37581,0,0,6.19345,0.337032,3.48061,3.6288,61.308,0.247402,0,0,8.81522,0.147825,8.41999,0.66528,12.849,1,0.422282,3.48061,0,204.16,3.42659,203.791,0.84672,12.849,0.84672,3695.15,0,18.483,0,7.82603,1.50966,27.4339,0.754011,36.0156,0.42336,18.483,0.42336,0,0,442.007,0,1.02816,0,0,8.85419,7.82603,1.028160,1,0,248.227,0,0,0,248.227,0
72.29,2.37613,0,0,6.20408,0.276407,3.55154,3.6288,61.308,0.247574,0,0,7.66368,0.187178,7.22893,0.66528,12.849,1,0.422339,3.55154,0,175.905,3.53378,175.501,0.84672,12.849,0.84672,3695.15,0,18.483,0,8.24455,1.50986,21.6594,0.771757,30.642,0.42336,18.483,0.42336,0,0,442.007,0,1.02816,0,0,9.27271,8.24455,1.028160,1,0,213.372,0,0,0,213.372,0
72.29,2.3437,0,0,4.35083,0.282672,1.72446,3.6288,61.308,0.228585,0,0,2.35602,0.205515,1.92192,0.66528,12.849,1,0.416574,1.72446,0,133.402,3.81381,130.897,0.84672,12.849,0.84672,3695.15,0,18.483,0,3.68557,1.51007,10.6341,0.889687,14.9401,0.42336,18.483,0.42336,0,0,442.007,0,1.02816,0,0,4.71373,3.68557,1.028160,1,0,147.759,0,0,0,147.759,0
72.29,2.34401,0,0,4.83508,0.282672,2.2084,3.6288,61.308,0.228754,0,0,2.58832,0.205515,2.15405,0.66528,12.849,1,0.41663,2.2084,0,118.576,3.81381,116.554,0.84672,12.849,0.84672,3695.15,0,18.483,0,4.27954,1.48824,14.5134,0.889687,19.3915,0.42336,18.483,0.42336,0,0,442.007,0,1.02816,0,0,5.3077,4.27954,1.028160,1,0,138.1,0,0,0,138.1,0
72.29,2.34433,0,0,4.42231,0.282672,1.79531,3.6288,61.308,0.228923,0,0,2.71285,0.205515,2.27841,0.66528,12.849,1,0.416686,1.79531,0,141.005,3.81381,138.57,0.84672,12.849,0.84672,3695.15,0,18.483,0,4.37528,1.48844,12.3842,0.889687,17.3583,0.42336,18.483,0.42336,0,0,442.007,0,1.02816,0,0,5.40344,4.37528,1.028160,1,0,158.206,0,0,0,158.206,0
72.29,2.34464,0,0,3.7534,0.229008,1.17975,3.6288,61.308,0.229092,0,0,2.50938,0.170701,2.10958,0.66528,12.849,1,0.416742,1.17975,0,108.345,3.79984,105.308,0.84672,12.849,0.84672,3695.15,0,18.483,0,3.98066,1.48864,10.7536,1.0248,15.1981,0.42336,18.483,0.42336,0,0,442.007,0,1.02816,0,0,5.00882,3.98066,1.028160,1,0,122.616,0,0,0,122.616,0
72.29,2.4562,0,0,3.88071,0.204002,1.22051,3.6288,61.308,0.297244,0,0,2.04058,0.216808,1.52653,0.66528,12.849,1,0.43657,1.22051,0,113.097,4.29875,109.582,0.84672,12.849,0.84672,3695.15,0,18.483,0,3.61387,1.48884,9.77383,1.03196,13.8446,0.42336,18.483,0.42336,0,0,442.007,0,1.02816,0,0,4.64203,3.61387,1.028160,1,0,124.953,0,0,0,124.953,0
72.29,2.45653,0,0,3.59827,0.185247,0.956502,3.6288,61.308,0.297422,0,0,1.70821,0.251389,1.1594,0.66528,12.849,1,0.436629,0.956502,0,86.5175,4.67292,82.3645,0.84672,12.849,0.84672,3695.15,0,18.483,0,3.47651,1.56611,9.02811,1.03733,13.0334,0.42336,18.483,0.42336,0,0,442.007,0,1.02816,0,0,4.50467,3.47651,1.028160,1,0,96.5573,0,0,0,96.5573,0
72.29,2.45686,0,0,3.31702,0.185247,0.674914,3.6288,61.308,0.297601,0,0,1.89817,0.251389,1.34918,0.66528,12.849,1,0.436688,0.674914,0,63.485,4.67292,59.0503,0.84672,12.849,0.84672,3695.15,0,18.483,0,3.35603,1.56632,8.45338,1.03733,12.3384,0.42336,18.483,0.42336,0,0,442.007,0,1.02816,0,0,4.38419,3.35603,1.028160,1,0,72.7379,0,0,0,72.7379,0
72.29,2.45719,0,0,3.09865,0.185247,0.456216,3.6288,61.308,0.297779,0,0,1.54012,0.251389,0.990956,0.66528,12.849,1,0.436746,0.456216,0,64.444,4.67292,59.7906,0.84672,12.849,0.84672,3695.15,0,18.483,0,2.18458,1.56653,7.45356,1.03733,10.1673,0.42336,18.483,0.42336,0,0,442.007,0,1.02816,0,0,3.21274,2.18458,1.028160,1,0,70.9489,0,0,0,70.9489,0
72.261,2.45752,0,0,2.95707,0.165697,0.36288,3.6288,61.308,0.297957,0,0,1.59163,0.247375,1.04629,0.66528,12.849,1,0.436805,0.36288,0,71.0389,4.63246,66.3326,0.84672,12.849,0.84672,3695.15,0,18.483,0,2.34662,1.56674,8.17741,1.08615,11.0046,0.42336,18.483,0.42336,0,0,442.007,0,1.02816,0,0,3.37478,2.34662,1.028160,1,0,78.3835,0,0,0,78.3835,0
72.29,2.43569,0,0,3.28881,0.143176,0.680916,3.6288,61.308,0.335525,0,0,2.10736,0.235738,1.53609,0.66528,12.849,1,0.433099,0.680916,0,80.4453,4.2757,76.4174,0.84672,12.849,0.84672,3695.15,0,18.483,0,3.0967,1.56695,9.8007,1.11197,13.3524,0.42336,18.483,0.42336,0,0,442.007,0,1.02816,0,0,4.12486,3.0967,1.028160,1,0,91.3059,0,0,0,91.3059,0
72.29,2.43616,0,0,3.06267,0.143208,0.483303,3.6288,61.308,0.335708,0,0,1.83898,0.235738,1.26753,0.66528,12.849,1,0.433009,0.483303,0,74.7706,4.2757,70.5452,0.84672,12.849,0.84672,3695.15,0,18.483,0,2.92042,1.59119,9.28403,1.11197,12.6837,0.42336,18.483,0.42336,0,0,442.007,0,1.02816,0,0,3.94858,2.92042,1.028160,1,0,84.4964,0,0,0,84.4964,0
72.2435,2.43649,0,0,2.8961,0.143208,0.36288,3.6288,61.308,0.335892,0,0,1.73359,0.235738,1.16196,0.66528,12.849,1,0.433068,0.36288,0,71.3223,4.2757,66.9764,0.84672,12.849,0.84672,3695.15,0,18.483,0,2.6894,1.59141,8.86585,1.11197,12.0347,0.42336,18.483,0.42336,0,0,442.007,0,1.02816,0,0,3.71756,2.6894,1.028160,1,0,80.1731,0,0,0,80.1731,0
72.0961,2.43658,0,0,2.7804,0.128375,0.36288,3.6288,61.308,0.336075,0,0,1.85395,0.2736,1.24428,0.66528,12.849,1,0.433362,0.36288,0,63.9075,4.90824,58.9288,0.84672,12.849,0.84672,3695.15,0,18.483,0,1.88774,1.59162,8.10657,1.2928,10.2931,0.42336,18.483,0.42336,0,0,442.007,0,1.02816,0,0,2.9159,1.88774,1.028160,1,0,70.4662,0,0,0,70.4662,0
71.734,2.49301,0,0,2.61802,0.124231,0.36288,3.6288,61.308,0.369599,0,0,1.55841,0.293247,0.895559,0.66528,12.849,1,0.444306,0.36288,0,54.5676,5.61645,48.8698,0.84672,12.849,0.84672,3695.15,0,18.483,0,2.15419,1.59184,6.34607,1.45686,8.63524,0.42336,18.483,0.42336,0,0,442.007,0,1.02816,0,0,3.18235,2.15419,1.028160,1,0,58.4006,0,0,0,58.4006,0
71.0526,2.49144,0,0,2.29822,0.125252,0.36288,3.6288,61.308,0.369787,0,0,1.42148,0.28955,0.762142,0.66528,12.849,1,0.446268,0.36288,0,50.1729,5.60774,44.4818,0.84672,12.849,0.84672,3695.15,0,18.483,0,2.04161,1.63036,6.16256,1.44632,8.3882,0.42336,18.483,0.42336,0,0,442.007,0,1.02816,0,0,3.06977,2.04161,1.028160,1,0,53.6321,0,0,0,53.6321,0
70.1782,2.48815,0,0,2.10125,0.124602,0.36288,3.6288,61.308,0.369975,0,0,1.37313,0.28955,0.713604,0.66528,12.849,1,0.449952,0.36288,0,47.1179,5.60774,41.4231,0.84672,12.849,0.84672,3695.15,0,18.483,0,1.80025,1.63058,5.87169,1.44632,7.8562,0.42336,18.483,0.42336,0,0,442.007,0,1.02816,0,0,2.82841,1.80025,1.028160,1,0,49.9929,0,0,0,49.9929,0
69.0271,2.48375,0,0,1.80312,0.10763,0.36288,3.6288,61.308,0.370163,0,0,1.3675,0.295912,0.70143,0.66528,12.849,1,0.454752,0.36288,0,44.9442,5.86704,38.9853,0.84672,12.849,0.84672,3695.15,0,18.483,0,1.7726,1.6308,5.83437,1.4616,7.77617,0.42336,18.483,0.42336,0,0,442.007,0,1.02816,0,0,2.80076,1.7726,1.028160,1,0,47.4629,0,0,0,47.4629,0
67.3513,2.64316,0,0,1.45135,0.121154,0.36288,3.6288,61.308,0.490757,0,0,1.233,0.296901,0.44534,0.66528,12.849,1,0.49201,0.36288,0,35.4977,5.91835,29.4502,0.84672,12.849,0.84672,3695.15,0,18.483,0,1.72399,1.63102,4.94816,1.42857,6.8746,0.42336,18.483,0.42336,0,0,442.007,0,1.02816,0,0,2.75215,1.72399,1.028160,1,0,36.7702,0,0,0,36.7702,0
65.3869,2.63324,0,0,1.15695,0.125205,0.36288,3.6288,61.308,0.490961,0,0,1.0427,0.313272,0.238469,0.66528,12.849,1,0.502358,0.36288,0,24.2541,6.16928,17.9454,0.84672,12.849,0.84672,3695.15,0,18.483,0,1.58023,1.76105,3.9592,1.54278,5.7577,0.42336,18.483,0.42336,0,0,442.007,0,1.02816,0,0,2.60839,1.58023,1.028160,1,0,23.9415,0,0,0,23.9415,0
63.6645,2.62097,0,0,1.38474,0.123266,0.36288,3.6288,61.308,0.491165,0,0,1.12014,0.313272,0.315705,0.66528,12.849,1,0.515041,0.36288,0,25.1015,6.16928,18.7801,0.84672,12.849,0.84672,3695.15,0,18.483,0,1.80462,1.76128,4.34276,1.54278,6.36588,0.42336,18.483,0.42336,0,0,442.007,0,1.02816,0,0,2.83278,1.80462,1.028160,1,0,25.4617,0,0,0,25.4617,0
62.9143,2.60973,0,0,2.36777,0.145353,0.36288,3.6288,61.308,0.491369,0,0,1.4387,0.307908,0.639421,0.66528,12.849,1,0.526705,0.36288,0,41.7156,6.02085,35.5309,0.84672,12.849,0.84672,3695.15,0,18.483,0,2.27152,1.76152,4.80708,1.52457,7.31554,0.42336,18.483,0.42336,0,0,442.007,0,1.02816,0,0,3.29968,2.27152,1.028160,1,0,43.4859,0,0,0,43.4859,0
62.1061,2.60487,0,0,2.2996,0.140037,0.36288,3.6288,61.308,0.491573,0,0,1.50175,0.298545,0.711635,0.66528,12.849,1,0.531992,0.36288,0,47.3002,6.13726,40.9938,0.84672,12.849,0.84672,3695.15,0,18.483,0,2.05175,1.76176,4.54091,1.49032,6.86409,0.42336,18.483,0.42336,0,0,442.007,0,1.02816,0,0,3.07991,2.05175,1.028160,1,0,48.5695,0,0,0,48.5695,0
60.5957,2.52017,0,0,1.52439,0.151748,0.36288,3.6288,61.308,0.418647,0,0,1.98355,0.294478,1.27042,0.66528,12.849,1,0.521392,0.36288,0,29.707,5.58799,23.9605,0.84672,12.849,0.84672,3695.15,0,18.483,0,3.59846,1.76199,6.88998,1.35019,10.9002,0.42336,18.483,0.42336,0,0,442.007,0,1.02816,0,0,4.62662,3.59846,1.028160,1,0,36.1311,0,0,0,36.1311,0
58.8658,2.50978,0,0,1.29258,0.149863,0.36288,3.6288,61.308,0.418841,0,0,1.07686,0.294478,0.363545,0.66528,12.849,1,0.532186,0.36288,0,29.6654,5.58799,23.9081,0.84672,12.849,0.84672,3695.15,0,18.483,0,1.41715,1.68779,5.0962,1.35019,6.85095,0.42336,18.483,0.42336,0,0,442.007,0,1.02816,0,0,2.44531,1.41715,1.028160,1,0,31.1225,0,0,0,31.1225,0
57.3424,2.49728,0,0,1.51945,0.182643,0.36288,3.6288,61.308,0.419036,0,0,1.09407,0.264155,0.410884,0.66528,12.849,1,0.545097,0.36288,0,29.8818,5.17273,24.5268,0.84672,12.849,0.84672,3695.15,0,18.483,0,1.47894,1.68802,5.32203,1.2204,7.2686,0.42336,18.483,0.42336,0,0,442.007,0,1.02816,0,0,2.5071,1.47894,1.028160,1,0,32.2063,0,0,0,32.2063,0
58.508,2.48578,0,0,4.28088,0.266644,0.36288,3.6288,61.308,0.41923,0,0,2.65603,0.188349,2.04845,0.66528,12.849,1,0.557002,0.36288,0,95.4787,4.13459,91.1499,0.84672,12.849,0.84672,3695.15,0,18.483,0,3.0856,1.68824,14.1657,0.895909,18.0437,0.42336,18.483,0.42336,0,0,442.007,0,1.02816,0,0,4.11376,3.0856,1.028160,1,0,111.242,0,0,0,111.242,0
57.5498,2.43076,0,0,2.01306,0.177613,0.36288,3.6288,61.308,0.352821,0,0,1.33259,0.213021,0.766748,0.66528,12.849,1,0.533821,0.36288,0,42.4143,3.94653,38.2968,0.84672,12.849,0.84672,3695.15,0,18.483,0,1.39924,1.68847,6.93363,0.909902,9.11143,0.42336,18.483,0.42336,0,0,442.007,0,1.02816,0,0,2.4274,1.39924,1.028160,1,0,48.175,0,0,0,48.175,0
56.1891,2.42382,0,0,1.66073,0.234766,0.36288,3.6288,61.308,0.353007,0,0,0.813413,0.211449,0.248957,0.66528,12.849,1,0.54116,0.36288,0,29.3871,3.98034,25.2284,0.84672,12.849,0.84672,3695.15,0,18.483,0,0.418038,1.62251,5.31929,1.05439,6.30545,0.42336,18.483,0.42336,0,0,442.007,0,1.02816,0,0,1.4462,0.418038,1.028160,1,0,31.7828,0,0,0,31.7828,0
54.5923,2.41348,0,0,1.41125,0.231638,0.36288,3.6288,61.308,0.353193,0,0,0.912885,0.211449,0.348243,0.66528,12.849,1,0.5519,0.36288,0,24.0226,3.98034,19.8532,0.84672,12.849,0.84672,3695.15,0,18.483,0,0.744794,1.62273,5.91243,1.05439,7.22556,0.42336,18.483,0.42336,0,0,442.007,0,1.02816,0,0,1.77295,0.744794,1.028160,1,0,27.427,0,0,0,27.427,0
55.9476,2.40073,0,0,4.34686,0.227967,0.36288,3.6288,61.308,0.353378,0,0,2.92139,0.211449,2.35656,0.66528,12.849,1,0.565043,0.36288,0,83.2295,3.98034,79.047,0.84672,12.849,0.84672,3695.15,0,18.483,0,4.64193,1.62294,14.0588,1.05439,19.2693,0.42336,18.483,0.42336,0,0,442.007,0,1.02816,0,0,5.67009,4.64193,1.028160,1,0,100.673,0,0,0,100.673,0
56.9815,2.23052,0,0,3.87943,0.252162,0.36288,3.6288,61.308,0.214774,0,0,2.77417,0.221257,2.33814,0.66528,12.849,1,0.512265,0.36288,0,71.9979,4.30925,67.5393,0.84672,12.849,0.84672,3695.15,0,18.483,0,2.40939,1.62316,11.6013,1.08562,14.5482,0.42336,18.483,0.42336,0,0,442.007,0,1.02816,0,0,3.43755,2.40939,1.028160,1,0,84.4256,0,0,0,84.4256,0
57.9076,2.23841,0,0,3.81061,0.28315,0.36288,3.6288,61.308,0.214941,0,0,1.6788,0.234335,1.22952,0.66528,12.849,1,0.504748,0.36288,0,62.6125,4.74778,57.7229,0.84672,12.849,0.84672,3695.15,0,18.483,0,2.91546,1.47429,12.0446,1.12726,15.3071,0.42336,18.483,0.42336,0,0,442.007,0,1.02816,0,0,3.94362,2.91546,1.028160,1,0,74.2595,0,0,0,74.2595,0
57.7153,2.24532,0,0,2.70158,0.285732,0.36288,3.6288,61.308,0.215108,0,0,0.633611,0.234335,0.184167,0.66528,12.849,1,0.498208,0.36288,0,52.6621,4.74778,47.779,0.84672,12.849,0.84672,3695.15,0,18.483,0,1.06441,1.47449,6.3547,1.12726,7.76634,0.42336,18.483,0.42336,0,0,442.007,0,1.02816,0,0,2.09257,1.06441,1.028160,1,0,55.7295,0,0,0,55.7295,0
57.592,2.24426,0,0,2.76121,0.277322,0.36288,3.6288,61.308,0.215275,0,0,0.703019,0.269421,0.218323,0.66528,12.849,1,0.499633,0.36288,0,47.0264,4.87724,42.0124,0.84672,12.849,0.84672,3695.15,0,18.483,0,0.7492,1.47469,4.93161,1.22715,5.92834,0.42336,18.483,0.42336,0,0,442.007,0,1.02816,0,0,1.77736,0.7492,1.028160,1,0,48.1591,0,0,0,48.1591,0
58.2099,2.24369,0,0,3.49824,0.273841,0.36288,3.6288,61.308,0.215442,0,0,0.81535,0.283455,0.316452,0.66528,12.849,1,0.500575,0.36288,0,81.3775,4.92901,76.3108,0.84672,12.849,0.84672,3695.15,0,18.483,0,0.825483,1.47488,8.08812,1.26711,9.12138,0.42336,18.483,0.42336,0,0,442.007,0,1.02816,0,0,1.85364,0.825483,1.028160,1,0,85.7486,0,0,0,85.7486,0
58.3358,2.31876,0,0,3.09792,0.290317,0.36288,3.6288,61.308,0.25582,0,0,1.19502,0.248823,0.690373,0.66528,12.849,1,0.511834,0.36288,0,39.5931,4.07358,35.3705,0.84672,12.849,0.84672,3695.15,0,18.483,0,1.09396,1.47508,6.95386,1.19937,8.32353,0.42336,18.483,0.42336,0,0,442.007,0,1.02816,0,0,2.12212,1.09396,1.028160,1,0,44.3844,0,0,0,44.3844,0
57.4815,2.31996,0,0,2.11923,0.290673,0.36288,3.6288,61.308,0.255981,0,0,0.976113,0.248823,0.471309,0.66528,12.849,1,0.510993,0.36288,0,34.8022,4.07358,30.5805,0.84672,12.849,0.84672,3695.15,0,18.483,0,0.841242,1.52246,6.15731,1.19937,7.32164,0.42336,18.483,0.42336,0,0,442.007,0,1.02816,0,0,1.8694,0.841242,1.028160,1,0,38.3734,0,0,0,38.3734,0
56.1993,2.31405,0,0,1.68299,0.28826,0.36288,3.6288,61.308,0.256142,0,0,0.803356,0.248823,0.298391,0.66528,12.849,1,0.517265,0.36288,0,31.2625,4.07358,27.0345,0.84672,12.849,0.84672,3695.15,0,18.483,0,0.566819,1.52265,5.2127,1.19937,6.1028,0.42336,18.483,0.42336,0,0,442.007,0,1.02816,0,0,1.59498,0.566819,1.028160,1,0,33.4357,0,0,0,33.4357,0
55.2973,2.30473,0,0,2.02961,0.26405,0.36288,3.6288,61.308,0.256303,0,0,1.12497,0.239094,0.629574,0.66528,12.849,1,0.526936,0.36288,0,32.8773,4.00998,28.7032,0.84672,12.849,0.84672,3695.15,0,18.483,0,0.869616,1.52284,6.47357,1.0897,7.77633,0.42336,18.483,0.42336,0,0,442.007,0,1.02816,0,0,1.89778,0.869616,1.028160,1,0,37.1091,0,0,0,37.1091,0
54.5454,2.52219,0,0,2.3601,0.226967,0.36288,3.6288,61.308,0.407509,0,0,1.50577,0.239491,0.858771,0.66528,12.849,1,0.586061,0.36288,0,33.9527,3.9552,29.7743,0.84672,12.849,0.84672,3695.15,0,18.483,0,1.42073,1.52303,6.92608,1.1294,8.74044,0.42336,18.483,0.42336,0,0,442.007,0,1.02816,0,0,2.44889,1.42073,1.028160,1,0,39.3735,0,0,0,39.3735,0
53.8636,2.51597,0,0,2.40785,0.210805,0.36288,3.6288,61.308,0.407689,0,0,1.03968,0.245261,0.386726,0.66528,12.849,1,0.592674,0.36288,0,32.2098,3.94989,28.0302,0.84672,12.849,0.84672,3695.15,0,18.483,0,1.32358,1.69168,5.69243,1.22086,7.48683,0.42336,18.483,0.42336,0,0,442.007,0,1.02816,0,0,2.35174,1.32358,1.028160,1,0,35.9037,0,0,0,35.9037,0
54.9995,2.51022,0,0,4.21845,0.209355,0.36288,3.6288,61.308,0.40787,0,0,1.56567,0.245261,0.912541,0.66528,12.849,1,0.598807,0.36288,0,77.0802,3.94989,72.8944,0.84672,12.849,0.84672,3695.15,0,18.483,0,2.10095,1.6919,16.6425,1.22086,19.2144,0.42336,18.483,0.42336,0,0,442.007,0,1.02816,0,0,3.12911,2.10095,1.028160,1,0,93.0214,0,0,0,93.0214,0
55.9318,2.52057,0,0,4.02707,0.21142,0.36288,3.6288,61.308,0.40805,0,0,1.49994,0.198242,0.893647,0.66528,12.849,1,0.588855,0.36288,0,89.1207,3.55488,85.3399,0.84672,12.849,0.84672,3695.15,0,18.483,0,2.27546,1.69211,9.49864,1.03025,12.436,0.42336,18.483,0.42336,0,0,442.007,0,1.02816,0,0,3.30362,2.27546,1.028160,1,0,98.6695,0,0,0,98.6695,0
56.5298,2.20831,0,0,3.4094,0.240164,0.36288,3.6288,61.308,0.205425,0,0,1.32435,0.178696,0.940227,0.66528,12.849,1,0.507308,0.36288,0,71.6541,3.81328,67.6964,0.84672,12.849,0.84672,3695.15,0,18.483,0,1.45601,1.69232,9.69952,0.991428,11.8564,0.42336,18.483,0.42336,0,0,442.007,0,1.02816,0,0,2.48417,1.45601,1.028160,1,0,80.4931,0,0,0,80.4931,0
58.4968,2.21297,0,0,4.8047,0.26183,0.36288,3.6288,61.308,0.20558,0,0,2.03189,0.169913,1.6564,0.66528,12.849,1,0.502998,0.36288,0,91.7041,4.05646,87.5075,0.84672,12.849,0.84672,3695.15,0,18.483,0,2.63169,1.46198,13.9544,0.986141,17.0619,0.42336,18.483,0.42336,0,0,442.007,0,1.02816,0,0,3.65985,2.63169,1.028160,1,0,106.226,0,0,0,106.226,0
60.1436,2.22711,0,0,4.50373,0.266925,0.36288,3.6288,61.308,0.205735,0,0,1.5198,0.169913,1.14415,0.66528,12.849,1,0.489192,0.36288,0,73.143,4.05646,68.9603,0.84672,12.849,0.84672,3695.15,0,18.483,0,1.74214,1.46216,11.4658,0.986141,13.684,0.42336,18.483,0.42336,0,0,442.007,0,1.02816,0,0,2.7703,1.74214,1.028160,1,0,83.7884,0,0,0,83.7884,0
60.8333,2.23843,0,0,3.56212,0.27119,0.36288,3.6288,61.308,0.20589,0,0,1.11446,0.169913,0.738653,0.66528,12.849,1,0.478215,0.36288,0,77.7306,4.05646,73.5588,0.84672,12.849,0.84672,3695.15,0,18.483,0,0.90739,1.46234,8.72433,0.986141,10.1079,0.42336,18.483,0.42336,0,0,442.007,0,1.02816,0,0,1.93555,0.90739,1.028160,1,0,84.4054,0,0,0,84.4054,0
60.4016,2.24319,0,0,2.44415,0.269747,0.36288,3.6288,61.308,0.206044,0,0,0.831833,0.159722,0.466066,0.66528,12.849,1,0.473799,0.36288,0,58.0276,3.89853,54.0182,0.84672,12.849,0.84672,3695.15,0,18.483,0,0.577817,1.46253,7.48164,0.944377,8.57761,0.42336,18.483,0.42336,0,0,442.007,0,1.02816,0,0,1.60598,0.577817,1.028160,1,0,63.0619,0,0,0,63.0619,0
60.1357,2.32255,0,0,2.74219,0.322627,0.36288,3.6288,61.308,0.296426,0,0,1.20624,0.140691,0.769121,0.66528,12.849,1,0.494066,0.36288,0,37.8518,3.56128,34.1594,0.84672,12.849,0.84672,3695.15,0,18.483,0,0.558835,1.46271,6.16126,0.781468,7.40134,0.42336,18.483,0.42336,0,0,442.007,0,0.987578,0,0,1.54641,0.558835,1.028160,1,0,42.3298,0,0,0,42.3298,0
59.4432,2.32104,0,0,2.31322,0.321845,0.36288,3.6288,61.308,0.413547,0,0,1.02451,0.140691,0.470276,0.66528,12.849,1,0.495928,0.36288,0,35.2152,3.56128,31.5208,0.84672,12.849,0.84672,3695.15,0,18.483,0,0.528595,1.51985,5.17473,0.781468,6.44171,0.42336,18.483,0.42336,0,0,442.007,0,0.870618,0,0,1.39921,0.528595,1.028160,1,0,38.4328,0,0,0,38.4328,0
58.6425,2.31658,0,0,2.19849,0.319716,0.36288,3.6288,61.308,0.256167,0,0,0.833803,0.140691,0.436945,0.66528,12.849,1,0.500742,0.36288,0,29.0918,3.56128,25.3927,0.84672,12.849,0.84672,3695.15,0,18.483,0,0.661271,1.52005,4.38949,0.781468,5.78934,0.42336,18.483,0.42336,0,0,442.007,0,1.02816,0,0,1.68943,0.661271,1.028160,1,0,31.619,0,0,0,31.619,0
57.9158,2.31126,0,0,2.23951,0.292074,0.36288,3.6288,61.308,0.262359,0,0,0.747948,0.0787651,0.406824,0.66528,12.849,1,0.506414,0.36288,0,28.4731,2.33373,25.9959,0.84672,12.849,0.84672,3695.15,0,18.483,0,0.528595,1.52024,3.36438,0.609454,4.80376,0.42336,18.483,0.42336,0,0,442.007,0,1.02213,0,0,1.55072,0.528595,1.028160,1,0,31.2064,0,0,0,31.2064,0
57.3231,2.27456,0,0,2.32876,0.284,0.36288,3.6288,61.308,0.237198,0,0,1.05061,0.14078,0.672629,0.66528,12.849,1,0.504626,0.36288,0,33.3179,3.75111,29.4251,0.84672,12.849,0.84672,3695.15,0,18.483,0,0.788728,1.52043,4.51681,0.897372,5.92859,0.42336,18.483,0.42336,0,0,442.007,0,1.02816,0,0,1.81689,0.788728,1.028160,1,0,36.0263,0,0,0,36.0263,0
56.5343,2.27058,0,0,2.10313,0.258477,0.36288,3.6288,61.308,0.237357,0,0,0.917032,0.178874,0.500802,0.66528,12.849,1,0.508952,0.36288,0,30.0501,4.27165,25.6324,0.84672,12.849,0.84672,3695.15,0,18.483,0,0.668537,1.49844,4.30338,0.967017,5.50333,0.42336,18.483,0.42336,0,0,442.007,0,1.02816,0,0,1.6967,0.668537,1.028160,1,0,31.6365,0,0,0,31.6365,0
55.6784,2.26508,0,0,1.97933,0.207242,0.36288,3.6288,61.308,0.237515,0,0,0.912004,0.205033,0.469456,0.66528,12.849,1,0.514803,0.36288,0,28.0234,4.5023,23.3692,0.84672,12.849,0.84672,3695.15,0,18.483,0,0.642678,1.49862,4.2826,0.980789,5.44311,0.42336,18.483,0.42336,0,0,442.007,0,1.02816,0,0,1.67084,0.642678,1.028160,1,0,29.2818,0,0,0,29.2818,0
54.7586,2.25894,0,0,1.90747,0.205487,0.36288,3.6288,61.308,0.237674,0,0,0.91152,0.205033,0.468813,0.66528,12.849,1,0.521298,0.36288,0,26.7932,4.5023,22.1325,0.84672,12.849,0.84672,3695.15,0,18.483,0,0.701317,1.49881,4.7058,0.980789,5.92514,0.42336,18.483,0.42336,0,0,442.007,0,1.02816,0,0,1.72948,0.701317,1.028160,1,0,28.5265,0,0,0,28.5265,0
53.62,2.35896,0,0,1.79124,0.207986,0.36288,3.6288,61.308,0.306279,0,0,0.911166,0.212926,0.39196,0.66528,12.849,1,0.553525,0.36288,0,24.9318,4.76251,19.9786,0.84672,12.849,0.84672,3695.15,0,18.483,0,0.461955,1.499,3.84464,1.02435,4.78124,0.42336,18.483,0.42336,0,0,442.007,0,1.02816,0,0,1.49011,0.461955,1.028160,1,0,25.1518,0,0,0,25.1518,0
52.1559,2.34977,0,0,1.4266,0.178063,0.36288,3.6288,61.308,0.353233,0,0,0.652363,0.216084,0.0830464,0.66528,12.849,1,0.563078,0.36288,0,19.8298,4.89961,14.73,0.84672,12.849,0.84672,3695.15,0,18.483,0,0.402797,1.57679,3.13202,1.05372,4.05788,0.42336,18.483,0.42336,0,0,442.007,0,0.981374,0,0,1.38417,0.402797,1.028160,1,0,18.871,0,0,0,18.871,0
50.6339,2.33738,0,0,1.34088,0.162645,0.36288,3.6288,61.308,0.306614,0,0,0.67938,0.219654,0.153112,0.66528,12.849,1,0.575832,0.36288,0,18.2653,5.00797,13.0444,0.84672,12.849,0.84672,3695.15,0,18.483,0,0.359476,1.57699,3.18317,1.03366,4.08597,0.42336,18.483,0.42336,0,0,442.007,0,1.02816,0,0,1.38764,0.359476,1.028160,1,0,17.2835,0,0,0,17.2835,0
49.0756,2.32387,0,0,1.28851,0.160085,0.36288,3.6288,61.308,0.317547,0,0,0.692081,0.219654,0.154879,0.66528,12.849,1,0.589712,0.36288,0,17.2192,5.00797,11.9844,0.84672,12.849,0.84672,3695.15,0,18.483,0,0.30119,1.57718,3.17406,1.03366,4.01877,0.42336,18.483,0.42336,0,0,442.007,0,1.01739,0,0,1.31858,0.30119,1.028160,1,0,16.158,0,0,0,16.158,0
47.4198,2.30932,0,0,1.16687,0.150377,0.36288,3.6288,61.2851,0.426596,0,0,0.627586,0.223925,0,0.66528,12.849,1,0.604628,0.36288,0,15.9163,5.01977,10.6548,0.84672,12.849,0.84672,3695.15,0,18.483,0,0.30119,1.57738,2.85386,1.04429,3.68814,0.42336,18.483,0.42336,0,0,442.007,0,0.908513,0,0,1.2097,0.30119,1.028160,1,0,14.343,0,0,0,14.343,0
45.5547,2.27246,0,0,0.876148,0.10596,0.36288,3.6288,60.8948,0.632636,0,0,0.491862,0.24951,0,0.66528,12.849,1,0.615752,0.36288,0,13.682,5.0905,8.33867,0.84672,12.849,0.84672,3695.15,0,18.483,0,0.30119,1.57758,2.44786,1.10808,3.21855,0.42336,18.483,0.42336,0,0,442.007,0,0.740284,0,0,1.04147,0.30119,1.028160,1,0,11.5572,0,0,0,11.5572,0
43.636,2.25308,0,0,0.801066,0.10379,0.36288,3.6288,60.5522,0.573763,0,0,0.480057,0.248894,0,0.66528,12.849,1,0.635496,0.36288,0,13.4888,5.0905,8.12565,0.84672,12.849,0.84672,3695.15,0,18.483,0,0.261274,1.60197,2.41776,1.10808,3.17292,0.42336,18.483,0.42336,0,0,442.007,0,0.79933,0,0,1.0606,0.261274,1.028160,1,0,11.2986,0,0,0,11.2986,0
41.6719,2.23177,0,0,0.732102,0.101557,0.36288,3.6288,60.0246,0.728141,0,0,0.448927,0.248354,0,0.66528,12.849,1,0.657165,0.36288,0,12.6874,5.0905,7.30262,0.84672,12.849,0.84672,3695.15,0,18.483,0,0.261274,1.60217,2.3007,1.10808,3.05606,0.42336,18.483,0.42336,0,0,442.007,0,0.645123,0,0,0.906397,0.261274,1.028160,1,0,10.3587,0,0,0,10.3587,0
39.6888,2.20838,0,0,0.673186,0.0850509,0.36288,3.6288,59.4313,0.727718,0,0,0.425419,0.291042,0,0.66528,12.849,1,0.680924,0.36288,0,11.3596,5.65511,5.38646,0.84672,12.849,0.84672,3695.15,0,18.483,0,0.261274,1.60237,2.19059,1.31417,2.74007,0.42336,18.483,0.42336,0,0,442.007,0,0.645719,0,0,0.906993,0.261274,1.028160,1,0,8.12653,0,0,0,8.12653,0
37.6976,2.23389,0,0,0.674663,0.0690934,0.36288,3.6288,58.5486,0.944934,0,0,0.380559,0.318292,0,0.66528,12.849,1,0.723209,0.36288,0,10.3598,5.8051,4.19436,0.84672,12.849,0.84672,3695.15,0,18.483,0,0.261274,1.60257,1.95768,1.4419,2.37963,0.42336,18.483,0.42336,0,0,442.007,0,0.46224,0,0,0.723514,0.261274,1.028160,1,0,6.57398,0,0,0,6.57398,0
35.7556,2.20568,0,0,0.692729,0.06612,0.36288,3.6288,57.7477,0.874772,0,0,0.388689,0.314838,0,0.66528,12.849,1,0.751793,0.36288,0,14.354,5.69572,8.26934,0.84672,12.849,0.84672,3695.15,0,18.483,0,0.261274,1.64134,2.16228,1.43116,2.63374,0.42336,18.483,0.42336,0,0,442.007,0,0.532578,0,0,0.793852,0.261274,1.028160,1,0,10.9031,0,0,0,10.9031,0
33.7983,2.17592,0,0,0.646073,0.0646117,0.36288,3.6288,56.9274,0.851318,0,0,0.344275,0.313215,0,0.66528,12.849,1,0.781928,0.36288,0,11.3553,5.69572,5.24052,0.84672,12.849,0.84672,3695.15,0,18.483,0,0.227405,1.64155,1.97367,1.43116,2.41146,0.42336,18.483,0.42336,0,0,442.007,0,0.556209,0,0,0.783613,0.227405,1.028160,1,0,7.65198,0,0,0,7.65198,0
31.8166,2.14337,0,0,0.587664,0.0630915,0.36288,3.6288,55.9651,0.974126,0,0,0.32338,0.311554,0,0.66528,12.849,1,0.81484,0.36288,0,10.4415,5.69572,4.29384,0.84672,12.849,0.84672,3695.15,0,18.483,0,0.227405,1.64176,1.80632,1.43116,2.24432,0.42336,18.483,0.42336,0,0,442.007,0,0.433578,0,0,0.660982,0.227405,1.028160,1,0,6.53816,0,0,0,6.53816,0
29.7637,2.24824,0,0,0.610367,0.0521893,0.36288,3.6288,55.0528,0.94414,0,0,0.35066,0.318884,0,0.66528,12.849,1,0.90794,0.36288,0,10.0755,5.82769,3.70278,0.84672,12.849,0.84672,3695.15,0,18.483,0,0.227405,1.64196,2.30019,1.4905,2.67906,0.42336,18.483,0.42336,0,0,442.007,0,0.584953,0,0,0.812358,0.227405,1.028160,1,0,6.38184,0,0,0,6.38184,0
27.6813,2.20477,0,0,0.535448,0.0501815,0.36288,3.6288,53.9778,1.05268,0,0,0.300373,0.322628,0,0.66528,12.849,1,0.951801,0.36288,0,10.0409,5.63419,3.81777,0.84672,12.849,0.84672,3695.15,0,18.483,0,0.227405,1.77284,1.75153,1.53427,2.2175,0.42336,18.483,0.42336,0,0,442.007,0,0.476601,0,0,0.704006,0.227405,1.028160,1,0,6.03528,0,0,0,6.03528,0
25.5437,2.15614,0,0,0.430155,0.0487771,0.36288,3.6288,52.6296,1.24514,0,0,0.217259,0.320346,0,0.66528,12.849,1,1.00083,0.36288,0,9.81167,5.63419,3.53953,0.84672,12.849,0.84672,3695.15,0,18.483,0,0.204422,1.77307,1.40609,1.53427,1.84931,0.42336,18.483,0.42336,0,0,442.007,0,0.284333,0,0,0.488755,0.204422,1.028160,1,0,5.38883,0,0,0,5.38883,0
23.5685,2.10068,0,0,0.535708,0.0473356,0.36288,3.6288,51.8744,0.809547,0,0,0.371329,0.316979,0,0.66528,12.2766,1,1.05669,0.36288,0,8.96106,5.63419,3.20544,0.84672,12.2766,0.84672,3695.15,0,18.483,0,0.204422,1.77329,2.17411,1.53427,2.61755,0.42336,18.483,0.42336,0,0,442.007,0,0.720121,0,0,0.924543,0.204422,1.028160,1,0,5.82299,0,0,0,5.82299,0
21.5131,2.07626,0,0,0.434274,0.0505112,0.36288,3.6288,50.7667,1.09548,0,0,0.264041,0.276258,0,0.66528,11.2041,1,1.0815,0.36288,0,6.76179,4.52512,3.20544,0.84672,11.2041,0.84672,3694.54,0,18.483,0,0.204422,1.77351,2.17553,1.10255,3.05091,0.42336,18.483,0.42336,0,0,442.007,0,0.434379,0,0,0.638801,0.204422,1.028160,1,0,6.25635,0,0,0,6.25635,0
19.69,2.01327,0,0,0.651646,0.0986224,0.36288,3.6288,50.5171,0.428274,0,0,0.469674,0.290978,0,0.66528,12.849,1,1.04852,0.36288,0,15.6676,4.85699,7.86519,0.84672,12.849,0.84672,3695.15,0,18.483,0,0.340468,1.77373,2.66433,1.31805,3.46048,0.42336,18.483,0.42336,0,0,442.007,0,1.02816,0,0,1.36863,0.340468,1.028160,1,0,11.3257,0,0,0,11.3257,0
17.9405,1.85299,0,0,0.56261,0.0961765,0.36288,3.6288,50.4783,0.428457,0,0,0.679999,0.290386,0,0.66528,12.849,1,1.2092,0.36288,0,13.5607,4.85699,7.85744,0.84672,12.849,0.84672,3695.15,0,18.483,0,1.3293,1.69902,3.03623,1.31805,4.7465,0.42336,18.483,0.42336,0,0,442.007,0,1.02816,0,0,2.35746,1.3293,1.028160,1,0,12.6039,0,0,0,12.6039,0
16.1875,1.7845,0,0,0.488232,0.0938295,0.36288,3.6288,50.1356,0.42864,0,0,0.376288,0.290294,0,0.66528,12.849,1,1.27806,0.36288,0,13.9242,4.85699,8.15206,0.84672,12.849,0.84672,3695.15,0,18.483,0,0.345177,1.69924,2.2521,1.31805,2.97846,0.42336,18.483,0.42336,0,0,442.007,0,1.02816,0,0,1.37334,0.345177,1.028160,1,0,11.1305,0,0,0,11.1305,0
14.5006,1.70756,0,0,0.474933,0.0914656,0.36288,3.6288,49.7654,0.428822,0,0,0.34811,0.289482,0,0.66528,12.849,1,1.35539,0.36288,0,12.7195,4.85699,6.87005,0.84672,12.849,0.84672,3695.15,0,18.483,0,0.227664,1.69945,2.21293,1.31805,2.82199,0.42336,18.483,0.42336,0,0,442.007,0,1.02816,0,0,1.25582,0.227664,1.028160,1,0,9.69204,0,0,0,9.69204,0
13.2595,1.5822,0,0,0.860798,0.156742,0.36288,3.6288,49.7387,0.361961,0,0,0.531886,0.19668,0,0.66528,12.849,1,1.402,0.36288,0,19.7168,3.71891,14.9588,0.84672,12.849,0.84672,3695.15,0,18.483,0,0.379063,1.69966,2.90726,0.994983,3.991,0.42336,18.483,0.42336,0,0,442.007,0,1.02816,0,0,1.40722,0.379063,1.028160,1,0,18.9498,0,0,0,18.9498,0
12.0329,1.51575,0,0,0.81972,0.167743,0.36288,3.6288,49.2072,0.694162,0,0,0.360481,0.197781,0,0.66528,12.849,1,1.46882,0.36288,0,17.8918,3.98948,12.7964,0.84672,12.849,0.84672,3695.15,0,18.483,0,0.216518,1.63325,2.56726,1.1368,3.28022,0.42336,18.483,0.42336,0,0,442.007,0,0.696133,0,0,0.912652,0.216518,1.028160,1,0,16.0766,0,0,0,16.0766,0
11.02,1.44352,0,0,0.956794,0.163242,0.36288,3.6288,49.3549,0.36231,0,0,0.706893,0.196918,0,0.66528,12.849,1,1.54143,0.36288,0,20.8259,3.98948,15.6578,0.84672,12.849,0.84672,3695.15,0,18.483,0,1.08256,1.63345,4.07607,1.1368,5.65528,0.42336,18.483,0.42336,0,0,442.007,0,1.02816,0,0,2.11072,1.08256,1.028160,1,0,21.3131,0,0,0,21.3131,0
11.6728,1.37829,0,0,2.55346,0.159526,0.36288,3.6288,50.5264,0.362484,0,0,1.73114,0.197158,0,0.66528,12.849,1,1.60704,0.36288,0,61.2056,3.98948,55.972,0.84672,12.849,0.84672,3695.15,0,18.483,0,2.92097,1.63366,7.6954,1.1368,11.1132,0.42336,18.483,0.42336,0,0,442.007,0,1.02816,0,0,3.94913,2.92097,1.028160,1,0,67.0852,0,0,0,67.0852,0
11.5159,1.31421,0,0,1.68085,0.160674,0.36288,3.6288,50.9206,0.222956,0,0,0.797132,0.179939,0,0.66528,12.849,1,1.44663,0.36288,0,33.8698,3.67233,29.1137,0.84672,12.849,0.84672,3695.15,0,18.483,0,0.303523,1.63386,3.94216,1.00398,4.87556,0.42336,18.483,0.42336,0,0,442.007,0,1.02816,0,0,1.33168,0.303523,1.028160,1,0,33.9892,0,0,0,33.9892,0
11.9129,1.30506,0,0,2.21889,0.153903,0.36288,3.6288,51.265,0.223113,0,0,0.753019,0.18549,0,0.66528,12.849,1,1.45613,0.36288,0,49.9529,3.99136,44.8682,0.84672,12.849,0.84672,3695.15,0,18.483,0,1.06473,1.48399,4.98217,0.960574,6.57032,0.42336,18.483,0.42336,0,0,442.007,0,1.02816,0,0,2.09289,1.06473,1.028160,1,0,51.4386,0,0,0,51.4386,0
12.4228,1.32857,0,0,2.35664,0.155293,0.36288,3.6288,51.5882,0.223269,0,0,0.732421,0.18601,0,0.66528,12.849,1,1.43296,0.36288,0,50.1825,3.99136,45.1211,0.84672,12.849,0.84672,3695.15,0,18.483,0,0.868942,1.48418,4.42248,0.960574,5.81503,0.42336,18.483,0.42336,0,0,442.007,0,1.02816,0,0,1.8971,0.868942,1.028160,1,0,50.9361,0,0,0,50.9361,0
12.5082,1.35765,0,0,1.96298,0.157078,0.36288,3.6288,51.8924,0.223426,0,0,0.714157,0.186497,0,0.66528,12.849,1,1.40423,0.36288,0,49.9822,3.99136,44.9495,0.84672,12.849,0.84672,3695.15,0,18.483,0,0.771129,1.48437,4.41754,0.960574,5.71246,0.42336,18.483,0.42336,0,0,442.007,0,1.02816,0,0,1.79929,0.771129,1.028160,1,0,50.662,0,0,0,50.662,0
13.8799,1.36255,0,0,3.25358,0.156449,0.36288,3.6288,52.1737,0.223583,0,0,0.712084,0.207168,0,0.66528,12.849,1,1.39967,0.36288,0,46.5725,4.65287,40.8829,0.84672,12.849,0.84672,3695.15,0,18.483,0,1.10561,1.48455,4.61895,1.16593,6.04318,0.42336,18.483,0.42336,0,0,442.007,0,1.02816,0,0,2.13377,1.10561,1.028160,1,0,46.9261,0,0,0,46.9261,0
15.8229,1.4795,0,0,3.93702,0.151661,0.36288,3.6288,54.3514,0.264214,0,0,2.66291,0.221019,0,0.66528,12.849,1,1.36961,0.36288,0,77.5479,4.1751,72.3661,0.84672,12.849,0.84672,3695.15,0,18.483,0,3.39643,1.48474,10.4511,1.1682,14.1641,0.42336,18.483,0.42336,0,0,442.007,0,1.02816,0,0,4.42459,3.39643,1.028160,1,0,86.5302,0,0,0,86.5302,0
17.7159,1.57249,0,0,3.98491,0.156485,0.36288,3.6288,56.6764,0.264365,0,0,2.81383,0.224434,0,0.66528,12.849,1,1.27694,0.36288,0,88.2092,4.01279,83.2824,0.84672,12.849,0.84672,3695.15,0,18.483,0,3.5963,1.53241,10.6135,1.14291,14.5993,0.42336,18.483,0.42336,0,0,442.007,0,1.02816,0,0,4.62446,3.5963,1.028160,1,0,97.8816,0,0,0,97.8816,0
20.3517,1.65177,0,0,4.81162,0.161222,0.36288,3.6288,58.7916,0.264516,0,0,2.60755,0.227885,0,0.66528,12.849,1,1.198,0.36288,0,122.614,4.01279,117.766,0.84672,12.849,0.84672,3695.15,0,18.483,0,3.24556,1.53259,10.5264,1.14291,14.1616,0.42336,18.483,0.42336,0,0,442.007,0,1.02816,0,0,4.27372,3.24556,1.028160,1,0,131.927,0,0,0,131.927,0
21.0891,1.74708,0,0,3.01669,0.169267,0.36288,3.6288,60.2852,0.264667,0,0,1.97821,0.219988,0,0.66528,12.849,1,1.10302,0.36288,0,69.2375,3.87914,64.6182,0.84672,12.849,0.84672,3695.15,0,18.483,0,2.08034,1.53277,8.4659,1.09134,10.9877,0.42336,18.483,0.42336,0,0,442.007,0,1.02816,0,0,3.1085,2.08034,1.028160,1,0,75.6059,0,0,0,75.6059,0
23.8701,1.94402,0,0,5.27564,0.187776,0.36288,3.6288,61.308,0.416845,0,0,3.08276,0.201053,1.44201,0.66528,12.849,1,1.18444,0.36288,0,98.8347,3.71282,94.3003,0.84672,12.849,0.84672,3695.15,0,18.483,0,3.78486,1.53295,14.0613,0.979038,18.4001,0.42336,18.483,0.42336,0,0,442.007,0,1.02816,0,0,4.81302,3.78486,1.028160,1,0,114.142,0,0,0,114.142,0
28.659,2.03397,0,0,7.39722,0.211513,0.36288,3.6288,61.308,0.417014,0,0,5.27094,0.211497,4.64243,0.66528,12.849,1,1.09486,0.36288,0,144.408,3.93656,139.74,0.84672,12.849,0.84672,3695.15,0,18.483,0,5.80743,1.70268,18.3971,1.00119,24.906,0.42336,18.483,0.42336,0,0,442.007,0,1.02816,0,0,6.83559,5.80743,1.028160,1,0,169.288,0,0,0,169.288,0
33.5035,2.16054,0,0,7.59421,0.226297,0.36288,3.6288,61.308,0.417182,0,0,5.38551,0.211497,4.75683,0.66528,12.849,1,0.968657,0.36288,0,162.537,3.93656,157.995,0.84672,12.849,0.84672,3695.15,0,18.483,0,5.35956,1.70288,23.1606,1.00119,29.2219,0.42336,18.483,0.42336,0,0,442.007,0,1.02816,0,0,6.38772,5.35956,1.028160,1,0,191.974,0,0,0,191.974,0
39.9341,2.26204,0,0,9.29655,0.240986,0.36288,3.6288,61.308,0.417351,0,0,5.77696,0.211497,5.14811,0.66528,12.849,1,0.86752,0.36288,0,221.56,3.93656,217.119,0.84672,12.849,0.84672,3695.15,0,18.483,0,6.17783,1.70308,24.9831,1.00119,31.8628,0.42336,18.483,0.42336,0,0,442.007,0,1.02816,0,0,7.20599,6.17783,1.028160,1,0,254.13,0,0,0,254.13,0
46.147,2.06785,0,0,8.90472,0.26111,0.36288,3.6288,61.308,0.213403,0,0,5.17856,0.180305,4.78485,0.66528,12.849,1,0.66534,0.36288,0,177.161,3.37848,173.48,0.84672,12.849,0.84672,3695.15,0,18.483,0,6.07922,1.70328,20.1017,0.834326,27.0499,0.42336,18.483,0.42336,0,0,442.007,0,1.02816,0,0,7.10738,6.07922,1.028160,1,0,205.314,0,0,0,205.314,0
47.9759,2.13816,0,0,4.60575,0.275828,0.36288,3.6288,61.308,0.213548,0,0,2.72843,0.153294,2.36158,0.66528,12.849,1,0.595342,0.36288,0,130.33,3.12396,126.974,0.84672,12.849,0.84672,3695.15,0,18.483,0,4.76408,1.47143,13.0378,0.775708,18.4976,0.42336,18.483,0.42336,0,0,442.007,0,1.02816,0,0,5.79224,4.76408,1.028160,1,0,147.833,0,0,0,147.833,0
51.474,2.15632,0,0,6.29875,0.281446,0.36288,3.6288,61.308,0.213694,0,0,2.89305,0.153294,2.52606,0.66528,12.849,1,0.577509,0.36288,0,144.901,3.12396,141.562,0.84672,12.849,0.84672,3695.15,0,18.483,0,4.17632,1.4716,14.866,0.775708,19.7382,0.42336,18.483,0.42336,0,0,442.007,0,1.02816,0,0,5.20448,4.17632,1.028160,1,0,163.826,0,0,0,163.826,0
53.9663,2.18798,0,0,5.30264,0.259455,0.36288,3.6288,61.308,0.213839,0,0,3.04654,0.17197,2.66073,0.66528,12.849,1,0.546166,0.36288,0,138.172,3.85587,134.133,0.84672,12.849,0.84672,3695.15,0,18.483,0,5.78374,1.47177,13.6064,0.961168,19.9008,0.42336,18.483,0.42336,0,0,442.007,0,1.02816,0,0,6.8119,5.78374,1.028160,1,0,156.694,0,0,0,156.694,0
57.7803,2.20861,0,0,6.66102,0.275508,0.36288,3.6288,61.308,0.213984,0,0,3.24057,0.158548,2.86804,0.66528,12.849,1,0.525854,0.36288,0,110.648,4.33818,106.147,0.84672,12.849,0.84672,3695.15,0,18.483,0,3.92612,1.47195,13.1924,0.922943,17.6675,0.42336,18.483,0.42336,0,0,442.007,0,1.02816,0,0,4.95428,3.92612,1.028160,1,0,126.683,0,0,0,126.683,0
61.0202,2.31901,0,0,6.17703,0.255277,0.36288,3.6288,61.308,0.264093,0,0,2.79653,0.142234,2.3902,0.66528,12.849,1,0.515694,0.36288,0,102.949,4.68594,98.1103,0.84672,12.849,0.84672,3695.15,0,18.483,0,3.62195,1.47212,10.633,0.92009,14.807,0.42336,18.483,0.42336,0,0,442.007,0,1.02816,0,0,4.65011,3.62195,1.028160,1,0,115.307,0,0,0,115.307,0
64.3305,2.3419,0,0,6.29355,0.278462,0.36288,3.6288,61.308,0.264244,0,0,3.21204,0.164622,2.78318,0.66528,12.849,1,0.493134,0.36288,0,104.693,4.0384,100.525,0.84672,12.849,0.84672,3695.15,0,18.483,0,3.98069,1.52962,10.6914,0.919031,15.2827,0.42336,18.483,0.42336,0,0,442.007,0,1.02816,0,0,5.00885,3.98069,1.028160,1,0,118.591,0,0,0,118.591,0
70.654,2.36333,0,0,9.33578,0.28611,0.36288,3.6288,61.308,0.264395,0,0,4.69976,0.164622,4.27075,0.66528,12.849,1,0.472038,0.36288,0,160.231,4.0384,156.083,0.84672,12.849,0.84672,3695.15,0,18.483,0,7.18001,1.5298,16.7597,0.919031,24.5505,0.42336,18.483,0.42336,0,0,442.007,0,1.02816,0,0,8.20817,7.18001,1.028160,1,0,184.904,0,0,0,184.904,0
72.29,2.39936,0,0,7.12869,0.30072,2.79257,3.6288,61.308,0.264546,0,0,3.95551,0.164622,3.52635,0.66528,12.849,1,0.436343,2.79257,0,119.421,4.0384,117.739,0.84672,12.849,0.84672,3695.15,0,18.483,0,4.93239,1.52998,13.4903,0.919031,19.0337,0.42336,18.483,0.42336,0,0,442.007,0,1.02816,0,0,5.96055,4.93239,1.028160,1,0,140.299,0,0,0,140.299,0
72.29,2.37484,0,0,5.51512,0.257092,2.88319,3.6288,61.308,0.245283,0,0,4.03913,0.197549,3.5963,0.66528,12.849,1,0.422109,2.88319,0,87.5474,3.92223,86.0862,0.84672,12.849,0.84672,3695.15,0,18.483,0,4.97365,1.53015,12.555,0.966501,18.0923,0.42336,18.483,0.42336,0,0,442.007,0,1.02816,0,0,6.00181,4.97365,1.028160,1,0,107.775,0,0,0,107.775,0
72.29,2.37511,0,0,5.47378,0.238129,2.86053,3.6288,61.308,0.245431,0,0,2.87472,0.210721,2.41857,0.66528,12.849,1,0.422158,2.86053,0,104.357,3.87576,102.919,0.84672,12.849,0.84672,3695.15,0,18.483,0,4.06589,1.50801,9.26744,0.985489,13.8558,0.42336,18.483,0.42336,0,0,442.007,0,1.02816,0,0,5.09405,4.06589,1.028160,1,0,119.194,0,0,0,119.194,0
72.29,2.37539,0,0,4.27367,0.238129,1.66015,3.6288,61.308,0.24558,0,0,2.12845,0.210721,1.67215,0.66528,12.849,1,0.422208,1.66015,0,83.7605,3.87576,81.1227,0.84672,12.849,0.84672,3695.15,0,18.483,0,3.73848,1.50819,8.44188,0.985489,12.7031,0.42336,18.483,0.42336,0,0,442.007,0,1.02816,0,0,4.76664,3.73848,1.028160,1,0,95.4979,0,0,0,95.4979,0
72.29,2.37567,0,0,3.95366,0.238129,1.33986,3.6288,61.308,0.245729,0,0,1.70695,0.210721,1.2505,0.66528,12.849,1,0.422257,1.33986,0,59.3082,3.87576,56.3501,0.84672,12.849,0.84672,3695.15,0,18.483,0,2.64306,1.50836,7.11504,0.985489,10.281,0.42336,18.483,0.42336,0,0,442.007,0,1.02816,0,0,3.67122,2.64306,1.028160,1,0,67.8816,0,0,0,67.8816,0
72.29,2.48865,0,0,3.4393,0.193956,0.756689,3.6288,61.308,0.314759,0,0,1.60849,0.217812,1.07592,0.66528,12.849,1,0.442339,0.756689,0,53.8167,4.27416,49.8568,0.84672,12.849,0.84672,3695.15,0,18.483,0,2.38141,1.50854,6.87623,1.04924,9.71694,0.42336,18.483,0.42336,0,0,442.007,0,1.02816,0,0,3.40957,2.38141,1.028160,1,0,60.6497,0,0,0,60.6497,0
72.29,2.48894,0,0,3.24029,0.160695,0.590655,3.6288,61.308,0.314916,0,0,1.57203,0.218058,1.03906,0.66528,12.849,1,0.442391,0.590655,0,52.2113,4.91936,47.4402,0.84672,12.849,0.84672,3695.15,0,18.483,0,2.29361,1.58681,6.94837,1.08414,9.74465,0.42336,18.483,0.42336,0,0,442.007,0,1.02816,0,0,3.32177,2.29361,1.028160,1,0,58.2239,0,0,0,58.2239,0
72.29,2.48924,0,0,3.13072,0.160695,0.480791,3.6288,61.308,0.315073,0,0,1.60356,0.218058,1.07043,0.66528,12.849,1,0.442443,0.480791,0,49.7798,4.91936,44.8988,0.84672,12.849,0.84672,3695.15,0,18.483,0,2.65546,1.58699,6.64606,1.08414,9.80437,0.42336,18.483,0.42336,0,0,442.007,0,1.02816,0,0,3.68362,2.65546,1.028160,1,0,55.7736,0,0,0,55.7736,0
72.1258,2.48953,0,0,2.87353,0.185281,0.36288,3.6288,61.308,0.31523,0,0,1.50315,0.211474,0.976449,0.66528,12.849,1,0.442494,0.36288,0,46.8056,4.49628,42.2297,0.84672,12.849,0.84672,3695.15,0,18.483,0,2.49096,1.58718,6.06086,1.10047,9.03853,0.42336,18.483,0.42336,0,0,442.007,0,1.02816,0,0,3.51912,2.49096,1.028160,1,0,52.2446,0,0,0,52.2446,0
71.858,2.48896,0,0,2.72338,0.139392,0.36288,3.6288,61.308,0.315387,0,0,1.4999,0.229595,0.954914,0.66528,12.849,1,0.443401,0.36288,0,43.6481,4.48733,39.0802,0.84672,12.849,0.84672,3695.15,0,18.483,0,2.54997,1.58736,5.95865,1.1546,8.94138,0.42336,18.483,0.42336,0,0,442.007,0,1.02816,0,0,3.57813,2.54997,1.028160,1,0,48.9765,0,0,0,48.9765,0
72.0227,2.46557,0,0,3.11604,0.122927,0.36288,3.6288,61.308,0.353424,0,0,1.20869,0.259867,0.595402,0.66528,12.849,1,0.440871,0.36288,0,44.1405,4.77456,39.2879,0.84672,12.849,0.84672,3695.15,0,18.483,0,1.66653,1.58755,5.46477,1.15984,7.55901,0.42336,18.483,0.42336,0,0,442.007,0,1.02816,0,0,2.69469,1.66653,1.028160,1,0,47.4423,0,0,0,47.4423,0
71.9336,2.46671,0,0,2.86357,0.123081,0.36288,3.6288,61.308,0.353585,0,0,1.17394,0.259867,0.56049,0.66528,12.849,1,0.440067,0.36288,0,43.4433,4.77456,38.5916,0.84672,12.849,0.84672,3695.15,0,18.483,0,1.66767,1.61208,5.51052,1.15984,7.63043,0.42336,18.483,0.42336,0,0,442.007,0,1.02816,0,0,2.69583,1.66767,1.028160,1,0,46.7825,0,0,0,46.7825,0
71.5877,2.46654,0,0,2.60654,0.122997,0.36288,3.6288,61.308,0.353747,0,0,1.09801,0.259867,0.484392,0.66528,12.849,1,0.440581,0.36288,0,41.7055,4.77456,36.8533,0.84672,12.849,0.84672,3695.15,0,18.483,0,1.30761,1.61227,5.17665,1.15984,6.93669,0.42336,18.483,0.42336,0,0,442.007,0,1.02816,0,0,2.33577,1.30761,1.028160,1,0,44.2744,0,0,0,44.2744,0
71.0481,2.46502,0,0,2.39679,0.108469,0.36288,3.6288,61.308,0.353908,0,0,1.04833,0.292774,0.401643,0.66528,12.849,1,0.442437,0.36288,0,36.9732,5.19801,31.6957,0.84672,12.849,0.84672,3695.15,0,18.483,0,1.29596,1.61246,4.98105,1.31441,6.57505,0.42336,18.483,0.42336,0,0,442.007,0,1.02816,0,0,2.32412,1.29596,1.028160,1,0,38.6724,0,0,0,38.6724,0
70.3054,2.51993,0,0,2.23925,0.099129,0.36288,3.6288,61.308,0.387845,0,0,1.00134,0.319609,0.293887,0.66528,12.849,1,0.455728,0.36288,0,30.775,5.69793,24.9842,0.84672,12.849,0.84672,3695.15,0,18.483,0,1.10443,1.61264,4.40967,1.45402,5.67273,0.42336,18.483,0.42336,0,0,442.007,0,1.02816,0,0,2.13259,1.10443,1.028160,1,0,30.9508,0,0,0,30.9508,0
69.3392,2.51616,0,0,2.01881,0.105998,0.36288,3.6288,61.308,0.388011,0,0,0.84119,0.306828,0.146351,0.66528,12.849,1,0.459852,0.36288,0,37.466,5.64942,31.7196,0.84672,12.849,0.84672,3695.15,0,18.483,0,1.05064,1.65164,4.42674,1.40415,5.72487,0.42336,18.483,0.42336,0,0,442.007,0,1.02816,0,0,2.0788,1.05064,1.028160,1,0,37.5908,0,0,0,37.5908,0
68.2504,2.51104,0,0,1.89034,0.105209,0.36288,3.6288,61.308,0.388176,0,0,0.782266,0.306828,0.0872612,0.66528,12.849,1,0.465312,0.36288,0,30.0815,5.64942,24.3297,0.84672,12.849,0.84672,3695.15,0,18.483,0,1.0121,1.65184,3.99036,1.40415,5.25014,0.42336,18.483,0.42336,0,0,442.007,0,1.02816,0,0,2.04026,1.0121,1.028160,1,0,29.6671,0,0,0,29.6671,0
66.9992,2.50509,0,0,1.72107,0.10432,0.36288,3.6288,61.308,0.388341,0,0,0.742669,0.306828,0.0474987,0.66528,12.849,1,0.471615,0.36288,0,27.4152,5.64942,21.6571,0.84672,12.849,0.84672,3695.15,0,18.483,0,0.698138,1.65203,3.7221,1.40415,4.66812,0.42336,18.483,0.42336,0,0,442.007,0,1.02816,0,0,1.7263,0.698138,1.028160,1,0,26.3727,0,0,0,26.3727,0
65.8254,2.66482,0,0,1.9493,0.0954046,0.36288,3.6288,61.308,0.510476,0,0,0.873925,0.301088,0.0623606,0.66528,12.849,1,0.511055,0.36288,0,27.8738,5.85652,21.8691,0.84672,12.849,0.84672,3695.15,0,18.483,0,1.33566,1.65222,5.29045,1.45665,6.82168,0.42336,18.483,0.42336,0,0,442.007,0,1.02816,0,0,2.36382,1.33566,1.028160,1,0,28.7532,0,0,0,28.7532,0
64.4609,2.65751,0,0,1.77029,0.114373,0.36288,3.6288,61.1636,0.510656,0,0,0.676207,0.309983,0,0.66528,12.849,1,0.518741,0.36288,0,26.0773,6.10869,19.8128,0.84672,12.849,0.84672,3695.15,0,18.483,0,0.970981,1.78391,2.87014,1.51349,4.11154,0.42336,18.483,0.42336,0,0,442.007,0,1.02816,0,0,1.99914,0.970981,1.028160,1,0,23.9243,0,0,0,23.9243,0
62.7566,2.64866,0,0,1.42036,0.113128,0.36288,3.6288,60.8747,0.510835,0,0,0.531717,0.3097,0,0.66528,12.849,1,0.527958,0.36288,0,30.6725,6.10869,24.3988,0.84672,12.849,0.84672,3695.15,0,18.483,0,0.57551,1.78412,2.38419,1.51349,3.23033,0.42336,18.483,0.42336,0,0,442.007,0,1.02816,0,0,1.60367,0.57551,1.028160,1,0,27.6291,0,0,0,27.6291,0
61.3272,2.63707,0,0,1.68217,0.111573,0.36288,3.6288,60.8663,0.511015,0,0,0.811649,0.309134,0,0.66528,12.849,1,0.539922,0.36288,0,26.327,6.10869,20.0413,0.84672,12.849,0.84672,3695.15,0,18.483,0,1.38422,1.78433,3.22414,1.51349,4.8792,0.42336,18.483,0.42336,0,0,442.007,0,1.02816,0,0,2.41238,1.38422,1.028160,1,0,24.9205,0,0,0,24.9205,0
59.6291,2.62697,0,0,1.40545,0.113756,0.36288,3.6288,60.6622,0.511195,0,0,0.595654,0.288491,0,0.66528,12.849,1,0.55039,0.36288,0,24.0248,5.55416,18.2832,0.84672,12.849,0.84672,3695.15,0,18.483,0,0.875128,1.78453,3.34034,1.29762,4.70238,0.42336,18.483,0.42336,0,0,442.007,0,1.02816,0,0,1.90329,0.875128,1.028160,1,0,22.9855,0,0,0,22.9855,0
57.7594,2.53461,0,0,1.10316,0.0753424,0.36288,3.6288,60.5563,0.437301,0,0,0.585001,0.253634,0,0.66528,12.849,1,0.546163,0.36288,0,32.991,5.3968,27.4109,0.84672,12.849,0.84672,3695.15,0,18.483,0,1.1373,1.78474,3.23846,1.30411,4.8564,0.42336,18.483,0.42336,0,0,442.007,0,1.02816,0,0,2.16546,1.1373,1.028160,1,0,32.2673,0,0,0,32.2673,0
55.7213,2.52044,0,0,0.912384,0.06723,0.36288,3.6288,60.4185,0.437472,0,0,0.551937,0.252294,0,0.66528,12.849,1,0.560691,0.36288,0,21.538,5.49381,15.8463,0.84672,12.849,0.84672,3695.15,0,18.483,0,0.585766,1.70955,2.32477,1.35316,3.26694,0.42336,18.483,0.42336,0,0,442.007,0,1.02816,0,0,1.61393,0.585766,1.028160,1,0,19.1133,0,0,0,19.1133,0
54.9661,2.50407,0,0,2.24476,0.132982,0.36288,3.6288,60.6008,0.437643,0,0,0.87791,0.257958,0,0.66528,12.849,1,0.577424,0.36288,0,28.6756,5.03061,23.4305,0.84672,12.849,0.84672,3695.15,0,18.483,0,2.6001,1.70975,6.04685,1.25359,9.10311,0.42336,18.483,0.42336,0,0,442.007,0,1.02816,0,0,3.62826,2.6001,1.028160,1,0,32.5336,0,0,0,32.5336,0
53.9413,2.49793,0,0,2.00355,0.167568,0.36288,3.6288,60.8776,0.437814,0,0,0.986792,0.272153,0,0.66528,12.849,1,0.583922,0.36288,0,48.2538,4.8341,43.1987,0.84672,12.849,0.84672,3695.15,0,18.483,0,1.75783,1.70995,4.53126,1.18421,6.81483,0.42336,18.483,0.42336,0,0,442.007,0,1.02816,0,0,2.78599,1.75783,1.028160,1,0,50.0135,0,0,0,50.0135,0
53.8052,2.42496,0,0,2.82511,0.173309,0.36288,3.6288,61.0232,0.370528,0,0,0.770211,0.254061,0,0.66528,12.849,1,0.577634,0.36288,0,42.6004,4.70445,37.6812,0.84672,12.849,0.84672,3695.15,0,18.483,0,1.47364,1.71015,4.70201,1.1476,6.7382,0.42336,18.483,0.42336,0,0,442.007,0,1.02816,0,0,2.5018,1.47364,1.028160,1,0,44.4194,0,0,0,44.4194,0
53.4601,2.42406,0,0,2.62488,0.183012,0.36288,3.6288,61.1498,0.370692,0,0,0.726805,0.229513,0,0.66528,12.849,1,0.57888,0.36288,0,60.9499,4.53159,56.2023,0.84672,12.849,0.84672,3695.15,0,18.483,0,1.42601,1.64331,4.2018,1.09879,6.17234,0.42336,18.483,0.42336,0,0,442.007,0,1.02816,0,0,2.45417,1.42601,1.028160,1,0,62.3747,0,0,0,62.3747,0
53.3618,2.42133,0,0,2.86826,0.18237,0.36288,3.6288,61.308,0.370855,0,0,1.29434,0.229697,0.5356,0.66528,12.849,1,0.581961,0.36288,0,63.3177,4.53159,58.5671,0.84672,12.849,0.84672,3695.15,0,18.483,0,2.20638,1.6435,4.48299,1.09879,7.23409,0.42336,18.483,0.42336,0,0,442.007,0,1.02816,0,0,3.23454,2.20638,1.028160,1,0,66.3367,0,0,0,66.3367,0
52.886,2.42075,0,0,2.50768,0.199868,0.36288,3.6288,61.308,0.371018,0,0,1.27128,0.236076,0.664187,0.66528,12.849,1,0.582893,0.36288,0,64.1076,4.05771,59.8299,0.84672,12.849,0.84672,3695.15,0,18.483,0,1.94222,1.6437,4.71773,0.997995,7.30565,0.42336,18.483,0.42336,0,0,442.007,0,1.02816,0,0,2.97038,1.94222,1.028160,1,0,67.7997,0,0,0,67.7997,0
54.5527,2.2348,0,0,4.47994,0.21557,0.36288,3.6288,61.308,0.230623,0,0,1.37906,0.23231,0.916124,0.66528,12.849,1,0.542959,0.36288,0,108.504,3.72107,104.603,0.84672,12.849,0.84672,3695.15,0,18.483,0,3.00911,1.64389,6.16779,0.935011,9.88578,0.42336,18.483,0.42336,0,0,442.007,0,1.02816,0,0,4.03727,3.00911,1.028160,1,0,115.404,0,0,0,115.404,0
53.5983,2.24849,0,0,1.89742,0.240477,0.36288,3.6288,61.308,0.230769,0,0,0.60559,0.182045,0.192776,0.66528,12.849,1,0.529595,0.36288,0,55.8285,3.83366,51.8281,0.84672,12.849,0.84672,3695.15,0,18.483,0,0.892987,1.49309,3.2503,1.01068,4.6257,0.42336,18.483,0.42336,0,0,442.007,0,1.02816,0,0,1.92115,0.892987,1.028160,1,0,56.6466,0,0,0,56.6466,0
53.0409,2.24114,0,0,2.28478,0.238162,0.36288,3.6288,61.308,0.230916,0,0,0.642144,0.182045,0.229183,0.66528,12.849,1,0.537265,0.36288,0,35.7855,3.83366,31.7775,0.84672,12.849,0.84672,3695.15,0,18.483,0,0.965969,1.49326,3.8832,1.01068,5.33175,0.42336,18.483,0.42336,0,0,442.007,0,1.02816,0,0,1.99413,0.965969,1.028160,1,0,37.3384,0,0,0,37.3384,0
56.4046,2.23686,0,0,6.20031,0.236809,0.36288,3.6288,61.308,0.231063,0,0,1.71346,0.182045,1.30035,0.66528,12.849,1,0.541873,0.36288,0,102.686,3.83366,98.6729,0.84672,12.849,0.84672,3695.15,0,18.483,0,2.9545,1.49344,7.73374,1.01068,11.171,0.42336,18.483,0.42336,0,0,442.007,0,1.02816,0,0,3.98266,2.9545,1.028160,1,0,111.144,0,0,0,111.144,0
60.0253,2.26344,0,0,6.52507,0.27813,0.36288,3.6288,61.308,0.23121,0,0,2.0118,0.217385,1.5632,0.66528,12.849,1,0.515613,0.36288,0,180.281,4.50461,175.623,0.84672,12.849,0.84672,3695.15,0,18.483,0,3.54505,1.49361,10.6992,1.10916,14.6287,0.42336,18.483,0.42336,0,0,442.007,0,1.02816,0,0,4.57321,3.54505,1.028160,1,0,191.815,0,0,0,191.815,0
62.8595,2.36104,0,0,5.83571,0.277496,0.36288,3.6288,61.308,0.272077,0,0,1.7638,0.206323,1.2854,0.66528,12.849,1,0.505403,0.36288,0,132.481,4.43028,127.909,0.84672,12.849,0.84672,3695.15,0,18.483,0,2.76883,1.49378,10.5949,1.14551,13.712,0.42336,18.483,0.42336,0,0,442.007,0,1.02816,0,0,3.79699,2.76883,1.028160,1,0,142.906,0,0,0,142.906,0
70.8722,2.38022,0,0,11.0333,0.277482,0.36288,3.6288,61.308,0.272218,0,0,4.1539,0.199543,3.68214,0.66528,12.849,1,0.486535,0.36288,0,190.147,4.35582,185.667,0.84672,12.849,0.84672,3695.15,0,18.483,0,5.35619,1.54173,18.5535,1.15348,24.298,0.42336,18.483,0.42336,0,0,442.007,0,1.02816,0,0,6.38435,5.35619,1.028160,1,0,213.647,0,0,0,213.647,0
72.29,2.42704,0,0,7.405,0.295652,3.26452,3.6288,61.308,0.272359,0,0,3.44082,0.199543,2.96892,0.66528,12.849,1,0.440018,3.26452,0,157.258,4.35582,155.727,0.84672,12.849,0.84672,3695.15,0,18.483,0,3.50835,1.5419,11.7811,1.15348,15.6778,0.42336,18.483,0.42336,0,0,442.007,0,1.02816,0,0,4.53651,3.50835,1.028160,1,0,174.374,0,0,0,174.374,0
72.29,2.43463,0,0,7.48552,0.298868,4.75202,3.6288,61.308,0.2725,0,0,3.74349,0.199543,3.27144,0.66528,12.849,1,0.432738,4.75202,0,164.287,4.35582,164.25,0.84672,12.849,0.84672,3695.15,0,18.483,0,4.13436,1.54207,11.9412,1.15348,16.4641,0.42336,18.483,0.42336,0,0,442.007,0,1.02816,0,0,5.16252,4.13436,1.028160,1,0,183.986,0,0,0,183.986,0
72.29,2.67239,0,0,10.4753,0.311803,7.49111,3.6288,61.308,0.425588,0,0,3.91745,0.140973,3.35088,0.66528,12.849,1,0.474998,7.49111,0,265.647,3.72187,268.941,0.84672,12.849,0.84672,3695.15,0,18.483,0,4.85328,1.54224,18.741,0.816405,24.3201,0.42336,18.483,0.42336,0,0,442.007,0,1.02816,0,0,5.88144,4.85328,1.028160,1,0,296.612,0,0,0,296.612,0
72.29,2.67268,0,0,10.1839,0.303147,7.20805,3.6288,61.308,0.425746,0,0,4.4506,0.175473,3.84938,0.66528,12.849,1,0.475049,7.20805,0,293.868,4.05667,296.544,0.84672,12.849,0.84672,3695.15,0,18.483,0,4.52042,1.71299,22.6168,0.984783,27.8655,0.42336,18.483,0.42336,0,0,442.007,0,1.02816,0,0,5.54858,4.52042,1.028160,1,0,328.259,0,0,0,328.259,0
72.29,2.67297,0,0,6.54657,0.303147,3.57045,3.6288,61.308,0.425904,0,0,2.94918,0.175473,2.3478,0.66528,12.849,1,0.475101,3.57045,0,161.527,4.05667,160.566,0.84672,12.849,0.84672,3695.15,0,18.483,0,2.41595,1.71317,14.1146,0.984783,17.2589,0.42336,18.483,0.42336,0,0,442.007,0,1.02816,0,0,3.44411,2.41595,1.028160,1,0,180.173,0,0,0,180.173,0
72.29,2.67326,0,0,5.34756,0.304658,2.36963,3.6288,61.308,0.426061,0,0,2.89697,0.166718,2.3042,0.66528,12.849,1,0.475152,2.36963,0,126.835,3.90545,124.824,0.84672,12.849,0.84672,3695.15,0,18.483,0,2.84727,1.71336,12.6332,0.941419,16.2524,0.42336,18.483,0.42336,0,0,442.007,0,1.02816,0,0,3.87543,2.84727,1.028160,1,0,143.381,0,0,0,143.381,0
72.29,2.33466,0,0,5.56464,0.305412,2.92457,3.6288,61.308,0.220874,0,0,2.64053,0.16072,2.25894,0.66528,12.849,1,0.414969,2.92457,0,117.905,3.60849,116.806,0.84672,12.849,0.84672,3695.15,0,18.483,0,2.76197,1.71354,14.136,0.85449,17.757,0.42336,18.483,0.42336,0,0,442.007,0,1.02816,0,0,3.79013,2.76197,1.028160,1,0,136.822,0,0,0,136.822,0
72.29,2.33492,0,0,5.46588,0.332119,2.79884,3.6288,61.308,0.221009,0,0,2.0069,0.17753,1.60836,0.66528,12.849,1,0.415014,2.79884,0,113.397,3.62849,112.152,0.84672,12.849,0.84672,3695.15,0,18.483,0,1.93923,1.48028,12.7861,0.919466,15.2861,0.42336,18.483,0.42336,0,0,442.007,0,1.02816,0,0,2.96739,1.93923,1.028160,1,0,129.046,0,0,0,129.046,0
72.29,2.33517,0,0,3.83495,0.332119,1.16766,3.6288,61.308,0.221145,0,0,1.52064,0.17753,1.12197,0.66528,12.849,1,0.415059,1.16766,0,110.414,3.62849,107.538,0.84672,12.849,0.84672,3695.15,0,18.483,0,1.53978,1.48044,11.5472,0.919466,13.6479,0.42336,18.483,0.42336,0,0,442.007,0,1.02816,0,0,2.56794,1.53978,1.028160,1,0,122.308,0,0,0,122.308,0
72.29,2.33542,0,0,3.9143,0.275478,1.3034,3.6288,61.308,0.22128,0,0,1.15582,0.147448,0.787088,0.66528,12.849,1,0.415104,1.3034,0,96.0716,3.19251,93.7674,0.84672,12.849,0.84672,3695.15,0,18.483,0,1.08704,1.48061,10.5205,0.856838,12.2313,0.42336,18.483,0.42336,0,0,442.007,0,1.02816,0,0,2.1152,1.08704,1.028160,1,0,106.786,0,0,0,106.786,0
72.29,2.33568,0,0,3.63851,0.252822,1.05001,3.6288,61.308,0.221416,0,0,1.38052,0.135415,1.02369,0.66528,12.849,1,0.415149,1.05001,0,100.372,3.01812,97.9885,0.84672,12.849,0.84672,3695.15,0,18.483,0,1.49115,1.48077,10.4413,0.831787,12.5814,0.42336,18.483,0.42336,0,0,442.007,0,1.02816,0,0,2.51931,1.49115,1.028160,1,0,111.594,0,0,0,111.594,0
72.29,2.42128,0,0,5.72448,0.306314,2.99688,3.6288,61.308,0.271814,0,0,2.01874,0.163842,1.58308,0.66528,12.849,1,0.430364,2.99688,0,121.444,3.05304,120.957,0.84672,12.849,0.84672,3695.15,0,18.483,0,2.42957,1.48093,11.9324,0.79555,15.0474,0.42336,18.483,0.42336,0,0,442.007,0,1.02816,0,0,3.45773,2.42957,1.028160,1,0,137.588,0,0,0,137.588,0
72.29,2.42154,0,0,5.93259,0.31523,3.19582,3.6288,61.308,0.271954,0,0,2.7776,0.16858,2.33707,0.66528,12.849,1,0.430411,3.19582,0,114.288,3.05886,113.995,0.84672,12.849,0.84672,3695.15,0,18.483,0,2.52845,1.53876,11.7529,0.789511,15.0306,0.42336,18.483,0.42336,0,0,442.007,0,1.02816,0,0,3.55661,2.52845,1.028160,1,0,131.362,0,0,0,131.362,0
72.29,2.4218,0,0,4.18329,0.31523,1.44626,3.6288,61.308,0.272095,0,0,1.4249,0.16858,0.984225,0.66528,12.849,1,0.430457,1.44626,0,78.1929,3.05886,76.1498,0.84672,12.849,0.84672,3695.15,0,18.483,0,1.28926,1.53892,9.09291,0.789511,11.1316,0.42336,18.483,0.42336,0,0,442.007,0,1.02816,0,0,2.31742,1.28926,1.028160,1,0,88.2656,0,0,0,88.2656,0
72.29,2.42207,0,0,3.77637,0.306302,1.048,3.6288,61.308,0.272236,0,0,1.56109,0.173337,1.11552,0.66528,12.849,1,0.430504,1.048,0,85.2016,3.11703,82.7021,0.84672,12.849,0.84672,3695.15,0,18.483,0,1.35998,1.53909,9.51454,0.800961,11.6127,0.42336,18.483,0.42336,0,0,442.007,0,1.02816,0,0,2.38814,1.35998,1.028160,1,0,95.4303,0,0,0,95.4303,0
72.29,2.38894,0,0,3.67,0.257469,1.02358,3.6288,61.308,0.252848,0,0,1.60732,0.219178,1.13529,0.66528,12.849,1,0.424617,1.02358,0,78.3959,4.16577,74.8291,0.84672,12.849,0.84672,3695.15,0,18.483,0,1.31668,1.53926,8.97238,1.0207,10.8076,0.42336,18.483,0.42336,0,0,442.007,0,1.02816,0,0,2.34484,1.31668,1.028160,1,0,86.772,0,0,0,86.772,0
72.29,2.3892,0,0,3.25966,0.26102,0.609441,3.6288,61.308,0.252986,0,0,1.54785,0.23215,1.06271,0.66528,12.849,1,0.424663,0.609441,0,67.3237,4.69056,62.818,0.84672,12.849,0.84672,3695.15,0,18.483,0,1.16762,1.51697,7.27894,1.13397,8.82955,0.42336,18.483,0.42336,0,0,442.007,0,1.02816,0,0,2.19578,1.16762,1.028160,1,0,72.7102,0,0,0,72.7102,0
72.2345,2.38946,0,0,2.95357,0.256699,0.36288,3.6288,61.308,0.253125,0,0,1.38779,0.226461,0.908205,0.66528,12.849,1,0.424709,0.36288,0,59.3177,4.5726,54.6832,0.84672,12.849,0.84672,3695.15,0,18.483,0,0.968198,1.51713,6.65772,1.10406,8.039,0.42336,18.483,0.42336,0,0,442.007,0,1.02816,0,0,1.99636,0.968198,1.028160,1,0,63.6304,0,0,0,63.6304,0
71.9588,2.38944,0,0,2.70727,0.230677,0.36288,3.6288,61.308,0.253264,0,0,1.31159,0.192328,0.865994,0.66528,12.849,1,0.425032,0.36288,0,57.1115,3.86484,53.1845,0.84672,12.849,0.84672,3695.15,0,18.483,0,0.871042,1.5173,6.06208,0.924546,7.52588,0.42336,18.483,0.42336,0,0,442.007,0,1.02816,0,0,1.8992,0.871042,1.028160,1,0,61.5764,0,0,0,61.5764,0
71.5902,2.50162,0,0,2.72411,0.228183,0.36288,3.6288,61.308,0.322691,0,0,1.44318,0.199627,0.920864,0.66528,12.849,1,0.44669,0.36288,0,51.4583,3.98694,47.3875,0.84672,12.849,0.84672,3695.15,0,18.483,0,1.38897,1.51746,6.82057,0.952761,8.77424,0.42336,18.483,0.42336,0,0,442.007,0,1.02816,0,0,2.41713,1.38897,1.028160,1,0,57.0826,0,0,0,57.0826,0
70.9412,2.49994,0,0,2.39737,0.183603,0.36288,3.6288,61.308,0.322838,0,0,1.16854,0.22612,0.619585,0.66528,12.849,1,0.448688,0.36288,0,46.8546,4.21512,42.5537,0.84672,12.849,0.84672,3695.15,0,18.483,0,1.07697,1.59618,5.46316,1.11407,7.02224,0.42336,18.483,0.42336,0,0,442.007,0,1.02816,0,0,2.10513,1.07697,1.028160,1,0,50.1955,0,0,0,50.1955,0
70.1394,2.49673,0,0,2.21796,0.160094,0.36288,3.6288,61.308,0.322984,0,0,1.18795,0.231475,0.633489,0.66528,12.849,1,0.452213,0.36288,0,42.4472,4.37766,37.9802,0.84672,12.849,0.84672,3695.15,0,18.483,0,1.08104,1.59635,5.39056,1.08398,6.98397,0.42336,18.483,0.42336,0,0,442.007,0,1.02816,0,0,2.1092,1.08104,1.028160,1,0,45.5977,0,0,0,45.5977,0
69.2737,2.49263,0,0,2.14886,0.15911,0.36288,3.6288,61.308,0.323131,0,0,1.24481,0.231475,0.690202,0.66528,12.849,1,0.456631,0.36288,0,40.2767,4.37766,35.8052,0.84672,12.849,0.84672,3695.15,0,18.483,0,1.00429,1.59653,5.5957,1.08398,7.11254,0.42336,18.483,0.42336,0,0,442.007,0,1.02816,0,0,2.03245,1.00429,1.028160,1,0,43.608,0,0,0,43.608,0
68.2771,2.48809,0,0,2.01242,0.158047,0.36288,3.6288,61.308,0.323277,0,0,1.14837,0.231475,0.593616,0.66528,12.849,1,0.461495,0.36288,0,37.7508,4.37766,33.2745,0.84672,12.849,0.84672,3695.15,0,18.483,0,0.819893,1.5967,5.07007,1.08398,6.40268,0.42336,18.483,0.42336,0,0,442.007,0,1.02816,0,0,1.84805,0.819893,1.028160,1,0,40.2708,0,0,0,40.2708,0
67.7873,2.46045,0,0,2.48418,0.150653,0.36288,3.6288,61.308,0.361526,0,0,1.64822,0.238862,1.04783,0.66528,12.849,1,0.46303,0.36288,0,50.3437,5.02296,45.2206,0.84672,12.849,0.84672,3695.15,0,18.483,0,1.26545,1.59687,7.9511,1.18512,9.6283,0.42336,18.483,0.42336,0,0,442.007,0,1.02816,0,0,2.29361,1.26545,1.028160,1,0,55.8967,0,0,0,55.8967,0
67.3198,2.45791,0,0,2.43795,0.0846689,0.36288,3.6288,61.308,0.361677,0,0,1.75266,0.264998,1.12598,0.66528,12.849,1,0.465894,0.36288,0,49.8646,5.32284,44.4387,0.84672,12.849,0.84672,3695.15,0,18.483,0,1.35553,1.62153,8.457,1.25911,10.175,0.42336,18.483,0.42336,0,0,442.007,0,1.02816,0,0,2.38369,1.35553,1.028160,1,0,55.7396,0,0,0,55.7396,0
66.6884,2.45546,0,0,2.26074,0.0737309,0.36288,3.6288,61.308,0.361828,0,0,1.73186,0.269149,1.10089,0.66528,12.849,1,0.468661,0.36288,0,45.6027,5.35489,40.142,0.84672,12.849,0.84672,3695.15,0,18.483,0,1.25851,1.62171,7.978,1.26863,9.58959,0.42336,18.483,0.42336,0,0,442.007,0,1.02816,0,0,2.28667,1.25851,1.028160,1,0,50.8325,0,0,0,50.8325,0
65.903,2.452,0,0,2.10277,0.0733002,0.36288,3.6288,61.308,0.361978,0,0,1.73971,0.269149,1.10858,0.66528,12.849,1,0.472432,0.36288,0,42.177,5.35489,36.7126,0.84672,12.849,0.84672,3695.15,0,18.483,0,1.37453,1.62188,7.54885,1.26863,9.27664,0.42336,18.483,0.42336,0,0,442.007,0,1.02816,0,0,2.40269,1.37453,1.028160,1,0,47.0978,0,0,0,47.0978,0
64.8271,2.50468,0,0,1.86783,0.076168,0.36288,3.6288,61.308,0.396101,0,0,1.36251,0.285773,0.680637,0.66528,12.849,1,0.488333,0.36288,0,36.8766,5.54871,31.2025,0.84672,12.849,0.84672,3695.15,0,18.483,0,0.961511,1.62206,6.51055,1.35253,7.74159,0.42336,18.483,0.42336,0,0,442.007,0,1.02816,0,0,1.98967,0.961511,1.028160,1,0,39.6247,0,0,0,39.6247,0
63.7958,2.49818,0,0,1.90965,0.0799086,0.36288,3.6288,61.308,0.396256,0,0,1.2331,0.307937,0.528908,0.66528,12.849,1,0.49515,0.36288,0,42.5593,5.80713,36.6199,0.84672,12.849,0.84672,3695.15,0,18.483,0,0.851265,1.66127,6.35437,1.46439,7.40251,0.42336,18.483,0.42336,0,0,442.007,0,1.02816,0,0,1.87942,0.851265,1.028160,1,0,44.5514,0,0,0,44.5514,0
62.6198,2.49179,0,0,1.75793,0.0792458,0.36288,3.6288,61.308,0.39641,0,0,1.04538,0.307937,0.341032,0.66528,12.849,1,0.501867,0.36288,0,34.9576,5.80713,29.0115,0.84672,12.849,0.84672,3695.15,0,18.483,0,0.965235,1.66145,6.14426,1.46439,7.30656,0.42336,18.483,0.42336,0,0,442.007,0,1.02816,0,0,1.99339,0.965235,1.028160,1,0,36.6591,0,0,0,36.6591,0
61.3039,2.48424,0,0,1.60966,0.0784899,0.36288,3.6288,61.308,0.396565,0,0,0.96825,0.307937,0.263749,0.66528,12.849,1,0.509743,0.36288,0,33.227,5.80713,27.273,0.84672,12.849,0.84672,3695.15,0,18.483,0,0.675847,1.66163,5.40065,1.46439,6.27374,0.42336,18.483,0.42336,0,0,442.007,0,1.02816,0,0,1.70401,0.675847,1.028160,1,0,33.8105,0,0,0,33.8105,0
59.9322,2.64079,0,0,1.70071,0.0686595,0.36288,3.6288,61.308,0.519395,0,0,1.11154,0.313117,0.279024,0.66528,12.849,1,0.553497,0.36288,0,32.5879,5.95668,26.4406,0.84672,12.849,0.84672,3695.15,0,18.483,0,1.01667,1.66181,7.14436,1.49427,8.32858,0.42336,18.483,0.42336,0,0,442.007,0,1.02816,0,0,2.04483,1.01667,1.028160,1,0,35.0482,0,0,0,35.0482,0
57.9701,2.63064,0,0,1.09739,0.0660603,0.36288,3.6288,61.2032,0.605738,0,0,0.815279,0.314386,0,0.66528,12.849,1,0.563989,0.36288,0,23.8884,5.58548,18.1018,0.84672,12.849,0.84672,3695.15,0,18.483,0,0.227405,1.79425,4.91886,1.51178,5.42874,0.42336,18.483,0.42336,0,0,442.007,0,0.941985,0,0,1.16939,0.227405,1.028160,1,0,23.5305,0,0,0,23.5305,0
55.9109,2.6153,0,0,0.983889,0.0648198,0.36288,3.6288,60.9462,0.681808,0,0,0.739031,0.314177,0,0.66528,12.849,1,0.579678,0.36288,0,21.3254,5.58548,15.5231,0.84672,12.849,0.84672,3695.15,0,18.483,0,0.227405,1.79444,4.79664,1.51178,5.30672,0.42336,18.483,0.42336,0,0,442.007,0,0.866082,0,0,1.09349,0.227405,1.028160,1,0,20.8299,0,0,0,20.8299,0
54.0639,2.59822,0,0,1.17761,0.0635181,0.36288,3.6288,60.8615,0.564947,0,0,0.793921,0.313667,0,0.66528,12.849,1,0.597102,0.36288,0,22.0704,5.58548,16.2508,0.84672,12.849,0.84672,3695.15,0,18.483,0,0.204422,1.79464,5.26135,1.51178,5.74863,0.42336,18.483,0.42336,0,0,442.007,0,0.983111,0,0,1.18753,0.204422,1.028160,1,0,21.9994,0,0,0,21.9994,0
53.0485,2.58202,0,0,2.0136,0.0841098,0.36288,3.6288,61.053,0.520066,0,0,1.01971,0.30815,0,0.66528,12.849,1,0.61365,0.36288,0,36.6784,5.43705,30.9906,0.84672,12.849,0.84672,3695.15,0,18.483,0,0.355087,1.79483,5.82387,1.49357,6.48022,0.42336,18.483,0.42336,0,0,442.007,0,1.02816,0,0,1.38325,0.355087,1.028160,1,0,37.4708,0,0,0,37.4708,0
52.3066,2.49434,0,0,2.21739,0.10209,0.36288,3.6288,61.308,0.445734,0,0,1.47996,0.293073,0.486158,0.66528,12.849,1,0.60416,0.36288,0,36.9866,5.12339,31.622,0.84672,12.849,0.84672,3695.15,0,18.483,0,0.448269,1.79503,9.44385,1.36216,10.325,0.42336,18.483,0.42336,0,0,442.007,0,1.02816,0,0,1.47643,0.448269,1.028160,1,0,42.4331,0,0,0,42.4331,0
51.1058,2.48773,0,0,1.76102,0.111164,0.36288,3.6288,61.308,0.445893,0,0,2.2649,0.29083,1.52817,0.66528,12.849,1,0.611106,0.36288,0,32.4425,4.91474,27.2795,0.84672,12.849,0.84672,3695.15,0,18.483,0,1.47957,1.71939,11.9923,1.31395,13.8773,0.42336,18.483,0.42336,0,0,442.007,0,1.02816,0,0,2.50773,1.47957,1.028160,1,0,42.685,0,0,0,42.685,0
49.7105,2.47653,0,0,1.55385,0.109786,0.36288,3.6288,61.308,0.446053,0,0,1.31448,0.29083,0.577598,0.66528,12.849,1,0.622647,0.36288,0,33.2308,4.91474,28.0563,0.84672,12.849,0.84672,3695.15,0,18.483,0,0.546247,1.71958,9.21145,1.31395,10.1633,0.42336,18.483,0.42336,0,0,442.007,0,1.02816,0,0,1.57441,0.546247,1.028160,1,0,38.7972,0,0,0,38.7972,0
48.0606,2.46291,0,0,1.28403,0.108185,0.36288,3.6288,61.308,0.446213,0,0,1.15804,0.29083,0.420993,0.66528,12.849,1,0.636603,0.36288,0,30.6819,4.91474,25.4935,0.84672,12.849,0.84672,3695.15,0,18.483,0,0.371771,1.71976,8.53036,1.31395,9.30794,0.42336,18.483,0.42336,0,0,442.007,0,1.02816,0,0,1.39993,0.371771,1.028160,1,0,35.2224,0,0,0,35.2224,0
46.9451,2.38274,0,0,1.81654,0.186427,0.36288,3.6288,61.308,0.37853,0,0,1.40933,0.233337,0.797465,0.66528,12.849,1,0.637026,0.36288,0,35.9341,4.40102,31.2589,0.84672,12.849,0.84672,3695.15,0,18.483,0,0.555267,1.71995,8.93809,1.11211,10.1012,0.42336,18.483,0.42336,0,0,442.007,0,1.02816,0,0,1.58343,0.555267,1.028160,1,0,42.1576,0,0,0,42.1576,0
44.9048,2.37111,0,0,0.912393,0.218669,0.36288,3.6288,61.308,0.378682,0,0,1.01147,0.248796,0.383989,0.66528,12.849,1,0.648981,0.36288,0,25.6139,5.29683,20.031,0.84672,12.849,0.84672,3695.15,0,18.483,0,0.51262,1.65271,7.99146,1.28893,8.86786,0.42336,18.483,0.42336,0,0,442.007,0,1.02816,0,0,1.54078,0.51262,1.028160,1,0,29.2828,0,0,0,29.2828,0
43.1896,2.34844,0,0,1.21615,0.220066,0.36288,3.6288,61.308,0.378834,0,0,1.40422,0.246374,0.779008,0.66528,12.849,1,0.67198,0.36288,0,45.0751,5.22534,39.5407,0.84672,12.849,0.84672,3695.15,0,18.483,0,1.07212,1.65289,11.3925,1.27854,12.839,0.42336,18.483,0.42336,0,0,442.007,0,1.02816,0,0,2.10028,1.07212,1.028160,1,0,53.1587,0,0,0,53.1587,0
43.0259,2.32813,0,0,2.7804,0.252996,0.36288,3.6288,61.308,0.378987,0,0,2.75006,0.231839,2.13923,0.66528,12.849,1,0.692624,0.36288,0,57.1438,4.7964,52.0177,0.84672,12.849,0.84672,3695.15,0,18.483,0,1.74406,1.65307,18.5415,1.21625,20.7224,0.42336,18.483,0.42336,0,0,442.007,0,1.02816,0,0,2.77222,1.74406,1.028160,1,0,74.8793,0,0,0,74.8793,0
42.7493,2.15115,0,0,2.48992,0.252519,0.36288,3.6288,61.308,0.237781,0,0,1.73831,0.231839,1.26869,0.66528,12.849,1,0.642406,0.36288,0,57.0732,4.7964,51.9973,0.84672,12.849,0.84672,3695.15,0,18.483,0,1.61247,1.65325,11.7051,1.21625,13.7546,0.42336,18.483,0.42336,0,0,442.007,0,1.02816,0,0,2.64063,1.61247,1.028160,1,0,67.0206,0,0,0,67.0206,0
42.1552,2.14819,0,0,2.16278,0.245811,0.36288,3.6288,61.308,0.237918,0,0,0.898338,0.201278,0.459142,0.66528,12.849,1,0.645672,0.36288,0,34.2551,3.95734,30.015,0.84672,12.849,0.84672,3695.15,0,18.483,0,0.527878,1.50158,10.633,1.02421,11.6382,0.42336,18.483,0.42336,0,0,442.007,0,1.02816,0,0,1.55604,0.527878,1.028160,1,0,42.1123,0,0,0,42.1123,0
41.138,2.14144,0,0,1.73118,0.244121,0.36288,3.6288,61.308,0.239032,0,0,0.790863,0.201278,0.350554,0.66528,12.849,1,0.652717,0.36288,0,24.8197,3.95734,20.5725,0.84672,12.849,0.84672,3695.15,0,18.483,0,0.292723,1.50174,9.4913,1.02421,10.2616,0.42336,18.483,0.42336,0,0,442.007,0,1.02718,0,0,1.31991,0.292723,1.028160,1,0,31.1846,0,0,0,31.1846,0
39.9107,2.12938,0,0,1.50497,0.239963,0.36288,3.6288,61.308,0.238192,0,0,0.821042,0.206106,0.376743,0.66528,12.849,1,0.665088,0.36288,0,24.7808,4.123,20.3556,0.84672,12.849,0.84672,3695.15,0,18.483,0,0.430229,1.5019,21.538,1.06256,22.4075,0.42336,18.483,0.42336,0,0,442.007,0,1.02816,0,0,1.45839,0.430229,1.028160,1,0,43.1399,0,0,0,43.1399,0
39.0578,2.11413,0,0,1.85313,0.229019,0.36288,3.6288,61.308,0.23833,0,0,0.85377,0.235074,0.380366,0.66528,12.849,1,0.680632,0.36288,0,38.3474,5.11697,32.9127,0.84672,12.849,0.84672,3695.15,0,18.483,0,0.445556,1.50207,17.7776,1.29267,18.4325,0.42336,18.483,0.42336,0,0,442.007,0,1.02816,0,0,1.47372,0.445556,1.028160,1,0,51.7256,0,0,0,51.7256,0
42.4615,2.10295,0,0,6.09804,0.228474,0.36288,3.6288,61.308,0.23833,0,0,2.72505,0.203589,2.28313,0.66528,12.849,1,0.691816,0.36288,0,124.022,4.42445,119.268,0.84672,12.849,0.84672,3695.15,0,18.483,0,0.894862,1.50223,15.3028,1.13663,16.5633,0.42336,18.483,0.42336,0,0,442.007,0,1.02816,0,0,1.92302,0.894862,1.028160,1,0,138.115,0,0,0,138.115,0
45.1918,2.21297,0,0,5.52908,0.222932,0.36288,3.6288,61.308,0.279417,0,0,2.25291,0.20314,1.77035,0.66528,12.849,1,0.669651,0.36288,0,115.82,3.90247,111.611,0.84672,12.849,0.84672,3695.15,0,18.483,0,1.42991,1.50223,14.4497,0.911726,16.4701,0.42336,18.483,0.42336,0,0,442.007,0,1.02816,0,0,2.45807,1.42991,1.028160,1,0,129.851,0,0,0,129.851,0
47.671,2.24469,0,0,5.34264,0.255891,0.36288,3.6288,61.308,0.279548,0,0,1.91892,0.235139,1.40423,0.66528,12.849,1,0.638214,0.36288,0,107.932,4.58818,103.068,0.84672,12.849,0.84672,3695.15,0,18.483,0,1.1834,1.55044,12.9197,1.12563,14.5279,0.42336,18.483,0.42336,0,0,442.007,0,1.02816,0,0,2.21156,1.1834,1.028160,1,0,119,0,0,0,119,0
50.1213,2.27107,0,0,5.34728,0.263032,0.36288,3.6288,61.308,0.279679,0,0,2.08893,0.235139,1.57411,0.66528,12.849,1,0.612131,0.36288,0,108.311,4.58818,103.474,0.84672,12.849,0.84672,3695.15,0,18.483,0,1.32428,1.55059,14.2651,1.12563,16.0143,0.42336,18.483,0.42336,0,0,442.007,0,1.02816,0,0,2.35244,1.32428,1.028160,1,0,121.062,0,0,0,121.062,0
52.2497,2.29512,0,0,5.06193,0.275548,0.36288,3.6288,61.308,0.27981,0,0,2.24294,0.227238,1.73589,0.66528,12.849,1,0.588371,0.36288,0,101.237,4.41904,96.5921,0.84672,12.849,0.84672,3695.15,0,18.483,0,1.56684,1.55075,13.778,1.06953,15.8261,0.42336,18.483,0.42336,0,0,442.007,0,1.02816,0,0,2.595,1.56684,1.028160,1,0,114.154,0,0,0,114.154,0
54.3568,2.54034,0,0,5.32567,0.315332,0.36288,3.6288,61.308,0.433746,0,0,2.22958,0.179833,1.616,0.66528,12.849,1,0.624709,0.36288,0,100.108,3.4042,96.4422,0.84672,12.849,0.84672,3695.15,0,18.483,0,1.7291,1.5509,14.0207,0.732888,16.5678,0.42336,18.483,0.42336,0,0,442.007,0,1.02816,0,0,2.75726,1.7291,1.028160,1,0,114.626,0,0,0,114.626,0
56.4266,2.56019,0,0,5.31503,0.322195,0.36288,3.6288,61.308,0.433892,0,0,2.2553,0.179833,1.64157,0.66528,12.849,1,0.605183,0.36288,0,98.0364,3.4042,94.3898,0.84672,12.849,0.84672,3695.15,0,18.483,0,1.55004,1.7226,11.1099,0.732888,13.6497,0.42336,18.483,0.42336,0,0,442.007,0,1.02816,0,0,2.5782,1.55004,1.028160,1,0,109.681,0,0,0,109.681,0
58.029,2.57853,0,0,4.85908,0.315282,0.36288,3.6288,61.308,0.434039,0,0,2.41481,0.202044,1.77873,0.66528,12.849,1,0.587161,0.36288,0,92.6191,4.18633,88.2085,0.84672,12.849,0.84672,3695.15,0,18.483,0,1.66661,1.72277,12.8611,0.993908,15.2565,0.42336,18.483,0.42336,0,0,442.007,0,1.02816,0,0,2.69477,1.66661,1.028160,1,0,105.244,0,0,0,105.244,0
60.5403,2.59206,0,0,5.7667,0.300424,0.36288,3.6288,61.308,0.434185,0,0,3.10031,0.208064,2.45806,0.66528,12.849,1,0.573944,0.36288,0,112.679,4.47519,107.993,0.84672,12.849,0.84672,3695.15,0,18.483,0,2.47596,1.72294,17.5018,1.08244,20.6183,0.42336,18.483,0.42336,0,0,442.007,0,1.02816,0,0,3.50412,2.47596,1.028160,1,0,131.069,0,0,0,131.069,0
63.8189,2.28088,0,0,6.2423,0.319991,0.36288,3.6288,61.308,0.227841,0,0,7.79306,0.223725,7.3415,0.66528,12.849,1,0.484091,0.36288,0,262.664,4.03221,258.51,0.84672,12.849,0.84672,3695.15,0,18.483,0,5.42662,1.72312,20.9441,0.991195,27.1026,0.42336,18.483,0.42336,0,0,442.007,0,1.02816,0,0,6.45478,5.42662,1.028160,1,0,292.954,0,0,0,292.954,0
67.7553,2.30181,0,0,6.92988,0.32873,0.36288,3.6288,61.308,0.227967,0,0,5.72841,0.223725,5.27671,0.66528,12.849,1,0.463436,0.36288,0,199.885,4.03221,195.752,0.84672,12.849,0.84672,3695.15,0,18.483,0,6.78649,1.48854,21.9113,0.991195,29.1951,0.42336,18.483,0.42336,0,0,442.007,0,1.02816,0,0,7.81465,6.78649,1.028160,1,0,230.224,0,0,0,230.224,0
72.29,2.32468,0,0,12.6784,0.339223,5.47985,3.6288,61.308,0.228093,0,0,12.4043,0.223725,11.9525,0.66528,12.849,1,0.440847,5.47985,0,218.212,4.03221,219.219,0.84672,12.849,0.84672,3695.15,0,18.483,0,9.44525,1.48869,32.1363,0.991195,42.0791,0.42336,18.483,0.42336,0,0,442.007,0,1.02816,0,0,10.4734,9.44525,1.028160,1,0,273.25,0,0,0,273.25,0
72.29,2.34839,0,0,7.75086,0.352907,5.04956,3.6288,61.308,0.228218,0,0,6.13114,0.155597,5.74733,0.66528,12.849,1,0.417409,5.04956,0,196.586,3.71964,197.498,0.84672,12.849,0.84672,3695.15,0,18.483,0,5.20893,1.48884,21.327,0.878547,27.1462,0.42336,18.483,0.42336,0,0,442.007,0,1.02816,0,0,6.23709,5.20893,1.028160,1,0,230.392,0,0,0,230.392,0
72.29,2.34863,0,0,7.37286,0.326234,4.698,3.6288,61.308,0.228344,0,0,7.53977,0.18147,7.12996,0.66528,12.849,1,0.417451,4.698,0,171.274,3.34617,172.209,0.84672,12.849,0.84672,3695.15,0,18.483,0,4.92124,1.48899,25.7427,0.941943,31.211,0.42336,18.483,0.42336,0,0,442.007,0,1.02816,0,0,5.9494,4.92124,1.028160,1,0,210.549,0,0,0,210.549,0
72.29,2.43468,0,0,8.53088,0.315458,5.78073,3.6288,61.308,0.279011,0,0,10.0348,0.196361,9.55947,0.66528,12.849,1,0.432747,5.78073,0,199.485,3.21762,201.615,0.84672,12.849,0.84672,3695.15,0,18.483,0,4.90864,1.48914,28.5569,0.974811,33.9799,0.42336,18.483,0.42336,0,0,442.007,0,1.02816,0,0,5.9368,4.90864,1.028160,1,0,245.154,0,0,0,245.154,0
72.29,2.43493,0,0,7.10744,0.315458,4.35705,3.6288,61.308,0.279142,0,0,8.62021,0.196361,8.14471,0.66528,12.849,1,0.43279,4.35705,0,149.045,3.21762,149.752,0.84672,12.849,0.84672,3695.15,0,18.483,0,4.91561,1.54728,21.4287,0.974811,26.9167,0.42336,18.483,0.42336,0,0,442.007,0,1.02816,0,0,5.94377,4.91561,1.028160,1,0,184.813,0,0,0,184.813,0
72.29,2.43517,0,0,5.68702,0.270191,2.98166,3.6288,61.308,0.279273,0,0,6.00086,0.191366,5.53022,0.66528,12.849,1,0.432833,2.98166,0,129.734,3.51417,128.769,0.84672,12.849,0.84672,3695.15,0,18.483,0,3.05738,1.54743,14.8822,0.994094,18.4929,0.42336,18.483,0.42336,0,0,442.007,0,1.02816,0,0,4.08554,3.05738,1.028160,1,0,152.792,0,0,0,152.792,0
72.29,2.43542,0,0,5.45569,0.246414,2.77386,3.6288,61.308,0.279404,0,0,4.72501,0.200016,4.24559,0.66528,12.849,1,0.432877,2.77386,0,123.116,3.70764,121.749,0.84672,12.849,0.84672,3695.15,0,18.483,0,2.65311,1.54759,16.1525,1.023,19.3302,0.42336,18.483,0.42336,0,0,442.007,0,1.02816,0,0,3.68127,2.65311,1.028160,1,0,145.325,0,0,0,145.325,0
72.29,2.40209,0,0,5.37175,0.224772,2.74488,3.6288,61.308,0.259897,0,0,3.48511,0.212659,3.01255,0.66528,12.849,1,0.426953,2.74488,0,118.243,3.8997,116.661,0.84672,12.849,0.84672,3695.15,0,18.483,0,2.67259,1.54774,16.5615,1.05725,19.7246,0.42336,18.483,0.42336,0,0,442.007,0,1.02816,0,0,3.70075,2.67259,1.028160,1,0,139.398,0,0,0,139.398,0
72.29,2.40233,0,0,4.89485,0.224772,2.26774,3.6288,61.308,0.260026,0,0,3.17719,0.212659,2.7045,0.66528,12.849,1,0.426996,2.26774,0,113.74,3.8997,111.681,0.84672,12.849,0.84672,3695.15,0,18.483,0,2.00446,1.52532,13.7159,1.05725,16.1884,0.42336,18.483,0.42336,0,0,442.007,0,1.02816,0,0,3.03262,2.00446,1.028160,1,0,130.574,0,0,0,130.574,0
72.29,2.40257,0,0,4.58699,0.224772,1.95965,3.6288,61.308,0.260155,0,0,2.95428,0.212659,2.48146,0.66528,12.849,1,0.427039,1.95965,0,102.761,3.8997,100.394,0.84672,12.849,0.84672,3695.15,0,18.483,0,1.59061,1.52547,12.4684,1.05725,14.5272,0.42336,18.483,0.42336,0,0,442.007,0,1.02816,0,0,2.61877,1.59061,1.028160,1,0,117.402,0,0,0,117.402,0
72.29,2.40281,0,0,4.17551,0.201279,1.57142,3.6288,61.308,0.260284,0,0,2.71969,0.229222,2.23018,0.66528,12.849,1,0.427082,1.57142,0,93.8019,4.17763,90.7686,0.84672,12.849,0.84672,3695.15,0,18.483,0,1.47891,1.52562,10.8067,1.08691,12.7243,0.42336,18.483,0.42336,0,0,442.007,0,1.02816,0,0,2.50707,1.47891,1.028160,1,0,105.723,0,0,0,105.723,0
72.29,2.51705,0,0,3.8871,0.169306,1.20075,3.6288,61.308,0.330081,0,0,2.05452,0.266739,1.4577,0.66528,12.849,1,0.447386,1.20075,0,65.5059,4.72973,61.5295,0.84672,12.849,0.84672,3695.15,0,18.483,0,1.57837,1.52577,10.4242,1.12077,12.4075,0.42336,18.483,0.42336,0,0,442.007,0,1.02816,0,0,2.60653,1.57837,1.028160,1,0,75.3948,0,0,0,75.3948,0
72.29,2.5173,0,0,3.64756,0.162593,0.967666,3.6288,61.308,0.330217,0,0,1.97834,0.288947,1.35917,0.66528,12.849,1,0.447431,0.967666,0,62.437,4.77597,58.1812,0.84672,12.849,0.84672,3695.15,0,18.483,0,1.45299,1.60491,10.0795,1.19105,11.9464,0.42336,18.483,0.42336,0,0,442.007,0,1.02816,0,0,2.48115,1.45299,1.028160,1,0,71.4868,0,0,0,71.4868,0
72.29,2.51755,0,0,3.39415,0.117645,0.75895,3.6288,61.308,0.330353,0,0,1.83692,0.276862,1.2297,0.66528,12.849,1,0.447476,0.75895,0,60.2545,4.87714,55.6888,0.84672,12.849,0.84672,3695.15,0,18.483,0,1.14459,1.60507,9.48931,1.15503,11.0839,0.42336,18.483,0.42336,0,0,442.007,0,1.02816,0,0,2.17275,1.14459,1.028160,1,0,68.0025,0,0,0,68.0025,0
72.29,2.5178,0,0,3.18872,0.117645,0.553273,3.6288,61.308,0.330489,0,0,1.81981,0.276862,1.21246,0.66528,12.849,1,0.44752,0.553273,0,52.8737,4.87714,48.1023,0.84672,12.849,0.84672,3695.15,0,18.483,0,1.32049,1.60523,8.64121,1.15503,10.4119,0.42336,18.483,0.42336,0,0,442.007,0,1.02816,0,0,2.34865,1.32049,1.028160,1,0,59.7267,0,0,0,59.7267,0
72.2346,2.51806,0,0,2.9348,0.109304,0.36288,3.6288,61.308,0.330625,0,0,1.22873,0.275243,0.622861,0.66528,12.849,1,0.447565,0.36288,0,52.8795,4.97802,47.8168,0.84672,12.849,0.84672,3695.15,0,18.483,0,1.10313,1.60539,6.73399,1.17661,8.2659,0.42336,18.483,0.42336,0,0,442.007,0,1.02816,0,0,2.13129,1.10313,1.028160,1,0,56.7055,0,0,0,56.7055,0
72.0082,2.49546,0,0,2.73792,0.105922,0.36288,3.6288,61.308,0.36907,0,0,0.964017,0.274596,0.32035,0.66528,12.849,1,0.44389,0.36288,0,54.0337,5.01837,48.9343,0.84672,12.849,0.84672,3695.15,0,18.483,0,0.844672,1.60555,5.60955,1.18524,6.87453,0.42336,18.483,0.42336,0,0,442.007,0,1.02816,0,0,1.87283,0.844672,1.028160,1,0,56.1292,0,0,0,56.1292,0
71.6609,2.49453,0,0,2.60624,0.0961904,0.36288,3.6288,61.308,0.36921,0,0,0.930718,0.290141,0.271367,0.66528,12.849,1,0.445119,0.36288,0,51.8677,5.23554,46.55,0.84672,12.849,0.84672,3695.15,0,18.483,0,0.824826,1.63033,5.40359,1.25874,6.6,0.42336,18.483,0.42336,0,0,442.007,0,1.02816,0,0,1.85299,0.824826,1.028160,1,0,53.4213,0,0,0,53.4213,0
71.182,2.49295,0,0,2.45891,0.0819324,0.36288,3.6288,61.308,0.36935,0,0,0.897895,0.310069,0.218476,0.66528,12.849,1,0.446993,0.36288,0,49.1312,5.79676,43.2503,0.84672,12.849,0.84672,3695.15,0,18.483,0,0.878204,1.6305,5.3597,1.3971,6.47131,0.42336,18.483,0.42336,0,0,442.007,0,1.02816,0,0,1.90636,0.878204,1.028160,1,0,49.9401,0,0,0,49.9401,0
70.3963,2.49065,0,0,2.1505,0.0826839,0.36288,3.6288,61.308,0.36949,0,0,0.80816,0.300737,0.137933,0.66528,12.849,1,0.449585,0.36288,0,45.7017,5.77178,39.8432,0.84672,12.849,0.84672,3695.15,0,18.483,0,0.6987,1.63066,4.64314,1.39886,5.57365,0.42336,18.483,0.42336,0,0,442.007,0,1.02816,0,0,1.72686,0.6987,1.028160,1,0,45.5548,0,0,0,45.5548,0
69.5238,2.54469,0,0,2.11016,0.0750841,0.36288,3.6288,61.308,0.403786,0,0,0.841908,0.296341,0.14178,0.66528,12.849,1,0.464467,0.36288,0,44.3697,5.691,38.5771,0.84672,12.849,0.84672,3695.15,0,18.483,0,0.748207,1.63082,4.10349,1.44866,5.03386,0.42336,18.483,0.42336,0,0,442.007,0,1.02816,0,0,1.77637,0.748207,1.028160,1,0,43.7527,0,0,0,43.7527,0
68.5111,2.54003,0,0,1.96482,0.0745798,0.36288,3.6288,61.308,0.403929,0,0,0.730417,0.296341,0.0301465,0.66528,12.849,1,0.469433,0.36288,0,37.5691,5.691,31.7715,0.84672,12.849,0.84672,3695.15,0,18.483,0,0.892011,1.67024,4.14132,1.44866,5.25491,0.42336,18.483,0.42336,0,0,442.007,0,1.02816,0,0,1.92017,0.892011,1.028160,1,0,37.0566,0,0,0,37.0566,0
67.3564,2.53444,0,0,1.81659,0.0739944,0.36288,3.6288,61.2849,0.404072,0,0,0.677333,0.296341,0,0.66528,12.849,1,0.475324,0.36288,0,36.0254,5.691,30.222,0.84672,12.849,0.84672,3695.15,0,18.483,0,0.658333,1.6704,3.60085,1.44866,4.48093,0.42336,18.483,0.42336,0,0,442.007,0,1.02816,0,0,1.68649,0.658333,1.028160,1,0,34.7029,0,0,0,34.7029,0
66.254,2.52785,0,0,1.85695,0.0686096,0.36288,3.6288,61.308,0.404216,0,0,0.752207,0.298888,0.0260224,0.66528,12.849,1,0.482215,0.36288,0,34.2638,5.76577,28.3787,0.84672,12.849,0.84672,3695.15,0,18.483,0,0.88592,1.67057,4.45395,1.4636,5.54685,0.42336,18.483,0.42336,0,0,442.007,0,1.02816,0,0,1.91408,0.88592,1.028160,1,0,33.9516,0,0,0,33.9516,0
64.7173,2.68977,0,0,1.61286,0.0969946,0.36288,3.6288,61.0571,0.527693,0,0,0.563967,0.28719,0,0.66528,12.849,1,0.521642,0.36288,0,26.5547,5.62946,20.7665,0.84672,12.849,0.84672,3695.15,0,18.483,0,0.342991,1.67074,3.58238,1.47287,4.12324,0.42336,18.483,0.42336,0,0,442.007,0,1.02816,0,0,1.37115,0.342991,1.028160,1,0,24.8897,0,0,0,24.8897,0
63.2529,2.6797,0,0,1.68065,0.10238,0.36288,3.6288,60.8581,0.527849,0,0,0.605946,0.27708,0,0.66528,12.849,1,0.53203,0.36288,0,28.3008,5.57088,22.5608,0.84672,12.849,0.84672,3695.15,0,18.483,0,0.491063,1.80387,3.11597,1.47227,3.93864,0.42336,18.483,0.42336,0,0,442.007,0,1.02816,0,0,1.51922,0.491063,1.028160,1,0,26.4994,0,0,0,26.4994,0
61.4676,2.66973,0,0,1.34844,0.101173,0.36288,3.6288,60.5159,0.541898,0,0,0.476471,0.276731,0,0.66528,12.849,1,0.542321,0.36288,0,33.2879,5.57088,27.5376,0.84672,12.849,0.84672,3695.15,0,18.483,0,0.204422,1.80405,2.58842,1.47227,3.12463,0.42336,18.483,0.42336,0,0,442.007,0,1.01427,0,0,1.21869,0.204422,1.028160,1,0,30.6622,0,0,0,30.6622,0
59.945,2.65697,0,0,1.597,0.0997013,0.36288,3.6288,60.439,0.52816,0,0,0.727313,0.276131,0,0.66528,12.849,1,0.555405,0.36288,0,28.5718,5.57088,22.8084,0.84672,12.849,0.84672,3695.15,0,18.483,0,0.805101,1.80423,3.50032,1.47227,4.63739,0.42336,18.483,0.42336,0,0,442.007,0,1.02816,0,0,1.83326,0.805101,1.028160,1,0,27.4458,0,0,0,27.4458,0
58.2453,2.64562,0,0,1.40884,0.100119,0.36288,3.6288,60.3118,0.528316,0,0,0.640192,0.239042,0,0.66528,12.849,1,0.567079,0.36288,0,41.1768,5.54424,35.4283,0.84672,12.849,0.84672,3695.15,0,18.483,0,0.352737,1.80441,3.74823,1.43479,4.47059,0.42336,18.483,0.42336,0,0,442.007,0,1.02816,0,0,1.3809,0.352737,1.028160,1,0,39.8989,0,0,0,39.8989,0
56.1809,2.55201,0,0,0.950314,0.0997556,0.36288,3.6288,59.8476,0.856925,0,0,0.603837,0.211155,0,0.66528,12.849,1,0.562977,0.36288,0,31.0935,5.52426,25.3692,0.84672,12.849,0.84672,3695.15,0,18.483,0,0.204422,1.80459,2.95604,1.40668,3.55837,0.42336,18.483,0.42336,0,0,442.007,0,0.62481,0,0,0.829233,0.204422,1.028160,1,0,28.9276,0,0,0,28.9276,0
54.352,2.53543,0,0,1.19019,0.120827,0.36288,3.6288,59.5718,0.831871,0,0,0.764103,0.207956,0,0.66528,12.849,1,0.579871,0.36288,0,29.6647,5.3438,24.104,0.84672,12.849,0.84672,3695.15,0,18.483,0,0.216518,1.72854,3.61642,1.37952,4.18195,0.42336,18.483,0.42336,0,0,442.007,0,0.650013,0,0,0.866531,0.216518,1.028160,1,0,28.2859,0,0,0,28.2859,0
54.5932,2.5199,0,0,3.32151,0.197517,0.36288,3.6288,60.2424,0.453872,0,0,1.35426,0.229819,0,0.66528,12.849,1,0.595713,0.36288,0,48.5336,4.86454,43.4363,0.84672,12.849,0.84672,3695.15,0,18.483,0,1.10101,1.72871,7.79124,1.23774,9.38323,0.42336,18.483,0.42336,0,0,442.007,0,1.02816,0,0,2.12917,1.10101,1.028160,1,0,52.8195,0,0,0,52.8195,0
53.2389,2.52228,0,0,1.72984,0.199005,0.36288,3.6288,60.0009,0.764985,0,0,0.749278,0.225775,0,0.66528,12.849,1,0.593641,0.36288,0,40.5349,4.7541,35.55,0.84672,12.849,0.84672,3695.15,0,18.483,0,0.216518,1.72888,3.51964,1.20289,4.26216,0.42336,18.483,0.42336,0,0,442.007,0,0.717196,0,0,0.933714,0.216518,1.028160,1,0,39.8122,0,0,0,39.8122,0
52.0065,2.44552,0,0,1.77822,0.202245,0.36288,3.6288,60.5016,0.385967,0,0,1.08194,0.195296,0,0.66528,12.849,1,0.590216,0.36288,0,48.0616,4.09143,43.7429,0.84672,12.849,0.84672,3695.15,0,18.483,0,0.450879,1.72906,4.98775,0.993803,6.17388,0.42336,18.483,0.42336,0,0,442.007,0,1.02816,0,0,1.47904,0.450879,1.028160,1,0,49.9168,0,0,0,49.9168,0
50.1903,2.43455,0,0,1.18099,0.199696,0.36288,3.6288,60.9644,0.386109,0,0,1.04478,0.19592,0,0.66528,12.849,1,0.601492,0.36288,0,29.5809,4.09143,25.2509,0.84672,12.849,0.84672,3695.15,0,18.483,0,0.496195,1.66145,3.71489,0.993803,4.87873,0.42336,18.483,0.42336,0,0,442.007,0,1.02816,0,0,1.52436,0.496195,1.028160,1,0,30.1296,0,0,0,30.1296,0
48.8996,2.41746,0,0,1.72931,0.239737,0.36288,3.6288,61.0388,0.537356,0,0,0.825523,0.213705,0,0.66528,12.849,1,0.618883,0.36288,0,57.7132,4.38138,53.0758,0.84672,12.849,0.84672,3695.15,0,18.483,0,0.292723,1.66162,6.82932,1.0615,7.72216,0.42336,18.483,0.42336,0,0,442.007,0,0.877054,0,0,1.16978,0.292723,1.028160,1,0,60.798,0,0,0,60.798,0
49.5323,2.40476,0,0,3.6541,0.253736,0.36288,3.6288,61.308,0.386392,0,0,1.05662,0.220692,0.180349,0.66528,12.849,1,0.631883,0.36288,0,113.821,4.49736,109.054,0.84672,12.849,0.84672,3695.15,0,18.483,0,1.01601,1.66178,5.40011,1.08857,6.98934,0.42336,18.483,0.42336,0,0,442.007,0,1.02816,0,0,2.04417,1.01601,1.028160,1,0,116.224,0,0,0,116.224,0
48.599,2.22981,0,0,1.91512,0.255684,0.36288,3.6288,60.6417,0.828487,0,0,0.387189,0.224975,0,0.66528,12.849,1,0.578427,0.36288,0,39.77,4.3071,35.2474,0.84672,12.849,0.84672,3695.15,0,18.483,0,0.292723,1.66195,4.0339,1.0481,4.94047,0.42336,18.483,0.42336,0,0,442.007,0,0.444105,0,0,0.736829,0.292723,1.028160,1,0,40.1878,0,0,0,40.1878,0
49.0923,2.22124,0,0,3.33052,0.25316,0.36288,3.6288,61.308,0.24456,0,0,1.13712,0.224676,0.00160902,0.66528,12.849,1,0.58727,0.36288,0,94.1161,4.27539,89.6163,0.84672,12.849,0.84672,3695.15,0,18.483,0,1.0174,1.50947,6.02804,1.04135,7.51356,0.42336,18.483,0.42336,0,0,442.007,0,1.02816,0,0,2.04556,1.0174,1.028160,1,0,97.1315,0,0,0,97.1315,0
50.0458,2.22614,0,0,3.79711,0.254514,0.36288,3.6288,61.308,0.244687,0,0,0.926993,0.225626,0.45668,0.66528,12.849,1,0.582652,0.36288,0,99.7765,4.27539,95.2813,0.84672,12.849,0.84672,3695.15,0,18.483,0,0.746798,1.50962,5.3832,1.04135,6.59827,0.42336,18.483,0.42336,0,0,442.007,0,1.02816,0,0,1.77496,0.746798,1.028160,1,0,102.336,0,0,0,102.336,0
51.5624,2.2352,0,0,4.35353,0.238868,0.36288,3.6288,61.1993,0.429063,0,0,0.537051,0.216734,0,0.66528,12.849,1,0.573876,0.36288,0,70.0121,3.81999,65.9811,0.84672,12.849,0.84672,3695.15,0,18.483,0,0.412474,1.50977,4.1418,0.965872,5.09817,0.42336,18.483,0.42336,0,0,442.007,0,0.843912,0,0,1.25639,0.412474,1.028160,1,0,71.0793,0,0,0,71.0793,0
51.5821,2.24894,0,0,2.8904,0.258904,0.36288,3.6288,61.308,0.313872,0,0,1.00009,0.228351,0.349121,0.66528,12.849,1,0.56042,0.36288,0,50.5075,4.33931,45.9707,0.84672,12.849,0.84672,3695.15,0,18.483,0,0.412474,1.50992,4.13326,1.08392,4.97173,0.42336,18.483,0.42336,0,0,442.007,0,0.95923,0,0,1.3717,0.412474,1.028160,1,0,51.2915,0,0,0,51.2915,0
52.9948,2.31979,0,0,4.38003,0.28469,0.36288,3.6288,61.308,0.286233,0,0,0.975819,0.246183,0.443404,0.66528,12.849,1,0.577855,0.36288,0,71.0762,5.13293,65.7283,0.84672,12.849,0.84672,3695.15,0,18.483,0,0.665876,1.51007,10.8536,1.25809,11.7714,0.42336,18.483,0.42336,0,0,442.007,0,1.02816,0,0,1.69404,0.665876,1.028160,1,0,77.9431,0,0,0,77.9431,0
60.4607,2.3324,0,0,10.4513,0.290078,0.36288,3.6288,61.308,0.286354,0,0,1.93283,0.244428,1.40205,0.66528,12.849,1,0.56551,0.36288,0,236.164,5.03702,230.924,0.84672,12.849,0.84672,3695.15,0,18.483,0,2.65283,1.55852,9.46336,1.23227,12.4424,0.42336,18.483,0.42336,0,0,442.007,0,1.02816,0,0,3.68099,2.65283,1.028160,1,0,244.769,0,0,0,244.769,0
62.0403,2.39022,0,0,4.65266,0.320002,0.36288,3.6288,61.308,0.286475,0,0,1.32828,0.233901,0.807903,0.66528,12.849,1,0.507964,0.36288,0,115.04,4.46156,110.433,0.84672,12.849,0.84672,3695.15,0,18.483,0,1.30877,1.55866,5.05702,1.07735,6.8471,0.42336,18.483,0.42336,0,0,442.007,0,1.02816,0,0,2.33693,1.30877,1.028160,1,0,118.088,0,0,0,118.088,0
62.4067,2.40115,0,0,3.4547,0.324216,0.36288,3.6288,61.308,0.286596,0,0,1.00223,0.233901,0.481734,0.66528,12.849,1,0.497296,0.36288,0,75.2544,4.46156,70.6584,0.84672,12.849,0.84672,3695.15,0,18.483,0,0.729588,1.55881,4.65612,1.07735,5.86716,0.42336,18.483,0.42336,0,0,442.007,0,1.02816,0,0,1.75775,0.729588,1.028160,1,0,77.0073,0,0,0,77.0073,0
66.5434,2.63825,0,0,7.42471,0.286925,0.36288,3.6288,61.308,0.441318,0,0,1.91532,0.196056,1.27795,0.66528,12.849,1,0.543193,0.36288,0,142.858,3.62701,139.051,0.84672,12.849,0.84672,3695.15,0,18.483,0,3.12896,1.55895,10.1613,1.10045,13.7488,0.42336,18.483,0.42336,0,0,442.007,0,1.02816,0,0,4.15712,3.12896,1.028160,1,0,154.077,0,0,0,154.077,0
69.5315,2.6668,0,0,6.31445,0.296661,0.36288,3.6288,61.308,0.441454,0,0,1.31582,0.196056,0.678311,0.66528,12.849,1,0.514938,0.36288,0,177.249,3.62701,173.47,0.84672,12.849,0.84672,3695.15,0,18.483,0,2.17695,1.73152,10.1083,1.10045,12.9163,0.42336,18.483,0.42336,0,0,442.007,0,1.02816,0,0,3.20511,2.17695,1.028160,1,0,187.064,0,0,0,187.064,0
70.4475,2.68573,0,0,4.27052,0.305913,0.36288,3.6288,61.308,0.591545,0,0,1.09906,0.182924,0.324591,0.66528,12.849,1,0.496306,0.36288,0,132.964,3.40017,129.431,0.84672,12.849,0.84672,3695.15,0,18.483,0,0.608429,1.73168,5.18324,1.0354,6.48795,0.42336,18.483,0.42336,0,0,442.007,0,0.878204,0,0,1.48663,0.608429,1.028160,1,0,136.243,0,0,0,136.243,0
70.9949,2.69143,0,0,3.88178,0.280064,0.36288,3.6288,60.9283,0.931189,0,0,0.760104,0.20858,0,0.66528,12.849,1,0.490893,0.36288,0,87.664,3.82503,83.711,0.84672,12.849,0.84672,3695.15,0,18.483,0,0.608429,1.73184,4.70577,1.0459,6.00014,0.42336,18.483,0.42336,0,0,442.007,0,0.538695,0,0,1.14712,0.608429,1.028160,1,0,89.7111,0,0,0,89.7111,0
72.29,2.35329,0,0,6.51614,0.319328,2.54842,3.6288,61.308,0.234306,0,0,1.31319,0.160048,0.539174,0.66528,12.849,1,0.42591,2.54842,0,138.876,3.20596,137.792,0.84672,12.849,0.84672,3695.15,0,18.483,0,1.84421,1.732,9.82524,0.90675,12.4947,0.42336,18.483,0.42336,0,0,442.007,0,1.02816,0,0,2.87237,1.84421,1.028160,1,0,150.826,0,0,0,150.826,0
72.29,2.35999,0,0,4.24069,0.322497,1.55821,3.6288,61.308,0.234422,0,0,1.22288,0.160433,0.828024,0.66528,12.849,1,0.41947,1.55821,0,91.8406,3.20596,89.7734,0.84672,12.849,0.84672,3695.15,0,18.483,0,0.928705,1.4962,9.06137,0.90675,10.5795,0.42336,18.483,0.42336,0,0,442.007,0,1.02816,0,0,1.95686,0.928705,1.028160,1,0,101.181,0,0,0,101.181,0
72.1543,2.3602,0,0,2.90987,0.322497,0.36288,3.6288,61.308,0.234538,0,0,1.00667,0.160433,0.611701,0.66528,12.849,1,0.419508,0.36288,0,83.2153,3.20596,79.9527,0.84672,12.849,0.84672,3695.15,0,18.483,0,0.908505,1.49634,7.12207,0.90675,8.62017,0.42336,18.483,0.42336,0,0,442.007,0,1.02816,0,0,1.93666,0.908505,1.028160,1,0,89.1846,0,0,0,89.1846,0
72.29,2.35975,0,0,3.97948,0.322165,1.16186,3.6288,61.308,0.234654,0,0,1.06741,0.160433,0.672324,0.66528,12.849,1,0.420217,1.16186,0,92.5197,3.20596,90.0554,0.84672,12.849,0.84672,3695.15,0,18.483,0,0.711971,1.49648,8.12074,0.90675,9.42244,0.42336,18.483,0.42336,0,0,442.007,0,1.02816,0,0,1.74013,0.711971,1.028160,1,0,100.15,0,0,0,100.15,0
72.29,2.36064,0,0,6.71214,0.306524,4.04498,3.6288,61.308,0.234771,0,0,1.25842,0.14197,0.881676,0.66528,12.849,1,0.419586,4.04498,0,142.08,3.08161,142.624,0.84672,12.849,0.84672,3695.15,0,18.483,0,1.30943,1.49662,8.8795,0.856279,10.8293,0.42336,18.483,0.42336,0,0,442.007,0,1.02816,0,0,2.33759,1.30943,1.028160,1,0,154.335,0,0,0,154.335,0
72.29,2.44712,0,0,7.39273,0.340001,4.60561,3.6288,61.308,0.285686,0,0,1.79089,0.138431,1.36677,0.66528,12.849,1,0.434956,4.60561,0,98.1037,2.97633,99.2981,0.84672,12.849,0.84672,3695.15,0,18.483,0,1.56244,1.49675,10.4231,0.788587,12.6937,0.42336,18.483,0.42336,0,0,442.007,0,1.02816,0,0,2.5906,1.56244,1.028160,1,0,113.359,0,0,0,113.359,0
72.29,2.44734,0,0,6.49538,0.340001,3.70804,3.6288,61.308,0.285806,0,0,1.25582,0.138431,0.831578,0.66528,12.849,1,0.434996,3.70804,0,109.384,2.97633,109.681,0.84672,12.849,0.84672,3695.15,0,18.483,0,1.08635,1.55518,9.21871,0.788587,11.0716,0.42336,18.483,0.42336,0,0,442.007,0,1.02816,0,0,2.11451,1.08635,1.028160,1,0,121.584,0,0,0,121.584,0
72.29,2.44757,0,0,5.51053,0.304289,2.75867,3.6288,61.308,0.285927,0,0,0.985798,0.157461,0.542409,0.66528,12.849,1,0.435037,2.75867,0,101.77,3.20901,100.884,0.84672,12.849,0.84672,3695.15,0,18.483,0,0.760847,1.55532,8.9805,0.834388,10.4623,0.42336,18.483,0.42336,0,0,442.007,0,1.02816,0,0,1.78901,0.760847,1.028160,1,0,111.889,0,0,0,111.889,0
72.29,2.44779,0,0,4.70685,0.284975,1.97408,3.6288,61.308,0.286048,0,0,1.09762,0.177113,0.634455,0.66528,12.849,1,0.435077,1.97408,0,69.9017,3.62514,67.8156,0.84672,12.849,0.84672,3695.15,0,18.483,0,0.949484,1.55546,8.28148,0.878295,9.90814,0.42336,18.483,0.42336,0,0,442.007,0,1.02816,0,0,1.97764,0.949484,1.028160,1,0,78.3582,0,0,0,78.3582,0
72.29,2.41428,0,0,3.54343,0.291585,0.837565,3.6288,61.308,0.415368,0,0,0.745571,0.164021,0.166182,0.66528,12.849,1,0.42912,0.837565,0,66.2533,3.7031,62.9587,0.84672,12.849,0.84672,3695.15,0,18.483,0,0.528595,1.55561,5.57748,0.828465,6.83322,0.42336,18.483,0.42336,0,0,442.007,0,0.879224,0,0,1.40782,0.528595,1.028160,1,0,69.9581,0,0,0,69.9581,0
72.29,2.4145,0,0,3.49993,0.257217,0.828218,3.6288,61.308,0.430141,0,0,0.689014,0.148369,0.110504,0.66528,12.849,1,0.429159,0.828218,0,66.4057,3.25645,63.5484,0.84672,12.849,0.84672,3695.15,0,18.483,0,0.528595,1.53305,4.30415,0.801458,5.56435,0.42336,18.483,0.42336,0,0,442.007,0,0.86457,0,0,1.39317,0.528595,1.028160,1,0,69.2232,0,0,0,69.2232,0
72.29,2.41472,0,0,3.02387,0.211503,0.397645,3.6288,61.3039,0.468034,0,0,0.661625,0.197706,0,0.66528,12.849,1,0.429199,0.397645,0,54.9201,3.8935,50.995,0.84672,12.849,0.84672,3695.15,0,18.483,0,0.402797,1.5332,3.73705,0.979675,4.69337,0.42336,18.483,0.42336,0,0,442.007,0,0.826796,0,0,1.22959,0.402797,1.028160,1,0,55.6884,0,0,0,55.6884,0
72.1872,2.41494,0,0,2.88656,0.211503,0.36288,3.6288,61.308,0.29379,0,0,0.702734,0.1977,0.20713,0.66528,12.849,1,0.429238,0.36288,0,58.1679,3.8935,54.208,0.84672,12.849,0.84672,3695.15,0,18.483,0,0.402797,1.53334,3.91935,0.979675,4.87581,0.42336,18.483,0.42336,0,0,442.007,0,1.00116,0,0,1.40396,0.402797,1.028160,1,0,59.2909,0,0,0,59.2909,0
71.8114,2.52919,0,0,2.69743,0.181159,0.36288,3.6288,61.308,0.336927,0,0,0.579931,0.194217,0.048788,0.66528,12.849,1,0.450185,0.36288,0,52.8803,4.21552,48.5775,0.84672,12.849,0.84672,3695.15,0,18.483,0,0.511868,1.53348,3.45506,0.95925,4.54115,0.42336,18.483,0.42336,0,0,442.007,0,1.02816,0,0,1.54003,0.511868,1.028160,1,0,53.1675,0,0,0,53.1675,0
71.3845,2.52743,0,0,2.63902,0.175626,0.36288,3.6288,61.308,0.337053,0,0,0.614307,0.193635,0.0836198,0.66528,12.849,1,0.452224,0.36288,0,49.3231,4.26919,44.9645,0.84672,12.849,0.84672,3695.15,0,18.483,0,0.508931,1.613,3.70326,0.955846,4.86934,0.42336,18.483,0.42336,0,0,442.007,0,1.02816,0,0,1.53709,0.508931,1.028160,1,0,49.9175,0,0,0,49.9175,0
70.7894,2.52537,0,0,2.46815,0.175055,0.36288,3.6288,61.308,0.337178,0,0,0.566841,0.193635,0.0360278,0.66528,12.849,1,0.454558,0.36288,0,46.1383,4.26919,41.7774,0.84672,12.849,0.84672,3695.15,0,18.483,0,0.445539,1.61315,3.2516,0.955846,4.35445,0.42336,18.483,0.42336,0,0,442.007,0,1.02816,0,0,1.4737,0.445539,1.028160,1,0,46.1679,0,0,0,46.1679,0
70.0749,2.52236,0,0,2.31553,0.14479,0.36288,3.6288,61.2898,0.337304,0,0,0.537956,0.218892,0,0.66528,12.849,1,0.457835,0.36288,0,42.9937,4.85343,38.0453,0.84672,12.849,0.84672,3695.15,0,18.483,0,0.405734,1.6133,3.21897,1.03879,4.19921,0.42336,18.483,0.42336,0,0,442.007,0,1.02816,0,0,1.43389,0.405734,1.028160,1,0,42.2445,0,0,0,42.2445,0
69.4456,2.51865,0,0,2.3752,0.12299,0.36288,3.6288,61.2946,0.337429,0,0,0.566813,0.224497,0,0.66528,12.849,1,0.461822,0.36288,0,45.3952,5.05893,40.2373,0.84672,12.849,0.84672,3695.15,0,18.483,0,0.470958,1.61345,3.31963,1.05596,4.34808,0.42336,18.483,0.42336,0,0,442.007,0,1.02816,0,0,1.49912,0.470958,1.028160,1,0,44.5854,0,0,0,44.5854,0
68.7314,2.49282,0,0,2.27743,0.135878,0.36288,3.6288,61.308,0.376056,0,0,0.594314,0.203473,0.00143112,0.66528,12.849,1,0.461228,0.36288,0,47.207,4.62882,42.4798,0.84672,12.849,0.84672,3695.15,0,18.483,0,0.580643,1.61359,3.43699,0.985897,4.64533,0.42336,18.483,0.42336,0,0,442.007,0,1.02816,0,0,1.6088,0.580643,1.028160,1,0,47.1266,0,0,0,47.1266,0
67.8115,2.48901,0,0,2.06711,0.135126,0.36288,3.6288,61.2859,0.376185,0,0,0.557555,0.20349,0,0.66528,12.849,1,0.465309,0.36288,0,42.0652,4.62882,37.334,0.84672,12.849,0.84672,3695.15,0,18.483,0,0.399211,1.63849,3.32484,0.985897,4.37665,0.42336,18.483,0.42336,0,0,442.007,0,1.02816,0,0,1.42737,0.399211,1.028160,1,0,41.7106,0,0,0,41.7106,0
66.8239,2.48393,0,0,1.96114,0.101967,0.36288,3.6288,61.1523,0.376314,0,0,0.522998,0.280234,0,0.66528,12.849,1,0.470659,0.36288,0,37.8375,5.61687,32.1128,0.84672,12.849,0.84672,3695.15,0,18.483,0,0.404784,1.63864,3.15098,1.34655,3.84785,0.42336,18.483,0.42336,0,0,442.007,0,1.02816,0,0,1.43294,0.404784,1.028160,1,0,35.9607,0,0,0,35.9607,0
65.6445,2.47833,0,0,1.76429,0.102455,0.36288,3.6288,60.9937,0.376443,0,0,0.496909,0.279106,0,0.66528,12.849,1,0.476537,0.36288,0,35.317,5.58873,29.6146,0.84672,12.849,0.84672,3695.15,0,18.483,0,0.35888,1.63879,3.00092,1.34215,3.65644,0.42336,18.483,0.42336,0,0,442.007,0,1.02816,0,0,1.38704,0.35888,1.028160,1,0,33.271,0,0,0,33.271,0
64.6865,2.52907,0,0,2.0086,0.0745954,0.36288,3.6288,60.9011,0.410898,0,0,0.622833,0.304519,0,0.66528,12.849,1,0.495031,0.36288,0,39.7709,5.68564,33.9531,0.84672,12.849,0.84672,3695.15,0,18.483,0,0.378181,1.63894,2.80981,1.47317,3.35376,0.42336,18.483,0.42336,0,0,442.007,0,1.02816,0,0,1.40634,0.378181,1.028160,1,0,37.3068,0,0,0,37.3068,0
63.6857,2.52319,0,0,1.95928,0.0740244,0.36288,3.6288,60.7596,0.41103,0,0,0.573848,0.30434,0,0.66528,12.849,1,0.501193,0.36288,0,39.7198,5.68564,33.8958,0.84672,12.849,0.84672,3695.15,0,18.483,0,0.503634,1.67853,3.0109,1.47317,3.7199,0.42336,18.483,0.42336,0,0,442.007,0,1.02816,0,0,1.53179,0.503634,1.028160,1,0,37.6158,0,0,0,37.6158,0
62.566,2.51687,0,0,1.83343,0.0734279,0.36288,3.6288,60.5755,0.411163,0,0,0.531177,0.304067,0,0.66528,12.849,1,0.507794,0.36288,0,35.857,5.68564,30.0265,0.84672,12.849,0.84672,3695.15,0,18.483,0,0.437893,1.67869,2.68721,1.47317,3.33063,0.42336,18.483,0.42336,0,0,442.007,0,1.02816,0,0,1.46605,0.437893,1.028160,1,0,33.3571,0,0,0,33.3571,0
61.3039,2.50956,0,0,1.68317,0.0727605,0.36288,3.6288,60.3859,0.411295,0,0,0.525345,0.303712,0,0.66528,12.849,1,0.515381,0.36288,0,32.7775,5.68564,26.9393,0.84672,12.849,0.84672,3695.15,0,18.483,0,0.317485,1.67884,2.62819,1.47317,3.15135,0.42336,18.483,0.42336,0,0,442.007,0,1.02816,0,0,1.34565,0.317485,1.028160,1,0,30.0907,0,0,0,30.0907,0
60.0681,2.66805,0,0,1.85773,0.0626611,0.36288,3.6288,60.1336,0.53537,0,0,0.615208,0.332131,0,0.66528,12.849,1,0.55921,0.36288,0,36.3084,5.73342,30.3786,0.84672,12.849,0.84672,3695.15,0,18.483,0,0.33798,1.679,3.38262,1.42043,3.97916,0.42336,18.483,0.42336,0,0,442.007,0,1.02816,0,0,1.36614,0.33798,1.028160,1,0,34.3578,0,0,0,34.3578,0
58.6078,2.65882,0,0,1.63967,0.0782922,0.36288,3.6288,59.6701,0.705903,0,0,0.560534,0.318092,0,0.66528,12.849,1,0.56874,0.36288,0,33.0206,5.62227,27.1925,0.84672,12.849,0.84672,3695.15,0,18.483,0,0.227405,1.81277,3.16069,1.39657,3.8043,0.42336,18.483,0.42336,0,0,442.007,0,0.857771,0,0,1.08518,0.227405,1.028160,1,0,30.9968,0,0,0,30.9968,0
57.0524,2.64744,0,0,1.53147,0.0764935,0.36288,3.6288,59.3808,0.535658,0,0,0.558503,0.312207,0,0.66528,12.849,1,0.580416,0.36288,0,32.4242,5.71673,26.4899,0.84672,12.849,0.84672,3695.15,0,18.483,0,0.689334,1.81294,3.21541,1.42475,4.29293,0.42336,18.483,0.42336,0,0,442.007,0,1.02816,0,0,1.71749,0.689334,1.028160,1,0,30.7829,0,0,0,30.7829,0
55.438,2.63476,0,0,1.45858,0.0753404,0.36288,3.6288,59.0748,0.535801,0,0,0.541516,0.311629,0,0.66528,12.849,1,0.593385,0.36288,0,31.5396,5.71673,25.5924,0.84672,12.849,0.84672,3695.15,0,18.483,0,0.643369,1.81311,3.09168,1.42475,4.1234,0.42336,18.483,0.42336,0,0,442.007,0,1.02816,0,0,1.67153,0.643369,1.028160,1,0,29.7158,0,0,0,29.7158,0
54.3182,2.62098,0,0,1.91987,0.0558764,0.36288,3.6288,58.7016,0.535945,0,0,0.500134,0.337463,0,0.66528,12.849,1,0.60747,0.36288,0,34.8518,6.01768,28.5895,0.84672,12.849,0.84672,3695.15,0,18.483,0,0.428475,1.81327,3.25726,1.51149,3.98752,0.42336,18.483,0.42336,0,0,442.007,0,1.02816,0,0,1.45663,0.428475,1.028160,1,0,32.577,0,0,0,32.577,0
53.7081,2.53142,0,0,2.3785,0.0942576,0.36288,3.6288,58.2849,0.545161,0,0,0.449226,0.320728,0,0.66528,12.849,1,0.598809,0.36288,0,37.6287,5.14685,32.2459,0.84672,12.849,0.84672,3695.15,0,18.483,0,0.204422,1.81344,3.26602,1.30322,3.98066,0.42336,18.483,0.42336,0,0,442.007,0,0.943825,0,0,1.14825,0.204422,1.028160,1,0,36.2266,0,0,0,36.2266,0
53.3425,2.52616,0,0,2.67993,0.15646,0.36288,3.6288,58.1656,0.460963,0,0,0.629236,0.287569,0,0.66528,12.849,1,0.604354,0.36288,0,36.2841,4.29041,31.7522,0.84672,12.849,0.84672,3695.15,0,18.483,0,0.468495,1.737,4.36167,1.1162,5.45096,0.42336,18.483,0.42336,0,0,442.007,0,1.02816,0,0,1.49666,0.468495,1.028160,1,0,37.2032,0,0,0,37.2032,0
52.8121,2.52306,0,0,2.51401,0.158495,0.36288,3.6288,58.0554,0.4611,0,0,0.639274,0.288334,0,0.66528,12.849,1,0.607747,0.36288,0,44.66,4.30668,40.1084,0.84672,12.849,0.84672,3695.15,0,18.483,0,0.423965,1.73716,4.41308,1.12552,5.44868,0.42336,18.483,0.42336,0,0,442.007,0,1.02816,0,0,1.45212,0.423965,1.028160,1,0,45.5571,0,0,0,45.5571,0
52.5956,2.51838,0,0,2.82243,0.157636,0.36288,3.6288,58.1022,0.461237,0,0,0.796159,0.288129,0,0.66528,12.849,1,0.612713,0.36288,0,71.8489,4.30668,67.2923,0.84672,12.849,0.84672,3695.15,0,18.483,0,0.705983,1.73732,5.6182,1.12552,6.93598,0.42336,18.483,0.42336,0,0,442.007,0,1.02816,0,0,1.73414,0.705983,1.028160,1,0,74.2283,0,0,0,74.2283,0
52.3078,2.45158,0,0,2.7572,0.230607,0.36288,3.6288,58.297,0.392841,0,0,0.855911,0.268344,0,0.66528,12.849,1,0.598915,0.36288,0,63.2457,4.78149,58.2281,0.84672,12.849,0.84672,3695.15,0,18.483,0,1.43469,1.73748,6.2546,1.20103,8.22573,0.42336,18.483,0.42336,0,0,442.007,0,1.02816,0,0,2.46285,1.43469,1.028160,1,0,66.4539,0,0,0,66.4539,0
50.4905,2.44916,0,0,1.22469,0.229924,0.36288,3.6288,58.1251,0.392971,0,0,0.489783,0.268681,0,0.66528,12.849,1,0.601616,0.36288,0,27.912,4.78149,22.8918,0.84672,12.849,0.84672,3695.15,0,18.483,0,0.602873,1.66953,3.48554,1.20103,4.55691,0.42336,18.483,0.42336,0,0,442.007,0,1.02816,0,0,1.63103,0.602873,1.028160,1,0,27.4487,0,0,0,27.4487,0
48.9254,2.43212,0,0,1.45547,0.225611,0.36288,3.6288,58.044,0.393102,0,0,0.580429,0.268383,0,0.66528,12.849,1,0.618934,0.36288,0,36.1414,4.78149,31.1038,0.84672,12.849,0.84672,3695.15,0,18.483,0,0.865961,1.66968,6.61102,1.20103,7.94563,0.42336,18.483,0.42336,0,0,442.007,0,1.02816,0,0,1.89412,0.865961,1.028160,1,0,39.0495,0,0,0,39.0495,0
47.9908,2.41666,0,0,2.09326,0.248316,0.36288,3.6288,58.1493,0.393233,0,0,0.757289,0.258753,0,0.66528,12.849,1,0.634674,0.36288,0,54.2227,4.49553,49.4554,0.84672,12.849,0.84672,3695.15,0,18.483,0,1.24495,1.66983,6.29674,1.1595,8.05203,0.42336,18.483,0.42336,0,0,442.007,0,1.02816,0,0,2.27311,1.24495,1.028160,1,0,57.5074,0,0,0,57.5074,0
50.369,2.22585,0,0,5.17985,0.212878,0.36288,3.6288,59.9094,0.250576,0,0,2.20074,0.190101,0,0.66528,12.849,1,0.595946,0.36288,0,121.988,3.97761,117.777,0.84672,12.849,0.84672,3695.15,0,18.483,0,2.45125,1.66999,12.7962,0.966784,15.9506,0.42336,18.483,0.42336,0,0,442.007,0,1.02816,0,0,3.47941,2.45125,1.028160,1,0,133.728,0,0,0,133.728,0
51.2636,2.24847,0,0,3.70275,0.196817,0.36288,3.6288,60.7849,0.250694,0,0,1.29348,0.167296,0,0.66528,12.849,1,0.573579,0.36288,0,111.426,3.85623,107.359,0.84672,12.849,0.84672,3695.15,0,18.483,0,1.61184,1.51676,9.27798,0.902158,11.5044,0.42336,18.483,0.42336,0,0,442.007,0,1.02816,0,0,2.64,1.61184,1.028160,1,0,118.863,0,0,0,118.863,0
51.6196,2.25668,0,0,3.17421,0.198671,0.36288,3.6288,61.308,0.250812,0,0,1.52061,0.16823,0.578455,0.66528,12.849,1,0.565628,0.36288,0,116.507,3.85623,112.448,0.84672,12.849,0.84672,3695.15,0,18.483,0,2.39707,1.51689,9.66833,0.902158,12.6801,0.42336,18.483,0.42336,0,0,442.007,0,1.02816,0,0,3.42523,2.39707,1.028160,1,0,125.707,0,0,0,125.707,0
52.7089,2.26001,0,0,3.95074,0.238455,0.36288,3.6288,61.308,0.250929,0,0,3.0001,0.214812,2.53436,0.66528,12.849,1,0.562556,0.36288,0,130.869,4.29693,126.373,0.84672,12.849,0.84672,3695.15,0,18.483,0,3.0302,1.51703,11.0987,1.04859,14.5973,0.42336,18.483,0.42336,0,0,442.007,0,1.02816,0,0,4.05836,3.0302,1.028160,1,0,143.504,0,0,0,143.504,0
55.9118,2.26957,0,0,6.09428,0.258932,0.36288,3.6288,61.308,0.251047,0,0,2.84511,0.23189,2.36217,0.66528,12.849,1,0.553259,0.36288,0,145.999,4.66068,141.148,0.84672,12.849,0.84672,3695.15,0,18.483,0,2.37537,1.51717,10.3764,1.17779,13.0911,0.42336,18.483,0.42336,0,0,442.007,0,1.02816,0,0,3.40353,2.37537,1.028160,1,0,156.602,0,0,0,156.602,0
58.6471,2.36746,0,0,5.73818,0.272575,0.36288,3.6288,61.308,0.292525,0,0,1.34563,0.228561,0.824542,0.66528,12.849,1,0.544061,0.36288,0,50.5322,5.12935,45.2216,0.84672,12.849,0.84672,3695.15,0,18.483,0,1.39796,1.51731,5.77645,1.35438,7.33735,0.42336,18.483,0.42336,0,0,442.007,0,1.02816,0,0,2.42612,1.39796,1.028160,1,0,53.3835,0,0,0,53.3835,0
59.2665,2.38847,0,0,3.65075,0.279995,0.36288,3.6288,61.308,0.292636,0,0,1.50761,0.228561,0.986414,0.66528,12.849,1,0.523291,0.36288,0,65.893,5.12935,60.6032,0.84672,12.849,0.84672,3695.15,0,18.483,0,1.73056,1.56598,6.08921,1.35438,8.03137,0.42336,18.483,0.42336,0,0,442.007,0,1.02816,0,0,2.75872,1.73056,1.028160,1,0,69.621,0,0,0,69.621,0
58.9933,2.39317,0,0,2.76451,0.281676,0.36288,3.6288,61.308,0.292747,0,0,1.17331,0.228561,0.652004,0.66528,12.849,1,0.51884,0.36288,0,78.6983,5.12935,73.413,0.84672,12.849,0.84672,3695.15,0,18.483,0,1.18062,1.56611,5.40338,1.35438,6.79573,0.42336,18.483,0.42336,0,0,442.007,0,1.02816,0,0,2.20878,1.18062,1.028160,1,0,80.8607,0,0,0,80.8607,0
58.5608,2.3914,0,0,2.59743,0.275645,0.36288,3.6288,61.308,0.292858,0,0,1.07446,0.226129,0.555475,0.66528,12.849,1,0.520857,0.36288,0,59.6126,5.11346,54.3412,0.84672,12.849,0.84672,3695.15,0,18.483,0,0.986757,1.56624,5.80705,1.32696,7.03309,0.42336,18.483,0.42336,0,0,442.007,0,1.02816,0,0,2.01492,0.986757,1.028160,1,0,61.9298,0,0,0,61.9298,0
57.9661,2.6214,0,0,2.71854,0.328945,0.36288,3.6288,61.308,0.448306,0,0,0.952163,0.174574,0.329283,0.66528,12.849,1,0.57517,0.36288,0,48.2009,3.64555,44.3431,0.84672,12.849,0.84672,3695.15,0,18.483,0,1.16601,1.56637,4.11709,0.91121,5.93827,0.42336,18.483,0.42336,0,0,442.007,0,1.02816,0,0,2.19417,1.16601,1.028160,1,0,50.6106,0,0,0,50.6106,0
57.6323,2.61679,0,0,2.98719,0.341308,0.36288,3.6288,61.308,0.44843,0,0,0.976363,0.168414,0.35952,0.66528,12.849,1,0.580049,0.36288,0,54.1115,3.4168,50.4776,0.84672,12.849,0.84672,3695.15,0,18.483,0,1.4328,1.73976,4.32295,0.869337,6.62617,0.42336,18.483,0.42336,0,0,442.007,0,1.02816,0,0,2.46096,1.4328,1.028160,1,0,57.4633,0,0,0,57.4633,0
56.9715,2.61427,0,0,2.65425,0.337896,0.36288,3.6288,61.308,0.448554,0,0,1.03782,0.173946,0.415319,0.66528,12.849,1,0.582845,0.36288,0,39.9992,3.54785,36.2314,0.84672,12.849,0.84672,3695.15,0,18.483,0,1.08869,1.7399,4.55388,0.910332,6.47214,0.42336,18.483,0.42336,0,0,442.007,0,1.02816,0,0,2.11685,1.08869,1.028160,1,0,43.1189,0,0,0,43.1189,0
58.1224,2.60897,0,0,4.4349,0.312124,0.36288,3.6288,61.308,0.448678,0,0,1.53556,0.191878,0.895005,0.66528,12.849,1,0.588411,0.36288,0,88.6006,4.49248,83.8826,0.84672,12.849,0.84672,3695.15,0,18.483,0,1.83714,1.74005,9.08427,1.06089,11.6006,0.42336,18.483,0.42336,0,0,442.007,0,1.02816,0,0,2.8653,1.83714,1.028160,1,0,96.3782,0,0,0,96.3782,0
60.1526,2.28679,0,0,4.97572,0.295942,0.36288,3.6288,61.308,0.240268,0,0,2.19204,0.133298,1.81847,0.66528,12.849,1,0.505536,0.36288,0,119.362,2.94379,116.275,0.84672,12.849,0.84672,3695.15,0,18.483,0,3.18102,1.74019,9.78099,0.760613,13.9416,0.42336,18.483,0.42336,0,0,442.007,0,1.02816,0,0,4.20918,3.18102,1.028160,1,0,132.035,0,0,0,132.035,0
61.5303,2.30104,0,0,4.3404,0.298724,0.36288,3.6288,61.308,0.240375,0,0,1.53586,0.123959,1.17153,0.66528,12.849,1,0.491519,0.36288,0,96.4172,2.68128,93.6073,0.84672,12.849,0.84672,3695.15,0,18.483,0,1.82053,1.50327,7.89307,0.713217,10.5037,0.42336,18.483,0.42336,0,0,442.007,0,1.02816,0,0,2.84869,1.82053,1.028160,1,0,105.282,0,0,0,105.282,0
61.9241,2.31034,0,0,3.36922,0.302221,0.36288,3.6288,61.308,0.240481,0,0,1.19559,0.123959,0.831154,0.66528,12.849,1,0.482455,0.36288,0,101.599,2.68128,98.7986,0.84672,12.849,0.84672,3695.15,0,18.483,0,1.17777,1.5034,6.38638,0.713217,8.35433,0.42336,18.483,0.42336,0,0,442.007,0,1.02816,0,0,2.20593,1.17777,1.028160,1,0,107.984,0,0,0,107.984,0
61.699,2.31308,0,0,2.72272,0.271892,0.36288,3.6288,61.308,0.240588,0,0,0.800479,0.10591,0.453981,0.66528,12.849,1,0.479954,0.36288,0,82.9215,2.4197,80.3848,0.84672,12.849,0.84672,3695.15,0,18.483,0,0.707633,1.50352,5.64003,0.67564,7.17554,0.42336,18.483,0.42336,0,0,442.007,0,1.02816,0,0,1.73579,0.707633,1.028160,1,0,88.0143,0,0,0,88.0143,0
61.3893,2.31182,0,0,2.62599,0.260922,0.36288,3.6288,61.308,0.240695,0,0,0.902152,0.113533,0.547924,0.66528,12.849,1,0.481444,0.36288,0,64.8651,2.3014,62.4451,0.84672,12.849,0.84672,3695.15,0,18.483,0,0.792469,1.50365,5.07993,0.60069,6.77536,0.42336,18.483,0.42336,0,0,442.007,0,1.02816,0,0,1.82063,0.792469,1.028160,1,0,69.7684,0,0,0,69.7684,0
60.7518,2.39441,0,0,2.41928,0.299517,0.36288,3.6288,61.308,0.291838,0,0,0.73814,0.167093,0.27921,0.66528,12.849,1,0.501158,0.36288,0,47.1715,2.7997,44.2336,0.84672,12.849,0.84672,3695.15,0,18.483,0,1.10093,1.50377,4.58369,0.681331,6.50706,0.42336,18.483,0.42336,0,0,442.007,0,1.02816,0,0,2.12909,1.10093,1.028160,1,0,51.0198,0,0,0,51.0198,0
60.5538,2.39027,0,0,2.85138,0.296268,0.36288,3.6288,61.2489,0.565275,0,0,0.681726,0.175575,0,0.66528,12.849,1,0.505542,0.36288,0,67.5611,2.94294,64.4755,0.84672,12.849,0.84672,3695.15,0,18.483,0,0.528595,1.56246,5.12915,0.76666,6.45355,0.42336,18.483,0.42336,0,0,442.007,0,0.754834,0,0,1.28343,0.528595,1.028160,1,0,70.929,0,0,0,70.929,0
59.874,2.38911,0,0,2.36805,0.29578,0.36288,3.6288,61.308,0.29206,0,0,0.94605,0.175509,0.419358,0.66528,12.849,1,0.506948,0.36288,0,50.0369,2.94294,46.9499,0.84672,12.849,0.84672,3695.15,0,18.483,0,1.33269,1.56259,6.03995,0.76666,8.16856,0.42336,18.483,0.42336,0,0,442.007,0,1.02816,0,0,2.36085,1.33269,1.028160,1,0,55.5378,0,0,0,55.5378,0
59.3164,2.38457,0,0,2.48645,0.296662,0.36288,3.6288,61.308,0.29217,0,0,1.08609,0.176071,0.61785,0.66528,12.849,1,0.51173,0.36288,0,72.2794,3.07907,69.0515,0.84672,12.849,0.84672,3695.15,0,18.483,0,1.07454,1.56272,6.56554,0.790415,8.41238,0.42336,18.483,0.42336,0,0,442.007,0,1.02816,0,0,2.1027,1.07454,1.028160,1,0,78.0817,0,0,0,78.0817,0
58.738,2.348,0,0,2.3552,0.222717,0.36288,3.6288,61.308,0.272453,0,0,0.980493,0.224828,0.483212,0.66528,12.849,1,0.508619,0.36288,0,49.3089,4.29943,44.8637,0.84672,12.849,0.84672,3695.15,0,18.483,0,0.846746,1.56285,4.58485,0.957042,6.03741,0.42336,18.483,0.42336,0,0,442.007,0,1.02816,0,0,1.87491,0.846746,1.028160,1,0,51.3844,0,0,0,51.3844,0
58.1007,2.34409,0,0,2.29119,0.221477,0.36288,3.6288,61.308,0.272562,0,0,1.08152,0.224828,0.584131,0.66528,12.849,1,0.512772,0.36288,0,47.6551,4.29943,43.2058,0.84672,12.849,0.84672,3695.15,0,18.483,0,1.05256,1.54018,5.31586,0.957042,6.95156,0.42336,18.483,0.42336,0,0,442.007,0,1.02816,0,0,2.08072,1.05256,1.028160,1,0,50.7415,0,0,0,50.7415,0
57.3948,2.33968,0,0,2.21678,0.220111,0.36288,3.6288,61.308,0.272671,0,0,1.08581,0.224828,0.588315,0.66528,12.849,1,0.517421,0.36288,0,45.1801,4.29943,40.7261,0.84672,12.849,0.84672,3695.15,0,18.483,0,0.800548,1.54031,4.66467,0.957042,6.04849,0.42336,18.483,0.42336,0,0,442.007,0,1.02816,0,0,1.82871,0.800548,1.028160,1,0,47.3629,0,0,0,47.3629,0
56.6063,2.33468,0,0,2.11316,0.204112,0.36288,3.6288,61.308,0.27278,0,0,0.885151,0.210942,0.401429,0.66528,12.849,1,0.522665,0.36288,0,43.2906,3.8927,39.2382,0.84672,12.849,0.84672,3695.15,0,18.483,0,0.734867,1.54044,4.38296,0.959941,5.69833,0.42336,18.483,0.42336,0,0,442.007,0,1.02816,0,0,1.76303,0.734867,1.028160,1,0,45.3379,0,0,0,45.3379,0
55.4448,2.43942,0,0,1.80175,0.16101,0.36288,3.6288,61.308,0.343231,0,0,0.859084,0.230184,0.285668,0.66528,12.849,1,0.55372,0.36288,0,36.0348,4.51361,31.3304,0.84672,12.849,0.84672,3695.15,0,18.483,0,0.713664,1.54057,3.90323,1.04739,5.11007,0.42336,18.483,0.42336,0,0,442.007,0,1.02816,0,0,1.74182,0.713664,1.028160,1,0,36.7261,0,0,0,36.7261,0
54.216,2.4302,0,0,1.72038,0.156101,0.36288,3.6288,61.308,0.343347,0,0,0.798733,0.237104,0.218283,0.66528,12.849,1,0.563185,0.36288,0,32.6107,4.73603,27.6744,0.84672,12.849,0.84672,3695.15,0,18.483,0,0.545357,1.62045,3.54615,1.09876,4.6132,0.42336,18.483,0.42336,0,0,442.007,0,1.02816,0,0,1.57352,0.545357,1.028160,1,0,32.5059,0,0,0,32.5059,0
52.7993,2.42009,0,0,1.5081,0.141856,0.36288,3.6288,61.308,0.343462,0,0,0.744094,0.246548,0.154085,0.66528,12.849,1,0.573552,0.36288,0,29.1359,4.84313,24.0821,0.84672,12.849,0.84672,3695.15,0,18.483,0,0.438903,1.62059,3.44053,1.12613,4.37389,0.42336,18.483,0.42336,0,0,442.007,0,1.02816,0,0,1.46706,0.438903,1.028160,1,0,28.6101,0,0,0,28.6101,0
51.3459,2.40791,0,0,1.42684,0.109445,0.36288,3.6288,61.308,0.343577,0,0,0.715401,0.270156,0.101668,0.66528,12.849,1,0.585979,0.36288,0,26.6341,5.11088,21.3001,0.84672,12.849,0.84672,3695.15,0,18.483,0,0.36809,1.62072,3.30985,1.19454,4.10413,0.42336,18.483,0.42336,0,0,442.007,0,1.02816,0,0,1.39625,0.36809,1.028160,1,0,25.5059,0,0,0,25.5059,0
49.7975,2.39485,0,0,1.31249,0.103118,0.36288,3.6288,61.2454,0.429833,0,0,0.654252,0.287057,0,0.66528,12.849,1,0.599296,0.36288,0,24.5089,5.18278,19.0897,0.84672,12.849,0.84672,3695.15,0,18.483,0,0.30119,1.62086,3.09893,1.24015,3.78083,0.42336,18.483,0.42336,0,0,442.007,0,0.942019,0,0,1.24321,0.30119,1.028160,1,0,22.8705,0,0,0,22.8705,0
48.2225,2.35891,0,0,1.24212,0.0952966,0.36288,3.6288,60.9181,0.614019,0,0,0.596191,0.30947,0,0.66528,12.849,1,0.608659,0.36288,0,21.9307,5.27867,16.4062,0.84672,12.849,0.84672,3695.15,0,18.483,0,0.30119,1.621,2.61538,1.30096,3.2366,0.42336,18.483,0.42336,0,0,442.007,0,0.796625,0,0,1.09782,0.30119,1.028160,1,0,19.6428,0,0,0,19.6428,0
46.5806,2.34342,0,0,1.15807,0.0936933,0.36288,3.6288,60.5636,0.618449,0,0,0.572854,0.308829,0,0.66528,12.849,1,0.624408,0.36288,0,21.6408,5.27867,16.1006,0.84672,12.849,0.84672,3695.15,0,18.483,0,0.261274,1.64599,2.67245,1.30096,3.27875,0.42336,18.483,0.42336,0,0,442.007,0,0.792314,0,0,1.05359,0.261274,1.028160,1,0,19.3793,0,0,0,19.3793,0
44.8484,2.32636,0,0,1.04905,0.0920187,0.36288,3.6288,60.132,0.670926,0,0,0.547404,0.308135,0,0.66528,12.849,1,0.641713,0.36288,0,21.2673,5.27867,15.7098,0.84672,12.849,0.84672,3695.15,0,18.483,0,0.261274,1.64613,2.52466,1.30096,3.1311,0.42336,18.483,0.42336,0,0,442.007,0,0.739956,0,0,1.00123,0.261274,1.028160,1,0,18.8409,0,0,0,18.8409,0
43.0468,2.30729,0,0,0.955161,0.0865646,0.36288,3.6288,59.5648,0.766672,0,0,0.517692,0.318178,0,0.66528,12.849,1,0.661034,0.36288,0,18.7214,5.41981,13.0034,0.84672,12.849,0.84672,3695.15,0,18.483,0,0.261274,1.64626,2.45039,1.35248,3.00544,0.42336,18.483,0.42336,0,0,442.007,0,0.644328,0,0,0.905602,0.261274,1.028160,1,0,16.0089,0,0,0,16.0089,0
41.2047,2.33953,0,0,0.927945,0.067688,0.36288,3.6288,58.8765,0.859117,0,0,0.509081,0.338264,0,0.66528,12.849,1,0.698323,0.36288,0,19.7751,5.80524,13.6344,0.84672,12.849,0.84672,3695.15,0,18.483,0,0.261274,1.6464,2.37179,1.48602,2.79345,0.42336,18.483,0.42336,0,0,442.007,0,0.586483,0,0,0.847757,0.261274,1.028160,1,0,16.4278,0,0,0,16.4278,0
39.3043,2.31592,0,0,0.844638,0.0662497,0.36288,3.6288,58.1187,0.84093,0,0,0.419894,0.336776,0,0.66528,12.849,1,0.722183,0.36288,0,15.9278,5.80524,9.76321,0.84672,12.849,0.84672,3695.15,0,18.483,0,0.261274,1.68616,2.20392,1.48602,2.66534,0.42336,18.483,0.42336,0,0,442.007,0,0.604791,0,0,0.866065,0.261274,1.028160,1,0,12.4285,0,0,0,12.4285,0
37.355,2.2898,0,0,0.7682,0.0647829,0.36288,3.6288,57.2324,0.942174,0,0,0.391041,0.335137,0,0.66528,12.849,1,0.748561,0.36288,0,14.8481,5.80524,8.65718,0.84672,12.849,0.84672,3695.15,0,18.483,0,0.227405,1.68631,1.96413,1.48602,2.39182,0.42336,18.483,0.42336,0,0,442.007,0,0.503669,0,0,0.731074,0.227405,1.028160,1,0,11.049,0,0,0,11.049,0
35.5097,2.26093,0,0,0.836551,0.0580261,0.36288,3.6288,56.6105,0.752077,0,0,0.461575,0.331467,0,0.66528,12.849,1,0.777691,0.36288,0,14.9184,5.91338,8.59024,0.84672,12.849,0.84672,3695.15,0,18.483,0,0.227405,1.68645,2.77716,1.51193,3.17908,0.42336,18.483,0.42336,0,0,442.007,0,0.693887,0,0,0.921292,0.227405,1.028160,1,0,11.7693,0,0,0,11.7693,0
33.6132,2.38047,0,0,0.89284,0.0459973,0.36288,3.6288,55.8066,0.91196,0,0,0.428684,0.320601,0,0.66528,12.849,1,0.861359,0.36288,0,15.8541,5.84596,9.5097,0.84672,12.849,0.84672,3695.15,0,18.483,0,0.227405,1.68659,2.94787,1.55375,3.30812,0.42336,18.483,0.42336,0,0,442.007,0,0.658627,0,0,0.886032,0.227405,1.028160,1,0,12.8178,0,0,0,12.8178,0
31.8304,2.3455,0,0,0.962099,0.0365753,0.36288,3.6288,55.0185,0.886786,0,0,0.435793,0.337133,0,0.66528,12.849,1,0.896593,0.36288,0,18.2507,5.83223,11.8848,0.84672,12.849,0.84672,3695.15,0,18.483,0,0.227405,1.82095,2.89418,1.5731,3.36944,0.42336,18.483,0.42336,0,0,442.007,0,0.683934,0,0,0.911339,0.227405,1.028160,1,0,15.2542,0,0,0,15.2542,0
29.9141,2.30992,0,0,0.792279,0.0357707,0.36288,3.6288,54.0924,0.970017,0,0,0.379301,0.335392,0,0.66528,12.849,1,0.932449,0.36288,0,22.6573,5.83223,16.2555,0.84672,12.849,0.84672,3695.15,0,18.483,0,0.204422,1.82111,2.58206,1.5731,3.03449,0.42336,18.483,0.42336,0,0,442.007,0,0.600834,0,0,0.805257,0.204422,1.028160,1,0,19.29,0,0,0,19.29,0
28.1244,2.26833,0,0,0.876459,0.0348866,0.36288,3.6288,53.5588,0.721265,0,0,0.521045,0.333348,0,0.66528,12.849,1,0.974315,0.36288,0,19.4255,5.83223,12.9818,0.84672,12.849,0.84672,3695.15,0,18.483,0,0.204422,1.82126,3.08559,1.5731,3.53817,0.42336,18.483,0.42336,0,0,442.007,0,0.849718,0,0,1.05414,0.204422,1.028160,1,0,16.52,0,0,0,16.52,0
26.4051,2.22596,0,0,0.891475,0.0219359,0.36288,3.6288,52.9485,0.705007,0,0,0.428516,0.333854,0,0.66528,12.849,1,1.01696,0.36288,0,19.8773,5.88574,13.3374,0.84672,12.849,0.84672,3695.15,0,18.483,0,0.204422,1.82141,3.87425,1.58504,4.31504,0.42336,18.483,0.42336,0,0,442.007,0,0.866108,0,0,1.07053,0.204422,1.028160,1,0,17.6525,0,0,0,17.6525,0
25.0184,2.11504,0,0,1.09534,0.00414601,0.36288,3.6288,52.6499,0.467488,0,0,0.492618,0.323658,0,0.66528,12.849,1,1.0292,0.36288,0,17.693,5.90912,11.1176,0.84672,12.849,0.84672,3695.15,0,18.483,0,0.321849,1.82157,5.1963,1.57696,5.76276,0.42336,18.483,0.42336,0,0,442.007,0,1.02816,0,0,1.35001,0.321849,1.028160,1,0,16.8803,0,0,0,16.8803,0
23.8738,2.07752,0,0,1.33002,0.0342053,0.36288,3.6288,52.3914,0.467613,0,0,0.499414,0.29032,0,0.66528,12.849,1,1.06698,0.36288,0,16.0622,5.63304,9.72506,0.84672,12.849,0.84672,3695.15,0,18.483,0,0.344347,1.74477,3.84445,1.48213,4.45143,0.42336,18.483,0.42336,0,0,442.007,0,1.02816,0,0,1.37251,0.344347,1.028160,1,0,14.1765,0,0,0,14.1765,0
23.4774,2.04444,0,0,2.04449,0.0336434,0.36288,3.6288,52.4775,0.467739,0,0,0.843531,0.289718,0,0.66528,12.849,1,1.10032,0.36288,0,29.8043,5.63304,23.4338,0.84672,12.849,0.84672,3695.15,0,18.483,0,1.36422,1.74491,7.43215,1.48213,9.05916,0.42336,18.483,0.42336,0,0,442.007,0,1.02816,0,0,2.39238,1.36422,1.028160,1,0,32.493,0,0,0,32.493,0
22.7509,2.0326,0,0,1.70249,0.0334487,0.36288,3.6288,52.3899,0.467864,0,0,0.67022,0.289919,0,0.66528,12.849,1,1.11243,0.36288,0,44.2257,5.63304,37.8432,0.84672,12.849,0.84672,3695.15,0,18.483,0,0.861365,1.74506,5.23256,1.48213,6.35685,0.42336,18.483,0.42336,0,0,442.007,0,1.02816,0,0,1.88952,0.861365,1.028160,1,0,44.2,0,0,0,44.2,0
23.8586,1.95814,0,0,3.5317,0.103043,0.36288,3.6288,52.7458,0.399152,0,0,0.918916,0.163922,0,0.66528,12.849,1,1.1059,0.36288,0,62.9684,4.63804,57.5873,0.84672,12.849,0.84672,3695.15,0,18.483,0,1.11383,1.74521,5.87241,1.08391,7.64753,0.42336,18.483,0.42336,0,0,442.007,0,1.02816,0,0,2.14199,1.11383,1.028160,1,0,65.2349,0,0,0,65.2349,0
26.1075,1.99168,0,0,4.7075,0.104032,0.36288,3.6288,53.0415,0.399272,0,0,0.844646,0.149615,0,0.66528,12.849,1,1.07262,0.36288,0,68.1359,4.48739,62.9388,0.84672,12.849,0.84672,3695.15,0,18.483,0,1.32196,1.67694,8.46556,1.01073,10.4537,0.42336,18.483,0.42336,0,0,442.007,0,1.02816,0,0,2.35012,1.32196,1.028160,1,0,73.3925,0,0,0,73.3925,0
28.3027,2.05377,0,0,4.71933,0.107448,0.36288,3.6288,53.4602,0.399392,0,0,0.96806,0.149969,0,0.66528,12.849,1,1.01078,0.36288,0,73.6024,4.48739,68.4671,0.84672,12.849,0.84672,3695.15,0,18.483,0,1.34297,1.67708,9.53567,1.01073,11.545,0.42336,18.483,0.42336,0,0,442.007,0,1.02816,0,0,2.37113,1.34297,1.028160,1,0,80.0121,0,0,0,80.0121,0
30.8761,2.10787,0,0,5.15494,0.110781,0.36288,3.6288,54.3899,0.399512,0,0,1.47964,0.150472,0,0.66528,12.849,1,0.956941,0.36288,0,69.2292,4.48739,64.1478,0.84672,12.849,0.84672,3695.15,0,18.483,0,2.11737,1.67722,11.3076,1.01073,14.0915,0.42336,18.483,0.42336,0,0,442.007,0,1.02816,0,0,3.14553,2.11737,1.028160,1,0,78.2392,0,0,0,78.2392,0
33.0886,2.00137,0,0,4.72493,0.148155,0.36288,3.6288,54.985,0.256215,0,0,1.02034,0.168956,0,0.66528,12.849,1,0.832864,0.36288,0,69.4423,4.02355,64.9487,0.84672,12.849,0.84672,3695.15,0,18.483,0,1.3355,1.67736,9.61278,0.939707,11.6859,0.42336,18.483,0.42336,0,0,442.007,0,1.02816,0,0,2.36366,1.3355,1.028160,1,0,76.6347,0,0,0,76.6347,0
35.2742,2.04166,0,0,4.77855,0.188486,0.36288,3.6288,55.7063,0.256323,0,0,1.16554,0.187972,0,0.66528,12.849,1,0.792817,0.36288,0,110.315,3.66807,106.217,0.84672,12.849,0.84672,3695.15,0,18.483,0,1.15359,1.52344,7.62445,0.856295,9.44519,0.42336,18.483,0.42336,0,0,442.007,0,1.02816,0,0,2.18175,1.15359,1.028160,1,0,115.662,0,0,0,115.662,0
39.2268,2.07784,0,0,6.58699,0.193602,0.36288,3.6288,56.4343,0.25643,0,0,1.17333,0.188865,0,0.66528,12.849,1,0.756874,0.36288,0,117.36,3.66807,113.298,0.84672,12.849,0.84672,3695.15,0,18.483,0,1.46683,1.52357,8.35272,0.856295,10.4868,0.42336,18.483,0.42336,0,0,442.007,0,1.02816,0,0,2.49499,1.46683,1.028160,1,0,123.784,0,0,0,123.784,0
46.9469,2.13546,0,0,10.4213,0.202854,0.36288,3.6288,57.6107,0.256538,0,0,1.62268,0.189766,0,0.66528,12.849,1,0.699485,0.36288,0,142.178,3.66807,138.173,0.84672,12.849,0.84672,3695.15,0,18.483,0,2.34859,1.5237,11.4463,0.856295,14.4623,0.42336,18.483,0.42336,0,0,442.007,0,1.02816,0,0,3.37675,2.34859,1.028160,1,0,152.636,0,0,0,152.636,0
60.4084,2.22596,0,0,16.242,0.191732,0.36288,3.6288,58.7019,0.256646,0,0,1.48568,0.137814,0,0.66528,12.849,1,0.609227,0.36288,0,162.663,2.85816,159.558,0.84672,12.849,0.84672,3695.15,0,18.483,0,1.7239,1.52383,10.6981,0.798077,13.1478,0.42336,18.483,0.42336,0,0,442.007,0,1.02816,0,0,2.75206,1.7239,1.028160,1,0,172.706,0,0,0,172.706,0
62.7108,2.41134,0,0,5.26866,0.192036,0.36288,3.6288,60.1579,0.298296,0,0,1.97936,0.225091,0,0.66528,12.849,1,0.512898,0.36288,0,117.504,3.34593,114.008,0.84672,12.849,0.84672,3695.15,0,18.483,0,2.69535,1.52396,13.278,0.865478,16.6319,0.42336,18.483,0.42336,0,0,442.007,0,1.02816,0,0,3.72351,2.69535,1.028160,1,0,130.64,0,0,0,130.64,0
64.0877,2.42716,0,0,4.39873,0.23174,0.36288,3.6288,61.2372,0.298397,0,0,1.64195,0.264257,0,0.66528,12.849,1,0.497307,0.36288,0,99.6555,4.14593,95.3751,0.84672,12.849,0.84672,3695.15,0,18.483,0,2.25249,1.57282,11.5128,1.11504,14.2231,0.42336,18.483,0.42336,0,0,442.007,0,1.02816,0,0,3.28065,2.25249,1.028160,1,0,109.598,0,0,0,109.598,0
65.7669,2.43624,0,0,4.71264,0.234351,0.36288,3.6288,61.308,0.298498,0,0,1.88235,0.266073,1.24698,0.66528,12.849,1,0.488444,0.36288,0,105.55,4.14593,101.278,0.84672,12.849,0.84672,3695.15,0,18.483,0,2.6616,1.57294,12.4819,1.11504,15.6015,0.42336,18.483,0.42336,0,0,442.007,0,1.02816,0,0,3.68976,2.6616,1.028160,1,0,118.127,0,0,0,118.127,0
67.034,2.44686,0,0,4.31435,0.237535,0.36288,3.6288,61.308,0.298599,0,0,1.85115,0.266193,1.28635,0.66528,12.849,1,0.478048,0.36288,0,96.9132,4.14593,92.6521,0.84672,12.849,0.84672,3695.15,0,18.483,0,2.62886,1.57306,12.9438,1.11504,16.0306,0.42336,18.483,0.42336,0,0,442.007,0,1.02816,0,0,3.65702,2.62886,1.028160,1,0,109.969,0,0,0,109.969,0
68.1019,2.69405,0,0,4.37542,0.250593,0.36288,3.6288,61.308,0.454711,0,0,1.92233,0.260856,1.20676,0.66528,12.849,1,0.516393,0.36288,0,79.8077,3.72803,75.9261,0.84672,12.849,0.84672,3695.15,0,18.483,0,2.33309,1.57318,10.9871,1.03129,13.862,0.42336,18.483,0.42336,0,0,442.007,0,1.02816,0,0,3.36125,2.33309,1.028160,1,0,90.9949,0,0,0,90.9949,0
68.2934,2.70107,0,0,3.51252,0.257005,0.36288,3.6288,61.308,0.454824,0,0,1.79887,0.258721,1.08533,0.66528,12.849,1,0.509619,0.36288,0,79.2253,3.56086,75.5177,0.84672,12.849,0.84672,3695.15,0,18.483,0,1.79027,1.7473,8.30218,0.997797,10.842,0.42336,18.483,0.42336,0,0,442.007,0,1.02816,0,0,2.81843,1.79027,1.028160,1,0,87.445,0,0,0,87.445,0
68.9508,2.70248,0,0,3.98013,0.257391,0.36288,3.6288,61.308,0.454937,0,0,2.01543,0.258721,1.30177,0.66528,12.849,1,0.508455,0.36288,0,85.6155,3.56086,81.909,0.84672,12.849,0.84672,3695.15,0,18.483,0,2.2848,1.74744,11.0274,0.997797,14.0618,0.42336,18.483,0.42336,0,0,442.007,0,1.02816,0,0,3.31296,2.2848,1.028160,1,0,97.2727,0,0,0,97.2727,0
70.1989,2.70677,0,0,4.59079,0.27304,0.36288,3.6288,61.308,0.45505,0,0,2.08788,0.227139,1.40569,0.66528,12.849,1,0.504407,0.36288,0,105.907,3.01997,102.746,0.84672,12.849,0.84672,3695.15,0,18.483,0,2.18629,1.74757,13.9836,0.886927,17.0305,0.42336,18.483,0.42336,0,0,442.007,0,1.02816,0,0,3.21445,2.18629,1.028160,1,0,121.182,0,0,0,121.182,0
70.0828,2.37047,0,0,2.92823,0.310953,0.36288,3.6288,61.308,0.245731,0,0,1.41205,0.204707,0.961614,0.66528,12.849,1,0.433884,0.36288,0,57.0867,2.62172,54.394,0.84672,12.849,0.84672,3695.15,0,18.483,0,1.39084,1.7477,8.65746,0.8272,10.9688,0.42336,18.483,0.42336,0,0,442.007,0,1.02816,0,0,2.419,1.39084,1.028160,1,0,66.3244,0,0,0,66.3244,0
69.346,2.37004,0,0,2.31648,0.320431,0.36288,3.6288,61.308,0.245828,0,0,0.99398,0.205209,0.542943,0.66528,12.849,1,0.434524,0.36288,0,53.2147,2.62468,50.5184,0.84672,12.849,0.84672,3695.15,0,18.483,0,0.880952,1.50974,6.55945,0.836569,8.11358,0.42336,18.483,0.42336,0,0,442.007,0,1.02816,0,0,1.90911,0.880952,1.028160,1,0,59.1749,0,0,0,59.1749,0
68.6423,2.36633,0,0,2.33182,0.306226,0.36288,3.6288,61.308,0.245925,0,0,1.17043,0.215634,0.708867,0.66528,12.849,1,0.438453,0.36288,0,54.9067,3.03712,51.794,0.84672,12.849,0.84672,3695.15,0,18.483,0,1.24559,1.50986,7.60548,0.92568,9.43525,0.42336,18.483,0.42336,0,0,442.007,0,1.02816,0,0,2.27375,1.24559,1.028160,1,0,61.9381,0,0,0,61.9381,0
69.3623,2.36272,0,0,3.7193,0.273764,0.36288,3.6288,61.308,0.246022,0,0,1.80552,0.241694,1.3178,0.66528,12.849,1,0.442272,0.36288,0,67.992,4.06822,63.8443,0.84672,12.849,0.84672,3695.15,0,18.483,0,2.12611,1.50997,10.2362,1.14846,12.7239,0.42336,18.483,0.42336,0,0,442.007,0,1.02816,0,0,3.15427,2.12611,1.028160,1,0,77.886,0,0,0,77.886,0
69.8967,2.36678,0,0,3.55109,0.286982,0.36288,3.6288,61.308,0.24612,0,0,1.55103,0.206785,1.09812,0.66528,12.849,1,0.438433,0.36288,0,82.8317,3.81382,78.9423,0.84672,12.849,0.84672,3695.15,0,18.483,0,2.20949,1.51009,8.17495,1.06268,10.8319,0.42336,18.483,0.42336,0,0,442.007,0,1.02816,0,0,3.23765,2.20949,1.028160,1,0,90.8723,0,0,0,90.8723,0
70.1775,2.45637,0,0,3.41754,0.317495,0.36288,3.6288,61.308,0.297471,0,0,1.75779,0.119513,1.34081,0.66528,12.849,1,0.451551,0.36288,0,90.2621,3.17783,86.9956,0.84672,12.849,0.84672,3695.15,0,18.483,0,3.54358,1.5102,11.782,0.848225,15.9876,0.42336,18.483,0.42336,0,0,442.007,0,1.02816,0,0,4.57174,3.54358,1.028160,1,0,104.324,0,0,0,104.324,0
71.1189,2.45809,0,0,4.08054,0.318184,0.36288,3.6288,61.308,0.297572,0,0,2.86503,0.119513,2.44795,0.66528,12.849,1,0.450058,0.36288,0,103.471,3.17783,100.206,0.84672,12.849,0.84672,3695.15,0,18.483,0,4.22568,1.56913,12.4243,0.848225,17.3709,0.42336,18.483,0.42336,0,0,442.007,0,1.02816,0,0,5.25384,4.22568,1.028160,1,0,120.025,0,0,0,120.025,0
70.8495,2.46332,0,0,2.87729,0.320493,0.36288,3.6288,61.308,0.297673,0,0,1.46976,0.119513,1.05257,0.66528,12.849,1,0.445047,0.36288,0,70.7936,3.17783,67.5336,0.84672,12.849,0.84672,3695.15,0,18.483,0,2.3951,1.56925,9.61235,0.848225,12.7285,0.42336,18.483,0.42336,0,0,442.007,0,1.02816,0,0,3.42326,2.3951,1.028160,1,0,81.3146,0,0,0,81.3146,0
70.311,2.46208,0,0,2.59742,0.311002,0.36288,3.6288,61.308,0.297774,0,0,1.61023,0.124271,1.18818,0.66528,12.849,1,0.446513,0.36288,0,77.1371,3.236,73.8174,0.84672,12.849,0.84672,3695.15,0,18.483,0,2.49955,1.56937,10.0582,0.859676,13.2674,0.42336,18.483,0.42336,0,0,442.007,0,1.02816,0,0,3.52771,2.49955,1.028160,1,0,88.273,0,0,0,88.273,0
69.2648,2.42548,0,0,2.0421,0.299877,0.36288,3.6288,61.308,0.277962,0,0,0.986135,0.159839,0.548334,0.66528,12.849,1,0.443245,0.36288,0,47.2243,3.64743,43.4965,0.84672,12.849,0.84672,3695.15,0,18.483,0,1.154,1.56949,5.45792,1.02462,7.15679,0.42336,18.483,0.42336,0,0,442.007,0,1.02816,0,0,2.18216,1.154,1.028160,1,0,51.2017,0,0,0,51.2017,0
68.1613,2.42001,0,0,1.92188,0.242571,0.36288,3.6288,61.308,0.278062,0,0,0.980726,0.185997,0.516667,0.66528,12.849,1,0.448926,0.36288,0,44.0395,3.87807,40.0753,0.84672,12.849,0.84672,3695.15,0,18.483,0,1.12077,1.54671,5.43157,1.03839,7.06066,0.42336,18.483,0.42336,0,0,442.007,0,1.02816,0,0,2.14893,1.12077,1.028160,1,0,47.6527,0,0,0,47.6527,0
66.9959,2.41408,0,0,1.8521,0.240492,0.36288,3.6288,61.308,0.278162,0,0,0.980199,0.185997,0.51604,0.66528,12.849,1,0.455076,0.36288,0,42.1063,3.87807,38.1361,0.84672,12.849,0.84672,3695.15,0,18.483,0,1.19619,1.54683,5.9683,1.03839,7.67293,0.42336,18.483,0.42336,0,0,442.007,0,1.02816,0,0,2.22435,1.19619,1.028160,1,0,46.3251,0,0,0,46.3251,0
65.8617,2.40762,0,0,1.87442,0.238073,0.36288,3.6288,61.308,0.278261,0,0,1.03488,0.182506,0.574115,0.66528,12.849,1,0.461753,0.36288,0,42.0988,3.77505,38.2249,0.84672,12.849,0.84672,3695.15,0,18.483,0,0.97289,1.54694,5.27015,1.04298,6.747,0.42336,18.483,0.42336,0,0,442.007,0,1.02816,0,0,2.00105,0.97289,1.028160,1,0,45.546,0,0,0,45.546,0
64.4771,2.51506,0,0,1.69523,0.201899,0.36288,3.6288,61.308,0.348998,0,0,0.816342,0.194246,0.273097,0.66528,12.849,1,0.490664,0.36288,0,41.4411,3.70677,37.6065,0.84672,12.849,0.84672,3695.15,0,18.483,0,0.826727,1.54706,4.8453,1.09978,6.11931,0.42336,18.483,0.42336,0,0,442.007,0,1.02816,0,0,1.85489,0.826727,1.028160,1,0,43.9989,0,0,0,43.9989,0
62.9704,2.50646,0,0,1.51296,0.15035,0.36288,3.6288,61.308,0.349103,0,0,0.818839,0.22501,0.244725,0.66528,12.849,1,0.499488,0.36288,0,38.4175,4.30878,33.9721,0.84672,12.849,0.84672,3695.15,0,18.483,0,0.728767,1.62726,4.47093,1.08662,5.74035,0.42336,18.483,0.42336,0,0,442.007,0,1.02816,0,0,1.75693,0.728767,1.028160,1,0,39.9572,0,0,0,39.9572,0
61.4569,2.49673,0,0,1.49461,0.148523,0.36288,3.6288,61.308,0.349208,0,0,0.882999,0.22501,0.308781,0.66528,12.849,1,0.509453,0.36288,0,37.2724,4.30878,32.8171,0.84672,12.849,0.84672,3695.15,0,18.483,0,0.696574,1.62739,4.84436,1.08662,6.08171,0.42336,18.483,0.42336,0,0,442.007,0,1.02816,0,0,1.72473,0.696574,1.028160,1,0,39.2076,0,0,0,39.2076,0
59.8611,2.48654,0,0,1.40032,0.146688,0.36288,3.6288,61.308,0.349313,0,0,0.828559,0.22501,0.254235,0.66528,12.849,1,0.519869,0.36288,0,34.7764,4.30878,30.3107,0.84672,12.849,0.84672,3695.15,0,18.483,0,0.641028,1.62751,4.33163,1.08662,5.51355,0.42336,18.483,0.42336,0,0,442.007,0,1.02816,0,0,1.66919,0.641028,1.028160,1,0,36.0785,0,0,0,36.0785,0
58.3663,2.47532,0,0,1.47567,0.132223,0.36288,3.6288,61.308,0.349418,0,0,0.829976,0.235953,0.244604,0.66528,12.849,1,0.531319,0.36288,0,31.8918,4.40133,27.322,0.84672,12.849,0.84672,3695.15,0,18.483,0,0.56338,1.62764,3.97678,1.11809,5.0497,0.42336,18.483,0.42336,0,0,442.007,0,1.02816,0,0,1.59154,0.56338,1.028160,1,0,32.6163,0,0,0,32.6163,0
57.2654,2.44228,0,0,1.8039,0.0996457,0.36288,3.6288,61.308,0.388361,0,0,0.881444,0.263311,0.229772,0.66528,12.849,1,0.537654,0.36288,0,30.2109,4.6327,25.4034,0.84672,12.849,0.84672,3695.15,0,18.483,0,0.644976,1.62776,3.14504,1.19679,4.22098,0.42336,18.483,0.42336,0,0,442.007,0,1.02816,0,0,1.67314,0.644976,1.028160,1,0,29.8542,0,0,0,29.8542,0
56.0277,2.43403,0,0,1.65772,0.0985799,0.36288,3.6288,61.308,0.388469,0,0,0.85612,0.263311,0.20434,0.66528,12.849,1,0.546137,0.36288,0,29.7337,4.6327,24.9177,0.84672,12.849,0.84672,3695.15,0,18.483,0,0.645667,1.65284,3.17136,1.19679,4.27308,0.42336,18.483,0.42336,0,0,442.007,0,1.02816,0,0,1.67383,0.645667,1.028160,1,0,29.3952,0,0,0,29.3952,0
54.652,2.4244,0,0,1.50894,0.0973817,0.36288,3.6288,61.308,0.388577,0,0,0.800712,0.263311,0.148824,0.66528,12.849,1,0.555994,0.36288,0,28.5442,4.6327,23.7184,0.84672,12.849,0.84672,3695.15,0,18.483,0,0.422107,1.65297,2.97922,1.19679,3.8575,0.42336,18.483,0.42336,0,0,442.007,0,1.02816,0,0,1.45027,0.422107,1.028160,1,0,27.7247,0,0,0,27.7247,0
53.1796,2.41325,0,0,1.38751,0.083766,0.36288,3.6288,61.308,0.388685,0,0,0.764476,0.296218,0.0795727,0.66528,12.849,1,0.567369,0.36288,0,25.3053,5.05616,20.0446,0.84672,12.849,0.84672,3695.15,0,18.483,0,0.414867,1.6531,2.86664,1.35136,3.58324,0.42336,18.483,0.42336,0,0,442.007,0,1.02816,0,0,1.44303,0.414867,1.028160,1,0,23.7074,0,0,0,23.7074,0
51.4695,2.45681,0,0,1.18127,0.0716353,0.36288,3.6288,61.2025,0.434614,0,0,0.649106,0.319973,0,0.66528,12.849,1,0.593603,0.36288,0,21.4812,5.67943,15.571,0.84672,12.849,0.84672,3695.15,0,18.483,0,0.261274,1.65322,2.49483,1.42349,2.98583,0.42336,18.483,0.42336,0,0,442.007,0,1.01696,0,0,1.27824,0.261274,1.028160,1,0,18.5569,0,0,0,18.5569,0
49.6622,2.44121,0,0,1.06802,0.0712414,0.36288,3.6288,60.8376,0.638975,0,0,0.590495,0.316408,0,0.66528,12.849,1,0.609431,0.36288,0,20.6795,5.68922,14.7437,0.84672,12.849,0.84672,3695.15,0,18.483,0,0.261274,1.69314,2.13824,1.40117,2.69149,0.42336,18.483,0.42336,0,0,442.007,0,0.812713,0,0,1.07399,0.261274,1.028160,1,0,17.4352,0,0,0,17.4352,0
47.9014,2.42378,0,0,1.09176,0.0658977,0.36288,3.6288,60.7149,0.460289,0,0,0.655772,0.31826,0,0.66528,12.849,1,0.627099,0.36288,0,19.6684,5.76399,13.6401,0.84672,12.849,0.84672,3695.15,0,18.483,0,0.227405,1.69326,2.64483,1.41611,3.1494,0.42336,18.483,0.42336,0,0,442.007,0,0.991509,0,0,1.21891,0.227405,1.028160,1,0,16.7895,0,0,0,16.7895,0
46.214,2.40578,0,0,1.13754,0.0562455,0.36288,3.6288,60.6742,0.423749,0,0,0.672296,0.289188,0,0.66528,12.849,1,0.645324,0.36288,0,19.6982,5.88937,13.5264,0.84672,12.849,0.84672,3695.15,0,18.483,0,0.269361,1.69339,2.88706,1.46698,3.38283,0.42336,18.483,0.42336,0,0,442.007,0,1.02816,0,0,1.29752,0.269361,1.028160,1,0,16.9093,0,0,0,16.9093,0
44.3386,2.54698,0,0,1.09214,0.0576892,0.36288,3.6288,60.4971,0.548872,0,0,0.662685,0.290966,0,0.66528,12.849,1,0.708144,0.36288,0,18.4575,6.02367,12.0885,0.84672,12.849,0.84672,3695.15,0,18.483,0,0.267157,1.69352,2.40036,1.50853,2.85252,0.42336,18.483,0.42336,0,0,442.007,0,1.02816,0,0,1.29532,0.267157,1.028160,1,0,14.941,0,0,0,14.941,0
42.1125,2.52395,0,0,0.723099,0.0623583,0.36288,3.6288,59.7112,0.94314,0,0,0.456251,0.29893,0,0.66528,12.849,1,0.731423,0.36288,0,13.6259,6.15825,7.09909,0.84672,12.849,0.84672,3695.15,0,18.483,0,0.227405,1.82843,1.81958,1.5493,2.32612,0.42336,18.483,0.42336,0,0,442.007,0,0.634012,0,0,0.861417,0.227405,1.028160,1,0,9.42521,0,0,0,9.42521,0
39.9021,2.49452,0,0,0.707772,0.0607805,0.36288,3.6288,58.8717,0.968671,0,0,0.426584,0.297438,0,0.66528,12.849,1,0.761105,0.36288,0,12.434,6.15825,5.87752,0.84672,12.849,0.84672,3695.15,0,18.483,0,0.204422,1.82857,1.8263,1.5493,2.30999,0.42336,18.483,0.42336,0,0,442.007,0,0.608602,0,0,0.813024,0.204422,1.028160,1,0,8.18751,0,0,0,8.18751,0
38.0455,2.46281,0,0,1.02828,0.0592139,0.36288,3.6288,58.2417,0.824296,0,0,0.490158,0.295843,0,0.66528,12.849,1,0.793058,0.36288,0,14.1617,6.15825,7.57322,0.84672,12.849,0.84672,3695.15,0,18.483,0,0.204422,1.8287,2.02486,1.5493,2.50869,0.42336,18.483,0.42336,0,0,442.007,0,0.753097,0,0,0.957519,0.204422,1.028160,1,0,10.0819,0,0,0,10.0819,0
36.5006,2.43407,0,0,1.33033,0.0783051,0.36288,3.6288,57.8589,0.733748,0,0,0.643705,0.292772,0,0.66528,12.849,1,0.822051,0.36288,0,23.1472,6.00444,16.6836,0.84672,12.849,0.84672,3695.15,0,18.483,0,0.204422,1.82884,2.29629,1.52767,2.80189,0.42336,18.483,0.42336,0,0,442.007,0,0.843765,0,0,1.04819,0.204422,1.028160,1,0,19.4854,0,0,0,19.4854,0
34.5625,2.33503,0,0,0.818476,0.058662,0.36288,3.6288,57.4281,0.688123,0,0,0.588566,0.331296,0,0.66528,12.849,1,0.821982,0.36288,0,17.3779,6.06102,10.8578,0.84672,12.849,0.84672,3695.15,0,18.483,0,0.204422,1.82898,2.68613,1.55441,3.16513,0.42336,18.483,0.42336,0,0,442.007,0,0.813603,0,0,1.01803,0.204422,1.028160,1,0,14.0229,0,0,0,14.0229,0
32.7216,2.3016,0,0,0.928843,0.105208,0.36288,3.6288,56.9464,0.766144,0,0,0.567716,0.283253,0,0.66528,12.849,1,0.855648,0.36288,0,14.66,5.67451,8.49272,0.84672,12.849,0.84672,3695.15,0,18.483,0,0.216518,1.75186,2.0256,1.42165,2.57233,0.42336,18.483,0.42336,0,0,442.007,0,0.735696,0,0,0.952214,0.216518,1.028160,1,0,11.0651,0,0,0,11.0651,0
31.2175,2.26721,0,0,1.22878,0.102847,0.36288,3.6288,56.9288,0.473795,0,0,0.738564,0.282368,0,0.66528,12.849,1,0.89028,0.36288,0,21.3408,5.67451,15.1389,0.84672,12.849,0.84672,3695.15,0,18.483,0,0.289552,1.75199,2.90791,1.42165,3.5278,0.42336,18.483,0.42336,0,0,442.007,0,1.02816,0,0,1.31771,0.289552,1.028160,1,0,18.6667,0,0,0,18.6667,0
30.1158,2.23699,0,0,1.59912,0.100917,0.36288,3.6288,57.2176,0.473909,0,0,1.04508,0.282336,0,0.66528,12.849,1,0.920739,0.36288,0,41.786,5.67451,35.5536,0.84672,12.849,0.84672,3695.15,0,18.483,0,0.818165,1.75212,3.45325,1.42165,4.60189,0.42336,18.483,0.42336,0,0,442.007,0,1.02816,0,0,1.84632,0.818165,1.028160,1,0,40.1555,0,0,0,40.1555,0
28.5482,2.15637,0,0,1.02749,0.0758396,0.36288,3.6288,57.2124,0.503629,0,0,0.739114,0.240713,0,0.66528,12.849,1,0.920023,0.36288,0,21.7176,4.78622,16.3742,0.84672,12.849,0.84672,3695.15,0,18.483,0,0.216518,1.75226,2.96657,1.02072,3.91463,0.42336,18.483,0.42336,0,0,442.007,0,0.929439,0,0,1.14596,0.216518,1.028160,1,0,20.2889,0,0,0,20.2889,0
27.5495,2.1217,0,0,1.62417,0.138301,0.36288,3.6288,57.0984,0.584807,0,0,0.68267,0.211903,0,0.66528,12.849,1,0.954935,0.36288,0,29.5675,4.54772,24.4277,0.84672,12.849,0.84672,3695.15,0,18.483,0,0.216518,1.68371,3.63759,1.00916,4.52865,0.42336,18.483,0.42336,0,0,442.007,0,0.84837,0,0,1.06489,0.216518,1.028160,1,0,28.9563,0,0,0,28.9563,0
26.2461,2.09825,0,0,1.30618,0.148464,0.36288,3.6288,56.6269,0.778979,0,0,0.517276,0.209758,0,0.66528,12.849,1,0.978617,0.36288,0,23.0381,4.56719,17.8552,0.84672,12.849,0.84672,3695.15,0,18.483,0,0.292723,1.68383,3.12609,1.03396,4.06869,0.42336,18.483,0.42336,0,0,442.007,0,0.654307,0,0,0.94703,0.292723,1.028160,1,0,21.9239,0,0,0,21.9239,0
26.1122,2.06578,0,0,2.44055,0.145783,0.36288,3.6288,57.4239,0.405236,0,0,1.41134,0.209116,0,0.66528,12.849,1,1.01132,0.36288,0,45.8988,4.56719,40.6832,0.84672,12.849,0.84672,3695.15,0,18.483,0,1.87274,1.68396,6.89656,1.03396,9.4193,0.42336,18.483,0.42336,0,0,442.007,0,1.02816,0,0,2.9009,1.87274,1.028160,1,0,50.1025,0,0,0,50.1025,0
28.9822,1.90713,0,0,5.29267,0.152659,0.36288,3.6288,59.8546,0.261354,0,0,2.90542,0.213361,0,0.66528,12.849,1,0.938442,0.36288,0,95.3389,4.61574,90.1476,0.84672,12.849,0.84672,3695.15,0,18.483,0,2.36563,1.68409,9.35259,1.08226,12.3201,0.42336,18.483,0.42336,0,0,442.007,0,1.02816,0,0,3.39379,2.36563,1.028160,1,0,102.468,0,0,0,102.468,0
32.1978,1.97167,0,0,5.71894,0.168773,0.36288,3.6288,61.308,0.261452,0,0,3.28903,0.221001,1.35316,0.66528,12.849,1,0.874123,0.36288,0,68.2589,4.68048,63.0672,0.84672,12.849,0.84672,3695.15,0,18.483,0,3.36273,1.52954,16.2755,1.14666,20.0211,0.42336,18.483,0.42336,0,0,442.007,0,1.02816,0,0,4.39089,3.36273,1.028160,1,0,84.4415,0,0,0,84.4415,0
34.0386,2.03422,0,0,4.41393,0.176053,0.36288,3.6288,61.308,0.261551,0,0,1.27109,0.22305,0.786487,0.66528,12.849,1,0.811786,0.36288,0,55.2209,4.68048,50.0915,0.84672,12.849,0.84672,3695.15,0,18.483,0,1.9049,1.52966,7.30802,1.14666,9.59592,0.42336,18.483,0.42336,0,0,442.007,0,1.02816,0,0,2.93306,1.9049,1.028160,1,0,60.4739,0,0,0,60.4739,0
35.7642,2.06625,0,0,4.33244,0.177699,0.36288,3.6288,61.308,0.261649,0,0,1.09915,0.237084,0.600413,0.66528,12.849,1,0.779975,0.36288,0,54.1683,4.73226,49.019,0.84672,12.849,0.84672,3695.15,0,18.483,0,0.984053,1.52977,8.72243,1.18662,10.0496,0.42336,18.483,0.42336,0,0,442.007,0,1.02816,0,0,2.01221,0.984053,1.028160,1,0,59.669,0,0,0,59.669,0
37.2044,2.0941,0,0,4.07252,0.175275,0.36288,3.6288,61.308,0.261747,0,0,0.862892,0.27217,0.328975,0.66528,12.849,1,0.752346,0.36288,0,62.9582,4.86171,57.707,0.84672,12.849,0.84672,3695.15,0,18.483,0,0.660614,1.52989,5.74437,1.28651,6.64837,0.42336,18.483,0.42336,0,0,442.007,0,1.02816,0,0,1.68877,0.660614,1.028160,1,0,64.6844,0,0,0,64.6844,0
36.6314,2.18218,0,0,2.1623,0.190267,0.36288,3.6288,61.308,0.319233,0,0,0.862142,0.197465,0.345445,0.66528,12.849,1,0.753643,0.36288,0,34.2282,3.95346,29.884,0.84672,12.849,0.84672,3695.15,0,18.483,0,0.412474,1.53001,3.78556,1.08129,4.64674,0.42336,18.483,0.42336,0,0,442.007,0,1.01248,0,0,1.42495,0.412474,1.028160,1,0,34.8762,0,0,0,34.8762,0
35.5867,2.1736,0,0,1.68077,0.188979,0.36288,3.6288,61.308,0.492263,0,0,0.780408,0.197465,0.0906807,0.66528,12.849,1,0.762423,0.36288,0,32.9681,3.95346,28.6151,0.84672,12.849,0.84672,3695.15,0,18.483,0,0.412474,1.57905,3.19168,1.08129,4.10191,0.42336,18.483,0.42336,0,0,442.007,0,0.83954,0,0,1.25201,0.412474,1.028160,1,0,32.8077,0,0,0,32.8077,0
35.1843,2.15731,0,0,2.30923,0.191486,0.36288,3.6288,61.308,0.303734,0,0,1.65727,0.206204,1.14733,0.66528,12.849,1,0.778921,0.36288,0,62.8903,4.01722,58.457,0.84672,12.849,0.84672,3695.15,0,18.483,0,0.978584,1.57916,9.61982,1.10355,11.074,0.42336,18.483,0.42336,0,0,442.007,0,1.02816,0,0,2.00674,0.978584,1.028160,1,0,70.6784,0,0,0,70.6784,0
34.9903,2.15093,0,0,2.53939,0.219551,0.36288,3.6288,61.308,0.303825,0,0,1.24546,0.258641,0.68299,0.66528,12.849,1,0.785501,0.36288,0,48.3494,4.39982,43.527,0.84672,12.849,0.84672,3695.15,0,18.483,0,1.39298,1.57927,5.10338,1.23708,6.83854,0.42336,18.483,0.42336,0,0,442.007,0,1.02816,0,0,2.42114,1.39298,1.028160,1,0,51.0485,0,0,0,51.0485,0
34.2517,2.35739,0,0,2.20209,0.220386,0.36288,3.6288,61.308,0.460541,0,0,1.15501,0.217619,0.476853,0.66528,12.849,1,0.865672,0.36288,0,40.2294,3.93773,35.7889,0.84672,12.849,0.84672,3695.15,0,18.483,0,0.742098,1.57938,4.54511,1.07338,5.7932,0.42336,18.483,0.42336,0,0,442.007,0,1.02816,0,0,1.77026,0.742098,1.028160,1,0,42.0589,0,0,0,42.0589,0
34.1361,2.34398,0,0,2.81433,0.223126,0.36288,3.6288,61.308,0.460643,0,0,1.13582,0.187502,0.487678,0.66528,12.849,1,0.879307,0.36288,0,57.3329,3.70703,53.1094,0.84672,12.849,0.84672,3695.15,0,18.483,0,1.26925,1.75417,5.95348,0.997118,7.97978,0.42336,18.483,0.42336,0,0,442.007,0,1.02816,0,0,2.29741,1.26925,1.028160,1,0,61.5769,0,0,0,61.5769,0
34.9399,2.34197,0,0,3.73146,0.22281,0.36288,3.6288,61.308,0.460745,0,0,1.08508,0.187502,0.436833,0.66528,12.849,1,0.881531,0.36288,0,80.2939,3.70703,76.0682,0.84672,12.849,0.84672,3695.15,0,18.483,0,1.53012,1.75429,6.71513,0.997118,9.00242,0.42336,18.483,0.42336,0,0,442.007,0,1.02816,0,0,2.55828,1.53012,1.028160,1,0,85.5074,0,0,0,85.5074,0
35.1994,2.35696,0,0,3.20441,0.225005,0.36288,3.6288,61.308,0.460847,0,0,1.25499,0.187502,0.606646,0.66528,12.849,1,0.866764,0.36288,0,67.3165,3.70703,63.1056,0.84672,12.849,0.84672,3695.15,0,18.483,0,1.31031,1.75441,6.51987,0.997118,8.58748,0.42336,18.483,0.42336,0,0,442.007,0,1.02816,0,0,2.33847,1.31031,1.028160,1,0,72.2997,0,0,0,72.2997,0
35.3894,2.06243,0,0,2.84167,0.226388,0.36288,3.6288,61.308,0.2507,0,0,1.19596,0.186253,0.759005,0.66528,12.849,1,0.752859,0.36288,0,51.546,3.42382,47.7322,0.84672,12.849,0.84672,3695.15,0,18.483,0,1.32583,1.75453,6.65009,0.95179,8.77865,0.42336,18.483,0.42336,0,0,442.007,0,1.02816,0,0,2.35399,1.32583,1.028160,1,0,57.2698,0,0,0,57.2698,0
35.1603,2.06554,0,0,2.42984,0.230567,0.36288,3.6288,61.308,0.250787,0,0,0.970713,0.175634,0.544292,0.66528,12.849,1,0.749945,0.36288,0,45.4458,2.9821,42.0766,0.84672,12.849,0.84672,3695.15,0,18.483,0,1.33596,1.51563,5.69745,0.846052,7.70299,0.42336,18.483,0.42336,0,0,442.007,0,1.02816,0,0,2.36412,1.33596,1.028160,1,0,50.3239,0,0,0,50.3239,0
35.3141,2.0621,0,0,2.80875,0.229929,0.36288,3.6288,61.308,0.250875,0,0,1.29222,0.175634,0.865707,0.66528,12.849,1,0.753576,0.36288,0,50.2907,2.9821,46.9179,0.84672,12.849,0.84672,3695.15,0,18.483,0,1.78671,1.51574,7.21249,0.846052,9.66888,0.42336,18.483,0.42336,0,0,442.007,0,1.02816,0,0,2.81487,1.78671,1.028160,1,0,57.4525,0,0,0,57.4525,0
36.0574,2.06465,0,0,3.37047,0.199638,0.36288,3.6288,61.308,0.250963,0,0,1.4744,0.212119,1.01132,0.66528,12.849,1,0.751221,0.36288,0,53.9257,4.42564,49.1117,0.84672,12.849,0.84672,3695.15,0,18.483,0,1.88495,1.51584,8.14345,1.15794,10.3863,0.42336,18.483,0.42336,0,0,442.007,0,1.02816,0,0,2.91311,1.88495,1.028160,1,0,60.5093,0,0,0,60.5093,0
37.5877,2.07621,0,0,4.16367,0.194277,0.36288,3.6288,61.308,0.25105,0,0,1.9223,0.213174,1.45808,0.66528,12.849,1,0.739854,0.36288,0,73.1787,4.45328,68.3485,0.84672,12.849,0.84672,3695.15,0,18.483,0,3.21107,1.51594,7.49638,1.13545,11.0879,0.42336,18.483,0.42336,0,0,442.007,0,1.02816,0,0,4.23923,3.21107,1.028160,1,0,80.8945,0,0,0,80.8945,0
39.6134,2.17549,0,0,4.74236,0.178343,0.36288,3.6288,61.308,0.30259,0,0,1.15555,0.209799,0.643159,0.66528,12.849,1,0.743669,0.36288,0,79.1958,4.26104,74.554,0.84672,12.849,0.84672,3695.15,0,18.483,0,1.39297,1.51605,4.06913,1.04296,5.93519,0.42336,18.483,0.42336,0,0,442.007,0,1.02816,0,0,2.42113,1.39297,1.028160,1,0,81.1323,0,0,0,81.1323,0
39.8318,2.20435,0,0,2.98689,0.20119,0.36288,3.6288,61.308,0.341103,0,0,0.860172,0.202515,0.316554,0.66528,12.849,1,0.715004,0.36288,0,47.9337,3.99252,43.589,0.84672,12.849,0.84672,3695.15,0,18.483,0,0.558835,1.57519,3.38999,1.07477,4.44924,0.42336,18.483,0.42336,0,0,442.007,0,0.989738,0,0,1.54857,0.558835,1.028160,1,0,48.3548,0,0,0,48.3548,0
39.638,2.20747,0,0,2.57824,0.201698,0.36288,3.6288,61.308,0.302773,0,0,0.905152,0.202515,0.399865,0.66528,12.849,1,0.712088,0.36288,0,40.6209,3.99252,36.2791,0.84672,12.849,0.84672,3695.15,0,18.483,0,0.675812,1.5753,3.50406,1.07477,4.6804,0.42336,18.483,0.42336,0,0,442.007,0,1.02816,0,0,1.70397,0.675812,1.028160,1,0,41.3594,0,0,0,41.3594,0
39.4803,2.20499,0,0,2.60493,0.194738,0.36288,3.6288,61.308,0.302864,0,0,1.001,0.207273,0.490868,0.66528,12.849,1,0.714766,0.36288,0,41.1597,4.05069,36.7571,0.84672,12.849,0.84672,3695.15,0,18.483,0,1.05341,1.5754,4.07818,1.08622,5.62078,0.42336,18.483,0.42336,0,0,442.007,0,1.02816,0,0,2.08157,1.05341,1.028160,1,0,42.8687,0,0,0,42.8687,0
39.189,2.17262,0,0,2.43615,0.192039,0.36288,3.6288,61.308,0.282966,0,0,0.896452,0.178548,0.434938,0.66528,12.849,1,0.707087,0.36288,0,38.6082,3.18102,35.083,0.84672,12.849,0.84672,3695.15,0,18.483,0,0.557185,1.57551,3.08756,1.0926,4.12765,0.42336,18.483,0.42336,0,0,442.007,0,1.02816,0,0,1.58534,0.557185,1.028160,1,0,39.6455,0,0,0,39.6455,0
38.7412,2.16881,0,0,2.22029,0.136356,0.36288,3.6288,61.308,0.395661,0,0,0.76502,0.208241,0.161119,0.66528,12.849,1,0.711095,0.36288,0,35.1218,3.32387,31.4497,0.84672,12.849,0.84672,3695.15,0,18.483,0,0.528595,1.55263,2.83654,1.10287,3.81489,0.42336,18.483,0.42336,0,0,442.007,0,0.915555,0,0,1.44415,0.528595,1.028160,1,0,35.4257,0,0,0,35.4257,0
38.2545,2.16279,0,0,2.16448,0.125516,0.36288,3.6288,61.308,0.283145,0,0,0.835626,0.21478,0.3377,0.66528,12.849,1,0.717316,0.36288,0,34.0332,3.38152,30.2973,0.84672,12.849,0.84672,3695.15,0,18.483,0,0.546368,1.55274,3.21495,1.10631,4.20775,0.42336,18.483,0.42336,0,0,442.007,0,1.02816,0,0,1.57453,0.546368,1.028160,1,0,34.8427,0,0,0,34.8427,0
37.6345,2.15611,0,0,2.02376,0.124807,0.36288,3.6288,61.308,0.309475,0,0,0.821811,0.21478,0.297555,0.66528,12.849,1,0.724197,0.36288,0,31.0347,3.38152,27.2919,0.84672,12.849,0.84672,3695.15,0,18.483,0,0.402797,1.55285,2.88567,1.10631,3.735,0.42336,18.483,0.42336,0,0,442.007,0,1.00192,0,0,1.40472,0.402797,1.028160,1,0,31.3244,0,0,0,31.3244,0
36.945,2.24922,0,0,2.0303,0.107647,0.36288,3.6288,61.308,0.354231,0,0,0.808142,0.227095,0.226816,0.66528,12.849,1,0.76792,0.36288,0,31.9102,3.77013,27.735,0.84672,12.849,0.84672,3695.15,0,18.483,0,0.412119,1.55295,2.86409,1.1225,3.70666,0.42336,18.483,0.42336,0,0,442.007,0,1.02816,0,0,1.44028,0.412119,1.028160,1,0,31.6685,0,0,0,31.6685,0
36.0235,2.23874,0,0,1.76572,0.0856587,0.36288,3.6288,61.308,0.354326,0,0,0.814199,0.251662,0.208212,0.66528,12.849,1,0.778606,0.36288,0,28.7048,4.52865,23.7604,0.84672,12.849,0.84672,3695.15,0,18.483,0,0.423533,1.63345,2.71884,1.13338,3.64245,0.42336,18.483,0.42336,0,0,442.007,0,1.02816,0,0,1.45169,0.423533,1.028160,1,0,27.611,0,0,0,27.611,0
35.0419,2.22421,0,0,1.69026,0.0847232,0.36288,3.6288,61.308,0.461479,0,0,0.760752,0.251662,0.0476118,0.66528,12.849,1,0.793342,0.36288,0,26.9838,4.52865,22.0247,0.84672,12.849,0.84672,3695.15,0,18.483,0,0.402797,1.63356,2.51498,1.13338,3.41796,0.42336,18.483,0.42336,0,0,442.007,0,0.921102,0,0,1.3239,0.402797,1.028160,1,0,25.4903,0,0,0,25.4903,0
33.8914,2.2081,0,0,1.50424,0.0837267,0.36288,3.6288,61.2772,0.477091,0,0,0.697965,0.251662,0,0.66528,12.849,1,0.809658,0.36288,0,24.3337,4.52865,19.3583,0.84672,12.849,0.84672,3695.15,0,18.483,0,0.30119,1.63367,2.4236,1.13338,3.22508,0.42336,18.483,0.42336,0,0,442.007,0,0.905584,0,0,1.20677,0.30119,1.028160,1,0,22.5834,0,0,0,22.5834,0
32.7131,2.18833,0,0,1.42299,0.0500692,0.36288,3.6288,61.1867,0.495148,0,0,0.68504,0.280418,0,0.66528,12.849,1,0.829643,0.36288,0,21.3214,4.90434,15.9503,0.84672,12.849,0.84672,3695.15,0,18.483,0,0.30119,1.63378,2.38029,1.23212,3.08314,0.42336,18.483,0.42336,0,0,442.007,0,0.887622,0,0,1.18881,0.30119,1.028160,1,0,19.0334,0,0,0,19.0334,0
31.5116,2.14761,0,0,1.3691,0.0601197,0.36288,3.6288,61.2696,0.418753,0,0,0.756475,0.25483,0,0.66528,12.849,1,0.843534,0.36288,0,20.6311,4.90938,15.2411,0.84672,12.849,0.84672,3695.15,0,18.483,0,0.30119,1.6339,2.90151,1.24991,3.58669,0.42336,18.483,0.42336,0,0,442.007,0,1.0031,0,0,1.30429,0.30119,1.028160,1,0,18.8278,0,0,0,18.8278,0
30.2411,2.12491,0,0,1.27646,0.0592184,0.36288,3.6288,61.27,0.471408,0,0,0.72684,0.254963,0,0.66528,12.849,1,0.86644,0.36288,0,20.3583,4.90938,14.9453,0.84672,12.849,0.84672,3695.15,0,18.483,0,0.30119,1.65906,2.96482,1.24991,3.67517,0.42336,18.483,0.42336,0,0,442.007,0,0.950538,0,0,1.25173,0.30119,1.028160,1,0,18.6205,0,0,0,18.6205,0
28.8768,2.0995,0,0,1.15631,0.0582422,0.36288,3.6288,61.2158,0.493805,0,0,0.69457,0.254964,0,0.66528,12.849,1,0.892049,0.36288,0,20.0069,4.90938,14.5683,0.84672,12.849,0.84672,3695.15,0,18.483,0,0.261274,1.65917,2.8009,1.24991,3.47144,0.42336,18.483,0.42336,0,0,442.007,0,0.928238,0,0,1.18951,0.261274,1.028160,1,0,18.0398,0,0,0,18.0398,0
27.4421,2.07048,0,0,1.05283,0.0541422,0.36288,3.6288,60.9993,0.607527,0,0,0.656856,0.265839,0,0.66528,12.849,1,0.92128,0.36288,0,17.6119,5.05053,12.003,0.84672,12.849,0.84672,3695.15,0,18.483,0,0.261274,1.65929,2.71847,1.30143,3.3376,0.42336,18.483,0.42336,0,0,442.007,0,0.814614,0,0,1.07589,0.261274,1.028160,1,0,15.3406,0,0,0,15.3406,0
25.9757,2.08537,0,0,1.02512,0.0432678,0.36288,3.6288,60.6767,0.598996,0,0,0.578143,0.301765,0,0.66528,12.849,1,0.976418,0.36288,0,16.4735,5.67138,10.1886,0.84672,12.849,0.84672,3695.15,0,18.483,0,0.261274,1.6594,2.60525,1.48704,3.03888,0.42336,18.483,0.42336,0,0,442.007,0,0.857995,0,0,1.11927,0.261274,1.028160,1,0,13.2275,0,0,0,13.2275,0
24.4376,2.04863,0,0,0.918968,0.0455461,0.36288,3.6288,60.2324,0.668743,0,0,0.513864,0.289413,0,0.66528,12.849,1,1.01337,0.36288,0,15.2235,5.58096,8.99206,0.84672,12.849,0.84672,3695.15,0,18.483,0,0.261274,1.69945,2.47032,1.43763,2.99342,0.42336,18.483,0.42336,0,0,442.007,0,0.788348,0,0,1.04962,0.261274,1.028160,1,0,11.9855,0,0,0,11.9855,0
22.8815,2.00697,0,0,0.858306,0.0445542,0.36288,3.6288,59.705,0.729617,0,0,0.490778,0.288597,0,0.66528,12.849,1,1.05524,0.36288,0,14.6522,5.58096,8.37891,0.84672,12.849,0.84672,3695.15,0,18.483,0,0.261274,1.69957,2.40506,1.43763,2.92827,0.42336,18.483,0.42336,0,0,442.007,0,0.727574,0,0,0.988848,0.261274,1.028160,1,0,11.3072,0,0,0,11.3072,0
21.3035,1.96115,0,0,0.78961,0.0435757,0.36288,3.6288,59.0893,0.798923,0,0,0.470853,0.287628,0,0.66528,12.849,1,1.10127,0.36288,0,12.4918,5.58096,6.17245,0.84672,12.849,0.84672,3695.15,0,18.483,0,0.227405,1.69968,2.28259,1.43763,2.77205,0.42336,18.483,0.42336,0,0,442.007,0,0.658368,0,0,0.885773,0.227405,1.028160,1,0,8.9445,0,0,0,8.9445,0
19.6415,2.03798,0,0,0.786456,0.0475699,0.36288,3.6288,58.3301,0.923556,0,0,0.462598,0.298209,0,0.66528,12.849,1,1.22919,0.36288,0,10.5301,5.73894,3.92484,0.84672,12.849,0.84672,3695.15,0,18.483,0,0.227405,1.6998,2.18138,1.44945,2.65913,0.42336,18.483,0.42336,0,0,442.007,0,0.65931,0,0,0.886715,0.227405,1.028160,1,0,6.58397,0,0,0,6.58397,0
18.2099,1.97524,0,0,0.966496,0.0599662,0.36288,3.6288,57.655,0.869863,0,0,0.516853,0.322083,0,0.66528,12.849,1,1.29215,0.36288,0,12.4495,6.12559,5.39459,0.84672,12.849,0.84672,3695.15,0,18.483,0,0.227405,1.83519,2.23863,1.41491,2.88631,0.42336,18.483,0.42336,0,0,442.007,0,0.713111,0,0,0.940516,0.227405,1.028160,1,0,8.28091,0,0,0,8.28091,0
16.6684,1.91581,0,0,0.7959,0.0587678,0.36288,3.6288,56.8048,0.979431,0,0,0.449859,0.320683,0,0.66528,12.849,1,1.3518,0.36288,0,15.4553,6.12559,8.3408,0.84672,12.849,0.84672,3695.15,0,18.483,0,0.227405,1.83531,1.99719,1.41491,2.64499,0.42336,18.483,0.42336,0,0,442.007,0,0.603651,0,0,0.831056,0.227405,1.028160,1,0,10.9858,0,0,0,10.9858,0
15.2831,1.84534,0,0,0.880459,0.0574775,0.36288,3.6288,56.4041,0.699699,0,0,0.617964,0.318918,0,0.66528,12.849,1,1.4225,0.36288,0,13.2509,6.12559,6.06569,0.84672,12.849,0.84672,3695.15,0,18.483,0,0.204422,1.83544,2.38669,1.41491,3.01164,0.42336,18.483,0.42336,0,0,442.007,0,0.883492,0,0,1.08791,0.204422,1.028160,1,0,9.07733,0,0,0,9.07733,0
13.9053,1.77542,0,0,0.817741,0.057337,0.36288,3.6288,55.8101,0.786,0,0,0.496692,0.304725,0,0.66528,12.849,1,1.49265,0.36288,0,12.7127,5.7559,5.82705,0.84672,12.849,0.84672,3695.15,0,18.483,0,0.204422,1.83557,2.71162,1.271,3.4806,0.42336,18.483,0.42336,0,0,442.007,0,0.797299,0,0,1.00172,0.204422,1.028160,1,0,9.30766,0,0,0,9.30766,0
13.1385,1.64683,0,0,1.31285,0.069921,0.36288,3.6288,55.8352,0.479063,0,0,0.803252,0.29909,0,0.66528,12.849,1,1.52174,0.36288,0,29.7392,6.2769,22.3035,0.84672,12.849,0.84672,3695.15,0,18.483,0,0.670931,1.83569,2.50055,1.3152,3.69198,0.42336,18.483,0.42336,0,0,442.007,0,1.02816,0,0,1.69909,0.670931,1.028160,1,0,25.9954,0,0,0,25.9954,0
12.5593,1.60204,0,0,1.45454,0.0687645,0.36288,3.6288,56.1475,0.479166,0,0,1.09057,0.29914,0,0.66528,12.849,1,1.56674,0.36288,0,29.623,6.2769,22.1423,0.84672,12.849,0.84672,3695.15,0,18.483,0,0.997376,1.75827,3.11287,1.3152,4.55332,0.42336,18.483,0.42336,0,0,442.007,0,1.02816,0,0,2.02554,0.997376,1.028160,1,0,26.6956,0,0,0,26.6956,0
11.6781,1.56644,0,0,1.11603,0.0678911,0.36288,3.6288,56.1215,0.479269,0,0,0.753106,0.299751,0,0.66528,12.849,1,1.60257,0.36288,0,22.2648,6.2769,14.7482,0.84672,12.849,0.84672,3695.15,0,18.483,0,0.629277,1.75839,3.06669,1.3152,4.13916,0.42336,18.483,0.42336,0,0,442.007,0,1.02816,0,0,1.65744,0.629277,1.028160,1,0,18.8873,0,0,0,18.8873,0
11.0968,1.50897,0,0,1.37322,0.0827456,0.36288,3.6288,56.0883,0.479373,0,0,0.72233,0.276241,0,0.66528,12.849,1,1.66025,0.36288,0,19.416,6.00278,12.1158,0.84672,12.849,0.84672,3695.15,0,18.483,0,0.599564,1.75851,3.53845,1.11275,4.78377,0.42336,18.483,0.42336,0,0,442.007,0,1.02816,0,0,1.62772,0.599564,1.028160,1,0,16.8996,0,0,0,16.8996,0
11.5559,1.43082,0,0,2.33584,0.0830345,0.36288,3.6288,56.5433,0.41011,0,0,1.10166,0.236482,0,0.66528,12.849,1,1.65675,0.36288,0,28.0291,4.9968,21.7384,0.84672,12.849,0.84672,3695.15,0,18.483,0,1.16215,1.75863,6.23741,1.02802,8.13017,0.42336,18.483,0.42336,0,0,442.007,0,1.02816,0,0,2.19031,1.16215,1.028160,1,0,29.8686,0,0,0,29.8686,0
11.7026,1.46208,0,0,2.07844,0.106741,0.36288,3.6288,57.0074,0.410208,0,0,1.05448,0.180208,0,0.66528,12.849,1,1.62569,0.36288,0,44.4425,3.73496,39.4448,0.84672,12.849,0.84672,3695.15,0,18.483,0,0.618149,1.68982,4.98122,0.906696,6.38249,0.42336,18.483,0.42336,0,0,442.007,0,1.02816,0,0,1.64631,0.618149,1.028160,1,0,45.8272,0,0,0,45.8272,0
12.9087,1.4719,0,0,3.14798,0.107097,0.36288,3.6288,58.4259,0.410307,0,0,2.00955,0.180753,0,0.66528,12.849,1,1.61608,0.36288,0,48.6634,3.73496,43.6753,0.84672,12.849,0.84672,3695.15,0,18.483,0,1.99112,1.68993,7.26991,0.906696,10.0443,0.42336,18.483,0.42336,0,0,442.007,0,1.02816,0,0,3.01928,1.99112,1.028160,1,0,53.7195,0,0,0,53.7195,0
12.8313,1.54768,0,0,1.9485,0.115334,0.36288,3.6288,59.1754,0.410405,0,0,1.3457,0.185806,0,0.66528,12.849,1,1.54052,0.36288,0,40.4656,3.79295,35.495,0.84672,12.849,0.84672,3695.15,0,18.483,0,1.42129,1.69005,7.20017,0.920234,9.39127,0.42336,18.483,0.42336,0,0,442.007,0,1.02816,0,0,2.44945,1.42129,1.028160,1,0,44.8863,0,0,0,44.8863,0
14.6851,1.42693,0,0,3.79149,0.147947,0.36288,3.6288,60.5074,0.265995,0,0,1.80142,0.203373,0,0.66528,12.849,1,1.42889,0.36288,0,82.7258,4.08422,77.5756,0.84672,12.849,0.84672,3695.15,0,18.483,0,1.94214,1.69016,9.99704,1.01991,12.6094,0.42336,18.483,0.42336,0,0,442.007,0,1.02816,0,0,2.9703,1.94214,1.028160,1,0,90.185,0,0,0,90.185,0
15.607,1.52323,0,0,2.96465,0.156585,0.36288,3.6288,61.308,0.266083,0,0,1.72779,0.195666,0.465468,0.66528,12.849,1,1.33278,0.36288,0,45.3423,3.94254,40.4298,0.84672,12.849,0.84672,3695.15,0,18.483,0,1.85789,1.53504,7.52976,1.06602,9.85667,0.42336,18.483,0.42336,0,0,442.007,0,1.02816,0,0,2.88605,1.85789,1.028160,1,0,50.752,0,0,0,50.752,0
15.8579,1.56652,0,0,2.33992,0.159648,0.36288,3.6288,61.308,0.266172,0,0,1.38204,0.196661,0.919204,0.66528,12.849,1,1.28969,0.36288,0,31.4929,3.94254,26.6235,0.84672,12.849,0.84672,3695.15,0,18.483,0,1.36351,1.53515,7.7785,1.06602,9.61114,0.42336,18.483,0.42336,0,0,442.007,0,1.02816,0,0,2.39167,1.36351,1.028160,1,0,37.1539,0,0,0,37.1539,0
15.7463,1.5779,0,0,1.98782,0.158675,0.36288,3.6288,61.308,0.26626,0,0,1.63581,0.206317,1.16323,0.66528,12.849,1,1.2785,0.36288,0,35.0824,4.27386,29.8929,0.84672,12.849,0.84672,3695.15,0,18.483,0,1.83374,1.53525,14.3643,1.14273,16.5905,0.42336,18.483,0.42336,0,0,442.007,0,1.02816,0,0,2.8619,1.83374,1.028160,1,0,47.6466,0,0,0,47.6466,0
16.382,1.57301,0,0,2.72547,0.153804,0.36288,3.6288,61.308,0.266349,0,0,1.72271,0.230457,1.22591,0.66528,12.849,1,1.28358,0.36288,0,54.2337,5.10216,48.2108,0.84672,12.849,0.84672,3695.15,0,18.483,0,1.72841,1.53536,12.0101,1.33449,13.9394,0.42336,18.483,0.42336,0,0,442.007,0,1.02816,0,0,2.75657,1.72841,1.028160,1,0,63.3761,0,0,0,63.3761,0
22.0138,1.65119,0,0,7.80034,0.154493,0.36288,3.6288,61.308,0.308292,0,0,2.90754,0.259251,2.34,0.66528,12.849,1,1.29509,0.36288,0,102.842,5.31402,96.5957,0.84672,12.849,0.84672,3695.15,0,18.483,0,2.60991,1.53546,19.0842,1.42024,21.8093,0.42336,18.483,0.42336,0,0,442.007,0,1.02816,0,0,3.63807,2.60991,1.028160,1,0,120.745,0,0,0,120.745,0
27.9389,1.86051,0,0,8.31548,0.167004,0.36288,3.6288,61.308,0.308374,0,0,2.74871,0.26405,2.17629,0.66528,12.849,1,1.08594,0.36288,0,125.469,5.34933,119.397,0.84672,12.849,0.84672,3695.15,0,18.483,0,2.29657,1.58468,16.0726,1.43453,18.5193,0.42336,18.483,0.42336,0,0,442.007,0,1.02816,0,0,3.32473,2.29657,1.028160,1,0,140.092,0,0,0,140.092,0
33.2213,2.01839,0,0,7.84521,0.181511,0.36288,3.6288,61.308,0.308455,0,0,2.79725,0.26405,2.22475,0.66528,12.849,1,0.928249,0.36288,0,126.11,5.34933,120.196,0.84672,12.849,0.84672,3695.15,0,18.483,0,2.4715,1.58477,14.8176,1.43453,17.4393,0.42336,18.483,0.42336,0,0,442.007,0,1.02816,0,0,3.49966,2.4715,1.028160,1,0,139.86,0,0,0,139.86,0
36.3965,2.12495,0,0,5.87669,0.213745,0.36288,3.6288,61.308,0.308536,0,0,1.93943,0.254455,1.37644,0.66528,12.849,1,0.821866,0.36288,0,99.7453,4.92279,94.3636,0.84672,12.849,0.84672,3695.15,0,18.483,0,1.44961,1.58487,9.24972,1.31353,10.9707,0.42336,18.483,0.42336,0,0,442.007,0,1.02816,0,0,2.47777,1.44961,1.028160,1,0,106.711,0,0,0,106.711,0
38.6856,2.39052,0,0,5.28893,0.246378,0.36288,3.6288,61.308,0.465794,0,0,2.0552,0.226568,1.36283,0.66528,12.849,1,0.843921,0.36288,0,112.027,4.03756,107.509,0.84672,12.849,0.84672,3695.15,0,18.483,0,1.3526,1.58496,8.77314,1.09815,10.6126,0.42336,18.483,0.42336,0,0,442.007,0,1.02816,0,0,2.38076,1.3526,1.028160,1,0,119.484,0,0,0,119.484,0
42.1833,2.42815,0,0,6.5066,0.217886,0.36288,3.6288,61.308,0.465885,0,0,2.50803,0.221368,1.82077,0.66528,12.849,1,0.806484,0.36288,0,107.914,4.27907,103.192,0.84672,12.849,0.84672,3695.15,0,18.483,0,1.67041,1.76036,11.4478,1.21432,13.6643,0.42336,18.483,0.42336,0,0,442.007,0,1.02816,0,0,2.69857,1.67041,1.028160,1,0,118.677,0,0,0,118.677,0
46.6399,2.47956,0,0,7.51245,0.213418,0.36288,3.6288,61.308,0.465976,0,0,2.90784,0.227548,2.21431,0.66528,12.849,1,0.755272,0.36288,0,109.674,4.24158,105.04,0.84672,12.849,0.84672,3695.15,0,18.483,0,2.31449,1.76047,13.2954,1.18921,16.1812,0.42336,18.483,0.42336,0,0,442.007,0,1.02816,0,0,3.34265,2.31449,1.028160,1,0,123.435,0,0,0,123.435,0
48.7109,2.53629,0,0,5.24149,0.271306,0.36288,3.6288,61.308,0.466067,0,0,2.26974,0.19823,1.60544,0.66528,12.849,1,0.698733,0.36288,0,112.18,3.80793,108.036,0.84672,12.849,0.84672,3695.15,0,18.483,0,1.56514,1.76058,10.1386,1.19166,12.2727,0.42336,18.483,0.42336,0,0,442.007,0,1.02816,0,0,2.5933,1.56514,1.028160,1,0,121.914,0,0,0,121.914,0
53.0928,2.23547,0,0,7.25851,0.278236,0.36288,3.6288,61.308,0.255173,0,0,3.00656,0.181967,2.56942,0.66528,12.849,1,0.589673,0.36288,0,148.508,3.65155,144.629,0.84672,12.849,0.84672,3695.15,0,18.483,0,3.39155,1.76068,25.6294,1.03227,29.7493,0.42336,18.483,0.42336,0,0,442.007,0,1.02816,0,0,4.41971,3.39155,1.028160,1,0,176.948,0,0,0,176.948,0
57.3614,2.27479,0,0,7.19861,0.292318,0.36288,3.6288,61.308,0.255251,0,0,3.42058,0.160283,3.00505,0.66528,12.849,1,0.550522,0.36288,0,110.327,3.44306,106.696,0.84672,12.849,0.84672,3695.15,0,18.483,0,4.00357,1.52093,17.6918,0.819751,22.3965,0.42336,18.483,0.42336,0,0,442.007,0,1.02816,0,0,5.03173,4.00357,1.028160,1,0,132.098,0,0,0,132.098,0
60.2125,2.3084,0,0,5.82746,0.305095,0.36288,3.6288,61.308,0.255329,0,0,2.41754,0.160283,2.00193,0.66528,12.849,1,0.517083,0.36288,0,110.608,3.44306,107.011,0.84672,12.849,0.84672,3695.15,0,18.483,0,2.19351,1.52103,12.1387,0.819751,15.0335,0.42336,18.483,0.42336,0,0,442.007,0,1.02816,0,0,3.22167,2.19351,1.028160,1,0,124.047,0,0,0,124.047,0
61.2607,2.32872,0,0,4.05339,0.313629,0.36288,3.6288,61.308,0.255407,0,0,1.72714,0.160283,1.31145,0.66528,12.849,1,0.496935,0.36288,0,102.564,3.44306,98.9866,0.84672,12.849,0.84672,3695.15,0,18.483,0,1.82609,1.52112,11.6694,0.819751,14.1969,0.42336,18.483,0.42336,0,0,442.007,0,1.02816,0,0,2.85425,1.82609,1.028160,1,0,114.495,0,0,0,114.495,0
62.8132,2.33589,0,0,4.50538,0.25413,0.36288,3.6288,61.308,0.255485,0,0,1.52981,0.124185,1.15014,0.66528,12.849,1,0.489936,0.36288,0,93.1928,2.91989,90.1458,0.84672,12.849,0.84672,3695.15,0,18.483,0,1.56245,1.52121,11.0289,0.744598,13.3679,0.42336,18.483,0.42336,0,0,442.007,0,1.02816,0,0,2.59061,1.56245,1.028160,1,0,104.664,0,0,0,104.664,0
64.0338,2.43181,0,0,4.32204,0.30668,0.36288,3.6288,61.308,0.307194,0,0,1.45099,0.116568,1.02723,0.66528,12.849,1,0.497448,0.36288,0,81.6432,2.749,78.7597,0.84672,12.849,0.84672,3695.15,0,18.483,0,1.68002,1.5213,7.34657,0.63138,9.91652,0.42336,18.483,0.42336,0,0,442.007,0,1.02816,0,0,2.70818,1.68002,1.028160,1,0,89.7034,0,0,0,89.7034,0
63.7636,2.43985,0,0,2.84218,0.30974,0.36288,3.6288,61.308,0.307275,0,0,1.25082,0.116568,0.826979,0.66528,12.849,1,0.48958,0.36288,0,44.2165,2.749,41.3408,0.84672,12.849,0.84672,3695.15,0,18.483,0,1.03011,1.58064,5.98024,0.63138,7.95961,0.42336,18.483,0.42336,0,0,442.007,0,1.02816,0,0,2.05827,1.03011,1.028160,1,0,50.1274,0,0,0,50.1274,0
64.5613,2.43827,0,0,3.90797,0.309063,0.36288,3.6288,61.308,0.307356,0,0,2.21135,0.116568,1.78742,0.66528,12.849,1,0.491337,0.36288,0,87.6963,2.749,84.8189,0.84672,12.849,0.84672,3695.15,0,18.483,0,2.78477,1.58073,10.6382,0.63138,14.3723,0.42336,18.483,0.42336,0,0,442.007,0,1.02816,0,0,3.81293,2.78477,1.028160,1,0,100.979,0,0,0,100.979,0
64.1552,2.44349,0,0,2.65175,0.251463,0.36288,3.6288,61.308,0.307437,0,0,1.26583,0.149932,0.80846,0.66528,12.849,1,0.486303,0.36288,0,50.0741,3.3637,46.5869,0.84672,12.849,0.84672,3695.15,0,18.483,0,0.843195,1.58083,6.15735,0.745223,7.83615,0.42336,18.483,0.42336,0,0,442.007,0,1.02816,0,0,1.87135,0.843195,1.028160,1,0,55.2316,0,0,0,55.2316,0
64.2592,2.40743,0,0,3.12447,0.250187,0.36288,3.6288,61.308,0.287461,0,0,1.26192,0.163867,0.810587,0.66528,12.849,1,0.482159,0.36288,0,53.0097,3.18121,49.7092,0.84672,12.849,0.84672,3695.15,0,18.483,0,0.964397,1.58092,5.95694,0.764937,7.73733,0.42336,18.483,0.42336,0,0,442.007,0,1.02816,0,0,1.99256,0.964397,1.028160,1,0,58.2571,0,0,0,58.2571,0
63.8398,2.40822,0,0,2.60169,0.250042,0.36288,3.6288,61.308,0.287541,0,0,1.07095,0.191005,0.592408,0.66528,12.849,1,0.481538,0.36288,0,47.5159,3.21919,44.1781,0.84672,12.849,0.84672,3695.15,0,18.483,0,0.904548,1.55796,5.36526,0.871646,6.95612,0.42336,18.483,0.42336,0,0,442.007,0,1.02816,0,0,1.93271,0.904548,1.028160,1,0,51.7266,0,0,0,51.7266,0
63.1433,2.40573,0,0,2.3214,0.249194,0.36288,3.6288,61.308,0.287621,0,0,1.05465,0.191005,0.576024,0.66528,12.849,1,0.484201,0.36288,0,40.9969,3.21919,37.6564,0.84672,12.849,0.84672,3695.15,0,18.483,0,0.912436,1.55805,6.57748,0.871646,8.17632,0.42336,18.483,0.42336,0,0,442.007,0,1.02816,0,0,1.9406,0.912436,1.028160,1,0,46.4087,0,0,0,46.4087,0
63.1904,2.40144,0,0,3.05918,0.247787,0.36288,3.6288,61.308,0.287701,0,0,1.17761,0.191005,0.698909,0.66528,12.849,1,0.488668,0.36288,0,45.2566,3.21919,41.9116,0.84672,12.849,0.84672,3695.15,0,18.483,0,1.02194,1.55815,5.72356,0.871646,7.432,0.42336,18.483,0.42336,0,0,442.007,0,1.02816,0,0,2.0501,1.02194,1.028160,1,0,50.0425,0,0,0,50.0425,0
62.9891,2.51583,0,0,2.89695,0.219542,0.36288,3.6288,61.308,0.358927,0,0,1.10459,0.206568,0.539094,0.66528,12.849,1,0.511563,0.36288,0,50.1034,3.58642,46.3683,0.84672,12.849,0.84672,3695.15,0,18.483,0,0.913611,1.55824,5.46315,0.905034,7.02997,0.42336,18.483,0.42336,0,0,442.007,0,1.02816,0,0,1.94177,0.913611,1.028160,1,0,53.9373,0,0,0,53.9373,0
62.4765,2.51462,0,0,2.51337,0.148448,0.36288,3.6288,61.308,0.359012,0,0,0.917162,0.245476,0.312675,0.66528,12.849,1,0.512952,0.36288,0,40.6388,4.5045,35.9843,0.84672,12.849,0.84672,3695.15,0,18.483,0,0.634349,1.639,5.10049,0.988505,6.38533,0.42336,18.483,0.42336,0,0,442.007,0,1.02816,0,0,1.66251,0.634349,1.028160,1,0,42.6823,0,0,0,42.6823,0
61.8941,2.51129,0,0,2.4396,0.147827,0.36288,3.6288,61.308,0.359096,0,0,0.974005,0.245476,0.369433,0.66528,12.849,1,0.516474,0.36288,0,38.7348,4.5045,34.0768,0.84672,12.849,0.84672,3695.15,0,18.483,0,0.615298,1.6391,5.42587,0.988505,6.69176,0.42336,18.483,0.42336,0,0,442.007,0,1.02816,0,0,1.64346,0.615298,1.028160,1,0,41.1379,0,0,0,41.1379,0
61.1912,2.50741,0,0,2.31444,0.147121,0.36288,3.6288,61.308,0.35918,0,0,0.946495,0.245476,0.341839,0.66528,12.849,1,0.52053,0.36288,0,36.3811,4.5045,31.719,0.84672,12.849,0.84672,3695.15,0,18.483,0,0.545322,1.6392,5.01654,0.988505,6.21255,0.42336,18.483,0.42336,0,0,442.007,0,1.02816,0,0,1.57348,0.545322,1.028160,1,0,38.2734,0,0,0,38.2734,0
60.3501,2.50262,0,0,2.16166,0.13717,0.36288,3.6288,61.308,0.359265,0,0,0.889799,0.253894,0.27664,0.66528,12.849,1,0.525504,0.36288,0,33.8259,4.69925,28.9641,0.84672,12.849,0.84672,3695.15,0,18.483,0,0.457315,1.6393,4.86509,1.01615,5.94555,0.42336,18.483,0.42336,0,0,442.007,0,1.02816,0,0,1.48548,0.457315,1.028160,1,0,35.1863,0,0,0,35.1863,0
59.5943,2.47438,0,0,2.20162,0.120229,0.36288,3.6288,61.0397,0.565873,0,0,0.578096,0.280568,0,0.66528,12.849,1,0.526813,0.36288,0,29.6695,5.16043,24.3451,0.84672,12.849,0.84672,3695.15,0,18.483,0,0.30119,1.6394,3.2777,1.23135,3.98694,0.42336,18.483,0.42336,0,0,442.007,0,0.860751,0,0,1.16194,0.30119,1.028160,1,0,28.3321,0,0,0,28.3321,0
58.7442,2.46903,0,0,2.07448,0.0926226,0.36288,3.6288,60.6463,0.608304,0,0,0.536211,0.321285,0,0.66528,12.849,1,0.532343,0.36288,0,28.2747,5.20474,22.9005,0.84672,12.849,0.84672,3695.15,0,18.483,0,0.30119,1.66463,3.30266,1.36804,3.90044,0.42336,18.483,0.42336,0,0,442.007,0,0.818407,0,0,1.1196,0.30119,1.028160,1,0,26.801,0,0,0,26.801,0
57.799,2.46286,0,0,1.97233,0.0918667,0.36288,3.6288,60.2289,0.606913,0,0,0.51001,0.320484,0,0.66528,12.849,1,0.538696,0.36288,0,25.7541,5.20474,20.3736,0.84672,12.849,0.84672,3695.15,0,18.483,0,0.261274,1.66473,3.15522,1.36804,3.71319,0.42336,18.483,0.42336,0,0,442.007,0,0.819884,0,0,1.08116,0.261274,1.028160,1,0,24.0867,0,0,0,24.0867,0
56.7163,2.4558,0,0,1.82709,0.0910261,0.36288,3.6288,59.7013,0.658011,0,0,0.450096,0.319635,0,0.66528,12.849,1,0.545937,0.36288,0,24.1874,5.20474,18.7996,0.84672,12.849,0.84672,3695.15,0,18.483,0,0.261274,1.66484,2.97534,1.36804,3.5334,0.42336,18.483,0.42336,0,0,442.007,0,0.768874,0,0,1.03015,0.261274,1.028160,1,0,22.333,0,0,0,22.333,0
55.5311,2.50457,0,0,1.75831,0.0760563,0.36288,3.6288,58.9356,0.839051,0,0,0.39795,0.324687,0,0.66528,12.849,1,0.567407,0.36288,0,21.9907,5.37682,16.4093,0.84672,12.849,0.84672,3695.15,0,18.483,0,0.261274,1.66494,2.74343,1.42394,3.24571,0.42336,18.483,0.42336,0,0,442.007,0,0.622788,0,0,0.884062,0.261274,1.028160,1,0,19.6551,0,0,0,19.6551,0
54.643,2.49489,0,0,2.03438,0.0647839,0.36288,3.6288,58.415,0.712504,0,0,0.519581,0.327671,0,0.66528,12.849,1,0.577277,0.36288,0,28.4498,5.50588,22.7295,0.84672,12.849,0.84672,3695.15,0,18.483,0,0.261274,1.70511,3.15567,1.46586,3.6562,0.42336,18.483,0.42336,0,0,442.007,0,0.749425,0,0,1.0107,0.261274,1.028160,1,0,26.3857,0,0,0,26.3857,0
53.5802,2.48744,0,0,1.85175,0.0642091,0.36288,3.6288,57.8262,0.690768,0,0,0.428547,0.326576,0,0.66528,12.849,1,0.584909,0.36288,0,22.9149,5.50588,17.187,0.84672,12.849,0.84672,3695.15,0,18.483,0,0.261274,1.70521,2.93233,1.46586,3.43296,0.42336,18.483,0.42336,0,0,442.007,0,0.77125,0,0,1.03252,0.261274,1.028160,1,0,20.62,0,0,0,20.62,0
52.3597,2.47824,0,0,1.68416,0.0635212,0.36288,3.6288,57.082,0.817899,0,0,0.399103,0.325338,0,0.66528,12.849,1,0.594303,0.36288,0,21.3619,5.50588,15.6246,0.84672,12.849,0.84672,3695.15,0,18.483,0,0.227405,1.70531,2.61329,1.46586,3.08015,0.42336,18.483,0.42336,0,0,442.007,0,0.644207,0,0,0.871612,0.227405,1.028160,1,0,18.7047,0,0,0,18.7047,0
51.096,2.63204,0,0,1.78279,0.051598,0.36288,3.6288,56.489,0.734072,0,0,0.469446,0.328447,0,0.66528,12.849,1,0.645899,0.36288,0,20.6157,5.68126,14.6514,0.84672,12.849,0.84672,3695.15,0,18.483,0,0.227405,1.70542,3.51162,1.47863,3.96581,0.42336,18.483,0.42336,0,0,442.007,0,0.854012,0,0,1.08142,0.227405,1.028160,1,0,18.6173,0,0,0,18.6173,0
49.8827,2.61944,0,0,1.81089,0.0418916,0.36288,3.6288,55.8272,0.842981,0,0,0.501206,0.319961,0,0.66528,12.849,1,0.658704,0.36288,0,23.1165,5.68669,17.134,0.84672,12.849,0.84672,3695.15,0,18.483,0,0.227405,1.84124,4.27478,1.34612,4.9973,0.42336,18.483,0.42336,0,0,442.007,0,0.7452,0,0,0.972605,0.227405,1.028160,1,0,22.1313,0,0,0,22.1313,0
49.126,2.60685,0,0,2.25442,0.0413603,0.36288,3.6288,55.2282,0.759805,0,0,0.479416,0.31858,0,0.66528,12.849,1,0.671485,0.36288,0,28.2318,5.68669,22.2365,0.84672,12.849,0.84672,3695.15,0,18.483,0,0.227405,1.84135,4.15969,1.34612,4.88233,0.42336,18.483,0.42336,0,0,442.007,0,0.828472,0,0,1.05588,0.227405,1.028160,1,0,27.1188,0,0,0,27.1188,0
47.7269,2.59881,0,0,1.61607,0.05343,0.36288,3.6288,54.2989,0.962769,0,0,0.347667,0.314236,0,0.66528,12.849,1,0.679725,0.36288,0,20.3854,5.59764,14.4709,0.84672,12.849,0.84672,3695.15,0,18.483,0,0.204422,1.84146,2.55285,1.3352,3.26354,0.42336,18.483,0.42336,0,0,442.007,0,0.625605,0,0,0.830028,0.204422,1.028160,1,0,17.7344,0,0,0,17.7344,0
45.9504,2.58327,0,0,1.28021,0.110619,0.36288,3.6288,53.3883,0.954199,0,0,0.330898,0.287275,0,0.66528,12.849,1,0.695466,0.36288,0,15.6392,5.46389,9.84271,0.84672,12.849,0.84672,3695.15,0,18.483,0,0.204422,1.84158,2.27247,1.2645,3.05397,0.42336,18.483,0.42336,0,0,442.007,0,0.634271,0,0,0.838693,0.204422,1.028160,1,0,12.8967,0,0,0,12.8967,0
44.0266,2.48423,0,0,1.01816,0.0947806,0.36288,3.6288,52.2248,1.11621,0,0,0.277805,0.325163,0,0.66528,12.849,1,0.69466,0.36288,0,14.6116,6.67906,7.60078,0.84672,12.849,0.84672,3695.15,0,18.483,0,0.204422,1.84169,2.75236,1.35905,3.43942,0.42336,18.483,0.42336,0,0,442.007,0,0.39592,0,0,0.600343,0.204422,1.028160,1,0,11.0402,0,0,0,11.0402,0
42.1653,2.46089,0,0,1.09889,0.136412,0.36288,3.6288,50.9981,1.19597,0,0,0.259089,0.28977,0,0.66528,12.849,1,0.7182,0.36288,0,11.5054,6.5503,4.59974,0.84672,12.849,0.84672,3695.15,0,18.483,0,0.204422,1.764,2.27502,1.26102,2.98242,0.42336,18.483,0.42336,0,0,442.007,0,0.316252,0,0,0.520674,0.204422,1.028160,1,0,7.58216,0,0,0,7.58216,0
40.6964,2.43674,0,0,1.47164,0.141003,0.36288,3.6288,49.9967,1.03954,0,0,0.318635,0.280483,0,0.66528,12.849,1,0.742544,0.36288,0,15.2665,6.49509,8.39178,0.84672,12.849,0.84672,3695.15,0,18.483,0,0.216518,1.76411,2.79622,1.24206,3.53479,0.42336,18.483,0.42336,0,0,442.007,0,0.472775,0,0,0.689293,0.216518,1.028160,1,0,11.9266,0,0,0,11.9266,0
39.632,2.41651,0,0,1.85363,0.138589,0.36288,3.6288,49.5015,0.69472,0,0,0.477706,0.278199,0,0.66528,12.849,1,0.762961,0.36288,0,31.0726,6.49509,24.1775,0.84672,12.849,0.84672,3695.15,0,18.483,0,0.216518,1.76421,3.86242,1.24206,4.60109,0.42336,18.483,0.42336,0,0,442.007,0,0.81769,0,0,1.03421,0.216518,1.028160,1,0,28.7786,0,0,0,28.7786,0
38.3246,2.33915,0,0,1.5709,0.176236,0.36288,3.6288,48.6068,0.965656,0,0,0.313985,0.243032,0,0.66528,12.849,1,0.758372,0.36288,0,26.6327,5.73374,20.5035,0.84672,12.849,0.84672,3695.15,0,18.483,0,0.216518,1.76432,2.72276,1.19713,3.50647,0.42336,18.483,0.42336,0,0,442.007,0,0.477255,0,0,0.693774,0.216518,1.028160,1,0,24.01,0,0,0,24.01,0
36.5026,2.31992,0,0,1.056,0.195221,0.36288,3.6288,47.4496,1.15941,0,0,0.210468,0.208278,0,0.66528,12.849,1,0.777794,0.36288,0,18.0788,4.74894,12.9149,0.84672,12.849,0.84672,3695.15,0,18.483,0,0.216518,1.69527,2.65622,1.12359,3.44441,0.42336,18.483,0.42336,0,0,442.007,0,0.283586,0,0,0.500104,0.216518,1.028160,1,0,16.3593,0,0,0,16.3593,0
35.2469,2.29134,0,0,1.58954,0.191073,0.36288,3.6288,47.3381,0.414927,0,0,0.509685,0.206279,0,0.66528,12.849,1,0.806558,0.36288,0,28.1915,4.74894,22.9989,0.84672,12.849,0.84672,3695.15,0,18.483,0,0.417269,1.69537,5.38607,1.12359,6.37512,0.42336,18.483,0.42336,0,0,442.007,0,1.02816,0,0,1.44543,0.417269,1.028160,1,0,29.374,0,0,0,29.374,0
36.2736,2.27042,0,0,3.84822,0.188214,0.36288,3.6288,47.8588,0.415014,0,0,1.14183,0.206087,0,0.66528,12.849,1,0.827667,0.36288,0,73.8801,4.74894,68.6664,0.84672,12.849,0.84672,3695.15,0,18.483,0,1.24624,1.69548,8.14797,1.12359,9.96609,0.42336,18.483,0.42336,0,0,442.007,0,1.02816,0,0,2.2744,1.24624,1.028160,1,0,78.6325,0,0,0,78.6325,0
35.9582,2.11556,0,0,2.38474,0.22165,0.36288,3.6288,47.93,0.449889,0,0,0.706235,0.185096,0,0.66528,12.849,1,0.749384,0.36288,0,46.9501,4.25382,42.3098,0.84672,12.849,0.84672,3695.15,0,18.483,0,0.292723,1.69558,5.00869,0.909719,6.08727,0.42336,18.483,0.42336,0,0,442.007,0,0.848402,0,0,1.14113,0.292723,1.028160,1,0,48.397,0,0,0,48.397,0
37.4727,2.11085,0,0,4.1668,0.178628,0.36288,3.6288,48.3774,0.27021,0,0,0.964276,0.24675,0,0.66528,12.849,1,0.754272,0.36288,0,75.6674,4.82781,70.4482,0.84672,12.849,0.84672,3695.15,0,18.483,0,0.46383,1.53995,6.69317,1.05792,7.63904,0.42336,18.483,0.42336,0,0,442.007,0,1.02816,0,0,1.49199,0.46383,1.028160,1,0,78.0872,0,0,0,78.0872,0
39.385,2.13368,0,0,4.61468,0.205783,0.36288,3.6288,48.8932,0.270289,0,0,0.949061,0.162955,0,0.66528,12.849,1,0.731616,0.36288,0,103.937,4.43415,99.1337,0.84672,12.849,0.84672,3695.15,0,18.483,0,0.431594,1.54004,7.32137,0.979131,8.31388,0.42336,18.483,0.42336,0,0,442.007,0,1.02816,0,0,1.45975,0.431594,1.028160,1,0,107.448,0,0,0,107.448,0
42.403,2.16059,0,0,5.75188,0.210418,0.36288,3.6288,50.449,0.270368,0,0,1.98989,0.163654,0,0.66528,12.849,1,0.704874,0.36288,0,117.579,4.43415,112.803,0.84672,12.849,0.84672,3695.15,0,18.483,0,1.60855,1.54014,13.9913,0.979131,16.1608,0.42336,18.483,0.42336,0,0,442.007,0,1.02816,0,0,2.63671,1.60855,1.028160,1,0,128.964,0,0,0,128.964,0
47.4259,2.19923,0,0,7.80298,0.218018,0.36288,3.6288,52.3789,0.270447,0,0,2.36607,0.16576,0,0.66528,12.849,1,0.666412,0.36288,0,168.573,4.43415,163.836,0.84672,12.849,0.84672,3695.15,0,18.483,0,2.35532,1.54023,14.4035,0.979131,17.3199,0.42336,18.483,0.42336,0,0,442.007,0,1.02816,0,0,3.38348,2.35532,1.028160,1,0,181.156,0,0,0,181.156,0
47.1564,2.25476,0,0,2.59609,0.247909,0.36288,3.6288,52.9273,0.270447,0,0,1.05452,0.235705,0,0.66528,12.849,1,0.610878,0.36288,0,77.0561,5.25098,71.5571,0.84672,12.849,0.84672,3695.15,0,18.483,0,0.720343,1.54032,7.93653,1.33176,8.86544,0.42336,18.483,0.42336,0,0,442.007,0,1.02816,0,0,1.7485,0.720343,1.028160,1,0,80.4226,0,0,0,80.4226,0
45.8096,2.3227,0,0,1.59277,0.25402,0.36288,3.6288,53.2398,0.312513,0,0,0.888805,0.263796,0,0.66528,12.849,1,0.632881,0.36288,0,35.6409,5.57771,29.7932,0.84672,12.849,0.84672,3695.15,0,18.483,0,0.445582,1.54032,5.86761,1.47281,6.3807,0.42336,18.483,0.42336,0,0,442.007,0,1.02816,0,0,1.47374,0.445582,1.028160,1,0,36.1739,0,0,0,36.1739,0
45.655,2.30829,0,0,2.76683,0.250252,0.36288,3.6288,53.608,0.312584,0,0,0.945311,0.264456,0,0.66528,12.849,1,0.647447,0.36288,0,36.6282,5.57771,30.766,0.84672,12.849,0.84672,3695.15,0,18.483,0,0.557003,1.58968,6.24702,1.47281,6.92089,0.42336,18.483,0.42336,0,0,442.007,0,1.02816,0,0,1.58516,0.557003,1.028160,1,0,37.6869,0,0,0,37.6869,0
44.0478,2.3067,0,0,1.33386,0.271482,0.36288,3.6288,54.0185,0.312655,0,0,0.976596,0.253434,0,0.66528,12.849,1,0.649192,0.36288,0,27.4785,4.89411,22.2981,0.84672,12.849,0.84672,3695.15,0,18.483,0,0.660614,1.58976,4.99236,1.26219,5.98055,0.42336,18.483,0.42336,0,0,442.007,0,1.02816,0,0,1.68877,0.660614,1.028160,1,0,28.2786,0,0,0,28.2786,0
42.3302,2.28849,0,0,1.22566,0.291852,0.36288,3.6288,54.3122,0.312727,0,0,0.852177,0.245821,0,0.66528,12.849,1,0.667566,0.36288,0,25.116,4.06065,20.7507,0.84672,12.849,0.84672,3695.15,0,18.483,0,0.517778,1.58985,5.03749,1.03336,6.11176,0.42336,18.483,0.42336,0,0,442.007,0,1.02816,0,0,1.54594,0.517778,1.028160,1,0,26.8625,0,0,0,26.8625,0
40.5927,2.48903,0,0,1.39296,0.27852,0.36288,3.6288,54.31,0.541271,0,0,0.8039,0.264837,0,0.66528,12.849,1,0.755525,0.36288,0,37.6365,4.25565,32.9882,0.84672,12.849,0.84672,3695.15,0,18.483,0,0.503194,1.58993,3.68063,1.16337,4.61039,0.42336,18.483,0.42336,0,0,442.007,0,0.957355,0,0,1.46055,0.503194,1.028160,1,0,37.5986,0,0,0,37.5986,0
39.7456,2.4646,0,0,2.25321,0.272892,0.36288,3.6288,53.7025,0.917052,0,0,0.574373,0.264834,0,0.66528,12.849,1,0.78013,0.36288,0,24.0025,4.25565,19.3296,0.84672,12.849,0.84672,3695.15,0,18.483,0,0.503194,1.76587,2.82393,1.16337,3.92962,0.42336,18.483,0.42336,0,0,442.007,0,0.581653,0,0,1.08485,0.503194,1.028160,1,0,23.2592,0,0,0,23.2592,0
38.3565,2.45216,0,0,1.7044,0.278464,0.36288,3.6288,53.0246,1.05443,0,0,0.601173,0.224546,0,0.66528,12.849,1,0.792738,0.36288,0,27.8039,3.58358,23.7904,0.84672,12.849,0.84672,3695.15,0,18.483,0,0.608429,1.76596,2.73315,0.966039,4.1415,0.42336,18.483,0.42336,0,0,442.007,0,0.444355,0,0,1.05278,0.608429,1.028160,1,0,27.9319,0,0,0,27.9319,0
38.14,2.43078,0,0,2.84361,0.266402,0.36288,3.6288,53.2253,0.470705,0,0,0.873141,0.201741,0,0.66528,12.849,1,0.814286,0.36288,0,36.2726,3.19142,32.6298,0.84672,12.849,0.84672,3695.15,0,18.483,0,0.686146,1.76606,4.23871,0.846801,5.84411,0.42336,18.483,0.42336,0,0,442.007,0,1.02816,0,0,1.71431,0.686146,1.028160,1,0,38.4739,0,0,0,38.4739,0
38.4578,2.11976,0,0,3.03899,0.238564,0.36288,3.6288,53.8342,0.259147,0,0,1.05501,0.187023,0,0.66528,12.849,1,0.714127,0.36288,0,56.494,2.88309,53.2597,0.84672,12.849,0.84672,3695.15,0,18.483,0,0.969382,1.76615,5.99665,0.746038,7.98615,0.42336,18.483,0.42336,0,0,442.007,0,1.02816,0,0,1.99754,0.969382,1.028160,1,0,61.2458,0,0,0,61.2458,0
39.6038,2.1243,0,0,3.87266,0.23945,0.36288,3.6288,54.6832,0.259216,0,0,1.29614,0.187931,0,0.66528,12.849,1,0.709741,0.36288,0,92.47,2.88309,89.2401,0.84672,12.849,0.84672,3695.15,0,18.483,0,1.21116,1.52564,7.45217,0.746038,9.44294,0.42336,18.483,0.42336,0,0,442.007,0,1.02816,0,0,2.23932,1.21116,1.028160,1,0,98.683,0,0,0,98.683,0
42.207,2.13992,0,0,5.34859,0.242645,0.36288,3.6288,55.4351,0.259284,0,0,1.20021,0.188989,0,0.66528,12.849,1,0.694271,0.36288,0,106.092,2.88309,102.878,0.84672,12.849,0.84672,3695.15,0,18.483,0,1.27392,1.52573,8.46461,0.746038,10.5182,0.42336,18.483,0.42336,0,0,442.007,0,1.02816,0,0,2.30208,1.27392,1.028160,1,0,113.396,0,0,0,113.396,0
43.3286,2.17286,0,0,3.90174,0.244413,0.36288,3.6288,56.1212,0.259353,0,0,1.17542,0.230027,0,0.66528,12.849,1,0.66148,0.36288,0,82.3357,3.80867,78.2285,0.84672,12.849,0.84672,3695.15,0,18.483,0,1.30842,1.52581,8.04764,0.998333,9.88354,0.42336,18.483,0.42336,0,0,442.007,0,1.02816,0,0,2.33658,1.30842,1.028160,1,0,88.112,0,0,0,88.112,0
44.226,2.18618,0,0,3.67127,0.22474,0.36288,3.6288,56.5525,0.259421,0,0,0.875004,0.184199,0,0.66528,12.849,1,0.648308,0.36288,0,89.0758,3.36809,85.4223,0.84672,12.849,0.84672,3695.15,0,18.483,0,0.975024,1.52589,5.95989,0.819157,7.64164,0.42336,18.483,0.42336,0,0,442.007,0,1.02816,0,0,2.00318,0.975024,1.028160,1,0,93.0639,0,0,0,93.0639,0
44.9054,2.27675,0,0,3.5426,0.223604,0.36288,3.6288,56.958,0.311278,0,0,0.890905,0.174193,0,0.66528,12.849,1,0.661464,0.36288,0,99.3686,3.23295,95.8371,0.84672,12.849,0.84672,3695.15,0,18.483,0,1.1421,1.52597,5.53157,0.772475,7.42717,0.42336,18.483,0.42336,0,0,442.007,0,1.02816,0,0,2.17026,1.1421,1.028160,1,0,103.264,0,0,0,103.264,0
44.8633,2.28465,0,0,2.83076,0.225333,0.36288,3.6288,57.3502,0.311349,0,0,0.878202,0.174653,0,0.66528,12.849,1,0.653718,0.36288,0,61.9609,3.23295,58.4371,0.84672,12.849,0.84672,3695.15,0,18.483,0,0.661366,1.58547,4.77064,0.772475,6.245,0.42336,18.483,0.42336,0,0,442.007,0,1.02816,0,0,1.68953,0.661366,1.028160,1,0,64.6821,0,0,0,64.6821,0
44.5819,2.2843,0,0,2.59102,0.225225,0.36288,3.6288,57.5886,0.31142,0,0,0.724946,0.175098,0,0.66528,12.849,1,0.65423,0.36288,0,70.9962,3.23295,67.4719,0.84672,12.849,0.84672,3695.15,0,18.483,0,0.581507,1.58555,4.61352,0.772475,6.0081,0.42336,18.483,0.42336,0,0,442.007,0,1.02816,0,0,1.60967,0.581507,1.028160,1,0,73.48,0,0,0,73.48,0
43.8914,2.28121,0,0,2.14418,0.190587,0.36288,3.6288,57.2645,0.674224,0,0,0.538235,0.188072,0,0.66528,12.849,1,0.65747,0.36288,0,55.6205,3.4953,51.8306,0.84672,12.849,0.84672,3695.15,0,18.483,0,0.528595,1.58564,3.7823,0.834896,5.06164,0.42336,18.483,0.42336,0,0,442.007,0,0.665427,0,0,1.19402,0.528595,1.028160,1,0,56.8923,0,0,0,56.8923,0
42.7599,2.242,0,0,1.64919,0.175825,0.36288,3.6288,56.6176,0.923503,0,0,0.465673,0.189072,0,0.66528,12.849,1,0.656334,0.36288,0,33.99,3.59026,30.1063,0.84672,12.849,0.84672,3695.15,0,18.483,0,0.528595,1.58572,2.71077,0.861675,3.96342,0.42336,18.483,0.42336,0,0,442.007,0,0.396101,0,0,0.924696,0.528595,1.028160,1,0,34.0697,0,0,0,34.0697,0
41.4849,2.22876,0,0,1.49014,0.173552,0.36288,3.6288,55.9654,0.92309,0,0,0.459168,0.188278,0,0.66528,12.849,1,0.669725,0.36288,0,30.548,3.59026,26.6509,0.84672,12.849,0.84672,3695.15,0,18.483,0,0.528595,1.56267,3.35316,0.861675,4.58275,0.42336,18.483,0.42336,0,0,442.007,0,0.396585,0,0,0.92518,0.528595,1.028160,1,0,31.2337,0,0,0,31.2337,0
40.9131,2.21316,0,0,2.17532,0.170991,0.36288,3.6288,55.627,0.688299,0,0,0.537303,0.187478,0,0.66528,12.849,1,0.685477,0.36288,0,36.0062,3.59026,32.0934,0.84672,12.849,0.84672,3695.15,0,18.483,0,0.402797,1.56276,3.0196,0.861675,4.12348,0.42336,18.483,0.42336,0,0,442.007,0,0.631446,0,0,1.03424,0.402797,1.028160,1,0,36.2169,0,0,0,36.2169,0
39.8184,2.20599,0,0,1.62054,0.146423,0.36288,3.6288,55.1065,0.806357,0,0,0.484003,0.198103,0,0.66528,12.849,1,0.692804,0.36288,0,35.4891,3.96579,31.1933,0.84672,12.849,0.84672,3695.15,0,18.483,0,0.402797,1.56284,2.67125,0.834446,3.80245,0.42336,18.483,0.42336,0,0,442.007,0,0.513458,0,0,0.916255,0.402797,1.028160,1,0,34.9958,0,0,0,34.9958,0
38.4165,2.29567,0,0,1.36816,0.111486,0.36288,3.6288,54.2926,1.00645,0,0,0.428208,0.235645,0,0.66528,12.849,1,0.740792,0.36288,0,28.837,5.05992,23.3991,0.84672,12.849,0.84672,3695.15,0,18.483,0,0.402797,1.56292,2.50495,1.10403,3.36664,0.42336,18.483,0.42336,0,0,442.007,0,0.384791,0,0,0.787588,0.402797,1.028160,1,0,26.7658,0,0,0,26.7658,0
36.9816,2.27554,0,0,1.30499,0.101486,0.36288,3.6288,53.4048,1.0542,0,0,0.404081,0.237737,0,0.66528,12.849,1,0.761089,0.36288,0,26.3218,5.11959,20.804,0.84672,12.849,0.84672,3695.15,0,18.483,0,0.402797,1.64391,2.42158,1.12938,3.33891,0.42336,18.483,0.42336,0,0,442.007,0,0.337116,0,0,0.739912,0.402797,1.028160,1,0,24.1429,0,0,0,24.1429,0
35.5261,2.25374,0,0,1.26087,0.0997901,0.36288,3.6288,52.7087,0.87206,0,0,0.412185,0.236208,0,0.66528,12.849,1,0.783047,0.36288,0,25.0958,5.11959,19.5561,0.84672,12.849,0.84672,3695.15,0,18.483,0,0.30119,1.644,2.31625,1.12938,3.13205,0.42336,18.483,0.42336,0,0,442.007,0,0.519333,0,0,0.820524,0.30119,1.028160,1,0,22.6881,0,0,0,22.6881,0
33.975,2.2303,0,0,1.15729,0.115149,0.36288,3.6288,51.9576,0.908784,0,0,0.386376,0.22868,0,0.66528,12.849,1,0.806651,0.36288,0,23.5964,4.69651,18.4562,0.84672,12.849,0.84672,3695.15,0,18.483,0,0.30119,1.64408,2.1123,1.1457,2.91187,0.42336,18.483,0.42336,0,0,442.007,0,0.482682,0,0,0.783873,0.30119,1.028160,1,0,21.368,0,0,0,21.368,0
32.156,2.2037,0,0,0.833613,0.0860736,0.36288,3.6288,51.1815,0.857848,0,0,0.335988,0.254226,0,0.66528,12.849,1,0.833415,0.36288,0,17.0326,4.96019,11.6018,0.84672,12.849,0.84672,3695.15,0,18.483,0,0.30119,1.64417,1.51845,1.22876,2.23505,0.42336,18.483,0.42336,0,0,442.007,0,0.533693,0,0,0.834883,0.30119,1.028160,1,0,13.8369,0,0,0,13.8369,0
30.3099,2.15069,0,0,0.746202,0.0786711,0.36288,3.6288,50.282,0.953753,0,0,0.311775,0.257502,0,0.66528,12.849,1,0.85938,0.36288,0,16.2486,5.03233,10.7197,0.84672,12.849,0.84672,3695.15,0,18.483,0,0.30119,1.64426,1.52595,1.24151,2.22989,0.42336,18.483,0.42336,0,0,442.007,0,0.477092,0,0,0.778283,0.30119,1.028160,1,0,12.9496,0,0,0,12.9496,0
28.4358,2.11404,0,0,0.679622,0.0768184,0.36288,3.6288,49.4313,0.902102,0,0,0.307034,0.255622,0,0.66528,12.849,1,0.896186,0.36288,0,15.8707,5.03233,10.3051,0.84672,12.849,0.84672,3695.15,0,18.483,0,0.261274,1.66956,1.47195,1.24151,2.16127,0.42336,18.483,0.42336,0,0,442.007,0,0.52882,0,0,0.790093,0.261274,1.028160,1,0,12.4664,0,0,0,12.4664,0
26.5371,2.07347,0,0,0.61252,0.0748977,0.36288,3.6288,48.4606,1.00278,0,0,0.285917,0.253844,0,0.66528,12.849,1,0.936918,0.36288,0,14.7098,5.03233,9.1034,0.84672,12.849,0.84672,3695.15,0,18.483,0,0.261274,1.66965,1.40149,1.24151,2.09089,0.42336,18.483,0.42336,0,0,442.007,0,0.428216,0,0,0.689489,0.261274,1.028160,1,0,11.1943,0,0,0,11.1943,0
24.6924,2.02841,0,0,0.604315,0.0577125,0.36288,3.6288,47.4728,0.992784,0,0,0.285894,0.280889,0,0.66528,12.849,1,0.982138,0.36288,0,14.0211,5.45418,7.94764,0.84672,12.849,0.84672,3695.15,0,18.483,0,0.261274,1.66974,1.35556,1.41826,1.86831,0.42336,18.483,0.42336,0,0,442.007,0,0.43829,0,0,0.699564,0.261274,1.028160,1,0,9.81595,0,0,0,9.81595,0
22.8741,2.02647,0,0,0.620889,0.0497975,0.36288,3.6288,46.5337,0.973822,0,0,0.305376,0.270729,0,0.66528,12.849,1,1.0545,0.36288,0,13.3792,5.35794,7.32965,0.84672,12.849,0.84672,3695.15,0,18.483,0,0.261274,1.66982,1.3992,1.41347,1.91682,0.42336,18.483,0.42336,0,0,442.007,0,0.492299,0,0,0.753572,0.261274,1.028160,1,0,9.24647,0,0,0,9.24647,0
21.0394,1.97291,0,0,0.549571,0.0485201,0.36288,3.6288,45.5393,1.01239,0,0,0.286625,0.268557,0,0.66528,12.849,1,1.10823,0.36288,0,12.6299,5.35794,6.52657,0.84672,12.849,0.84672,3695.15,0,18.483,0,0.261274,1.7101,1.39997,1.41347,1.95787,0.42336,18.483,0.42336,0,0,442.007,0,0.453807,0,0,0.715081,0.261274,1.028160,1,0,8.48445,0,0,0,8.48445,0
19.2187,1.91301,0,0,0.502467,0.0473312,0.36288,3.6288,44.5153,1.03483,0,0,0.276875,0.266094,0,0.66528,12.849,1,1.16829,0.36288,0,11.8606,5.35794,5.69729,0.84672,12.849,0.84672,3695.15,0,18.483,0,0.227405,1.71019,1.33388,1.41347,1.858,0.42336,18.483,0.42336,0,0,442.007,0,0.431447,0,0,0.658852,0.227405,1.028160,1,0,7.55529,0,0,0,7.55529,0
17.4032,1.84677,0,0,0.431178,0.0370006,0.36288,3.6288,43.4805,1.04135,0,0,0.275741,0.269161,0,0.66528,12.849,1,1.23469,0.36288,0,11.3135,5.61725,4.82442,0.84672,12.849,0.84672,3695.15,0,18.483,0,0.227405,1.71028,1.32541,1.42875,1.83435,0.42336,18.483,0.42336,0,0,442.007,0,0.425002,0,0,0.652406,0.227405,1.028160,1,0,6.65877,0,0,0,6.65877,0
15.5616,1.89117,0,0,0.443247,0.0308064,0.36288,3.6288,42.1079,1.29717,0,0,0.217803,0.293215,0,0.66528,12.1931,1,1.39627,0.36288,0,9.26329,5.68039,3.20544,0.84672,12.1931,0.84672,3695.15,0,18.483,0,0.227405,1.71037,1.24567,1.56688,1.61657,0.42336,18.483,0.42336,0,0,442.007,0,0.295513,0,0,0.522918,0.227405,1.028160,1,0,4.82201,0,0,0,4.82201,0
13.7975,1.84331,0,0,0.471998,0.0298734,0.36288,3.6288,40.9108,1.17567,0,0,0.267906,0.289396,0,0.66528,12.849,1,1.4443,0.36288,0,11.7878,5.68039,4.37006,0.84672,12.849,0.84672,3695.15,0,18.483,0,0.227405,1.84657,1.39137,1.56688,1.89847,0.42336,18.483,0.42336,0,0,442.007,0,0.417098,0,0,0.644503,0.227405,1.028160,1,0,6.26853,0,0,0,6.26853,0
12.0917,1.70241,0,0,0.388308,0.0287759,0.36288,3.6288,39.463,1.35679,0,0,0.195112,0.286065,0,0.66528,12.849,1,1.58538,0.36288,0,10.7995,5.68039,3.89659,0.84672,12.849,0.84672,3695.15,0,18.483,0,0.204422,1.84667,1.1396,1.56688,1.62382,0.42336,18.483,0.42336,0,0,442.007,0,0.236061,0,0,0.440484,0.204422,1.028160,1,0,5.52041,0,0,0,5.52041,0
10.591,1.59407,0,0,0.483895,0.0277147,0.36288,3.6288,38.592,0.926901,0,0,0.33799,0.282108,0,0.66528,12.849,1,1.6939,0.36288,0,10.527,5.68039,3.51557,0.84672,12.849,0.84672,3695.15,0,18.483,0,0.204422,1.84677,1.77739,1.56688,2.2617,0.42336,18.483,0.42336,0,0,442.007,0,0.666039,0,0,0.870461,0.204422,1.028160,1,0,5.77727,0,0,0,5.77727,0
9.06133,1.48569,0,0,0.353638,0.034714,0.36288,3.6288,37.3479,1.21144,0,0,0.252348,0.285068,0,0.66528,12.849,1,1.80244,0.36288,0,11.0574,5.7422,3.87563,0.84672,12.849,0.84672,3695.15,0,18.483,0,0.204422,1.84687,1.5526,1.47929,2.1246,0.42336,18.483,0.42336,0,0,442.007,0,0.381588,0,0,0.586011,0.204422,1.028160,1,0,6.00023,0,0,0,6.00023,0
7.72955,1.31844,0,0,0.394962,0.0454273,0.36288,3.6288,36.2074,1.12838,0,0,0.260361,0.272427,0,0.66528,11.3894,1,1.86955,0.36288,0,8.90896,5.65649,3.20544,0.84672,11.3894,0.84672,3695.15,0,18.483,0,0.204422,1.84697,1.70037,1.40633,2.34543,0.42336,18.483,0.42336,0,0,442.007,0,0.388073,0,0,0.592496,0.204422,1.028160,1,0,5.55087,0,0,0,5.55087,0
6.49194,1.28893,0,0,0.479581,0.0653865,0.36288,3.6288,35.0993,1.13069,0,0,0.263952,0.241372,0,0.66528,9.50079,1,1.89922,0.36288,0,8.08782,5.38041,3.20544,0.84672,9.50079,0.84672,3695.01,0,18.483,0,0.216518,1.76904,1.25802,1.3115,1.93208,0.42336,18.483,0.42336,0,0,442.007,0,0.385847,0,0,0.602365,0.216518,1.028160,1,0,5.13752,0,0,0,5.13752,0
5.5091,1.29424,0,0,0.737197,0.0629169,0.36288,3.6288,34.6232,0.683152,0,0,0.44583,0.238765,0,0.66528,12.849,1,1.89408,0.36288,0,15.0074,5.38041,4.60181,0.84672,12.849,0.84672,3695.15,0,18.483,0,0.216518,1.76914,2.43202,1.3115,3.10617,0.42336,18.483,0.42336,0,0,442.007,0,0.833466,0,0,1.04998,0.216518,1.028160,1,0,7.70798,0,0,0,7.70798,0
4.8839,0.956837,0,0,0.751785,0.0572717,0.36288,3.6288,33.8815,0.873693,0,0,0.352456,0.22046,0,0.66528,12.849,1,2.23165,0.36288,0,20.3632,5.1648,13.3296,0.84672,12.849,0.84672,3695.15,0,18.483,0,0.216518,1.76923,1.91312,1.20673,2.69214,0.42336,18.483,0.42336,0,0,442.007,0,0.643006,0,0,0.859524,0.216518,1.028160,1,0,16.0218,0,0,0,16.0218,0
4.98499,0.855517,0,0,1.40485,0.0853595,0.36288,3.6288,33.1517,0.858764,0,0,0.297063,0.168078,0,0.66528,12.849,1,2.25077,0.36288,0,18.5959,4.72313,11.9849,0.84672,12.849,0.84672,3695.15,0,18.483,0,0.216518,1.76932,2.1844,1.0688,3.10144,0.42336,18.483,0.42336,0,0,442.007,0,0.588228,0,0,0.804747,0.216518,1.028160,1,0,15.0863,0,0,0,15.0863,0
4.82183,0.868321,0,0,1.16906,0.101012,0.36288,3.6288,32.1214,1.07467,0,0,0.20792,0.163553,0,0.66528,12.849,1,2.23813,0.36288,0,15.1082,4.76206,8.47093,0.84672,12.849,0.84672,3695.15,0,18.483,0,0.216518,1.70007,1.82377,1.11841,2.62195,0.42336,18.483,0.42336,0,0,442.007,0,0.3724,0,0,0.588918,0.216518,1.028160,1,0,11.0929,0,0,0,11.0929,0
5.27053,0.847702,0,0,1.75974,0.100463,0.36288,3.6288,32.0442,0.418987,0,0,0.503506,0.161736,0,0.66528,12.849,1,2.25892,0.36288,0,23.5593,4.76206,16.9012,0.84672,12.849,0.84672,3695.15,0,18.483,0,0.67398,1.70016,3.69807,1.11841,4.9538,0.42336,18.483,0.42336,0,0,442.007,0,1.02816,0,0,1.70214,0.67398,1.028160,1,0,21.855,0,0,0,21.855,0
8.16221,0.903688,0,0,4.26022,0.101973,0.36288,3.6288,32.5916,0.419064,0,0,1.12802,0.1616,0,0.66528,12.849,1,2.2031,0.36288,0,61.7407,4.76206,55.1384,0.84672,12.849,0.84672,3695.15,0,18.483,0,1.65016,1.70025,5.59441,1.11841,7.82641,0.42336,18.483,0.42336,0,0,442.007,0,1.02816,0,0,2.67832,1.65016,1.028160,1,0,62.9648,0,0,0,62.9648,0
8.35847,1.11606,0,0,1.79705,0.12186,0.36288,3.6288,32.5484,0.273764,0,0,0.3656,0.13499,0,0.66528,12.849,1,1.7569,0.36288,0,43.331,3.94212,37.9948,0.84672,12.849,0.84672,3695.15,0,18.483,0,0.338446,1.70034,2.19438,0.944516,3.28864,0.42336,18.483,0.42336,0,0,442.007,0,1.02816,0,0,1.36661,0.338446,1.028160,1,0,41.2835,0,0,0,41.2835,0
9.3305,1.13238,0,0,2.59075,0.123462,0.36288,3.6288,32.6631,0.273833,0,0,0.542371,0.153813,0,0.66528,12.849,1,1.74074,0.36288,0,64.017,4.30342,58.3357,0.84672,12.849,0.84672,3695.15,0,18.483,0,0.727885,1.54426,3.10961,1.08702,4.29474,0.42336,18.483,0.42336,0,0,442.007,0,1.02816,0,0,1.75605,0.727885,1.028160,1,0,62.6304,0,0,0,62.6304,0
10.2681,1.20873,0,0,2.6311,0.121862,0.36288,3.6288,32.7402,0.273902,0,0,0.531662,0.18067,0,0.66528,12.849,1,1.66454,0.36288,0,63.7617,4.46083,57.9992,0.84672,12.849,0.84672,3695.15,0,18.483,0,0.460089,1.54434,3.21665,1.14272,4.07837,0.42336,18.483,0.42336,0,0,442.007,0,1.02816,0,0,1.48825,0.460089,1.028160,1,0,62.0776,0,0,0,62.0776,0
11.8423,1.27631,0,0,3.32902,0.115647,0.36288,3.6288,32.9926,0.273972,0,0,0.684712,0.158328,0,0.66528,12.849,1,1.59711,0.36288,0,85.8099,3.6708,80.9049,0.84672,12.849,0.84672,3695.15,0,18.483,0,1.33811,1.54442,4.96067,0.884742,6.95847,0.42336,18.483,0.42336,0,0,442.007,0,1.02816,0,0,2.36627,1.33811,1.028160,1,0,87.8633,0,0,0,87.8633,0
13.9453,1.37821,0,0,3.96548,0.12144,0.36288,3.6288,33.3994,0.274041,0,0,0.845877,0.165023,0,0.66528,12.849,1,1.49536,0.36288,0,69.0158,4.0418,63.8415,0.84672,12.849,0.84672,3695.15,0,18.483,0,1.11858,1.54451,6.31479,0.95847,8.01941,0.42336,18.483,0.42336,0,0,442.007,0,1.02816,0,0,2.14674,1.11858,1.028160,1,0,71.8609,0,0,0,71.8609,0
15.2589,1.5425,0,0,3.34615,0.127154,0.36288,3.6288,33.8565,0.316213,0,0,0.966099,0.192826,0,0.66528,12.849,1,1.42124,0.36288,0,60.9957,5.18826,54.7491,0.84672,12.849,0.84672,3695.15,0,18.483,0,1.23527,1.54459,7.43602,1.2833,8.93257,0.42336,18.483,0.42336,0,0,442.007,0,1.02816,0,0,2.26343,1.23527,1.028160,1,0,63.6817,0,0,0,63.6817,0
17.8578,1.60899,0,0,4.70156,0.130753,0.36288,3.6288,34.829,0.316274,0,0,1.48253,0.193767,0,0.66528,12.849,1,1.35488,0.36288,0,138.723,5.18826,132.543,0.84672,12.849,0.84672,3695.15,0,18.483,0,2.00242,1.59407,10.7457,1.2833,13.0589,0.42336,18.483,0.42336,0,0,442.007,0,1.02816,0,0,3.03058,2.00242,1.028160,1,0,145.602,0,0,0,145.602,0
23.8055,1.72375,0,0,8.17093,0.136581,0.36288,3.6288,37.1834,0.316336,0,0,2.86642,0.195647,0,0.66528,12.849,1,1.24026,0.36288,0,132.735,5.18826,126.669,0.84672,12.849,0.84672,3695.15,0,18.483,0,4.01414,1.59414,15.6368,1.2833,19.9617,0.42336,18.483,0.42336,0,0,442.007,0,1.02816,0,0,5.0423,4.01414,1.028160,1,0,146.631,0,0,0,146.631,0
29.7048,1.92508,0,0,8.34175,0.154561,0.36288,3.6288,39.2543,0.316397,0,0,2.58286,0.195562,0,0.66528,12.849,1,1.03906,0.36288,0,290.284,4.90935,284.699,0.84672,12.849,0.84672,3695.15,0,18.483,0,3.1795,1.59421,14.9259,1.23026,18.4694,0.42336,18.483,0.42336,0,0,442.007,0,1.02816,0,0,4.20766,3.1795,1.028160,1,0,303.168,0,0,0,303.168,0
31.4354,2.27105,0,0,4.56673,0.202104,0.36288,3.6288,39.9897,0.474557,0,0,1.39133,0.181374,0,0.66528,12.849,1,0.982359,0.36288,0,103.871,3.90726,99.3442,0.84672,12.849,0.84672,3695.15,0,18.483,0,1.36096,1.59429,6.65323,1.09276,8.51573,0.42336,18.483,0.42336,0,0,442.007,0,1.02816,0,0,2.38912,1.36096,1.028160,1,0,107.86,0,0,0,107.86,0
31.8117,2.30955,0,0,3.25547,0.206774,0.36288,3.6288,41.027,0.474626,0,0,1.69453,0.182637,0,0.66528,12.849,1,0.94401,0.36288,0,98.6835,3.90726,94.1951,0.84672,12.849,0.84672,3695.15,0,18.483,0,1.25439,1.77069,9.0085,1.09276,10.9408,0.42336,18.483,0.42336,0,0,442.007,0,1.02816,0,0,2.28255,1.25439,1.028160,1,0,105.136,0,0,0,105.136,0
32.305,2.31761,0,0,3.37537,0.201643,0.36288,3.6288,41.7254,0.474694,0,0,1.33993,0.166848,0,0.66528,12.849,1,0.9361,0.36288,0,77.6087,3.72711,73.3084,0.84672,12.849,0.84672,3695.15,0,18.483,0,1.17776,1.77077,7.15064,1.02002,9.07915,0.42336,18.483,0.42336,0,0,442.007,0,1.02816,0,0,2.20592,1.17776,1.028160,1,0,82.3875,0,0,0,82.3875,0
33.2877,2.32794,0,0,3.86454,0.190961,0.36288,3.6288,42.4191,0.474763,0,0,1.29051,0.122002,0,0.66528,12.849,1,0.925916,0.36288,0,73.332,3.22392,69.545,0.84672,12.849,0.84672,3695.15,0,18.483,0,1.22185,1.77085,7.31359,0.831256,9.47503,0.42336,18.483,0.42336,0,0,442.007,0,1.02816,0,0,2.25001,1.22185,1.028160,1,0,79.0201,0,0,0,79.0201,0
35.9801,2.05017,0,0,5.31967,0.214285,0.36288,3.6288,42.8415,0.262623,0,0,0.798336,0.113319,0,0.66528,12.849,1,0.791364,0.36288,0,114,2.90703,110.664,0.84672,12.849,0.84672,3695.15,0,18.483,0,1.38859,1.77093,7.6807,0.789755,10.0505,0.42336,18.483,0.42336,0,0,442.007,0,1.02816,0,0,2.41675,1.38859,1.028160,1,0,120.715,0,0,0,120.715,0
36.8132,2.0939,0,0,3.51137,0.221433,0.36288,3.6288,43.2864,0.262682,0,0,0.821318,0.113778,0,0.66528,12.849,1,0.747764,0.36288,0,87.3919,2.90703,84.1,0.84672,12.849,0.84672,3695.15,0,18.483,0,0.68466,1.52976,5.24113,0.789755,6.66579,0.42336,18.483,0.42336,0,0,442.007,0,1.02816,0,0,1.71282,0.68466,1.028160,1,0,90.7657,0,0,0,90.7657,0
38.6554,2.10655,0,0,4.53114,0.219505,0.36288,3.6288,44.6442,0.262741,0,0,1.73576,0.115166,0,0.66528,12.849,1,0.735252,0.36288,0,135.627,2.9223,132.333,0.84672,12.849,0.84672,3695.15,0,18.483,0,1.63745,1.52983,6.62291,0.792263,8.99793,0.42336,18.483,0.42336,0,0,442.007,0,1.02816,0,0,2.66561,1.63745,1.028160,1,0,141.331,0,0,0,141.331,0
40.6417,2.13294,0,0,4.68104,0.198926,0.36288,3.6288,45.6787,0.2628,0,0,1.41938,0.122154,0,0.66528,12.849,1,0.708986,0.36288,0,94.4101,3.01392,91.0501,0.84672,12.849,0.84672,3695.15,0,18.483,0,1.22866,1.5299,6.0133,0.807307,7.96456,0.42336,18.483,0.42336,0,0,442.007,0,1.02816,0,0,2.25682,1.22866,1.028160,1,0,99.0147,0,0,0,99.0147,0
42.4102,2.15937,0,0,4.50408,0.213389,0.36288,3.6288,46.4241,0.262859,0,0,1.1476,0.139303,0,0.66528,12.849,1,0.68269,0.36288,0,107.381,3.05555,104.005,0.84672,12.849,0.84672,3695.15,0,18.483,0,1.34911,1.52997,6.62029,0.797371,8.702,0.42336,18.483,0.42336,0,0,442.007,0,1.02816,0,0,2.37727,1.34911,1.028160,1,0,112.707,0,0,0,112.707,0
43.1275,2.26102,0,0,3.56314,0.221862,0.36288,3.6288,46.8413,0.314844,0,0,0.87874,0.146698,0,0.66528,12.849,1,0.685019,0.36288,0,95.3493,3.07219,91.955,0.84672,12.849,0.84672,3695.15,0,18.483,0,0.815901,1.53004,5.18438,0.793396,6.73693,0.42336,18.483,0.42336,0,0,442.007,0,1.02816,0,0,1.84406,0.815901,1.028160,1,0,98.6919,0,0,0,98.6919,0
43.2738,2.2699,0,0,3.00278,0.223712,0.36288,3.6288,47.1179,0.318225,0,0,0.742055,0.147252,0,0.66528,12.849,1,0.676271,0.36288,0,68.8193,3.07219,65.4337,0.84672,12.849,0.84672,3695.15,0,18.483,0,0.528595,1.58969,4.2512,0.793396,5.57609,0.42336,18.483,0.42336,0,0,442.007,0,1.02484,0,0,1.55343,0.528595,1.028160,1,0,71.0098,0,0,0,71.0098,0
43.3362,2.27176,0,0,2.91328,0.216262,0.36288,3.6288,47.3708,0.314966,0,0,0.716731,0.148803,0,0.66528,12.849,1,0.674539,0.36288,0,71.4796,2.99009,68.1778,0.84672,12.849,0.84672,3695.15,0,18.483,0,0.665357,1.58976,3.69169,0.825651,5.12116,0.42336,18.483,0.42336,0,0,442.007,0,1.02816,0,0,1.69352,0.665357,1.028160,1,0,73.299,0,0,0,73.299,0
43.5902,2.27262,0,0,3.0724,0.182892,0.36288,3.6288,47.7358,0.315028,0,0,0.851714,0.171775,0,0.66528,12.849,1,0.673821,0.36288,0,75.2043,3.2331,71.6602,0.84672,12.849,0.84672,3695.15,0,18.483,0,0.947316,1.58984,4.5913,0.936132,6.19232,0.42336,18.483,0.42336,0,0,442.007,0,1.02816,0,0,1.97548,0.947316,1.028160,1,0,77.8526,0,0,0,77.8526,0
43.5475,2.24439,0,0,2.7293,0.164778,0.36288,3.6288,47.9949,0.294918,0,0,0.752568,0.198548,0,0.66528,12.849,1,0.661574,0.36288,0,61.9875,3.83082,57.858,0.84672,12.849,0.84672,3695.15,0,18.483,0,0.616766,1.58991,4.1105,0.975925,5.34125,0.42336,18.483,0.42336,0,0,442.007,0,1.02816,0,0,1.64493,0.616766,1.028160,1,0,63.1992,0,0,0,63.1992,0
42.9916,2.24399,0,0,2.21568,0.164697,0.36288,3.6288,48.1128,0.349816,0,0,0.666781,0.198978,0,0.66528,12.849,1,0.662105,0.36288,0,52.7792,3.83082,48.6491,0.84672,12.849,0.84672,3695.15,0,18.483,0,0.528595,1.56679,3.53363,0.975925,4.65309,0.42336,18.483,0.42336,0,0,442.007,0,0.973322,0,0,1.50192,0.528595,1.028160,1,0,53.3022,0,0,0,53.3022,0
42.2039,2.2375,0,0,1.97631,0.163647,0.36288,3.6288,47.8719,0.607971,0,0,0.566158,0.199173,0,0.66528,12.849,1,0.668727,0.36288,0,50.3391,3.83082,46.2025,0.84672,12.849,0.84672,3695.15,0,18.483,0,0.402797,1.56686,3.32262,0.975925,4.31635,0.42336,18.483,0.42336,0,0,442.007,0,0.715228,0,0,1.11802,0.402797,1.028160,1,0,50.5188,0,0,0,50.5188,0
41.8676,2.22803,0,0,2.40693,0.152299,0.36288,3.6288,47.682,0.624965,0,0,0.639413,0.204272,0,0.66528,12.849,1,0.678327,0.36288,0,56.6644,3.90963,52.4393,0.84672,12.849,0.84672,3695.15,0,18.483,0,0.402797,1.56693,3.83219,0.993035,4.80888,0.42336,18.483,0.42336,0,0,442.007,0,0.698293,0,0,1.10109,0.402797,1.028160,1,0,57.2482,0,0,0,57.2482,0
41.1735,2.32946,0,0,2.12768,0.129436,0.36288,3.6288,47.6583,0.466678,0,0,0.654212,0.211248,0,0.66528,12.849,1,0.714904,0.36288,0,41.6015,4.73035,36.5191,0.84672,12.849,0.84672,3695.15,0,18.483,0,0.402797,1.567,3.38549,1.09528,4.26,0.42336,18.483,0.42336,0,0,442.007,0,0.928187,0,0,1.33098,0.402797,1.028160,1,0,40.7791,0,0,0,40.7791,0
40.3108,2.32038,0,0,1.94899,0.128386,0.36288,3.6288,47.4478,0.597785,0,0,0.598428,0.211206,0,0.66528,12.849,1,0.724122,0.36288,0,37.3284,4.73035,32.2368,0.84672,12.849,0.84672,3695.15,0,18.483,0,0.402797,1.64819,3.23374,1.09528,4.18944,0.42336,18.483,0.42336,0,0,442.007,0,0.797144,0,0,1.19994,0.402797,1.028160,1,0,36.4263,0,0,0,36.4263,0
39.3544,2.30874,0,0,1.81055,0.0953383,0.36288,3.6288,47.2465,0.537706,0,0,0.572887,0.236456,0,0.66528,12.849,1,0.735907,0.36288,0,33.0276,5.05166,27.6029,0.84672,12.849,0.84672,3695.15,0,18.483,0,0.30119,1.64826,3.08769,1.17738,3.85976,0.42336,18.483,0.42336,0,0,442.007,0,0.857287,0,0,1.15848,0.30119,1.028160,1,0,31.4627,0,0,0,31.4627,0
38.3115,2.29536,0,0,1.70444,0.0890434,0.36288,3.6288,46.9351,0.618208,0,0,0.547162,0.240321,0,0.66528,12.849,1,0.749423,0.36288,0,32.5432,5.10521,27.0514,0.84672,12.849,0.84672,3695.15,0,18.483,0,0.30119,1.64834,3.12754,1.19106,3.88601,0.42336,18.483,0.42336,0,0,442.007,0,0.776848,0,0,1.07804,0.30119,1.028160,1,0,30.9374,0,0,0,30.9374,0
37.2681,2.28019,0,0,1.69206,0.0924712,0.36288,3.6288,47.3039,0.36696,0,0,0.974444,0.23867,0,0.66528,12.849,1,0.764734,0.36288,0,39.4947,5.07603,34.0169,0.84672,12.849,0.84672,3695.15,0,18.483,0,0.587252,1.64841,3.73422,1.21565,4.75423,0.42336,18.483,0.42336,0,0,442.007,0,1.02816,0,0,1.61541,0.587252,1.028160,1,0,38.7711,0,0,0,38.7711,0
36.1961,2.24409,0,0,1.61011,0.0751141,0.36288,3.6288,47.6909,0.406355,0,0,1.06426,0.270948,0,0.66528,12.849,1,0.7737,0.36288,0,40.6846,5.10234,35.1714,0.84672,12.849,0.84672,3695.15,0,18.483,0,0.763586,1.64849,3.9781,1.34265,5.04752,0.42336,18.483,0.42336,0,0,442.007,0,1.02816,0,0,1.79175,0.763586,1.028160,1,0,40.2189,0,0,0,40.2189,0
35.0651,2.22728,0,0,1.5304,0.0712,0.36288,3.6288,48.0406,0.40642,0,0,1.03334,0.277169,0,0.66528,12.849,1,0.790647,0.36288,0,37.3958,5.10867,31.8594,0.84672,12.849,0.84672,3695.15,0,18.483,0,0.702181,1.67384,3.85447,1.36218,4.86831,0.42336,18.483,0.42336,0,0,442.007,0,1.02816,0,0,1.73034,0.702181,1.028160,1,0,36.7277,0,0,0,36.7277,0
33.8485,2.20872,0,0,1.42519,0.0702371,0.36288,3.6288,48.2579,0.406486,0,0,0.901748,0.277979,0,0.66528,12.849,1,0.809346,0.36288,0,34.7578,5.10867,29.2026,0.84672,12.849,0.84672,3695.15,0,18.483,0,0.628249,1.67392,3.65123,1.36218,4.59122,0.42336,18.483,0.42336,0,0,442.007,0,1.02816,0,0,1.65641,0.628249,1.028160,1,0,33.7939,0,0,0,33.7939,0
32.5427,2.18773,0,0,1.30906,0.0642645,0.36288,3.6288,48.3954,0.406551,0,0,0.826779,0.282722,0,0.66528,12.849,1,0.830471,0.36288,0,31.9592,5.28135,26.2102,0.84672,12.849,0.84672,3695.15,0,18.483,0,0.429313,1.67399,3.32938,1.40157,4.03111,0.42336,18.483,0.42336,0,0,442.007,0,1.02816,0,0,1.45747,0.429313,1.028160,1,0,30.2414,0,0,0,30.2414,0
31.2715,2.21444,0,0,1.35721,0.0510884,0.36288,3.6288,48.7065,0.441676,0,0,1.04645,0.293658,0,0.66528,12.849,1,0.874341,0.36288,0,36.3086,5.71305,30.0841,0.84672,12.849,0.84672,3695.15,0,18.483,0,0.359882,1.67407,3.26857,1.50006,3.80246,0.42336,18.483,0.42336,0,0,442.007,0,1.02816,0,0,1.38804,0.359882,1.028160,1,0,33.8865,0,0,0,33.8865,0
29.9327,2.18935,0,0,1.26371,0.0502763,0.36288,3.6288,48.8782,0.441744,0,0,0.907865,0.294416,0,0.66528,12.849,1,0.899573,0.36288,0,30.7433,5.71305,24.4935,0.84672,12.849,0.84672,3695.15,0,18.483,0,0.472262,1.71443,3.29872,1.50006,3.98535,0.42336,18.483,0.42336,0,0,442.007,0,1.02816,0,0,1.50042,0.472262,1.028160,1,0,28.4789,0,0,0,28.4789,0
28.5275,2.1613,0,0,1.16839,0.0493941,0.36288,3.6288,48.9835,0.441811,0,0,0.841925,0.294835,0,0.66528,12.849,1,0.927767,0.36288,0,29.4799,5.71305,23.202,0.84672,12.849,0.84672,3695.15,0,18.483,0,0.289673,1.71451,2.86821,1.50006,3.37233,0.42336,18.483,0.42336,0,0,442.007,0,1.02816,0,0,1.31783,0.289673,1.028160,1,0,26.5743,0,0,0,26.5743,0
27.1837,2.12989,0,0,1.19433,0.04535,0.36288,3.6288,49.1792,0.441878,0,0,0.934978,0.297464,0,0.66528,12.849,1,0.959318,0.36288,0,28.0384,5.78783,21.6542,0.84672,12.849,0.84672,3695.15,0,18.483,0,0.46751,1.71459,3.54774,1.515,4.21484,0.42336,18.483,0.42336,0,0,442.007,0,1.02816,0,0,1.49567,0.46751,1.028160,1,0,25.869,0,0,0,25.869,0
26.0626,2.23788,0,0,1.50371,0.0239883,0.36288,3.6288,49.7149,0.568515,0,0,1.41038,0.306104,0,0.66528,12.849,1,1.05779,0.36288,0,32.905,5.93164,26.2785,0.84672,12.849,0.84672,3695.15,0,18.483,0,0.869279,1.71467,5.84213,1.42811,6.99796,0.42336,18.483,0.42336,0,0,442.007,0,1.02816,0,0,1.89744,0.869279,1.028160,1,0,33.2764,0,0,0,33.2764,0
24.9258,2.20751,0,0,1.45682,0.0232545,0.36288,3.6288,49.9624,0.568588,0,0,1.12248,0.306437,0,0.66528,12.849,1,1.08831,0.36288,0,29.3811,5.88084,22.7748,0.84672,12.849,0.84672,3695.15,0,18.483,0,0.640207,1.8512,4.17477,1.39869,5.26748,0.42336,18.483,0.42336,0,0,442.007,0,1.02816,0,0,1.66837,0.640207,1.028160,1,0,28.0423,0,0,0,28.0423,0
23.3279,2.17486,0,0,0.994645,0.0548291,0.36288,3.6288,50.0307,0.56866,0,0,0.929388,0.292444,0,0.66528,12.849,1,1.12112,0.36288,0,20.5762,5.6963,14.1217,0.84672,12.849,0.84672,3695.15,0,18.483,0,0.433901,1.85128,3.12887,1.35279,4.06127,0.42336,18.483,0.42336,0,0,442.007,0,1.02816,0,0,1.46206,0.433901,1.028160,1,0,18.183,0,0,0,18.183,0
21.6884,2.12543,0,0,0.922933,0.0741593,0.36288,3.6288,50.1139,0.568733,0,0,0.932066,0.280048,0,0.66528,12.849,1,1.17069,0.36288,0,20.5233,5.65803,14.0574,0.84672,12.849,0.84672,3695.15,0,18.483,0,0.460175,1.85137,2.98385,1.31707,3.97832,0.42336,18.483,0.42336,0,0,442.007,0,1.02816,0,0,1.48834,0.460175,1.028160,1,0,18.0358,0,0,0,18.0358,0
20.6472,2.06995,0,0,1.43648,0.0448503,0.36288,3.6288,50.3262,0.568806,0,0,1.0854,0.304377,0,0.66528,12.849,1,1.22632,0.36288,0,24.8292,6.09135,17.8744,0.84672,12.849,0.84672,3695.15,0,18.483,0,0.594881,1.85145,3.18342,1.37719,4.25256,0.42336,18.483,0.42336,0,0,442.007,0,1.02816,0,0,1.62304,0.594881,1.028160,1,0,22.127,0,0,0,22.127,0
19.9543,1.96993,0,0,1.72829,0.0883327,0.36288,3.6288,50.9413,0.492039,0,0,1.35894,0.251791,0,0.66528,12.849,1,1.22591,0.36288,0,25.9309,4.52444,20.5434,0.84672,12.849,0.84672,3695.15,0,18.483,0,0.857097,1.85154,3.49064,0.945724,5.25355,0.42336,18.483,0.42336,0,0,442.007,0,1.02816,0,0,1.88526,0.857097,1.028160,1,0,25.797,0,0,0,25.797,0
19.5241,1.94413,0,0,1.98509,0.10829,0.36288,3.6288,52.0572,0.492108,0,0,1.85465,0.246585,0,0.66528,12.849,1,1.25187,0.36288,0,26.2047,4.30405,21.0116,0.84672,12.849,0.84672,3695.15,0,18.483,0,1.30335,1.77341,4.84067,0.920661,6.99677,0.42336,18.483,0.42336,0,0,442.007,0,1.02816,0,0,2.33151,1.30335,1.028160,1,0,28.0084,0,0,0,28.0084,0
19.0267,1.92758,0,0,1.90069,0.107643,0.36288,3.6288,53.1353,0.492177,0,0,1.81907,0.248823,0,0.66528,12.849,1,1.26856,0.36288,0,34.9395,4.30405,29.7297,0.84672,12.849,0.84672,3695.15,0,18.483,0,1.23984,1.77349,4.83941,0.920661,6.93208,0.42336,18.483,0.42336,0,0,442.007,0,1.02816,0,0,2.268,1.23984,1.028160,1,0,36.6618,0,0,0,36.6618,0
19.3311,1.90787,0,0,2.67576,0.100582,0.36288,3.6288,54.9619,0.492247,0,0,2.57179,0.252989,0,0.66528,12.849,1,1.28841,0.36288,0,78.8623,4.53676,73.4,0.84672,12.849,0.84672,3695.15,0,18.483,0,1.88891,1.77357,7.80618,0.971403,10.4973,0.42336,18.483,0.42336,0,0,442.007,0,1.02816,0,0,2.91707,1.88891,1.028160,1,0,83.8972,0,0,0,83.8972,0
22.5846,1.87054,0,0,5.58192,0.0949831,0.36288,3.6288,57.3633,0.422359,0,0,3.06163,0.237859,0,0.66528,12.849,1,1.24331,0.36288,0,125.633,5.27079,119.481,0.84672,12.849,0.84672,3695.15,0,18.483,0,2.35923,1.77365,10.4964,1.29406,13.3352,0.42336,18.483,0.42336,0,0,442.007,0,1.02816,0,0,3.38739,2.35923,1.028160,1,0,132.817,0,0,0,132.817,0
24.8743,1.9848,0,0,4.7897,0.152391,0.36288,3.6288,59.2438,0.422425,0,0,2.44661,0.143664,0,0.66528,12.849,1,1.1292,0.36288,0,105.186,4.17711,100.243,0.84672,12.849,0.84672,3695.15,0,18.483,0,1.68223,1.70421,8.47403,0.953719,10.9067,0.42336,18.483,0.42336,0,0,442.007,0,1.02816,0,0,2.71039,1.68223,1.028160,1,0,111.149,0,0,0,111.149,0
29.1094,2.05343,0,0,6.81799,0.16656,0.36288,3.6288,61.308,0.422492,0,0,3.08718,0.128891,0.47158,0.66528,12.849,1,1.06071,0.36288,0,83.3544,3.99483,78.6617,0.84672,12.849,0.84672,3695.15,0,18.483,0,2.04637,1.70429,10.6346,0.896996,13.4883,0.42336,18.483,0.42336,0,0,442.007,0,1.02816,0,0,3.07453,2.04637,1.028160,1,0,92.6216,0,0,0,92.6216,0
35.2714,2.16059,0,0,8.86222,0.176706,0.36288,3.6288,61.308,0.422558,0,0,4.67213,0.130595,4.11898,0.66528,12.849,1,0.953694,0.36288,0,144.59,3.99483,140.004,0.84672,12.849,0.84672,3695.15,0,18.483,0,4.81863,1.70436,20.9479,0.896996,26.5739,0.42336,18.483,0.42336,0,0,442.007,0,1.02816,0,0,5.84679,4.81863,1.028160,1,0,170.697,0,0,0,170.697,0
41.2692,2.1109,0,0,8.66125,0.189741,0.36288,3.6288,61.308,0.276898,0,0,5.62964,0.161794,5.19095,0.66528,12.849,1,0.768977,0.36288,0,149.513,4.04901,145.058,0.84672,12.849,0.84672,3695.15,0,18.483,0,3.38348,1.70444,16.3564,0.869608,20.5747,0.42336,18.483,0.42336,0,0,442.007,0,1.02816,0,0,4.41164,3.38348,1.028160,1,0,170.824,0,0,0,170.824,0
47.0756,2.19622,0,0,8.56898,0.203407,0.36288,3.6288,61.308,0.276957,0,0,5.11223,0.166994,4.66828,0.66528,12.849,1,0.683785,0.36288,0,131.24,4.05804,126.861,0.84672,12.849,0.84672,3695.15,0,18.483,0,2.83243,1.54798,14.2526,0.865044,17.768,0.42336,18.483,0.42336,0,0,442.007,0,1.02816,0,0,3.86059,2.83243,1.028160,1,0,149.297,0,0,0,149.297,0
53.2542,2.26258,0,0,9.02137,0.217317,0.36288,3.6288,61.308,0.277017,0,0,7.15257,0.166994,6.70856,0.66528,12.849,1,0.617557,0.36288,0,153.126,4.05804,148.813,0.84672,12.849,0.84672,3695.15,0,18.483,0,4.01318,1.54805,18.0436,0.865044,22.7398,0.42336,18.483,0.42336,0,0,442.007,0,1.02816,0,0,5.04134,4.01318,1.028160,1,0,178.261,0,0,0,178.261,0
57.0975,2.32041,0,0,6.76028,0.233712,0.36288,3.6288,61.308,0.277076,0,0,5.10858,0.191099,4.64041,0.66528,12.849,1,0.55986,0.36288,0,141.845,4.41934,137.228,0.84672,12.849,0.84672,3695.15,0,18.483,0,2.78512,1.54812,13.8076,1.00755,17.1333,0.42336,18.483,0.42336,0,0,442.007,0,1.02816,0,0,3.81328,2.78512,1.028160,1,0,159.002,0,0,0,159.002,0
62.8143,2.35128,0,0,8.68208,0.251112,0.36288,3.6288,61.308,0.277136,0,0,4.66111,0.212209,4.17176,0.66528,12.849,1,0.529123,0.36288,0,164.443,4.10145,160.175,0.84672,12.849,0.84672,3695.15,0,18.483,0,3.07211,1.54819,13.6052,1.09971,17.1258,0.42336,18.483,0.42336,0,0,442.007,0,1.02816,0,0,4.10027,3.07211,1.028160,1,0,181.472,0,0,0,181.472,0
66.591,2.46627,0,0,6.89772,0.291913,0.36288,3.6288,61.308,0.319398,0,0,3.19978,0.184192,2.69619,0.66528,12.849,1,0.504489,0.36288,0,157.381,3.07545,154.164,0.84672,12.849,0.84672,3695.15,0,18.483,0,3.0388,1.54826,9.7594,0.817523,13.5289,0.42336,18.483,0.42336,0,0,442.007,0,1.02816,0,0,4.06696,3.0388,1.028160,1,0,170.389,0,0,0,170.389,0
69.1105,2.49035,0,0,5.67371,0.300926,0.36288,3.6288,61.308,0.31945,0,0,2.97622,0.184192,2.47258,0.66528,12.849,1,0.480524,0.36288,0,119.268,3.07545,116.075,0.84672,12.849,0.84672,3695.15,0,18.483,0,2.8325,1.59784,8.17767,0.817523,11.7905,0.42336,18.483,0.42336,0,0,442.007,0,1.02816,0,0,3.86066,2.8325,1.028160,1,0,130.338,0,0,0,130.338,0
76.0871,2.50522,0,0,10.1517,0.306939,0.36288,3.6288,61.308,0.319501,0,0,4.46855,0.184192,3.96485,0.66528,12.849,1,0.465769,0.36288,0,172.45,3.07545,169.272,0.84672,12.849,0.84672,3695.15,0,18.483,0,4.42457,1.59791,12.3742,0.817523,17.5792,0.42336,18.483,0.42336,0,0,442.007,0,1.02816,0,0,5.45273,4.42457,1.028160,1,0,190.816,0,0,0,190.816,0
87.5349,2.54185,0,0,14.8277,0.475167,0.36288,3.6288,61.308,0.319553,0,0,4.29461,0.188416,3.78664,0.66528,12.849,1,0.429248,0.36288,0,292.136,3.60055,288.469,0.84672,12.849,0.84672,3695.15,0,18.483,0,4.95835,1.59797,18.2167,0.941652,23.8314,0.42336,18.483,0.42336,0,0,442.007,0,1.02816,0,0,5.98651,4.95835,1.028160,1,0,316.087,0,0,0,316.087,0
88.816,2.84362,0,0,5.02889,0.541356,0.36288,3.6288,61.308,0.478073,0,0,2.32244,0.213206,1.63116,0.66528,12.849,1,0.417406,0.36288,0,87.5241,4.11768,83.3519,0.84672,12.849,0.84672,3695.15,0,18.483,0,2.61271,1.59803,8.41044,1.10208,11.5191,0.42336,18.483,0.42336,0,0,442.007,0,1.02816,0,0,3.64087,2.61271,1.028160,1,0,96.5021,0,0,0,96.5021,0
92.9207,2.84898,0,0,7.86418,0.547626,0.36288,3.6288,61.308,0.47813,0,0,3.04494,0.213206,2.35361,0.66528,12.849,1,0.412162,0.36288,0,149.809,4.11768,145.642,0.84672,12.849,0.84672,3695.15,0,18.483,0,3.26052,1.77483,9.59576,1.10208,13.529,0.42336,18.483,0.42336,0,0,442.007,0,1.02816,0,0,4.28868,3.26052,1.028160,1,0,161.525,0,0,0,161.525,0
94.2325,2.86509,0,0,5.10749,0.567717,0.36288,3.6288,61.308,0.478188,0,0,2.59438,0.213206,1.90299,0.66528,12.849,1,0.396182,0.36288,0,99.7307,4.11768,95.5797,0.84672,12.849,0.84672,3695.15,0,18.483,0,2.47742,1.7749,8.26269,1.10208,11.4129,0.42336,18.483,0.42336,0,0,442.007,0,1.02816,0,0,3.50558,2.47742,1.028160,1,0,108.896,0,0,0,108.896,0
96.2164,2.87005,0,0,5.76017,0.543296,0.36288,3.6288,61.308,0.478245,0,0,2.53009,0.171781,1.88007,0.66528,12.849,1,0.391344,0.36288,0,95.2206,3.75738,91.4347,0.84672,12.849,0.84672,3695.15,0,18.483,0,2.81389,1.77497,8.337,0.956599,11.9693,0.42336,18.483,0.42336,0,0,442.007,0,1.02816,0,0,3.84205,2.81389,1.028160,1,0,105.284,0,0,0,105.284,0
97.506,2.51257,0,0,7.58195,0.616747,3.16303,3.6288,61.308,0.265604,0,0,5.27582,0.257259,4.75295,0.66528,12.849,1,0.335535,3.16303,0,197.847,4.65875,196.016,0.84672,12.849,0.84672,3695.15,0,18.483,0,5.06515,1.77503,13.682,1.0755,19.4466,0.42336,18.483,0.42336,0,0,442.007,0,1.02816,0,0,6.09331,5.06515,1.028160,1,0,220.216,0,0,0,220.216,0
97.506,2.51658,0,0,9.2537,0.623415,6.1137,3.6288,61.308,0.265654,0,0,7.20315,0.257259,6.68024,0.66528,12.849,1,0.331627,6.1137,0,216.795,4.65875,217.918,0.84672,12.849,0.84672,3695.15,0,18.483,0,5.72849,1.5333,17.4653,1.0755,23.6516,0.42336,18.483,0.42336,0,0,442.007,0,1.02816,0,0,6.75665,5.72849,1.028160,1,0,248.25,0,0,0,248.25,0
97.506,2.51668,0,0,10.9286,0.623415,7.78856,3.6288,61.308,0.265703,0,0,8.42931,0.257259,7.90634,0.66528,12.849,1,0.331639,7.78856,0,275.961,4.65875,278.759,0.84672,12.849,0.84672,3695.15,0,18.483,0,8.64406,1.53335,20.633,1.0755,29.7349,0.42336,18.483,0.42336,0,0,442.007,0,1.02816,0,0,9.67222,8.64406,1.028160,1,0,316.4,0,0,0,316.4,0
97.506,2.51678,0,0,7.96694,0.514041,4.93613,3.6288,61.308,0.265752,0,0,5.60994,0.23423,5.10996,0.66528,12.849,1,0.331652,4.93613,0,215.457,4.30609,215.756,0.84672,12.849,0.84672,3695.15,0,18.483,0,5.17971,1.53341,15.8969,1.04914,21.5609,0.42336,18.483,0.42336,0,0,442.007,0,1.02816,0,0,6.20787,5.17971,1.028160,1,0,242.427,0,0,0,242.427,0
97.506,2.51687,0,0,9.75629,0.553073,6.68634,3.6288,61.308,0.265802,0,0,6.10286,0.244492,5.59257,0.66528,12.849,1,0.331665,6.68634,0,186.026,4.60716,187.774,0.84672,12.849,0.84672,3695.15,0,18.483,0,5.50172,1.53347,18.0609,1.1249,23.9712,0.42336,18.483,0.42336,0,0,442.007,0,1.02816,0,0,6.52988,5.50172,1.028160,1,0,217.337,0,0,0,217.337,0
97.506,2.60893,0,0,9.34312,0.563252,6.17094,3.6288,61.308,0.317895,0,0,6.5569,0.197888,6.04111,0.66528,12.849,1,0.343796,6.17094,0,173.193,4.13101,174.889,0.84672,12.849,0.84672,3695.15,0,18.483,0,5.16203,1.53353,18.683,0.971578,24.4069,0.42336,18.483,0.42336,0,0,442.007,0,1.02816,0,0,6.19019,5.16203,1.028160,1,0,205.337,0,0,0,205.337,0
97.506,2.60903,0,0,11.7406,0.563252,8.56835,3.6288,61.308,0.317947,0,0,11.1868,0.197888,10.671,0.66528,12.849,1,0.343809,8.56835,0,191.171,4.13101,195.265,0.84672,12.849,0.84672,3695.15,0,18.483,0,9.9684,1.5933,29.382,0.971578,39.9722,0.42336,18.483,0.42336,0,0,442.007,0,1.02816,0,0,10.9966,9.9684,1.028160,1,0,245.908,0,0,0,245.908,0
97.506,2.60913,0,0,8.21483,0.4865,5.11919,3.6288,61.308,0.317998,0,0,7.11573,0.221676,6.57606,0.66528,12.849,1,0.343822,5.11919,0,229.465,4.42187,229.819,0.84672,12.849,0.84672,3695.15,0,18.483,0,5.43335,1.59336,17.0886,1.02883,23.0865,0.42336,18.483,0.42336,0,0,442.007,0,1.02816,0,0,6.46151,5.43335,1.028160,1,0,259.482,0,0,0,259.482,0
97.506,2.60923,0,0,7.92893,0.371052,4.94864,3.6288,61.308,0.31805,0,0,5.17331,0.249727,4.60554,0.66528,12.849,1,0.343835,4.94864,0,174.833,4.40645,175.031,0.84672,12.849,0.84672,3695.15,0,18.483,0,4.42578,1.59343,14.3421,1.11171,19.2495,0.42336,18.483,0.42336,0,0,442.007,0,1.02816,0,0,5.45394,4.42578,1.028160,1,0,198.886,0,0,0,198.886,0
97.506,2.57337,0,0,6.74991,0.37225,3.8043,3.6288,61.308,0.297885,0,0,3.41727,0.199155,2.92023,0.66528,12.849,1,0.33911,3.8043,0,153.611,4.33269,152.744,0.84672,12.849,0.84672,3695.15,0,18.483,0,3.09885,1.59349,11.6167,1.04344,15.2656,0.42336,18.483,0.42336,0,0,442.007,0,1.02816,0,0,4.12701,3.09885,1.028160,1,0,170.93,0,0,0,170.93,0
97.506,2.57347,0,0,6.2862,0.357504,3.35523,3.6288,61.308,0.297935,0,0,2.79719,0.2147,2.28456,0.66528,12.849,1,0.339122,3.35523,0,143.121,4.59285,141.544,0.84672,12.849,0.84672,3695.15,0,18.483,0,2.33592,1.5703,11.3234,1.12556,14.1041,0.42336,18.483,0.42336,0,0,442.007,0,1.02816,0,0,3.36408,2.33592,1.028160,1,0,157.933,0,0,0,157.933,0
97.506,2.57357,0,0,6.0225,0.260912,3.18803,3.6288,61.308,0.297986,0,0,2.68686,0.240859,2.14801,0.66528,12.849,1,0.339135,3.18803,0,129.99,4.82349,128.015,0.84672,12.849,0.84672,3695.15,0,18.483,0,2.66166,1.57036,10.1848,1.13933,13.2775,0.42336,18.483,0.42336,0,0,442.007,0,1.02816,0,0,3.68982,2.66166,1.028160,1,0,143.441,0,0,0,143.441,0
97.506,2.57366,0,0,5.54962,0.260912,2.71504,3.6288,61.308,0.298037,0,0,2.76503,0.240859,2.22614,0.66528,12.849,1,0.339148,2.71504,0,118.819,4.82349,116.371,0.84672,12.849,0.84672,3695.15,0,18.483,0,2.48666,1.57042,8.90844,1.13933,11.8262,0.42336,18.483,0.42336,0,0,442.007,0,1.02816,0,0,3.51482,2.48666,1.028160,1,0,130.424,0,0,0,130.424,0
97.506,2.69585,0,0,5.79842,0.26457,2.83799,3.6288,61.308,0.369791,0,0,2.39148,0.27364,1.74805,0.66528,12.849,1,0.35525,2.83799,0,107.676,4.5097,105.649,0.84672,12.849,0.84672,3695.15,0,18.483,0,2.04605,1.57048,8.32058,1.07724,10.8599,0.42336,18.483,0.42336,0,0,442.007,0,1.02816,0,0,3.07421,2.04605,1.028160,1,0,118.257,0,0,0,118.257,0
97.506,2.69596,0,0,5.30082,0.211083,2.39378,3.6288,61.308,0.369845,0,0,2.16963,0.270643,1.52914,0.66528,12.849,1,0.355264,2.39378,0,100.048,4.52823,97.558,0.84672,12.849,0.84672,3695.15,0,18.483,0,1.61124,1.65183,7.68882,1.04168,9.91022,0.42336,18.483,0.42336,0,0,442.007,0,1.02816,0,0,2.6394,1.61124,1.028160,1,0,108.997,0,0,0,108.997,0
97.506,2.69606,0,0,5.00587,0.211083,2.09873,3.6288,61.308,0.369898,0,0,2.17907,0.270643,1.53853,0.66528,12.849,1,0.355277,2.09873,0,86.0561,4.52823,83.2713,0.84672,12.849,0.84672,3695.15,0,18.483,0,1.89308,1.6519,6.99572,1.04168,9.49902,0.42336,18.483,0.42336,0,0,442.007,0,1.02816,0,0,2.92124,1.89308,1.028160,1,0,94.3089,0,0,0,94.3089,0
97.506,2.69616,0,0,4.80221,0.211083,1.89496,3.6288,61.308,0.369951,0,0,2.08799,0.270643,1.4474,0.66528,12.849,1,0.355291,1.89496,0,78.9817,4.52823,75.9931,0.84672,12.849,0.84672,3695.15,0,18.483,0,1.81982,1.65196,6.5283,1.04168,8.9584,0.42336,18.483,0.42336,0,0,442.007,0,1.02816,0,0,2.84798,1.81982,1.028160,1,0,86.3989,0,0,0,86.3989,0
97.506,2.69627,0,0,3.74369,0.230979,0.816441,3.6288,61.308,0.370005,0,0,1.42765,0.25422,0.803422,0.66528,12.849,1,0.355304,0.816441,0,67.0912,4.81617,62.7361,0.84672,12.849,0.84672,3695.15,0,18.483,0,1.47285,1.65202,6.04434,1.14207,8.02714,0.42336,18.483,0.42336,0,0,442.007,0,1.02816,0,0,2.50101,1.47285,1.028160,1,0,71.5667,0,0,0,71.5667,0
97.3045,2.67222,0,0,2.9713,0.137661,0.36288,3.6288,61.308,0.409475,0,0,1.07293,0.250328,0.413129,0.66528,12.849,1,0.352136,0.36288,0,57.6189,5.23435,52.3953,0.84672,12.849,0.84672,3695.15,0,18.483,0,1.23462,1.65209,5.97046,1.21567,7.64149,0.42336,18.483,0.42336,0,0,442.007,0,1.02816,0,0,2.26278,1.23462,1.028160,1,0,60.45,0,0,0,60.45,0
96.8752,2.67168,0,0,2.74281,0.137545,0.36288,3.6288,61.308,0.40953,0,0,1.06176,0.250328,0.401902,0.66528,12.849,1,0.352793,0.36288,0,52.6847,5.23435,47.4605,0.84672,12.849,0.84672,3695.15,0,18.483,0,1.18723,1.67748,5.47773,1.21567,7.12676,0.42336,18.483,0.42336,0,0,442.007,0,1.02816,0,0,2.21539,1.18723,1.028160,1,0,54.9891,0,0,0,54.9891,0
96.2687,2.6704,0,0,2.56366,0.136941,0.36288,3.6288,61.308,0.409585,0,0,1.06815,0.250328,0.408241,0.66528,12.849,1,0.354187,0.36288,0,48.9829,5.23435,43.7573,0.84672,12.849,0.84672,3695.15,0,18.483,0,1.28611,1.67755,5.29495,1.21567,7.04292,0.42336,18.483,0.42336,0,0,442.007,0,1.02816,0,0,2.31427,1.28611,1.028160,1,0,51.2084,0,0,0,51.2084,0
95.5523,2.66853,0,0,2.44425,0.129215,0.36288,3.6288,61.308,0.40964,0,0,0.971317,0.275492,0.286185,0.66528,12.849,1,0.356169,0.36288,0,44.6518,5.56942,39.0891,0.84672,12.849,0.84672,3695.15,0,18.483,0,1.11258,1.67761,4.90842,1.30983,6.38877,0.42336,18.483,0.42336,0,0,442.007,0,1.02816,0,0,2.14074,1.11258,1.028160,1,0,45.764,0,0,0,45.764,0
94.4911,2.72851,0,0,2.14792,0.117749,0.36288,3.6288,61.2926,0.44483,0,0,0.711884,0.282491,0,0.66528,12.849,1,0.366904,0.36288,0,37.3032,5.76702,31.5322,0.84672,12.849,0.84672,3695.15,0,18.483,0,0.665548,1.67767,3.93761,1.43986,4.84098,0.42336,18.483,0.42336,0,0,442.007,0,1.02816,0,0,1.69371,0.665548,1.028160,1,0,36.3731,0,0,0,36.3731,0
93.1544,2.72498,0,0,1.8679,0.116695,0.36288,3.6288,61.2342,0.444886,0,0,0.669012,0.282463,0,0.66528,12.849,1,0.370546,0.36288,0,35.2928,5.76702,29.5182,0.84672,12.849,0.84672,3695.15,0,18.483,0,0.522556,1.71811,3.83188,1.43986,4.6327,0.42336,18.483,0.42336,0,0,442.007,0,1.02816,0,0,1.55072,0.522556,1.028160,1,0,34.1509,0,0,0,34.1509,0
91.6758,2.72041,0,0,1.72003,0.115368,0.36288,3.6288,61.1624,0.444942,0,0,0.655482,0.282359,0,0.66528,12.849,1,0.375233,0.36288,0,33.286,5.76702,27.5067,0.84672,12.849,0.84672,3695.15,0,18.483,0,0.442826,1.71818,3.79308,1.43986,4.51423,0.42336,18.483,0.42336,0,0,442.007,0,1.02816,0,0,1.47099,0.442826,1.028160,1,0,32.0209,0,0,0,32.0209,0
89.9414,2.71521,0,0,1.42802,0.0842874,0.36288,3.6288,61.0822,0.444999,0,0,0.651931,0.287181,0,0.66528,12.849,1,0.380555,0.36288,0,31.5659,6.06131,25.4869,0.84672,12.849,0.84672,3695.15,0,18.483,0,0.433849,1.71824,3.61239,1.42558,4.3389,0.42336,18.483,0.42336,0,0,442.007,0,1.02816,0,0,1.46201,0.433849,1.028160,1,0,29.8258,0,0,0,29.8258,0
88.0199,2.88981,0,0,1.48602,0.15492,0.36288,3.6288,60.7542,0.571893,0,0,0.54628,0.302381,0,0.66528,12.849,1,0.412837,0.36288,0,27.3237,6.20258,21.0711,0.84672,12.849,0.84672,3695.15,0,18.483,0,0.249247,1.71831,3.08309,1.4495,3.60115,0.42336,18.483,0.42336,0,0,442.007,0,1.02816,0,0,1.27741,0.249247,1.028160,1,0,24.6723,0,0,0,24.6723,0
86.2845,2.88205,0,0,1.67156,0.161987,0.36288,3.6288,60.4616,0.571954,0,0,0.594861,0.315431,0,0.66528,12.849,1,0.420717,0.36288,0,29.8425,6.43251,23.3521,0.84672,12.849,0.84672,3695.15,0,18.483,0,0.407359,1.85512,2.80363,1.51563,3.55047,0.42336,18.483,0.42336,0,0,442.007,0,1.02816,0,0,1.43552,0.407359,1.028160,1,0,26.9026,0,0,0,26.9026,0
84.2285,2.8748,0,0,1.34115,0.159457,0.36288,3.6288,59.9615,0.653058,0,0,0.467762,0.314845,0,0.66528,12.849,1,0.428099,0.36288,0,35.1011,6.43251,28.6034,0.84672,12.849,0.84672,3695.15,0,18.483,0,0.204422,1.85519,2.32895,1.51563,2.87292,0.42336,18.483,0.42336,0,0,442.007,0,0.947117,0,0,1.15154,0.204422,1.028160,1,0,31.4763,0,0,0,31.4763,0
82.4317,2.86584,0,0,1.58836,0.156459,0.36288,3.6288,59.7896,0.572076,0,0,0.714023,0.313844,0,0.66528,12.849,1,0.437182,0.36288,0,30.1282,6.43251,23.6214,0.84672,12.849,0.84672,3695.15,0,18.483,0,0.704108,1.85526,3.14945,1.51563,4.19319,0.42336,18.483,0.42336,0,0,442.007,0,1.02816,0,0,1.73227,0.704108,1.028160,1,0,27.8146,0,0,0,27.8146,0
80.0823,2.85771,0,0,1.08132,0.210132,0.36288,3.6288,59.4495,0.572137,0,0,0.519054,0.287002,0,0.66528,12.849,1,0.445443,0.36288,0,26.9016,6.18866,20.6304,0.84672,12.849,0.84672,3695.15,0,18.483,0,0.264807,1.85533,2.88189,1.44317,3.55885,0.42336,18.483,0.42336,0,0,442.007,0,1.02816,0,0,1.29297,0.264807,1.028160,1,0,24.1892,0,0,0,24.1892,0
78.2881,2.7597,0,0,1.60725,0.278839,0.36288,3.6288,59.6598,0.495198,0,0,0.956562,0.251124,0,0.66528,12.849,1,0.442787,0.36288,0,28.7397,5.86351,22.7962,0.84672,12.849,0.84672,3695.15,0,18.483,0,1.29619,1.8554,4.48355,1.34655,6.28858,0.42336,18.483,0.42336,0,0,442.007,0,1.02816,0,0,2.32435,1.29619,1.028160,1,0,29.0848,0,0,0,29.0848,0
75.6225,2.75109,0,0,0.722304,0.273989,0.36288,3.6288,59.4728,0.495256,0,0,0.559773,0.251462,0,0.66528,12.849,1,0.451521,0.36288,0,24.6802,5.86351,18.7281,0.84672,12.849,0.84672,3695.15,0,18.483,0,0.238101,1.77709,2.42375,1.34655,3.09239,0.42336,18.483,0.42336,0,0,442.007,0,1.02816,0,0,1.26626,0.238101,1.028160,1,0,21.8205,0,0,0,21.8205,0
73.0726,2.73759,0,0,0.817387,0.266783,0.36288,3.6288,59.3298,0.548044,0,0,0.656172,0.251161,0,0.66528,12.849,1,0.465143,0.36288,0,19.8122,5.86351,13.8464,0.84672,12.849,0.84672,3695.15,0,18.483,0,0.216518,1.77716,2.69895,1.34655,3.34608,0.42336,18.483,0.42336,0,0,442.007,0,0.97543,0,0,1.19195,0.216518,1.028160,1,0,17.1925,0,0,0,17.1925,0
71.8961,2.72389,0,0,2.3455,0.435268,0.36288,3.6288,59.7753,0.495373,0,0,1.20603,0.265188,0,0.66528,12.849,1,0.478965,0.36288,0,32.876,5.11758,27.6423,0.84672,12.849,0.84672,3695.15,0,18.483,0,2.05032,1.77723,6.02484,1.17459,8.6778,0.42336,18.483,0.42336,0,0,442.007,0,1.02816,0,0,3.07848,2.05032,1.028160,1,0,36.3201,0,0,0,36.3201,0
70.1722,2.64715,0,0,1.55146,0.26526,0.36288,3.6288,60.1703,0.42533,0,0,1.01469,0.194299,0,0.66528,12.849,1,0.473088,0.36288,0,32.4434,3.62324,28.7099,0.84672,12.849,0.84672,3695.15,0,18.483,0,0.666123,1.7773,4.94445,1.08499,6.30288,0.42336,18.483,0.42336,0,0,442.007,0,1.02816,0,0,1.69428,0.666123,1.028160,1,0,35.0128,0,0,0,35.0128,0
67.9406,2.63743,0,0,1.03041,0.26178,0.36288,3.6288,60.53,0.425386,0,0,0.97988,0.194789,0,0.66528,12.849,1,0.48293,0.36288,0,19.9683,3.62324,16.2251,0.84672,12.849,0.84672,3695.15,0,18.483,0,0.718019,1.7077,3.68262,1.08499,5.02335,0.42336,18.483,0.42336,0,0,442.007,0,1.02816,0,0,1.74618,0.718019,1.028160,1,0,21.2484,0,0,0,21.2484,0
66.1535,2.62419,0,0,1.5088,0.308836,0.36288,3.6288,60.6664,0.425442,0,0,0.774232,0.212397,0,0.66528,12.849,1,0.496289,0.36288,0,38.9585,3.91318,34.9119,0.84672,12.849,0.84672,3695.15,0,18.483,0,0.311848,1.70776,6.77007,1.15268,7.637,0.42336,18.483,0.42336,0,0,442.007,0,1.02816,0,0,1.34001,0.311848,1.028160,1,0,42.5489,0,0,0,42.5489,0
66.0408,2.61306,0,0,3.1881,0.324841,0.36288,3.6288,61.0124,0.425497,0,0,0.990963,0.219452,0,0.66528,12.849,1,0.507535,0.36288,0,76.8332,4.02917,72.6594,0.84672,12.849,0.84672,3695.15,0,18.483,0,1.31348,1.70783,5.35325,1.17976,7.1948,0.42336,18.483,0.42336,0,0,442.007,0,1.02816,0,0,2.34164,1.31348,1.028160,1,0,79.8542,0,0,0,79.8542,0
66.2158,2.41569,0,0,3.24517,0.291593,0.36288,3.6288,61.308,0.279532,0,0,0.803286,0.216233,0.0119471,0.66528,12.849,1,0.47,0.36288,0,74.2414,3.92694,70.2074,0.84672,12.849,0.84672,3695.15,0,18.483,0,0.618209,1.70789,5.5809,1.05142,6.85558,0.42336,18.483,0.42336,0,0,442.007,0,1.02816,0,0,1.64637,0.618209,1.028160,1,0,77.0749,0,0,0,77.0749,0
65.6353,2.41682,0,0,2.47796,0.278798,0.36288,3.6288,61.308,0.279582,0,0,0.758235,0.215155,0.263498,0.66528,12.849,1,0.468978,0.36288,0,79.4185,3.88605,75.4264,0.84672,12.849,0.84672,3695.15,0,18.483,0,1.83267,1.5511,5.06162,1.00008,7.44531,0.42336,18.483,0.42336,0,0,442.007,0,1.02816,0,0,2.86083,1.83267,1.028160,1,0,83.1352,0,0,0,83.1352,0
64.221,2.41344,0,0,1.63957,0.277511,0.36288,3.6288,61.2226,0.307997,0,0,0.437715,0.215155,0,0.66528,12.849,1,0.472465,0.36288,0,43.9695,3.88605,39.9738,0.84672,12.849,0.84672,3695.15,0,18.483,0,0.412474,1.55116,4.23215,1.00008,5.1957,0.42336,18.483,0.42336,0,0,442.007,0,0.999795,0,0,1.41227,0.412474,1.028160,1,0,45.1695,0,0,0,45.1695,0
63.3903,2.40487,0,0,2.23742,0.300419,0.36288,3.6288,61.2702,0.279682,0,0,0.569049,0.24169,0,0.66528,12.849,1,0.481153,0.36288,0,50.9789,4.45748,46.4032,0.84672,12.849,0.84672,3695.15,0,18.483,0,0.869996,1.55122,6.18101,1.17834,7.42389,0.42336,18.483,0.42336,0,0,442.007,0,1.02816,0,0,1.89816,0.869996,1.028160,1,0,53.8271,0,0,0,53.8271,0
62.9942,2.39971,0,0,2.66517,0.298647,0.36288,3.6288,61.308,0.279732,0,0,1.09701,0.246005,0.533517,0.66528,12.849,1,0.486414,0.36288,0,78.8633,4.62148,74.1183,0.84672,12.849,0.84672,3695.15,0,18.483,0,1.34191,1.55128,7.838,1.17852,9.55267,0.42336,18.483,0.42336,0,0,442.007,0,1.02816,0,0,2.37007,1.34191,1.028160,1,0,84.2045,0,0,0,84.2045,0
64.3772,2.47236,0,0,4.49077,0.272511,0.36288,3.6288,61.308,0.322068,0,0,2.9665,0.230008,2.41443,0.66528,12.849,1,0.50429,0.36288,0,123.098,4.46008,118.497,0.84672,12.849,0.84672,3695.15,0,18.483,0,2.80538,1.55134,16.0016,1.00073,19.3576,0.42336,18.483,0.42336,0,0,442.007,0,1.02816,0,0,3.83354,2.80538,1.028160,1,0,140.269,0,0,0,140.269,0
64.7566,2.48146,0,0,3.49929,0.275588,0.36288,3.6288,61.308,0.32211,0,0,2.05887,0.230008,1.50675,0.66528,12.849,1,0.495274,0.36288,0,97.3616,4.46008,92.7691,0.84672,12.849,0.84672,3695.15,0,18.483,0,2.02315,1.60101,10.5009,1.00073,13.1243,0.42336,18.483,0.42336,0,0,442.007,0,1.02816,0,0,3.05131,2.02315,1.028160,1,0,107.4,0,0,0,107.4,0
64.9709,2.48396,0,0,3.33833,0.277146,0.36288,3.6288,61.308,0.322151,0,0,1.91805,0.224466,1.37144,0.66528,12.849,1,0.492868,0.36288,0,83.9212,4.37408,79.4171,0.84672,12.849,0.84672,3695.15,0,18.483,0,1.99604,1.60106,9.84848,0.977749,12.4678,0.42336,18.483,0.42336,0,0,442.007,0,1.02816,0,0,3.0242,1.99604,1.028160,1,0,93.2564,0,0,0,93.2564,0
65.2301,2.4854,0,0,3.38936,0.281913,0.36288,3.6288,61.308,0.322192,0,0,1.83477,0.191219,1.32136,0.66528,12.849,1,0.491525,0.36288,0,81.114,3.85801,77.1274,0.84672,12.849,0.84672,3695.15,0,18.483,0,2.20844,1.60111,9.78454,0.839857,12.7542,0.42336,18.483,0.42336,0,0,442.007,0,1.02816,0,0,3.2366,2.20844,1.028160,1,0,91.203,0,0,0,91.203,0
65.7291,2.72969,0,0,3.92064,0.329007,0.36288,3.6288,61.308,0.481011,0,0,1.99486,0.158845,1.35501,0.66528,12.849,1,0.537694,0.36288,0,121.696,3.20902,118.312,0.84672,12.849,0.84672,3695.15,0,18.483,0,1.39871,1.60116,15.3719,0.774975,17.5968,0.42336,18.483,0.42336,0,0,442.007,0,1.02816,0,0,2.42687,1.39871,1.028160,1,0,137.264,0,0,0,137.264,0
65.129,2.73319,0,0,2.83407,0.338105,0.36288,3.6288,61.308,0.481058,0,0,1.63598,0.153449,1.00148,0.66528,12.849,1,0.534295,0.36288,0,98.0303,3.10086,94.758,0.84672,12.849,0.84672,3695.15,0,18.483,0,0.697481,1.77829,14.4749,0.764161,16.1866,0.42336,18.483,0.42336,0,0,442.007,0,1.02816,0,0,1.72564,0.697481,1.028160,1,0,111.946,0,0,0,111.946,0
67.3798,2.72916,0,0,5.66701,0.324204,0.36288,3.6288,61.308,0.481104,0,0,3.21538,0.181113,2.55316,0.66528,12.849,1,0.538423,0.36288,0,142.568,3.75606,138.636,0.84672,12.849,0.84672,3695.15,0,18.483,0,2.66837,1.77835,20.0749,0.96914,23.5524,0.42336,18.483,0.42336,0,0,442.007,0,1.02816,0,0,3.69653,2.66837,1.028160,1,0,164.742,0,0,0,164.742,0
71.1818,2.74435,0,0,7.23431,0.325058,0.36288,3.6288,61.308,0.48115,0,0,4.33849,0.192178,3.66516,0.66528,12.849,1,0.523334,0.36288,0,164.582,4.01814,160.403,0.84672,12.849,0.84672,3695.15,0,18.483,0,5.10176,1.7784,24.2299,1.05113,30.059,0.42336,18.483,0.42336,0,0,442.007,0,1.02816,0,0,6.12992,5.10176,1.028160,1,0,194.127,0,0,0,194.127,0
74.9074,2.41724,0,0,6.85066,0.345001,0.36288,3.6288,61.308,0.268089,0,0,5.3049,0.157825,4.87899,0.66528,12.849,1,0.436335,0.36288,0,121.144,3.75354,117.317,0.84672,12.849,0.84672,3695.15,0,18.483,0,4.85079,1.77846,25.34,1.05397,30.9153,0.42336,18.483,0.42336,0,0,442.007,0,1.02816,0,0,5.87895,4.85079,1.028160,1,0,153.111,0,0,0,153.111,0
77.0473,2.43584,0,0,5.4272,0.488487,0.36288,3.6288,61.308,0.268129,0,0,4.1968,0.152099,3.77657,0.66528,12.849,1,0.417824,0.36288,0,126.694,3.70944,122.93,0.84672,12.849,0.84672,3695.15,0,18.483,0,3.26706,1.53624,20.0842,1.05445,23.8331,0.42336,18.483,0.42336,0,0,442.007,0,1.02816,0,0,4.29522,3.26706,1.028160,1,0,150.54,0,0,0,150.54,0
77.5126,2.44586,0,0,3.74076,0.466812,0.36288,3.6288,61.308,0.268169,0,0,2.87606,0.140067,2.46782,0.66528,12.849,1,0.40789,0.36288,0,101.911,3.53505,98.3305,0.84672,12.849,0.84672,3695.15,0,18.483,0,2.53896,1.53629,17.9429,1.0294,20.9888,0.42336,18.483,0.42336,0,0,442.007,0,1.02816,0,0,3.56712,2.53896,1.028160,1,0,121.787,0,0,0,121.787,0
79.588,2.44803,0,0,5.27408,0.387743,0.36288,3.6288,61.308,0.268208,0,0,3.66828,0.109985,3.29009,0.66528,12.849,1,0.405802,0.36288,0,109.005,3.09907,105.863,0.84672,12.849,0.84672,3695.15,0,18.483,0,3.39657,1.53634,19.2322,0.966769,23.1983,0.42336,18.483,0.42336,0,0,442.007,0,1.02816,0,0,4.42473,3.39657,1.028160,1,0,132.351,0,0,0,132.351,0
81.553,2.45722,0,0,5.1828,0.397729,0.36288,3.6288,61.308,0.268248,0,0,3.41916,0.133718,3.01719,0.66528,12.849,1,0.396703,0.36288,0,130.864,3.26454,127.566,0.84672,12.849,0.84672,3695.15,0,18.483,0,2.93754,1.53638,17.1058,1.03868,20.5411,0.42336,18.483,0.42336,0,0,442.007,0,1.02816,0,0,3.9657,2.93754,1.028160,1,0,151.124,0,0,0,151.124,0
82.4928,2.55564,0,0,4.26641,0.408038,0.36288,3.6288,61.308,0.32043,0,0,2.78747,0.165361,2.30168,0.66528,12.849,1,0.402651,0.36288,0,96.1191,3.48516,92.5942,0.84672,12.849,0.84672,3695.15,0,18.483,0,2.46949,1.53643,11.9854,1.13457,14.8568,0.42336,18.483,0.42336,0,0,442.007,0,1.02816,0,0,3.49765,2.46949,1.028160,1,0,109.753,0,0,0,109.753,0
82.7696,2.55969,0,0,3.6111,0.411704,0.36288,3.6288,61.308,0.320471,0,0,3.31752,0.165361,2.83169,0.66528,12.849,1,0.398694,0.36288,0,85.5153,3.48516,81.9943,0.84672,12.849,0.84672,3695.15,0,18.483,0,2.65353,1.5963,12.5998,1.13457,15.7151,0.42336,18.483,0.42336,0,0,442.007,0,1.02816,0,0,3.68169,2.65353,1.028160,1,0,100.541,0,0,0,100.541,0
83.3492,2.56092,0,0,3.91617,0.412784,0.36288,3.6288,61.308,0.320513,0,0,2.82703,0.165361,2.34116,0.66528,12.849,1,0.397552,0.36288,0,92.5551,3.48516,89.0353,0.84672,12.849,0.84672,3695.15,0,18.483,0,2.57725,1.59635,12.0167,1.13457,15.0557,0.42336,18.483,0.42336,0,0,442.007,0,1.02816,0,0,3.60541,2.57725,1.028160,1,0,106.432,0,0,0,106.432,0
83.3089,2.56339,0,0,3.2567,0.370712,0.36288,3.6288,61.308,0.320554,0,0,1.94454,0.194532,1.42945,0.66528,12.849,1,0.395169,0.36288,0,74.1614,3.87766,70.2515,0.84672,12.849,0.84672,3695.15,0,18.483,0,1.64949,1.5964,8.52189,1.21893,10.5489,0.42336,18.483,0.42336,0,0,442.007,0,1.02816,0,0,2.67765,1.64949,1.028160,1,0,82.2298,0,0,0,82.2298,0
83.3321,2.52798,0,0,3.21284,0.298839,0.36288,3.6288,61.308,0.300342,0,0,1.57634,0.231416,1.04458,0.66528,12.849,1,0.389898,0.36288,0,73.059,4.44895,68.583,0.84672,12.849,0.84672,3695.15,0,18.483,0,1.48859,1.59645,9.26545,1.22608,11.1244,0.42336,18.483,0.42336,0,0,442.007,0,1.02816,0,0,2.51675,1.48859,1.028160,1,0,80.752,0,0,0,80.752,0
82.8843,2.52815,0,0,2.74215,0.298904,0.36288,3.6288,61.308,0.300382,0,0,1.48915,0.231416,0.957349,0.66528,12.849,1,0.389816,0.36288,0,64.0665,4.44895,59.5906,0.84672,12.849,0.84672,3695.15,0,18.483,0,1.22415,1.57321,7.88089,1.22608,9.45217,0.42336,18.483,0.42336,0,0,442.007,0,1.02816,0,0,2.25231,1.22415,1.028160,1,0,70.0001,0,0,0,70.0001,0
82.1368,2.5264,0,0,2.43946,0.297646,0.36288,3.6288,61.308,0.300423,0,0,1.3325,0.231416,0.800656,0.66528,12.849,1,0.391651,0.36288,0,54.9342,4.44895,50.4565,0.84672,12.849,0.84672,3695.15,0,18.483,0,0.942408,1.57326,6.73851,1.22608,8.02809,0.42336,18.483,0.42336,0,0,442.007,0,1.02816,0,0,1.97057,0.942408,1.028160,1,0,59.2853,0,0,0,59.2853,0
81.211,2.5234,0,0,2.23656,0.276099,0.36288,3.6288,61.308,0.300464,0,0,1.20562,0.21435,0.690803,0.66528,12.849,1,0.394745,0.36288,0,50.4028,4.09507,46.2759,0.84672,12.849,0.84672,3695.15,0,18.483,0,0.799468,1.57331,6.2972,1.13633,7.53365,0.42336,18.483,0.42336,0,0,442.007,0,1.02816,0,0,1.82763,0.799468,1.028160,1,0,54.5003,0,0,0,54.5003,0
80.0704,2.63911,0,0,2.09087,0.229451,0.36288,3.6288,61.308,0.372339,0,0,1.1684,0.225647,0.570418,0.66528,12.849,1,0.417554,0.36288,0,44.9658,4.39439,40.5167,0.84672,12.849,0.84672,3695.15,0,18.483,0,0.777755,1.57335,6.47781,1.15596,7.67297,0.42336,18.483,0.42336,0,0,442.007,0,1.02816,0,0,1.80592,0.777755,1.028160,1,0,48.7601,0,0,0,48.7601,0
78.8908,2.63407,0,0,2.03689,0.219616,0.36288,3.6288,61.308,0.372382,0,0,1.07527,0.239268,0.463615,0.66528,12.849,1,0.422692,0.36288,0,40.308,4.70284,35.5454,0.84672,12.849,0.84672,3695.15,0,18.483,0,0.622348,1.65484,6.16597,1.21168,7.23148,0.42336,18.483,0.42336,0,0,442.007,0,1.02816,0,0,1.65051,0.622348,1.028160,1,0,43.2405,0,0,0,43.2405,0
77.4886,2.62871,0,0,1.78558,0.196173,0.36288,3.6288,61.308,0.372425,0,0,1.0017,0.248711,0.380559,0.66528,12.849,1,0.42814,0.36288,0,36.0128,4.80995,31.1376,0.84672,12.849,0.84672,3695.15,0,18.483,0,0.510693,1.6549,5.98228,1.23904,6.90883,0.42336,18.483,0.42336,0,0,442.007,0,1.02816,0,0,1.53885,0.510693,1.028160,1,0,38.427,0,0,0,38.427,0
76.051,2.62215,0,0,1.68931,0.141868,0.36288,3.6288,61.308,0.372468,0,0,0.963092,0.27232,0.318304,0.66528,12.849,1,0.434799,0.36288,0,32.9206,5.07769,27.7709,0.84672,12.849,0.84672,3695.15,0,18.483,0,0.436406,1.65495,5.75501,1.30746,6.53891,0.42336,18.483,0.42336,0,0,442.007,0,1.02816,0,0,1.46457,0.436406,1.028160,1,0,34.6282,0,0,0,34.6282,0
74.8544,2.6152,0,0,1.92142,0.139957,0.36288,3.6288,61.308,0.372511,0,0,0.844206,0.275219,0.196475,0.66528,12.849,1,0.441844,0.36288,0,34.3073,5.12414,29.1042,0.84672,12.849,0.84672,3695.15,0,18.483,0,0.441133,1.655,5.38105,1.30949,6.16769,0.42336,18.483,0.42336,0,0,442.007,0,1.02816,0,0,1.46929,0.441133,1.028160,1,0,35.4683,0,0,0,35.4683,0
74.0797,2.58588,0,0,2.31255,0.138421,0.36288,3.6288,61.308,0.412042,0,0,0.70505,0.279084,0.0139237,0.66528,12.849,1,0.443875,0.36288,0,36.6952,5.18606,31.4282,0.84672,12.849,0.84672,3695.15,0,18.483,0,0.467692,1.65505,4.46423,1.31221,5.27476,0.42336,18.483,0.42336,0,0,442.007,0,1.02816,0,0,1.49585,0.467692,1.028160,1,0,36.7168,0,0,0,36.7168,0
73.1353,2.582,0,0,2.1378,0.137326,0.36288,3.6288,61.2985,0.412086,0,0,0.681635,0.279084,0,0.66528,12.849,1,0.447844,0.36288,0,36.4734,5.18606,31.2024,0.84672,12.849,0.84672,3695.15,0,18.483,0,0.442385,1.68048,4.52673,1.31221,5.33738,0.42336,18.483,0.42336,0,0,442.007,0,1.02816,0,0,1.47055,0.442385,1.028160,1,0,36.5398,0,0,0,36.5398,0
72.0001,2.57716,0,0,1.94077,0.135991,0.36288,3.6288,61.2512,0.41213,0,0,0.643931,0.279068,0,0.66528,12.849,1,0.452777,0.36288,0,35.3894,5.18606,30.1135,0.84672,12.849,0.84672,3695.15,0,18.483,0,0.298123,1.68053,4.25508,1.31221,4.92152,0.42336,18.483,0.42336,0,0,442.007,0,1.02816,0,0,1.32628,0.298123,1.028160,1,0,35.035,0,0,0,35.035,0
70.7537,2.57118,0,0,1.77708,0.0894128,0.36288,3.6288,61.1334,0.429731,0,0,0.612864,0.300914,0,0.66528,12.849,1,0.458849,0.36288,0,31.209,5.46835,25.6447,0.84672,12.849,0.84672,3695.15,0,18.483,0,0.261274,1.68058,4.1323,1.41526,4.65889,0.42336,18.483,0.42336,0,0,442.007,0,1.0106,0,0,1.27188,0.261274,1.028160,1,0,30.3035,0,0,0,30.3035,0
69.1749,2.62427,0,0,1.47634,0.0679797,0.36288,3.6288,60.4426,0.878188,0,0,0.495968,0.308646,0,0.66528,12.849,1,0.476572,0.36288,0,26.3438,5.64638,20.5837,0.84672,12.849,0.84672,3695.15,0,18.483,0,0.261274,1.68063,3.28321,1.42899,3.79612,0.42336,18.483,0.42336,0,0,442.007,0,0.597387,0,0,0.85866,0.261274,1.028160,1,0,24.3798,0,0,0,24.3798,0
67.5697,2.61518,0,0,1.44007,0.0671557,0.36288,3.6288,59.7906,0.80164,0,0,0.45696,0.307296,0,0.66528,12.849,1,0.48576,0.36288,0,26.3099,5.64638,20.5407,0.84672,12.849,0.84672,3695.15,0,18.483,0,0.261274,1.72113,3.51818,1.42899,4.0716,0.42336,18.483,0.42336,0,0,442.007,0,0.67398,0,0,0.935254,0.261274,1.028160,1,0,24.6123,0,0,0,24.6123,0
65.8826,2.60556,0,0,1.34758,0.066318,0.36288,3.6288,59.0657,0.841818,0,0,0.422981,0.306023,0,0.66528,12.849,1,0.495471,0.36288,0,23.7514,5.64638,17.9725,0.84672,12.849,0.84672,3695.15,0,18.483,0,0.261274,1.72118,3.13995,1.42899,3.69341,0.42336,18.483,0.42336,0,0,442.007,0,0.633848,0,0,0.895121,0.261274,1.028160,1,0,21.6659,0,0,0,21.6659,0
64.0964,2.59502,0,0,1.23716,0.0654375,0.36288,3.6288,58.2979,0.881521,0,0,0.418333,0.304607,0,0.66528,12.849,1,0.506104,0.36288,0,21.7115,5.64638,15.9219,0.84672,12.849,0.84672,3695.15,0,18.483,0,0.227405,1.72123,3.07098,1.42899,3.59063,0.42336,18.483,0.42336,0,0,442.007,0,0.59419,0,0,0.821595,0.227405,1.028160,1,0,19.5126,0,0,0,19.5126,0
62.1665,2.75589,0,0,1.23814,0.0493027,0.36288,3.6288,57.5792,0.848635,0,0,0.440905,0.311014,0,0.66528,12.849,1,0.552455,0.36288,0,21.4434,5.68798,15.5658,0.84672,12.849,0.84672,3695.15,0,18.483,0,0.227405,1.72129,3.66985,1.50161,4.11693,0.42336,18.483,0.42336,0,0,442.007,0,0.754177,0,0,0.981582,0.227405,1.028160,1,0,19.6827,0,0,0,19.6827,0
59.9145,2.74176,0,0,0.905835,0.0531443,0.36288,3.6288,56.5598,1.05085,0,0,0.338104,0.306624,0,0.66528,12.849,1,0.566685,0.36288,0,17.5458,5.45748,11.8845,0.84672,12.849,0.84672,3695.15,0,18.483,0,0.227405,1.85832,2.55367,1.50379,3.13561,0.42336,18.483,0.42336,0,0,442.007,0,0.55201,0,0,0.779414,0.227405,1.028160,1,0,15.0201,0,0,0,15.0201,0
57.7899,2.7243,0,0,1.0147,0.052136,0.36288,3.6288,55.5728,1.02919,0,0,0.346834,0.304601,0,0.66528,12.849,1,0.584242,0.36288,0,17.4406,5.45748,11.7618,0.84672,12.849,0.84672,3695.15,0,18.483,0,0.227405,1.85837,2.73706,1.50379,3.31905,0.42336,18.483,0.42336,0,0,442.007,0,0.573722,0,0,0.801127,0.227405,1.028160,1,0,15.0808,0,0,0,15.0808,0
56.275,2.70681,0,0,1.62392,0.0691418,0.36288,3.6288,54.8665,0.834095,0,0,0.426259,0.298506,0,0.66528,12.849,1,0.601832,0.36288,0,28.9742,5.33874,23.3965,0.84672,12.849,0.84672,3695.15,0,18.483,0,0.204422,1.85843,2.98363,1.48922,3.55725,0.42336,18.483,0.42336,0,0,442.007,0,0.768865,0,0,0.973287,0.204422,1.028160,1,0,26.9538,0,0,0,26.9538,0
55.1201,2.69371,0,0,1.96831,0.0666265,0.36288,3.6288,54.7422,0.574849,0,0,0.73171,0.281206,0,0.66528,12.849,1,0.615041,0.36288,0,27.5172,5.37733,21.8877,0.84672,12.849,0.84672,3695.15,0,18.483,0,0.648968,1.85849,3.37579,1.4529,4.43035,0.42336,18.483,0.42336,0,0,442.007,0,1.02816,0,0,1.67713,0.648968,1.028160,1,0,26.318,0,0,0,26.318,0
53.1467,2.60147,0,0,1.0499,0.0589672,0.36288,3.6288,54.3789,0.497768,0,0,0.395932,0.261463,0,0.66528,12.849,1,0.606426,0.36288,0,15.5842,5.1618,10.1789,0.84672,12.849,0.84672,3695.15,0,18.483,0,0.238611,1.85854,2.20849,1.39663,2.90901,0.42336,18.483,0.42336,0,0,442.007,0,1.02816,0,0,1.26677,0.238611,1.028160,1,0,13.0879,0,0,0,13.0879,0
50.9966,2.58341,0,0,0.854055,0.0577998,0.36288,3.6288,53.7026,0.741299,0,0,0.325882,0.260837,0,0.66528,12.849,1,0.624578,0.36288,0,14.3109,5.1618,8.88737,0.84672,12.849,0.84672,3695.15,0,18.483,0,0.204422,1.78009,1.99548,1.39663,2.58336,0.42336,18.483,0.42336,0,0,442.007,0,0.784676,0,0,0.989099,0.204422,1.028160,1,0,11.4707,0,0,0,11.4707,0
49.3608,2.56246,0,0,1.41107,0.121564,0.36288,3.6288,53.4963,0.497862,0,0,0.493487,0.201907,0,0.66528,12.849,1,0.645631,0.36288,0,20.3742,4.33128,15.7601,0.84672,12.849,0.84672,3695.15,0,18.483,0,0.229072,1.78015,2.64357,1.13704,3.51575,0.42336,18.483,0.42336,0,0,442.007,0,1.02816,0,0,1.25723,0.229072,1.028160,1,0,19.2759,0,0,0,19.2759,0
49.4324,2.54556,0,0,3.14748,0.167422,0.36288,3.6288,53.625,0.497908,0,0,0.784929,0.158357,0,0.66528,12.849,1,0.662629,0.36288,0,52.0625,3.70839,48.0543,0.84672,12.849,0.84672,3695.15,0,18.483,0,0.718278,1.7802,5.65088,0.942343,7.20701,0.42336,18.483,0.42336,0,0,442.007,0,1.02816,0,0,1.74644,0.718278,1.028160,1,0,55.2614,0,0,0,55.2614,0
48.1293,2.48062,0,0,1.7447,0.204288,0.36288,3.6288,53.1959,0.611503,0,0,0.381148,0.198781,0,0.66528,12.849,1,0.644789,0.36288,0,24.7975,4.14381,20.3718,0.84672,12.849,0.84672,3695.15,0,18.483,0,0.216518,1.78025,2.60108,0.946954,3.6509,0.42336,18.483,0.42336,0,0,442.007,0,0.844396,0,0,1.06091,0.216518,1.028160,1,0,24.0227,0,0,0,24.0227,0
46.4905,2.46692,0,0,1.39844,0.207465,0.36288,3.6288,52.7668,0.553418,0,0,0.329198,0.204789,0,0.66528,12.849,1,0.658588,0.36288,0,18.1802,4.21638,13.6681,0.84672,12.849,0.84672,3695.15,0,18.483,0,0.216518,1.71053,2.55435,0.947722,3.53367,0.42336,18.483,0.42336,0,0,442.007,0,0.902526,0,0,1.11904,0.216518,1.028160,1,0,17.2018,0,0,0,17.2018,0
47.0309,2.4488,0,0,3.55586,0.20376,0.36288,3.6288,53.1889,0.427828,0,0,1.05395,0.204087,0,0.66528,12.849,1,0.676797,0.36288,0,50.7221,4.21638,46.1918,0.84672,12.849,0.84672,3695.15,0,18.483,0,2.37695,1.71058,5.96949,0.947722,9.1093,0.42336,18.483,0.42336,0,0,442.007,0,1.02816,0,0,3.40511,2.37695,1.028160,1,0,55.3011,0,0,0,55.3011,0
48.1744,2.45498,0,0,4.18438,0.223044,0.36288,3.6288,53.9305,0.427873,0,0,1.35941,0.189931,0,0.66528,12.849,1,0.67071,0.36288,0,60.5169,3.99873,56.2103,0.84672,12.849,0.84672,3695.15,0,18.483,0,1.19313,1.71063,6.04805,0.886069,8.06575,0.42336,18.483,0.42336,0,0,442.007,0,1.02816,0,0,2.22129,1.19313,1.028160,1,0,64.2761,0,0,0,64.2761,0
51.9607,2.28179,0,0,6.66253,0.231593,0.36288,3.6288,54.8071,0.281659,0,0,1.34072,0.182405,0,0.66528,12.849,1,0.608595,0.36288,0,66.9339,3.68532,63.0029,0.84672,12.849,0.84672,3695.15,0,18.483,0,1.22494,1.71069,5.68369,0.828717,7.79061,0.42336,18.483,0.42336,0,0,442.007,0,1.02816,0,0,2.2531,1.22494,1.028160,1,0,70.7935,0,0,0,70.7935,0
55.4587,2.31741,0,0,6.40337,0.225093,0.36288,3.6288,55.4399,0.2817,0,0,1.10752,0.193022,0,0.66528,12.849,1,0.573057,0.36288,0,86.0743,3.73831,82.1258,0.84672,12.849,0.84672,3695.15,0,18.483,0,2.01605,1.55362,5.51566,0.920036,8.1653,0.42336,18.483,0.42336,0,0,442.007,0,1.02816,0,0,3.04421,2.01605,1.028160,1,0,90.2911,0,0,0,90.2911,0
56.696,2.34683,0,0,4.18031,0.23325,0.36288,3.6288,55.6214,0.28174,0,0,0.657051,0.193827,0,0.66528,12.849,1,0.543728,0.36288,0,48.8428,3.73831,44.9236,0.84672,12.849,0.84672,3695.15,0,18.483,0,0.557012,1.55367,4.63792,0.920036,5.82857,0.42336,18.483,0.42336,0,0,442.007,0,1.02816,0,0,1.58517,0.557012,1.028160,1,0,50.7522,0,0,0,50.7522,0
58.775,2.35658,0,0,5.05405,0.255617,0.36288,3.6288,55.8239,0.28178,0,0,0.698846,0.214623,0,0.66528,12.849,1,0.534071,0.36288,0,49.5691,4.19546,45.2025,0.84672,12.849,0.84672,3695.15,0,18.483,0,0.799088,1.55372,6.21943,1.06264,7.5096,0.42336,18.483,0.42336,0,0,442.007,0,1.02816,0,0,1.82725,0.799088,1.028160,1,0,52.7121,0,0,0,52.7121,0
61.1512,2.37215,0,0,5.37915,0.267877,0.36288,3.6288,56.2911,0.28182,0,0,0.977625,0.228541,0,0.66528,12.849,1,0.518584,0.36288,0,95.7701,4.4557,91.1587,0.84672,12.849,0.84672,3695.15,0,18.483,0,1.05196,1.55377,6.607,1.15385,8.05888,0.42336,18.483,0.42336,0,0,442.007,0,1.02816,0,0,2.08012,1.05196,1.028160,1,0,99.2176,0,0,0,99.2176,0
63.6383,2.46371,0,0,5.53895,0.225324,0.36288,3.6288,57.617,0.324214,0,0,1.86839,0.218336,0,0.66528,12.849,1,0.51767,0.36288,0,136.589,3.96008,132.474,0.84672,12.849,0.84672,3695.15,0,18.483,0,2.00511,1.55381,8.63888,1.05939,11.1384,0.42336,18.483,0.42336,0,0,442.007,0,1.02816,0,0,3.03327,2.00511,1.028160,1,0,143.612,0,0,0,143.612,0
64.5331,2.4806,0,0,3.96833,0.229969,0.36288,3.6288,58.4076,0.324245,0,0,1.3351,0.220226,0,0.66528,12.849,1,0.50085,0.36288,0,111.725,3.96659,107.62,0.84672,12.849,0.84672,3695.15,0,18.483,0,1.25572,1.60355,7.19807,1.05939,8.99795,0.42336,18.483,0.42336,0,0,442.007,0,1.02816,0,0,2.28388,1.25572,1.028160,1,0,116.618,0,0,0,116.618,0
66.1211,2.48645,0,0,4.66895,0.23164,0.36288,3.6288,59.4898,0.324277,0,0,1.62786,0.221353,0,0.66528,12.849,1,0.495069,0.36288,0,89.9476,3.96008,85.8553,0.84672,12.849,0.84672,3695.15,0,18.483,0,1.79022,1.60359,8.25405,1.05939,10.5885,0.42336,18.483,0.42336,0,0,442.007,0,1.02816,0,0,2.81838,1.79022,1.028160,1,0,96.4438,0,0,0,96.4438,0
67.5089,2.49646,0,0,4.53085,0.283742,0.36288,3.6288,60.3265,0.324308,0,0,1.36812,0.207157,0,0.66528,12.849,1,0.485125,0.36288,0,111.008,4.07141,106.815,0.84672,12.849,0.84672,3695.15,0,18.483,0,1.37626,1.60363,7.67724,1.16072,9.49641,0.42336,18.483,0.42336,0,0,442.007,0,1.02816,0,0,2.40442,1.37626,1.028160,1,0,116.311,0,0,0,116.311,0
67.7035,2.74922,0,0,3.60664,0.299929,0.36288,3.6288,61.0403,0.483364,0,0,1.41617,0.218993,0,0.66528,12.849,1,0.52326,0.36288,0,88.039,4.07901,83.7996,0.84672,12.849,0.84672,3695.15,0,18.483,0,1.27646,1.60367,7.351,1.14896,9.08216,0.42336,18.483,0.42336,0,0,442.007,0,1.02816,0,0,2.30462,1.27646,1.028160,1,0,92.8818,0,0,0,92.8818,0
68.5605,2.75055,0,0,4.2727,0.3023,0.36288,3.6288,61.308,0.483399,0,0,2.04761,0.225357,1.07116,0.66528,12.849,1,0.522008,0.36288,0,76.0087,4.07463,71.7749,0.84672,12.849,0.84672,3695.15,0,18.483,0,1.49453,1.78107,8.08298,1.13751,10.2211,0.42336,18.483,0.42336,0,0,442.007,0,1.02816,0,0,2.52269,1.49453,1.028160,1,0,83.0671,0,0,0,83.0671,0
69.6144,2.7561,0,0,4.47721,0.304337,0.36288,3.6288,61.308,0.483434,0,0,1.93222,0.225739,1.22305,0.66528,12.849,1,0.516525,0.36288,0,143.601,4.07463,139.373,0.84672,12.849,0.84672,3695.15,0,18.483,0,1.48774,1.78111,8.04868,1.13751,10.18,0.42336,18.483,0.42336,0,0,442.007,0,1.02816,0,0,2.5159,1.48774,1.028160,1,0,150.776,0,0,0,150.776,0
69.6197,2.76277,0,0,3.4432,0.312183,0.36288,3.6288,61.308,0.483469,0,0,1.1627,0.222856,0.456377,0.66528,12.849,1,0.509935,0.36288,0,96.8725,4.06533,92.6602,0.84672,12.849,0.84672,3695.15,0,18.483,0,0.917464,1.78115,6.97931,1.12021,8.55771,0.42336,18.483,0.42336,0,0,442.007,0,1.02816,0,0,1.94562,0.917464,1.028160,1,0,101.674,0,0,0,101.674,0
70.8956,2.41266,0,0,4.39101,0.339608,0.36288,3.6288,61.308,0.270071,0,0,1.1247,0.184156,0.670476,0.66528,12.849,1,0.445279,0.36288,0,103.367,4.01298,99.2719,0.84672,12.849,0.84672,3695.15,0,18.483,0,0.938563,1.78119,5.32195,0.96229,7.07942,0.42336,18.483,0.42336,0,0,442.007,0,1.02816,0,0,1.96672,0.938563,1.028160,1,0,107.022,0,0,0,107.022,0
73.6389,2.4195,0,0,5.86672,0.34109,0.36288,3.6288,61.308,0.270101,0,0,1.80061,0.175596,1.35491,0.66528,12.849,1,0.438505,0.36288,0,109.189,4.01436,105.099,0.84672,12.849,0.84672,3695.15,0,18.483,0,1.8542,1.53859,10.8099,0.940631,13.2621,0.42336,18.483,0.42336,0,0,442.007,0,1.02816,0,0,2.88236,1.8542,1.028160,1,0,119.716,0,0,0,119.716,0
74.6604,2.43346,0,0,4.29328,0.475401,0.36288,3.6288,61.308,0.270131,0,0,1.59221,0.175596,1.14648,0.66528,12.849,1,0.424607,0.36288,0,96.6825,4.01436,92.6064,0.84672,12.849,0.84672,3695.15,0,18.483,0,1.86164,1.53863,6.42992,0.940631,8.88956,0.42336,18.483,0.42336,0,0,442.007,0,1.02816,0,0,2.8898,1.86164,1.028160,1,0,102.642,0,0,0,102.642,0
80.3135,2.43847,0,0,8.88751,0.433062,0.36288,3.6288,61.308,0.270161,0,0,2.63196,0.157547,2.20425,0.66528,12.849,1,0.41966,0.36288,0,144.725,3.75277,140.916,0.84672,12.849,0.84672,3695.15,0,18.483,0,3.81231,1.53866,16.7766,0.903055,21.2246,0.42336,18.483,0.42336,0,0,442.007,0,1.02816,0,0,4.84047,3.81231,1.028160,1,0,164.344,0,0,0,164.344,0
82.8507,2.464,0,0,5.92954,0.565415,0.36288,3.6288,61.308,0.270191,0,0,2.79148,0.219862,2.30143,0.66528,12.849,1,0.394204,0.36288,0,131.421,4.45827,126.932,0.84672,12.849,0.84672,3695.15,0,18.483,0,3.14547,1.5387,9.70402,1.02047,13.3677,0.42336,18.483,0.42336,0,0,442.007,0,1.02816,0,0,4.17363,3.14547,1.028160,1,0,142.601,0,0,0,142.601,0
84.4473,2.56492,0,0,5.02405,0.499649,0.36288,3.6288,61.308,0.322441,0,0,3.01951,0.177894,2.51917,0.66528,12.849,1,0.397783,0.36288,0,126.751,4.16735,122.548,0.84672,12.849,0.84672,3695.15,0,18.483,0,3.76912,1.53873,11.2518,0.893545,15.6661,0.42336,18.483,0.42336,0,0,442.007,0,1.02816,0,0,4.79728,3.76912,1.028160,1,0,140.734,0,0,0,140.734,0
86.5922,2.5715,0,0,5.58646,0.50718,0.36288,3.6288,61.308,0.322473,0,0,3.60622,0.177894,3.10586,0.66528,12.849,1,0.391265,0.36288,0,143.427,4.16735,139.232,0.84672,12.849,0.84672,3695.15,0,18.483,0,3.42355,1.59868,12.0257,0.893545,16.1544,0.42336,18.483,0.42336,0,0,442.007,0,1.02816,0,0,4.45171,3.42355,1.028160,1,0,158.492,0,0,0,158.492,0
87.7865,2.58,0,0,4.65442,0.517298,0.36288,3.6288,61.308,0.322504,0,0,3.09784,0.177894,2.59744,0.66528,12.849,1,0.382834,0.36288,0,107.164,4.16735,102.976,0.84672,12.849,0.84672,3695.15,0,18.483,0,3.42887,1.59872,9.02388,0.893545,13.1579,0.42336,18.483,0.42336,0,0,442.007,0,1.02816,0,0,4.45703,3.42887,1.028160,1,0,118.732,0,0,0,118.732,0
88.1118,2.58461,0,0,3.72415,0.451375,0.36288,3.6288,61.308,0.322535,0,0,2.15656,0.172899,1.66113,0.66528,12.849,1,0.3783,0.36288,0,93.2774,4.4639,88.7981,0.84672,12.849,0.84672,3695.15,0,18.483,0,2.03544,1.59876,6.26722,0.912828,8.98859,0.42336,18.483,0.42336,0,0,442.007,0,1.02816,0,0,3.0636,2.03544,1.028160,1,0,99.4478,0,0,0,99.4478,0
87.7941,2.55025,0,0,2.98655,0.391044,0.36288,3.6288,61.308,0.302283,0,0,1.7002,0.2305,1.16741,0.66528,12.849,1,0.371893,0.36288,0,64.0345,4.56277,59.4627,0.84672,12.849,0.84672,3695.15,0,18.483,0,1.52872,1.5988,5.4292,1.11387,7.44285,0.42336,18.483,0.42336,0,0,442.007,0,1.02816,0,0,2.55688,1.52872,1.028160,1,0,68.073,0,0,0,68.073,0
87.1403,2.54913,0,0,2.6481,0.389927,0.36288,3.6288,61.308,0.302314,0,0,1.77976,0.2305,1.24695,0.66528,12.849,1,0.373075,0.36288,0,59.2924,4.56277,54.7195,0.84672,12.849,0.84672,3695.15,0,18.483,0,1.64379,1.57551,5.51216,1.11387,7.61758,0.42336,18.483,0.42336,0,0,442.007,0,1.02816,0,0,2.67195,1.64379,1.028160,1,0,63.584,0,0,0,63.584,0
86.2318,2.54675,0,0,2.38876,0.387627,0.36288,3.6288,61.308,0.302344,0,0,1.77691,0.2305,1.24407,0.66528,12.849,1,0.375523,0.36288,0,54.674,4.56277,50.0986,0.84672,12.849,0.84672,3695.15,0,18.483,0,1.52461,1.57555,5.40814,1.11387,7.39443,0.42336,18.483,0.42336,0,0,442.007,0,1.02816,0,0,2.55277,1.52461,1.028160,1,0,58.7371,0,0,0,58.7371,0
85.6517,2.54337,0,0,2.70109,0.374952,0.36288,3.6288,61.308,0.302375,0,0,1.56679,0.233467,1.03095,0.66528,12.849,1,0.378975,0.36288,0,57.9134,4.7967,53.1006,0.84672,12.849,0.84672,3695.15,0,18.483,0,1.28101,1.57558,6.88419,1.12309,8.61769,0.42336,18.483,0.42336,0,0,442.007,0,1.02816,0,0,2.30917,1.28101,1.028160,1,0,62.7492,0,0,0,62.7492,0
84.6237,2.66174,0,0,2.27122,0.274575,0.36288,3.6288,61.308,0.374344,0,0,1.37026,0.230869,0.765048,0.66528,12.849,1,0.3993,0.36288,0,49.928,5.57187,44.3197,0.84672,12.849,0.84672,3695.15,0,18.483,0,1.29571,1.57562,4.93363,1.17488,6.63008,0.42336,18.483,0.42336,0,0,442.007,0,1.02816,0,0,2.32387,1.29571,1.028160,1,0,51.7148,0,0,0,51.7148,0
83.4473,2.65759,0,0,2.08498,0.240917,0.36288,3.6288,61.308,0.374376,0,0,1.1497,0.215568,0.559755,0.66528,12.849,1,0.40352,0.36288,0,43.0399,5.10058,37.8987,0.84672,12.849,0.84672,3695.15,0,18.483,0,1.05158,1.65721,4.01966,1.17223,5.55623,0.42336,18.483,0.42336,0,0,442.007,0,1.02816,0,0,2.07974,1.05158,1.028160,1,0,44.0147,0,0,0,44.0147,0
82.043,2.65272,0,0,1.82774,0.216419,0.36288,3.6288,61.308,0.374409,0,0,1.07105,0.225011,0.471629,0.66528,12.849,1,0.408459,0.36288,0,38.4536,5.20769,33.2004,0.84672,12.849,0.84672,3695.15,0,18.483,0,0.910863,1.65725,3.89995,1.19959,5.26847,0.42336,18.483,0.42336,0,0,442.007,0,1.02816,0,0,1.93902,0.910863,1.028160,1,0,38.9405,0,0,0,38.9405,0
80.603,2.64674,0,0,1.72923,0.15962,0.36288,3.6288,61.308,0.374441,0,0,1.02977,0.24862,0.406706,0.66528,12.849,1,0.414513,0.36288,0,35.1518,5.47544,29.6247,0.84672,12.849,0.84672,3695.15,0,18.483,0,0.817249,1.65729,3.75181,1.268,4.95834,0.42336,18.483,0.42336,0,0,442.007,0,1.02816,0,0,1.84541,0.817249,1.028160,1,0,34.9897,0,0,0,34.9897,0
79.1215,2.64041,0,0,1.68077,0.159033,0.36288,3.6288,61.308,0.374474,0,0,0.976674,0.260519,0.341682,0.66528,12.849,1,0.420911,0.36288,0,37.2514,5.53247,31.661,0.84672,12.849,0.84672,3695.15,0,18.483,0,0.813629,1.65733,4.27607,1.27817,5.46887,0.42336,18.483,0.42336,0,0,442.007,0,1.02816,0,0,1.84179,0.813629,1.028160,1,0,37.4715,0,0,0,37.4715,0
77.6778,2.6101,0,0,1.69002,0.160703,0.36288,3.6288,61.308,0.414049,0,0,0.915944,0.290268,0.211627,0.66528,12.849,1,0.42387,0.36288,0,40.1297,5.67504,34.3937,0.84672,12.849,0.84672,3695.15,0,18.483,0,0.992097,1.65737,4.70966,1.30357,6.05556,0.42336,18.483,0.42336,0,0,442.007,0,1.02816,0,0,2.02026,0.992097,1.028160,1,0,40.6608,0,0,0,40.6608,0
76.1139,2.60341,0,0,1.56082,0.158432,0.36288,3.6288,61.308,0.414082,0,0,0.874126,0.290268,0.169776,0.66528,12.849,1,0.43064,0.36288,0,36.3759,5.67504,30.6331,0.84672,12.849,0.84672,3695.15,0,18.483,0,0.879993,1.68282,4.69034,1.30357,5.94958,0.42336,18.483,0.42336,0,0,442.007,0,1.02816,0,0,1.90815,0.879993,1.028160,1,0,36.7524,0,0,0,36.7524,0
74.5097,2.5959,0,0,1.5106,0.155973,0.36288,3.6288,61.308,0.414115,0,0,0.823617,0.290268,0.119234,0.66528,12.849,1,0.43822,0.36288,0,32.8936,5.67504,27.1432,0.84672,12.849,0.84672,3695.15,0,18.483,0,0.667379,1.68286,4.57754,1.30357,5.62421,0.42336,18.483,0.42336,0,0,442.007,0,1.02816,0,0,1.69554,0.667379,1.028160,1,0,32.8867,0,0,0,32.8867,0
72.8766,2.58791,0,0,1.44939,0.131779,0.36288,3.6288,61.308,0.414149,0,0,0.785661,0.303595,0.0679173,0.66528,12.849,1,0.446278,0.36288,0,30.0463,5.78893,24.174,0.84672,12.849,0.84672,3695.15,0,18.483,0,0.577014,1.6829,4.48164,1.37104,5.37051,0.42336,18.483,0.42336,0,0,442.007,0,1.02816,0,0,1.60517,0.577014,1.028160,1,0,29.6124,0,0,0,29.6124,0
71.1497,2.63967,0,0,1.39077,0.115114,0.36288,3.6288,61.2901,0.449427,0,0,0.752242,0.320722,0,0.66528,12.849,1,0.465404,0.36288,0,31.8495,5.99281,25.7542,0.84672,12.849,0.84672,3695.15,0,18.483,0,0.742634,1.68293,3.74475,1.49015,4.68017,0.42336,18.483,0.42336,0,0,442.007,0,1.02816,0,0,1.77079,0.742634,1.028160,1,0,30.4344,0,0,0,30.4344,0
69.426,2.63016,0,0,1.35449,0.0850951,0.36288,3.6288,61.2579,0.449461,0,0,0.737891,0.320578,0,0.66528,12.849,1,0.474983,0.36288,0,30.4578,6.00149,24.3442,0.84672,12.849,0.84672,3695.15,0,18.483,0,0.817854,1.72347,3.70767,1.49501,4.75398,0.42336,18.483,0.42336,0,0,442.007,0,1.02816,0,0,1.84601,0.817854,1.028160,1,0,29.0982,0,0,0,29.0982,0
67.5368,2.62027,0,0,1.17789,0.0839725,0.36288,3.6288,61.1814,0.449495,0,0,0.693438,0.320513,0,0.66528,12.849,1,0.484945,0.36288,0,28.8163,6.00149,22.6928,0.84672,12.849,0.84672,3695.15,0,18.483,0,0.662014,1.72351,3.60812,1.49501,4.49863,0.42336,18.483,0.42336,0,0,442.007,0,1.02816,0,0,1.69017,0.662014,1.028160,1,0,27.1914,0,0,0,27.1914,0
65.5669,2.60893,0,0,1.08465,0.082742,0.36288,3.6288,61.0909,0.449529,0,0,0.679432,0.320358,0,0.66528,12.849,1,0.496354,0.36288,0,27.1778,6.00149,21.0429,0.84672,12.849,0.84672,3695.15,0,18.483,0,0.575087,1.72355,3.57158,1.49501,4.37521,0.42336,18.483,0.42336,0,0,442.007,0,1.02816,0,0,1.60325,0.575087,1.028160,1,0,25.4181,0,0,0,25.4181,0
63.3166,2.76993,0,0,0.952534,0.0700367,0.36288,3.6288,60.8081,0.576789,0,0,0.607014,0.312996,0,0.66528,12.849,1,0.542818,0.36288,0,24.3332,6.18241,17.9708,0.84672,12.849,0.84672,3695.15,0,18.483,0,0.422003,1.72359,3.17455,1.54376,3.77639,0.42336,18.483,0.42336,0,0,442.007,0,1.02816,0,0,1.45016,0.422003,1.028160,1,0,21.7472,0,0,0,21.7472,0
61.277,2.75396,0,0,1.16493,0.0876395,0.36288,3.6288,60.6124,0.576826,0,0,0.667503,0.286446,0,0.66528,12.849,1,0.558868,0.36288,0,27.3499,5.85942,21.2945,0.84672,12.849,0.84672,3695.15,0,18.483,0,0.611055,1.86079,3.4326,1.53865,4.36581,0.42336,18.483,0.42336,0,0,442.007,0,1.02816,0,0,1.63922,0.611055,1.028160,1,0,25.6603,0,0,0,25.6603,0
59.0097,2.73865,0,0,0.920341,0.0861841,0.36288,3.6288,60.1555,0.65808,0,0,0.487248,0.28609,0,0.66528,12.849,1,0.574259,0.36288,0,28.2242,5.85942,22.1534,0.84672,12.849,0.84672,3695.15,0,18.483,0,0.227405,1.86084,2.71988,1.53865,3.26948,0.42336,18.483,0.42336,0,0,442.007,0,0.946944,0,0,1.17435,0.227405,1.028160,1,0,25.4229,0,0,0,25.4229,0
56.9816,2.72059,0,0,1.13986,0.0844341,0.36288,3.6288,60.1039,0.576901,0,0,0.810611,0.28526,0,0.66528,12.849,1,0.592392,0.36288,0,25.0131,5.85942,18.9241,0.84672,12.849,0.84672,3695.15,0,18.483,0,1.0664,1.86088,4.0872,1.53865,5.47584,0.42336,18.483,0.42336,0,0,442.007,0,1.02816,0,0,2.09456,1.0664,1.028160,1,0,24.4,0,0,0,24.4,0
54.7182,2.70345,0,0,0.890965,0.0880573,0.36288,3.6288,59.8345,0.576938,0,0,0.559681,0.252162,0,0.66528,12.849,1,0.60961,0.36288,0,23.2234,5.04824,17.9284,0.84672,12.849,0.84672,3695.15,0,18.483,0,0.424976,1.86092,3.77966,1.23161,4.83395,0.42336,18.483,0.42336,0,0,442.007,0,1.02816,0,0,1.45314,0.424976,1.028160,1,0,22.7624,0,0,0,22.7624,0
52.2357,2.60122,0,0,0.568027,0.086464,0.36288,3.6288,59.3604,0.653632,0,0,0.424817,0.245295,0,0.66528,12.849,1,0.610823,0.36288,0,27.7081,5.35678,22.1034,0.84672,12.849,0.84672,3695.15,0,18.483,0,0.204422,1.86097,2.17943,1.40413,2.84069,0.42336,18.483,0.42336,0,0,442.007,0,0.874273,0,0,1.0787,0.204422,1.028160,1,0,24.9441,0,0,0,24.9441,0
49.7375,2.57799,0,0,0.527004,0.0843021,0.36288,3.6288,58.6439,0.903173,0,0,0.431235,0.244553,0,0.66528,12.849,1,0.634136,0.36288,0,16.4578,5.35678,10.8298,0.84672,12.849,0.84672,3695.15,0,18.483,0,0.204422,1.7824,1.64697,1.40413,2.22967,0.42336,18.483,0.42336,0,0,442.007,0,0.624767,0,0,0.829189,0.204422,1.028160,1,0,13.0594,0,0,0,13.0594,0
48.0573,2.55273,0,0,1.39449,0.159041,0.36288,3.6288,58.6662,0.499816,0,0,0.774211,0.252042,0,0.66528,12.849,1,0.659463,0.36288,0,24.5312,4.79934,19.4353,0.84672,12.849,0.84672,3695.15,0,18.483,0,1.08048,1.78244,4.81141,1.28043,6.39389,0.42336,18.483,0.42336,0,0,442.007,0,1.02816,0,0,2.10864,1.08048,1.028160,1,0,25.8292,0,0,0,25.8292,0
46.0019,2.5346,0,0,1.01777,0.175714,0.36288,3.6288,58.395,0.599807,0,0,0.591583,0.263011,0,0.66528,12.849,1,0.677671,0.36288,0,39.3948,4.69707,34.3829,0.84672,12.849,0.84672,3695.15,0,18.483,0,0.216518,1.78248,2.79078,1.23518,3.5546,0.42336,18.483,0.42336,0,0,442.007,0,0.928204,0,0,1.14472,0.216518,1.028160,1,0,37.9375,0,0,0,37.9375,0
44.4327,2.44612,0,0,1.39512,0.155349,0.36288,3.6288,58.0205,0.590821,0,0,0.421953,0.205679,0,0.66528,12.849,1,0.683238,0.36288,0,27.0273,3.94241,22.7645,0.84672,12.849,0.84672,3695.15,0,18.483,0,0.216518,1.78252,2.85709,0.976639,3.87949,0.42336,18.483,0.42336,0,0,442.007,0,0.86692,0,0,1.08344,0.216518,1.028160,1,0,26.644,0,0,0,26.644,0
42.9573,2.42746,0,0,1.5026,0.187678,0.36288,3.6288,57.26,0.87124,0,0,0.287711,0.176887,0,0.66528,12.849,1,0.701971,0.36288,0,28.4874,3.69506,24.4532,0.84672,12.849,0.84672,3695.15,0,18.483,0,0.216518,1.71269,2.62329,0.942669,3.60984,0.42336,18.483,0.42336,0,0,442.007,0,0.586535,0,0,0.803053,0.216518,1.028160,1,0,28.0631,0,0,0,28.0631,0
41.7548,2.40896,0,0,1.75388,0.184534,0.36288,3.6288,57.2186,0.429649,0,0,0.564204,0.176019,0,0.66528,12.849,1,0.720547,0.36288,0,33.1589,3.69506,29.1061,0.84672,12.849,0.84672,3695.15,0,18.483,0,0.829086,1.71273,4.165,0.942669,5.76415,0.42336,18.483,0.42336,0,0,442.007,0,1.02816,0,0,1.85725,0.829086,1.028160,1,0,34.8703,0,0,0,34.8703,0
43.4974,2.39315,0,0,4.68068,0.181972,0.36288,3.6288,57.9946,0.429683,0,0,1.38168,0.175971,0,0.66528,12.849,1,0.736432,0.36288,0,97.4513,3.69506,93.3827,0.84672,12.849,0.84672,3695.15,0,18.483,0,2.44677,1.71277,7.86345,0.942669,11.0803,0.42336,18.483,0.42336,0,0,442.007,0,1.02816,0,0,3.47493,2.44677,1.028160,1,0,104.463,0,0,0,104.463,0
43.5406,2.23403,0,0,2.84904,0.208933,0.36288,3.6288,58.177,0.283278,0,0,0.639101,0.173385,0,0.66528,12.849,1,0.659925,0.36288,0,52.3141,3.41139,48.6056,0.84672,12.849,0.84672,3695.15,0,18.483,0,0.484039,1.71281,4.61433,0.882308,5.92887,0.42336,18.483,0.42336,0,0,442.007,0,1.02816,0,0,1.5122,0.484039,1.028160,1,0,54.5345,0,0,0,54.5345,0
47.2026,2.23459,0,0,6.4589,0.199526,0.36288,3.6288,59.9923,0.283308,0,0,2.30331,0.204775,0,0.66528,12.849,1,0.659434,0.36288,0,97.3927,3.54102,93.5551,0.84672,12.849,0.84672,3695.15,0,18.483,0,2.61365,1.55554,7.95511,0.945685,11.1786,0.42336,18.483,0.42336,0,0,442.007,0,1.02816,0,0,3.64181,2.61365,1.028160,1,0,104.734,0,0,0,104.734,0
49.3394,2.27485,0,0,4.98244,0.207907,0.36288,3.6288,60.3921,0.283338,0,0,0.890355,0.207173,0,0.66528,12.849,1,0.619237,0.36288,0,81.0061,3.54102,77.2087,0.84672,12.849,0.84672,3695.15,0,18.483,0,1.37556,1.55558,7.06467,0.945685,9.05012,0.42336,18.483,0.42336,0,0,442.007,0,1.02816,0,0,2.40372,1.37556,1.028160,1,0,86.2588,0,0,0,86.2588,0
50.7387,2.29618,0,0,4.27125,0.212797,0.36288,3.6288,60.9477,0.283369,0,0,1.0467,0.207701,0,0.66528,12.849,1,0.597974,0.36288,0,84.7005,3.54102,80.9244,0.84672,12.849,0.84672,3695.15,0,18.483,0,2.09053,1.55562,7.3618,0.945685,10.0623,0.42336,18.483,0.42336,0,0,442.007,0,1.02816,0,0,3.11869,2.09053,1.028160,1,0,90.9867,0,0,0,90.9867,0
53.128,2.30939,0,0,5.31619,0.25466,0.36288,3.6288,61.308,0.283399,0,0,2.06511,0.254353,1.1671,0.66528,12.849,1,0.584827,0.36288,0,95.1428,3.98172,90.9391,0.84672,12.849,0.84672,3695.15,0,18.483,0,2.667,1.55565,8.45087,1.09211,11.5814,0.42336,18.483,0.42336,0,0,442.007,0,1.02816,0,0,3.69516,2.667,1.028160,1,0,103.688,0,0,0,103.688,0
58.3646,2.40363,0,0,8.27287,0.269756,0.36288,3.6288,61.308,0.325834,0,0,5.681,0.216912,5.13825,0.66528,12.849,1,0.581318,0.36288,0,198.35,4.10665,194.025,0.84672,12.849,0.84672,3695.15,0,18.483,0,5.65819,1.55569,17.8152,1.0651,23.9639,0.42336,18.483,0.42336,0,0,442.007,0,1.02816,0,0,6.68635,5.65819,1.028160,1,0,223.127,0,0,0,223.127,0
60.7414,2.44642,0,0,5.47035,0.284215,0.36288,3.6288,61.308,0.325855,0,0,2.65214,0.216912,2.10938,0.66528,12.849,1,0.53858,0.36288,0,151.099,4.10665,146.817,0.84672,12.849,0.84672,3695.15,0,18.483,0,4.42764,1.60548,13.5498,1.0651,18.5178,0.42336,18.483,0.42336,0,0,442.007,0,1.02816,0,0,5.4558,4.42764,1.028160,1,0,167.444,0,0,0,167.444,0
62.4315,2.46385,0,0,4.80738,0.29063,0.36288,3.6288,61.308,0.325876,0,0,2.34585,0.216912,1.80306,0.66528,12.849,1,0.521193,0.36288,0,123.772,4.10665,119.507,0.84672,12.849,0.84672,3695.15,0,18.483,0,4.07246,1.6055,11.9779,1.0651,16.5907,0.42336,18.483,0.42336,0,0,442.007,0,1.02816,0,0,5.10062,4.07246,1.028160,1,0,137.901,0,0,0,137.901,0
63.3751,2.47559,0,0,4.07685,0.294715,0.36288,3.6288,61.308,0.325898,0,0,1.57937,0.216912,1.03656,0.66528,12.849,1,0.5095,0.36288,0,97.543,4.10665,93.2897,0.84672,12.849,0.84672,3695.15,0,18.483,0,2.9486,1.60553,11.9297,1.0651,15.4187,0.42336,18.483,0.42336,0,0,442.007,0,1.02816,0,0,3.97676,2.9486,1.028160,1,0,109.745,0,0,0,109.745,0
64.8177,2.72402,0,0,4.82549,0.29604,0.36288,3.6288,61.308,0.48513,0,0,2.47731,0.227248,1.76493,0.66528,12.849,1,0.552281,0.36288,0,124.11,4.18283,119.738,0.84672,12.849,0.84672,3695.15,0,18.483,0,4.02712,1.60555,11.3737,1.23762,15.7687,0.42336,18.483,0.42336,0,0,442.007,0,1.02816,0,0,5.05528,4.02712,1.028160,1,0,137.272,0,0,0,137.272,0
67.276,2.73432,0,0,5.82119,0.265717,0.36288,3.6288,61.308,0.485154,0,0,3.22151,0.244372,2.49198,0.66528,12.849,1,0.542032,0.36288,0,119.28,4.14026,114.96,0.84672,12.849,0.84672,3695.15,0,18.483,0,4.89694,1.78315,12.5106,1.19318,17.9975,0.42336,18.483,0.42336,0,0,442.007,0,1.02816,0,0,5.9251,4.89694,1.028160,1,0,135.45,0,0,0,135.45,0
71.0702,2.75099,0,0,7.17905,0.270972,0.36288,3.6288,61.308,0.485178,0,0,4.30642,0.244372,3.57687,0.66528,12.849,1,0.525411,0.36288,0,175.229,4.14026,170.926,0.84672,12.849,0.84672,3695.15,0,18.483,0,4.9377,1.78317,15.3588,1.19318,20.8865,0.42336,18.483,0.42336,0,0,442.007,0,1.02816,0,0,5.96586,4.9377,1.028160,1,0,195.389,0,0,0,195.389,0
74.6394,2.77479,0,0,6.98602,0.279081,0.36288,3.6288,61.308,0.485201,0,0,3.59551,0.244372,2.86594,0.66528,12.849,1,0.501663,0.36288,0,175.634,4.14026,171.355,0.84672,12.849,0.84672,3695.15,0,18.483,0,5.5131,1.7832,19.8175,1.19318,25.9206,0.42336,18.483,0.42336,0,0,442.007,0,1.02816,0,0,6.54126,5.5131,1.028160,1,0,200.141,0,0,0,200.141,0
76.3584,2.44098,0,0,4.93345,0.410604,0.36288,3.6288,61.308,0.271549,0,0,2.66696,0.250553,2.14486,0.66528,12.849,1,0.420209,0.36288,0,141.502,4.08401,137.36,0.84672,12.849,0.84672,3695.15,0,18.483,0,4.50617,1.78323,20.2958,1.13277,25.4524,0.42336,18.483,0.42336,0,0,442.007,0,1.02816,0,0,5.53433,4.50617,1.028160,1,0,164.958,0,0,0,164.958,0
76.2375,2.44912,0,0,3.11401,0.42295,0.36288,3.6288,61.308,0.271569,0,0,1.14434,0.287204,0.585569,0.66528,12.849,1,0.412118,0.36288,0,83.6749,4.36538,79.2603,0.84672,12.849,0.84672,3695.15,0,18.483,0,2.82765,1.54034,7.49204,1.17326,10.6868,0.42336,18.483,0.42336,0,0,442.007,0,1.02816,0,0,3.85581,2.82765,1.028160,1,0,90.5327,0,0,0,90.5327,0
79.2633,2.44859,0,0,6.26745,0.430119,0.36288,3.6288,61.308,0.27159,0,0,1.84781,0.270799,1.30542,0.66528,12.849,1,0.412684,0.36288,0,142.159,4.22671,137.883,0.84672,12.849,0.84672,3695.15,0,18.483,0,2.21658,1.54037,11.7944,1.10883,14.4425,0.42336,18.483,0.42336,0,0,442.007,0,1.02816,0,0,3.24474,2.21658,1.028160,1,0,153.631,0,0,0,153.631,0
82.9544,2.46219,0,0,6.97916,0.463017,0.36288,3.6288,61.308,0.27161,0,0,2.54301,0.229788,2.04161,0.66528,12.849,1,0.399134,0.36288,0,153.669,3.88007,149.753,0.84672,12.849,0.84672,3695.15,0,18.483,0,4.85192,1.54039,21.2106,0.94775,26.6552,0.42336,18.483,0.42336,0,0,442.007,0,1.02816,0,0,5.88008,4.85192,1.028160,1,0,178.45,0,0,0,178.45,0
83.6276,2.47761,0,0,3.99681,0.483172,0.36288,3.6288,61.308,0.271631,0,0,1.63331,0.226889,1.13479,0.66528,12.849,1,0.383762,0.36288,0,77.4628,3.98395,73.4579,0.84672,12.849,0.84672,3695.15,0,18.483,0,2.05199,1.54041,7.90068,0.950637,10.5424,0.42336,18.483,0.42336,0,0,442.007,0,1.02816,0,0,3.08015,2.05199,1.028160,1,0,85.1352,0,0,0,85.1352,0
86.1853,2.57095,0,0,5.99861,0.507097,0.36288,3.6288,61.308,0.323928,0,0,1.84218,0.209494,1.30876,0.66528,12.849,1,0.395015,0.36288,0,120.748,4.6073,116.109,0.84672,12.849,0.84672,3695.15,0,18.483,0,3.87997,1.54044,12.2625,0.967964,16.7149,0.42336,18.483,0.42336,0,0,442.007,0,1.02816,0,0,4.90813,3.87997,1.028160,1,0,134.133,0,0,0,134.133,0
88.0094,2.58119,0,0,5.28748,0.519253,0.36288,3.6288,61.308,0.32395,0,0,1.79927,0.209494,1.26583,0.66528,12.849,1,0.384819,0.36288,0,105.114,4.6073,100.485,0.84672,12.849,0.84672,3695.15,0,18.483,0,3.41882,1.60044,11.3325,0.967964,15.3838,0.42336,18.483,0.42336,0,0,442.007,0,1.02816,0,0,4.44698,3.41882,1.028160,1,0,117.135,0,0,0,117.135,0
88.5721,2.58819,0,0,4.04165,0.527922,0.36288,3.6288,61.308,0.323971,0,0,1.36828,0.209494,0.834817,0.66528,12.849,1,0.377865,0.36288,0,78.4668,4.6073,73.8445,0.84672,12.849,0.84672,3695.15,0,18.483,0,2.2087,1.60047,8.30719,0.967964,11.1484,0.42336,18.483,0.42336,0,0,442.007,0,1.02816,0,0,3.23686,2.2087,1.028160,1,0,85.8277,0,0,0,85.8277,0
88.744,2.59033,0,0,3.60526,0.480102,0.36288,3.6288,61.308,0.323992,0,0,1.15455,0.224884,0.60567,0.66528,12.849,1,0.375775,0.36288,0,69.5667,4.77057,64.7832,0.84672,12.849,0.84672,3695.15,0,18.483,0,1.92121,1.6005,7.34184,0.982601,9.88094,0.42336,18.483,0.42336,0,0,442.007,0,1.02816,0,0,2.94937,1.92121,1.028160,1,0,75.2698,0,0,0,75.2698,0
88.6293,2.55529,0,0,3.21456,0.411067,0.36288,3.6288,61.308,0.303708,0,0,1.16312,0.219107,0.640301,0.66528,12.849,1,0.369974,0.36288,0,68.1722,4.8498,63.3153,0.84672,12.849,0.84672,3695.15,0,18.483,0,1.79837,1.60052,6.1183,1.08144,8.43575,0.42336,18.483,0.42336,0,0,442.007,0,1.02816,0,0,2.82653,1.79837,1.028160,1,0,72.3914,0,0,0,72.3914,0
88.1926,2.55492,0,0,2.87081,0.389757,0.36288,3.6288,61.308,0.303729,0,0,1.18867,0.218455,0.66649,0.66528,12.849,1,0.370398,0.36288,0,63.8366,4.83063,58.9985,0.84672,12.849,0.84672,3695.15,0,18.483,0,1.82275,1.5772,5.96025,1.09974,8.26046,0.42336,18.483,0.42336,0,0,442.007,0,1.02816,0,0,2.85091,1.82275,1.028160,1,0,67.9254,0,0,0,67.9254,0
87.4653,2.55336,0,0,2.57714,0.388233,0.36288,3.6288,61.308,0.30375,0,0,1.25392,0.218455,0.731719,0.66528,12.849,1,0.372005,0.36288,0,59.0277,4.83063,54.1879,0.84672,12.849,0.84672,3695.15,0,18.483,0,1.89827,1.57722,5.98622,1.09974,8.36197,0.42336,18.483,0.42336,0,0,442.007,0,1.02816,0,0,2.92643,1.89827,1.028160,1,0,63.2816,0,0,0,63.2816,0
86.9682,2.5507,0,0,2.80225,0.385695,0.36288,3.6288,61.308,0.303771,0,0,1.08086,0.218455,0.55863,0.66528,12.849,1,0.374708,0.36288,0,60.9018,4.83063,56.0593,0.84672,12.849,0.84672,3695.15,0,18.483,0,1.47334,1.57725,7.33556,1.09974,9.28641,0.42336,18.483,0.42336,0,0,442.007,0,1.02816,0,0,2.5015,1.47334,1.028160,1,0,65.9044,0,0,0,65.9044,0
86.163,2.66978,0,0,2.54763,0.320242,0.36288,3.6288,61.308,0.375804,0,0,1.03898,0.235004,0.428169,0.66528,12.849,1,0.394443,0.36288,0,59.1514,5.76422,53.3556,0.84672,12.849,0.84672,3695.15,0,18.483,0,1.42235,1.57727,5.96089,1.06574,7.89478,0.42336,18.483,0.42336,0,0,442.007,0,1.02816,0,0,2.45051,1.42235,1.028160,1,0,61.6786,0,0,0,61.6786,0
85.1891,2.66662,0,0,2.2531,0.197495,0.36288,3.6288,61.308,0.375826,0,0,0.937846,0.253938,0.308082,0.66528,12.849,1,0.397658,0.36288,0,46.8161,5.24339,41.5379,0.84672,12.849,0.84672,3695.15,0,18.483,0,0.898707,1.65894,5.09833,1.1118,6.54417,0.42336,18.483,0.42336,0,0,442.007,0,1.02816,0,0,1.92687,0.898707,1.028160,1,0,48.3902,0,0,0,48.3902,0
84.1233,2.66271,0,0,2.15553,0.195734,0.36288,3.6288,61.308,0.375848,0,0,0.895985,0.253938,0.266199,0.66528,12.849,1,0.401614,0.36288,0,43.1247,5.24339,37.8426,0.84672,12.849,0.84672,3695.15,0,18.483,0,0.827651,1.65897,4.93063,1.1118,6.30545,0.42336,18.483,0.42336,0,0,442.007,0,1.02816,0,0,1.85581,0.827651,1.028160,1,0,44.4143,0,0,0,44.4143,0
82.9723,2.65834,0,0,2.06399,0.193807,0.36288,3.6288,61.308,0.37587,0,0,0.910872,0.253938,0.281063,0.66528,12.849,1,0.406035,0.36288,0,41.1452,5.24339,35.8587,0.84672,12.849,0.84672,3695.15,0,18.483,0,1.0525,1.65899,4.69452,1.1118,6.29421,0.42336,18.483,0.42336,0,0,442.007,0,1.02816,0,0,2.08066,1.0525,1.028160,1,0,42.434,0,0,0,42.434,0
81.7459,2.6535,0,0,2.01468,0.224612,0.36288,3.6288,61.308,0.375893,0,0,0.929604,0.250429,0.303282,0.66528,12.849,1,0.410919,0.36288,0,40.3968,4.85665,35.4921,0.84672,12.849,0.84672,3695.15,0,18.483,0,1.05475,1.65902,4.52724,1.14226,6.09874,0.42336,18.483,0.42336,0,0,442.007,0,1.02816,0,0,2.08291,1.05475,1.028160,1,0,41.8942,0,0,0,41.8942,0
81.1219,2.6245,0,0,2.52318,0.159826,0.36288,3.6288,61.308,0.415497,0,0,1.39634,0.275464,0.705376,0.66528,12.849,1,0.412524,0.36288,0,48.1537,5.4978,42.6062,0.84672,12.849,0.84672,3695.15,0,18.483,0,1.74037,1.65904,5.92719,1.21076,8.11585,0.42336,18.483,0.42336,0,0,442.007,0,1.02816,0,0,2.76853,1.74037,1.028160,1,0,51.4274,0,0,0,51.4274,0
80.491,2.6218,0,0,2.51267,0.158874,0.36288,3.6288,61.308,0.41552,0,0,1.39531,0.275464,0.704325,0.66528,12.849,1,0.41527,0.36288,0,45.4888,5.4978,39.9386,0.84672,12.849,0.84672,3695.15,0,18.483,0,1.92071,1.68451,6.38545,1.21076,8.77991,0.42336,18.483,0.42336,0,0,442.007,0,1.02816,0,0,2.94887,1.92071,1.028160,1,0,49.4229,0,0,0,49.4229,0
79.7708,2.61903,0,0,2.4125,0.150847,0.36288,3.6288,61.308,0.415542,0,0,1.34141,0.283236,0.642634,0.66528,12.849,1,0.418083,0.36288,0,42.6983,5.60638,37.0367,0.84672,12.849,0.84672,3695.15,0,18.483,0,1.95026,1.68453,6.4723,1.24751,8.85958,0.42336,18.483,0.42336,0,0,442.007,0,1.02816,0,0,2.97842,1.95026,1.028160,1,0,46.5389,0,0,0,46.5389,0
78.8064,2.61582,0,0,2.12229,0.108002,0.36288,3.6288,61.308,0.415565,0,0,1.26935,0.32719,0.52659,0.66528,12.849,1,0.421341,0.36288,0,40.3975,6.39349,33.9456,0.84672,12.849,0.84672,3695.15,0,18.483,0,1.57608,1.68456,6.21181,1.5183,7.95415,0.42336,18.483,0.42336,0,0,442.007,0,1.02816,0,0,2.60424,1.57608,1.028160,1,0,42.4263,0,0,0,42.4263,0
78.1244,2.67238,0,0,2.45325,0.0999145,0.36288,3.6288,61.308,0.450866,0,0,1.23644,0.307247,0.478322,0.66528,12.849,1,0.435718,0.36288,0,40.9832,6.14097,34.7693,0.84672,12.849,0.84672,3695.15,0,18.483,0,1.71542,1.68459,6.02076,1.49817,7.92259,0.42336,18.483,0.42336,0,0,442.007,0,1.02816,0,0,2.74358,1.71542,1.028160,1,0,43.1703,0,0,0,43.1703,0
77.3081,2.66915,0,0,2.31188,0.0961376,0.36288,3.6288,61.308,0.45089,0,0,1.19153,0.301949,0.438686,0.66528,12.849,1,0.438991,0.36288,0,40.2006,5.90436,34.2202,0.84672,12.849,0.84672,3695.15,0,18.483,0,1.48644,1.72515,5.83044,1.43983,7.6022,0.42336,18.483,0.42336,0,0,442.007,0,1.02816,0,0,2.5146,1.48644,1.028160,1,0,42.261,0,0,0,42.261,0
76.3136,2.66522,0,0,2.12888,0.0953621,0.36288,3.6288,61.308,0.450913,0,0,1.16744,0.301949,0.414575,0.66528,12.849,1,0.442973,0.36288,0,37.9149,5.90436,31.9305,0.84672,12.849,0.84672,3695.15,0,18.483,0,1.3571,1.72518,5.77139,1.43983,7.41384,0.42336,18.483,0.42336,0,0,442.007,0,1.02816,0,0,2.38526,1.3571,1.028160,1,0,39.7589,0,0,0,39.7589,0
74.989,2.66032,0,0,1.76744,0.0687687,0.36288,3.6288,61.308,0.450936,0,0,1.1611,0.306903,0.403255,0.66528,12.849,1,0.447921,0.36288,0,35.9554,6.19864,29.6717,0.84672,12.849,0.84672,3695.15,0,18.483,0,1.3426,1.72521,5.49643,1.42556,7.13868,0.42336,18.483,0.42336,0,0,442.007,0,1.02816,0,0,2.37076,1.3426,1.028160,1,0,37.2136,0,0,0,37.2136,0
73.3558,2.83083,0,0,1.63205,0.0716114,0.36288,3.6288,61.308,0.578305,0,0,1.12519,0.302202,0.24468,0.66528,12.849,1,0.485049,0.36288,0,33.4258,6.05328,27.2504,0.84672,12.849,0.84672,3695.15,0,18.483,0,1.45821,1.72523,5.74404,1.37953,7.54796,0.42336,18.483,0.42336,0,0,442.007,0,1.02816,0,0,2.48637,1.45821,1.028160,1,0,35.043,0,0,0,35.043,0
71.6808,2.82169,0,0,1.54748,0.0378666,0.36288,3.6288,61.308,0.578331,0,0,1.1406,0.315152,0.247119,0.66528,12.849,1,0.494247,0.36288,0,30.3989,6.1195,24.148,0.84672,12.849,0.84672,3695.15,0,18.483,0,1.81321,1.86255,6.46946,1.48729,8.65792,0.42336,18.483,0.42336,0,0,442.007,0,1.02816,0,0,2.84137,1.81321,1.028160,1,0,33.0531,0,0,0,33.0531,0
70.0584,2.81194,0,0,1.57982,0.0274124,0.36288,3.6288,61.308,0.578356,0,0,1.09236,0.315152,0.198848,0.66528,12.849,1,0.504048,0.36288,0,28.046,6.1195,21.7853,0.84672,12.849,0.84672,3695.15,0,18.483,0,1.69756,1.86258,6.6325,1.48729,8.70534,0.42336,18.483,0.42336,0,0,442.007,0,1.02816,0,0,2.72572,1.69756,1.028160,1,0,30.6895,0,0,0,30.6895,0
69.2156,2.80212,0,0,2.35432,0.0320775,0.36288,3.6288,61.308,0.578381,0,0,1.29324,0.314079,0.400784,0.66528,12.849,1,0.51392,0.36288,0,36.1025,6.08982,29.8616,0.84672,12.849,0.84672,3695.15,0,18.483,0,2.2556,1.86261,7.269,1.48365,9.90356,0.42336,18.483,0.42336,0,0,442.007,0,1.02816,0,0,3.28376,2.2556,1.028160,1,0,40.166,0,0,0,40.166,0
69.3594,2.79688,0,0,3.35796,0.054486,0.36288,3.6288,61.308,0.578406,0,0,1.67129,0.30484,0.788041,0.66528,12.849,1,0.519206,0.36288,0,52.9587,6.02628,46.7761,0.84672,12.849,0.84672,3695.15,0,18.483,0,2.4119,1.86264,7.95882,1.46026,10.7731,0.42336,18.483,0.42336,0,0,442.007,0,1.02816,0,0,3.44006,2.4119,1.028160,1,0,58.3372,0,0,0,58.3372,0
68.277,2.71247,0,0,1.9575,-0.0354538,0.36288,3.6288,61.114,0.501131,0,0,0.658757,0.351582,0,0.66528,12.849,1,0.502492,0.36288,0,26.2392,6.09033,20.0092,0.84672,12.849,0.84672,3695.15,0,18.483,0,1.3815,1.86267,6.00181,1.6161,7.62988,0.42336,18.483,0.42336,0,0,442.007,0,1.02816,0,0,2.40966,1.3815,1.028160,1,0,27.6391,0,0,0,27.6391,0
67.0643,2.70581,0,0,1.93687,0.0808564,0.36288,3.6288,61.1326,0.501156,0,0,0.796029,0.276327,0,0.66528,12.849,1,0.509204,0.36288,0,24.023,4.23098,19.6457,0.84672,12.849,0.84672,3695.15,0,18.483,0,1.79026,1.78401,6.84786,1.15818,9.26395,0.42336,18.483,0.42336,0,0,442.007,0,1.02816,0,0,2.81842,1.79026,1.028160,1,0,28.9096,0,0,0,28.9096,0
66.0093,2.69812,0,0,2.09798,0.091934,0.36288,3.6288,61.3011,0.50118,0,0,0.950115,0.28038,0,0.66528,12.849,1,0.51694,0.36288,0,26.3599,4.29608,21.9098,0.84672,12.849,0.84672,3695.15,0,18.483,0,1.90781,1.78404,7.84944,1.19546,10.3458,0.42336,18.483,0.42336,0,0,442.007,0,1.02816,0,0,2.93597,1.90781,1.028160,1,0,32.2556,0,0,0,32.2556,0
64.9998,2.69125,0,0,2.13574,0.0911677,0.36288,3.6288,61.308,0.501204,0,0,0.97143,0.280679,0.182692,0.66528,12.849,1,0.523863,0.36288,0,37.4763,4.29608,33.0192,0.84672,12.849,0.84672,3695.15,0,18.483,0,2.10742,1.78407,8.45459,1.19546,11.1506,0.42336,18.483,0.42336,0,0,442.007,0,1.02816,0,0,3.13558,2.10742,1.028160,1,0,44.3525,0,0,0,44.3525,0
63.5154,2.61515,0,0,1.62314,0.129517,0.36288,3.6288,61.308,0.430861,0,0,1.04899,0.244344,0.373783,0.66528,12.849,1,0.516957,0.36288,0,34.4984,4.12105,30.2233,0.84672,12.849,0.84672,3695.15,0,18.483,0,1.81069,1.7841,8.5518,1.04674,11.0999,0.42336,18.483,0.42336,0,0,442.007,0,1.02816,0,0,2.83885,1.81069,1.028160,1,0,41.6969,0,0,0,41.6969,0
62.042,2.60514,0,0,1.72332,0.228713,0.36288,3.6288,61.308,0.430884,0,0,0.753382,0.208912,0.113587,0.66528,12.849,1,0.527014,0.36288,0,30.1367,4.06767,25.9049,0.84672,12.849,0.84672,3695.15,0,18.483,0,0.822277,1.7142,8.03753,1.03441,9.5396,0.42336,18.483,0.42336,0,0,442.007,0,1.02816,0,0,1.85044,0.822277,1.028160,1,0,35.558,0,0,0,35.558,0
60.3406,2.59482,0,0,1.53552,0.279162,0.36288,3.6288,61.189,0.430907,0,0,0.514648,0.202783,0,0.66528,12.849,1,0.537391,0.36288,0,26.5234,4.12608,22.2228,0.84672,12.849,0.84672,3695.15,0,18.483,0,0.32114,1.71422,6.71665,1.10881,7.6432,0.42336,18.483,0.42336,0,0,442.007,0,1.02816,0,0,1.3493,0.32114,1.028160,1,0,29.866,0,0,0,29.866,0
59.1458,2.58236,0,0,2.02569,0.275254,0.36288,3.6288,61.308,0.43093,0,0,1.17109,0.20263,0.418493,0.66528,12.849,1,0.549892,0.36288,0,35.486,4.12608,31.1729,0.84672,12.849,0.84672,3695.15,0,18.483,0,2.41228,1.71425,11.9386,1.10881,14.9563,0.42336,18.483,0.42336,0,0,442.007,0,1.02816,0,0,3.44044,2.41228,1.028160,1,0,46.5477,0,0,0,46.5477,0
61.9353,2.37948,0,0,5.79626,0.26436,0.36288,3.6288,61.308,0.28439,0,0,2.64967,0.205928,2.15935,0.66528,12.849,1,0.516925,0.36288,0,103.541,3.95547,99.431,0.84672,12.849,0.84672,3695.15,0,18.483,0,5.44588,1.71428,21.1251,1.07265,27.2126,0.42336,18.483,0.42336,0,0,442.007,0,1.02816,0,0,6.47404,5.44588,1.028160,1,0,128.803,0,0,0,128.803,0
63.3134,2.3988,0,0,4.39078,0.251047,0.36288,3.6288,61.308,0.28441,0,0,1.88027,0.21379,1.38207,0.66528,12.849,1,0.497651,0.36288,0,98.9557,3.52894,95.2919,0.84672,12.849,0.84672,3695.15,0,18.483,0,4.96039,1.55686,15.0886,0.982256,20.6235,0.42336,18.483,0.42336,0,0,442.007,0,1.02816,0,0,5.98855,4.96039,1.028160,1,0,117.298,0,0,0,117.298,0
62.8315,2.40784,0,0,2.54273,0.253896,0.36288,3.6288,61.308,0.284431,0,0,1.09645,0.21379,0.59823,0.66528,12.849,1,0.488655,0.36288,0,56.5195,3.52894,52.8648,0.84672,12.849,0.84672,3695.15,0,18.483,0,2.53074,1.55689,13.3421,0.982256,16.4475,0.42336,18.483,0.42336,0,0,442.007,0,1.02816,0,0,3.5589,2.53074,1.028160,1,0,69.9105,0,0,0,69.9105,0
62.1441,2.40477,0,0,2.34344,0.2632,0.36288,3.6288,61.308,0.284451,0,0,0.776265,0.224456,0.267358,0.66528,12.849,1,0.491774,0.36288,0,44.4963,3.75752,40.6098,0.84672,12.849,0.84672,3695.15,0,18.483,0,1.73701,1.55691,16.1757,1.05356,18.4161,0.42336,18.483,0.42336,0,0,442.007,0,1.02816,0,0,2.76517,1.73701,1.028160,1,0,59.2933,0,0,0,59.2933,0
62.3197,2.4003,0,0,3.2261,0.287329,0.36288,3.6288,61.308,0.284472,0,0,1.35549,0.251121,0.819893,0.66528,12.849,1,0.496289,0.36288,0,72.4161,4.32894,67.9537,0.84672,12.849,0.84672,3695.15,0,18.483,0,3.25417,1.55694,15.9697,1.23181,19.5489,0.42336,18.483,0.42336,0,0,442.007,0,1.02816,0,0,4.28233,3.25417,1.028160,1,0,88.3226,0,0,0,88.3226,0
64.5588,2.40146,0,0,5.29133,0.287848,0.36288,3.6288,61.308,0.284472,0,0,1.01949,0.298232,0.436781,0.66528,12.849,1,0.49513,0.36288,0,107.057,5.15478,101.77,0.84672,12.849,0.84672,3695.15,0,18.483,0,0.881124,1.55696,13.0339,1.30033,14.1716,0.42336,18.483,0.42336,0,0,442.007,0,1.02816,0,0,1.90928,0.881124,1.028160,1,0,116.379,0,0,0,116.379,0
65.0622,2.49149,0,0,3.65089,0.293156,0.36288,3.6288,61.308,0.326932,0,0,1.2502,0.306084,0.617184,0.66528,12.849,1,0.495876,0.36288,0,82.7703,5.29242,77.3449,0.84672,12.849,0.84672,3695.15,0,18.483,0,0.97181,1.55696,6.93289,1.31175,8.14991,0.42336,18.483,0.42336,0,0,442.007,0,1.02816,0,0,1.99997,0.97181,1.028160,1,0,86.112,0,0,0,86.112,0
74.5937,2.49472,0,0,12.6683,0.279149,0.36288,3.6288,61.308,0.326943,0,0,3.2227,0.296449,2.59931,0.66528,12.849,1,0.492677,0.36288,0,237.659,4.72296,232.806,0.84672,12.849,0.84672,3695.15,0,18.483,0,4.38725,1.60678,28.5764,1.19509,33.3753,0.42336,18.483,0.42336,0,0,442.007,0,1.02816,0,0,5.41541,4.38725,1.028160,1,0,268.781,0,0,0,268.781,0
78.5465,2.54844,0,0,7.25858,0.394517,0.36288,3.6288,61.308,0.326954,0,0,2.07613,0.289223,1.45995,0.66528,12.849,1,0.438977,0.36288,0,138.074,4.29587,133.702,0.84672,12.849,0.84672,3695.15,0,18.483,0,2.3471,1.60679,14.1931,1.10759,17.0394,0.42336,18.483,0.42336,0,0,442.007,0,1.02816,0,0,3.37526,2.3471,1.028160,1,0,152.202,0,0,0,152.202,0
83.4854,2.56745,0,0,8.30687,0.437595,0.36288,3.6288,61.308,0.326966,0,0,2.47646,0.29249,1.857,0.66528,12.849,1,0.419995,0.36288,0,168.591,4.37052,164.163,0.84672,12.849,0.84672,3695.15,0,18.483,0,4.6121,1.6068,22.7385,1.1253,27.8321,0.42336,18.483,0.42336,0,0,442.007,0,1.02816,0,0,5.64026,4.6121,1.028160,1,0,193.852,0,0,0,193.852,0
85.9257,2.84153,0,0,6.14144,0.496768,0.36288,3.6288,61.308,0.486313,0,0,1.94289,0.296845,1.15974,0.66528,12.849,1,0.437332,0.36288,0,141.218,4.47006,136.674,0.84672,12.849,0.84672,3695.15,0,18.483,0,2.6099,1.60682,11.122,1.14892,14.1898,0.42336,18.483,0.42336,0,0,442.007,0,1.02816,0,0,3.63806,2.6099,1.028160,1,0,152.023,0,0,0,152.023,0
88.0474,2.85236,0,0,5.86187,0.524908,0.36288,3.6288,61.308,0.486325,0,0,1.62035,0.282546,0.851474,0.66528,12.849,1,0.426531,0.36288,0,115.425,4.42434,110.937,0.84672,12.849,0.84672,3695.15,0,18.483,0,1.38264,1.78454,7.18934,1.10694,9.24959,0.42336,18.483,0.42336,0,0,442.007,0,1.02816,0,0,2.4108,1.38264,1.028160,1,0,121.038,0,0,0,121.038,0
91.6584,2.86135,0,0,7.41308,0.577851,0.36288,3.6288,61.308,0.486338,0,0,2.74814,0.246799,2.01501,0.66528,12.849,1,0.417565,0.36288,0,149.354,4.31004,144.99,0.84672,12.849,0.84672,3695.15,0,18.483,0,1.99349,1.78455,13.574,1.00198,16.3501,0.42336,18.483,0.42336,0,0,442.007,0,1.02816,0,0,3.02165,1.99349,1.028160,1,0,163.355,0,0,0,163.355,0
96.0205,2.8758,0,0,8.15763,0.556836,0.36288,3.6288,61.308,0.486351,0,0,2.19851,0.253304,1.45885,0.66528,12.849,1,0.40314,0.36288,0,172.638,4.23102,168.367,0.84672,12.849,0.84672,3695.15,0,18.483,0,5.62485,1.78457,22.5197,1.03688,28.8923,0.42336,18.483,0.42336,0,0,442.007,0,1.02816,0,0,6.65301,5.62485,1.028160,1,0,198.718,0,0,0,198.718,0
97.506,2.5254,0,0,7.9558,0.549985,3.39491,3.6288,61.308,0.272526,0,0,3.47098,0.204347,2.99411,0.66528,12.849,1,0.337937,3.39491,0,234.477,3.18475,234.349,0.84672,12.849,0.84672,3695.15,0,18.483,0,4.30139,1.78458,23.9084,0.807144,29.1873,0.42336,18.483,0.42336,0,0,442.007,0,1.02816,0,0,5.32955,4.30139,1.028160,1,0,266.53,0,0,0,266.53,0
97.506,2.52997,0,0,7.64865,0.556846,4.56183,3.6288,61.308,0.272537,0,0,1.58916,0.204347,1.11227,0.66528,12.849,1,0.333391,4.56183,0,182.82,3.18475,183.863,0.84672,12.849,0.84672,3695.15,0,18.483,0,3.02418,1.5415,18.1241,0.807144,21.8827,0.42336,18.483,0.42336,0,0,442.007,0,1.02816,0,0,4.05234,3.02418,1.028160,1,0,206.858,0,0,0,206.858,0
97.506,2.52999,0,0,11.4567,0.556846,8.36989,3.6288,61.308,0.272548,0,0,4.52905,0.204347,4.05216,0.66528,12.849,1,0.333394,8.36989,0,197.205,3.18475,202.056,0.84672,12.849,0.84672,3695.15,0,18.483,0,7.12403,1.54151,27.2982,0.807144,35.1566,0.42336,18.483,0.42336,0,0,442.007,0,1.02816,0,0,8.15219,7.12403,1.028160,1,0,241.265,0,0,0,241.265,0
97.506,2.53002,0,0,13.3853,0.558676,10.2967,3.6288,61.308,0.272559,0,0,3.78968,0.158928,3.35819,0.66528,12.849,1,0.333397,10.2967,0,188.763,2.97637,195.75,0.84672,12.849,0.84672,3695.15,0,18.483,0,5.16677,1.54153,28.4628,0.732046,34.439,0.42336,18.483,0.42336,0,0,442.007,0,1.02816,0,0,6.19493,5.16677,1.028160,1,0,233.547,0,0,0,233.547,0
97.506,2.53004,0,0,6.26136,0.543373,3.18795,3.6288,61.308,0.27257,0,0,2.39869,0.169594,1.95652,0.66528,12.849,1,0.333399,3.18795,0,119.941,2.73465,120.061,0.84672,12.849,0.84672,3695.15,0,18.483,0,4.47667,1.54154,21.3737,0.788959,26.603,0.42336,18.483,0.42336,0,0,442.007,0,1.02816,0,0,5.50483,4.47667,1.028160,1,0,148.621,0,0,0,148.621,0
97.506,2.6225,0,0,8.84183,0.516616,5.70271,3.6288,61.308,0.324896,0,0,3.45037,0.187043,2.93843,0.66528,12.849,1,0.345584,5.70271,0,181.826,3.43314,183.75,0.84672,12.849,0.84672,3695.15,0,18.483,0,5.63558,1.54155,25.7378,0.945421,31.9695,0.42336,18.483,0.42336,0,0,442.007,0,1.02816,0,0,6.66374,5.63558,1.028160,1,0,218.658,0,0,0,218.658,0
97.506,2.62252,0,0,6.31586,0.475908,3.21743,3.6288,61.308,0.324907,0,0,2.32916,0.181723,1.82253,0.66528,12.849,1,0.345587,3.21743,0,127.208,3.67122,126.409,0.84672,12.849,0.84672,3695.15,0,18.483,0,4.42966,1.60159,18.1774,0.991657,23.217,0.42336,18.483,0.42336,0,0,442.007,0,1.02816,0,0,5.45782,4.42966,1.028160,1,0,151.449,0,0,0,151.449,0
97.506,2.62255,0,0,5.21907,0.475908,2.12062,3.6288,61.308,0.324919,0,0,2.27395,0.181723,1.76731,0.66528,12.849,1,0.34559,2.12062,0,104.027,3.67122,102.131,0.84672,12.849,0.84672,3695.15,0,18.483,0,3.93392,1.6016,16.2933,0.991657,20.8372,0.42336,18.483,0.42336,0,0,442.007,0,1.02816,0,0,4.96208,3.93392,1.028160,1,0,124.736,0,0,0,124.736,0
97.506,2.62257,0,0,5.12804,0.374928,2.13054,3.6288,61.308,0.32493,0,0,1.59042,0.203902,1.06158,0.66528,12.849,1,0.345593,2.13054,0,97.0479,4.1502,94.6827,0.84672,12.849,0.84672,3695.15,0,18.483,0,2.58973,1.60162,13.4838,1.04943,16.6258,0.42336,18.483,0.42336,0,0,442.007,0,1.02816,0,0,3.61789,2.58973,1.028160,1,0,112.37,0,0,0,112.37,0
97.506,2.58644,0,0,4.88256,0.311873,1.98424,3.6288,61.308,0.304622,0,0,1.0974,0.217142,0.575636,0.66528,12.849,1,0.340833,1.98424,0,90.1869,4.38071,87.4496,0.84672,12.849,0.84672,3695.15,0,18.483,0,1.90843,1.60163,11.2243,1.07526,13.6591,0.42336,18.483,0.42336,0,0,442.007,0,1.02816,0,0,2.93659,1.90843,1.028160,1,0,101.684,0,0,0,101.684,0
97.506,2.58647,0,0,4.54297,0.311873,1.64463,3.6288,61.308,0.304633,0,0,1.0949,0.217142,0.57312,0.66528,12.849,1,0.340835,1.64463,0,82.4576,4.38071,79.3807,0.84672,12.849,0.84672,3695.15,0,18.483,0,1.91948,1.57828,10.6669,1.07526,13.0894,0.42336,18.483,0.42336,0,0,442.007,0,1.02816,0,0,2.94764,1.91948,1.028160,1,0,93.0432,0,0,0,93.0432,0
97.506,2.58649,0,0,4.36494,0.311873,1.46658,3.6288,61.308,0.304645,0,0,1.38292,0.217142,0.861131,0.66528,12.849,1,0.340838,1.46658,0,79.0344,4.38071,75.7794,0.84672,12.849,0.84672,3695.15,0,18.483,0,2.53186,1.57829,13.0146,1.07526,16.0495,0.42336,18.483,0.42336,0,0,442.007,0,1.02816,0,0,3.56002,2.53186,1.028160,1,0,92.6901,0,0,0,92.6901,0
97.506,2.58651,0,0,4.08827,0.307984,1.19377,3.6288,61.308,0.304656,0,0,1.11384,0.172098,0.637089,0.66528,12.849,1,0.340841,1.19377,0,67.8015,3.73138,64.9231,0.84672,12.849,0.84672,3695.15,0,18.483,0,2.13666,1.57831,10.9102,0.857552,13.7676,0.42336,18.483,0.42336,0,0,442.007,0,1.02816,0,0,3.16482,2.13666,1.028160,1,0,79.3277,0,0,0,79.3277,0
97.506,2.70923,0,0,4.34064,0.230196,1.40122,3.6288,61.308,0.376727,0,0,1.20986,0.243489,0.589644,0.66528,12.849,1,0.357013,1.40122,0,63.4357,3.78032,60.6996,0.84672,12.849,0.84672,3695.15,0,18.483,0,1.9162,1.57832,10.1782,0.978588,12.6941,0.42336,18.483,0.42336,0,0,442.007,0,1.02816,0,0,2.94436,1.9162,1.028160,1,0,73.9834,0,0,0,73.9834,0
97.506,2.70925,0,0,3.72267,0.230196,0.783218,3.6288,61.308,0.376738,0,0,0.859836,0.243489,0.239609,0.66528,12.849,1,0.357016,0.783218,0,64.654,3.78032,61.2999,0.84672,12.849,0.84672,3695.15,0,18.483,0,1.39535,1.66003,9.20411,0.978588,11.2809,0.42336,18.483,0.42336,0,0,442.007,0,1.02816,0,0,2.42351,1.39535,1.028160,1,0,72.8204,0,0,0,72.8204,0
97.506,2.70927,0,0,3.45156,0.165387,0.576898,3.6288,61.308,0.37675,0,0,0.819487,0.24578,0.196956,0.66528,12.849,1,0.357019,0.576898,0,63.9446,4.14549,60.019,0.84672,12.849,0.84672,3695.15,0,18.483,0,1.18504,1.66004,8.74886,1.11609,10.4779,0.42336,18.483,0.42336,0,0,442.007,0,1.02816,0,0,2.2132,1.18504,1.028160,1,0,70.6938,0,0,0,70.6938,0
97.468,2.7093,0,0,3.17368,0.139464,0.36288,3.6288,61.308,0.376762,0,0,0.717387,0.246697,0.0939281,0.66528,12.849,1,0.357022,0.36288,0,58.3998,4.29156,54.1141,0.84672,12.849,0.84672,3695.15,0,18.483,0,0.76388,1.66006,8.36749,1.17109,9.62034,0.42336,18.483,0.42336,0,0,442.007,0,1.02816,0,0,1.79204,0.76388,1.028160,1,0,63.8284,0,0,0,63.8284,0
97.4218,2.7092,0,0,3.20043,0.174616,0.36288,3.6288,61.308,0.376774,0,0,0.632837,0.251356,0.0047065,0.66528,12.849,1,0.357147,0.36288,0,41.8594,5.25147,36.6137,0.84672,12.849,0.84672,3695.15,0,18.483,0,0.710268,1.66007,5.75485,1.13601,6.98918,0.42336,18.483,0.42336,0,0,442.007,0,1.02816,0,0,1.73843,0.710268,1.028160,1,0,43.6076,0,0,0,43.6076,0
97.1834,2.68481,0,0,2.98389,0.174549,0.36288,3.6288,61.2483,0.416392,0,0,0.608062,0.251356,0,0.66528,12.849,1,0.3541,0.36288,0,41.3059,5.25147,36.0632,0.84672,12.849,0.84672,3695.15,0,18.483,0,0.640215,1.66008,5.88034,1.13601,7.04463,0.42336,18.483,0.42336,0,0,442.007,0,1.02816,0,0,1.66838,0.640215,1.028160,1,0,43.1078,0,0,0,43.1078,0
96.6653,2.68406,0,0,2.70297,0.174204,0.36288,3.6288,61.1617,0.416405,0,0,0.581068,0.251262,0,0.66528,12.849,1,0.35487,0.36288,0,40.593,5.25147,35.3495,0.84672,12.849,0.84672,3695.15,0,18.483,0,0.557297,1.68555,5.55523,1.13601,6.66207,0.42336,18.483,0.42336,0,0,442.007,0,1.02816,0,0,1.58546,0.557297,1.028160,1,0,42.0116,0,0,0,42.0116,0
95.9157,2.6824,0,0,2.46109,0.165327,0.36288,3.6288,61.0327,0.416417,0,0,0.54952,0.262083,0,0.66528,12.849,1,0.356552,0.36288,0,35.7337,5.39262,30.3474,0.84672,12.849,0.84672,3695.15,0,18.483,0,0.405873,1.68557,5.39178,1.18753,6.29569,0.42336,18.483,0.42336,0,0,442.007,0,1.02816,0,0,1.43403,0.405873,1.028160,1,0,36.6431,0,0,0,36.6431,0
95.067,2.67997,0,0,2.32757,0.13347,0.36288,3.6288,60.8139,0.416429,0,0,0.501322,0.303686,0,0.66528,12.849,1,0.359012,0.36288,0,31.7606,5.86848,25.8959,0.84672,12.849,0.84672,3695.15,0,18.483,0,0.412534,1.68558,4.62142,1.4641,5.25543,0.42336,18.483,0.42336,0,0,442.007,0,1.02816,0,0,1.44069,0.412534,1.028160,1,0,31.1514,0,0,0,31.1514,0
94.0872,2.73965,0,0,2.2684,0.145649,0.36288,3.6288,60.5504,0.451741,0,0,0.473606,0.285378,0,0.66528,12.849,1,0.370284,0.36288,0,28.954,5.5902,23.3564,0.84672,12.849,0.84672,3695.15,0,18.483,0,0.367995,1.68559,4.20158,1.43967,4.8155,0.42336,18.483,0.42336,0,0,442.007,0,1.02816,0,0,1.39615,0.367995,1.028160,1,0,28.1719,0,0,0,28.1719,0
92.8524,2.73628,0,0,2.00883,0.144441,0.36288,3.6288,60.2585,0.451753,0,0,0.444743,0.284901,0,0.66528,12.849,1,0.373679,0.36288,0,27.28,5.5902,21.679,0.84672,12.849,0.84672,3695.15,0,18.483,0,0.271572,1.72617,4.16068,1.43967,4.71876,0.42336,18.483,0.42336,0,0,442.007,0,1.02816,0,0,1.29973,0.271572,1.028160,1,0,26.3978,0,0,0,26.3978,0
91.4395,2.73194,0,0,1.82481,0.142918,0.36288,3.6288,59.9153,0.491527,0,0,0.432692,0.284373,0,0.66528,12.849,1,0.378048,0.36288,0,25.6798,5.5902,20.0744,0.84672,12.849,0.84672,3695.15,0,18.483,0,0.227405,1.72619,4.01216,1.43967,4.52608,0.42336,18.483,0.42336,0,0,442.007,0,0.988399,0,0,1.2158,0.227405,1.028160,1,0,24.6005,0,0,0,24.6005,0
89.7446,2.72684,0,0,1.50164,0.106814,0.36288,3.6288,59.5199,0.520259,0,0,0.41889,0.293993,0,0.66528,12.849,1,0.383173,0.36288,0,23.5611,5.80215,17.7387,0.84672,12.849,0.84672,3695.15,0,18.483,0,0.227405,1.7262,3.81167,1.46946,4.29582,0.42336,18.483,0.42336,0,0,442.007,0,0.959679,0,0,1.18708,0.227405,1.028160,1,0,22.0345,0,0,0,22.0345,0
87.5722,2.90222,0,0,1.17946,0.0868015,0.36288,3.6288,58.7274,0.813291,0,0,0.331268,0.310514,0,0.66528,12.849,1,0.41552,0.36288,0,16.9591,5.25871,11.6478,0.84672,12.849,0.84672,3695.15,0,18.483,0,0.227405,1.72622,2.98945,1.54134,3.40173,0.42336,18.483,0.42336,0,0,442.007,0,0.794076,0,0,1.02148,0.227405,1.028160,1,0,15.0495,0,0,0,15.0495,0
85.9445,2.89326,0,0,1.71356,0.08513,0.36288,3.6288,58.1673,0.63177,0,0,0.380641,0.308941,0,0.66528,12.849,1,0.424512,0.36288,0,19.3154,5.25871,13.9951,0.84672,12.849,0.84672,3695.15,0,18.483,0,0.227405,1.8636,3.31446,1.54134,3.86413,0.42336,18.483,0.42336,0,0,442.007,0,0.975611,0,0,1.20302,0.227405,1.028160,1,0,17.8592,0,0,0,17.8592,0
85.0335,2.88629,0,0,2.46978,0.131611,0.36288,3.6288,57.7933,0.579235,0,0,0.503825,0.298637,0,0.66528,12.849,1,0.43151,0.36288,0,31.514,5.1273,26.318,0.84672,12.849,0.84672,3695.15,0,18.483,0,0.275936,1.86361,3.69001,1.51482,4.31474,0.42336,18.483,0.42336,0,0,442.007,0,1.02816,0,0,1.3041,0.275936,1.028160,1,0,30.6328,0,0,0,30.6328,0
83.3557,2.8823,0,0,1.67893,0.111542,0.36288,3.6288,57.2759,0.636981,0,0,0.412888,0.29335,0,0.66528,12.849,1,0.43553,0.36288,0,33.8146,5.31825,28.4237,0.84672,12.849,0.84672,3695.15,0,18.483,0,0.204422,1.86363,2.60248,1.51224,3.15829,0.42336,18.483,0.42336,0,0,442.007,0,0.970427,0,0,1.17485,0.204422,1.028160,1,0,31.582,0,0,0,31.582,0
81.7763,2.87473,0,0,1.78635,0.128156,0.36288,3.6288,56.6962,0.68041,0,0,0.392424,0.291702,0,0.66528,12.849,1,0.443129,0.36288,0,20.3099,4.52697,15.7027,0.84672,12.849,0.84672,3695.15,0,18.483,0,0.204422,1.86364,3.57766,1.2651,4.38063,0.42336,18.483,0.42336,0,0,442.007,0,0.927012,0,0,1.13143,0.204422,1.028160,1,0,20.0833,0,0,0,20.0833,0
79.8805,2.77987,0,0,1.37624,0.129267,0.36288,3.6288,56.449,0.501935,0,0,0.545278,0.290494,0,0.66528,12.849,1,0.436783,0.36288,0,18.0782,4.39509,13.6093,0.84672,12.849,0.84672,3695.15,0,18.483,0,0.79126,1.86366,4.29085,1.22391,5.72186,0.42336,18.483,0.42336,0,0,442.007,0,1.02816,0,0,1.81942,0.79126,1.028160,1,0,19.3311,0,0,0,19.3311,0
77.7973,2.77096,0,0,1.1776,0.126929,0.36288,3.6288,55.7276,0.732584,0,0,0.301171,0.290026,0,0.66528,12.849,1,0.445717,0.36288,0,18.0605,4.39509,13.5826,0.84672,12.849,0.84672,3695.15,0,18.483,0,0.216518,1.78495,3.19345,1.22391,3.97101,0.42336,18.483,0.42336,0,0,442.007,0,0.797524,0,0,1.01404,0.216518,1.028160,1,0,17.5536,0,0,0,17.5536,0
75.7497,2.76074,0,0,1.22861,0.15259,0.36288,3.6288,54.9798,0.763649,0,0,0.289935,0.274035,0,0.66528,12.849,1,0.455964,0.36288,0,17.3596,4.18746,13.079,0.84672,12.849,0.84672,3695.15,0,18.483,0,0.216518,1.78497,3.21366,1.15901,4.05613,0.42336,18.483,0.42336,0,0,442.007,0,0.766472,0,0,0.98299,0.216518,1.028160,1,0,17.1352,0,0,0,17.1352,0
74.4365,2.75023,0,0,2.10781,0.307944,0.36288,3.6288,54.8496,0.501973,0,0,0.578822,0.207039,0,0.66528,12.849,1,0.466505,0.36288,0,33.8396,3.32936,30.4066,0.84672,12.849,0.84672,3695.15,0,18.483,0,0.531611,1.78498,5.75829,0.857316,7.21757,0.42336,18.483,0.42336,0,0,442.007,0,1.02816,0,0,1.55977,0.531611,1.028160,1,0,37.6242,0,0,0,37.6242,0
72.3058,2.67237,0,0,1.19861,0.294,0.36288,3.6288,54.0643,0.893632,0,0,0.344078,0.235736,0,0.66528,12.849,1,0.461296,0.36288,0,27.146,3.84625,23.2013,0.84672,12.849,0.84672,3695.15,0,18.483,0,0.216518,1.785,4.04524,0.974241,5.07251,0.42336,18.483,0.42336,0,0,442.007,0,0.566113,0,0,0.782631,0.216518,1.028160,1,0,28.2739,0,0,0,28.2739,0
71.5959,2.66085,0,0,2.60136,0.287576,0.36288,3.6288,54.1165,0.431597,0,0,0.71823,0.234516,0,0.66528,12.849,1,0.472842,0.36288,0,40.6183,3.84625,36.6621,0.84672,12.849,0.84672,3695.15,0,18.483,0,0.724412,1.71505,5.85011,0.974241,7.31533,0.42336,18.483,0.42336,0,0,442.007,0,1.02816,0,0,1.75257,0.724412,1.028160,1,0,43.9774,0,0,0,43.9774,0
73.6812,2.65689,0,0,5.31541,0.210337,0.36288,3.6288,54.8402,0.431609,0,0,1.38991,0.234597,0,0.66528,12.849,1,0.476821,0.36288,0,81.3618,3.84625,77.4016,0.84672,12.849,0.84672,3695.15,0,18.483,0,2.79969,1.71506,9.39257,0.974241,12.9331,0.42336,18.483,0.42336,0,0,442.007,0,1.02816,0,0,3.82785,2.79969,1.028160,1,0,90.3346,0,0,0,90.3346,0
75.8921,2.66841,0,0,5.58568,0.343541,0.36288,3.6288,55.4863,0.431621,0,0,1.31782,0.240069,0,0.66528,12.849,1,0.465334,0.36288,0,47.8578,3.62634,44.129,0.84672,12.849,0.84672,3695.15,0,18.483,0,1.95146,1.71508,8.142,0.906828,10.9017,0.42336,18.483,0.42336,0,0,442.007,0,1.02816,0,0,2.97962,1.95146,1.028160,1,0,55.0307,0,0,0,55.0307,0
76.9498,2.47819,0,0,4.29258,0.393772,0.36288,3.6288,56.6723,0.285002,0,0,1.67595,0.20491,0,0.66528,12.849,1,0.419572,0.36288,0,89.7091,4.02633,85.6261,0.84672,12.849,0.84672,3695.15,0,18.483,0,2.95105,1.71509,10.5215,1.09629,14.0914,0.42336,18.483,0.42336,0,0,442.007,0,1.02816,0,0,3.97921,2.95105,1.028160,1,0,99.7175,0,0,0,99.7175,0
78.3086,2.48315,0,0,4.60284,0.397981,0.36288,3.6288,58.1687,0.285013,0,0,1.98785,0.206505,0,0.66528,12.849,1,0.414634,0.36288,0,110.26,4.02633,106.182,0.84672,12.849,0.84672,3695.15,0,18.483,0,3.06657,1.55759,12.1407,1.09629,15.6685,0.42336,18.483,0.42336,0,0,442.007,0,1.02816,0,0,4.09473,3.06657,1.028160,1,0,121.851,0,0,0,121.851,0
79.315,2.48935,0,0,4.26203,0.403388,0.36288,3.6288,59.1527,0.285024,0,0,1.47761,0.208518,0,0.66528,12.849,1,0.408457,0.36288,0,154.837,4.02633,150.766,0.84672,12.849,0.84672,3695.15,0,18.483,0,2.54389,1.5576,12.0544,1.09629,15.0596,0.42336,18.483,0.42336,0,0,442.007,0,1.02816,0,0,3.57205,2.54389,1.028160,1,0,165.825,0,0,0,165.825,0
79.7627,2.49383,0,0,3.74531,0.440954,0.36288,3.6288,59.2549,0.285035,0,0,0.5957,0.208469,0,0.66528,12.849,1,0.404,0.36288,0,109.994,4.40095,105.552,0.84672,12.849,0.84672,3695.15,0,18.483,0,0.960431,1.55762,7.2271,1.14141,8.60374,0.42336,18.483,0.42336,0,0,442.007,0,1.02816,0,0,1.98859,0.960431,1.028160,1,0,114.156,0,0,0,114.156,0
79.9409,2.49581,0,0,3.46822,0.431324,0.36288,3.6288,60.2313,0.285046,0,0,1.41679,0.155372,0,0.66528,12.849,1,0.40205,0.36288,0,138.334,3.42708,134.868,0.84672,12.849,0.84672,3695.15,0,18.483,0,1.96114,1.55763,10.8194,0.782415,13.5558,0.42336,18.483,0.42336,0,0,442.007,0,1.02816,0,0,2.9893,1.96114,1.028160,1,0,148.424,0,0,0,148.424,0
79.0046,2.5748,0,0,2.41086,0.409431,0.36288,3.6288,61.2475,0.327514,0,0,1.47939,0.135653,0,0.66528,12.849,1,0.413851,0.36288,0,54.8876,2.83773,51.9989,0.84672,12.849,0.84672,3695.15,0,18.483,0,1.76024,1.55764,9.25413,0.614752,11.9573,0.42336,18.483,0.42336,0,0,442.007,0,1.02816,0,0,2.7884,1.76024,1.028160,1,0,63.9562,0,0,0,63.9562,0
77.6351,2.57059,0,0,1.96969,0.40571,0.36288,3.6288,61.308,0.327516,0,0,1.30441,0.136531,0.77989,0.66528,12.849,1,0.41807,0.36288,0,39.7954,2.83773,36.9025,0.84672,12.849,0.84672,3695.15,0,18.483,0,1.39729,1.60747,7.88936,0.614752,10.2794,0.42336,18.483,0.42336,0,0,442.007,0,1.02816,0,0,2.42545,1.39729,1.028160,1,0,47.9617,0,0,0,47.9617,0
76.2619,2.56426,0,0,2.0125,0.458598,0.36288,3.6288,61.308,0.327517,0,0,1.26144,0.122836,0.811087,0.66528,12.849,1,0.424398,0.36288,0,46.5501,3.25722,43.2313,0.84672,12.849,0.84672,3695.15,0,18.483,0,1.43157,1.60747,8.1877,0.645703,10.581,0.42336,18.483,0.42336,0,0,442.007,0,1.02816,0,0,2.45973,1.43157,1.028160,1,0,54.6235,0,0,0,54.6235,0
74.9239,2.55773,0,0,2.03331,0.450694,0.36288,3.6288,61.308,0.327519,0,0,1.15042,0.128716,0.69419,0.66528,12.849,1,0.430939,0.36288,0,47.7308,3.5583,44.1045,0.84672,12.849,0.84672,3695.15,0,18.483,0,1.56895,1.60747,8.45013,0.772289,10.8543,0.42336,18.483,0.42336,0,0,442.007,0,1.02816,0,0,2.59711,1.56895,1.028160,1,0,55.6529,0,0,0,55.6529,0
72.2677,2.79999,0,0,0.885617,0.378992,0.36288,3.6288,61.308,0.564196,0,0,0.98958,0.145897,0.279487,0.66528,12.849,1,0.480182,0.36288,0,28.8746,3.55688,25.2004,0.84672,12.849,0.84672,3695.15,0,18.483,0,0.503194,1.60747,6.03529,0.84328,7.30268,0.42336,18.483,0.42336,0,0,442.007,0,0.950884,0,0,1.45408,0.503194,1.028160,1,0,32.7826,0,0,0,32.7826,0
71.7433,2.78501,0,0,2.89466,0.271177,0.36288,3.6288,61.308,0.486921,0,0,1.95979,0.145897,1.32697,0.66528,12.849,1,0.495168,0.36288,0,61.5629,3.55688,57.8737,0.84672,12.849,0.84672,3695.15,0,18.483,0,2.66063,1.78526,11.4989,0.84328,15.1015,0.42336,18.483,0.42336,0,0,442.007,0,1.02816,0,0,3.68879,2.66063,1.028160,1,0,74.3021,0,0,0,74.3021,0
70.0714,2.78194,0,0,1.74307,0.270097,0.36288,3.6288,61.308,0.486923,0,0,1.02834,0.145897,0.395521,0.66528,12.849,1,0.498238,0.36288,0,43.3135,3.55688,39.6213,0.84672,12.849,0.84672,3695.15,0,18.483,0,1.11168,1.78526,7.43247,0.84328,9.48613,0.42336,18.483,0.42336,0,0,442.007,0,1.02816,0,0,2.13984,1.11168,1.028160,1,0,49.5029,0,0,0,49.5029,0
69.3762,2.7719,0,0,2.69899,0.259381,0.36288,3.6288,61.308,0.486925,0,0,1.2812,0.174389,0.619891,0.66528,12.849,1,0.508284,0.36288,0,65.2001,3.74253,61.3122,0.84672,12.849,0.84672,3695.15,0,18.483,0,1.18146,1.78526,7.13922,0.924597,9.18135,0.42336,18.483,0.42336,0,0,442.007,0,1.02816,0,0,2.20962,1.18146,1.028160,1,0,71.1134,0,0,0,71.1134,0
71.1779,2.4168,0,0,4.88316,0.301807,0.36288,3.6288,61.308,0.27301,0,0,1.29645,0.223993,0.799447,0.66528,12.849,1,0.447609,0.36288,0,115.245,4.33786,110.822,0.84672,12.849,0.84672,3695.15,0,18.483,0,1.44386,1.78526,7.9634,1.21576,9.97676,0.42336,18.483,0.42336,0,0,442.007,0,1.02816,0,0,2.47202,1.44386,1.028160,1,0,121.598,0,0,0,121.598,0
72.5048,2.4264,0,0,4.42224,0.306026,0.36288,3.6288,61.308,0.273011,0,0,2.00324,0.223993,1.50624,0.66528,12.849,1,0.438012,0.36288,0,122.936,4.33786,118.523,0.84672,12.849,0.84672,3695.15,0,18.483,0,3.16966,1.54207,13.4796,1.21576,16.9756,0.42336,18.483,0.42336,0,0,442.007,0,1.02816,0,0,4.19782,3.16966,1.028160,1,0,137.005,0,0,0,137.005,0
73.8497,2.43321,0,0,4.58227,0.441327,0.36288,3.6288,61.308,0.273013,0,0,1.48897,0.184351,1.0316,0.66528,12.849,1,0.431203,0.36288,0,110.118,4.26204,105.788,0.84672,12.849,0.84672,3695.15,0,18.483,0,2.15361,1.54208,12.3945,1.12454,14.9657,0.42336,18.483,0.42336,0,0,442.007,0,1.02816,0,0,3.18177,2.15361,1.028160,1,0,121.785,0,0,0,121.785,0
75.7298,2.4399,0,0,5.13888,0.455937,0.36288,3.6288,61.308,0.273014,0,0,2.9649,0.168494,2.52339,0.66528,12.849,1,0.424515,0.36288,0,72.8921,4.23171,68.5988,0.84672,12.849,0.84672,3695.15,0,18.483,0,4.96856,1.54208,15.2997,1.08806,20.7223,0.42336,18.483,0.42336,0,0,442.007,0,1.02816,0,0,5.99672,4.96856,1.028160,1,0,91.8445,0,0,0,91.8445,0
76.2824,2.44891,0,0,3.84901,0.484654,0.36288,3.6288,61.308,0.273016,0,0,2.17789,0.170756,1.73412,0.66528,12.849,1,0.415504,0.36288,0,97.8195,3.28191,94.485,0.84672,12.849,0.84672,3695.15,0,18.483,0,3.55735,1.54208,14.4622,0.897632,18.664,0.42336,18.483,0.42336,0,0,442.007,0,1.02816,0,0,4.58551,3.55735,1.028160,1,0,114.883,0,0,0,114.883,0
76.2895,2.54106,0,0,3.39151,0.480503,0.36288,3.6288,61.308,0.32535,0,0,2.06148,0.210003,1.52613,0.66528,12.849,1,0.428017,0.36288,0,106.026,3.98748,101.973,0.84672,12.849,0.84672,3695.15,0,18.483,0,2.5271,1.54208,10.8162,1.10137,13.7841,0.42336,18.483,0.42336,0,0,442.007,0,1.02816,0,0,3.55526,2.5271,1.028160,1,0,117.283,0,0,0,117.283,0
77.6432,2.5411,0,0,4.73823,0.480537,0.36288,3.6288,61.308,0.325351,0,0,2.75008,0.210003,2.21472,0.66528,12.849,1,0.427983,0.36288,0,112.467,3.98748,108.414,0.84672,12.849,0.84672,3695.15,0,18.483,0,3.50446,1.60213,11.9102,1.10137,15.9154,0.42336,18.483,0.42336,0,0,442.007,0,1.02816,0,0,4.53262,3.50446,1.028160,1,0,126.544,0,0,0,126.544,0
78.9622,2.54751,0,0,4.71649,0.487084,0.36288,3.6288,61.308,0.325353,0,0,3.42169,0.210003,2.88633,0.66528,12.849,1,0.421581,0.36288,0,108.255,3.98748,104.209,0.84672,12.849,0.84672,3695.15,0,18.483,0,4.91196,1.60213,16.9118,1.10137,22.3245,0.42336,18.483,0.42336,0,0,442.007,0,1.02816,0,0,5.94012,4.91196,1.028160,1,0,129.42,0,0,0,129.42,0
79.897,2.55357,0,0,4.29813,0.44689,0.36288,3.6288,61.308,0.325354,0,0,2.5128,0.193612,1.99383,0.66528,12.849,1,0.415525,0.36288,0,119.517,3.93963,115.525,0.84672,12.849,0.84672,3695.15,0,18.483,0,2.90309,1.60213,14.5336,1.14666,17.8922,0.42336,18.483,0.42336,0,0,442.007,0,1.02816,0,0,3.93125,2.90309,1.028160,1,0,135.411,0,0,0,135.411,0
79.3258,2.5225,0,0,2.73613,0.421978,0.36288,3.6288,61.308,0.30503,0,0,1.55962,0.203736,1.05085,0.66528,12.849,1,0.405668,0.36288,0,71.509,4.08146,67.3847,0.84672,12.849,0.84672,3695.15,0,18.483,0,1.89717,1.60213,8.44646,1.19013,10.7556,0.42336,18.483,0.42336,0,0,442.007,0,1.02816,0,0,2.92533,1.89717,1.028160,1,0,79.1912,0,0,0,79.1912,0
78.4641,2.51999,0,0,2.44085,0.419637,0.36288,3.6288,61.308,0.305032,0,0,1.38486,0.203736,0.876094,0.66528,12.849,1,0.408183,0.36288,0,61.4189,4.08146,57.2921,0.84672,12.849,0.84672,3695.15,0,18.483,0,1.52203,1.57876,7.33493,1.19013,9.24559,0.42336,18.483,0.42336,0,0,442.007,0,1.02816,0,0,2.55019,1.52203,1.028160,1,0,67.4138,0,0,0,67.4138,0
77.4431,2.51614,0,0,2.24909,0.391082,0.36288,3.6288,61.308,0.305033,0,0,1.26911,0.180981,0.783098,0.66528,12.849,1,0.412035,0.36288,0,57.2868,3.60962,53.6281,0.84672,12.849,0.84672,3695.15,0,18.483,0,1.367,1.57876,6.60563,1.07046,8.48093,0.42336,18.483,0.42336,0,0,442.007,0,1.02816,0,0,2.39516,1.367,1.028160,1,0,62.8921,0,0,0,62.8921,0
76.2797,2.51149,0,0,2.07514,0.364168,0.36288,3.6288,61.308,0.305035,0,0,1.18391,0.174444,0.704435,0.66528,12.849,1,0.416695,0.36288,0,51.4092,3.49599,47.8594,0.84672,12.849,0.84672,3695.15,0,18.483,0,1.46128,1.57877,6.29248,1.00123,8.3313,0.42336,18.483,0.42336,0,0,442.007,0,1.02816,0,0,2.48944,1.46128,1.028160,1,0,56.8951,0,0,0,56.8951,0
74.8541,2.62493,0,0,1.89577,0.333511,0.36288,3.6288,61.308,0.377116,0,0,1.19177,0.234127,0.580524,0.66528,12.849,1,0.442159,0.36288,0,44.2401,4.8345,39.3263,0.84672,12.849,0.84672,3695.15,0,18.483,0,1.03436,1.57877,5.58416,1.12895,7.06835,0.42336,18.483,0.42336,0,0,442.007,0,1.02816,0,0,2.06252,1.03436,1.028160,1,0,46.9752,0,0,0,46.9752,0
73.2965,2.61775,0,0,1.69667,0.27363,0.36288,3.6288,61.308,0.377118,0,0,0.944387,0.222104,0.345165,0.66528,12.849,1,0.449346,0.36288,0,39.2812,4.48728,34.7075,0.84672,12.849,0.84672,3695.15,0,18.483,0,1.01288,1.66049,5.12563,1.10635,6.69264,0.42336,18.483,0.42336,0,0,442.007,0,1.02816,0,0,2.04104,1.01288,1.028160,1,0,41.7453,0,0,0,41.7453,0
71.6704,2.60963,0,0,1.59473,0.24836,0.36288,3.6288,61.308,0.377119,0,0,0.9835,0.225675,0.380706,0.66528,12.849,1,0.457472,0.36288,0,36.182,4.59564,31.4918,0.84672,12.849,0.84672,3695.15,0,18.483,0,1.01796,1.66049,5.20933,1.08629,6.80149,0.42336,18.483,0.42336,0,0,442.007,0,1.02816,0,0,2.04612,1.01796,1.028160,1,0,38.674,0,0,0,38.674,0
70.0592,2.60083,0,0,1.53242,0.179889,0.36288,3.6288,61.308,0.377121,0,0,1.00191,0.225675,0.399116,0.66528,12.849,1,0.466274,0.36288,0,34.1096,4.59564,29.4106,0.84672,12.849,0.84672,3695.15,0,18.483,0,0.916134,1.66049,5.19441,1.08629,6.68475,0.42336,18.483,0.42336,0,0,442.007,0,1.02816,0,0,1.94429,0.916134,1.028160,1,0,36.4944,0,0,0,36.4944,0
68.6848,2.59177,0,0,1.69785,0.117599,0.36288,3.6288,61.308,0.377122,0,0,0.997946,0.186308,0.434515,0.66528,12.849,1,0.475335,0.36288,0,41.1046,4.51923,36.4729,0.84672,12.849,0.84672,3695.15,0,18.483,0,1.28225,1.66049,6.21847,1.05036,8.11085,0.42336,18.483,0.42336,0,0,442.007,0,1.02816,0,0,2.31041,1.28225,1.028160,1,0,45.0183,0,0,0,45.0183,0
67.2751,2.56062,0,0,1.62016,0.106444,0.36288,3.6288,61.308,0.41674,0,0,0.937621,0.179747,0.341134,0.66528,12.849,1,0.47902,0.36288,0,39.9371,4.50649,35.3145,0.84672,12.849,0.84672,3695.15,0,18.483,0,1.01292,1.6605,6.1468,1.04437,7.77585,0.42336,18.483,0.42336,0,0,442.007,0,1.02816,0,0,2.04108,1.01292,1.028160,1,0,43.4315,0,0,0,43.4315,0
65.7628,2.55219,0,0,1.48979,0.0869554,0.36288,3.6288,61.308,0.416742,0,0,0.88852,0.223623,0.248155,0.66528,12.849,1,0.487448,0.36288,0,35.7572,5.0711,30.5616,0.84672,12.849,0.84672,3695.15,0,18.483,0,1.01428,1.68596,5.85255,1.25046,7.30232,0.42336,18.483,0.42336,0,0,442.007,0,1.02816,0,0,2.04244,1.01428,1.028160,1,0,38.1121,0,0,0,38.1121,0
64.1816,2.54282,0,0,1.39685,0.0723432,0.36288,3.6288,61.308,0.416744,0,0,0.834019,0.25653,0.160745,0.66528,12.849,1,0.496826,0.36288,0,32.1376,5.49454,26.5091,0.84672,12.849,0.84672,3695.15,0,18.483,0,0.963973,1.68596,5.63948,1.40502,6.88439,0.42336,18.483,0.42336,0,0,442.007,0,1.02816,0,0,1.99213,0.963973,1.028160,1,0,33.5543,0,0,0,33.5543,0
62.4797,2.53262,0,0,1.26004,0.0665029,0.36288,3.6288,61.308,0.416745,0,0,0.779656,0.285673,0.0772381,0.66528,12.849,1,0.507025,0.36288,0,29.0106,5.83632,23.0301,0.84672,12.849,0.84672,3695.15,0,18.483,0,0.856984,1.68596,5.05451,1.48087,6.11658,0.42336,18.483,0.42336,0,0,442.007,0,1.02816,0,0,1.88514,0.856984,1.028160,1,0,29.224,0,0,0,29.224,0
60.9315,2.58001,0,0,1.45384,0.0591086,0.36288,3.6288,61.308,0.452054,0,0,1.05992,0.32453,0.283337,0.66528,12.849,1,0.530581,0.36288,0,35.5848,6.29202,29.1251,0.84672,12.849,0.84672,3695.15,0,18.483,0,1.24678,1.68596,5.54779,1.58201,6.89852,0.42336,18.483,0.42336,0,0,442.007,0,1.02816,0,0,2.27494,1.24678,1.028160,1,0,36.3069,0,0,0,36.3069,0
59.2647,2.56888,0,0,1.32333,0.0583584,0.36288,3.6288,61.308,0.452056,0,0,0.874204,0.32453,0.0976183,0.66528,12.849,1,0.541715,0.36288,0,28.6617,6.29202,22.1909,0.84672,12.849,0.84672,3695.15,0,18.483,0,1.2959,1.72654,5.15516,1.58201,6.59558,0.42336,18.483,0.42336,0,0,442.007,0,1.02816,0,0,2.32406,1.2959,1.028160,1,0,28.8841,0,0,0,28.8841,0
57.4916,2.55636,0,0,1.20356,0.0574786,0.36288,3.6288,61.308,0.452057,0,0,0.814139,0.32453,0.0375513,0.66528,12.849,1,0.554237,0.36288,0,26.7192,6.29202,20.2358,0.84672,12.849,0.84672,3695.15,0,18.483,0,0.933673,1.72654,4.59427,1.58201,5.67247,0.42336,18.483,0.42336,0,0,442.007,0,1.02816,0,0,1.96183,0.933673,1.028160,1,0,25.9458,0,0,0,25.9458,0
55.8471,2.54239,0,0,1.31066,0.0498912,0.36288,3.6288,61.308,0.452059,0,0,0.960984,0.32273,0.186196,0.66528,12.849,1,0.568209,0.36288,0,26.8455,6.40015,20.24,0.84672,12.849,0.84672,3695.15,0,18.483,0,1.44414,1.72654,6.49595,1.60792,8.05871,0.42336,18.483,0.42336,0,0,442.007,0,1.02816,0,0,2.4723,1.44414,1.028160,1,0,28.4849,0,0,0,28.4849,0
53.8177,2.69768,0,0,1.04954,0.0183713,0.36288,3.6288,61.2592,0.579501,0,0,0.899977,0.369236,0,0.66528,12.849,1,0.620668,0.36288,0,22.2743,6.89398,15.1225,0.84672,12.849,0.84672,3695.15,0,18.483,0,1.19842,1.72654,5.73181,1.64314,7.01363,0.42336,18.483,0.42336,0,0,442.007,0,1.02816,0,0,2.22658,1.19842,1.028160,1,0,22.1361,0,0,0,22.1361,0
51.7507,2.67879,0,0,0.992676,0.018,0.36288,3.6288,61.1384,0.579503,0,0,0.827755,0.369123,0,0.66528,12.849,1,0.639563,0.36288,0,20.018,6.89398,12.8473,0.84672,12.849,0.84672,3695.15,0,18.483,0,1.05938,1.86394,5.66677,1.64314,6.94694,0.42336,18.483,0.42336,0,0,442.007,0,1.02816,0,0,2.08754,1.05938,1.028160,1,0,19.7943,0,0,0,19.7943,0
50.0827,2.65833,0,0,1.37085,0.0176219,0.36288,3.6288,61.1067,0.579505,0,0,0.916687,0.36884,0,0.66528,12.849,1,0.660028,0.36288,0,21.4724,6.89398,14.2813,0.84672,12.849,0.84672,3695.15,0,18.483,0,1.34088,1.86394,6.31716,1.64314,7.87884,0.42336,18.483,0.42336,0,0,442.007,0,1.02816,0,0,2.36904,1.34088,1.028160,1,0,22.1601,0,0,0,22.1601,0
49.0345,2.64084,0,0,1.99587,0.0403554,0.36288,3.6288,61.308,0.579507,0,0,1.22025,0.361405,0.0780512,0.66528,12.849,1,0.677522,0.36288,0,35.8307,6.75407,28.762,0.84672,12.849,0.84672,3695.15,0,18.483,0,1.63712,1.86394,7.02525,1.62078,8.90553,0.42336,18.483,0.42336,0,0,442.007,0,1.02816,0,0,2.66528,1.63712,1.028160,1,0,37.7456,0,0,0,37.7456,0
47.861,2.62937,0,0,1.83379,0.0150433,0.36288,3.6288,61.308,0.579509,0,0,1.35022,0.368581,0.402135,0.66528,12.849,1,0.688999,0.36288,0,37.7911,6.73242,30.7326,0.84672,12.849,0.84672,3695.15,0,18.483,0,1.68839,1.86394,10.5886,1.49197,12.6489,0.42336,18.483,0.42336,0,0,442.007,0,1.02816,0,0,2.71655,1.68839,1.028160,1,0,43.7836,0,0,0,43.7836,0
46.7247,2.53623,0,0,1.80288,0.0400693,0.36288,3.6288,61.308,0.502158,0,0,1.42132,0.346336,0.572829,0.66528,12.849,1,0.680889,0.36288,0,29.6815,6.42312,22.9404,0.84672,12.849,0.84672,3695.15,0,18.483,0,1.73463,1.86395,11.8362,1.36728,14.0675,0.42336,18.483,0.42336,0,0,442.007,0,1.02816,0,0,2.76279,1.73463,1.028160,1,0,37.5807,0,0,0,37.5807,0
46.3136,2.52325,0,0,2.53823,0.063225,0.36288,3.6288,61.308,0.50216,0,0,1.54259,0.325633,0.714801,0.66528,12.849,1,0.693877,0.36288,0,33.1289,6.25747,26.5404,0.84672,12.849,0.84672,3695.15,0,18.483,0,2.09714,1.78521,10.5468,1.31039,13.1188,0.42336,18.483,0.42336,0,0,442.007,0,1.02816,0,0,3.1253,2.09714,1.028160,1,0,40.374,0,0,0,40.374,0
46.8542,2.51843,0,0,3.48485,0.0629374,0.36288,3.6288,61.308,0.502162,0,0,2.49502,0.325633,1.66723,0.66528,12.849,1,0.6987,0.36288,0,63.6466,6.25747,57.0533,0.84672,12.849,0.84672,3695.15,0,18.483,0,4.13031,1.78521,18.7156,1.31039,23.3208,0.42336,18.483,0.42336,0,0,442.007,0,1.02816,0,0,5.15847,4.13031,1.028160,1,0,82.0413,0,0,0,82.0413,0
46.5493,2.52476,0,0,2.67626,0.0934558,0.36288,3.6288,61.308,0.502163,0,0,1.70439,0.284987,0.917236,0.66528,12.849,1,0.692374,0.36288,0,73.1592,5.50243,67.3273,0.84672,12.849,0.84672,3695.15,0,18.483,0,2.42803,1.78522,10.5802,1.20802,13.5854,0.42336,18.483,0.42336,0,0,442.007,0,1.02816,0,0,3.45619,2.42803,1.028160,1,0,81.8299,0,0,0,81.8299,0
48.1183,2.45608,0,0,4.55617,0.168238,0.36288,3.6288,61.308,0.431755,0,0,1.77006,0.183373,1.15493,0.66528,12.849,1,0.677951,0.36288,0,75.2164,3.61484,71.2865,0.84672,12.849,0.84672,3695.15,0,18.483,0,2.4317,1.78522,13.0758,0.952097,16.3406,0.42336,18.483,0.42336,0,0,442.007,0,1.02816,0,0,3.45986,2.4317,1.028160,1,0,88.782,0,0,0,88.782,0
49.7206,2.47353,0,0,4.60991,0.171164,0.36288,3.6288,61.308,0.431757,0,0,2.51008,0.183373,1.89495,0.66528,12.849,1,0.660504,0.36288,0,64.6782,3.61484,60.7657,0.84672,12.849,0.84672,3695.15,0,18.483,0,2.83166,1.71525,14.6296,0.952097,18.2244,0.42336,18.483,0.42336,0,0,442.007,0,1.02816,0,0,3.85982,2.83166,1.028160,1,0,80.8851,0,0,0,80.8851,0
51.1726,2.49045,0,0,4.47942,0.174149,0.36288,3.6288,61.308,0.431758,0,0,1.92638,0.183373,1.31125,0.66528,12.849,1,0.64359,0.36288,0,95.6016,3.61484,91.7061,0.84672,12.849,0.84672,3695.15,0,18.483,0,2.66166,1.71525,21.2525,0.952097,24.6773,0.42336,18.483,0.42336,0,0,442.007,0,1.02816,0,0,3.68982,2.66166,1.028160,1,0,117.695,0,0,0,117.695,0
51.7466,2.50504,0,0,3.63257,0.190666,0.36288,3.6288,61.308,0.43176,0,0,1.43572,0.179922,0.824035,0.66528,12.849,1,0.628995,0.36288,0,100.386,3.89455,96.2258,0.84672,12.849,0.84672,3695.15,0,18.483,0,1.97395,1.71525,14.0873,1.01186,16.7647,0.42336,18.483,0.42336,0,0,442.007,0,1.02816,0,0,3.00211,1.97395,1.028160,1,0,113.814,0,0,0,113.814,0
53.8218,2.32156,0,0,4.9862,0.226472,0.36288,3.6288,61.308,0.285117,0,0,3.56321,0.182993,3.0951,0.66528,12.849,1,0.576457,0.36288,0,118.308,4.0971,113.997,0.84672,12.849,0.84672,3695.15,0,18.483,0,3.16798,1.71525,20.4168,0.864527,24.4355,0.42336,18.483,0.42336,0,0,442.007,0,1.02816,0,0,4.19614,3.16798,1.028160,1,0,141.527,0,0,0,141.527,0
55.9338,2.3395,0,0,5.04573,0.231352,0.36288,3.6288,61.308,0.285119,0,0,4.14692,0.182993,3.67881,0.66528,12.849,1,0.558514,0.36288,0,142.021,4.0971,137.728,0.84672,12.849,0.84672,3695.15,0,18.483,0,3.58627,1.55773,21.0585,0.864527,25.338,0.42336,18.483,0.42336,0,0,442.007,0,1.02816,0,0,4.61443,3.58627,1.028160,1,0,166.745,0,0,0,166.745,0
57.2737,2.35665,0,0,4.29626,0.236895,0.36288,3.6288,61.308,0.28512,0,0,4.27188,0.191027,3.79574,0.66528,12.849,1,0.541366,0.36288,0,142.428,4.21753,138.032,0.84672,12.849,0.84672,3695.15,0,18.483,0,3.87327,1.55773,23.3445,0.912029,27.8635,0.42336,18.483,0.42336,0,0,442.007,0,1.02816,0,0,4.90143,3.87327,1.028160,1,0,169.691,0,0,0,169.691,0
59.0389,2.367,0,0,4.72695,0.231824,0.36288,3.6288,61.308,0.285122,0,0,3.84263,0.247793,3.30972,0.66528,12.849,1,0.531022,0.36288,0,111.51,4.91432,106.428,0.84672,12.849,0.84672,3695.15,0,18.483,0,3.32087,1.55773,20.2611,1.29458,23.8452,0.42336,18.483,0.42336,0,0,442.007,0,1.02816,0,0,4.34903,3.32087,1.028160,1,0,133.583,0,0,0,133.583,0
60.7907,2.38004,0,0,4.74157,0.246828,0.36288,3.6288,61.308,0.285123,0,0,2.74668,0.212505,2.24906,0.66528,12.849,1,0.517983,0.36288,0,141.814,3.86084,137.798,0.84672,12.849,0.84672,3695.15,0,18.483,0,2.70869,1.55773,16.5648,1.03427,19.7969,0.42336,18.483,0.42336,0,0,442.007,0,1.02816,0,0,3.73685,2.70869,1.028160,1,0,159.844,0,0,0,159.844,0
71.8612,2.46731,0,0,14.1763,0.27559,0.36288,3.6288,61.308,0.327584,0,0,2.92442,0.233725,2.36312,0.66528,12.849,1,0.521501,0.36288,0,262.875,3.9396,258.776,0.84672,12.849,0.84672,3695.15,0,18.483,0,5.34756,1.55773,28.5687,1.07401,34.4,0.42336,18.483,0.42336,0,0,442.007,0,1.02816,0,0,6.37572,5.34756,1.028160,1,0,295.539,0,0,0,295.539,0
85.7337,2.53544,0,0,17.0718,0.300952,0.36288,3.6288,61.308,0.327576,0,0,5.09324,0.233725,4.53194,0.66528,12.849,1,0.453345,0.36288,0,439.915,3.9396,435.885,0.84672,12.849,0.84672,3695.15,0,18.483,0,8.98651,1.60755,37.3829,1.07401,46.903,0.42336,18.483,0.42336,0,0,442.007,0,1.02816,0,0,10.0147,8.98651,1.028160,1,0,487.32,0,0,0,487.32,0
92.551,2.59922,0,0,10.2478,0.468449,0.36288,3.6288,61.308,0.327568,0,0,4.17568,0.233725,3.61439,0.66528,12.849,1,0.389548,0.36288,0,358.542,3.9396,354.576,0.84672,12.849,0.84672,3695.15,0,18.483,0,5.53357,1.60754,27.0582,1.07401,33.1253,0.42336,18.483,0.42336,0,0,442.007,0,1.02816,0,0,6.56173,5.53357,1.028160,1,0,391.315,0,0,0,391.315,0
97.506,2.6244,0,0,9.3795,0.548644,1.25146,3.6288,61.308,0.327559,0,0,2.16671,0.187404,1.65175,0.66528,12.849,1,0.36435,1.25146,0,192.381,3.55669,189.711,0.84672,12.849,0.84672,3695.15,0,18.483,0,3.18379,1.60753,22.8556,0.968814,26.6781,0.42336,18.483,0.42336,0,0,442.007,0,1.02816,0,0,4.21195,3.18379,1.028160,1,0,218.041,0,0,0,218.041,0
97.506,2.89832,0,0,6.60335,0.579116,3.12592,3.6288,61.308,0.486954,0,0,2.20362,0.214775,1.50189,0.66528,12.849,1,0.38193,3.12592,0,183.531,3.9817,182.293,0.84672,12.849,0.84672,3695.15,0,18.483,0,2.52892,1.60752,12.7418,1.14536,15.7329,0.42336,18.483,0.42336,0,0,442.007,0,1.02816,0,0,3.55708,2.52892,1.028160,1,0,199.528,0,0,0,199.528,0
97.506,2.8983,0,0,7.19418,0.579116,3.71677,3.6288,61.308,0.486945,0,0,2.55711,0.214775,1.85539,0.66528,12.849,1,0.381928,3.71677,0,242.167,3.9817,241.52,0.84672,12.849,0.84672,3695.15,0,18.483,0,3.83106,1.7853,16.8279,1.14536,21.2989,0.42336,18.483,0.42336,0,0,442.007,0,1.02816,0,0,4.85922,3.83106,1.028160,1,0,264.674,0,0,0,264.674,0
97.506,2.89828,0,0,6.40262,0.586912,2.91743,3.6288,61.308,0.486935,0,0,2.18435,0.188511,1.5089,0.66528,12.849,1,0.381926,2.91743,0,188.705,3.52802,187.712,0.84672,12.849,0.84672,3695.15,0,18.483,0,2.75797,1.78528,14.3994,1.01527,17.9274,0.42336,18.483,0.42336,0,0,442.007,0,1.02816,0,0,3.78613,2.75797,1.028160,1,0,207.148,0,0,0,207.148,0
97.506,2.89827,0,0,5.27422,0.589802,1.78615,3.6288,61.308,0.486926,0,0,1.36448,0.179628,0.697927,0.66528,12.849,1,0.381923,1.78615,0,146.691,3.47607,144.619,0.84672,12.849,0.84672,3695.15,0,18.483,0,1.99014,1.78527,9.48845,0.97858,12.2853,0.42336,18.483,0.42336,0,0,442.007,0,1.02816,0,0,3.0183,1.99014,1.028160,1,0,157.602,0,0,0,157.602,0
97.506,2.53088,0,0,7.51792,0.599346,4.3877,3.6288,61.308,0.273001,0,0,1.97654,0.152592,1.55094,0.66528,12.849,1,0.33351,4.3877,0,243.264,3.61809,243.7,0.84672,12.849,0.84672,3695.15,0,18.483,0,2.95793,1.78526,14.6636,0.888546,18.5183,0.42336,18.483,0.42336,0,0,442.007,0,1.02816,0,0,3.98609,2.95793,1.028160,1,0,263.77,0,0,0,263.77,0
97.506,2.53086,0,0,8.31151,0.599346,5.1813,3.6288,61.308,0.272994,0,0,2.21473,0.152592,1.78915,0.66528,12.849,1,0.333508,5.1813,0,331.754,3.61809,332.984,0.84672,12.849,0.84672,3695.15,0,18.483,0,4.47721,1.54206,16.9523,0.888546,22.083,0.42336,18.483,0.42336,0,0,442.007,0,1.02816,0,0,5.50537,4.47721,1.028160,1,0,356.856,0,0,0,356.856,0
97.506,2.53085,0,0,6.99346,0.482483,3.98013,3.6288,61.308,0.272985,0,0,1.61511,0.116494,1.22563,0.66528,12.849,1,0.333506,3.98013,0,262.85,3.09492,263.401,0.84672,12.849,0.84672,3695.15,0,18.483,0,2.68587,1.54205,13.6538,0.813393,17.0683,0.42336,18.483,0.42336,0,0,442.007,0,1.02816,0,0,3.71403,2.68587,1.028160,1,0,281.695,0,0,0,281.695,0
97.506,2.53083,0,0,9.39159,0.53491,6.32585,3.6288,61.308,0.272978,0,0,1.54969,0.20798,1.06873,0.66528,12.849,1,0.333504,6.32585,0,249.802,4.28856,251.506,0.84672,12.849,0.84672,3695.15,0,18.483,0,3.28049,1.54204,16.9321,1.15489,20.5997,0.42336,18.483,0.42336,0,0,442.007,0,1.02816,0,0,4.30865,3.28049,1.028160,1,0,273.175,0,0,0,273.175,0
97.506,2.53081,0,0,8.66134,0.520732,5.6098,3.6288,61.308,0.272969,0,0,3.05992,0.159483,2.62746,0.66528,12.849,1,0.333502,5.6098,0,291.789,4.51696,292.549,0.84672,12.849,0.84672,3695.15,0,18.483,0,4.90228,1.54203,22.8922,1.0125,28.324,0.42336,18.483,0.42336,0,0,442.007,0,1.02816,0,0,5.93044,4.90228,1.028160,1,0,323.5,0,0,0,323.5,0
97.506,2.62327,0,0,7.77514,0.522851,4.62902,3.6288,61.308,0.325292,0,0,2.2057,0.142491,1.73791,0.66528,12.849,1,0.345685,4.62902,0,304.301,4.64321,303.941,0.84672,12.849,0.84672,3695.15,0,18.483,0,3.80182,1.54203,21.1024,0.960547,25.4857,0.42336,18.483,0.42336,0,0,442.007,0,1.02816,0,0,4.82998,3.80182,1.028160,1,0,331.165,0,0,0,331.165,0
97.506,2.62325,0,0,8.04082,0.461449,4.95611,3.6288,61.308,0.325283,0,0,1.32609,0.161521,0.839289,0.66528,12.849,1,0.345683,4.95611,0,242.673,4.87588,242.407,0.84672,12.849,0.84672,3695.15,0,18.483,0,2.35626,1.60206,19.2899,1.00635,22.2419,0.42336,18.483,0.42336,0,0,442.007,0,1.02816,0,0,3.38442,2.35626,1.028160,1,0,265.488,0,0,0,265.488,0
97.506,2.62324,0,0,7.23496,0.446764,4.16496,3.6288,61.308,0.325275,0,0,1.15944,0.145435,0.688735,0.66528,12.849,1,0.345681,4.16496,0,248.28,4.41472,247.684,0.84672,12.849,0.84672,3695.15,0,18.483,0,2.27841,1.60205,18.356,1.05395,21.1825,0.42336,18.483,0.42336,0,0,442.007,0,1.02816,0,0,3.30657,2.27841,1.028160,1,0,269.556,0,0,0,269.556,0
97.506,2.62322,0,0,6.09206,0.373366,3.09547,3.6288,61.308,0.325267,0,0,1.07311,0.166364,0.581483,0.66528,12.849,1,0.345679,3.09547,0,171.672,4.73582,169.686,0.84672,12.849,0.84672,3695.15,0,18.483,0,1.60847,1.60204,14.079,1.04705,16.2424,0.42336,18.483,0.42336,0,0,442.007,0,1.02816,0,0,2.63663,1.60847,1.028160,1,0,186.51,0,0,0,186.51,0
97.506,2.58705,0,0,6.00201,0.334265,3.0807,3.6288,61.308,0.304934,0,0,1.29588,0.198552,0.792393,0.66528,12.849,1,0.340912,3.0807,0,155.357,4.63795,153.459,0.84672,12.849,0.84672,3695.15,0,18.483,0,1.88193,1.60203,13.552,1.00774,16.0282,0.42336,18.483,0.42336,0,0,442.007,0,1.02816,0,0,2.91009,1.88193,1.028160,1,0,170.279,0,0,0,170.279,0
97.506,2.58703,0,0,4.98538,0.334265,2.06409,3.6288,61.308,0.304926,0,0,1.2627,0.198552,0.759223,0.66528,12.849,1,0.34091,2.06409,0,124.93,4.63795,122.015,0.84672,12.849,0.84672,3695.15,0,18.483,0,1.96919,1.57865,11.3863,1.00774,13.9264,0.42336,18.483,0.42336,0,0,442.007,0,1.02816,0,0,2.99735,1.96919,1.028160,1,0,136.701,0,0,0,136.701,0
97.506,2.58702,0,0,4.43412,0.334265,1.51283,3.6288,61.308,0.304918,0,0,1.20251,0.198552,0.699037,0.66528,12.849,1,0.340908,1.51283,0,109.629,4.63795,106.163,0.84672,12.849,0.84672,3695.15,0,18.483,0,1.74417,1.57864,10.8925,1.00774,13.2076,0.42336,18.483,0.42336,0,0,442.007,0,1.02816,0,0,2.77233,1.74417,1.028160,1,0,120.069,0,0,0,120.069,0
97.506,2.587,0,0,4.22493,0.23949,1.39844,3.6288,61.308,0.30491,0,0,1.15403,0.211039,0.638079,0.66528,12.849,1,0.340906,1.39844,0,101.133,4.88853,97.3019,0.84672,12.849,0.84672,3695.15,0,18.483,0,1.50263,1.57863,10.4617,1.09665,12.4464,0.42336,18.483,0.42336,0,0,442.007,0,1.02816,0,0,2.53079,1.50263,1.028160,1,0,110.386,0,0,0,110.386,0
97.506,2.70971,0,0,5.08149,0.198286,2.1735,3.6288,61.308,0.376974,0,0,1.21878,0.219826,0.621985,0.66528,12.849,1,0.357075,2.1735,0,119.654,4.63953,116.831,0.84672,12.849,0.84672,3695.15,0,18.483,0,1.93947,1.57862,11.1456,0.970084,13.6936,0.42336,18.483,0.42336,0,0,442.007,0,1.02816,0,0,2.96763,1.93947,1.028160,1,0,131.146,0,0,0,131.146,0
97.506,2.70969,0,0,4.6403,0.198286,1.73233,3.6288,61.308,0.376965,0,0,1.14585,0.219826,0.549054,0.66528,12.849,1,0.357073,1.73233,0,111.849,4.63953,108.585,0.84672,12.849,0.84672,3695.15,0,18.483,0,1.02901,1.66032,10.2538,0.970084,11.973,0.42336,18.483,0.42336,0,0,442.007,0,1.02816,0,0,2.05717,1.02901,1.028160,1,0,121.107,0,0,0,121.107,0
97.506,2.70967,0,0,4.50971,0.200363,1.59967,3.6288,61.308,0.376957,0,0,1.11371,0.21766,0.519096,0.66528,12.849,1,0.357071,1.59967,0,106.121,4.6532,102.71,0.84672,12.849,0.84672,3695.15,0,18.483,0,2.45001,1.66031,9.92313,0.970029,13.0634,0.42336,18.483,0.42336,0,0,442.007,0,1.02816,0,0,3.47817,2.45001,1.028160,1,0,116.293,0,0,0,116.293,0
97.506,2.70966,0,0,4.20375,0.212821,1.28127,3.6288,61.308,0.376948,0,0,1.07699,0.204668,0.495377,0.66528,12.849,1,0.357069,1.28127,0,96.7697,4.73519,92.9587,0.84672,12.849,0.84672,3695.15,0,18.483,0,1.11536,1.6603,10.1041,0.969703,11.9101,0.42336,18.483,0.42336,0,0,442.007,0,1.02816,0,0,2.14352,1.11536,1.028160,1,0,105.364,0,0,0,105.364,0
97.4253,2.70964,0,0,3.18612,0.194324,0.36288,3.6288,61.308,0.37694,0,0,1.0728,0.250401,0.445463,0.66528,12.849,1,0.357067,0.36288,0,82.6433,5.20431,77.4448,0.84672,12.849,0.84672,3695.15,0,18.483,0,1.16336,1.66029,8.44724,1.12087,10.15,0.42336,18.483,0.42336,0,0,442.007,0,1.02816,0,0,2.19152,1.16336,1.028160,1,0,88.0403,0,0,0,88.0403,0
96.8473,2.68509,0,0,2.65679,0.186799,0.36288,3.6288,61.308,0.416542,0,0,1.06731,0.268694,0.382072,0.66528,12.849,1,0.354126,0.36288,0,75.4678,5.39196,70.0846,0.84672,12.849,0.84672,3695.15,0,18.483,0,1.12639,1.66028,7.21405,1.18133,8.81939,0.42336,18.483,0.42336,0,0,442.007,0,1.02816,0,0,2.15455,1.12639,1.028160,1,0,79.2861,0,0,0,79.2861,0
96.1474,2.68321,0,0,2.53206,0.185903,0.36288,3.6288,61.308,0.416533,0,0,1.02622,0.268694,0.340998,0.66528,12.849,1,0.355989,0.36288,0,72.9415,5.39196,67.5564,0.84672,12.849,0.84672,3695.15,0,18.483,0,1.07659,1.68573,6.84746,1.18133,8.42844,0.42336,18.483,0.42336,0,0,442.007,0,1.02816,0,0,2.10475,1.07659,1.028160,1,0,76.3258,0,0,0,76.3258,0
95.3659,2.68091,0,0,2.40023,0.137936,0.36288,3.6288,61.308,0.416524,0,0,0.978108,0.31174,0.249845,0.66528,12.849,1,0.358273,0.36288,0,68.542,6.16303,62.3836,0.84672,12.849,0.84672,3695.15,0,18.483,0,1.09178,1.68572,6.68434,1.41134,8.05049,0.42336,18.483,0.42336,0,0,442.007,0,1.02816,0,0,2.11994,1.09178,1.028160,1,0,70.6839,0,0,0,70.6839,0
94.4105,2.67831,0,0,2.23544,0.149576,0.36288,3.6288,61.308,0.416515,0,0,0.93293,0.303639,0.212776,0.66528,12.849,1,0.360858,0.36288,0,65.191,6.06095,59.1321,0.84672,12.849,0.84672,3695.15,0,18.483,0,1.04445,1.68571,6.16985,1.39608,7.50392,0.42336,18.483,0.42336,0,0,442.007,0,1.02816,0,0,2.07261,1.04445,1.028160,1,0,66.8488,0,0,0,66.8488,0
93.3259,2.73751,0,0,2.16216,0.146453,0.36288,3.6288,61.308,0.451807,0,0,0.830123,0.321252,0.057063,0.66528,12.849,1,0.372567,0.36288,0,53.7204,5.76912,47.9416,0.84672,12.849,0.84672,3695.15,0,18.483,0,0.988338,1.6857,5.38311,1.44871,6.60843,0.42336,18.483,0.42336,0,0,442.007,0,1.02816,0,0,2.0165,0.988338,1.028160,1,0,54.6071,0,0,0,54.6071,0
91.9696,2.73368,0,0,1.88536,0.145101,0.36288,3.6288,61.308,0.451798,0,0,0.782827,0.321252,0.00977674,0.66528,12.849,1,0.37637,0.36288,0,50.8963,5.76912,45.1137,0.84672,12.849,0.84672,3695.15,0,18.483,0,0.801058,1.72625,5.14364,1.44871,6.22224,0.42336,18.483,0.42336,0,0,442.007,0,1.02816,0,0,1.82922,0.801058,1.028160,1,0,51.3457,0,0,0,51.3457,0
90.4813,2.7288,0,0,1.73877,0.13537,0.36288,3.6288,61.3018,0.451789,0,0,0.769383,0.323842,0,0.66528,12.849,1,0.381238,0.36288,0,48.0159,5.8439,42.1537,0.84672,12.849,0.84672,3695.15,0,18.483,0,0.720248,1.72624,5.09682,1.46365,6.07966,0.42336,18.483,0.42336,0,0,442.007,0,1.02816,0,0,1.74841,0.720248,1.028160,1,0,48.2333,0,0,0,48.2333,0
88.695,2.72329,0,0,1.41874,0.118812,0.36288,3.6288,61.2931,0.45178,0,0,0.766066,0.3229,0,0.66528,12.849,1,0.386727,0.36288,0,45.4011,6.00612,39.3712,0.84672,12.849,0.84672,3695.15,0,18.483,0,0.72093,1.72623,4.90208,1.40473,5.94451,0.42336,18.483,0.42336,0,0,442.007,0,1.02816,0,0,1.74909,0.72093,1.028160,1,0,45.3157,0,0,0,45.3157,0
87.5125,2.89789,0,0,2.2187,0.140452,0.36288,3.6288,61.308,0.579187,0,0,0.937414,0.327876,0.0154884,0.66528,12.849,1,0.419809,0.36288,0,58.3031,6.08217,52.164,0.84672,12.849,0.84672,3695.15,0,18.483,0,1.06428,1.72622,5.00767,1.4688,6.32937,0.42336,18.483,0.42336,0,0,442.007,0,1.02816,0,0,2.09244,1.06428,1.028160,1,0,58.5088,0,0,0,58.5088,0
85.9511,2.89293,0,0,1.83507,0.140712,0.36288,3.6288,61.1333,0.579177,0,0,0.734296,0.329838,0,0.66528,12.849,1,0.424753,0.36288,0,69.5192,6.11394,63.3434,0.84672,12.849,0.84672,3695.15,0,18.483,0,0.634945,1.86357,4.05933,1.48939,5.06846,0.42336,18.483,0.42336,0,0,442.007,0,1.02816,0,0,1.66311,0.634945,1.028160,1,0,68.4118,0,0,0,68.4118,0
84.7366,2.8862,0,0,2.17329,0.138725,0.36288,3.6288,61.308,0.579167,0,0,1.12088,0.329473,0.0375169,0.66528,12.849,1,0.431463,0.36288,0,59.67,6.11394,53.4875,0.84672,12.849,0.84672,3695.15,0,18.483,0,1.47363,1.86356,5.48937,1.48939,7.33718,0.42336,18.483,0.42336,0,0,442.007,0,1.02816,0,0,2.50179,1.47363,1.028160,1,0,60.8622,0,0,0,60.8622,0
83.1656,2.88081,0,0,1.81578,0.143033,0.36288,3.6288,61.2423,0.579157,0,0,0.822597,0.309154,0,0.66528,12.849,1,0.43683,0.36288,0,54.4517,5.55941,48.8183,0.84672,12.849,0.84672,3695.15,0,18.483,0,0.945665,1.86355,5.6873,1.27352,7.22299,0.42336,18.483,0.42336,0,0,442.007,0,1.02816,0,0,1.97383,0.945665,1.028160,1,0,56.0413,0,0,0,56.0413,0
81.9245,2.87364,0,0,2.16102,0.165571,0.36288,3.6288,61.1951,0.579147,0,0,0.827418,0.295421,0,0.66528,12.849,1,0.443975,0.36288,0,60.7349,5.36458,55.2892,0.84672,12.849,0.84672,3695.15,0,18.483,0,1.17789,1.86354,5.29395,1.26037,7.07501,0.42336,18.483,0.42336,0,0,442.007,0,1.02816,0,0,2.20605,1.17789,1.028160,1,0,62.3642,0,0,0,62.3642,0
81.1924,2.78031,0,0,2.58726,0.176188,0.36288,3.6288,61.308,0.501803,0,0,1.07439,0.305801,0.153924,0.66528,12.849,1,0.436063,0.36288,0,68.0498,5.773,62.2036,0.84672,12.849,0.84672,3695.15,0,18.483,0,1.73203,1.86353,4.7048,1.46637,6.83399,0.42336,18.483,0.42336,0,0,442.007,0,1.02816,0,0,2.76019,1.73203,1.028160,1,0,69.1915,0,0,0,69.1915,0
80.1474,2.7769,0,0,2.26969,0.17496,0.36288,3.6288,61.2903,0.501794,0,0,0.790128,0.30602,0,0.66528,12.849,1,0.439455,0.36288,0,62.2472,5.773,56.3976,0.84672,12.849,0.84672,3695.15,0,18.483,0,1.41417,1.7848,4.15156,1.46637,5.88416,0.42336,18.483,0.42336,0,0,442.007,0,1.02816,0,0,2.44233,1.41417,1.028160,1,0,62.2818,0,0,0,62.2818,0
78.9494,2.77194,0,0,2.17609,0.23921,0.36288,3.6288,61.2464,0.501785,0,0,0.734037,0.276154,0,0.66528,12.849,1,0.44439,0.36288,0,46.7906,5.32644,41.3827,0.84672,12.849,0.84672,3695.15,0,18.483,0,1.18087,1.78479,5.71462,1.31768,7.3626,0.42336,18.483,0.42336,0,0,442.007,0,1.02816,0,0,2.20903,1.18087,1.028160,1,0,48.7453,0,0,0,48.7453,0
80.4291,2.76613,0,0,4.7689,0.160215,0.36288,3.6288,61.308,0.501775,0,0,1.16386,0.306558,0.29394,0.66528,12.849,1,0.450187,0.36288,0,62.3476,5.87908,56.3812,0.84672,12.849,0.84672,3695.15,0,18.483,0,2.57348,1.78478,10.0023,1.2977,13.0629,0.42336,18.483,0.42336,0,0,442.007,0,1.02816,0,0,3.60164,2.57348,1.028160,1,0,69.7381,0,0,0,69.7381,0
80.4745,2.70161,0,0,3.44212,0.332249,0.36288,3.6288,61.308,0.431374,0,0,1.00261,0.232503,0.338734,0.66528,12.849,1,0.431598,0.36288,0,76.2974,4.1014,72.1273,0.84672,12.849,0.84672,3695.15,0,18.483,0,1.39836,1.78477,6.04569,1.03814,8.19067,0.42336,18.483,0.42336,0,0,442.007,0,1.02816,0,0,2.42652,1.39836,1.028160,1,0,80.6567,0,0,0,80.6567,0
80.3893,2.70181,0,0,3.31192,0.332394,0.36288,3.6288,61.308,0.431365,0,0,0.983085,0.232503,0.319217,0.66528,12.849,1,0.431385,0.36288,0,83.9264,4.1014,79.7565,0.84672,12.849,0.84672,3695.15,0,18.483,0,1.60321,1.7148,6.41591,1.03814,8.69578,0.42336,18.483,0.42336,0,0,442.007,0,1.02816,0,0,2.63137,1.60321,1.028160,1,0,88.7715,0,0,0,88.7715,0
80.6072,2.7014,0,0,3.61432,0.332121,0.36288,3.6288,61.308,0.431356,0,0,0.757424,0.232503,0.0935643,0.66528,12.849,1,0.431777,0.36288,0,74.2306,4.1014,70.0603,0.84672,12.849,0.84672,3695.15,0,18.483,0,1.40762,1.71479,5.90556,1.03814,7.98983,0.42336,18.483,0.42336,0,0,442.007,0,1.02816,0,0,2.43578,1.40762,1.028160,1,0,78.1437,0,0,0,78.1437,0
80.6715,2.70239,0,0,3.52898,0.399484,0.36288,3.6288,61.308,0.431347,0,0,0.664957,0.198654,0.0349561,0.66528,12.849,1,0.430767,0.36288,0,86.5521,3.70535,82.7788,0.84672,12.849,0.84672,3695.15,0,18.483,0,1.02705,1.71478,5.71058,0.908194,7.54422,0.42336,18.483,0.42336,0,0,442.007,0,1.02816,0,0,2.05521,1.02705,1.028160,1,0,90.358,0,0,0,90.358,0
81.2039,2.49912,0,0,3.84101,0.446551,0.36288,3.6288,61.308,0.284737,0,0,1.55197,0.207381,1.05985,0.66528,12.849,1,0.398049,0.36288,0,98.0286,3.93516,94.0583,0.84672,12.849,0.84672,3695.15,0,18.483,0,2.39833,1.71477,8.36508,1.04394,11.4342,0.42336,18.483,0.42336,0,0,442.007,0,1.02816,0,0,3.42649,2.39833,1.028160,1,0,106.552,0,0,0,106.552,0
81.9031,2.50136,0,0,4.01176,0.448305,0.36288,3.6288,61.308,0.284729,0,0,1.83248,0.213067,1.33469,0.66528,12.849,1,0.395794,0.36288,0,134.111,4.02297,130.055,0.84672,12.849,0.84672,3695.15,0,18.483,0,2.54487,1.55727,9.82696,1.08281,12.8463,0.42336,18.483,0.42336,0,0,442.007,0,1.02816,0,0,3.57303,2.54487,1.028160,1,0,144.236,0,0,0,144.236,0
84.4726,2.50427,0,0,5.88789,0.451311,0.36288,3.6288,61.308,0.28472,0,0,2.33657,0.213067,1.83878,0.66528,12.849,1,0.39287,0.36288,0,156.222,4.02297,152.169,0.84672,12.849,0.84672,3695.15,0,18.483,0,3.16146,1.55726,15.9093,1.08281,19.5452,0.42336,18.483,0.42336,0,0,442.007,0,1.02816,0,0,4.18962,3.16146,1.028160,1,0,173.553,0,0,0,173.553,0
84.7413,2.51462,0,0,3.62464,0.47839,0.36288,3.6288,61.308,0.284712,0,0,2.10272,0.210612,1.60739,0.66528,12.849,1,0.382496,0.36288,0,141.518,4.1247,137.374,0.84672,12.849,0.84672,3695.15,0,18.483,0,2.59955,1.55725,8.18821,1.06687,11.2782,0.42336,18.483,0.42336,0,0,442.007,0,1.02816,0,0,3.62771,2.59955,1.028160,1,0,150.259,0,0,0,150.259,0
84.2095,2.51566,0,0,2.85367,0.506934,0.36288,3.6288,61.308,0.284704,0,0,1.31595,0.223834,0.807412,0.66528,12.849,1,0.38144,0.36288,0,96.3784,4.66371,91.6962,0.84672,12.849,0.84672,3695.15,0,18.483,0,1.31804,1.55725,5.73391,1.12119,7.48801,0.42336,18.483,0.42336,0,0,442.007,0,1.02816,0,0,2.3462,1.31804,1.028160,1,0,99.9916,0,0,0,99.9916,0
83.6641,2.59229,0,0,2.89482,0.485048,0.36288,3.6288,61.308,0.407658,0,0,0.732508,0.230897,0.0939532,0.66528,12.849,1,0.395541,0.36288,0,55.8016,4.76228,51.0067,0.84672,12.849,0.84672,3695.15,0,18.483,0,0.412474,1.55724,3.89596,1.13593,4.72974,0.42336,18.483,0.42336,0,0,442.007,0,0.947644,0,0,1.36012,0.412474,1.028160,1,0,55.8304,0,0,0,55.8304,0
84.1391,2.59002,0,0,3.91049,0.482582,0.36288,3.6288,61.308,0.327124,0,0,0.910181,0.230897,0.35216,0.66528,12.849,1,0.397771,0.36288,0,92.1404,4.76228,87.3433,0.84672,12.849,0.84672,3695.15,0,18.483,0,0.455224,1.60703,4.13111,1.13593,5.05743,0.42336,18.483,0.42336,0,0,442.007,0,1.02816,0,0,1.48338,0.455224,1.028160,1,0,92.7528,0,0,0,92.7528,0
87.2781,2.59193,0,0,6.57855,0.484729,0.36288,3.6288,61.308,0.327106,0,0,2.1234,0.230897,1.5654,0.66528,12.849,1,0.395818,0.36288,0,106.515,4.76228,101.72,0.84672,12.849,0.84672,3695.15,0,18.483,0,3.55144,1.607,13.9092,1.13593,17.9317,0.42336,18.483,0.42336,0,0,442.007,0,1.02816,0,0,4.5796,3.55144,1.028160,1,0,121.217,0,0,0,121.217,0
88.901,2.60431,0,0,5.03984,0.449795,0.36288,3.6288,61.308,0.327088,0,0,2.33526,0.23449,1.77368,0.66528,12.849,1,0.383404,0.36288,0,117.133,4.42984,112.683,0.84672,12.849,0.84672,3695.15,0,18.483,0,1.1007,1.60698,9.99294,1.19258,11.508,0.42336,18.483,0.42336,0,0,442.007,0,1.02816,0,0,2.12886,1.1007,1.028160,1,0,125.965,0,0,0,125.965,0
89.5175,2.865,0,0,4.28174,0.4373,0.36288,3.6288,61.308,0.486416,0,0,2.18975,0.195531,1.5078,0.66528,12.849,1,0.414083,0.36288,0,93.5876,3.59079,89.9456,0.84672,12.849,0.84672,3695.15,0,18.483,0,0.991855,1.60696,8.02224,1.00337,9.61769,0.42336,18.483,0.42336,0,0,442.007,0,1.02816,0,0,2.02001,0.991855,1.028160,1,0,101.071,0,0,0,101.071,0
90.0126,2.86746,0,0,4.16508,0.439708,0.36288,3.6288,61.308,0.486395,0,0,2.98034,0.195531,2.29842,0.66528,12.849,1,0.411584,0.36288,0,105.443,3.59079,101.804,0.84672,12.849,0.84672,3695.15,0,18.483,0,2.63693,1.78466,12.3343,1.00337,15.7525,0.42336,18.483,0.42336,0,0,442.007,0,1.02816,0,0,3.66509,2.63693,1.028160,1,0,119.855,0,0,0,119.855,0
90.564,2.8694,0,0,4.26033,0.476614,0.36288,3.6288,61.308,0.486375,0,0,1.96272,0.184226,1.29212,0.66528,12.849,1,0.409597,0.36288,0,132.816,3.65645,129.113,0.84672,12.849,0.84672,3695.15,0,18.483,0,1.79029,1.78464,9.13455,0.974617,11.7349,0.42336,18.483,0.42336,0,0,442.007,0,1.02816,0,0,2.81845,1.79029,1.028160,1,0,142.14,0,0,0,142.14,0
94.4713,2.87154,0,0,7.70866,0.566937,0.36288,3.6288,61.308,0.486355,0,0,2.21606,0.203443,1.52627,0.66528,12.849,1,0.407408,0.36288,0,142.4,3.64963,138.706,0.84672,12.849,0.84672,3695.15,0,18.483,0,3.59256,1.78461,11.9819,0.987674,16.3714,0.42336,18.483,0.42336,0,0,442.007,0,1.02816,0,0,4.62072,3.59256,1.028160,1,0,156.604,0,0,0,156.604,0
97.506,2.52048,0,0,6.82266,0.597208,0.670303,3.6288,61.308,0.272502,0,0,4.16299,0.17219,3.7183,0.66528,12.849,1,0.342809,0.670303,0,309.703,3.42006,306.611,0.84672,12.849,0.84672,3695.15,0,18.483,0,3.92939,1.78459,17.9505,0.941039,22.7234,0.42336,18.483,0.42336,0,0,442.007,0,1.02816,0,0,4.95755,3.92939,1.028160,1,0,333.053,0,0,0,333.053,0
97.506,2.52987,0,0,7.57391,0.612627,4.43141,3.6288,61.308,0.272484,0,0,3.06014,0.17219,2.61547,0.66528,12.849,1,0.333377,4.43141,0,235.682,3.42006,236.36,0.84672,12.849,0.84672,3695.15,0,18.483,0,4.97388,1.54147,18.7795,0.941039,24.3538,0.42336,18.483,0.42336,0,0,442.007,0,1.02816,0,0,6.00204,4.97388,1.028160,1,0,263.329,0,0,0,263.329,0
97.506,2.52984,0,0,13.8572,0.612627,10.7147,3.6288,61.308,0.272467,0,0,6.6264,0.17219,6.18175,0.66528,12.849,1,0.333373,10.7147,0,257.29,3.42006,264.251,0.84672,12.849,0.84672,3695.15,0,18.483,0,7.01577,1.54145,27.5429,0.941039,35.159,0.42336,18.483,0.42336,0,0,442.007,0,1.02816,0,0,8.04393,7.01577,1.028160,1,0,305.592,0,0,0,305.592,0
97.506,2.5298,0,0,8.47126,0.615372,5.32609,3.6288,61.308,0.27245,0,0,3.27522,0.104061,2.89871,0.66528,12.849,1,0.333369,5.32609,0,231.792,3.10749,233.677,0.84672,12.849,0.84672,3695.15,0,18.483,0,3.76213,1.54143,18.2788,0.828391,22.754,0.42336,18.483,0.42336,0,0,442.007,0,1.02816,0,0,4.79029,3.76213,1.028160,1,0,259.33,0,0,0,259.33,0
97.506,2.52977,0,0,6.70786,0.552684,3.62541,3.6288,61.308,0.272432,0,0,2.6055,0.139142,2.19392,0.66528,12.849,1,0.333364,3.62541,0,191.543,3.76364,191.071,0.84672,12.849,0.84672,3695.15,0,18.483,0,2.96624,1.54141,14.2975,0.962127,17.843,0.42336,18.483,0.42336,0,0,442.007,0,1.02816,0,0,3.9944,2.96624,1.028160,1,0,211.108,0,0,0,211.108,0
97.506,2.62217,0,0,6.3565,0.505325,3.22901,3.6288,61.308,0.324723,0,0,3.8015,0.173968,3.30281,0.66528,12.849,1,0.34554,3.22901,0,225.646,4.29482,224.234,0.84672,12.849,0.84672,3695.15,0,18.483,0,4.29131,1.54139,17.2376,1.07651,21.9938,0.42336,18.483,0.42336,0,0,442.007,0,1.02816,0,0,5.31947,4.29131,1.028160,1,0,249.531,0,0,0,249.531,0
97.506,2.62213,0,0,7.15934,0.505325,4.03188,3.6288,61.308,0.324705,0,0,3.98852,0.173968,3.48985,0.66528,12.849,1,0.345535,4.03188,0,200.397,4.29482,199.789,0.84672,12.849,0.84672,3695.15,0,18.483,0,5.00155,1.60139,19.0974,1.07651,24.6238,0.42336,18.483,0.42336,0,0,442.007,0,1.02816,0,0,6.02971,5.00155,1.028160,1,0,227.902,0,0,0,227.902,0
97.506,2.6221,0,0,5.7752,0.505325,2.64778,3.6288,61.308,0.324687,0,0,2.99868,0.173968,2.50002,0.66528,12.849,1,0.345531,2.64778,0,228.813,4.29482,226.821,0.84672,12.849,0.84672,3695.15,0,18.483,0,3.59773,1.60136,15.0856,1.07651,19.2082,0.42336,18.483,0.42336,0,0,442.007,0,1.02816,0,0,4.62589,3.59773,1.028160,1,0,248.529,0,0,0,248.529,0
97.506,2.62206,0,0,4.91457,0.418869,1.87364,3.6288,61.308,0.324669,0,0,2.49621,0.183298,1.98824,0.66528,12.849,1,0.345526,1.87364,0,153.026,3.95133,150.603,0.84672,12.849,0.84672,3695.15,0,18.483,0,3.39549,1.60134,12.5181,1.08278,16.4321,0.42336,18.483,0.42336,0,0,442.007,0,1.02816,0,0,4.42365,3.39549,1.028160,1,0,169.024,0,0,0,169.024,0
97.506,2.58589,0,0,4.33332,0.337755,1.40968,3.6288,61.308,0.304336,0,0,1.59363,0.21853,1.07077,0.66528,12.849,1,0.340759,1.40968,0,114.687,4.35466,111.402,0.84672,12.849,0.84672,3695.15,0,18.483,0,2.97209,1.60132,10.4657,1.09857,13.9406,0.42336,18.483,0.42336,0,0,442.007,0,1.02816,0,0,4.00025,2.97209,1.028160,1,0,126.413,0,0,0,126.413,0
97.506,2.58585,0,0,3.85573,0.337755,0.932121,3.6288,61.308,0.304318,0,0,1.45808,0.21853,0.93523,0.66528,12.849,1,0.340755,0.932121,0,120.77,4.35466,117.007,0.84672,12.849,0.84672,3695.15,0,18.483,0,2.24188,1.57794,8.30485,1.09857,11.0261,0.42336,18.483,0.42336,0,0,442.007,0,1.02816,0,0,3.27004,2.24188,1.028160,1,0,128.968,0,0,0,128.968,0
97.506,2.58582,0,0,3.63545,0.337755,0.711879,3.6288,61.308,0.3043,0,0,1.32501,0.21853,0.802183,0.66528,12.849,1,0.34075,0.711879,0,105.933,4.35466,101.95,0.84672,12.849,0.84672,3695.15,0,18.483,0,1.69904,1.57792,7.63335,1.09857,9.81174,0.42336,18.483,0.42336,0,0,442.007,0,1.02816,0,0,2.7272,1.69904,1.028160,1,0,112.564,0,0,0,112.564,0
97.506,2.58578,0,0,3.33189,0.320578,0.425524,3.6288,61.308,0.304282,0,0,1.23684,0.224936,0.707623,0.66528,12.849,1,0.340746,0.425524,0,96.7982,4.49466,92.3884,0.84672,12.849,0.84672,3695.15,0,18.483,0,1.62079,1.5779,6.49633,1.1182,8.57681,0.42336,18.483,0.42336,0,0,442.007,0,1.02816,0,0,2.64895,1.62079,1.028160,1,0,101.673,0,0,0,101.673,0
97.506,2.70841,0,0,3.37884,0.181246,0.48918,3.6288,61.308,0.376303,0,0,1.15636,0.236184,0.543874,0.66528,12.849,1,0.356905,0.48918,0,92.8014,5.17317,87.7605,0.84672,12.849,0.84672,3695.15,0,18.483,0,1.40428,1.57788,7.88797,1.14079,9.72934,0.42336,18.483,0.42336,0,0,442.007,0,1.02816,0,0,2.43244,1.40428,1.028160,1,0,98.0337,0,0,0,98.0337,0
97.506,2.70837,0,0,3.3648,0.1752,0.481222,3.6288,61.308,0.376284,0,0,1.15836,0.231652,0.550421,0.66528,12.849,1,0.3569,0.481222,0,88.4719,5.14626,83.4499,0.84672,12.849,0.84672,3695.15,0,18.483,0,1.51925,1.65953,7.77635,1.12493,9.8302,0.42336,18.483,0.42336,0,0,442.007,0,1.02816,0,0,2.54741,1.51925,1.028160,1,0,93.8305,0,0,0,93.8305,0
97.2525,2.70834,0,0,3.01825,0.200563,0.36288,3.6288,61.308,0.376265,0,0,1.10456,0.227701,0.500597,0.66528,12.849,1,0.356895,0.36288,0,83.5531,4.89242,78.6667,0.84672,12.849,0.84672,3695.15,0,18.483,0,1.53351,1.65951,7.16213,1.13472,9.22043,0.42336,18.483,0.42336,0,0,442.007,0,1.02816,0,0,2.56167,1.53351,1.028160,1,0,88.3877,0,0,0,88.3877,0
96.8865,2.70748,0,0,2.88108,0.176705,0.36288,3.6288,61.308,0.376246,0,0,1.09282,0.234887,0.481689,0.66528,12.849,1,0.357712,0.36288,0,77.5958,4.65012,72.9509,0.84672,12.849,0.84672,3695.15,0,18.483,0,1.57782,1.65948,6.85714,1.17634,8.9181,0.42336,18.483,0.42336,0,0,442.007,0,1.02816,0,0,2.60598,1.57782,1.028160,1,0,82.3507,0,0,0,82.3507,0
96.8372,2.70625,0,0,3.13466,0.114793,0.36288,3.6288,61.308,0.376228,0,0,0.910319,0.246881,0.28721,0.66528,12.849,1,0.358901,0.36288,0,60.0617,4.92144,55.1443,0.84672,12.849,0.84672,3695.15,0,18.483,0,1.00657,1.65946,5.3184,1.19272,6.79171,0.42336,18.483,0.42336,0,0,442.007,0,1.02816,0,0,2.03473,1.00657,1.028160,1,0,62.2232,0,0,0,62.2232,0
96.8813,2.68182,0,0,3.21454,0.125719,0.36288,3.6288,61.308,0.415799,0,0,0.760959,0.243424,0.101736,0.66528,12.849,1,0.355841,0.36288,0,49.6047,5.02877,44.583,0.84672,12.849,0.84672,3695.15,0,18.483,0,0.6548,1.65944,4.28007,1.17644,5.41786,0.42336,18.483,0.42336,0,0,442.007,0,1.02816,0,0,1.68296,0.6548,1.028160,1,0,50.1026,0,0,0,50.1026,0
96.6227,2.68192,0,0,2.91192,0.125765,0.36288,3.6288,61.308,0.41578,0,0,0.727142,0.243424,0.0679381,0.66528,12.849,1,0.355693,0.36288,0,48.7486,5.02877,43.727,0.84672,12.849,0.84672,3695.15,0,18.483,0,0.571156,1.68486,4.0434,1.17644,5.12297,0.42336,18.483,0.42336,0,0,442.007,0,1.02816,0,0,1.59932,0.571156,1.028160,1,0,48.9179,0,0,0,48.9179,0
96.1127,2.68105,0,0,2.65132,0.11737,0.36288,3.6288,61.308,0.415761,0,0,0.687675,0.254393,0.0175208,0.66528,12.849,1,0.356529,0.36288,0,42.9133,5.16992,37.7498,0.84672,12.849,0.84672,3695.15,0,18.483,0,0.418409,1.68484,3.92444,1.22796,4.79973,0.42336,18.483,0.42336,0,0,442.007,0,1.02816,0,0,1.44657,0.418409,1.028160,1,0,42.567,0,0,0,42.567,0
95.5644,2.67934,0,0,2.56086,0.0669536,0.36288,3.6288,61.2067,0.415741,0,0,0.634816,0.320394,0,0.66528,12.849,1,0.358193,0.36288,0,38.4056,5.93969,32.4706,0.84672,12.849,0.84672,3695.15,0,18.483,0,0.423732,1.68482,3.71578,1.52882,4.2955,0.42336,18.483,0.42336,0,0,442.007,0,1.02816,0,0,1.45189,0.423732,1.028160,1,0,36.7661,0,0,0,36.7661,0
95.3653,2.73998,0,0,2.96218,0.0584284,0.36288,3.6288,61.133,0.451004,0,0,0.698675,0.321303,0,0.66528,12.849,1,0.368401,0.36288,0,45.1551,5.4769,39.6727,0.84672,12.849,0.84672,3695.15,0,18.483,0,0.447206,1.68479,3.7886,1.47917,4.44142,0.42336,18.483,0.42336,0,0,442.007,0,1.02816,0,0,1.47537,0.447206,1.028160,1,0,44.1141,0,0,0,44.1141,0
95.0122,2.73927,0,0,2.8074,0.0583303,0.36288,3.6288,60.986,0.450984,0,0,0.625057,0.321154,0,0.66528,12.849,1,0.369074,0.36288,0,39.8985,5.4769,34.4154,0.84672,12.849,0.84672,3695.15,0,18.483,0,0.590993,1.72531,3.95709,1.47917,4.79422,0.42336,18.483,0.42336,0,0,442.007,0,1.02816,0,0,1.61915,0.590993,1.028160,1,0,39.2096,0,0,0,39.2096,0
94.4776,2.73802,0,0,2.62443,0.0581565,0.36288,3.6288,60.7925,0.450965,0,0,0.578317,0.320855,0,0.66528,12.849,1,0.370277,0.36288,0,37.9375,5.4769,32.4532,0.84672,12.849,0.84672,3695.15,0,18.483,0,0.451673,1.72529,3.47221,1.47917,4.17,0.42336,18.483,0.42336,0,0,442.007,0,1.02816,0,0,1.47983,0.451673,1.028160,1,0,36.6232,0,0,0,36.6232,0
93.9098,2.73614,0,0,2.58914,0.0578931,0.36288,3.6288,60.6467,0.450945,0,0,0.625684,0.320461,0,0.66528,12.849,1,0.372117,0.36288,0,35.2022,5.4769,29.7161,0.84672,12.849,0.84672,3695.15,0,18.483,0,0.551431,1.72527,3.92666,1.47917,4.72418,0.42336,18.483,0.42336,0,0,442.007,0,1.02816,0,0,1.57959,0.551431,1.028160,1,0,34.4403,0,0,0,34.4403,0
92.9866,2.91673,0,0,2.40837,0.0519522,0.36288,3.6288,60.4049,0.578268,0,0,0.656579,0.320116,0,0.66528,12.849,1,0.399075,0.36288,0,34.337,5.66433,28.6365,0.84672,12.849,0.84672,3695.15,0,18.483,0,0.47082,1.72524,3.62556,1.52112,4.3005,0.42336,18.483,0.42336,0,0,442.007,0,1.02816,0,0,1.49898,0.47082,1.028160,1,0,32.937,0,0,0,32.937,0
91.6291,2.91321,0,0,1.99055,0.0720051,0.36288,3.6288,60.102,0.578247,0,0,0.587702,0.312394,0,0.66528,12.849,1,0.402551,0.36288,0,30.2634,5.52993,24.6938,0.84672,12.849,0.84672,3695.15,0,18.483,0,0.324708,1.86251,2.87776,1.49607,3.56891,0.42336,18.483,0.42336,0,0,442.007,0,1.02816,0,0,1.35287,0.324708,1.028160,1,0,28.2627,0,0,0,28.2627,0
90.4065,2.90794,0,0,2.1194,0.0711628,0.36288,3.6288,59.7949,0.578225,0,0,0.582894,0.311792,0,0.66528,12.849,1,0.407776,0.36288,0,28.2703,5.52993,22.6954,0.84672,12.849,0.84672,3695.15,0,18.483,0,0.3038,1.86248,3.03303,1.49607,3.70324,0.42336,18.483,0.42336,0,0,442.007,0,1.02816,0,0,1.33196,0.3038,1.028160,1,0,26.3987,0,0,0,26.3987,0
90.2348,2.90307,0,0,3.18111,0.0868781,0.36288,3.6288,59.6017,0.578204,0,0,0.694055,0.309057,0,0.66528,12.849,1,0.412598,0.36288,0,41.7456,5.47056,36.2253,0.84672,12.849,0.84672,3695.15,0,18.483,0,0.567,1.86246,3.22322,1.48879,4.16389,0.42336,18.483,0.42336,0,0,442.007,0,1.02816,0,0,1.59516,0.567,1.028160,1,0,40.3892,0,0,0,40.3892,0
90.9637,2.90235,0,0,4.14812,0.154002,0.36288,3.6288,59.5054,0.578182,0,0,0.777406,0.295546,0,0.66528,12.849,1,0.41328,0.36288,0,41.0726,5.09788,35.9243,0.84672,12.849,0.84672,3695.15,0,18.483,0,0.619047,1.86243,3.6876,1.32991,4.83917,0.42336,18.483,0.42336,0,0,442.007,0,1.02816,0,0,1.64721,0.619047,1.028160,1,0,40.7635,0,0,0,40.7635,0
91.3866,2.81657,0,0,3.83184,0.229482,0.36288,3.6288,59.519,0.500874,0,0,0.807633,0.29306,0,0.66528,12.849,1,0.397852,0.36288,0,30.1685,4.80742,25.3261,0.84672,12.849,0.84672,3695.15,0,18.483,0,1.04114,1.86241,4.53845,1.19945,6.24255,0.42336,18.483,0.42336,0,0,442.007,0,1.02816,0,0,2.0693,1.04114,1.028160,1,0,31.5686,0,0,0,31.5686,0
91.5648,2.81814,0,0,3.59461,0.235365,0.36288,3.6288,59.5446,0.500853,0,0,0.820524,0.294081,0,0.66528,12.849,1,0.396233,0.36288,0,37.1327,4.8237,32.2757,0.84672,12.849,0.84672,3695.15,0,18.483,0,0.979577,1.78371,4.59198,1.20877,6.1465,0.42336,18.483,0.42336,0,0,442.007,0,1.02816,0,0,2.00774,0.979577,1.028160,1,0,38.4222,0,0,0,38.4222,0
92.183,2.81878,0,0,4.0356,0.235731,0.36288,3.6288,59.7716,0.500833,0,0,1.02188,0.294129,0,0.66528,12.849,1,0.395551,0.36288,0,59.7401,4.8237,54.8837,0.84672,12.849,0.84672,3695.15,0,18.483,0,1.36949,1.78369,5.84594,1.20877,7.79034,0.42336,18.483,0.42336,0,0,442.007,0,1.02816,0,0,2.39765,1.36949,1.028160,1,0,62.674,0,0,0,62.674,0
92.9915,2.82107,0,0,4.25662,0.264151,0.36288,3.6288,60.051,0.500812,0,0,1.07827,0.298056,0,0.66528,12.849,1,0.393218,0.36288,0,130.918,4.98446,125.904,0.84672,12.849,0.84672,3695.15,0,18.483,0,1.1967,1.78367,6.69375,1.23965,8.43447,0.42336,18.483,0.42336,0,0,442.007,0,1.02816,0,0,2.22486,1.1967,1.028160,1,0,134.338,0,0,0,134.338,0
92.1858,2.75109,0,0,2.71162,0.403344,0.36288,3.6288,60.3539,0.430445,0,0,0.920557,0.187134,0,0.66528,12.849,1,0.380129,0.36288,0,51.2035,4.22892,46.9573,0.84672,12.849,0.84672,3695.15,0,18.483,0,1.62447,1.78364,4.75662,1.03071,7.13402,0.42336,18.483,0.42336,0,0,442.007,0,1.02816,0,0,2.65263,1.62447,1.028160,1,0,54.0913,0,0,0,54.0913,0
92.6388,2.74814,0,0,4.01489,0.450884,0.36288,3.6288,60.781,0.430426,0,0,1.08975,0.232269,0,0.66528,12.849,1,0.383039,0.36288,0,43.7613,4.07075,39.6704,0.84672,12.849,0.84672,3695.15,0,18.483,0,1.40398,1.71371,5.34667,0.927981,7.53638,0.42336,18.483,0.42336,0,0,442.007,0,1.02816,0,0,2.43214,1.40398,1.028160,1,0,47.2068,0,0,0,47.2068,0
93.403,2.74974,0,0,4.37943,0.502615,0.36288,3.6288,61.1083,0.430406,0,0,0.957208,0.199524,0,0.66528,12.849,1,0.381389,0.36288,0,62.5228,3.70619,58.7981,0.84672,12.849,0.84672,3695.15,0,18.483,0,1.60153,1.71369,5.8647,0.814534,8.36538,0.42336,18.483,0.42336,0,0,442.007,0,1.02816,0,0,2.62969,1.60153,1.028160,1,0,67.1634,0,0,0,67.1634,0
