0st_vol,0capacity,0net_inf,0st_rof,0lt_rof,0rest_demand,0unrest_demand,0unfulf_demand,0wastewater,0treat_capacity,0agg_price,0res_price,0gross_rev,0drought_cost,0cont_contrib,0debt_serv,0infra_npv,1st_vol,1capacity,1net_inf,1st_rof,1lt_rof,1rest_demand,1unrest_demand,1unfulf_demand,1wastewater,1treat_capacity,1agg_price,1res_price,1gross_rev,1drought_cost,1cont_contrib,1debt_serv,1infra_npv
85.139,85.139,5.19755,0,0,2.41202,2.46977,0,0,4.47552,4.39666e+06,3.00878e+06,1.06048e+07,0,0,0,0,62.3362,61.308,3.89426,1,0,1.09411,1.12031,0,0,2.1168,9.13716e+06,4.02164e+06,9.99703e+06,0,0,0,0
85.139,85.139,6.05863,0,0,2.41294,2.47072,0,0.452012,4.47552,4.39666e+06,3.00878e+06,1.06089e+07,0,0,0,0,62.3362,61.308,4.05092,1,0,1.09453,1.12074,0,0.845307,2.1168,9.13716e+06,4.02164e+06,1.00009e+07,0,0,0,0
85.139,85.139,6.38322,0,0,2.41386,2.47167,0,0.452185,4.47552,4.39666e+06,3.00878e+06,1.06129e+07,0,0,0,0,62.1204,61.308,3.96774,1,0,1.09495,1.12117,0,0.845631,2.1168,9.13716e+06,4.02164e+06,1.00047e+07,0,0,0,0
85.139,85.139,3.67366,0,0,2.41479,2.47261,0,0.452358,4.47552,4.39666e+06,3.00878e+06,1.0617e+07,0,0,0,0,61.9867,61.308,2.88267,1,0,1.09537,1.12159,0,0.845955,2.1168,9.13716e+06,4.02164e+06,1.00085e+07,0,0,0,0
85.139,85.139,3.40156,0,0,2.65134,2.71483,0,0.452532,4.47552,4.39666e+06,3.00878e+06,1.1657e+07,0,0,0,0,62.3362,61.308,2.34299,1,0,1.22463,1.25395,0,0.846279,2.1168,9.13716e+06,4.02164e+06,1.11896e+07,0,0,0,0
85.139,85.139,4.23461,0,0,2.65235,2.71587,0,0.496861,4.47552,4.39666e+06,3.00878e+06,1.16615e+07,0,0,0,0,62.3362,61.308,3.18889,1,0,1.2251,1.25443,0,0.946146,2.1168,9.13716e+06,4.02164e+06,1.11939e+07,0,0,0,0
85.139,85.139,5.80657,0,0,2.65337,2.71691,0,0.497051,4.47552,4.39666e+06,3.00878e+06,1.1666e+07,0,0,0,0,62.3362,61.308,5.4694,1,0,1.22556,1.25491,0,0.946509,2.1168,9.13716e+06,4.02164e+06,1.11982e+07,0,0,0,0
85.139,85.139,3.73013,0,0,2.65439,2.71795,0,0.497242,4.47552,4.39666e+06,3.00878e+06,1.16704e+07,0,0,0,0,62.3362,61.308,3.05105,1,0,1.22603,1.25539,0,0.946871,2.1168,9.13716e+06,4.02164e+06,1.12025e+07,0,0,0,0
85.139,85.139,5.12095,0,0,2.31881,2.37434,0,0.497432,4.47552,4.39666e+06,3.00878e+06,1.0195e+07,0,0,0,0,62.3362,61.308,4.63182,1,0,1.05333,1.07856,0,0.947234,2.1168,9.13716e+06,4.02164e+06,9.62447e+06,0,0,0,0
85.139,85.139,6.37709,0,0,2.3197,2.37525,0,0.434546,4.47552,4.39666e+06,3.00878e+06,1.01989e+07,0,0,0,0,62.3362,61.308,6.37603,1,0,1.05374,1.07897,0,0.813805,2.1168,9.13716e+06,4.02164e+06,9.62815e+06,0,0,0,0
85.139,85.139,5.99769,0,0,2.32059,2.37616,0,0.434712,4.47552,4.39666e+06,3.00878e+06,1.02028e+07,0,0,0,0,62.3362,61.308,5.83694,1,0,1.05414,1.07938,0,0.814116,2.1168,9.13716e+06,4.02164e+06,9.63184e+06,0,0,0,0
85.139,85.139,7.72851,0,0,2.32148,2.37707,0,0.434879,4.47552,4.39666e+06,3.00878e+06,1.02068e+07,0,0,0,0,62.3362,61.308,10.0304,1,0,1.05454,1.07979,0,0.814428,2.1168,9.13716e+06,4.02164e+06,9.63553e+06,0,0,0,0
85.139,85.139,11.8589,0,0,2.32237,2.37798,0,0.435045,4.47552,4.39666e+06,3.00878e+06,1.02107e+07,0,0,0,0,62.3362,61.308,13.0937,1,0,1.05495,1.08021,0,0.81474,2.1168,9.13716e+06,4.02164e+06,9.63922e+06,0,0,0,0
85.139,85.139,7.87361,0,0,2.40814,2.46581,0,0.435212,4.47552,4.39666e+06,3.00878e+06,1.05878e+07,0,0,0,0,62.3362,61.308,4.39692,1,0,1.0978,1.12408,0,0.815052,2.1168,9.13716e+06,4.02164e+06,1.00307e+07,0,0,0,0
85.139,85.139,10.529,0,0,2.40906,2.46675,0,0.451286,4.47552,4.39666e+06,3.00878e+06,1.05918e+07,0,0,0,0,62.3362,61.308,11.409,1,0,1.09822,1.12451,0,0.848157,2.1168,9.13716e+06,4.02164e+06,1.00346e+07,0,0,0,0
85.139,85.139,8.03308,0,0,2.40999,2.46769,0,0.451459,4.47552,4.39666e+06,3.00878e+06,1.05959e+07,0,0,0,0,62.3362,61.308,5.82984,1,0,1.09864,1.12494,0,0.848482,2.1168,9.13716e+06,4.02164e+06,1.00384e+07,0,0,0,0
85.139,85.139,6.86711,0,0,2.41091,2.46864,0,0.451631,4.47552,4.39666e+06,3.00878e+06,1.05999e+07,0,0,0,0,62.3362,61.308,4.5089,1,0,1.09906,1.12537,0,0.848806,2.1168,9.13716e+06,4.02164e+06,1.00423e+07,0,0,0,0
85.139,85.139,6.03921,0,0,2.37859,2.43555,0,0.451804,4.47552,4.39666e+06,3.00878e+06,1.04579e+07,0,0,0,0,62.3362,61.308,3.60101,1,0,1.08297,1.1089,0,0.849131,2.1168,9.13716e+06,4.02164e+06,9.89524e+06,0,0,0,0
85.139,85.139,4.77325,0,0,2.3795,2.43648,0,0.445748,4.47552,4.39666e+06,3.00878e+06,1.04619e+07,0,0,0,0,62.3362,61.308,2.73974,1,0,1.08338,1.10932,0,0.8367,2.1168,9.13716e+06,4.02164e+06,9.89902e+06,0,0,0,0
85.139,85.139,4.03926,0,0,2.38041,2.43741,0,0.445918,4.47552,4.39666e+06,3.00878e+06,1.04659e+07,0,0,0,0,62.1225,61.308,2.48201,1,0,1.08379,1.10975,0,0.83702,2.1168,9.13716e+06,4.02164e+06,9.90281e+06,0,0,0,0
85.139,85.139,3.70254,0,0,2.38132,2.43834,0,0.446089,4.47552,4.39666e+06,3.00878e+06,1.04699e+07,0,0,0,0,62.1679,61.308,2.00182,1,0,1.08421,1.11017,0,0.83734,2.1168,9.13716e+06,4.02164e+06,9.90659e+06,0,0,0,0
85.139,85.139,4.635,0,0,2.49524,2.55499,0,0.446259,4.47552,4.39666e+06,3.00878e+06,1.09707e+07,0,0,0,0,62.0446,61.308,2.12828,1,0,1.14326,1.17064,0,0.83766,2.1168,9.13716e+06,4.02164e+06,1.04462e+07,0,0,0,0
85.139,85.139,3.69259,0,0,2.49619,2.55596,0,0.467607,4.47552,4.39666e+06,3.00878e+06,1.09749e+07,0,0,0,0,62.1332,61.308,1.82507,1,0,1.1437,1.17109,0,0.883286,2.1168,9.13716e+06,4.02164e+06,1.04502e+07,0,0,0,0
85.139,85.139,3.58148,0,0,2.49714,2.55694,0,0.467786,4.47552,4.39666e+06,3.00878e+06,1.09791e+07,0,0,0,0,62.0852,61.308,1.85451,1,0,1.14414,1.17154,0,0.883624,2.1168,9.13716e+06,4.02164e+06,1.04542e+07,0,0,0,0
85.139,85.139,3.39635,0,0,2.4981,2.55792,0,0.467965,4.47552,4.39666e+06,3.00878e+06,1.09833e+07,0,0,0,0,61.9582,61.308,1.786,1,0,1.14458,1.17198,0,0.883962,2.1168,9.13716e+06,4.02164e+06,1.04582e+07,0,0,0,0
85.139,85.139,2.97773,0,0,2.49905,2.55889,0,0.468144,4.47552,4.39666e+06,3.00878e+06,1.09875e+07,0,0,0,0,61.5191,61.308,1.58158,1,0,1.14501,1.17243,0,0.884299,2.1168,9.13716e+06,4.02164e+06,1.04622e+07,0,0,0,0
84.1331,85.139,1.68289,0,0,2.47762,2.53695,0,0.468323,4.47552,4.39666e+06,3.00878e+06,1.08932e+07,0,0,0,0,60.8401,61.308,1.0106,1,0,1.17774,1.20594,0,0.884637,2.1168,9.13716e+06,4.02164e+06,1.07612e+07,0,0,0,0
82.9958,85.139,1.54545,0,0,2.47856,2.53791,0,0.464305,4.47552,4.39666e+06,3.00878e+06,1.08974e+07,0,0,0,0,60.0619,61.308,1.01221,1,0,1.17819,1.2064,0,0.909924,2.1168,9.13716e+06,4.02164e+06,1.07653e+07,0,0,0,0
81.7391,85.139,1.41495,0,0,2.47951,2.53888,0,0.464483,4.47552,4.39666e+06,3.00878e+06,1.09016e+07,0,0,0,0,59.2594,61.308,0.896489,1,0,1.17864,1.20687,0,0.910271,2.1168,9.13716e+06,4.02164e+06,1.07694e+07,0,0,0,0
80.4004,85.139,1.29895,0,0,2.48046,2.53985,0,0.46466,4.47552,4.39666e+06,3.00878e+06,1.09057e+07,0,0,0,0,58.3702,61.308,0.877721,1,0,1.17909,1.20733,0,0.910619,2.1168,9.13716e+06,4.02164e+06,1.07736e+07,0,0,0,0
78.9545,85.139,1.21415,0,0,2.53932,2.60012,0,0.464838,4.47552,4.39666e+06,3.00878e+06,1.11645e+07,0,0,0,0,57.5021,61.308,0.871603,1,0,1.20837,1.2373,0,0.910967,2.1168,9.13716e+06,4.02164e+06,1.1041e+07,0,0,0,0
77.4448,85.139,1.16319,0,0,2.54029,2.60111,0,0.475868,4.47552,4.39666e+06,3.00878e+06,1.11688e+07,0,0,0,0,56.6406,61.308,0.877808,1,0,1.20883,1.23777,0,0.933583,2.1168,9.13716e+06,4.02164e+06,1.10452e+07,0,0,0,0
75.8749,85.139,1.07765,0,0,2.54126,2.60211,0,0.47605,4.47552,4.39666e+06,3.00878e+06,1.1173e+07,0,0,0,0,55.675,61.308,0.844233,1,0,1.20929,1.23825,0,0.93394,2.1168,9.13716e+06,4.02164e+06,1.10495e+07,0,0,0,0
74.2239,85.139,0.98122,0,0,2.54223,2.6031,0,0.476231,4.47552,4.39666e+06,3.00878e+06,1.11773e+07,0,0,0,0,54.8258,61.308,0.746582,1,0,1.20975,1.23872,0,0.934296,2.1168,9.13716e+06,4.02164e+06,1.10537e+07,0,0,0,0
72.5357,85.139,1.06607,0,0,2.71305,2.77801,0,0.476413,4.47552,4.39666e+06,3.00878e+06,1.19283e+07,0,0,0,0,53.7474,61.308,0.925689,1,0,1.31441,1.34588,0,0.934653,2.1168,9.13716e+06,4.02164e+06,1.20099e+07,0,0,0,0
70.6907,85.139,0.894235,0,0,2.71408,2.77907,0,0.508425,4.47552,4.39666e+06,3.00878e+06,1.19329e+07,0,0,0,0,52.5977,61.308,0.68782,1,0,1.31491,1.34639,0,1.01551,2.1168,9.13716e+06,4.02164e+06,1.20145e+07,0,0,0,0
68.7552,85.139,0.80317,0,0,2.71512,2.78013,0,0.508619,4.47552,4.39666e+06,3.00878e+06,1.19374e+07,0,0,0,0,51.4626,61.308,0.659777,1,0,1.31541,1.34691,0,1.0159,2.1168,9.13716e+06,4.02164e+06,1.20191e+07,0,0,0,0
66.8504,85.139,0.811035,0,0,2.71615,2.78119,0,0.508813,4.47552,4.39666e+06,3.00878e+06,1.1942e+07,0,0,0,0,50.4702,61.308,0.721522,1,0,1.31591,1.34742,0,1.01629,2.1168,9.13716e+06,4.02164e+06,1.20237e+07,0,0,0,0
64.9668,85.139,0.818634,0,0,2.71719,2.78225,0,0.509007,4.47552,4.39666e+06,3.00878e+06,1.19466e+07,0,0,0,0,49.4943,61.308,0.824674,1,0,1.31641,1.34794,0,1.01667,2.1168,9.13716e+06,4.02164e+06,1.20283e+07,0,0,0,0
63.6109,85.139,1.34171,0,0,2.63529,2.69839,0,0.509201,4.47552,4.39666e+06,3.00878e+06,1.15865e+07,0,0,0,0,48.9755,61.308,0.892264,1,0,1.25355,1.28357,0,1.01706,2.1168,9.13716e+06,4.02164e+06,1.14539e+07,0,0,0,0
62.1278,85.139,1.18963,0,0,2.63629,2.69942,0,0.493853,4.47552,4.39666e+06,3.00878e+06,1.15909e+07,0,0,0,0,48.2933,61.308,1.40154,1,0,1.25403,1.28406,0,0.968495,2.1168,9.13716e+06,4.02164e+06,1.14583e+07,0,0,0,0
60.5268,85.139,1.06031,0.01,0,2.6373,2.70045,0,0.494042,4.47552,4.39666e+06,3.00878e+06,1.15953e+07,0,0,0,0,47.3257,61.308,0.825432,1,0,1.25451,1.28455,0,0.968864,2.1168,9.13716e+06,4.02164e+06,1.14627e+07,0,0,0,0
58.7922,85.139,0.905236,0.01,0,2.63831,2.70148,0,0.49423,4.47552,4.39666e+06,3.00878e+06,1.15997e+07,0,0,0,0,46.3063,61.308,0.751173,1,0,1.25499,1.28504,0,0.969234,2.1168,9.13716e+06,4.02164e+06,1.1467e+07,0,0,0,0
57.1952,85.139,1.04041,0.02,0,2.57113,2.6327,0,0.494418,4.47552,4.39666e+06,3.00878e+06,1.13044e+07,0,0,0,0,45.7941,61.308,0.679887,1,0,1.1977,1.22638,0,0.969604,2.1168,9.13716e+06,4.02164e+06,1.09436e+07,0,0,0,0
55.4704,85.139,0.892332,0.01,0,2.57211,2.6337,0,0.48183,4.47552,4.39666e+06,3.00878e+06,1.13087e+07,0,0,0,0,45.7083,61.308,1.14733,1,0,1.19816,1.22685,0,0.925345,2.1168,9.13716e+06,4.02164e+06,1.09478e+07,0,0,0,0
55.2574,85.139,2.52023,0.02,0,2.57309,2.63471,0,0.482014,4.47552,4.39666e+06,3.00878e+06,1.1313e+07,0,0,0,0,45.4812,61.308,2.59798,1,0,1.19862,1.22732,0,0.925698,2.1168,9.13716e+06,4.02164e+06,1.09519e+07,0,0,0,0
54.1864,85.139,1.6181,0.02,0,2.57407,2.63571,0,0.482197,4.47552,4.39666e+06,3.00878e+06,1.13173e+07,0,0,0,0,45.648,61.308,1.12739,1,0,1.19907,1.22779,0,0.926051,2.1168,9.13716e+06,4.02164e+06,1.09561e+07,0,0,0,0
53.0897,85.139,1.40244,0.02,0,2.38112,2.43814,0,0.482381,4.47552,4.39666e+06,3.00878e+06,1.0469e+07,0,0,0,0,45.9007,61.308,1.90992,1,0,1.07904,1.10488,0,0.926404,2.1168,9.13716e+06,4.02164e+06,9.85937e+06,0,0,0,0
51.8402,85.139,1.24619,0.02,0,2.38203,2.43907,0,0.446222,4.47552,4.39666e+06,3.00878e+06,1.0473e+07,0,0,0,0,45.7864,61.308,1.83429,1,0,1.07945,1.1053,0,0.833667,2.1168,9.13716e+06,4.02164e+06,9.86312e+06,0,0,0,0
50.8794,85.139,1.55278,0.02,0,2.38294,2.44,0,0.446392,4.47552,4.39666e+06,3.00878e+06,1.0477e+07,0,0,0,0,45.374,61.308,1.5513,1,0,1.07986,1.10572,0,0.833985,2.1168,9.13716e+06,4.02164e+06,9.86688e+06,0,0,0,0
50.1881,85.139,1.83385,0.02,0,2.38385,2.44093,0,0.446562,4.47552,4.39666e+06,3.00878e+06,1.0481e+07,0,0,0,0,45.5017,61.308,1.37798,1,0,1.08027,1.10614,0,0.834302,2.1168,9.13716e+06,4.02164e+06,9.87064e+06,0,0,0,0
49.5144,85.139,1.84342,0.02,0,2.38475,2.44186,0,0.446733,4.47552,4.39666e+06,3.00878e+06,1.0485e+07,0,0,0,0,46.0013,61.308,2.38673,1,0,1.08069,1.10656,0,0.83462,2.1168,9.13716e+06,4.02164e+06,9.8744e+06,0,0,0,0
50.8773,85.139,3.98868,0.02,0,2.46038,2.51929,0,0.446903,4.47552,4.39666e+06,3.00878e+06,1.08175e+07,0,0,0,0,47.4528,61.308,5.12321,1,0,1.11605,1.14277,0,0.834938,2.1168,9.13716e+06,4.02164e+06,1.01975e+07,0,0,0,0
53.6187,85.139,5.52566,0.02,0,2.46129,2.52022,0,0.461075,4.47552,4.39666e+06,3.00878e+06,1.08214e+07,0,0,0,0,49.0743,61.308,5.60434,1,0,1.11646,1.14319,0,0.862257,2.1168,9.13716e+06,4.02164e+06,1.02012e+07,0,0,0,0
54.7247,85.139,3.77464,0.01,0,2.4622,2.52115,0,0.461245,4.47552,4.39666e+06,3.00878e+06,1.08254e+07,0,0,0,0,50.186,61.308,3.93825,1,0,1.11687,1.14361,0,0.862575,2.1168,9.13716e+06,4.02164e+06,1.0205e+07,0,0,0,0
55.6065,85.139,3.54646,0.01,0,2.4631,2.52208,0,0.461415,4.47552,4.39666e+06,3.00878e+06,1.08294e+07,0,0,0,0,51.2694,61.308,3.86806,1,0,1.11728,1.14404,0,0.862893,2.1168,9.13716e+06,4.02164e+06,1.02088e+07,0,0,0,0
58.3325,85.139,5.7012,0.01,0,2.70435,2.7691,0,0.461586,4.47552,4.39666e+06,3.00878e+06,1.18901e+07,0,0,0,0,52.7284,61.308,4.59645,1,0,1.24911,1.27902,0,0.863211,2.1168,9.13716e+06,4.02164e+06,1.14133e+07,0,0,0,0
62.9471,85.139,7.94049,0,0,2.70534,2.77013,0,0.506795,4.47552,4.39666e+06,3.00878e+06,1.18945e+07,0,0,0,0,54.4601,61.308,5.48374,1,0,1.24957,1.27949,0,0.965063,2.1168,9.13716e+06,4.02164e+06,1.14175e+07,0,0,0,0
67.1926,85.139,7.50875,0,0,2.70634,2.77115,0,0.506981,4.47552,4.39666e+06,3.00878e+06,1.18989e+07,0,0,0,0,56.4316,61.308,5.93035,1,0,1.25003,1.27996,0,0.965418,2.1168,9.13716e+06,4.02164e+06,1.14217e+07,0,0,0,0
72.1861,85.139,8.32392,0,0,2.70734,2.77217,0,0.507168,4.47552,4.39666e+06,3.00878e+06,1.19033e+07,0,0,0,0,58.3995,61.308,5.99636,1,0,1.25049,1.28044,0,0.965775,2.1168,9.13716e+06,4.02164e+06,1.14259e+07,0,0,0,0
77.661,85.139,8.59726,0,0,2.36504,2.42167,0,0.507355,4.47552,4.39666e+06,3.00878e+06,1.03983e+07,0,0,0,0,61.1704,61.308,7.92342,1,0,1.07433,1.10006,0,0.966131,2.1168,9.13716e+06,4.02164e+06,9.81633e+06,0,0,0,0
80.8365,85.139,6.17807,0,0,2.36591,2.42256,0,0.443208,4.47552,4.39666e+06,3.00878e+06,1.04021e+07,0,0,0,0,62.3362,61.308,6.82309,1,0,1.07473,1.10046,0,0.830028,2.1168,9.13716e+06,4.02164e+06,9.81995e+06,0,0,0,0
82.8616,85.139,5.07943,0,0,2.36678,2.42346,0,0.443372,4.47552,4.39666e+06,3.00878e+06,1.04059e+07,0,0,0,0,62.3362,61.308,4.62278,1,0,1.07512,1.10087,0,0.830334,2.1168,9.13716e+06,4.02164e+06,9.82357e+06,0,0,0,0
83.4753,85.139,3.64299,0,0,2.36766,2.42435,0,0.443535,4.47552,4.39666e+06,3.00878e+06,1.04098e+07,0,0,0,0,62.3362,61.308,3.69883,1,0,1.07552,1.10127,0,0.83064,2.1168,9.13716e+06,4.02164e+06,9.82719e+06,0,0,0,0
84.8765,85.139,4.33992,0,0,2.36853,2.42524,0,0.443699,4.47552,4.39666e+06,3.00878e+06,1.04136e+07,0,0,0,0,62.3362,61.308,3.95192,1,0,1.07592,1.10168,0,0.830946,2.1168,9.13716e+06,4.02164e+06,9.83081e+06,0,0,0,0
85.139,85.139,6.17631,0,0,2.45597,2.51478,0,0.443862,4.47552,4.39666e+06,3.00878e+06,1.07981e+07,0,0,0,0,62.3362,61.308,4.36378,1,0,1.1196,1.14641,0,0.831252,2.1168,9.13716e+06,4.02164e+06,1.023e+07,0,0,0,0
85.139,85.139,5.7905,0,0,2.45688,2.51571,0,0.460249,4.47552,4.39666e+06,3.00878e+06,1.08021e+07,0,0,0,0,62.3362,61.308,7.15194,1,0,1.12001,1.14683,0,0.865003,2.1168,9.13716e+06,4.02164e+06,1.02337e+07,0,0,0,0
85.139,85.139,4.91792,0,0,2.45778,2.51664,0,0.460419,4.47552,4.39666e+06,3.00878e+06,1.0806e+07,0,0,0,0,62.3362,61.308,7.45129,1,0,1.12043,1.14725,0,0.865322,2.1168,9.13716e+06,4.02164e+06,1.02375e+07,0,0,0,0
85.139,85.139,3.66912,0,0,2.45869,2.51756,0,0.460589,4.47552,4.39666e+06,3.00878e+06,1.081e+07,0,0,0,0,62.3362,61.308,5.38171,1,0,1.12084,1.14768,0,0.865641,2.1168,9.13716e+06,4.02164e+06,1.02413e+07,0,0,0,0
85.139,85.139,4.01364,0,0,2.42569,2.48378,0,0.460758,4.47552,4.39666e+06,3.00878e+06,1.0665e+07,0,0,0,0,62.3362,61.308,5.87675,1,0,1.10441,1.13086,0,0.865959,2.1168,9.13716e+06,4.02164e+06,1.00912e+07,0,0,0,0
85.139,85.139,3.75147,0,0,2.42659,2.48469,0,0.454575,4.47552,4.39666e+06,3.00878e+06,1.06689e+07,0,0,0,0,62.3362,61.308,5.08308,1,0,1.10482,1.13128,0,0.85327,2.1168,9.13716e+06,4.02164e+06,1.00949e+07,0,0,0,0
85.139,85.139,3.23835,0,0,2.42748,2.48561,0,0.454743,4.47552,4.39666e+06,3.00878e+06,1.06728e+07,0,0,0,0,62.3362,61.308,4.51144,1,0,1.10523,1.13169,0,0.853584,2.1168,9.13716e+06,4.02164e+06,1.00986e+07,0,0,0,0
85.139,85.139,2.98922,0,0,2.42838,2.48652,0,0.45491,4.47552,4.39666e+06,3.00878e+06,1.06767e+07,0,0,0,0,62.3362,61.308,4.23052,1,0,1.10563,1.13211,0,0.853898,2.1168,9.13716e+06,4.02164e+06,1.01023e+07,0,0,0,0
85.0629,85.139,2.86293,0,0,2.54451,2.60544,0,0.455078,4.47552,4.39666e+06,3.00878e+06,1.11873e+07,0,0,0,0,62.3362,61.308,4.31772,1,0,1.16584,1.19376,0,0.854213,2.1168,9.13716e+06,4.02164e+06,1.06525e+07,0,0,0,0
84.9868,85.139,2.82203,0,0,2.54544,2.6064,0,0.47684,4.47552,4.39666e+06,3.00878e+06,1.11915e+07,0,0,0,0,62.3362,61.308,4.06177,1,0,1.16627,1.1942,0,0.900727,2.1168,9.13716e+06,4.02164e+06,1.06564e+07,0,0,0,0
84.549,85.139,2.44325,0,0,2.54638,2.60735,0,0.477016,4.47552,4.39666e+06,3.00878e+06,1.11956e+07,0,0,0,0,62.3362,61.308,3.68463,1,0,1.1667,1.19463,0,0.901059,2.1168,9.13716e+06,4.02164e+06,1.06603e+07,0,0,0,0
83.8806,85.139,2.20146,0,0,2.54732,2.60831,0,0.477192,4.47552,4.39666e+06,3.00878e+06,1.11997e+07,0,0,0,0,62.3362,61.308,3.36484,1,0,1.16713,1.19507,0,0.90139,2.1168,9.13716e+06,4.02164e+06,1.06642e+07,0,0,0,0
83.0494,85.139,2.00921,0,0,2.54825,2.60927,0,0.477367,4.47552,4.39666e+06,3.00878e+06,1.12038e+07,0,0,0,0,62.3362,61.308,3.30214,1,0,1.16756,1.19551,0,0.901722,2.1168,9.13716e+06,4.02164e+06,1.06681e+07,0,0,0,0
83.5053,85.139,3.27171,0,0,2.52636,2.58686,0,0.477543,4.47552,4.39666e+06,3.00878e+06,1.11076e+07,0,0,0,0,62.3362,61.308,4.3144,1,0,1.20091,1.22967,0,0.902054,2.1168,9.13716e+06,4.02164e+06,1.09729e+07,0,0,0,0
83.7615,85.139,3.02622,0,0,2.52729,2.58781,0,0.47344,4.47552,4.39666e+06,3.00878e+06,1.11116e+07,0,0,0,0,62.3362,61.308,4.12352,1,0,1.20135,1.23012,0,0.927825,2.1168,9.13716e+06,4.02164e+06,1.0977e+07,0,0,0,0
83.8295,85.139,2.8259,0,0,2.52822,2.58876,0,0.473614,4.47552,4.39666e+06,3.00878e+06,1.11157e+07,0,0,0,0,62.3362,61.308,4.26294,1,0,1.2018,1.23057,0,0.928166,2.1168,9.13716e+06,4.02164e+06,1.0981e+07,0,0,0,0
83.7378,85.139,2.65416,0,0,2.52915,2.58971,0,0.473788,4.47552,4.39666e+06,3.00878e+06,1.11198e+07,0,0,0,0,62.3362,61.308,4.18254,1,0,1.20224,1.23103,0,0.928508,2.1168,9.13716e+06,4.02164e+06,1.0985e+07,0,0,0,0
83.3806,85.139,2.41813,0,0,2.58913,2.65112,0,0.473963,4.47552,4.39666e+06,3.00878e+06,1.13835e+07,0,0,0,0,62.3362,61.308,3.49177,1,0,1.23207,1.26157,0,0.928849,2.1168,9.13716e+06,4.02164e+06,1.12576e+07,0,0,0,0
83.1729,85.139,2.60945,0,0,2.59008,2.6521,0,0.485202,4.47552,4.39666e+06,3.00878e+06,1.13877e+07,0,0,0,0,62.3362,61.308,3.96216,1,0,1.23252,1.26203,0,0.951896,2.1168,9.13716e+06,4.02164e+06,1.12617e+07,0,0,0,0
82.7474,85.139,2.35635,0,0,2.59103,2.65307,0,0.485381,4.47552,4.39666e+06,3.00878e+06,1.13919e+07,0,0,0,0,62.3362,61.308,3.80936,1,0,1.23297,1.2625,0,0.952246,2.1168,9.13716e+06,4.02164e+06,1.12659e+07,0,0,0,0
82.1232,85.139,2.14638,0,0,2.59198,2.65405,0,0.485559,4.47552,4.39666e+06,3.00878e+06,1.13961e+07,0,0,0,0,62.3362,61.308,3.30267,1,0,1.23343,1.26296,0,0.952596,2.1168,9.13716e+06,4.02164e+06,1.127e+07,0,0,0,0
81.85,85.139,2.63599,0,0,2.76611,2.83234,0,0.485738,4.47552,4.39666e+06,3.00878e+06,1.21616e+07,0,0,0,0,62.3362,61.308,4.61023,1,0,1.34011,1.3722,0,0.952946,2.1168,9.13716e+06,4.02164e+06,1.22448e+07,0,0,0,0
81.5834,85.139,2.69987,0,0,2.76712,2.83338,0,0.518368,4.47552,4.39666e+06,3.00878e+06,1.21661e+07,0,0,0,0,62.3362,61.308,4.06889,1,0,1.34061,1.37271,0,1.03537,2.1168,9.13716e+06,4.02164e+06,1.22493e+07,0,0,0,0
81.3705,85.139,2.72496,0,0,2.76814,2.83442,0,0.518559,4.47552,4.39666e+06,3.00878e+06,1.21706e+07,0,0,0,0,62.3362,61.308,4.39793,1,0,1.3411,1.37321,0,1.03575,2.1168,9.13716e+06,4.02164e+06,1.22538e+07,0,0,0,0
81.1797,85.139,2.75049,0,0,2.76916,2.83547,0,0.518749,4.47552,4.39666e+06,3.00878e+06,1.2175e+07,0,0,0,0,62.3362,61.308,5.17688,1,0,1.34159,1.37372,0,1.03613,2.1168,9.13716e+06,4.02164e+06,1.22583e+07,0,0,0,0
80.8604,85.139,2.56461,0,0,2.77017,2.83651,0,0.51894,4.47552,4.39666e+06,3.00878e+06,1.21795e+07,0,0,0,0,62.3362,61.308,4.25175,1,0,1.34208,1.37422,0,1.03651,2.1168,9.13716e+06,4.02164e+06,1.22628e+07,0,0,0,0
80.3587,85.139,2.4035,0,0,2.68664,2.75097,0,0.519131,4.47552,4.39666e+06,3.00878e+06,1.18122e+07,0,0,0,0,62.3362,61.308,5.01174,1,0,1.27798,1.30858,0,1.03689,2.1168,9.13716e+06,4.02164e+06,1.16771e+07,0,0,0,0
80.062,85.139,2.61679,0,0,2.68763,2.75198,0,0.503476,4.47552,4.39666e+06,3.00878e+06,1.18166e+07,0,0,0,0,62.3362,61.308,6.39602,1,0,1.27845,1.30906,0,0.987367,2.1168,9.13716e+06,4.02164e+06,1.16814e+07,0,0,0,0
79.2099,85.139,2.00422,0,0,2.68861,2.75299,0,0.503661,4.47552,4.39666e+06,3.00878e+06,1.18209e+07,0,0,0,0,62.3362,61.308,5.02591,1,0,1.27892,1.30954,0,0.987729,2.1168,9.13716e+06,4.02164e+06,1.16857e+07,0,0,0,0
78.7529,85.139,2.40513,0,0,2.6896,2.754,0,0.503846,4.47552,4.39666e+06,3.00878e+06,1.18253e+07,0,0,0,0,62.3362,61.308,4.91006,1,0,1.27939,1.31002,0,0.988092,2.1168,9.13716e+06,4.02164e+06,1.169e+07,0,0,0,0
82.6974,85.139,6.8188,0,0,2.62108,2.68385,0,0.504031,4.47552,4.39666e+06,3.00878e+06,1.1524e+07,0,0,0,0,62.3362,61.308,7.9392,1,0,1.22097,1.25021,0,0.988455,2.1168,9.13716e+06,4.02164e+06,1.11562e+07,0,0,0,0
83.9473,85.139,4.32205,0,0,2.62205,2.68483,0,0.491191,4.47552,4.39666e+06,3.00878e+06,1.15282e+07,0,0,0,0,62.3362,61.308,5.76729,1,0,1.22142,1.25067,0,0.943322,2.1168,9.13716e+06,4.02164e+06,1.11603e+07,0,0,0,0
85.139,85.139,5.84179,0,0,2.62301,2.68582,0,0.491371,4.47552,4.39666e+06,3.00878e+06,1.15325e+07,0,0,0,0,62.3362,61.308,6.96517,1,0,1.22187,1.25113,0,0.943669,2.1168,9.13716e+06,4.02164e+06,1.11644e+07,0,0,0,0
85.139,85.139,4.51535,0,0,2.62397,2.6868,0,0.491552,4.47552,4.39666e+06,3.00878e+06,1.15367e+07,0,0,0,0,62.3362,61.308,4.24742,1,0,1.22232,1.25159,0,0.944015,2.1168,9.13716e+06,4.02164e+06,1.11685e+07,0,0,0,0
85.139,85.139,4.78708,0,0,2.42725,2.48537,0,0.491732,4.47552,4.39666e+06,3.00878e+06,1.06718e+07,0,0,0,0,62.3362,61.308,5.69382,1,0,1.09994,1.12628,0,0.944362,2.1168,9.13716e+06,4.02164e+06,1.00503e+07,0,0,0,0
85.139,85.139,3.23522,0,0,2.42814,2.48628,0,0.454866,4.47552,4.39666e+06,3.00878e+06,1.06757e+07,0,0,0,0,62.3362,61.308,4.2361,1,0,1.10035,1.12669,0,0.849815,2.1168,9.13716e+06,4.02164e+06,1.0054e+07,0,0,0,0
85.139,85.139,3.75315,0,0,2.42903,2.48719,0,0.455033,4.47552,4.39666e+06,3.00878e+06,1.06796e+07,0,0,0,0,62.3362,61.308,5.50349,1,0,1.10075,1.12711,0,0.850127,2.1168,9.13716e+06,4.02164e+06,1.00577e+07,0,0,0,0
85.139,85.139,5.73451,0,0,2.42992,2.4881,0,0.4552,4.47552,4.39666e+06,3.00878e+06,1.06835e+07,0,0,0,0,62.3362,61.308,9.01129,1,0,1.10115,1.12752,0,0.850439,2.1168,9.13716e+06,4.02164e+06,1.00614e+07,0,0,0,0
85.139,85.139,4.8618,0,0,2.43081,2.48902,0,0.455367,4.47552,4.39666e+06,3.00878e+06,1.06874e+07,0,0,0,0,62.3362,61.308,6.82722,1,0,1.10156,1.12793,0,0.850751,2.1168,9.13716e+06,4.02164e+06,1.00651e+07,0,0,0,0
85.139,85.139,6.8086,0,0,2.50786,2.56791,0,0.455534,4.47552,4.39666e+06,3.00878e+06,1.10262e+07,0,0,0,0,62.3362,61.308,5.44722,1,1,1.13758,1.16482,0,0.851063,2.1168,9.13716e+06,4.02164e+06,1.03943e+07,0,0,0,0
85.139,85.139,6.50017,0,0,2.50875,2.56882,0,0.469973,4.47552,4.39666e+06,3.00878e+06,1.10301e+07,0,0,0,0,62.3362,61.308,6.01167,1,1,1.13799,1.16524,0,0.878897,2.1168,9.13716e+06,4.02164e+06,1.0398e+07,0,0,0,0
85.139,85.139,6.73635,0,0,2.50964,2.56973,0,0.47014,4.47552,4.39666e+06,3.00878e+06,1.1034e+07,0,0,0,0,62.3362,61.308,6.07972,1,1,1.13839,1.16565,0,0.879208,2.1168,9.13716e+06,4.02164e+06,1.04016e+07,0,0,0,0
85.139,85.139,5.34156,0,0,2.51053,2.57064,0,0.470306,4.47552,4.39666e+06,3.00878e+06,1.10379e+07,0,0,0,0,62.3362,61.308,5.06425,1,1,1.13879,1.16606,0,0.87952,2.1168,9.13716e+06,4.02164e+06,1.04053e+07,0,0,0,0
85.139,85.139,4.8174,0,0,2.75638,2.82238,0,0.470473,4.47552,4.39666e+06,3.00878e+06,1.21189e+07,0,0,0,0,62.3362,61.308,4.68182,1,1,1.27314,1.30363,0,0.879832,2.1168,9.13716e+06,4.02164e+06,1.16329e+07,0,0,0,0
85.139,85.139,4.61289,0,0,2.75735,2.82338,0,0.516545,4.47552,4.39666e+06,3.00878e+06,1.21231e+07,0,0,0,0,62.3362,61.308,4.00839,1,1,1.27359,1.30409,0,0.98363,2.1168,9.13716e+06,4.02164e+06,1.1637e+07,0,0,0,0
85.139,85.139,5.50937,0,0,2.75833,2.82438,0,0.516728,4.47552,4.39666e+06,3.00878e+06,1.21274e+07,0,0,0,0,62.3362,61.308,3.90771,1,1,1.27405,1.30455,0,0.983979,2.1168,9.13716e+06,4.02164e+06,1.16412e+07,0,0,0,0
85.139,85.139,5.84992,0,0,2.75931,2.82538,0,0.516911,4.47552,4.39666e+06,3.00878e+06,1.21317e+07,0,0,0,0,62.3362,61.308,4.11758,1,1,1.2745,1.30502,0,0.984327,2.1168,9.13716e+06,4.02164e+06,1.16453e+07,0,0,0,0
85.139,85.139,4.05045,0,0,2.4104,2.46812,0,0.517094,4.47552,4.39666e+06,3.00878e+06,1.05977e+07,0,0,0,0,62.3362,61.308,3.19969,1,1,1.09494,1.12116,0,0.984676,2.1168,9.13716e+06,4.02164e+06,1.00046e+07,0,0,0,0
85.139,85.139,5.08038,0,0,2.41126,2.469,0,0.451709,4.47552,4.39666e+06,3.00878e+06,1.06015e+07,0,0,0,0,62.3362,61.308,4.39369,1,1,1.09532,1.12155,0,0.845948,2.1168,9.13716e+06,4.02164e+06,1.00082e+07,0,0,0,0
85.139,85.139,4.50619,0,0,2.41211,2.46987,0,0.451869,4.47552,4.39666e+06,3.00878e+06,1.06052e+07,0,0,0,0,62.3362,61.308,4.23145,1,1,1.09571,1.12195,0,0.846248,2.1168,9.13716e+06,4.02164e+06,1.00117e+07,0,0,0,0
85.139,85.139,5.44659,0,0,2.41296,2.47074,0,0.452029,4.47552,4.39666e+06,3.00878e+06,1.0609e+07,0,0,0,0,62.3362,61.308,3.91991,1,1,1.0961,1.12235,0,0.846548,2.1168,9.13716e+06,4.02164e+06,1.00152e+07,0,0,0,0
85.139,85.139,4.41815,0,0,2.41382,2.47162,0,0.45219,4.47552,4.39666e+06,3.00878e+06,1.06127e+07,0,0,0,0,62.3362,61.308,3.372,1,1,1.09649,1.12275,0,0.846848,2.1168,9.13716e+06,4.02164e+06,1.00188e+07,0,0,0,0
85.139,85.139,4.27561,0,0,2.5029,2.56283,0,0.45235,4.47552,4.39666e+06,3.00878e+06,1.10044e+07,0,0,0,0,62.3362,61.308,3.25059,1,1,1.14099,1.16831,0,0.847148,2.1168,9.13716e+06,4.02164e+06,1.04254e+07,0,0,0,0
85.139,85.139,4.17464,0,0,2.50379,2.56374,0,0.469044,4.47552,4.39666e+06,3.00878e+06,1.10083e+07,0,0,0,0,62.3362,61.308,2.98034,1,1,1.1414,1.16873,0,0.881531,2.1168,9.13716e+06,4.02164e+06,1.04291e+07,0,0,0,0
85.139,85.139,4.26006,0,0,2.50467,2.56465,0,0.46921,4.47552,4.39666e+06,3.00878e+06,1.10122e+07,0,0,0,0,62.3362,61.308,3.95201,1,1,1.1418,1.16914,0,0.881843,2.1168,9.13716e+06,4.02164e+06,1.04328e+07,0,0,0,0
85.139,85.139,3.68754,0,0,2.50556,2.56556,0,0.469376,4.47552,4.39666e+06,3.00878e+06,1.10161e+07,0,0,0,0,62.3362,61.308,3.13986,1,1,1.14221,1.16956,0,0.882156,2.1168,9.13716e+06,4.02164e+06,1.04365e+07,0,0,0,0
85.139,85.139,3.08065,0,0,2.4719,2.53109,0,0.469542,4.47552,4.39666e+06,3.00878e+06,1.08681e+07,0,0,0,0,62.1735,61.308,2.37484,1,1,1.12545,1.1524,0,0.882468,2.1168,9.13716e+06,4.02164e+06,1.02834e+07,0,0,0,0
85.0059,85.139,2.74042,0,0,2.47278,2.53199,0,0.463234,4.47552,4.39666e+06,3.00878e+06,1.0872e+07,0,0,0,0,62.1827,61.308,2.13725,1,1,1.12585,1.15281,0,0.869524,2.1168,9.13716e+06,4.02164e+06,1.02871e+07,0,0,0,0
84.7282,85.139,2.49548,0,0,2.47365,2.53289,0,0.463398,4.47552,4.39666e+06,3.00878e+06,1.08758e+07,0,0,0,0,62.298,61.308,1.89873,1,1,1.12625,1.15322,0,0.869831,2.1168,9.13716e+06,4.02164e+06,1.02907e+07,0,0,0,0
84.4066,85.139,2.43183,0,0,2.47453,2.53378,0,0.463562,4.47552,4.39666e+06,3.00878e+06,1.08797e+07,0,0,0,0,62.1586,61.308,2.07139,1,1,1.12665,1.15362,0,0.870139,2.1168,9.13716e+06,4.02164e+06,1.02943e+07,0,0,0,0
83.829,85.139,2.26842,0,0,2.59283,2.65492,0,0.463726,4.47552,4.39666e+06,3.00878e+06,1.13998e+07,0,0,0,0,62.212,61.308,1.87732,1,1,1.18798,1.21643,0,0.870447,2.1168,9.13716e+06,4.02164e+06,1.08548e+07,0,0,0,0
83.4682,85.139,2.53975,0,0,2.59375,2.65585,0,0.485896,4.47552,4.39666e+06,3.00878e+06,1.14038e+07,0,0,0,0,62.3,61.308,2.02056,1,1,1.1884,1.21686,0,0.917833,2.1168,9.13716e+06,4.02164e+06,1.08586e+07,0,0,0,0
82.8984,85.139,2.27185,0,0,2.59466,2.65679,0,0.486068,4.47552,4.39666e+06,3.00878e+06,1.14079e+07,0,0,0,0,62.3032,61.308,1.85879,1,1,1.18882,1.21729,0,0.918157,2.1168,9.13716e+06,4.02164e+06,1.08624e+07,0,0,0,0
82.2185,85.139,2.1326,0,0,2.59558,2.65773,0,0.48624,4.47552,4.39666e+06,3.00878e+06,1.14119e+07,0,0,0,0,62.2387,61.308,1.88544,1,1,1.18924,1.21772,0,0.918482,2.1168,9.13716e+06,4.02164e+06,1.08663e+07,0,0,0,0
81.4638,85.139,2.0468,0,0,2.5965,2.65867,0,0.486412,4.47552,4.39666e+06,3.00878e+06,1.14159e+07,0,0,0,0,62.2234,61.308,1.83194,1,1,1.18966,1.21815,0,0.918807,2.1168,9.13716e+06,4.02164e+06,1.08701e+07,0,0,0,0
80.2456,85.139,1.50877,0,0,2.57415,2.63579,0,0.486584,4.47552,4.39666e+06,3.00878e+06,1.13177e+07,0,0,0,0,62.2917,61.308,1.77617,1,1,1.22363,1.25293,0,0.919132,2.1168,9.13716e+06,4.02164e+06,1.11805e+07,0,0,0,0
78.8565,85.139,1.32255,0,0,2.57506,2.63672,0,0.482396,4.47552,4.39666e+06,3.00878e+06,1.13217e+07,0,0,0,0,62.1254,61.308,1.78991,1,1,1.22406,1.25337,0,0.945377,2.1168,9.13716e+06,4.02164e+06,1.11845e+07,0,0,0,0
77.3647,85.139,1.20851,0,0,2.57597,2.63766,0,0.482567,4.47552,4.39666e+06,3.00878e+06,1.13257e+07,0,0,0,0,61.9767,61.308,1.58838,1,1,1.2245,1.25382,0,0.945711,2.1168,9.13716e+06,4.02164e+06,1.11884e+07,0,0,0,0
75.8047,85.139,1.10829,0,0,2.57688,2.63859,0,0.482737,4.47552,4.39666e+06,3.00878e+06,1.13297e+07,0,0,0,0,61.6659,61.308,1.55993,1,1,1.22493,1.25426,0,0.946046,2.1168,9.13716e+06,4.02164e+06,1.11924e+07,0,0,0,0
74.1498,85.139,1.03494,0,0,2.63796,2.70112,0,0.482908,4.47552,4.39666e+06,3.00878e+06,1.15982e+07,0,0,0,0,61.1351,61.308,1.39329,1,1,1.2553,1.28536,0,0.94638,2.1168,9.13716e+06,4.02164e+06,1.14699e+07,0,0,0,0
72.4121,85.139,0.946919,0,0,2.63889,2.70208,0,0.494353,4.47552,4.39666e+06,3.00878e+06,1.16023e+07,0,0,0,0,60.5586,61.308,1.26659,1,1,1.25575,1.28582,0,0.969848,2.1168,9.13716e+06,4.02164e+06,1.1474e+07,0,0,0,0
70.5846,85.139,0.842066,0,0,2.63982,2.70303,0,0.494528,4.47552,4.39666e+06,3.00878e+06,1.16064e+07,0,0,0,0,59.8933,61.308,1.19791,1,1,1.25619,1.28627,0,0.970191,2.1168,9.13716e+06,4.02164e+06,1.1478e+07,0,0,0,0
68.703,85.139,0.77145,0,0,2.64075,2.70399,0,0.494702,4.47552,4.39666e+06,3.00878e+06,1.16105e+07,0,0,0,0,59.209,61.308,1.11992,1,1,1.25664,1.28673,0,0.970534,2.1168,9.13716e+06,4.02164e+06,1.14821e+07,0,0,0,0
66.6048,85.139,0.667653,0,0,2.81811,2.88559,0,0.494877,4.47552,4.39666e+06,3.00878e+06,1.23903e+07,0,0,0,0,58.0788,61.308,1.11096,1,1,1.36531,1.398,0,0.970877,2.1168,9.13716e+06,4.02164e+06,1.2475e+07,0,0,0,0
64.468,85.139,0.633199,0,0,2.81911,2.88661,0,0.528114,4.47552,4.39666e+06,3.00878e+06,1.23947e+07,0,0,0,0,57.013,61.308,0.687985,1,1,1.36579,1.3985,0,1.05484,2.1168,9.13716e+06,4.02164e+06,1.24794e+07,0,0,0,0
62.4238,85.139,0.714055,0,0,2.8201,2.88763,0,0.528301,4.47552,4.39666e+06,3.00878e+06,1.2399e+07,0,0,0,0,55.8522,61.308,0.857034,1,1,1.36627,1.39899,0,1.05521,2.1168,9.13716e+06,4.02164e+06,1.24839e+07,0,0,0,0
60.2603,85.139,0.577062,0.01,0,2.8211,2.88865,0,0.528487,4.47552,4.39666e+06,3.00878e+06,1.24034e+07,0,0,0,0,54.9108,61.308,0.618271,1,1,1.36676,1.39948,0,1.05558,2.1168,9.13716e+06,4.02164e+06,1.24883e+07,0,0,0,0
58.2433,85.139,0.695269,0.01,0,2.8221,2.88967,0,0.528674,4.47552,4.39666e+06,3.00878e+06,1.24078e+07,0,0,0,0,53.9585,61.308,1.07505,1,1,1.36724,1.39998,0,1.05596,2.1168,9.13716e+06,4.02164e+06,1.24927e+07,0,0,0,0
56.3589,85.139,0.765192,0.01,0,2.73696,2.80249,0,0.528861,4.47552,4.39666e+06,3.00878e+06,1.20335e+07,0,0,0,0,53.3985,61.308,0.840108,1,1,1.30191,1.33309,0,1.05633,2.1168,9.13716e+06,4.02164e+06,1.18958e+07,0,0,0,0
54.493,85.139,0.764648,0.02,0,2.73792,2.80348,0,0.512906,4.47552,4.39666e+06,3.00878e+06,1.20377e+07,0,0,0,0,52.6728,61.308,1.43015,1,1,1.30237,1.33356,0,1.00586,2.1168,9.13716e+06,4.02164e+06,1.19e+07,0,0,0,0
52.5667,85.139,0.682897,0.02,0,2.73889,2.80447,0,0.513087,4.47552,4.39666e+06,3.00878e+06,1.2042e+07,0,0,0,0,51.6743,61.308,0.874323,1,1,1.30283,1.33403,0,1.00621,2.1168,9.13716e+06,4.02164e+06,1.19042e+07,0,0,0,0
50.5571,85.139,0.570043,0.02,0,2.73986,2.80546,0,0.513268,4.47552,4.39666e+06,3.00878e+06,1.20462e+07,0,0,0,0,50.6747,61.308,0.775065,1,1,1.30329,1.3345,0,1.00657,2.1168,9.13716e+06,4.02164e+06,1.19084e+07,0,0,0,0
48.8255,85.139,0.844921,0.02,0,2.67002,2.73396,0,0.513449,4.47552,4.39666e+06,3.00878e+06,1.17392e+07,0,0,0,0,50.2467,61.308,0.840675,1,1,1.24377,1.27355,0,1.00692,2.1168,9.13716e+06,4.02164e+06,1.13645e+07,0,0,0,0
47.5485,85.139,1.32896,0.02,0,2.67096,2.73492,0,0.500362,4.47552,4.39666e+06,3.00878e+06,1.17433e+07,0,0,0,0,50.2033,61.308,1.33675,1,1,1.24421,1.274,0,0.960935,2.1168,9.13716e+06,4.02164e+06,1.13685e+07,0,0,0,0
47.5149,85.139,2.5953,0.02,0,2.6719,2.73589,0,0.500538,4.47552,4.39666e+06,3.00878e+06,1.17475e+07,0,0,0,0,50.4808,61.308,2.21425,1,1,1.24465,1.27445,0,0.961274,2.1168,9.13716e+06,4.02164e+06,1.13725e+07,0,0,0,0
46.86,85.139,1.93352,0.02,0,2.67285,2.73685,0,0.500715,4.47552,4.39666e+06,3.00878e+06,1.17516e+07,0,0,0,0,50.7014,61.308,2.40217,1,1,1.24508,1.2749,0,0.961613,2.1168,9.13716e+06,4.02164e+06,1.13765e+07,0,0,0,0
46.8794,85.139,2.51208,0.02,0,2.47242,2.53163,0,0.500892,4.47552,4.39666e+06,3.00878e+06,1.08704e+07,0,0,0,0,50.9445,61.308,1.7786,1,1,1.12041,1.14724,0,0.961952,2.1168,9.13716e+06,4.02164e+06,1.02374e+07,0,0,0,0
49.2561,85.139,5.08186,0.02,0,2.4733,2.53252,0,0.463332,4.47552,4.39666e+06,3.00878e+06,1.08742e+07,0,0,0,0,52.6312,61.308,4.2954,1,1,1.12081,1.14765,0,0.865633,2.1168,9.13716e+06,4.02164e+06,1.0241e+07,0,0,0,0
53.9106,85.139,7.44411,0.02,0,2.47417,2.53341,0,0.463495,4.47552,4.39666e+06,3.00878e+06,1.08781e+07,0,0,0,0,56.2079,61.308,7.93732,1,1,1.12121,1.14805,0,0.865938,2.1168,9.13716e+06,4.02164e+06,1.02446e+07,0,0,0,0
56.8841,85.139,5.75951,0.02,0,2.47504,2.53431,0,0.463659,4.47552,4.39666e+06,3.00878e+06,1.08819e+07,0,0,0,0,57.4011,61.308,4.21105,1,1,1.1216,1.14846,0,0.866243,2.1168,9.13716e+06,4.02164e+06,1.02482e+07,0,0,0,0
59.7201,85.139,5.65303,0.01,0,2.47591,2.5352,0,0.463822,4.47552,4.39666e+06,3.00878e+06,1.08857e+07,0,0,0,0,58.3759,61.308,3.15656,1,1,1.122,1.14886,0,0.866549,2.1168,9.13716e+06,4.02164e+06,1.02519e+07,0,0,0,0
61.6441,85.139,4.87419,0.01,0,2.55436,2.61552,0,0.463986,4.47552,4.39666e+06,3.00878e+06,1.12306e+07,0,0,0,0,60.0555,61.308,4.92566,1,1,1.15867,1.18642,0,0.866854,2.1168,9.13716e+06,4.02164e+06,1.0587e+07,0,0,0,0
66.5048,85.139,8.04278,0.01,0,2.55523,2.61641,0,0.478686,4.47552,4.39666e+06,3.00878e+06,1.12345e+07,0,0,0,0,62.3362,61.308,8.03376,1,1,1.15907,1.18682,0,0.895191,2.1168,9.13716e+06,4.02164e+06,1.05906e+07,0,0,0,0
70.479,85.139,7.25025,0,0,2.55609,2.6173,0,0.478849,4.47552,4.39666e+06,3.00878e+06,1.12383e+07,0,0,0,0,62.3362,61.308,9.18485,1,1,1.15946,1.18723,0,0.895496,2.1168,9.13716e+06,4.02164e+06,1.05942e+07,0,0,0,0
73.5542,85.139,6.41989,0,0,2.55696,2.61819,0,0.479012,4.47552,4.39666e+06,3.00878e+06,1.12421e+07,0,0,0,0,62.3362,61.308,8.22893,1,1,1.15986,1.18763,0,0.895801,2.1168,9.13716e+06,4.02164e+06,1.05978e+07,0,0,0,0
80.3077,85.139,10.3827,0,0,2.80732,2.87454,0,0.479175,4.47552,4.39666e+06,3.00878e+06,1.23428e+07,0,0,0,0,62.3362,61.308,9.37121,1,1,1.29667,1.32772,0,0.896105,2.1168,9.13716e+06,4.02164e+06,1.18479e+07,0,0,0,0
84.2511,85.139,7.46537,0,0,2.80827,2.87552,0,0.526092,4.47552,4.39666e+06,3.00878e+06,1.2347e+07,0,0,0,0,62.3362,61.308,9.07519,1,1,1.29711,1.32817,0,1.00181,2.1168,9.13716e+06,4.02164e+06,1.18519e+07,0,0,0,0
85.139,85.139,7.47916,0,0,2.80923,2.8765,0,0.526271,4.47552,4.39666e+06,3.00878e+06,1.23512e+07,0,0,0,0,62.3362,61.308,9.1347,1,1,1.29755,1.32863,0,1.00215,2.1168,9.13716e+06,4.02164e+06,1.1856e+07,0,0,0,0
85.139,85.139,6.26858,0,0,2.81018,2.87748,0,0.52645,4.47552,4.39666e+06,3.00878e+06,1.23554e+07,0,0,0,0,62.3362,61.308,7.44221,1,1,1.298,1.32908,0,1.00249,2.1168,9.13716e+06,4.02164e+06,1.186e+07,0,0,0,0
85.139,85.139,5.23982,0,0,2.45481,2.51359,0,0.526629,4.47552,4.39666e+06,3.00878e+06,1.0793e+07,0,0,0,0,62.3362,61.308,6.46769,1,1,1.11511,1.14181,0,1.00283,2.1168,9.13716e+06,4.02164e+06,1.01889e+07,0,0,0,0
85.139,85.139,6.09832,0,0,2.45565,2.51445,0,0.460031,4.47552,4.39666e+06,3.00878e+06,1.07966e+07,0,0,0,0,62.3362,61.308,7.33903,1,1,1.11549,1.1422,0,0.861534,2.1168,9.13716e+06,4.02164e+06,1.01924e+07,0,0,0,0
85.139,85.139,6.64343,0,0,2.45648,2.5153,0,0.460188,4.47552,4.39666e+06,3.00878e+06,1.08003e+07,0,0,0,0,62.3362,61.308,10.5126,1,1,1.11587,1.14259,0,0.861827,2.1168,9.13716e+06,4.02164e+06,1.01959e+07,0,0,0,0
85.139,85.139,6.91558,0,0,2.45731,2.51616,0,0.460344,4.47552,4.39666e+06,3.00878e+06,1.0804e+07,0,0,0,0,62.3362,61.308,9.68269,1,1,1.11625,1.14298,0,0.86212,2.1168,9.13716e+06,4.02164e+06,1.01993e+07,0,0,0,0
85.139,85.139,7.01162,0,0,2.45815,2.51701,0,0.460501,4.47552,4.39666e+06,3.00878e+06,1.08077e+07,0,0,0,0,62.3362,61.308,9.96461,1,1,1.11663,1.14337,0,0.862413,2.1168,9.13716e+06,4.02164e+06,1.02028e+07,0,0,0,0
85.139,85.139,7.1341,0,0,2.54883,2.60987,0,0.460657,4.47552,4.39666e+06,3.00878e+06,1.12063e+07,0,0,0,0,62.3362,61.308,9.45806,1,1,1.16193,1.18975,0,0.862706,2.1168,9.13716e+06,4.02164e+06,1.06168e+07,0,0,0,0
85.139,85.139,6.29861,0,0,2.5497,2.61075,0,0.477651,4.47552,4.39666e+06,3.00878e+06,1.12102e+07,0,0,0,0,62.3362,61.308,7.93524,1,1,1.16233,1.19016,0,0.897708,2.1168,9.13716e+06,4.02164e+06,1.06204e+07,0,0,0,0
85.139,85.139,6.14397,0,0,2.55056,2.61164,0,0.477813,4.47552,4.39666e+06,3.00878e+06,1.1214e+07,0,0,0,0,62.3362,61.308,8.28518,1,1,1.16272,1.19056,0,0.898013,2.1168,9.13716e+06,4.02164e+06,1.0624e+07,0,0,0,0
85.139,85.139,6.39147,0,0,2.55143,2.61253,0,0.477976,4.47552,4.39666e+06,3.00878e+06,1.12178e+07,0,0,0,0,62.3362,61.308,8.31345,1,1,1.16312,1.19097,0,0.898318,2.1168,9.13716e+06,4.02164e+06,1.06276e+07,0,0,0,0
85.139,85.139,5.28435,0,0,2.51712,2.57739,0,0.478138,4.47552,4.39666e+06,3.00878e+06,1.10669e+07,0,0,0,0,62.3362,61.308,3.95652,1,1,1.14604,1.17348,0,0.898624,2.1168,9.13716e+06,4.02164e+06,1.04715e+07,0,0,0,0
85.139,85.139,4.48644,0,0,2.51798,2.57827,0,0.471708,4.47552,4.39666e+06,3.00878e+06,1.10707e+07,0,0,0,0,62.3362,61.308,5.20151,1,1,1.14643,1.17388,0,0.88543,2.1168,9.13716e+06,4.02164e+06,1.04751e+07,0,0,0,0
85.139,85.139,4.24305,0,0,2.51883,2.57915,0,0.471869,4.47552,4.39666e+06,3.00878e+06,1.10744e+07,0,0,0,0,62.3362,61.308,4.97084,1,1,1.14682,1.17428,0,0.885731,2.1168,9.13716e+06,4.02164e+06,1.04787e+07,0,0,0,0
85.139,85.139,3.92097,0,0,2.51969,2.58002,0,0.472029,4.47552,4.39666e+06,3.00878e+06,1.10782e+07,0,0,0,0,62.3362,61.308,5.42141,1,1,1.14721,1.17468,0,0.886031,2.1168,9.13716e+06,4.02164e+06,1.04822e+07,0,0,0,0
85.139,85.139,3.70726,0,0,2.64011,2.70333,0,0.472189,4.47552,4.39666e+06,3.00878e+06,1.16077e+07,0,0,0,0,62.3362,61.308,5.70918,1,1,1.20964,1.23861,0,0.886332,2.1168,9.13716e+06,4.02164e+06,1.10527e+07,0,0,0,0
85.139,85.139,3.88075,0,0,2.641,2.70425,0,0.494756,4.47552,4.39666e+06,3.00878e+06,1.16116e+07,0,0,0,0,62.3362,61.308,5.17159,1,1,1.21005,1.23903,0,0.934569,2.1168,9.13716e+06,4.02164e+06,1.10564e+07,0,0,0,0
85.139,85.139,3.58715,0,0,2.6419,2.70516,0,0.494924,4.47552,4.39666e+06,3.00878e+06,1.16155e+07,0,0,0,0,62.3362,61.308,4.27817,1,1,1.21046,1.23945,0,0.934887,2.1168,9.13716e+06,4.02164e+06,1.10602e+07,0,0,0,0
85.139,85.139,3.25623,0,0,2.6428,2.70608,0,0.495092,4.47552,4.39666e+06,3.00878e+06,1.16195e+07,0,0,0,0,62.3362,61.308,3.74021,1,1,1.21087,1.23987,0,0.935204,2.1168,9.13716e+06,4.02164e+06,1.10639e+07,0,0,0,0
85.0912,85.139,2.88312,0,0,2.6437,2.707,0,0.49526,4.47552,4.39666e+06,3.00878e+06,1.16234e+07,0,0,0,0,62.3362,61.308,3.80359,1,1,1.21129,1.24029,0,0.935521,2.1168,9.13716e+06,4.02164e+06,1.10677e+07,0,0,0,0
85.139,85.139,3.08955,0,0,2.62091,2.68367,0,0.495428,4.47552,4.39666e+06,3.00878e+06,1.15232e+07,0,0,0,0,62.3362,61.308,4.16822,1,1,1.24586,1.27569,0,0.935839,2.1168,9.13716e+06,4.02164e+06,1.13836e+07,0,0,0,0
85.139,85.139,3.01986,0,0,2.6218,2.68458,0,0.491158,4.47552,4.39666e+06,3.00878e+06,1.15271e+07,0,0,0,0,62.3362,61.308,4.2164,1,1,1.24628,1.27612,0,0.962548,2.1168,9.13716e+06,4.02164e+06,1.13874e+07,0,0,0,0
85.139,85.139,2.83088,0,0,2.62269,2.68549,0,0.491325,4.47552,4.39666e+06,3.00878e+06,1.15311e+07,0,0,0,0,62.3362,61.308,4.14993,1,1,1.2467,1.27655,0,0.962874,2.1168,9.13716e+06,4.02164e+06,1.13913e+07,0,0,0,0
85.0929,85.139,2.76608,0,0,2.62358,2.6864,0,0.491491,4.47552,4.39666e+06,3.00878e+06,1.1535e+07,0,0,0,0,62.3362,61.308,4.11615,1,1,1.24712,1.27699,0,0.963201,2.1168,9.13716e+06,4.02164e+06,1.13952e+07,0,0,0,0
84.8166,85.139,2.55995,0,0,2.68571,2.75003,0,0.491658,4.47552,4.39666e+06,3.00878e+06,1.18082e+07,0,0,0,0,62.3362,61.308,3.78853,1,1,1.27803,1.30863,0,0.963528,2.1168,9.13716e+06,4.02164e+06,1.16776e+07,0,0,0,0
84.2605,85.139,2.25405,0,0,2.68663,2.75096,0,0.503303,4.47552,4.39666e+06,3.00878e+06,1.18122e+07,0,0,0,0,62.3362,61.308,3.00171,1,1,1.27846,1.30908,0,0.987407,2.1168,9.13716e+06,4.02164e+06,1.16815e+07,0,0,0,0
83.5133,85.139,2.05144,0,0,2.68754,2.75189,0,0.503474,4.47552,4.39666e+06,3.00878e+06,1.18162e+07,0,0,0,0,62.3362,61.308,2.60572,1,1,1.2789,1.30952,0,0.987742,2.1168,9.13716e+06,4.02164e+06,1.16855e+07,0,0,0,0
83.0346,85.139,2.30984,0,0,2.68845,2.75283,0,0.503644,4.47552,4.39666e+06,3.00878e+06,1.18202e+07,0,0,0,0,62.3362,61.308,3.42549,1,1,1.27933,1.30997,0,0.988077,2.1168,9.13716e+06,4.02164e+06,1.16895e+07,0,0,0,0
82.3394,85.139,2.23716,0,0,2.86897,2.93767,0,0.503815,4.47552,4.39666e+06,3.00878e+06,1.26139e+07,0,0,0,0,62.3362,61.308,3.26271,1,1,1.38995,1.42323,0,0.988412,2.1168,9.13716e+06,4.02164e+06,1.27002e+07,0,0,0,0
81.6909,85.139,2.26378,0,0,2.86994,2.93867,0,0.537645,4.47552,4.39666e+06,3.00878e+06,1.26182e+07,0,0,0,0,62.3362,61.308,3.1502,1,1,1.39042,1.42371,0,1.07387,2.1168,9.13716e+06,4.02164e+06,1.27045e+07,0,0,0,0
81.0484,85.139,2.27357,0,0,2.87092,2.93966,0,0.537827,4.47552,4.39666e+06,3.00878e+06,1.26224e+07,0,0,0,0,62.3362,61.308,3.16702,1,1,1.39089,1.4242,0,1.07424,2.1168,9.13716e+06,4.02164e+06,1.27088e+07,0,0,0,0
79.9586,85.139,1.83314,0,0,2.87189,2.94066,0,0.53801,4.47552,4.39666e+06,3.00878e+06,1.26267e+07,0,0,0,0,62.1919,61.308,2.37825,1,1,1.39136,1.42468,0,1.0746,2.1168,9.13716e+06,4.02164e+06,1.27131e+07,0,0,0,0
79.2458,85.139,2.19044,0,0,2.87286,2.94166,0,0.538192,4.47552,4.39666e+06,3.00878e+06,1.2631e+07,0,0,0,0,62.3362,61.308,3.91504,1,1,1.39183,1.42516,0,1.07497,2.1168,9.13716e+06,4.02164e+06,1.27174e+07,0,0,0,0
78.3146,85.139,1.93288,0,0,2.78615,2.85287,0,0.538375,4.47552,4.39666e+06,3.00878e+06,1.22498e+07,0,0,0,0,62.3362,61.308,4.31577,1,1,1.32532,1.35705,0,1.07533,2.1168,9.13716e+06,4.02164e+06,1.21096e+07,0,0,0,0
77.1156,85.139,1.66931,0,0,2.7871,2.85384,0,0.522125,4.47552,4.39666e+06,3.00878e+06,1.22539e+07,0,0,0,0,62.3362,61.308,4.41374,1,1,1.32576,1.35751,0,1.02394,2.1168,9.13716e+06,4.02164e+06,1.21137e+07,0,0,0,0
76.0345,85.139,1.78879,0,0,2.78804,2.8548,0,0.522302,4.47552,4.39666e+06,3.00878e+06,1.22581e+07,0,0,0,0,62.3362,61.308,4.52367,1,1,1.32621,1.35797,0,1.02429,2.1168,9.13716e+06,4.02164e+06,1.21178e+07,0,0,0,0
75.7556,85.139,2.60715,0,0,2.78899,2.85577,0,0.522479,4.47552,4.39666e+06,3.00878e+06,1.22622e+07,0,0,0,0,62.3362,61.308,6.05751,1,1,1.32666,1.35843,0,1.02463,2.1168,9.13716e+06,4.02164e+06,1.21219e+07,0,0,0,0
76.8298,85.139,4.07765,0,0,2.71786,2.78294,0,0.522656,4.47552,4.39666e+06,3.00878e+06,1.19495e+07,0,0,0,0,62.3362,61.308,7.30826,1,1,1.26605,1.29637,0,1.02498,2.1168,9.13716e+06,4.02164e+06,1.15681e+07,0,0,0,0
77.0486,85.139,3.28056,0,0,2.71878,2.78388,0,0.509327,4.47552,4.39666e+06,3.00878e+06,1.19536e+07,0,0,0,0,62.3362,61.308,4.57495,1,1,1.26648,1.29681,0,0.978152,2.1168,9.13716e+06,4.02164e+06,1.1572e+07,0,0,0,0
77.526,85.139,3.53385,0,0,2.7197,2.78483,0,0.509499,4.47552,4.39666e+06,3.00878e+06,1.19576e+07,0,0,0,0,62.3362,61.308,6.71185,1,1,1.26691,1.29725,0,0.978483,2.1168,9.13716e+06,4.02164e+06,1.1576e+07,0,0,0,0
77.9074,85.139,3.48488,0,0,2.72062,2.78577,0,0.509672,4.47552,4.39666e+06,3.00878e+06,1.19617e+07,0,0,0,0,62.3362,61.308,5.32108,1,1,1.26734,1.29769,0,0.978815,2.1168,9.13716e+06,4.02164e+06,1.15799e+07,0,0,0,0
78.7061,85.139,3.71902,0,0,2.51658,2.57684,0,0.509845,4.47552,4.39666e+06,3.00878e+06,1.10645e+07,0,0,0,0,62.3362,61.308,4.43165,1,1,1.14043,1.16773,0,0.979146,2.1168,9.13716e+06,4.02164e+06,1.04202e+07,0,0,0,0
81.7468,85.139,6.03997,0,0,2.51743,2.57771,0,0.471607,4.47552,4.39666e+06,3.00878e+06,1.10683e+07,0,0,0,0,62.3362,61.308,7.59152,1,1,1.14081,1.16813,0,0.881092,2.1168,9.13716e+06,4.02164e+06,1.04238e+07,0,0,0,0
85.139,85.139,7.53158,0,0,2.51828,2.57859,0,0.471767,4.47552,4.39666e+06,3.00878e+06,1.1072e+07,0,0,0,0,62.3362,61.308,9.42398,1,1,1.1412,1.16852,0,0.881391,2.1168,9.13716e+06,4.02164e+06,1.04273e+07,0,0,0,0
85.139,85.139,7.14933,0,0,2.51914,2.57946,0,0.471926,4.47552,4.39666e+06,3.00878e+06,1.10758e+07,0,0,0,0,62.3362,61.308,7.63529,1,1,1.14158,1.16892,0,0.881689,2.1168,9.13716e+06,4.02164e+06,1.04308e+07,0,0,0,0
85.139,85.139,6.19584,0,0,2.51999,2.58033,0,0.472086,4.47552,4.39666e+06,3.00878e+06,1.10795e+07,0,0,0,0,62.3362,61.308,3.73246,1,1,1.14197,1.16932,0,0.881988,2.1168,9.13716e+06,4.02164e+06,1.04344e+07,0,0,0,0
85.139,85.139,7.81478,0,0.02,2.59979,2.66205,0,0.472246,4.47552,4.39666e+06,3.00878e+06,1.14304e+07,0,0,0,0,62.3362,61.308,5.29108,1,1,1.17928,1.20752,0,0.882286,2.1168,9.13716e+06,4.02164e+06,1.07753e+07,0,0,0,7.73942e+07
85.139,85.139,7.02286,0,0.02,2.60064,2.66291,0,0.487201,4.47552,4.39666e+06,3.00878e+06,1.14341e+07,0,0,0,0,62.3362,61.308,7.7898,1,1,1.17967,1.20792,0,0.911115,2.1168,9.13716e+06,4.02164e+06,1.07788e+07,0,0,0,7.73942e+07
85.139,85.139,4.86529,0,0.02,2.60149,2.66378,0,0.48736,4.47552,4.39666e+06,3.00878e+06,1.14379e+07,0,0,0,0,62.3362,61.308,6.43494,1,1,1.18005,1.20831,0,0.911412,2.1168,9.13716e+06,4.02164e+06,1.07823e+07,0,0,0,7.73942e+07
85.139,85.139,5.27978,0,0.02,2.60234,2.66465,0,0.487519,4.47552,4.39666e+06,3.00878e+06,1.14416e+07,0,0,0,0,62.3362,61.308,7.59199,1,1,1.18044,1.2087,0,0.911709,2.1168,9.13716e+06,4.02164e+06,1.07859e+07,0,0,0,7.73942e+07
85.139,85.139,7.16484,0,0.02,2.8571,2.92551,0,0.487678,4.47552,4.39666e+06,3.00878e+06,1.25617e+07,0,0,0,0,62.3362,61.308,8.08749,1,1,1.31966,1.35126,0,0.912007,2.1168,9.13716e+06,4.02164e+06,1.2058e+07,0,0,0,7.73942e+07
85.139,85.139,4.9648,0,0.02,2.85803,2.92646,0,0.53542,4.47552,4.39666e+06,3.00878e+06,1.25658e+07,0,0,0,0,62.3362,61.308,4.98162,1,1,1.32009,1.3517,0,1.01957,2.1168,9.13716e+06,4.02164e+06,1.20619e+07,0,0,0,7.73942e+07
85.139,85.139,4.88044,0,0.02,2.85896,2.92742,0,0.535594,4.47552,4.39666e+06,3.00878e+06,1.25699e+07,0,0,0,0,62.3362,61.308,8.2337,1,1,1.32052,1.35214,0,1.0199,2.1168,9.13716e+06,4.02164e+06,1.20658e+07,0,0,0,7.73942e+07
85.139,85.139,5.08016,0,0.02,2.85989,2.92837,0,0.535769,4.47552,4.39666e+06,3.00878e+06,1.2574e+07,0,0,0,0,62.3362,61.308,6.06473,1,1,1.32095,1.35259,0,1.02024,2.1168,9.13716e+06,4.02164e+06,1.20698e+07,0,0,0,7.73942e+07
85.139,85.139,8.84624,0,0.02,2.4982,2.55802,0,0.535944,4.47552,4.39666e+06,3.00878e+06,1.09837e+07,0,0,0,0,62.3362,61.308,9.13078,1,1,1.13482,1.16199,0,1.02057,2.1168,9.13716e+06,4.02164e+06,1.0369e+07,0,0,0,7.73942e+07
85.139,85.139,5.66413,0,0.02,2.49901,2.55885,0,0.468162,4.47552,4.39666e+06,3.00878e+06,1.09873e+07,0,0,0,0,62.3362,61.308,6.05933,1,1,1.13519,1.16237,0,0.87676,2.1168,9.13716e+06,4.02164e+06,1.03724e+07,0,0,0,7.73942e+07
85.139,85.139,7.59959,0,0.02,2.49982,2.55968,0,0.468314,4.47552,4.39666e+06,3.00878e+06,1.09909e+07,0,0,0,0,62.3362,61.308,8.53105,1,1,1.13556,1.16275,0,0.877046,2.1168,9.13716e+06,4.02164e+06,1.03758e+07,0,0,0,7.73942e+07
85.139,85.139,9.64242,0,0.02,2.50064,2.56052,0,0.468467,4.47552,4.39666e+06,3.00878e+06,1.09945e+07,0,0,0,0,62.3362,61.308,13.9298,1,1,1.13593,1.16313,0,0.877332,2.1168,9.13716e+06,4.02164e+06,1.03792e+07,0,0,0,7.73942e+07
85.139,85.139,6.53926,0,0.02,2.50145,2.56135,0,0.46862,4.47552,4.39666e+06,3.00878e+06,1.0998e+07,0,0,0,0,62.3362,61.308,7.53278,1,1,1.1363,1.16351,0,0.877618,2.1168,9.13716e+06,4.02164e+06,1.03825e+07,0,0,0,7.73942e+07
85.139,85.139,9.66203,0,0.02,2.5937,2.6558,0,0.468773,4.47552,4.39666e+06,3.00878e+06,1.14036e+07,0,0,0,0,62.3362,61.308,13.6267,1,1,1.18238,1.2107,0,0.877904,2.1168,9.13716e+06,4.02164e+06,1.08036e+07,0,0,0,7.73942e+07
85.139,85.139,6.64083,0,0.02,2.59454,2.65667,0,0.486059,4.47552,4.39666e+06,3.00878e+06,1.14073e+07,0,0,0,0,62.3362,61.308,8.15353,1,1,1.18277,1.21109,0,0.91351,2.1168,9.13716e+06,4.02164e+06,1.08071e+07,0,0,0,7.73942e+07
85.139,85.139,6.07586,0,0.02,2.59539,2.65754,0,0.486217,4.47552,4.39666e+06,3.00878e+06,1.1411e+07,0,0,0,0,62.3362,61.308,11.9695,1,1,1.18315,1.21149,0,0.913807,2.1168,9.13716e+06,4.02164e+06,1.08107e+07,0,0,0,7.73942e+07
85.139,85.139,5.38813,0,0.02,2.59623,2.6584,0,0.486376,4.47552,4.39666e+06,3.00878e+06,1.14148e+07,0,0,0,0,62.3362,61.308,12.6931,1,1,1.18354,1.21188,0,0.914105,2.1168,9.13716e+06,4.02164e+06,1.08142e+07,0,0,0,7.73942e+07
85.139,85.139,4.68644,0,0.02,2.56128,2.62262,0,0.486534,4.47552,4.39666e+06,3.00878e+06,1.12611e+07,0,0,0,0,62.3362,61.308,6.01182,1,1,1.16615,1.19407,0,0.914403,2.1168,9.13716e+06,4.02164e+06,1.06553e+07,0,0,0,7.73942e+07
85.139,85.139,4.02437,0,0.02,2.56212,2.62347,0,0.479985,4.47552,4.39666e+06,3.00878e+06,1.12648e+07,0,0,0,0,62.3362,61.308,5.4771,1,1,1.16653,1.19446,0,0.900965,2.1168,9.13716e+06,4.02164e+06,1.06587e+07,0,0,0,7.73942e+07
85.139,85.139,3.52547,0,0.02,2.56295,2.62432,0,0.480141,4.47552,4.39666e+06,3.00878e+06,1.12684e+07,0,0,0,0,62.3362,61.308,4.94295,1,1,1.16691,1.19485,0,0.901258,2.1168,9.13716e+06,4.02164e+06,1.06622e+07,0,0,0,7.73942e+07
85.139,85.139,3.15981,0,0.02,2.56379,2.62518,0,0.480297,4.47552,4.39666e+06,3.00878e+06,1.12721e+07,0,0,0,0,62.3362,61.308,4.38445,1,1,1.16729,1.19524,0,0.901552,2.1168,9.13716e+06,4.02164e+06,1.06657e+07,0,0,0,7.73942e+07
84.9498,85.139,2.92508,0,0.02,2.68628,2.7506,0,0.480454,4.47552,4.39666e+06,3.00878e+06,1.18107e+07,0,0,0,0,62.3362,61.308,4.15556,1,1,1.2308,1.26027,0,0.901845,2.1168,9.13716e+06,4.02164e+06,1.1246e+07,0,0,0,7.73942e+07
84.801,85.139,2.87173,0,0.02,2.68715,2.7515,0,0.503409,4.47552,4.39666e+06,3.00878e+06,1.18145e+07,0,0,0,0,62.3362,61.308,3.423,1,1,1.2312,1.26068,0,0.950914,2.1168,9.13716e+06,4.02164e+06,1.12496e+07,0,0,0,7.73942e+07
84.3472,85.139,2.54428,0,0.02,2.68803,2.7524,0,0.503573,4.47552,4.39666e+06,3.00878e+06,1.18184e+07,0,0,0,0,62.3362,61.308,3.23391,1,1,1.2316,1.26109,0,0.951223,2.1168,9.13716e+06,4.02164e+06,1.12533e+07,0,0,0,7.73942e+07
83.6735,85.139,2.30915,0,0.02,2.6889,2.75329,0,0.503737,4.47552,4.39666e+06,3.00878e+06,1.18222e+07,0,0,0,0,62.3362,61.308,2.85968,1,1,1.232,1.2615,0,0.951533,2.1168,9.13716e+06,4.02164e+06,1.1257e+07,0,0,0,7.73942e+07
82.8975,85.139,2.16862,0,0.02,2.68978,2.75419,0,0.503901,4.47552,4.39666e+06,3.00878e+06,1.1826e+07,0,0,0,0,62.3362,61.308,2.66075,1,1,1.2324,1.26191,0,0.951842,2.1168,9.13716e+06,4.02164e+06,1.12606e+07,0,0,0,7.73942e+07
82.2022,85.139,2.22766,0,0.02,2.66656,2.73041,0,0.504065,4.47552,4.39666e+06,3.00878e+06,1.17239e+07,0,0,0,0,62.3362,61.308,2.62381,1,1,1.26755,1.29791,0,0.952152,2.1168,9.13716e+06,4.02164e+06,1.15818e+07,0,0,0,7.73942e+07
81.5213,85.139,2.2381,0,0.02,2.66742,2.7313,0,0.499713,4.47552,4.39666e+06,3.00878e+06,1.17278e+07,0,0,0,0,62.3362,61.308,2.65688,1,1,1.26797,1.29833,0,0.979313,2.1168,9.13716e+06,4.02164e+06,1.15856e+07,0,0,0,7.73942e+07
80.6886,85.139,2.04719,0,0.02,2.66829,2.73219,0,0.499875,4.47552,4.39666e+06,3.00878e+06,1.17316e+07,0,0,0,0,62.3362,61.308,2.48346,1,1,1.26838,1.29875,0,0.979631,2.1168,9.13716e+06,4.02164e+06,1.15894e+07,0,0,0,7.73942e+07
79.681,85.139,1.85141,0,0.02,2.66916,2.73307,0,0.500038,4.47552,4.39666e+06,3.00878e+06,1.17354e+07,0,0,0,0,62.3362,61.308,2.48763,1,1,1.26879,1.29917,0,0.97995,2.1168,9.13716e+06,4.02164e+06,1.15932e+07,0,0,0,7.73942e+07
78.5738,85.139,1.78827,0,0.02,2.73234,2.79777,0,0.5002,4.47552,4.39666e+06,3.00878e+06,1.20132e+07,0,0,0,0,62.3362,61.308,2.44402,1,1,1.30022,1.33135,0,0.980269,2.1168,9.13716e+06,4.02164e+06,1.18803e+07,0,0,0,7.73942e+07
77.233,85.139,1.523,0,0.02,2.73323,2.79868,0,0.512041,4.47552,4.39666e+06,3.00878e+06,1.20171e+07,0,0,0,0,62.3362,61.308,1.90249,1,1,1.30064,1.33179,0,1.00455,2.1168,9.13716e+06,4.02164e+06,1.18842e+07,0,0,0,7.73942e+07
75.758,85.139,1.37453,0,0.02,2.73412,2.79959,0,0.512207,4.47552,4.39666e+06,3.00878e+06,1.2021e+07,0,0,0,0,62.2174,61.308,1.82397,1,1,1.30106,1.33222,0,1.00488,2.1168,9.13716e+06,4.02164e+06,1.1888e+07,0,0,0,7.73942e+07
74.1779,85.139,1.25385,0,0.02,2.73501,2.8005,0,0.512374,4.47552,4.39666e+06,3.00878e+06,1.20249e+07,0,0,0,0,62.0631,61.308,1.68147,1,1,1.30149,1.33265,0,1.0052,2.1168,9.13716e+06,4.02164e+06,1.18919e+07,0,0,0,7.73942e+07
72.3154,85.139,1.09343,0,0.02,2.91862,2.9885,0,0.51254,4.47552,4.39666e+06,3.00878e+06,1.28322e+07,0,0,0,0,61.6478,61.308,1.66662,1,1,1.414,1.44786,0,1.00553,2.1168,9.13716e+06,4.02164e+06,1.29199e+07,0,0,0,7.73942e+07
70.3202,85.139,0.931732,0,0.02,2.91956,2.98948,0,0.546948,4.47552,4.39666e+06,3.00878e+06,1.28363e+07,0,0,0,0,61.2294,61.308,1.43611,1,1,1.41446,1.44833,0,1.09246,2.1168,9.13716e+06,4.02164e+06,1.29241e+07,0,0,0,7.73942e+07
68.3895,85.139,0.973882,0,0.02,2.92051,2.99045,0,0.547126,4.47552,4.39666e+06,3.00878e+06,1.28405e+07,0,0,0,0,60.6825,61.308,1.52349,1,1,1.41492,1.4488,0,1.09281,2.1168,9.13716e+06,4.02164e+06,1.29283e+07,0,0,0,7.73942e+07
66.3135,85.139,0.826816,0,0.02,2.92146,2.99142,0,0.547304,4.47552,4.39666e+06,3.00878e+06,1.28447e+07,0,0,0,0,60.3552,61.308,1.34032,1,1,1.41538,1.44927,0,1.09317,2.1168,9.13716e+06,4.02164e+06,1.29325e+07,0,0,0,7.73942e+07
64.3359,85.139,0.8963,0.01,0.02,2.92241,2.99239,0,0.547482,4.47552,4.39666e+06,3.00878e+06,1.28489e+07,0,0,0,0,59.9691,61.308,1.77941,1,1,1.41584,1.44974,0,1.09352,2.1168,9.13716e+06,4.02164e+06,1.29367e+07,0,0,0,7.73942e+07
62.3419,85.139,0.817391,0.01,0.02,2.83417,2.90203,0,0.54766,4.47552,4.39666e+06,3.00878e+06,1.24609e+07,0,0,0,0,59.6346,61.308,1.4456,1,1,1.34815,1.38044,0,1.09388,2.1168,9.13716e+06,4.02164e+06,1.23183e+07,0,0,0,7.73942e+07
60.4498,85.139,0.90613,0.02,0.02,2.83509,2.90298,0,0.531123,4.47552,4.39666e+06,3.00878e+06,1.24649e+07,0,0,0,0,59.3955,61.308,1.65507,1,1,1.34859,1.38089,0,1.04158,2.1168,9.13716e+06,4.02164e+06,1.23223e+07,0,0,0,7.73942e+07
58.3709,85.139,0.72909,0.02,0.02,2.83601,2.90392,0,0.531295,4.47552,4.39666e+06,3.00878e+06,1.2469e+07,0,0,0,0,58.6433,61.308,1.4964,1,1,1.34903,1.38133,0,1.04192,2.1168,9.13716e+06,4.02164e+06,1.23263e+07,0,0,0,7.73942e+07
56.1033,85.139,0.48254,0.02,0.02,2.83693,2.90486,0,0.531468,4.47552,4.39666e+06,3.00878e+06,1.2473e+07,0,0,0,0,58.1248,61.308,0.994619,1,1,1.34947,1.38178,0,1.04226,2.1168,9.13716e+06,4.02164e+06,1.23303e+07,0,0,0,7.73942e+07
54.2826,85.139,0.901113,0.02,0.02,2.76454,2.83074,0,0.531641,4.47552,4.39666e+06,3.00878e+06,1.21548e+07,0,0,0,0,57.2757,61.308,1.48718,1,1,1.2878,1.31864,0,1.0426,2.1168,9.13716e+06,4.02164e+06,1.17668e+07,0,0,0,7.73942e+07
52.1558,85.139,0.579458,0.02,0.02,2.76544,2.83166,0,0.518075,4.47552,4.39666e+06,3.00878e+06,1.21587e+07,0,0,0,0,56.9986,61.308,0.650723,1,1,1.28822,1.31906,0,0.994953,2.1168,9.13716e+06,4.02164e+06,1.17706e+07,0,0,0,7.73942e+07
50.5324,85.139,1.08708,0.02,0.02,2.76634,2.83258,0,0.518244,4.47552,4.39666e+06,3.00878e+06,1.21627e+07,0,0,0,0,57.0544,61.308,1.929,1,1,1.28864,1.31949,0,0.995276,2.1168,9.13716e+06,4.02164e+06,1.17745e+07,0,0,0,7.73942e+07
49.7753,85.139,2.00152,0.02,0.02,2.76724,2.8335,0,0.518412,4.47552,4.39666e+06,3.00878e+06,1.21666e+07,0,0,0,0,57.0106,61.308,2.33242,1,1,1.28905,1.31992,0,0.9956,2.1168,9.13716e+06,4.02164e+06,1.17783e+07,0,0,0,7.73942e+07
48.4244,85.139,1.20354,0.02,0.02,2.55966,2.62096,0,0.51858,4.47552,4.39666e+06,3.00878e+06,1.1254e+07,0,0,0,0,57.21,61.308,1.33588,1,1,1.15995,1.18772,0,0.995923,2.1168,9.13716e+06,4.02164e+06,1.05986e+07,0,0,0,7.73942e+07
47.2496,85.139,1.36119,0.02,0.02,2.56049,2.62181,0,0.479681,4.47552,4.39666e+06,3.00878e+06,1.12576e+07,0,0,0,0,57.0411,61.308,1.6938,1,1,1.16033,1.18811,0,0.896177,2.1168,9.13716e+06,4.02164e+06,1.06021e+07,0,0,0,7.73942e+07
45.8762,85.139,1.12593,0.02,0.02,2.56133,2.62266,0,0.479837,4.47552,4.39666e+06,3.00878e+06,1.12613e+07,0,0,0,0,56.8869,61.308,1.50499,1,1,1.1607,1.1885,0,0.896468,2.1168,9.13716e+06,4.02164e+06,1.06055e+07,0,0,0,7.73942e+07
44.3895,85.139,0.987665,0.02,0.02,2.56216,2.62351,0,0.479992,4.47552,4.39666e+06,3.00878e+06,1.12649e+07,0,0,0,0,56.7537,61.308,1.6424,1,1,1.16108,1.18888,0,0.896759,2.1168,9.13716e+06,4.02164e+06,1.0609e+07,0,0,0,7.73942e+07
43.1493,85.139,1.23783,0.02,0.02,2.56299,2.62436,0,0.480148,4.47552,4.39666e+06,3.00878e+06,1.12686e+07,0,0,0,0,56.7082,61.308,1.669,1,1,1.16146,1.18927,0,0.89705,2.1168,9.13716e+06,4.02164e+06,1.06124e+07,0,0,0,7.73942e+07
42.9881,85.139,2.43791,0.03,0.02,2.64412,2.70743,0,0.480304,4.47552,4.39666e+06,3.00878e+06,1.16253e+07,0,0,0,0,57.078,61.308,2.48464,1,1,1.19939,1.22811,0,0.897341,2.1168,9.13716e+06,4.02164e+06,1.0959e+07,0,0,0,7.73942e+07
45.6677,85.139,5.52739,0.03,0.02,2.64494,2.70828,0,0.495508,4.47552,4.39666e+06,3.00878e+06,1.16289e+07,0,0,0,0,58.2937,61.308,4.47979,1,1,1.19977,1.22849,0,0.926649,2.1168,9.13716e+06,4.02164e+06,1.09624e+07,0,0,0,7.73942e+07
47.9234,85.139,5.06298,0.02,0.02,2.64577,2.70913,0,0.495662,4.47552,4.39666e+06,3.00878e+06,1.16326e+07,0,0,0,0,59.4979,61.308,4.20269,1,1,1.20014,1.22888,0,0.926939,2.1168,9.13716e+06,4.02164e+06,1.09659e+07,0,0,0,7.73942e+07
50.2057,85.139,5.13678,0.02,0.02,2.6466,2.70997,0,0.495817,4.47552,4.39666e+06,3.00878e+06,1.16362e+07,0,0,0,0,60.1608,61.308,3.14631,1,1,1.20052,1.22926,0,0.927228,2.1168,9.13716e+06,4.02164e+06,1.09693e+07,0,0,0,7.73942e+07
51.6637,85.139,4.57198,0.02,0.02,2.90565,2.97523,0,0.495972,4.47552,4.39666e+06,3.00878e+06,1.27752e+07,0,0,0,0,60.8537,61.308,3.35917,1,1,1.34209,1.37423,0,0.927518,2.1168,9.13716e+06,4.02164e+06,1.22629e+07,0,0,0,7.73942e+07
54.3952,85.139,5.86968,0.02,0.02,2.90656,2.97616,0,0.544518,4.47552,4.39666e+06,3.00878e+06,1.27791e+07,0,0,0,0,61.9523,61.308,4.7981,1,1,1.34251,1.37466,0,1.0369,2.1168,9.13716e+06,4.02164e+06,1.22667e+07,0,0,0,7.73942e+07
55.5731,85.139,4.21511,0.02,0.02,2.90746,2.97709,0,0.544689,4.47552,4.39666e+06,3.00878e+06,1.27831e+07,0,0,0,0,62.3362,61.308,3.78917,1,1,1.34293,1.37509,0,1.03722,2.1168,9.13716e+06,4.02164e+06,1.22705e+07,0,0,0,7.73942e+07
56.6691,85.139,4.14311,0.02,0.02,2.90837,2.97802,0,0.544859,4.47552,4.39666e+06,3.00878e+06,1.27871e+07,0,0,0,0,62.3362,61.308,3.00644,1,1,1.34335,1.37552,0,1.03755,2.1168,9.13716e+06,4.02164e+06,1.22744e+07,0,0,0,7.73942e+07
60.3945,85.139,6.84826,0.02,0.02,2.54051,2.60135,0,0.545029,4.47552,4.39666e+06,3.00878e+06,1.11698e+07,0,0,0,0,62.3362,61.308,4.42314,1,1,1.15404,1.18167,0,1.03787,2.1168,9.13716e+06,4.02164e+06,1.05446e+07,0,0,0,7.73942e+07
63.3412,85.139,6.09688,0.02,0.02,2.5413,2.60216,0,0.476092,4.47552,4.39666e+06,3.00878e+06,1.11733e+07,0,0,0,0,62.3362,61.308,4.22078,1,1,1.1544,1.18204,0,0.891611,2.1168,9.13716e+06,4.02164e+06,1.05479e+07,0,0,0,7.73942e+07
66.5887,85.139,6.41623,0.01,0.02,2.5421,2.60297,0,0.47624,4.47552,4.39666e+06,3.00878e+06,1.11767e+07,0,0,0,0,62.3362,61.308,4.50401,1,1,1.15476,1.18241,0,0.891889,2.1168,9.13716e+06,4.02164e+06,1.05512e+07,0,0,0,7.73942e+07
71.7621,85.139,8.58514,0.01,0.02,2.54289,2.60378,0,0.476389,4.47552,4.39666e+06,3.00878e+06,1.11802e+07,0,0,0,0,62.3362,61.308,4.98283,1,1,1.15512,1.18278,0,0.892168,2.1168,9.13716e+06,4.02164e+06,1.05545e+07,0,0,0,7.73942e+07
77.7497,85.139,9.58748,0,0.02,2.54369,2.6046,0,0.476538,4.47552,4.39666e+06,3.00878e+06,1.11837e+07,0,0,0,0,62.3362,61.308,5.17759,1,1,1.15548,1.18315,0,0.892447,2.1168,9.13716e+06,4.02164e+06,1.05578e+07,0,0,0,7.73942e+07
83.618,85.139,9.58524,0,0.02,2.63745,2.70061,0,0.476687,4.47552,4.39666e+06,3.00878e+06,1.1596e+07,0,0,0,0,62.3362,61.308,5.29626,1,1,1.20233,1.23112,0,0.892725,2.1168,9.13716e+06,4.02164e+06,1.09859e+07,0,0,0,7.73942e+07
85.139,85.139,7.82438,0,0.02,2.63827,2.70145,0,0.494258,4.47552,4.39666e+06,3.00878e+06,1.15996e+07,0,0,0,0,62.3362,61.308,5.85443,1,1,1.2027,1.2315,0,0.92892,2.1168,9.13716e+06,4.02164e+06,1.09893e+07,0,0,0,7.73942e+07
85.139,85.139,5.51878,0,0.02,2.6391,2.70229,0,0.494412,4.47552,4.39666e+06,3.00878e+06,1.16032e+07,0,0,0,0,62.3362,61.308,3.80046,1,1,1.20308,1.23189,0,0.92921,2.1168,9.13716e+06,4.02164e+06,1.09927e+07,0,0,0,7.73942e+07
85.139,85.139,4.94148,0,0.02,2.63992,2.70314,0,0.494567,4.47552,4.39666e+06,3.00878e+06,1.16068e+07,0,0,0,0,62.3362,61.308,3.22658,1,1,1.20346,1.23227,0,0.9295,2.1168,9.13716e+06,4.02164e+06,1.09962e+07,0,0,0,7.73942e+07
85.139,85.139,4.62563,0,0.02,2.60435,2.66671,0,0.494721,4.47552,4.39666e+06,3.00878e+06,1.14504e+07,0,0,0,0,62.3362,61.308,3.82715,1,1,1.18575,1.21415,0,0.92979,2.1168,9.13716e+06,4.02164e+06,1.08344e+07,0,0,0,7.73942e+07
85.139,85.139,4.25986,0,0.02,2.60516,2.66754,0,0.488055,4.47552,4.39666e+06,3.00878e+06,1.1454e+07,0,0,0,0,62.3362,61.308,3.7956,1,1,1.18612,1.21453,0,0.916113,2.1168,9.13716e+06,4.02164e+06,1.08378e+07,0,0,0,7.73942e+07
85.139,85.139,3.75599,0,0.02,2.60597,2.66838,0,0.488207,4.47552,4.39666e+06,3.00878e+06,1.14576e+07,0,0,0,0,62.3362,61.308,3.41116,1,1,1.18649,1.21491,0,0.916399,2.1168,9.13716e+06,4.02164e+06,1.08412e+07,0,0,0,7.73942e+07
85.139,85.139,3.37647,0,0.02,2.60679,2.66921,0,0.488359,4.47552,4.39666e+06,3.00878e+06,1.14612e+07,0,0,0,0,62.3362,61.308,3.04818,1,1,1.18686,1.21528,0,0.916685,2.1168,9.13716e+06,4.02164e+06,1.08446e+07,0,0,0,7.73942e+07
85.1145,85.139,3.11281,0,0.02,2.7313,2.7967,0,0.488512,4.47552,4.39666e+06,3.00878e+06,1.20086e+07,0,0,0,0,62.3362,61.308,2.89462,1,1,1.25142,1.28139,0,0.916971,2.1168,9.13716e+06,4.02164e+06,1.14344e+07,0,0,0,7.73942e+07
85.139,85.139,3.14694,0,0.02,2.73215,2.79757,0,0.511845,4.47552,4.39666e+06,3.00878e+06,1.20123e+07,0,0,0,0,62.3362,61.308,2.91298,1,1,1.25181,1.28179,0,0.966849,2.1168,9.13716e+06,4.02164e+06,1.1438e+07,0,0,0,7.73942e+07
85.0886,85.139,2.98422,0,0.02,2.733,2.79844,0,0.512005,4.47552,4.39666e+06,3.00878e+06,1.20161e+07,0,0,0,0,62.2912,61.308,2.60879,1,1,1.2522,1.28219,0,0.967151,2.1168,9.13716e+06,4.02164e+06,1.14416e+07,0,0,0,7.73942e+07
84.7833,85.139,2.71741,0,0.02,2.73385,2.79932,0,0.512164,4.47552,4.39666e+06,3.00878e+06,1.20198e+07,0,0,0,0,62.3362,61.308,2.16504,1,1,1.25259,1.28259,0,0.967452,2.1168,9.13716e+06,4.02164e+06,1.14451e+07,0,0,0,7.73942e+07
84.1875,85.139,2.39907,0,0.02,2.73471,2.80019,0,0.512324,4.47552,4.39666e+06,3.00878e+06,1.20236e+07,0,0,0,0,62.3362,61.308,2.24186,1,1,1.25298,1.28299,0,0.967754,2.1168,9.13716e+06,4.02164e+06,1.14487e+07,0,0,0,7.73942e+07
84.2359,85.139,3.02437,0,0.02,2.71106,2.77598,0,0.512484,4.47552,4.39666e+06,3.00878e+06,1.19196e+07,0,0,0,0,62.3362,61.308,3.08379,1,1,1.28871,1.31957,0,0.968056,2.1168,9.13716e+06,4.02164e+06,1.17751e+07,0,0,0,7.73942e+07
84.9425,85.139,3.73404,0,0.02,2.7119,2.77684,0,0.508052,4.47552,4.39666e+06,3.00878e+06,1.19233e+07,0,0,0,0,62.3362,61.308,3.5469,1,1,1.28911,1.31998,0,0.995656,2.1168,9.13716e+06,4.02164e+06,1.17788e+07,0,0,0,7.73942e+07
85.139,85.139,3.44401,0,0.02,2.71275,2.77771,0,0.508211,4.47552,4.39666e+06,3.00878e+06,1.1927e+07,0,0,0,0,62.3362,61.308,3.36155,1,1,1.28951,1.32039,0,0.995967,2.1168,9.13716e+06,4.02164e+06,1.17825e+07,0,0,0,7.73942e+07
85.139,85.139,3.31779,0,0.02,2.71359,2.77857,0,0.508369,4.47552,4.39666e+06,3.00878e+06,1.19308e+07,0,0,0,0,62.3362,61.308,3.04664,1,1,1.28991,1.3208,0,0.996277,2.1168,9.13716e+06,4.02164e+06,1.17862e+07,0,0,0,7.73942e+07
85.139,85.139,3.17324,0,0.02,2.77779,2.84431,0,0.508528,4.47552,4.39666e+06,3.00878e+06,1.2213e+07,0,0,0,0,62.3362,61.308,2.89181,1,1,1.32185,1.3535,0,0.996588,2.1168,9.13716e+06,4.02164e+06,1.20779e+07,0,0,0,7.73942e+07
85.139,85.139,3.05992,0,0.02,2.77865,2.84519,0,0.520558,4.47552,4.39666e+06,3.00878e+06,1.22168e+07,0,0,0,0,62.3362,61.308,2.9309,1,1,1.32226,1.35392,0,1.02126,2.1168,9.13716e+06,4.02164e+06,1.20817e+07,0,0,0,7.73942e+07
85.0283,85.139,2.88657,0,0.02,2.77952,2.84608,0,0.52072,4.47552,4.39666e+06,3.00878e+06,1.22206e+07,0,0,0,0,62.3362,61.308,3.00693,1,1,1.32267,1.35434,0,1.02158,2.1168,9.13716e+06,4.02164e+06,1.20854e+07,0,0,0,7.73942e+07
84.7414,85.139,2.7014,0,0.02,2.78039,2.84697,0,0.520882,4.47552,4.39666e+06,3.00878e+06,1.22244e+07,0,0,0,0,62.3362,61.308,2.75859,1,1,1.32308,1.35476,0,1.02189,2.1168,9.13716e+06,4.02164e+06,1.20892e+07,0,0,0,7.73942e+07
84.2639,85.139,2.65475,0,0.02,2.967,3.03805,0,0.521044,4.47552,4.39666e+06,3.00878e+06,1.30449e+07,0,0,0,0,62.3362,61.308,2.95695,1,1,1.43744,1.47186,0,1.02221,2.1168,9.13716e+06,4.02164e+06,1.31341e+07,0,0,0,7.73942e+07
84.047,85.139,2.91113,0,0.02,2.96793,3.03899,0,0.556016,4.47552,4.39666e+06,3.00878e+06,1.3049e+07,0,0,0,0,62.3362,61.308,2.69012,1,1,1.43789,1.47232,0,1.11057,2.1168,9.13716e+06,4.02164e+06,1.31382e+07,0,0,0,7.73942e+07
83.7176,85.139,2.80768,0,0.02,2.96885,3.03994,0,0.556189,4.47552,4.39666e+06,3.00878e+06,1.3053e+07,0,0,0,0,62.3362,61.308,2.50082,1,1,1.43834,1.47278,0,1.11091,2.1168,9.13716e+06,4.02164e+06,1.31423e+07,0,0,0,7.73942e+07
83.217,85.139,2.63191,0,0.02,2.96977,3.04089,0,0.556362,4.47552,4.39666e+06,3.00878e+06,1.30571e+07,0,0,0,0,62.3362,61.308,3.19195,1,1,1.43879,1.47324,0,1.11126,2.1168,9.13716e+06,4.02164e+06,1.31464e+07,0,0,0,7.73942e+07
82.6006,85.139,2.50622,0,0.02,2.9707,3.04184,0,0.556536,4.47552,4.39666e+06,3.00878e+06,1.30612e+07,0,0,0,0,62.3362,61.308,3.12808,1,1,1.43923,1.4737,0,1.11161,2.1168,9.13716e+06,4.02164e+06,1.31505e+07,0,0,0,7.73942e+07
82.06,85.139,2.53334,0,0.02,2.88096,2.94994,0,0.556709,4.47552,4.39666e+06,3.00878e+06,1.26666e+07,0,0,0,0,62.3362,61.308,3.8332,1,1,1.37041,1.40323,0,1.11195,2.1168,9.13716e+06,4.02164e+06,1.25217e+07,0,0,0,7.73942e+07
81.1047,85.139,2.2431,0,0.02,2.88185,2.95086,0,0.539891,4.47552,4.39666e+06,3.00878e+06,1.26705e+07,0,0,0,0,62.3362,61.308,3.87066,1,1,1.37084,1.40366,0,1.05878,2.1168,9.13716e+06,4.02164e+06,1.25256e+07,0,0,0,7.73942e+07
79.8174,85.139,1.84832,0,0.02,2.88275,2.95178,0,0.540059,4.47552,4.39666e+06,3.00878e+06,1.26745e+07,0,0,0,0,62.3362,61.308,3.36115,1,1,1.37127,1.4041,0,1.05911,2.1168,9.13716e+06,4.02164e+06,1.25295e+07,0,0,0,7.73942e+07
79.3081,85.139,2.58217,0,0.02,2.88365,2.9527,0,0.540228,4.47552,4.39666e+06,3.00878e+06,1.26784e+07,0,0,0,0,62.3362,61.308,4.13468,1,1,1.37169,1.40454,0,1.05944,2.1168,9.13716e+06,4.02164e+06,1.25334e+07,0,0,0,7.73942e+07
85.139,85.139,9.94734,0.01,0.02,2.81003,2.87732,0,0.540396,4.47552,4.39666e+06,3.00878e+06,1.23548e+07,0,0,0,0,62.3362,61.308,7.47555,1,1,1.30899,1.34033,0,1.05977,2.1168,9.13716e+06,4.02164e+06,1.19604e+07,0,0,0,7.73942e+07
85.139,85.139,4.32333,0,0.02,2.81091,2.87822,0,0.5266,4.47552,4.39666e+06,3.00878e+06,1.23586e+07,0,0,0,0,62.3362,61.308,5.43537,1,1,1.3094,1.34075,0,1.01132,2.1168,9.13716e+06,4.02164e+06,1.19642e+07,0,0,0,7.73942e+07
85.139,85.139,3.6226,0,0.02,2.81178,2.87911,0,0.526764,4.47552,4.39666e+06,3.00878e+06,1.23624e+07,0,0,0,0,62.3362,61.308,5.0921,1,1,1.3098,1.34117,0,1.01164,2.1168,9.13716e+06,4.02164e+06,1.19679e+07,0,0,0,7.73942e+07
85.139,85.139,6.32415,0,0.02,2.81266,2.88001,0,0.526928,4.47552,4.39666e+06,3.00878e+06,1.23663e+07,0,0,0,0,62.3362,61.308,6.42716,1,1,1.31021,1.34158,0,1.01195,2.1168,9.13716e+06,4.02164e+06,1.19716e+07,0,0,0,7.73942e+07
85.139,85.139,4.79265,0,0.02,2.60164,2.66394,0,0.527092,4.47552,4.39666e+06,3.00878e+06,1.14385e+07,0,0,0,0,62.3362,61.308,4.97206,1,1,1.17897,1.2072,0,1.01227,2.1168,9.13716e+06,4.02164e+06,1.07724e+07,0,0,0,7.73942e+07
85.139,85.139,5.38529,0,0.02,2.60245,2.66477,0,0.487547,4.47552,4.39666e+06,3.00878e+06,1.14421e+07,0,0,0,0,62.3362,61.308,5.57445,1,1,1.17934,1.20758,0,0.910873,2.1168,9.13716e+06,4.02164e+06,1.07758e+07,0,0,0,7.73942e+07
85.139,85.139,6.80242,0,0.02,2.60326,2.6656,0,0.487699,4.47552,4.39666e+06,3.00878e+06,1.14456e+07,0,0,0,0,62.3362,61.308,4.90401,1,1,1.17971,1.20795,0,0.911157,2.1168,9.13716e+06,4.02164e+06,1.07792e+07,0,0,0,7.73942e+07
85.139,85.139,4.791,0,0.02,2.60407,2.66643,0,0.487851,4.47552,4.39666e+06,3.00878e+06,1.14492e+07,0,0,0,0,62.3362,61.308,3.95196,1,1,1.18007,1.20833,0,0.91144,2.1168,9.13716e+06,4.02164e+06,1.07825e+07,0,0,0,7.73942e+07
85.139,85.139,4.69404,0,0.02,2.60488,2.66725,0,0.488003,4.47552,4.39666e+06,3.00878e+06,1.14528e+07,0,0,0,0,62.3362,61.308,5.90454,1,1,1.18044,1.20871,0,0.911724,2.1168,9.13716e+06,4.02164e+06,1.07859e+07,0,0,0,7.73942e+07
85.139,85.139,7.87876,0,0.02,2.60488,2.66725,0,0.488154,4.47552,4.39666e+06,3.00878e+06,1.14528e+07,0,0,0,0,62.3362,61.308,6.89909,1,1,1.18044,1.20871,0,0.912007,2.1168,9.13716e+06,4.02164e+06,1.07859e+07,0,0,0,7.73942e+07
85.139,85.139,3.46003,0,0.02,2.6873,2.75165,0,0.488154,4.47552,4.39666e+06,3.00878e+06,1.18151e+07,0,0,0,0,62.3362,61.308,6.30347,1,1,1.21898,1.24817,0,0.912007,2.96352,9.13716e+06,4.02164e+06,1.1138e+07,0,0,0,7.73942e+07
84.6503,85.139,2.67989,0,0.02,2.6881,2.75247,0,0.5036,4.47552,4.39666e+06,3.00878e+06,1.18187e+07,0,0,0,0,62.3362,61.308,4.9716,1,1,1.21934,1.24854,0,0.941782,2.96352,9.13716e+06,4.02164e+06,1.11413e+07,0,0,0,7.73942e+07
84.6347,85.139,3.23319,0,0.02,2.68891,2.75329,0,0.50375,4.47552,4.39666e+06,3.00878e+06,1.18222e+07,0,0,0,0,62.3362,61.308,4.8325,1,1,1.21971,1.24891,0,0.942063,2.96352,9.13716e+06,4.02164e+06,1.11447e+07,0,0,0,7.73942e+07
83.7551,85.139,2.26207,0,0.02,2.68971,2.75412,0,0.503901,4.47552,4.39666e+06,3.00878e+06,1.18257e+07,0,0,0,0,62.3362,61.308,3.7799,1,1,1.22007,1.24929,0,0.942345,2.96352,9.13716e+06,4.02164e+06,1.1148e+07,0,0,0,7.73942e+07
82.7718,85.139,2.4013,0,0.02,2.95294,3.02365,0,0.504052,4.47552,4.39666e+06,3.00878e+06,1.29831e+07,0,0,0,0,62.3362,61.308,2.59309,1,1,1.36393,1.39659,0,0.942627,2.96352,9.13716e+06,4.02164e+06,1.24625e+07,0,0,0,7.73942e+07
82.4885,85.139,3.14875,0,0.02,2.95382,3.02456,0,0.553381,4.47552,4.39666e+06,3.00878e+06,1.2987e+07,0,0,0,0,62.3362,61.308,4.56327,1,1,1.36434,1.39701,0,1.05378,2.96352,9.13716e+06,4.02164e+06,1.24662e+07,0,0,0,7.73942e+07
82.6273,85.139,3.59297,0,0.02,2.95471,3.02546,0,0.553547,4.47552,4.39666e+06,3.00878e+06,1.29908e+07,0,0,0,0,62.3362,61.308,5.1537,1,1,1.36475,1.39743,0,1.05409,2.96352,9.13716e+06,4.02164e+06,1.24699e+07,0,0,0,7.73942e+07
82.8006,85.139,3.6609,0,0.02,2.95559,3.02636,0,0.553712,4.47552,4.39666e+06,3.00878e+06,1.29947e+07,0,0,0,0,62.3362,61.308,6.56874,1,1,1.36516,1.39785,0,1.05441,2.96352,9.13716e+06,4.02164e+06,1.24737e+07,0,0,0,7.73942e+07
84.2444,85.139,4.5522,0,0.02,2.58172,2.64354,0,0.553878,4.47552,4.39666e+06,3.00878e+06,1.1351e+07,0,0,0,0,62.3362,61.308,5.75007,1,1,1.17276,1.20084,0,1.05472,2.96352,9.13716e+06,4.02164e+06,1.07157e+07,0,0,0,7.73942e+07
85.139,85.139,5.00274,0,0.02,2.58249,2.64433,0,0.483815,4.47552,4.39666e+06,3.00878e+06,1.13544e+07,0,0,0,0,62.3362,61.308,6.45401,1,1,1.17311,1.2012,0,0.906074,2.96352,9.13716e+06,4.02164e+06,1.07189e+07,0,0,0,7.73942e+07
85.139,85.139,4.97065,0,0.02,2.58327,2.64512,0,0.483959,4.47552,4.39666e+06,3.00878e+06,1.13577e+07,0,0,0,0,62.3362,61.308,7.5397,1,1,1.17346,1.20156,0,0.906345,2.96352,9.13716e+06,4.02164e+06,1.07221e+07,0,0,0,7.73942e+07
85.139,85.139,7.00472,0,0.02,2.58404,2.64591,0,0.484104,4.47552,4.39666e+06,3.00878e+06,1.13611e+07,0,0,0,0,62.3362,61.308,7.98976,1,1,1.17381,1.20192,0,0.906616,2.96352,9.13716e+06,4.02164e+06,1.07253e+07,0,0,0,7.73942e+07
85.139,85.139,7.16216,0,0.02,2.58481,2.64671,0,0.484249,4.47552,4.39666e+06,3.00878e+06,1.13645e+07,0,0,0,0,62.3362,61.308,7.35992,1,1,1.17416,1.20228,0,0.906887,2.96352,9.13716e+06,4.02164e+06,1.07285e+07,0,0,0,7.73942e+07
85.139,85.139,4.36682,0,0.02,2.68005,2.74423,0,0.484393,4.47552,4.39666e+06,3.00878e+06,1.17833e+07,0,0,0,0,62.3362,61.308,3.81072,1,1,1.22175,1.25101,0,0.907158,2.96352,9.13716e+06,4.02164e+06,1.11633e+07,0,0,0,7.73942e+07
85.139,85.139,4.34108,0,0.02,2.68086,2.74505,0,0.502242,4.47552,4.39666e+06,3.00878e+06,1.17868e+07,0,0,0,0,62.3362,61.308,7.49274,1,1,1.22212,1.25138,0,0.943925,2.96352,9.13716e+06,4.02164e+06,1.11667e+07,0,0,0,7.73942e+07
85.139,85.139,3.91282,0,0.02,2.68166,2.74587,0,0.502392,4.47552,4.39666e+06,3.00878e+06,1.17903e+07,0,0,0,0,62.3362,61.308,5.75989,1,1,1.22248,1.25175,0,0.944207,2.96352,9.13716e+06,4.02164e+06,1.117e+07,0,0,0,7.73942e+07
85.0708,85.139,3.00522,0,0.02,2.68246,2.74669,0,0.502542,4.47552,4.39666e+06,3.00878e+06,1.17939e+07,0,0,0,0,62.3362,61.308,3.98706,1,1,1.22285,1.25213,0,0.944489,2.96352,9.13716e+06,4.02164e+06,1.11733e+07,0,0,0,7.73942e+07
85.1127,85.139,3.21444,0,0.02,2.64628,2.70964,0,0.502692,4.47552,4.39666e+06,3.00878e+06,1.16348e+07,0,0,0,0,62.3362,61.308,3.96305,1,1,1.20484,1.23369,0,0.944772,2.96352,9.13716e+06,4.02164e+06,1.10088e+07,0,0,0,7.73942e+07
84.9689,85.139,2.92715,0,0.02,2.64707,2.71045,0,0.495912,4.47552,4.39666e+06,3.00878e+06,1.16383e+07,0,0,0,0,62.3362,61.308,3.54244,1,1,1.2052,1.23406,0,0.930862,2.96352,9.13716e+06,4.02164e+06,1.10121e+07,0,0,0,7.73942e+07
84.7704,85.139,2.85251,0,0.02,2.64786,2.71126,0,0.49606,4.47552,4.39666e+06,3.00878e+06,1.16417e+07,0,0,0,0,62.3362,61.308,3.8641,1,1,1.20556,1.23443,0,0.93114,2.96352,9.13716e+06,4.02164e+06,1.10154e+07,0,0,0,7.73942e+07
84.3985,85.139,2.66304,0,0.02,2.64865,2.71207,0,0.496209,4.47552,4.39666e+06,3.00878e+06,1.16452e+07,0,0,0,0,62.3362,61.308,3.53978,1,1,1.20592,1.2348,0,0.931418,2.96352,9.13716e+06,4.02164e+06,1.10187e+07,0,0,0,7.73942e+07
83.9183,85.139,2.64388,0,0.02,2.77512,2.84157,0,0.496357,4.47552,4.39666e+06,3.00878e+06,1.22013e+07,0,0,0,0,62.3362,61.308,3.21554,1,1,1.2715,1.30195,0,0.931696,2.96352,9.13716e+06,4.02164e+06,1.16179e+07,0,0,0,7.73942e+07
83.1214,85.139,2.24642,0,0.02,2.77595,2.84242,0,0.520058,4.47552,4.39666e+06,3.00878e+06,1.22049e+07,0,0,0,0,62.3362,61.308,3.03045,1,1,1.27188,1.30234,0,0.982362,2.96352,9.13716e+06,4.02164e+06,1.16214e+07,0,0,0,7.73942e+07
82.2169,85.139,2.10896,0,0.02,2.77678,2.84327,0,0.520213,4.47552,4.39666e+06,3.00878e+06,1.22086e+07,0,0,0,0,62.3362,61.308,3.06873,1,1,1.27226,1.30273,0,0.982655,2.96352,9.13716e+06,4.02164e+06,1.16248e+07,0,0,0,7.73942e+07
81.2402,85.139,2.02436,0,0.02,2.77761,2.84412,0,0.520368,4.47552,4.39666e+06,3.00878e+06,1.22122e+07,0,0,0,0,62.3362,61.308,2.97224,1,1,1.27264,1.30312,0,0.982949,2.96352,9.13716e+06,4.02164e+06,1.16283e+07,0,0,0,7.73942e+07
80.0107,85.139,1.73266,0,0.02,2.77844,2.84497,0,0.520524,4.47552,4.39666e+06,3.00878e+06,1.22158e+07,0,0,0,0,62.2963,61.308,2.52284,1,1,1.27302,1.3035,0,0.983242,2.96352,9.13716e+06,4.02164e+06,1.16318e+07,0,0,0,7.73942e+07
78.3452,85.139,1.20117,0,0.02,2.75437,2.82033,0,0.520679,4.47552,4.39666e+06,3.00878e+06,1.211e+07,0,0,0,0,62.2152,61.308,1.72977,1,1,1.3093,1.34065,0,0.983536,2.96352,9.13716e+06,4.02164e+06,1.19633e+07,0,0,0,7.73942e+07
76.5885,85.139,1.09821,0,0.02,2.7552,2.82117,0,0.51617,4.47552,4.39666e+06,3.00878e+06,1.21137e+07,0,0,0,0,61.9801,61.308,1.74265,1,1,1.30969,1.34105,0,1.01156,2.96352,9.13716e+06,4.02164e+06,1.19668e+07,0,0,0,7.73942e+07
74.7411,85.139,0.991366,0,0.02,2.75602,2.82201,0,0.516324,4.47552,4.39666e+06,3.00878e+06,1.21173e+07,0,0,0,0,61.7005,61.308,1.54616,1,1,1.31008,1.34145,0,1.01187,2.96352,9.13716e+06,4.02164e+06,1.19704e+07,0,0,0,7.73942e+07
72.8873,85.139,0.944822,0,0.02,2.75684,2.82285,0,0.516478,4.47552,4.39666e+06,3.00878e+06,1.21209e+07,0,0,0,0,61.2035,61.308,1.50965,1,1,1.31047,1.34185,0,1.01217,2.96352,9.13716e+06,4.02164e+06,1.1974e+07,0,0,0,7.73942e+07
70.8752,85.139,0.810408,0,0.02,2.82202,2.8896,0,0.516632,4.47552,4.39666e+06,3.00878e+06,1.24075e+07,0,0,0,0,60.738,61.308,1.36874,1,1,1.34289,1.37505,0,1.01247,2.96352,9.13716e+06,4.02164e+06,1.22702e+07,0,0,0,7.73942e+07
68.865,85.139,0.809286,0,0.02,2.82286,2.89046,0,0.528847,4.47552,4.39666e+06,3.00878e+06,1.24112e+07,0,0,0,0,60.2615,61.308,1.42654,1,1,1.34329,1.37546,0,1.03752,2.96352,9.13716e+06,4.02164e+06,1.22739e+07,0,0,0,7.73942e+07
66.8228,85.139,0.750588,0,0.02,2.8237,2.89132,0,0.529004,4.47552,4.39666e+06,3.00878e+06,1.24149e+07,0,0,0,0,59.5988,61.308,1.38178,1,1,1.3437,1.37587,0,1.03783,2.96352,9.13716e+06,4.02164e+06,1.22776e+07,0,0,0,7.73942e+07
64.7346,85.139,0.683423,0.01,0.02,2.82455,2.89218,0,0.529162,4.47552,4.39666e+06,3.00878e+06,1.24186e+07,0,0,0,0,59.2861,61.308,1.20327,1,1,1.3441,1.37628,0,1.03814,2.96352,9.13716e+06,4.02164e+06,1.22812e+07,0,0,0,7.73942e+07
62.604,85.139,0.766145,0.01,0.02,3.01408,3.08626,0,0.52932,4.47552,4.39666e+06,3.00878e+06,1.32519e+07,0,0,0,0,58.6951,61.308,1.67412,1,1,1.46025,1.49522,0,1.03845,2.96352,9.13716e+06,4.02164e+06,1.33426e+07,0,0,0,7.73942e+07
60.3545,85.139,0.636141,0.01,0.02,3.01498,3.08718,0,0.564839,4.47552,4.39666e+06,3.00878e+06,1.32559e+07,0,0,0,0,58.2739,61.308,1.33315,1,1,1.46069,1.49567,0,1.12819,2.96352,9.13716e+06,4.02164e+06,1.33465e+07,0,0,0,7.73942e+07
58.2039,85.139,0.716433,0.02,0.02,3.01588,3.0881,0,0.565008,4.47552,4.39666e+06,3.00878e+06,1.32598e+07,0,0,0,0,57.6221,61.308,1.6663,1,1,1.46112,1.49611,0,1.12853,2.96352,9.13716e+06,4.02164e+06,1.33505e+07,0,0,0,7.73942e+07
55.9375,85.139,0.577153,0.02,0.02,3.01678,3.08902,0,0.565176,4.47552,4.39666e+06,3.00878e+06,1.32638e+07,0,0,0,0,57.1693,61.308,1.19862,1,1,1.46156,1.49656,0,1.12886,2.96352,9.13716e+06,4.02164e+06,1.33545e+07,0,0,0,7.73942e+07
53.8215,85.139,0.701408,0.02,0.02,3.01768,3.08994,0,0.565345,4.47552,4.39666e+06,3.00878e+06,1.32677e+07,0,0,0,0,56.3452,61.308,2.01173,1,1,1.46199,1.497,0,1.1292,2.96352,9.13716e+06,4.02164e+06,1.33585e+07,0,0,0,7.73942e+07
51.7598,85.139,0.70038,0.02,0.02,2.92648,2.99656,0,0.565513,4.47552,4.39666e+06,3.00878e+06,1.28667e+07,0,0,0,0,55.827,61.308,0.914603,1,1,1.39207,1.4254,0,1.12954,2.96352,9.13716e+06,4.02164e+06,1.27195e+07,0,0,0,7.73942e+07
49.6553,85.139,0.621146,0.02,0.02,2.92735,2.99745,0,0.548422,4.47552,4.39666e+06,3.00878e+06,1.28706e+07,0,0,0,0,54.9528,61.308,1.46813,1,1,1.39248,1.42583,0,1.07551,2.96352,9.13716e+06,4.02164e+06,1.27233e+07,0,0,0,7.73942e+07
47.5148,85.139,0.553107,0.03,0.02,2.92823,2.99834,0,0.548586,4.47552,4.39666e+06,3.00878e+06,1.28744e+07,0,0,0,0,53.879,61.308,0.875673,1,1,1.3929,1.42625,0,1.07583,2.96352,9.13716e+06,4.02164e+06,1.27271e+07,0,0,0,7.73942e+07
45.3325,85.139,0.471964,0.02,0.02,2.9291,2.99924,0,0.548749,4.47552,4.39666e+06,3.00878e+06,1.28783e+07,0,0,0,0,53.2637,61.308,0.796528,1,1,1.39331,1.42668,0,1.07615,2.96352,9.13716e+06,4.02164e+06,1.27309e+07,0,0,0,7.73942e+07
43.9853,85.139,1.28045,0.03,0.02,2.85428,2.92263,0,0.548913,4.47552,4.39666e+06,3.00878e+06,1.25493e+07,0,0,0,0,53.0642,61.308,1.42928,1,1,1.3296,1.36144,0,1.07647,2.96352,9.13716e+06,4.02164e+06,1.21488e+07,0,0,0,7.73942e+07
43.6732,85.139,2.31905,0.03,0.02,2.85513,2.9235,0,0.534893,4.47552,4.39666e+06,3.00878e+06,1.25531e+07,0,0,0,0,53.2715,61.308,2.87907,1,1,1.33,1.36185,0,1.02725,2.96352,9.13716e+06,4.02164e+06,1.21524e+07,0,0,0,7.73942e+07
42.5649,85.139,1.49335,0.03,0.02,2.85598,2.92437,0,0.535052,4.47552,4.39666e+06,3.00878e+06,1.25568e+07,0,0,0,0,53.2934,61.308,2.40888,1,1,1.33039,1.36225,0,1.02756,2.96352,9.13716e+06,4.02164e+06,1.2156e+07,0,0,0,7.73942e+07
42.7971,85.139,2.95215,0.02,0.02,2.85683,2.92524,0,0.535211,4.47552,4.39666e+06,3.00878e+06,1.25605e+07,0,0,0,0,53.3716,61.308,2.59602,1,1,1.33079,1.36266,0,1.02786,2.96352,9.13716e+06,4.02164e+06,1.21596e+07,0,0,0,7.73942e+07
45.6268,85.139,5.45343,0.02,0.02,2.64247,2.70574,0,0.535371,4.47552,4.39666e+06,3.00878e+06,1.1618e+07,0,0,0,0,53.6877,61.308,3.94709,1,1,1.19747,1.22615,0,1.02817,2.96352,9.13716e+06,4.02164e+06,1.09415e+07,0,0,0,7.73942e+07
48.7124,85.139,5.79395,0.02,0.02,2.64326,2.70655,0,0.495199,4.47552,4.39666e+06,3.00878e+06,1.16215e+07,0,0,0,0,54.5847,61.308,5.57866,1,1,1.19783,1.22651,0,0.925168,2.96352,9.13716e+06,4.02164e+06,1.09448e+07,0,0,0,7.73942e+07
50.1815,85.139,4.21211,0.02,0.02,2.64404,2.70736,0,0.495346,4.47552,4.39666e+06,3.00878e+06,1.1625e+07,0,0,0,0,54.9334,61.308,3.54487,1,1,1.19819,1.22688,0,0.925444,2.96352,9.13716e+06,4.02164e+06,1.0948e+07,0,0,0,7.73942e+07
53.0299,85.139,5.6418,0.02,0.02,2.64483,2.70816,0,0.495494,4.47552,4.39666e+06,3.00878e+06,1.16284e+07,0,0,0,0,55.8147,61.308,4.76816,1,1,1.19854,1.22724,0,0.925719,2.96352,9.13716e+06,4.02164e+06,1.09513e+07,0,0,0,7.73942e+07
54.9761,85.139,4.95456,0.02,0.02,2.64562,2.70897,0,0.495641,4.47552,4.39666e+06,3.00878e+06,1.16319e+07,0,0,0,0,56.7337,61.308,3.80612,1,1,1.1989,1.22761,0,0.925995,2.96352,9.13716e+06,4.02164e+06,1.09545e+07,0,0,0,7.73942e+07
54.297,85.139,2.20919,0.02,0.04,2.72929,2.79464,0,0.495789,4.47552,4.39666e+06,3.00878e+06,1.19998e+07,0,0,0,0,57.2177,61.308,2.54191,1,0,1.23803,1.26767,0,0.926271,2.96352,9.13716e+06,4.02164e+06,1.1312e+07,0,0,0,7.73942e+07
53.3881,85.139,1.94683,0.02,0.04,2.73007,2.79544,0,0.511469,4.47552,4.39666e+06,3.00878e+06,1.20032e+07,0,0,0,0,57.5356,61.308,2.33618,1,0,1.23838,1.26803,0,0.956498,2.96352,9.13716e+06,4.02164e+06,1.13153e+07,0,0,0,7.73942e+07
53.7693,85.139,3.29704,0.02,0.04,2.73085,2.79624,0,0.511615,4.47552,4.39666e+06,3.00878e+06,1.20066e+07,0,0,0,0,57.9581,61.308,2.72598,1,0,1.23873,1.2684,0,0.956772,2.96352,9.13716e+06,4.02164e+06,1.13185e+07,0,0,0,7.73942e+07
55.193,85.139,4.34923,0.02,0.04,2.73163,2.79704,0,0.511761,4.47552,4.39666e+06,3.00878e+06,1.20101e+07,0,0,0,0,59.1828,61.308,6.62014,1,0,1.23909,1.26876,0,0.957045,2.96352,9.13716e+06,4.02164e+06,1.13217e+07,0,0,0,7.73942e+07
56.0672,85.139,4.12496,0.02,0.04,2.99893,3.07074,0,0.511908,4.47552,4.39666e+06,3.00878e+06,1.31853e+07,0,0,0,0,60.0751,61.308,4.12108,1,0,1.38517,1.41834,0,0.957319,2.96352,9.13716e+06,4.02164e+06,1.26565e+07,0,0,0,7.73942e+07
56.7846,85.139,3.95469,0.02,0.04,2.99978,3.07161,0,0.561999,4.47552,4.39666e+06,3.00878e+06,1.3189e+07,0,0,0,0,60.5857,61.308,3.18896,1,0,1.38557,1.41875,0,1.07018,2.96352,9.13716e+06,4.02164e+06,1.26602e+07,0,0,0,7.73942e+07
56.949,85.139,3.37847,0.02,0.04,3.00064,3.07249,0,0.562159,4.47552,4.39666e+06,3.00878e+06,1.31928e+07,0,0,0,0,61.2218,61.308,3.49175,1,0,1.38597,1.41915,0,1.07049,2.96352,9.13716e+06,4.02164e+06,1.26638e+07,0,0,0,7.73942e+07
57.7233,85.139,3.98365,0.02,0.04,3.0015,3.07337,0,0.56232,4.47552,4.39666e+06,3.00878e+06,1.31966e+07,0,0,0,0,61.7572,61.308,3.48791,1,0,1.38636,1.41956,0,1.0708,2.96352,9.13716e+06,4.02164e+06,1.26674e+07,0,0,0,7.73942e+07
59.4224,85.139,4.6195,0.02,0.04,2.62179,2.68457,0,0.562481,4.47552,4.39666e+06,3.00878e+06,1.15271e+07,0,0,0,0,62.0749,61.308,2.94582,1,0,1.19096,1.21948,0,1.0711,2.96352,9.13716e+06,4.02164e+06,1.0882e+07,0,0,0,7.73942e+07
61.142,85.139,4.76757,0.02,0.04,2.62254,2.68533,0,0.491323,4.47552,4.39666e+06,3.00878e+06,1.15304e+07,0,0,0,0,61.9186,61.308,1.94837,1,0,1.1913,1.21983,0,0.920135,2.96352,9.13716e+06,4.02164e+06,1.08851e+07,0,0,0,7.73942e+07
61.5085,85.139,3.34075,0.02,0.04,2.62329,2.6861,0,0.491463,4.47552,4.39666e+06,3.00878e+06,1.15337e+07,0,0,0,0,62.3362,61.308,1.94431,1,0,1.19164,1.22018,0,0.920398,2.96352,9.13716e+06,4.02164e+06,1.08882e+07,0,0,0,7.73942e+07
63.0159,85.139,4.60412,0.02,0.04,2.62403,2.68687,0,0.491604,4.47552,4.39666e+06,3.00878e+06,1.1537e+07,0,0,0,0,62.1831,61.308,2.77811,1,0,1.19198,1.22052,0,0.920661,2.96352,9.13716e+06,4.02164e+06,1.08913e+07,0,0,0,7.73942e+07
64.4807,85.139,4.44792,0.02,0.04,2.62478,2.68764,0,0.491744,4.47552,4.39666e+06,3.00878e+06,1.15403e+07,0,0,0,0,62.3362,61.308,2.339,1,0,1.19232,1.22087,0,0.920924,2.96352,9.13716e+06,4.02164e+06,1.08944e+07,0,0,0,7.73942e+07
65.2682,85.139,3.89294,0.02,0.04,2.72147,2.78663,0,0.491885,4.47552,4.39666e+06,3.00878e+06,1.19654e+07,0,0,0,0,62.3362,61.308,2.52168,1,0,1.24063,1.27034,0,0.921187,2.96352,9.13716e+06,4.02164e+06,1.13358e+07,0,0,0,7.73942e+07
66.7417,85.139,4.63345,0.02,0.04,2.72224,2.78743,0,0.510003,4.47552,4.39666e+06,3.00878e+06,1.19688e+07,0,0,0,0,62.1696,61.308,3.21762,1,0,1.24098,1.2707,0,0.95851,2.96352,9.13716e+06,4.02164e+06,1.13391e+07,0,0,0,7.73942e+07
66.9369,85.139,3.25976,0.02,0.04,2.72302,2.78822,0,0.510148,4.47552,4.39666e+06,3.00878e+06,1.19722e+07,0,0,0,0,62.212,61.308,1.94631,1,0,1.24134,1.27106,0,0.958784,2.96352,9.13716e+06,4.02164e+06,1.13423e+07,0,0,0,7.73942e+07
66.8436,85.139,2.98791,0.02,0.04,2.7238,2.78902,0,0.510294,4.47552,4.39666e+06,3.00878e+06,1.19756e+07,0,0,0,0,62.3362,61.308,2.04189,1,0,1.24169,1.27143,0,0.959058,2.96352,9.13716e+06,4.02164e+06,1.13455e+07,0,0,0,7.73942e+07
67.0672,85.139,3.17925,0.02,0.04,2.68702,2.75137,0,0.51044,4.47552,4.39666e+06,3.00878e+06,1.18139e+07,0,0,0,0,62.3362,61.308,3.00972,1,0,1.2234,1.25269,0,0.959332,2.96352,9.13716e+06,4.02164e+06,1.11784e+07,0,0,0,7.73942e+07
66.7773,85.139,2.62544,0.01,0.04,2.68779,2.75215,0,0.503548,4.47552,4.39666e+06,3.00878e+06,1.18173e+07,0,0,0,0,62.3362,61.308,2.89743,1,0,1.22375,1.25305,0,0.945196,2.96352,9.13716e+06,4.02164e+06,1.11816e+07,0,0,0,7.73942e+07
66.2264,85.139,2.35354,0.01,0.04,2.68856,2.75294,0,0.503692,4.47552,4.39666e+06,3.00878e+06,1.18207e+07,0,0,0,0,62.3362,61.308,2.25363,1,0,1.22409,1.25341,0,0.945465,2.96352,9.13716e+06,4.02164e+06,1.11847e+07,0,0,0,7.73942e+07
66.1646,85.139,2.84965,0.01,0.04,2.68933,2.75372,0,0.503836,4.47552,4.39666e+06,3.00878e+06,1.18241e+07,0,0,0,0,62.3362,61.308,2.33288,1,0,1.22444,1.25376,0,0.945735,2.96352,9.13716e+06,4.02164e+06,1.11879e+07,0,0,0,7.73942e+07
65.467,85.139,2.23505,0.01,0.04,2.8177,2.88517,0,0.50398,4.47552,4.39666e+06,3.00878e+06,1.23885e+07,0,0,0,0,62.3362,61.308,2.53756,1,0,1.29101,1.32193,0,0.946005,2.96352,9.13716e+06,4.02164e+06,1.17962e+07,0,0,0,7.73942e+07
64.6339,85.139,2.07222,0.01,0.04,2.81851,2.886,0,0.528038,4.47552,4.39666e+06,3.00878e+06,1.2392e+07,0,0,0,0,62.3362,61.308,2.42508,1,0,1.29138,1.3223,0,0.997436,2.96352,9.13716e+06,4.02164e+06,1.17995e+07,0,0,0,7.73942e+07
63.7057,85.139,1.94483,0,0.04,2.81931,2.88682,0,0.528188,4.47552,4.39666e+06,3.00878e+06,1.23956e+07,0,0,0,0,62.3362,61.308,2.46264,1,0,1.29175,1.32268,0,0.997721,2.96352,9.13716e+06,4.02164e+06,1.18029e+07,0,0,0,7.73942e+07
62.7156,85.139,1.86629,0,0.04,2.82012,2.88765,0,0.528339,4.47552,4.39666e+06,3.00878e+06,1.23991e+07,0,0,0,0,62.3362,61.308,2.39778,1,0,1.29212,1.32306,0,0.998005,2.96352,9.13716e+06,4.02164e+06,1.18063e+07,0,0,0,7.73942e+07
61.6544,85.139,1.77343,0,0.04,2.82092,2.88847,0,0.52849,4.47552,4.39666e+06,3.00878e+06,1.24026e+07,0,0,0,0,62.3362,61.308,2.24579,1,0,1.29249,1.32344,0,0.99829,2.96352,9.13716e+06,4.02164e+06,1.18097e+07,0,0,0,7.73942e+07
60.7335,85.139,1.85844,0,0.04,2.79645,2.86342,0,0.528641,4.47552,4.39666e+06,3.00878e+06,1.22951e+07,0,0,0,0,62.3362,61.308,2.14193,1,0,1.3293,1.36113,0,0.998575,2.96352,9.13716e+06,4.02164e+06,1.2146e+07,0,0,0,7.73942e+07
59.6893,85.139,1.72527,0.01,0.04,2.79725,2.86423,0,0.524055,4.47552,4.39666e+06,3.00878e+06,1.22986e+07,0,0,0,0,62.2621,61.308,2.09312,1,0,1.32968,1.36152,0,1.02702,2.96352,9.13716e+06,4.02164e+06,1.21495e+07,0,0,0,7.73942e+07
58.5064,85.139,1.57271,0.01,0.04,2.79805,2.86505,0,0.524205,4.47552,4.39666e+06,3.00878e+06,1.23021e+07,0,0,0,0,62.2122,61.308,1.91967,1,0,1.33006,1.36191,0,1.02731,2.96352,9.13716e+06,4.02164e+06,1.2153e+07,0,0,0,7.73942e+07
57.2197,85.139,1.43667,0.01,0.04,2.79885,2.86587,0,0.524354,4.47552,4.39666e+06,3.00878e+06,1.23056e+07,0,0,0,0,62.2064,61.308,1.83581,1,0,1.33044,1.3623,0,1.0276,2.96352,9.13716e+06,4.02164e+06,1.21564e+07,0,0,0,7.73942e+07
56.01,85.139,1.53717,0.01,0.04,2.86498,2.93359,0,0.524504,4.47552,4.39666e+06,3.00878e+06,1.25964e+07,0,0,0,0,62.0514,61.308,1.7941,1,0,1.36334,1.39598,0,1.0279,2.96352,9.13716e+06,4.02164e+06,1.2457e+07,0,0,0,7.73942e+07
54.7946,85.139,1.51849,0.02,0.04,2.8658,2.93442,0,0.536898,4.47552,4.39666e+06,3.00878e+06,1.26e+07,0,0,0,0,61.7656,61.308,1.75346,1,0,1.36373,1.39638,0,1.05332,2.96352,9.13716e+06,4.02164e+06,1.24606e+07,0,0,0,7.73942e+07
53.4282,85.139,1.34769,0.02,0.04,2.86662,2.93526,0,0.537051,4.47552,4.39666e+06,3.00878e+06,1.26035e+07,0,0,0,0,61.415,61.308,1.597,1,0,1.36412,1.39678,0,1.05362,2.96352,9.13716e+06,4.02164e+06,1.24641e+07,0,0,0,7.73942e+07
51.9645,85.139,1.22137,0.02,0.04,2.86743,2.9361,0,0.537204,4.47552,4.39666e+06,3.00878e+06,1.26071e+07,0,0,0,0,61.0076,61.308,1.55987,1,0,1.3645,1.39718,0,1.05392,2.96352,9.13716e+06,4.02164e+06,1.24677e+07,0,0,0,7.73942e+07
50.2359,85.139,1.07581,0.02,0.04,3.05981,3.13308,0,0.537357,4.47552,4.39666e+06,3.00878e+06,1.34529e+07,0,0,0,0,60.4396,61.308,1.48268,1,0,1.48241,1.5179,0,1.05422,2.96352,9.13716e+06,4.02164e+06,1.3545e+07,0,0,0,7.73942e+07
48.7244,85.139,1.2707,0.02,0.04,3.06068,3.13397,0,0.573408,4.47552,4.39666e+06,3.00878e+06,1.34568e+07,0,0,0,0,59.8158,61.308,1.43181,1,0,1.48283,1.51834,0,1.14531,2.96352,9.13716e+06,4.02164e+06,1.35488e+07,0,0,0,7.73942e+07
47.09,85.139,1.14014,0.02,0.04,3.06156,3.13487,0,0.573572,4.47552,4.39666e+06,3.00878e+06,1.34606e+07,0,0,0,0,59.2295,61.308,1.37228,1,0,1.48325,1.51877,0,1.14563,2.96352,9.13716e+06,4.02164e+06,1.35527e+07,0,0,0,7.73942e+07
45.5071,85.139,1.15188,0.03,0.04,3.06243,3.13576,0,0.573735,4.47552,4.39666e+06,3.00878e+06,1.34645e+07,0,0,0,0,58.9492,61.308,1.49002,1,0,1.48367,1.5192,0,1.14596,2.96352,9.13716e+06,4.02164e+06,1.35566e+07,0,0,0,7.73942e+07
43.9447,85.139,1.16264,0.03,0.04,3.0633,3.13665,0,0.573899,4.47552,4.39666e+06,3.00878e+06,1.34683e+07,0,0,0,0,58.4617,61.308,1.73406,1,0,1.4841,1.51963,0,1.14629,2.96352,9.13716e+06,4.02164e+06,1.35604e+07,0,0,0,7.73942e+07
42.4273,85.139,1.15302,0.04,0.04,2.97068,3.04182,0,0.574062,4.47552,4.39666e+06,3.00878e+06,1.30611e+07,0,0,0,0,58.3266,61.308,1.54124,1,0,1.41309,1.44693,0,1.14661,2.96352,9.13716e+06,4.02164e+06,1.29116e+07,0,0,0,7.73942e+07
40.7632,85.139,0.995628,0.04,0.04,2.97153,3.04268,0,0.556706,4.47552,4.39666e+06,3.00878e+06,1.30648e+07,0,0,0,0,58.1954,61.308,2.50748,1,0,1.4135,1.44734,0,1.09176,2.96352,9.13716e+06,4.02164e+06,1.29153e+07,0,0,0,7.73942e+07
38.9769,85.139,0.873379,0.05,0.04,2.97237,3.04355,0,0.556864,4.47552,4.39666e+06,3.00878e+06,1.30685e+07,0,0,0,0,57.6305,61.308,1.43804,1,0,1.4139,1.44775,0,1.09207,2.96352,9.13716e+06,4.02164e+06,1.2919e+07,0,0,0,7.73942e+07
37.1703,85.139,0.84598,0.05,0.04,2.97322,3.04442,0,0.557023,4.47552,4.39666e+06,3.00878e+06,1.30722e+07,0,0,0,0,57.2014,61.308,1.31959,1,0,1.4143,1.44817,0,1.09238,2.96352,9.13716e+06,4.02164e+06,1.29227e+07,0,0,0,7.73942e+07
35.8574,85.139,1.29904,0.05,0.04,2.89724,2.96662,0,0.557182,4.47552,4.39666e+06,3.00878e+06,1.27382e+07,0,0,0,0,56.9542,61.308,1.6411,1,0,1.34961,1.38193,0,1.09269,2.96352,9.13716e+06,4.02164e+06,1.23316e+07,0,0,0,7.73942e+07
35.0994,85.139,1.8919,0.05,0.04,2.89807,2.96746,0,0.542943,4.47552,4.39666e+06,3.00878e+06,1.27418e+07,0,0,0,0,56.2758,61.308,1.42369,1,0,1.35,1.38232,0,1.04271,2.96352,9.13716e+06,4.02164e+06,1.23351e+07,0,0,0,7.73942e+07
34.0174,85.139,1.57257,0.04,0.04,2.89889,2.96831,0,0.543098,4.47552,4.39666e+06,3.00878e+06,1.27454e+07,0,0,0,0,56.0783,61.308,1.02725,1,0,1.35038,1.38272,0,1.04301,2.96352,9.13716e+06,4.02164e+06,1.23387e+07,0,0,0,7.73942e+07
33.6942,85.139,2.37114,0.07,0.04,2.89972,2.96915,0,0.543252,4.47552,4.39666e+06,3.00878e+06,1.27491e+07,0,0,0,0,56.3377,61.308,2.8187,1,0,1.35077,1.38311,0,1.04331,2.96352,9.13716e+06,4.02164e+06,1.23422e+07,0,0,0,7.73942e+07
36.7537,85.139,5.7192,0.08,0.04,2.6821,2.74632,0,0.543407,4.47552,4.39666e+06,3.00878e+06,1.17923e+07,0,0,0,0,57.6351,61.308,4.9566,1,0,1.21543,1.24454,0,1.0436,2.96352,9.13716e+06,4.02164e+06,1.11056e+07,0,0,0,7.73942e+07
37.5763,85.139,3.40858,0.05,0.04,2.68286,2.74711,0,0.502625,4.47552,4.39666e+06,3.00878e+06,1.17956e+07,0,0,0,0,58.1313,61.308,2.53158,1,0,1.21578,1.24489,0,0.939043,2.96352,9.13716e+06,4.02164e+06,1.11088e+07,0,0,0,7.73942e+07
38.8099,85.139,3.77008,0.06,0.04,2.68363,2.74789,0,0.502768,4.47552,4.39666e+06,3.00878e+06,1.1799e+07,0,0,0,0,58.6245,61.308,2.64629,1,0,1.21612,1.24525,0,0.939311,2.96352,9.13716e+06,4.02164e+06,1.11119e+07,0,0,0,7.73942e+07
40.4122,85.139,4.25981,0.08,0.04,2.68439,2.74867,0,0.502912,4.47552,4.39666e+06,3.00878e+06,1.18024e+07,0,0,0,0,59.0634,61.308,2.65378,1,0,1.21647,1.2456,0,0.939578,2.96352,9.13716e+06,4.02164e+06,1.11151e+07,0,0,0,7.73942e+07
48.912,85.139,11.2513,0.05,0.04,2.68515,2.74945,0,0.503055,4.47552,4.39666e+06,3.00878e+06,1.18057e+07,0,0,0,2.73962e+08,60.3059,61.308,4.35505,1,0,1.21682,1.24595,0,0.939845,2.96352,9.13716e+06,4.02164e+06,1.11183e+07,0,0,0,7.73942e+07
49.5842,85.139,3.44111,0.04,0.04,2.77004,2.83637,0,0.503198,4.47552,4.39666e+06,3.00878e+06,1.21789e+07,0,0,0,2.73962e+08,60.8244,61.308,3.2636,1,0,1.25651,1.2866,0,0.940113,2.96352,9.13716e+06,4.02164e+06,1.14809e+07,0,0,0,7.73942e+07
50.5434,85.139,3.66402,0.04,0.04,2.7708,2.83715,0,0.519106,4.47552,4.39666e+06,3.00878e+06,1.21823e+07,0,0,0,2.73962e+08,61.34,61.308,3.42446,1,0,1.25685,1.28695,0,0.97078,2.96352,9.13716e+06,4.02164e+06,1.14841e+07,0,0,0,7.73942e+07
52.8766,85.139,5.16442,0.04,0.04,2.77155,2.83792,0,0.519247,4.47552,4.39666e+06,3.00878e+06,1.21856e+07,0,0,0,2.73962e+08,61.7583,61.308,3.0243,1,0,1.2572,1.2873,0,0.971045,2.96352,9.13716e+06,4.02164e+06,1.14872e+07,0,0,0,7.73942e+07
54.4464,85.139,4.46697,0.02,0.04,2.77231,2.83869,0,0.519389,4.47552,4.39666e+06,3.00878e+06,1.21889e+07,0,0,0,2.73962e+08,62.1325,61.308,2.97064,1,0,1.25754,1.28765,0,0.97131,2.96352,9.13716e+06,4.02164e+06,1.14903e+07,0,0,0,7.73942e+07
55.1717,85.139,3.81303,0.02,0.04,3.04355,3.11643,0,0.519531,4.47552,4.39666e+06,3.00878e+06,1.33814e+07,0,0,0,2.73962e+08,62.3362,61.308,4.65987,1,0,1.40578,1.43945,0,0.971575,2.96352,9.13716e+06,4.02164e+06,1.28449e+07,0,0,0,7.73942e+07
58.6218,85.139,6.77853,0.02,0.04,3.04438,3.11728,0,0.57036,4.47552,4.39666e+06,3.00878e+06,1.33851e+07,0,0,0,2.73962e+08,62.3362,61.308,4.56469,1,0,1.40617,1.43984,0,1.08611,2.96352,9.13716e+06,4.02164e+06,1.28484e+07,0,0,0,7.73942e+07
61.7876,85.139,6.66829,0.02,0.04,3.04521,3.11813,0,0.570516,4.47552,4.39666e+06,3.00878e+06,1.33887e+07,0,0,0,2.73962e+08,62.3362,61.308,4.16815,1,0,1.40655,1.44023,0,1.0864,2.96352,9.13716e+06,4.02164e+06,1.28519e+07,0,0,0,7.73942e+07
65.1115,85.139,6.60379,0.02,0.04,3.04604,3.11898,0,0.570672,4.47552,4.39666e+06,3.00878e+06,1.33924e+07,0,0,0,2.73962e+08,62.3362,61.308,4.68954,1,0,1.40693,1.44062,0,1.0867,2.96352,9.13716e+06,4.02164e+06,1.28554e+07,0,0,0,7.73942e+07
68.64,85.139,6.58587,0.02,0.04,2.66066,2.72437,0,0.570827,4.47552,4.39666e+06,3.00878e+06,1.1698e+07,0,0,0,2.73962e+08,62.3362,61.308,5.93706,1,0,1.20862,1.23756,0,1.087,2.96352,9.13716e+06,4.02164e+06,1.10433e+07,0,0,0,7.73942e+07
71.262,85.139,5.72585,0.01,0.04,2.66138,2.72511,0,0.498607,4.47552,4.39666e+06,3.00878e+06,1.17012e+07,0,0,0,2.73962e+08,62.3362,61.308,4.47612,1,0,1.20895,1.2379,0,0.933778,2.96352,9.13716e+06,4.02164e+06,1.10463e+07,0,0,0,7.73942e+07
72.8718,85.139,4.69681,0.01,0.04,2.66211,2.72586,0,0.498743,4.47552,4.39666e+06,3.00878e+06,1.17044e+07,0,0,0,2.73962e+08,62.3362,61.308,3.60777,1,0,1.20928,1.23823,0,0.934032,2.96352,9.13716e+06,4.02164e+06,1.10494e+07,0,0,0,7.73942e+07
75.5679,85.139,5.8896,0.01,0.04,2.66284,2.7266,0,0.49888,4.47552,4.39666e+06,3.00878e+06,1.17076e+07,0,0,0,2.73962e+08,62.3362,61.308,4.67154,1,0,1.20961,1.23857,0,0.934287,2.96352,9.13716e+06,4.02164e+06,1.10524e+07,0,0,0,7.73942e+07
80.1448,85.139,7.99819,0,0.04,2.66356,2.72734,0,0.499016,4.47552,4.39666e+06,3.00878e+06,1.17108e+07,0,0,0,2.73962e+08,62.3362,61.308,6.39567,1,0,1.20994,1.23891,0,0.934542,2.96352,9.13716e+06,4.02164e+06,1.10554e+07,0,0,0,7.73942e+07
81.4222,85.139,4.48863,0,0.04,2.76164,2.82777,0,0.499152,4.47552,4.39666e+06,3.00878e+06,1.2142e+07,0,0,0,2.73962e+08,62.3362,61.308,3.75809,1,0,1.25894,1.28909,0,0.934797,2.96352,9.13716e+06,4.02164e+06,1.15032e+07,0,0,0,7.73942e+07
82.8974,85.139,4.70412,0,0.04,2.76239,2.82854,0,0.517531,4.47552,4.39666e+06,3.00878e+06,1.21453e+07,0,0,0,2.73962e+08,62.3362,61.308,3.72355,1,0,1.25929,1.28944,0,0.972659,2.96352,9.13716e+06,4.02164e+06,1.15063e+07,0,0,0,7.73942e+07
83.6634,85.139,3.98952,0,0.04,2.76314,2.82931,0,0.517672,4.47552,4.39666e+06,3.00878e+06,1.21486e+07,0,0,0,2.73962e+08,62.3362,61.308,3.29156,1,0,1.25963,1.28979,0,0.972924,2.96352,9.13716e+06,4.02164e+06,1.15094e+07,0,0,0,7.73942e+07
84.2365,85.139,3.76332,0,0.04,2.7639,2.83008,0,0.517813,4.47552,4.39666e+06,3.00878e+06,1.21519e+07,0,0,0,2.73962e+08,62.3362,61.308,3.50696,1,0,1.25997,1.29014,0,0.97319,2.96352,9.13716e+06,4.02164e+06,1.15126e+07,0,0,0,7.73942e+07
84.6926,85.139,3.59831,0,0.04,2.72655,2.79184,0,0.517954,4.47552,4.39666e+06,3.00878e+06,1.19877e+07,0,0,0,2.73962e+08,62.3362,61.308,3.20621,1,0,1.24139,1.27112,0,0.973455,2.96352,9.13716e+06,4.02164e+06,1.13428e+07,0,0,0,7.73942e+07
84.3702,85.139,2.82205,0,0.04,2.72729,2.7926,0,0.510955,4.47552,4.39666e+06,3.00878e+06,1.1991e+07,0,0,0,2.73962e+08,62.3362,61.308,2.72056,1,0,1.24173,1.27146,0,0.959098,2.96352,9.13716e+06,4.02164e+06,1.13459e+07,0,0,0,7.73942e+07
83.8643,85.139,2.55716,0,0.04,2.72803,2.79336,0,0.511094,4.47552,4.39666e+06,3.00878e+06,1.19942e+07,0,0,0,2.73962e+08,62.3362,61.308,2.43567,1,0,1.24207,1.27181,0,0.95936,2.96352,9.13716e+06,4.02164e+06,1.1349e+07,0,0,0,7.73942e+07
83.3195,85.139,2.48209,0,0.04,2.72878,2.79412,0,0.511233,4.47552,4.39666e+06,3.00878e+06,1.19975e+07,0,0,0,2.73962e+08,62.3362,61.308,2.61683,1,0,1.24241,1.27216,0,0.959621,2.96352,9.13716e+06,4.02164e+06,1.13521e+07,0,0,0,7.73942e+07
82.4958,85.139,2.28743,0,0.04,2.859,2.92746,0,0.511373,4.47552,4.39666e+06,3.00878e+06,1.25701e+07,0,0,0,2.73962e+08,62.3362,61.308,2.40091,1,0,1.30993,1.3413,0,0.959883,2.96352,9.13716e+06,4.02164e+06,1.19691e+07,0,0,0,7.73942e+07
81.725,85.139,2.30985,0,0.04,2.85978,2.92826,0,0.535777,4.47552,4.39666e+06,3.00878e+06,1.25735e+07,0,0,0,2.73962e+08,62.3362,61.308,2.30266,1,0,1.31029,1.34167,0,1.01205,2.96352,9.13716e+06,4.02164e+06,1.19723e+07,0,0,0,7.73942e+07
80.7185,85.139,2.05716,0,0.04,2.86056,2.92906,0,0.535923,4.47552,4.39666e+06,3.00878e+06,1.25769e+07,0,0,0,2.73962e+08,62.3362,61.308,2.1024,1,0,1.31065,1.34203,0,1.01233,2.96352,9.13716e+06,4.02164e+06,1.19756e+07,0,0,0,7.73942e+07
79.6592,85.139,1.93686,0,0.04,2.86134,2.92986,0,0.536069,4.47552,4.39666e+06,3.00878e+06,1.25803e+07,0,0,0,2.73962e+08,62.3045,61.308,2.02209,1,0,1.31101,1.3424,0,1.01261,2.96352,9.13716e+06,4.02164e+06,1.19789e+07,0,0,0,7.73942e+07
78.497,85.139,1.82616,0,0.04,2.86212,2.93065,0,0.536215,4.47552,4.39666e+06,3.00878e+06,1.25838e+07,0,0,0,2.73962e+08,62.2486,61.308,1.88813,1,0,1.31136,1.34276,0,1.01288,2.96352,9.13716e+06,4.02164e+06,1.19821e+07,0,0,0,7.73942e+07
77.5289,85.139,2.00039,0,0.04,2.83726,2.9052,0,0.536361,4.47552,4.39666e+06,3.00878e+06,1.24745e+07,0,0,0,2.73962e+08,62.2425,61.308,2.47883,1,0,1.3487,1.38099,0,1.01316,2.96352,9.13716e+06,4.02164e+06,1.23233e+07,0,0,0,7.73942e+07
76.4053,85.139,1.83155,0,0.04,2.83803,2.90599,0,0.531702,4.47552,4.39666e+06,3.00878e+06,1.24779e+07,0,0,0,2.73962e+08,62.2018,61.308,2.16088,1,0,1.34907,1.38137,0,1.042,2.96352,9.13716e+06,4.02164e+06,1.23266e+07,0,0,0,7.73942e+07
75.1689,85.139,1.68131,0,0.04,2.8388,2.90678,0,0.531847,4.47552,4.39666e+06,3.00878e+06,1.24813e+07,0,0,0,2.73962e+08,62.0912,61.308,2.13617,1,0,1.34943,1.38175,0,1.04229,2.96352,9.13716e+06,4.02164e+06,1.233e+07,0,0,0,7.73942e+07
73.8554,85.139,1.5723,0,0.04,2.83958,2.90757,0,0.531992,4.47552,4.39666e+06,3.00878e+06,1.24847e+07,0,0,0,2.73962e+08,61.9189,61.308,2.06642,1,0,1.3498,1.38212,0,1.04257,2.96352,9.13716e+06,4.02164e+06,1.23333e+07,0,0,0,7.73942e+07
72.5271,85.139,1.60477,0,0.04,2.90664,2.97624,0,0.532137,4.47552,4.39666e+06,3.00878e+06,1.27795e+07,0,0,0,2.73962e+08,61.7032,61.308,2.03652,1,0,1.38316,1.41628,0,1.04286,2.96352,9.13716e+06,4.02164e+06,1.26382e+07,0,0,0,7.73942e+07
71.3037,85.139,1.69578,0,0.04,2.90743,2.97705,0,0.544704,4.47552,4.39666e+06,3.00878e+06,1.2783e+07,0,0,0,2.73962e+08,61.4993,61.308,2.09443,1,0,1.38354,1.41667,0,1.06863,2.96352,9.13716e+06,4.02164e+06,1.26416e+07,0,0,0,7.73942e+07
69.9289,85.139,1.52961,0,0.04,2.90822,2.97786,0,0.544852,4.47552,4.39666e+06,3.00878e+06,1.27865e+07,0,0,0,2.73962e+08,61.2667,61.308,2.01355,1,0,1.38391,1.41705,0,1.06892,2.96352,9.13716e+06,4.02164e+06,1.2645e+07,0,0,0,7.73942e+07
68.4354,85.139,1.39475,0,0.04,2.90901,2.97867,0,0.545001,4.47552,4.39666e+06,3.00878e+06,1.27899e+07,0,0,0,2.73962e+08,61.0164,61.308,1.8468,1,0,1.38429,1.41744,0,1.06921,2.96352,9.13716e+06,4.02164e+06,1.26485e+07,0,0,0,7.73942e+07
66.6751,85.139,1.25726,0,0.04,3.10414,3.17847,0,0.545149,4.47552,4.39666e+06,3.00878e+06,1.36478e+07,0,0,0,2.73962e+08,60.6521,61.308,1.91959,1,0,1.50388,1.53989,0,1.0695,2.96352,9.13716e+06,4.02164e+06,1.37412e+07,0,0,0,7.73942e+07
64.9824,85.139,1.31591,0.01,0.04,3.10498,3.17933,0,0.581716,4.47552,4.39666e+06,3.00878e+06,1.36516e+07,0,0,0,2.73962e+08,60.3512,61.308,2.36642,1,0,1.50429,1.54031,0,1.1619,2.96352,9.13716e+06,4.02164e+06,1.37449e+07,0,0,0,7.73942e+07
63.1792,85.139,1.17943,0.02,0.04,3.10583,3.1802,0,0.581874,4.47552,4.39666e+06,3.00878e+06,1.36553e+07,0,0,0,2.73962e+08,60.0058,61.308,2.19914,1,0,1.5047,1.54073,0,1.16221,2.96352,9.13716e+06,4.02164e+06,1.37487e+07,0,0,0,7.73942e+07
61.6087,85.139,1.39754,0.02,0.04,3.10667,3.18107,0,0.582032,4.47552,4.39666e+06,3.00878e+06,1.3659e+07,0,0,0,2.73962e+08,59.6929,61.308,2.38325,1,0,1.50511,1.54115,0,1.16253,2.96352,9.13716e+06,4.02164e+06,1.37524e+07,0,0,0,7.73942e+07
60.9618,85.139,2.38531,0.02,0.04,3.10752,3.18193,0,0.582191,4.47552,4.39666e+06,3.00878e+06,1.36627e+07,0,0,0,2.73962e+08,59.5174,61.308,2.83155,1,0,1.50552,1.54157,0,1.16285,2.96352,9.13716e+06,4.02164e+06,1.37562e+07,0,0,0,7.73942e+07
59.6648,85.139,1.52921,0.02,0.04,3.01353,3.08569,0,0.582349,4.47552,4.39666e+06,3.00878e+06,1.32495e+07,0,0,0,2.73962e+08,59.2763,61.308,2.51509,1,0,1.43347,1.4678,0,1.16316,2.96352,9.13716e+06,4.02164e+06,1.30979e+07,0,0,0,7.73942e+07
57.8615,85.139,0.988237,0.02,0.04,3.01435,3.08653,0,0.564735,4.47552,4.39666e+06,3.00878e+06,1.32531e+07,0,0,0,2.73962e+08,58.9122,61.308,1.83272,1,0,1.43386,1.4682,0,1.1075,2.96352,9.13716e+06,4.02164e+06,1.31014e+07,0,0,0,7.73942e+07
56.4379,85.139,1.40443,0.02,0.04,3.01517,3.08737,0,0.564888,4.47552,4.39666e+06,3.00878e+06,1.32567e+07,0,0,0,2.73962e+08,58.6576,61.308,2.09431,1,0,1.43425,1.4686,0,1.1078,2.96352,9.13716e+06,4.02164e+06,1.3105e+07,0,0,0,7.73942e+07
56.8929,85.139,3.47283,0.02,0.04,3.01599,3.08821,0,0.565042,4.47552,4.39666e+06,3.00878e+06,1.32603e+07,0,0,0,2.73962e+08,58.8286,61.308,3.49625,1,0,1.43464,1.469,0,1.1081,2.96352,9.13716e+06,4.02164e+06,1.31086e+07,0,0,0,7.73942e+07
56.1308,85.139,2.07665,0.02,0.04,2.93888,3.00925,0,0.565196,4.47552,4.39666e+06,3.00878e+06,1.29212e+07,0,0,0,2.73962e+08,58.8119,61.308,2.37614,1,0,1.36901,1.40179,0,1.1084,2.96352,9.13716e+06,4.02164e+06,1.25088e+07,0,0,0,7.73942e+07
56.3295,85.139,3.09668,0.02,0.04,2.93967,3.01007,0,0.550745,4.47552,4.39666e+06,3.00878e+06,1.29248e+07,0,0,0,2.73962e+08,58.8595,61.308,2.1579,1,0,1.36938,1.40217,0,1.0577,2.96352,9.13716e+06,4.02164e+06,1.25122e+07,0,0,0,7.73942e+07
55.9292,85.139,2.48713,0.02,0.04,2.94047,3.01089,0,0.550895,4.47552,4.39666e+06,3.00878e+06,1.29283e+07,0,0,0,2.73962e+08,58.7674,61.308,1.84234,1,0,1.36975,1.40255,0,1.05798,2.96352,9.13716e+06,4.02164e+06,1.25156e+07,0,0,0,7.73942e+07
57.6067,85.139,4.65959,0.02,0.04,2.94127,3.0117,0,0.551045,4.47552,4.39666e+06,3.00878e+06,1.29318e+07,0,0,0,2.73962e+08,59.4387,61.308,5.49538,1,0,1.37012,1.40293,0,1.05827,2.96352,9.13716e+06,4.02164e+06,1.2519e+07,0,0,0,7.73942e+07
62.8454,85.139,8.26979,0.02,0.04,2.7205,2.78565,0,0.551195,4.47552,4.39666e+06,3.00878e+06,1.19611e+07,0,0,0,2.73962e+08,61.3534,61.308,6.88745,1,0,1.23284,1.26236,0,1.05856,2.96352,9.13716e+06,4.02164e+06,1.12646e+07,0,0,0,7.73942e+07
63.332,85.139,3.48174,0.02,0.04,2.72124,2.7864,0,0.509822,4.47552,4.39666e+06,3.00878e+06,1.19644e+07,0,0,0,2.73962e+08,62.3362,61.308,5.3167,1,0,1.23317,1.2627,0,0.952489,2.96352,9.13716e+06,4.02164e+06,1.12677e+07,0,0,0,7.73942e+07
63.5645,85.139,3.17605,0.02,0.04,2.72198,2.78716,0,0.509961,4.47552,4.39666e+06,3.00878e+06,1.19676e+07,0,0,0,2.73962e+08,62.3362,61.308,5.01088,1,0,1.23351,1.26304,0,0.952748,2.96352,9.13716e+06,4.02164e+06,1.12707e+07,0,0,0,7.73942e+07
64.6026,85.139,4.00763,0.02,0.04,2.72272,2.78792,0,0.510099,4.47552,4.39666e+06,3.00878e+06,1.19709e+07,0,0,0,2.73962e+08,62.3362,61.308,5.03189,1,0,1.23384,1.26339,0,0.953007,2.96352,9.13716e+06,4.02164e+06,1.12738e+07,0,0,0,7.73942e+07
66.0263,85.139,4.40813,0.01,0.04,2.72346,2.78868,0,0.510238,4.47552,4.39666e+06,3.00878e+06,1.19741e+07,0,0,0,2.73962e+08,62.3362,61.308,5.50605,1,0,1.23418,1.26373,0,0.953266,2.96352,9.13716e+06,4.02164e+06,1.12769e+07,0,0,0,7.73942e+07
68.5265,85.139,5.85444,0.01,0.04,2.80952,2.8768,0,0.510377,5.32224,4.39666e+06,3.00878e+06,1.23525e+07,0,0,0,2.73962e+08,62.3362,61.308,6.51449,1,0,1.27442,1.30494,0,0.953525,2.96352,9.13716e+06,4.02164e+06,1.16446e+07,0,0,0,7.73942e+07
70.5428,85.139,5.25357,0,0.04,2.81026,2.87755,0,0.526505,5.32224,4.39666e+06,3.00878e+06,1.23557e+07,0,0,0,2.73962e+08,62.3362,61.308,5.00021,1,0,1.27475,1.30528,0,0.984617,2.96352,9.13716e+06,4.02164e+06,1.16476e+07,0,0,0,7.73942e+07
73.2688,85.139,5.96349,0,0.04,2.81099,2.8783,0,0.526642,5.32224,4.39666e+06,3.00878e+06,1.2359e+07,0,0,0,2.73962e+08,62.3362,61.308,6.89762,1,0,1.27508,1.30562,0,0.984873,2.96352,9.13716e+06,4.02164e+06,1.16506e+07,0,0,0,7.73942e+07
75.2756,85.139,5.28732,0,0.04,2.81172,2.87905,0,0.526779,5.32224,4.39666e+06,3.00878e+06,1.23622e+07,0,0,0,2.73962e+08,62.3362,61.308,4.85324,1,0,1.27542,1.30596,0,0.98513,2.96352,9.13716e+06,4.02164e+06,1.16537e+07,0,0,0,7.73942e+07
77.6317,85.139,5.97507,0,0.04,3.08677,3.16069,0,0.526916,5.32224,4.39666e+06,3.00878e+06,1.35715e+07,0,0,0,2.73962e+08,62.3362,61.308,5.97338,1,0,1.42575,1.45989,0,0.985386,2.96352,9.13716e+06,4.02164e+06,1.30273e+07,0,0,0,7.73942e+07
81.2987,85.139,7.40189,0,0.04,3.08758,3.16151,0,0.578461,5.32224,4.39666e+06,3.00878e+06,1.3575e+07,0,0,0,2.73962e+08,62.3362,61.308,5.12562,1,0,1.42612,1.46027,0,1.10153,2.96352,9.13716e+06,4.02164e+06,1.30307e+07,0,0,0,7.73942e+07
83.5435,85.139,5.9578,0,0.04,3.08838,3.16233,0,0.578612,5.32224,4.39666e+06,3.00878e+06,1.35786e+07,0,0,0,2.73962e+08,62.3362,61.308,4.23206,1,0,1.42649,1.46065,0,1.10182,2.96352,9.13716e+06,4.02164e+06,1.30341e+07,0,0,0,7.73942e+07
85.139,85.139,6.49217,0,0.04,3.08918,3.16316,0,0.578762,5.32224,4.39666e+06,3.00878e+06,1.35821e+07,0,0,0,2.73962e+08,62.3362,61.308,5.43427,1,0,1.42686,1.46103,0,1.10211,2.96352,9.13716e+06,4.02164e+06,1.30375e+07,0,0,0,7.73942e+07
85.139,85.139,5.35798,0,0.04,2.69831,2.76293,0,0.578913,5.32224,4.39666e+06,3.00878e+06,1.18636e+07,0,0,0,2.73962e+08,62.3362,61.308,4.12722,1,0,1.22572,1.25507,0,1.10239,2.96352,9.13716e+06,4.02164e+06,1.11996e+07,0,0,0,7.73942e+07
85.139,85.139,5.47552,0,0.04,2.69901,2.76364,0,0.505664,5.32224,4.39666e+06,3.00878e+06,1.18667e+07,0,0,0,2.73962e+08,62.3362,61.308,3.58846,1,0,1.22604,1.2554,0,0.946993,2.96352,9.13716e+06,4.02164e+06,1.12025e+07,0,0,0,7.73942e+07
85.139,85.139,7.47996,0,0.04,2.69972,2.76436,0,0.505795,5.32224,4.39666e+06,3.00878e+06,1.18697e+07,0,0,0,2.73962e+08,62.3362,61.308,5.21326,1,0,1.22636,1.25573,0,0.947239,2.96352,9.13716e+06,4.02164e+06,1.12054e+07,0,0,0,7.73942e+07
85.139,85.139,9.36826,0,0.04,2.70042,2.76508,0,0.505927,5.32224,4.39666e+06,3.00878e+06,1.18728e+07,0,0,0,2.73962e+08,62.3362,61.308,6.02149,1,0,1.22668,1.25605,0,0.947486,2.96352,9.13716e+06,4.02164e+06,1.12084e+07,0,0,0,7.73942e+07
85.139,85.139,8.7039,0,0.04,2.70112,2.7658,0,0.506059,5.32224,4.39666e+06,3.00878e+06,1.18759e+07,0,0,0,2.73962e+08,62.3362,61.308,5.4497,1,0,1.227,1.25638,0,0.947732,2.96352,9.13716e+06,4.02164e+06,1.12113e+07,0,0,0,7.73942e+07
85.139,85.139,10.7746,0,0.04,2.80054,2.86761,0,0.50619,5.32224,4.39666e+06,3.00878e+06,1.2313e+07,0,0,0,2.73962e+08,62.3362,61.308,6.78774,1,0,1.27668,1.30725,0,0.947979,2.96352,9.13716e+06,4.02164e+06,1.16652e+07,0,0,0,7.73942e+07
85.139,85.139,8.01008,0,0.04,2.80127,2.86835,0,0.524822,5.32224,4.39666e+06,3.00878e+06,1.23162e+07,0,0,0,2.73962e+08,62.3362,61.308,5.41088,1,0,1.27701,1.30759,0,0.986362,2.96352,9.13716e+06,4.02164e+06,1.16683e+07,0,0,0,7.73942e+07
85.139,85.139,6.43072,0,0.04,2.802,2.8691,0,0.524959,5.32224,4.39666e+06,3.00878e+06,1.23195e+07,0,0,0,2.73962e+08,62.3362,61.308,4.89434,1,0,1.27734,1.30793,0,0.986619,2.96352,9.13716e+06,4.02164e+06,1.16713e+07,0,0,0,7.73942e+07
85.139,85.139,6.01512,0,0.04,2.80273,2.86984,0,0.525095,5.32224,4.39666e+06,3.00878e+06,1.23227e+07,0,0,0,2.73962e+08,62.3362,61.308,5.13594,1,0,1.27768,1.30827,0,0.986876,2.96352,9.13716e+06,4.02164e+06,1.16743e+07,0,0,0,7.73942e+07
85.139,85.139,5.56342,0,0.04,2.76482,2.83103,0,0.525232,5.32224,4.39666e+06,3.00878e+06,1.2156e+07,0,0,0,2.73962e+08,62.3362,61.308,5.2885,1,0,1.25882,1.28896,0,0.987132,2.96352,9.13716e+06,4.02164e+06,1.1502e+07,0,0,0,7.73942e+07
85.139,85.139,5.20867,0,0.04,2.76554,2.83176,0,0.518127,5.32224,4.39666e+06,3.00878e+06,1.21591e+07,0,0,0,2.73962e+08,62.3362,61.308,5.34527,1,0,1.25914,1.2893,0,0.972562,2.96352,9.13716e+06,4.02164e+06,1.1505e+07,0,0,0,7.73942e+07
85.139,85.139,4.71786,0,0.04,2.76626,2.8325,0,0.518262,5.32224,4.39666e+06,3.00878e+06,1.21623e+07,0,0,0,2.73962e+08,62.3362,61.308,4.78934,1,0,1.25947,1.28963,0,0.972815,2.96352,9.13716e+06,4.02164e+06,1.1508e+07,0,0,0,7.73942e+07
85.139,85.139,4.45708,0,0.04,2.76698,2.83324,0,0.518397,5.32224,4.39666e+06,3.00878e+06,1.21655e+07,0,0,0,2.73962e+08,62.3362,61.308,4.25754,1,0,1.2598,1.28997,0,0.973068,2.96352,9.13716e+06,4.02164e+06,1.1511e+07,0,0,0,7.73942e+07
85.139,85.139,4.41232,0,0.04,2.89899,2.96841,0,0.518532,5.32224,4.39666e+06,3.00878e+06,1.27459e+07,0,0,0,2.73962e+08,62.3362,61.308,4.34023,1,0,1.32826,1.36006,0,0.973321,2.96352,9.13716e+06,4.02164e+06,1.21365e+07,0,0,0,7.73942e+07
85.139,85.139,4.02586,0,0.04,2.89974,2.96918,0,0.543271,5.32224,4.39666e+06,3.00878e+06,1.27492e+07,0,0,0,2.73962e+08,62.3362,61.308,4.35604,1,0,1.3286,1.36042,0,1.02621,2.96352,9.13716e+06,4.02164e+06,1.21396e+07,0,0,0,7.73942e+07
85.139,85.139,4.06923,0,0.04,2.9005,2.96995,0,0.543412,5.32224,4.39666e+06,3.00878e+06,1.27525e+07,0,0,0,2.73962e+08,62.3362,61.308,4.60026,1,0,1.32895,1.36077,0,1.02648,2.96352,9.13716e+06,4.02164e+06,1.21428e+07,0,0,0,7.73942e+07
85.139,85.139,3.58211,0,0.04,2.90125,2.97072,0,0.543553,5.32224,4.39666e+06,3.00878e+06,1.27558e+07,0,0,0,2.73962e+08,62.3362,61.308,3.90639,1,0,1.32929,1.36112,0,1.02674,2.96352,9.13716e+06,4.02164e+06,1.2146e+07,0,0,0,7.73942e+07
85.139,85.139,3.40811,0,0.04,2.90201,2.9715,0,0.543695,5.32224,4.39666e+06,3.00878e+06,1.27591e+07,0,0,0,2.73962e+08,62.3362,61.308,3.42242,1,0,1.32964,1.36148,0,1.02701,2.96352,9.13716e+06,4.02164e+06,1.21491e+07,0,0,0,7.73942e+07
85.139,85.139,3.9724,0,0.04,2.87676,2.94565,0,0.543836,5.32224,4.39666e+06,3.00878e+06,1.26481e+07,0,0,0,2.73962e+08,62.3362,61.308,2.75483,1,0,1.36748,1.40022,0,1.02728,2.96352,9.13716e+06,4.02164e+06,1.24949e+07,0,0,0,7.73942e+07
85.139,85.139,3.83431,0,0.04,2.87751,2.94641,0,0.539105,5.32224,4.39666e+06,3.00878e+06,1.26514e+07,0,0,0,2.73962e+08,62.3362,61.308,2.49953,1,0,1.36783,1.40059,0,1.05651,2.96352,9.13716e+06,4.02164e+06,1.24981e+07,0,0,0,7.73942e+07
85.139,85.139,3.50582,0,0.04,2.87826,2.94718,0,0.539245,5.32224,4.39666e+06,3.00878e+06,1.26547e+07,0,0,0,2.73962e+08,62.3362,61.308,2.49425,1,0,1.36819,1.40095,0,1.05679,2.96352,9.13716e+06,4.02164e+06,1.25013e+07,0,0,0,7.73942e+07
85.139,85.139,3.17079,0,0.04,2.87901,2.94795,0,0.539385,5.32224,4.39666e+06,3.00878e+06,1.2658e+07,0,0,0,2.73962e+08,62.3362,61.308,2.22445,1,0,1.36854,1.40131,0,1.05706,2.96352,9.13716e+06,4.02164e+06,1.25046e+07,0,0,0,7.73942e+07
85.139,85.139,3.41342,0,0.04,2.94696,3.01753,0,0.539526,5.32224,4.39666e+06,3.00878e+06,1.29568e+07,0,0,0,2.73962e+08,62.3362,61.308,2.31126,1,0,1.40235,1.43593,0,1.05734,2.96352,9.13716e+06,4.02164e+06,1.28135e+07,0,0,0,7.73942e+07
85.139,85.139,3.93705,0,0.04,2.94773,3.01831,0,0.552261,5.32224,4.39666e+06,3.00878e+06,1.29602e+07,0,0,0,2.73962e+08,62.3362,61.308,2.49156,1,0,1.40271,1.4363,0,1.08345,2.96352,9.13716e+06,4.02164e+06,1.28168e+07,0,0,0,7.73942e+07
85.139,85.139,3.49538,0,0.04,2.94849,3.0191,0,0.552404,5.32224,4.39666e+06,3.00878e+06,1.29635e+07,0,0,0,2.73962e+08,62.3242,61.308,2.32519,1,0,1.40308,1.43668,0,1.08374,2.96352,9.13716e+06,4.02164e+06,1.28201e+07,0,0,0,7.73942e+07
85.139,85.139,3.18006,0,0.04,2.94926,3.01988,0,0.552548,5.32224,4.39666e+06,3.00878e+06,1.29669e+07,0,0,0,2.73962e+08,62.294,61.308,2.19968,1,0,1.40344,1.43705,0,1.08402,2.96352,9.13716e+06,4.02164e+06,1.28235e+07,0,0,0,7.73942e+07
84.6063,85.139,2.70814,0,0.04,3.14705,3.2224,0,0.552691,5.32224,4.39666e+06,3.00878e+06,1.38365e+07,0,0,0,2.73962e+08,62.1336,61.308,2.18282,1,0,1.52467,1.56118,0,1.0843,2.96352,9.13716e+06,4.02164e+06,1.39311e+07,0,0,0,7.73942e+07
83.459,85.139,2.04283,0,0.04,3.14786,3.22324,0,0.589756,5.32224,4.39666e+06,3.00878e+06,1.38401e+07,0,0,0,2.73962e+08,61.7852,61.308,1.93427,1,0,1.52506,1.56158,0,1.17796,2.96352,9.13716e+06,4.02164e+06,1.39348e+07,0,0,0,7.73942e+07
82.4861,85.139,2.20683,0,0.04,3.14868,3.22408,0,0.589909,5.32224,4.39666e+06,3.00878e+06,1.38437e+07,0,0,0,2.73962e+08,61.4426,61.308,1.95073,1,0,1.52546,1.56199,0,1.17826,2.96352,9.13716e+06,4.02164e+06,1.39384e+07,0,0,0,7.73942e+07
82.6574,85.139,3.41484,0,0.04,3.1495,3.22492,0,0.590063,5.32224,4.39666e+06,3.00878e+06,1.38473e+07,0,0,0,2.73962e+08,61.2002,61.308,2.34033,1,0,1.52586,1.56239,0,1.17857,2.96352,9.13716e+06,4.02164e+06,1.3942e+07,0,0,0,7.73942e+07
83.9876,85.139,4.61517,0,0.04,3.15032,3.22575,0,0.590216,5.32224,4.39666e+06,3.00878e+06,1.38509e+07,0,0,0,2.73962e+08,61.118,61.308,2.54026,1,0,1.52625,1.5628,0,1.17888,2.96352,9.13716e+06,4.02164e+06,1.39456e+07,0,0,0,7.73942e+07
84.0512,85.139,3.26702,0,0.04,3.05499,3.12814,0,0.590369,5.32224,4.39666e+06,3.00878e+06,1.34318e+07,0,0,0,2.73962e+08,61.0378,61.308,3.16552,1,0,1.4532,1.48799,0,1.17918,2.96352,9.13716e+06,4.02164e+06,1.32781e+07,0,0,0,7.73942e+07
84.0262,85.139,3.29569,0,0.04,3.05578,3.12896,0,0.572505,5.32224,4.39666e+06,3.00878e+06,1.34352e+07,0,0,0,2.73962e+08,61.1943,61.308,3.89712,1,0,1.45357,1.48838,0,1.12274,2.96352,9.13716e+06,4.02164e+06,1.32815e+07,0,0,0,7.73942e+07
84.4835,85.139,3.80248,0.01,0.04,3.05658,3.12977,0,0.572654,5.32224,4.39666e+06,3.00878e+06,1.34387e+07,0,0,0,2.73962e+08,61.5943,61.308,4.80814,1,0,1.45395,1.48877,0,1.12303,2.96352,9.13716e+06,4.02164e+06,1.3285e+07,0,0,0,7.73942e+07
84.8271,85.139,3.76289,0.01,0.04,3.05737,3.13058,0,0.572802,5.32224,4.39666e+06,3.00878e+06,1.34422e+07,0,0,0,2.73962e+08,61.9882,61.308,4.78126,1,0,1.45433,1.48915,0,1.12332,2.96352,9.13716e+06,4.02164e+06,1.32884e+07,0,0,0,7.73942e+07
85.139,85.139,4.78399,0.01,0.04,2.97916,3.0505,0,0.572951,5.32224,4.39666e+06,3.00878e+06,1.30984e+07,0,0,0,2.73962e+08,62.3362,61.308,7.44002,1,0,1.38777,1.42101,0,1.12361,2.96352,9.13716e+06,4.02164e+06,1.26803e+07,0,0,0,7.73942e+07
85.139,85.139,3.80788,0,0.04,2.97994,3.05129,0,0.558295,5.32224,4.39666e+06,3.00878e+06,1.31018e+07,0,0,0,2.73962e+08,62.3362,61.308,5.84741,1,0,1.38813,1.42137,0,1.07219,2.96352,9.13716e+06,4.02164e+06,1.26836e+07,0,0,0,7.73942e+07
85.139,85.139,4.38585,0,0.04,2.98071,3.05209,0,0.55844,5.32224,4.39666e+06,3.00878e+06,1.31052e+07,0,0,0,2.73962e+08,62.3362,61.308,6.44528,1,0,1.3885,1.42174,0,1.07247,2.96352,9.13716e+06,4.02164e+06,1.26869e+07,0,0,0,7.73942e+07
84.5973,85.139,2.84574,0,0.04,2.98148,3.05288,0,0.558585,5.32224,4.39666e+06,3.00878e+06,1.31086e+07,0,0,0,2.73962e+08,62.3362,61.308,3.8898,1,0,1.38886,1.42211,0,1.07275,2.96352,9.13716e+06,4.02164e+06,1.26902e+07,0,0,0,7.73942e+07
84.5783,85.139,3.24859,0,0.04,2.75766,2.82369,0,0.55873,5.32224,4.39666e+06,3.00878e+06,1.21245e+07,0,0,0,2.73962e+08,62.3362,61.308,4.98575,1,0,1.24967,1.2796,0,1.07303,2.96352,9.13716e+06,4.02164e+06,1.14185e+07,0,0,0,7.73942e+07
85.139,85.139,6.2454,0,0.04,2.75838,2.82443,0,0.516785,5.32224,4.39666e+06,3.00878e+06,1.21276e+07,0,0,0,2.73962e+08,62.3362,61.308,8.04295,1,0,1.25,1.27993,0,0.965498,2.96352,9.13716e+06,4.02164e+06,1.14214e+07,0,0,0,7.73942e+07
85.139,85.139,13.9112,0,0.04,2.75909,2.82516,0,0.51692,5.32224,4.39666e+06,3.00878e+06,1.21308e+07,0,0,0,2.73962e+08,62.3362,61.308,13.2696,1,0,1.25032,1.28026,0,0.965749,2.96352,9.13716e+06,4.02164e+06,1.14244e+07,0,0,0,7.73942e+07
85.139,85.139,16.2239,0,0.04,2.75981,2.82589,0,0.517054,5.32224,4.39666e+06,3.00878e+06,1.21339e+07,0,0,0,2.73962e+08,62.3362,61.308,19.1299,1,0,1.25065,1.28059,0,0.965999,2.96352,9.13716e+06,4.02164e+06,1.14274e+07,0,0,0,7.73942e+07
85.139,85.139,10.5649,0,0.04,2.76052,2.82663,0,0.517188,5.32224,4.39666e+06,3.00878e+06,1.21371e+07,0,0,0,2.73962e+08,62.3362,61.308,11.6823,1,0,1.25097,1.28093,0,0.96625,2.96352,9.13716e+06,4.02164e+06,1.14303e+07,0,0,0,7.73942e+07
85.139,85.139,7.54177,0,0,2.84772,2.91591,0,0.517322,5.32224,4.39666e+06,3.00878e+06,1.25205e+07,0,0,0,2.73962e+08,62.3362,61.308,9.65821,1,0,1.29175,1.32268,0,0.966501,2.96352,9.13716e+06,4.02164e+06,1.18029e+07,0,0,0,7.73942e+07
85.139,85.139,6.96948,0,0,2.84843,2.91664,0,0.533663,5.32224,4.39666e+06,3.00878e+06,1.25236e+07,0,0,0,2.73962e+08,62.3362,61.308,9.17101,1,0,1.29207,1.32301,0,0.998004,2.96352,9.13716e+06,4.02164e+06,1.18058e+07,0,0,0,7.73942e+07
85.139,85.139,7.22842,0,0,2.84914,2.91736,0,0.533796,5.32224,4.39666e+06,3.00878e+06,1.25267e+07,0,0,0,2.73962e+08,62.3362,61.308,7.03915,1,0,1.29239,1.32334,0,0.998252,2.96352,9.13716e+06,4.02164e+06,1.18088e+07,0,0,0,7.73942e+07
85.139,85.139,10.1441,0,0,2.84985,2.91809,0,0.533929,5.32224,4.39666e+06,3.00878e+06,1.25298e+07,0,0,0,2.73962e+08,62.3362,61.308,10.6916,1,0,1.29271,1.32367,0,0.9985,2.96352,9.13716e+06,4.02164e+06,1.18117e+07,0,0,0,7.73942e+07
85.139,85.139,9.99324,0,0,3.12859,3.20351,0,0.534062,5.32224,4.39666e+06,3.00878e+06,1.37554e+07,0,0,0,2.73962e+08,62.3362,61.308,11.0454,1,0,1.44507,1.47967,0,0.998749,2.96352,9.13716e+06,4.02164e+06,1.32038e+07,0,0,0,7.73942e+07
85.139,85.139,8.28949,0,0,3.12937,3.20431,0,0.586299,5.32224,4.39666e+06,3.00878e+06,1.37588e+07,0,0,0,2.73962e+08,62.3362,61.308,8.23759,1,0,1.44543,1.48004,0,1.11646,2.96352,9.13716e+06,4.02164e+06,1.32071e+07,0,0,0,7.73942e+07
85.139,85.139,8.51126,0,0,3.13015,3.2051,0,0.586444,5.32224,4.39666e+06,3.00878e+06,1.37622e+07,0,0,0,2.73962e+08,62.3362,61.308,10.0718,1,0,1.44579,1.48041,0,1.11674,2.96352,9.13716e+06,4.02164e+06,1.32104e+07,0,0,0,7.73942e+07
85.139,85.139,6.95156,0,0,3.13093,3.2059,0,0.58659,5.32224,4.39666e+06,3.00878e+06,1.37656e+07,0,0,0,2.73962e+08,62.3362,61.308,8.89028,1,0,1.44614,1.48077,0,1.11701,2.96352,9.13716e+06,4.02164e+06,1.32137e+07,0,0,0,7.73942e+07
85.139,85.139,7.3222,0,0,2.73474,2.80023,0,0.586736,5.32224,4.39666e+06,3.00878e+06,1.20237e+07,0,0,0,2.73962e+08,62.3362,61.308,6.90939,1,0,1.24227,1.27202,0,1.11729,2.96352,9.13716e+06,4.02164e+06,1.13508e+07,0,0,0,7.73942e+07
84.4428,85.139,2.62453,0,0,2.73542,2.80093,0,0.512491,5.32224,4.39666e+06,3.00878e+06,1.20267e+07,0,0,0,2.73962e+08,62.3362,61.308,3.70312,1,0,1.24258,1.27233,0,0.959779,2.96352,9.13716e+06,4.02164e+06,1.13536e+07,0,0,0,7.73942e+07
83.7599,85.139,2.67467,0,0,2.7361,2.80162,0,0.512618,5.32224,4.39666e+06,3.00878e+06,1.20297e+07,0,0,0,2.73962e+08,62.3362,61.308,3.71451,1,0,1.24289,1.27265,0,0.960017,2.96352,9.13716e+06,4.02164e+06,1.13565e+07,0,0,0,7.73942e+07
84.9239,85.139,4.49341,0,0,2.73678,2.80232,0,0.512746,5.32224,4.39666e+06,3.00878e+06,1.20327e+07,0,0,0,2.73962e+08,62.3362,61.308,6.23,1,0,1.2432,1.27297,0,0.960256,2.96352,9.13716e+06,4.02164e+06,1.13593e+07,0,0,0,7.73942e+07
85.139,85.139,8.02199,0,0,2.73746,2.80302,0,0.512873,5.32224,4.39666e+06,3.00878e+06,1.20357e+07,0,0,0,2.73962e+08,62.3362,61.308,9.65326,1,0,1.24351,1.27328,0,0.960495,2.96352,9.13716e+06,4.02164e+06,1.13621e+07,0,0,0,7.73942e+07
85.139,85.139,7.58407,0,0,2.83819,2.90615,0,0.513001,5.32224,4.39666e+06,3.00878e+06,1.24786e+07,0,0,0,2.73962e+08,62.3362,61.308,9.44764,1,0,1.29384,1.32482,0,0.960733,2.96352,9.13716e+06,4.02164e+06,1.1822e+07,0,0,0,7.73942e+07
85.139,85.139,5.03329,0,0,2.8389,2.90688,0,0.531877,5.32224,4.39666e+06,3.00878e+06,1.24817e+07,0,0,0,2.73962e+08,62.3362,61.308,7.24175,1,0,1.29416,1.32515,0,0.999622,2.96352,9.13716e+06,4.02164e+06,1.1825e+07,0,0,0,7.73942e+07
85.139,85.139,4.68572,0,0,2.8396,2.9076,0,0.532009,5.32224,4.39666e+06,3.00878e+06,1.24848e+07,0,0,0,2.73962e+08,62.3362,61.308,6.59407,1,0,1.29448,1.32548,0,0.99987,2.96352,9.13716e+06,4.02164e+06,1.18279e+07,0,0,0,7.73942e+07
85.139,85.139,4.07264,0,0,2.84031,2.90832,0,0.532141,5.32224,4.39666e+06,3.00878e+06,1.24879e+07,0,0,0,2.73962e+08,62.3362,61.308,5.91641,1,0,1.29481,1.32581,0,1.00012,2.96352,9.13716e+06,4.02164e+06,1.18308e+07,0,0,0,7.73942e+07
85.139,85.139,4.31698,0,0,2.80186,2.86895,0,0.532274,5.32224,4.39666e+06,3.00878e+06,1.23188e+07,0,0,0,2.73962e+08,62.3362,61.308,6.64593,1,0,1.27568,1.30623,0,1.00037,2.96352,9.13716e+06,4.02164e+06,1.16561e+07,0,0,0,7.73942e+07
85.139,85.139,4.1569,0,0,2.80255,2.86966,0,0.525068,5.32224,4.39666e+06,3.00878e+06,1.23219e+07,0,0,0,2.73962e+08,62.3362,61.308,5.99947,1,0,1.276,1.30655,0,0.98559,2.96352,9.13716e+06,4.02164e+06,1.1659e+07,0,0,0,7.73942e+07
85.139,85.139,3.60088,0,0,2.80325,2.87038,0,0.525199,5.32224,4.39666e+06,3.00878e+06,1.23249e+07,0,0,0,2.73962e+08,62.3362,61.308,5.49818,1,0,1.27631,1.30688,0,0.985835,2.96352,9.13716e+06,4.02164e+06,1.16619e+07,0,0,0,7.73942e+07
85.139,85.139,3.2038,0,0,2.80395,2.87109,0,0.525329,5.32224,4.39666e+06,3.00878e+06,1.2328e+07,0,0,0,2.73962e+08,62.3362,61.308,4.82028,1,0,1.27663,1.3072,0,0.98608,2.96352,9.13716e+06,4.02164e+06,1.16648e+07,0,0,0,7.73942e+07
84.849,85.139,2.95458,0,0,2.93769,3.00803,0,0.52546,5.32224,4.39666e+06,3.00878e+06,1.2916e+07,0,0,0,2.73962e+08,62.3362,61.308,4.49327,1,0,1.34599,1.37822,0,0.986325,2.96352,9.13716e+06,4.02164e+06,1.22985e+07,0,0,0,7.73942e+07
84.7397,85.139,3.14758,0,0,2.93842,3.00878,0,0.550523,5.32224,4.39666e+06,3.00878e+06,1.29192e+07,0,0,0,2.73962e+08,62.3362,61.308,4.28742,1,0,1.34632,1.37856,0,1.03991,2.96352,9.13716e+06,4.02164e+06,1.23015e+07,0,0,0,7.73942e+07
84.3185,85.139,2.75438,0,0,2.93915,3.00953,0,0.550659,5.32224,4.39666e+06,3.00878e+06,1.29224e+07,0,0,0,2.73962e+08,62.3362,61.308,4.22127,1,0,1.34665,1.3789,0,1.04017,2.96352,9.13716e+06,4.02164e+06,1.23046e+07,0,0,0,7.73942e+07
83.8682,85.139,2.71743,0,0,2.93988,3.01027,0,0.550796,5.32224,4.39666e+06,3.00878e+06,1.29256e+07,0,0,0,2.73962e+08,62.3362,61.308,4.25738,1,0,1.34699,1.37924,0,1.04043,2.96352,9.13716e+06,4.02164e+06,1.23077e+07,0,0,0,7.73942e+07
83.2611,85.139,2.54524,0,0,2.94061,3.01102,0,0.550933,5.32224,4.39666e+06,3.00878e+06,1.29289e+07,0,0,0,2.73962e+08,62.3362,61.308,4.08297,1,0,1.34732,1.37959,0,1.04068,2.96352,9.13716e+06,4.02164e+06,1.23107e+07,0,0,0,7.73942e+07
82.9088,85.139,2.79498,0,0,2.91499,2.9848,0,0.55107,5.32224,4.39666e+06,3.00878e+06,1.28162e+07,0,0,0,2.73962e+08,62.3362,61.308,4.26697,1,0,1.38565,1.41883,0,1.04094,2.96352,9.13716e+06,4.02164e+06,1.26609e+07,0,0,0,7.73942e+07
82.6118,85.139,2.81095,0,0,2.91572,2.98554,0,0.54627,5.32224,4.39666e+06,3.00878e+06,1.28194e+07,0,0,0,2.73962e+08,62.3362,61.308,4.58697,1,0,1.38599,1.41918,0,1.07055,2.96352,9.13716e+06,4.02164e+06,1.26641e+07,0,0,0,7.73942e+07
82.152,85.139,2.60002,0,0,2.91644,2.98628,0,0.546405,5.32224,4.39666e+06,3.00878e+06,1.28226e+07,0,0,0,2.73962e+08,62.3362,61.308,4.38344,1,0,1.38634,1.41954,0,1.07082,2.96352,9.13716e+06,4.02164e+06,1.26672e+07,0,0,0,7.73942e+07
81.5346,85.139,2.42792,0,0,2.91717,2.98702,0,0.546541,5.32224,4.39666e+06,3.00878e+06,1.28258e+07,0,0,0,2.73962e+08,62.3362,61.308,4.53218,1,0,1.38668,1.41989,0,1.07109,2.96352,9.13716e+06,4.02164e+06,1.26703e+07,0,0,0,7.73942e+07
80.6496,85.139,2.19843,0,0,2.98599,3.05749,0,0.546677,5.32224,4.39666e+06,3.00878e+06,1.31284e+07,0,0,0,2.73962e+08,62.3362,61.308,4.09238,1,0,1.42092,1.45494,0,1.07135,2.96352,9.13716e+06,4.02164e+06,1.29832e+07,0,0,0,7.73942e+07
79.8097,85.139,2.25712,0,0,2.98673,3.05825,0,0.559574,5.32224,4.39666e+06,3.00878e+06,1.31316e+07,0,0,0,2.73962e+08,62.3362,61.308,3.89887,1,0,1.42127,1.45531,0,1.0978,2.96352,9.13716e+06,4.02164e+06,1.29864e+07,0,0,0,7.73942e+07
78.8299,85.139,2.08857,0,0,2.98747,3.05901,0,0.559713,5.32224,4.39666e+06,3.00878e+06,1.31349e+07,0,0,0,2.73962e+08,62.3362,61.308,3.95154,1,0,1.42163,1.45567,0,1.09808,2.96352,9.13716e+06,4.02164e+06,1.29896e+07,0,0,0,7.73942e+07
77.7083,85.139,1.93552,0,0,2.98821,3.05977,0,0.559852,5.32224,4.39666e+06,3.00878e+06,1.31382e+07,0,0,0,2.73962e+08,62.3362,61.308,3.52311,1,0,1.42198,1.45603,0,1.09835,2.96352,9.13716e+06,4.02164e+06,1.29928e+07,0,0,0,7.73942e+07
76.4719,85.139,1.96958,0,0,3.18857,3.26493,0,0.559991,5.32224,4.39666e+06,3.00878e+06,1.40191e+07,0,0,0,2.73962e+08,62.3362,61.308,3.97432,1,0,1.54479,1.58178,0,1.09862,2.96352,9.13716e+06,4.02164e+06,1.4115e+07,0,0,0,7.73942e+07
74.9656,85.139,1.65516,0.01,0,3.18936,3.26574,0,0.597539,5.32224,4.39666e+06,3.00878e+06,1.40226e+07,0,0,0,2.73962e+08,62.3362,61.308,4.17315,1,0,1.54517,1.58217,0,1.1935,2.96352,9.13716e+06,4.02164e+06,1.41185e+07,0,0,0,7.73942e+07
73.5012,85.139,1.6789,0.01,0,3.19016,3.26655,0,0.597687,5.32224,4.39666e+06,3.00878e+06,1.4026e+07,0,0,0,2.73962e+08,62.3362,61.308,4.1452,1,0,1.54555,1.58256,0,1.1938,2.96352,9.13716e+06,4.02164e+06,1.4122e+07,0,0,0,7.73942e+07
72.8318,85.139,2.51763,0.02,0,3.19095,3.26736,0,0.597835,5.32224,4.39666e+06,3.00878e+06,1.40295e+07,0,0,0,2.73962e+08,62.3362,61.308,4.95735,1,0,1.54594,1.58296,0,1.1941,2.96352,9.13716e+06,4.02164e+06,1.41255e+07,0,0,0,7.73942e+07
73.1234,85.139,3.53068,0.02,0,3.19174,3.26817,0,0.597984,5.32224,4.39666e+06,3.00878e+06,1.4033e+07,0,0,0,2.73962e+08,62.3362,61.308,5.47515,1,0,1.54632,1.58335,0,1.19439,2.96352,9.13716e+06,4.02164e+06,1.4129e+07,0,0,0,7.73942e+07
72.2974,85.139,2.28354,0.02,0,3.09512,3.16924,0,0.598132,5.32224,4.39666e+06,3.00878e+06,1.36082e+07,0,0,0,2.73962e+08,62.3362,61.308,4.14595,1,0,1.47229,1.50754,0,1.19469,2.96352,9.13716e+06,4.02164e+06,1.34525e+07,0,0,0,7.73942e+07
71.6479,85.139,2.47059,0.02,0,3.09589,3.17002,0,0.580026,5.32224,4.39666e+06,3.00878e+06,1.36116e+07,0,0,0,2.73962e+08,62.3362,61.308,4.68617,1,0,1.47265,1.50792,0,1.13749,2.96352,9.13716e+06,4.02164e+06,1.34559e+07,0,0,0,7.73942e+07
71.0012,85.139,2.48723,0.02,0,3.09666,3.17081,0,0.58017,5.32224,4.39666e+06,3.00878e+06,1.3615e+07,0,0,0,2.73962e+08,62.3362,61.308,4.87319,1,0,1.47302,1.50829,0,1.13777,2.96352,9.13716e+06,4.02164e+06,1.34592e+07,0,0,0,7.73942e+07
70.5369,85.139,2.70547,0.02,0,3.09743,3.1716,0,0.580314,5.32224,4.39666e+06,3.00878e+06,1.36183e+07,0,0,0,2.73962e+08,62.3362,61.308,5.2042,1,0,1.47338,1.50866,0,1.13805,2.96352,9.13716e+06,4.02164e+06,1.34625e+07,0,0,0,7.73942e+07
70.1635,85.139,2.88428,0.02,0,3.01816,3.09043,0,0.580458,5.32224,4.39666e+06,3.00878e+06,1.32698e+07,0,0,0,2.73962e+08,62.0018,61.308,6.10541,1,0,1.40594,1.43961,0,1.13834,2.96352,9.13716e+06,4.02164e+06,1.28463e+07,0,0,0,7.73942e+07
68.4261,85.139,1.39661,0.02,0,3.01891,3.0912,0,0.565603,5.32224,4.39666e+06,3.00878e+06,1.32731e+07,0,0,0,2.73962e+08,61.7952,61.308,1.31378,1,0,1.40629,1.43996,0,1.08623,2.96352,9.13716e+06,4.02164e+06,1.28495e+07,0,0,0,7.73942e+07
67.374,85.139,2.1063,0.02,0,3.01966,3.09197,0,0.565744,5.32224,4.39666e+06,3.00878e+06,1.32764e+07,0,0,0,2.73962e+08,62.1627,61.308,3.60814,1,0,1.40664,1.44032,0,1.0865,2.96352,9.13716e+06,4.02164e+06,1.28527e+07,0,0,0,7.73942e+07
69.1594,85.139,5.12258,0.02,0,3.02041,3.09273,0,0.565884,5.32224,4.39666e+06,3.00878e+06,1.32797e+07,0,0,0,2.73962e+08,62.3362,61.308,6.32892,1,0,1.40699,1.44068,0,1.08677,2.96352,9.13716e+06,4.02164e+06,1.28559e+07,0,0,0,7.73942e+07
69.0684,85.139,2.98938,0.02,0,2.79363,2.86052,0,0.566024,5.32224,4.39666e+06,3.00878e+06,1.22826e+07,0,0,0,2.73962e+08,62.3362,61.308,3.09498,1,0,1.26597,1.29629,0,1.08704,2.96352,9.13716e+06,4.02164e+06,1.15674e+07,0,0,0,7.73942e+07
70.1474,85.139,4.12769,0.02,0,2.79432,2.86123,0,0.523526,5.32224,4.39666e+06,3.00878e+06,1.22857e+07,0,0,0,2.73962e+08,62.3362,61.308,3.59065,1,0,1.26629,1.29661,0,0.978091,2.96352,9.13716e+06,4.02164e+06,1.15703e+07,0,0,0,7.73942e+07
73.5822,85.139,6.60535,0.02,0,2.79501,2.86194,0,0.523656,5.32224,4.39666e+06,3.00878e+06,1.22887e+07,0,0,0,2.73962e+08,62.3362,61.308,5.82067,1,0,1.2666,1.29693,0,0.978334,2.96352,9.13716e+06,4.02164e+06,1.15731e+07,0,0,0,7.73942e+07
74.1253,85.139,3.71787,0.02,0,2.79571,2.86265,0,0.523786,5.32224,4.39666e+06,3.00878e+06,1.22918e+07,0,0,0,2.73962e+08,62.3362,61.308,4.57907,1,0,1.26692,1.29725,0,0.978576,2.96352,9.13716e+06,4.02164e+06,1.1576e+07,0,0,0,7.73942e+07
74.8002,85.139,3.86,0,0,2.7964,2.86336,0,0.523915,5.32224,4.39666e+06,3.00878e+06,1.22948e+07,0,0,0,2.73962e+08,62.3362,61.308,4.26572,1,0,1.26723,1.29757,0,0.978819,2.96352,9.13716e+06,4.02164e+06,1.15789e+07,0,0,0,7.73942e+07
75.9714,85.139,4.45138,0,0,2.8847,2.95378,0,0.524045,5.32224,4.39666e+06,3.00878e+06,1.26831e+07,0,0,0,2.73962e+08,62.3362,61.308,6.52102,1,0,1.30852,1.33985,0,0.979062,2.96352,9.13716e+06,4.02164e+06,1.19562e+07,0,0,0,7.73942e+07
76.9707,85.139,4.32492,0,0,2.88539,2.95448,0,0.540593,5.32224,4.39666e+06,3.00878e+06,1.26861e+07,0,0,0,2.73962e+08,62.3362,61.308,6.96162,1,0,1.30883,1.34017,0,1.01096,2.96352,9.13716e+06,4.02164e+06,1.1959e+07,0,0,0,7.73942e+07
77.6678,85.139,4.05267,0,0,2.88607,2.95518,0,0.540722,5.32224,4.39666e+06,3.00878e+06,1.26891e+07,0,0,0,2.73962e+08,62.3362,61.308,6.41182,1,0,1.30914,1.34049,0,1.0112,2.96352,9.13716e+06,4.02164e+06,1.19619e+07,0,0,0,7.73942e+07
79.1407,85.139,4.94475,0,0,2.88676,2.95589,0,0.54085,5.32224,4.39666e+06,3.00878e+06,1.26921e+07,0,0,0,2.73962e+08,62.3362,61.308,5.93239,1,0,1.30945,1.34081,0,1.01144,2.96352,9.13716e+06,4.02164e+06,1.19647e+07,0,0,0,7.73942e+07
78.6625,85.139,3.07582,0,0,3.16908,3.24497,0,0.540979,5.32224,4.39666e+06,3.00878e+06,1.39334e+07,0,0,0,2.73962e+08,62.3362,61.308,4.39333,1,0,1.46377,1.49882,0,1.01168,2.96352,9.13716e+06,4.02164e+06,1.33747e+07,0,0,0,7.73942e+07
79.2645,85.139,4.24662,0,0,3.16984,3.24574,0,0.593886,5.32224,4.39666e+06,3.00878e+06,1.39367e+07,0,0,0,2.73962e+08,62.3362,61.308,6.67532,1,0,1.46412,1.49917,0,1.13091,2.96352,9.13716e+06,4.02164e+06,1.33779e+07,0,0,0,7.73942e+07
80.9088,85.139,5.44755,0,0,3.17059,3.24651,0,0.594027,5.32224,4.39666e+06,3.00878e+06,1.394e+07,0,0,0,2.73962e+08,62.3362,61.308,7.18824,1,0,1.46446,1.49953,0,1.13118,2.96352,9.13716e+06,4.02164e+06,1.3381e+07,0,0,0,7.73942e+07
80.9769,85.139,3.71623,0,0,3.17134,3.24728,0,0.594168,5.32224,4.39666e+06,3.00878e+06,1.39433e+07,0,0,0,2.73962e+08,62.3362,61.308,6.12274,1,0,1.46481,1.49989,0,1.13144,2.96352,9.13716e+06,4.02164e+06,1.33842e+07,0,0,0,7.73942e+07
81.94,85.139,4.25728,0,0,2.77001,2.83634,0,0.59431,5.32224,4.39666e+06,3.00878e+06,1.21788e+07,0,0,0,2.73962e+08,62.3362,61.308,6.47843,1,0,1.25829,1.28842,0,1.13171,2.96352,9.13716e+06,4.02164e+06,1.14972e+07,0,0,0,7.73942e+07
83.4091,85.139,4.8158,0,0,2.77067,2.83702,0,0.519101,5.32224,4.39666e+06,3.00878e+06,1.21817e+07,0,0,0,2.73962e+08,62.3362,61.308,5.64228,1,0,1.25859,1.28873,0,0.972157,2.96352,9.13716e+06,4.02164e+06,1.15e+07,0,0,0,7.73942e+07
83.926,85.139,3.81708,0,0,2.77133,2.83769,0,0.519224,5.32224,4.39666e+06,3.00878e+06,1.21846e+07,0,0,0,2.73962e+08,62.3362,61.308,3.48342,1,0,1.25889,1.28904,0,0.972388,2.96352,9.13716e+06,4.02164e+06,1.15027e+07,0,0,0,7.73942e+07
83.9996,85.139,3.35501,0,0,2.77199,2.83837,0,0.519347,5.32224,4.39666e+06,3.00878e+06,1.21875e+07,0,0,0,2.73962e+08,62.3362,61.308,3.53602,1,0,1.25919,1.28934,0,0.972619,2.96352,9.13716e+06,4.02164e+06,1.15054e+07,0,0,0,7.73942e+07
85.139,85.139,6.18404,0,0,2.77265,2.83904,0,0.519471,5.32224,4.39666e+06,3.00878e+06,1.21904e+07,0,0,0,2.73962e+08,62.3362,61.308,6.02124,1,0,1.25949,1.28965,0,0.97285,2.96352,9.13716e+06,4.02164e+06,1.15082e+07,0,0,0,7.73942e+07
85.139,85.139,5.47153,0,0,2.87464,2.94347,0,0.519594,5.32224,4.39666e+06,3.00878e+06,1.26388e+07,0,0,0,2.73962e+08,62.3362,61.308,4.31904,1,0,1.31046,1.34184,0,0.973082,2.96352,9.13716e+06,4.02164e+06,1.19738e+07,0,0,0,7.73942e+07
85.139,85.139,5.2231,0,0,2.87532,2.94417,0,0.538707,5.32224,4.39666e+06,3.00878e+06,1.26418e+07,0,0,0,2.73962e+08,62.3362,61.308,5.64455,1,0,1.31077,1.34216,0,1.01246,2.96352,9.13716e+06,4.02164e+06,1.19767e+07,0,0,0,7.73942e+07
85.139,85.139,4.92739,0,0,2.87601,2.94487,0,0.538835,5.32224,4.39666e+06,3.00878e+06,1.26448e+07,0,0,0,2.73962e+08,62.3362,61.308,6.08336,1,0,1.31108,1.34247,0,1.0127,2.96352,9.13716e+06,4.02164e+06,1.19795e+07,0,0,0,7.73942e+07
85.139,85.139,3.67442,0,0,2.87669,2.94557,0,0.538963,5.32224,4.39666e+06,3.00878e+06,1.26478e+07,0,0,0,2.73962e+08,62.3362,61.308,5.78743,1,0,1.31139,1.34279,0,1.01294,2.96352,9.13716e+06,4.02164e+06,1.19824e+07,0,0,0,7.73942e+07
84.8916,85.139,3.0668,0,0,2.83771,2.90567,0,0.539091,5.32224,4.39666e+06,3.00878e+06,1.24765e+07,0,0,0,2.73962e+08,62.3362,61.308,4.48967,1,0,1.29201,1.32294,0,1.01318,2.96352,9.13716e+06,4.02164e+06,1.18053e+07,0,0,0,7.73942e+07
84.3322,85.139,2.63457,0,0,2.83839,2.90636,0,0.531788,5.32224,4.39666e+06,3.00878e+06,1.24794e+07,0,0,0,2.73962e+08,62.3362,61.308,3.20026,1,0,1.29231,1.32326,0,0.998203,2.96352,9.13716e+06,4.02164e+06,1.18081e+07,0,0,0,7.73942e+07
83.5388,85.139,2.37965,0,0,2.83906,2.90705,0,0.531914,5.32224,4.39666e+06,3.00878e+06,1.24824e+07,0,0,0,2.73962e+08,62.3362,61.308,3.1846,1,0,1.29262,1.32357,0,0.99844,2.96352,9.13716e+06,4.02164e+06,1.18109e+07,0,0,0,7.73942e+07
83.7732,85.139,3.4302,0,0,2.83974,2.90774,0,0.53204,5.32224,4.39666e+06,3.00878e+06,1.24854e+07,0,0,0,2.73962e+08,62.3362,61.308,3.62173,1,0,1.29293,1.32389,0,0.998677,2.96352,9.13716e+06,4.02164e+06,1.18137e+07,0,0,0,7.73942e+07
83.1045,85.139,2.60043,0,0,2.97515,3.0464,0,0.532167,5.32224,4.39666e+06,3.00878e+06,1.30807e+07,0,0,0,2.73962e+08,62.3362,61.308,3.27967,1,0,1.36315,1.39579,0,0.998915,2.96352,9.13716e+06,4.02164e+06,1.24553e+07,0,0,0,7.73942e+07
82.271,85.139,2.39501,0,0,2.97586,3.04712,0,0.557544,5.32224,4.39666e+06,3.00878e+06,1.30838e+07,0,0,0,2.73962e+08,62.3362,61.308,2.76467,1,0,1.36348,1.39613,0,1.05317,2.96352,9.13716e+06,4.02164e+06,1.24583e+07,0,0,0,7.73942e+07
81.2923,85.139,2.19397,0,0,2.97657,3.04784,0,0.557676,5.32224,4.39666e+06,3.00878e+06,1.3087e+07,0,0,0,2.73962e+08,62.3362,61.308,2.67302,1,0,1.3638,1.39646,0,1.05342,2.96352,9.13716e+06,4.02164e+06,1.24613e+07,0,0,0,7.73942e+07
80.2941,85.139,2.16377,0,0,2.97727,3.04857,0,0.557809,5.32224,4.39666e+06,3.00878e+06,1.30901e+07,0,0,0,2.73962e+08,62.3362,61.308,2.71936,1,0,1.36412,1.39679,0,1.05367,2.96352,9.13716e+06,4.02164e+06,1.24642e+07,0,0,0,7.73942e+07
79.1705,85.139,2.0237,0,0,2.97798,3.04929,0,0.557941,5.32224,4.39666e+06,3.00878e+06,1.30932e+07,0,0,0,2.73962e+08,62.3362,61.308,2.56976,1,0,1.36445,1.39712,0,1.05392,2.96352,9.13716e+06,4.02164e+06,1.24672e+07,0,0,0,7.73942e+07
77.7669,85.139,1.67684,0,0,2.95201,3.0227,0,0.558074,5.32224,4.39666e+06,3.00878e+06,1.2979e+07,0,0,0,2.73962e+08,62.2892,61.308,2.14314,1,0,1.40325,1.43685,0,1.05417,2.96352,9.13716e+06,4.02164e+06,1.28217e+07,0,0,0,7.73942e+07
76.202,85.139,1.47795,0,0,2.95271,3.02342,0,0.553207,5.32224,4.39666e+06,3.00878e+06,1.29821e+07,0,0,0,2.73962e+08,62.2908,61.308,1.93617,1,0,1.40358,1.43719,0,1.08415,2.96352,9.13716e+06,4.02164e+06,1.28247e+07,0,0,0,7.73942e+07
74.5942,85.139,1.40539,0,0,2.95341,3.02413,0,0.553338,5.32224,4.39666e+06,3.00878e+06,1.29852e+07,0,0,0,2.73962e+08,62.1659,61.308,1.90314,1,0,1.40391,1.43753,0,1.08441,2.96352,9.13716e+06,4.02164e+06,1.28278e+07,0,0,0,7.73942e+07
72.8375,85.139,1.22196,0,0,2.95411,3.02485,0,0.553469,5.32224,4.39666e+06,3.00878e+06,1.29882e+07,0,0,0,2.73962e+08,62.0063,61.308,1.77798,1,0,1.40425,1.43787,0,1.08466,2.96352,9.13716e+06,4.02164e+06,1.28308e+07,0,0,0,7.73942e+07
71.0025,85.139,1.17793,0.01,0,3.02377,3.09618,0,0.553601,5.32224,4.39666e+06,3.00878e+06,1.32945e+07,0,0,0,2.73962e+08,61.6613,61.308,1.78553,1,0,1.4389,1.47336,0,1.08492,2.96352,9.13716e+06,4.02164e+06,1.31475e+07,0,0,0,7.73942e+07
69.2178,85.139,1.20822,0.01,0,3.02449,3.09691,0,0.566655,5.32224,4.39666e+06,3.00878e+06,1.32977e+07,0,0,0,2.73962e+08,61.4216,61.308,1.66653,1,0,1.43924,1.47371,0,1.11169,2.96352,9.13716e+06,4.02164e+06,1.31506e+07,0,0,0,7.73942e+07
67.3889,85.139,1.13992,0.01,0,3.02521,3.09765,0,0.56679,5.32224,4.39666e+06,3.00878e+06,1.33008e+07,0,0,0,2.73962e+08,61.0523,61.308,1.70895,1,0,1.43958,1.47406,0,1.11196,2.96352,9.13716e+06,4.02164e+06,1.31537e+07,0,0,0,7.73942e+07
65.5063,85.139,1.06677,0.02,0,3.02593,3.09839,0,0.566924,5.32224,4.39666e+06,3.00878e+06,1.3304e+07,0,0,0,2.73962e+08,60.7164,61.308,1.56786,1,0,1.43993,1.47441,0,1.11222,2.96352,9.13716e+06,4.02164e+06,1.31568e+07,0,0,0,7.73942e+07
63.4651,85.139,1.04846,0.02,0,3.22878,3.3061,0,0.567059,5.32224,4.39666e+06,3.00878e+06,1.41959e+07,0,0,0,2.73962e+08,60.1651,61.308,1.68064,1,0,1.56427,1.60173,0,1.11249,2.96352,9.13716e+06,4.02164e+06,1.4293e+07,0,0,0,7.73942e+07
61.419,85.139,0.995646,0.02,0,3.22955,3.30688,0,0.605074,5.32224,4.39666e+06,3.00878e+06,1.41992e+07,0,0,0,2.73962e+08,59.6362,61.308,1.47867,1,0,1.56464,1.60211,0,1.20855,2.96352,9.13716e+06,4.02164e+06,1.42964e+07,0,0,0,7.73942e+07
59.4243,85.139,1.02466,0.02,0,3.23031,3.30767,0,0.605217,5.32224,4.39666e+06,3.00878e+06,1.42026e+07,0,0,0,2.73962e+08,58.9424,61.308,1.59693,1,0,1.56501,1.60249,0,1.20884,2.96352,9.13716e+06,4.02164e+06,1.42998e+07,0,0,0,7.73942e+07
57.261,85.139,0.842572,0.02,0,3.23108,3.30845,0,0.605361,5.32224,4.39666e+06,3.00878e+06,1.4206e+07,0,0,0,2.73962e+08,58.4873,61.308,1.27331,1,0,1.56538,1.60287,0,1.20913,2.96352,9.13716e+06,4.02164e+06,1.43031e+07,0,0,0,7.73942e+07
55.268,85.139,0.976912,0.02,0,3.23185,3.30924,0,0.605505,5.32224,4.39666e+06,3.00878e+06,1.42093e+07,0,0,0,2.73962e+08,57.9,61.308,1.92394,1,0,1.56575,1.60325,0,1.20941,2.96352,9.13716e+06,4.02164e+06,1.43065e+07,0,0,0,7.73942e+07
53.3558,85.139,0.982024,0.03,0,3.13398,3.20903,0,0.605648,5.32224,4.39666e+06,3.00878e+06,1.37791e+07,0,0,0,2.73962e+08,57.3162,61.308,1.33506,1,0,1.49077,1.52647,0,1.2097,2.96352,9.13716e+06,4.02164e+06,1.36214e+07,0,0,0,7.73942e+07
52.0196,85.139,1.53444,0.03,0,3.13473,3.20979,0,0.587309,5.32224,4.39666e+06,3.00878e+06,1.37823e+07,0,0,0,2.73962e+08,56.8547,61.308,1.59447,1,0,1.49113,1.52683,0,1.15177,2.96352,9.13716e+06,4.02164e+06,1.36246e+07,0,0,0,7.73942e+07
50.3449,85.139,1.21173,0.03,0,3.13547,3.21055,0,0.587448,5.32224,4.39666e+06,3.00878e+06,1.37856e+07,0,0,0,2.73962e+08,55.9144,61.308,1.42447,1,0,1.49148,1.52719,0,1.15204,2.96352,9.13716e+06,4.02164e+06,1.36279e+07,0,0,0,7.73942e+07
48.3292,85.139,0.803708,0.05,0,3.13621,3.21131,0,0.587587,5.32224,4.39666e+06,3.00878e+06,1.37889e+07,0,0,0,2.73962e+08,55.1504,61.308,0.958244,1,0,1.49183,1.52756,0,1.15232,2.96352,9.13716e+06,4.02164e+06,1.36311e+07,0,0,0,7.73942e+07
47.0727,85.139,1.52285,0.04,0,3.05592,3.1291,0,0.587727,5.32224,4.39666e+06,3.00878e+06,1.34359e+07,0,0,0,2.73962e+08,54.7061,61.308,1.43241,1,0,1.42353,1.45762,0,1.15259,2.96352,9.13716e+06,4.02164e+06,1.3007e+07,0,0,0,7.73942e+07
45.0376,85.139,0.821446,0.03,0,3.05665,3.12984,0,0.57268,5.32224,4.39666e+06,3.00878e+06,1.3439e+07,0,0,0,2.73962e+08,54.502,61.308,1.40099,1,0,1.42387,1.45796,0,1.09982,2.96352,9.13716e+06,4.02164e+06,1.30101e+07,0,0,0,7.73942e+07
43.7835,85.139,1.53182,0.06,0,3.05737,3.13058,0,0.572816,5.32224,4.39666e+06,3.00878e+06,1.34422e+07,0,0,0,2.73962e+08,54.4533,61.308,1.84955,1,0,1.42421,1.45831,0,1.10008,2.96352,9.13716e+06,4.02164e+06,1.30132e+07,0,0,0,7.73942e+07
45.3724,85.139,4.52596,0.06,0,3.0581,3.13133,0,0.572952,5.32224,4.39666e+06,3.00878e+06,1.34454e+07,0,0,0,2.73962e+08,54.8926,61.308,3.04252,1,0,1.42454,1.45866,0,1.10034,2.96352,9.13716e+06,4.02164e+06,1.30163e+07,0,0,0,7.73942e+07
44.9922,85.139,2.34406,0.06,0,2.82846,2.89619,0,0.573088,5.32224,4.39666e+06,3.00878e+06,1.24358e+07,0,0,0,2.73962e+08,55.2032,61.308,2.19135,1,0,1.28176,1.31245,0,1.1006,2.96352,9.13716e+06,4.02164e+06,1.17116e+07,0,0,0,7.73942e+07
45.6894,85.139,3.47468,0.06,0,2.82913,2.89687,0,0.530053,5.32224,4.39666e+06,3.00878e+06,1.24387e+07,0,0,0,2.73962e+08,55.5846,61.308,3.16922,1,0,1.28206,1.31276,0,0.990286,2.96352,9.13716e+06,4.02164e+06,1.17144e+07,0,0,0,7.73942e+07
46.1529,85.139,3.24592,0.05,0,2.8298,2.89756,0,0.530179,5.32224,4.39666e+06,3.00878e+06,1.24417e+07,0,0,0,2.73962e+08,55.6857,61.308,2.46624,1,0,1.28237,1.31307,0,0.990521,2.96352,9.13716e+06,4.02164e+06,1.17172e+07,0,0,0,7.73942e+07
47.5223,85.139,4.17262,0.05,0,2.83047,2.89825,0,0.530304,5.32224,4.39666e+06,3.00878e+06,1.24446e+07,0,0,0,2.73962e+08,56.0816,61.308,3.25731,1,0,1.28267,1.31338,0,0.990756,2.96352,9.13716e+06,4.02164e+06,1.172e+07,0,0,0,7.73942e+07
48.2788,85.139,3.75144,0.06,0,2.83114,2.89894,0,0.53043,5.32224,4.39666e+06,3.00878e+06,1.24476e+07,0,0,0,2.73962e+08,56.7062,61.308,2.71463,1,0,1.28297,1.3137,0,0.99099,2.96352,9.13716e+06,4.02164e+06,1.17227e+07,0,0,0,7.73942e+07
51.2795,85.139,6.02034,0.07,0,2.83114,2.89894,0,0.530556,5.32224,4.39666e+06,3.00878e+06,1.24476e+07,0,0,0,2.73962e+08,57.7157,61.308,4.05848,1,0,1.28297,1.3137,0,0.991225,2.96352,9.13716e+06,4.02164e+06,1.17227e+07,0,0,0,7.73942e+07
53.3536,85.139,5.21325,0.04,0,2.92051,2.99044,0,0.530556,5.32224,4.39666e+06,3.00878e+06,1.28405e+07,0,0,0,2.73962e+08,58.4682,61.308,4.00716,1,0,1.32476,1.35649,0,0.991225,2.96352,9.13716e+06,4.02164e+06,1.21046e+07,0,0,0,7.73942e+07
56.2651,85.139,6.19625,0.04,0,2.92117,2.99112,0,0.547303,5.32224,4.39666e+06,3.00878e+06,1.28434e+07,0,0,0,2.73962e+08,59.4454,61.308,4.05056,1,0,1.32506,1.35679,0,1.02351,2.96352,9.13716e+06,4.02164e+06,1.21073e+07,0,0,0,7.73942e+07
56.6789,85.139,3.50747,0.04,0,2.92184,2.9918,0,0.547428,5.32224,4.39666e+06,3.00878e+06,1.28463e+07,0,0,0,2.73962e+08,59.9592,61.308,2.95699,1,0,1.32537,1.3571,0,1.02374,2.96352,9.13716e+06,4.02164e+06,1.21101e+07,0,0,0,7.73942e+07
56.3744,85.139,2.77786,0.05,0,2.9225,2.99248,0,0.547552,5.32224,4.39666e+06,3.00878e+06,1.28492e+07,0,0,0,2.73962e+08,60.357,61.308,2.70818,1,0,1.32567,1.35741,0,1.02398,2.96352,9.13716e+06,4.02164e+06,1.21128e+07,0,0,0,7.73942e+07
58.8903,85.139,5.9412,0.04,0,3.20828,3.28511,0,0.547676,5.32224,4.39666e+06,3.00878e+06,1.41057e+07,0,0,0,2.73962e+08,61.2189,61.308,4.45963,1,0,1.48187,1.51736,0,1.02421,2.96352,9.13716e+06,4.02164e+06,1.35401e+07,0,0,0,7.73942e+07
59.8105,85.139,4.301,0.02,0,3.20901,3.28585,0,0.601232,5.32224,4.39666e+06,3.00878e+06,1.41089e+07,0,0,0,2.73962e+08,61.238,61.308,2.67722,1,0,1.48221,1.5177,0,1.1449,2.96352,9.13716e+06,4.02164e+06,1.35432e+07,0,0,0,7.73942e+07
59.8319,85.139,3.36363,0.02,0,3.20974,3.2866,0,0.601369,5.32224,4.39666e+06,3.00878e+06,1.41121e+07,0,0,0,2.73962e+08,61.1577,61.308,2.0816,1,0,1.48255,1.51805,0,1.14516,2.96352,9.13716e+06,4.02164e+06,1.35463e+07,0,0,0,7.73942e+07
59.8852,85.139,3.47617,0.02,0,3.21047,3.28735,0,0.601505,5.32224,4.39666e+06,3.00878e+06,1.41153e+07,0,0,0,2.73962e+08,61.2032,61.308,2.32103,1,0,1.48288,1.51839,0,1.14542,2.96352,9.13716e+06,4.02164e+06,1.35493e+07,0,0,0,7.73942e+07
60.2316,85.139,3.40348,0.03,0,2.80416,2.87131,0,0.601642,5.32224,4.39666e+06,3.00878e+06,1.23289e+07,0,0,0,2.73962e+08,61.7685,61.308,2.57111,1,0,1.2738,1.3043,0,1.14568,2.96352,9.13716e+06,4.02164e+06,1.16389e+07,0,0,0,7.73942e+07
61.434,85.139,4.30488,0.03,0,2.80479,2.87196,0,0.525499,5.32224,4.39666e+06,3.00878e+06,1.23317e+07,0,0,0,2.73962e+08,62.3362,61.308,3.23889,1,0,1.27409,1.3046,0,0.98414,2.96352,9.13716e+06,4.02164e+06,1.16416e+07,0,0,0,7.73942e+07
63.1726,85.139,5.00029,0.03,0,2.80543,2.87261,0,0.525619,5.32224,4.39666e+06,3.00878e+06,1.23345e+07,0,0,0,2.73962e+08,62.3362,61.308,4.93557,1,0,1.27438,1.3049,0,0.984363,2.96352,9.13716e+06,4.02164e+06,1.16442e+07,0,0,0,7.73942e+07
65.6287,85.139,5.91003,0.02,0,2.80607,2.87326,0,0.525738,5.32224,4.39666e+06,3.00878e+06,1.23373e+07,0,0,0,2.73962e+08,62.3362,61.308,4.93355,1,0,1.27467,1.30519,0,0.984587,2.96352,9.13716e+06,4.02164e+06,1.16469e+07,0,0,0,7.73942e+07
67.5561,85.139,5.29344,0.02,0,2.80671,2.87391,0,0.525857,5.32224,4.39666e+06,3.00878e+06,1.23401e+07,0,0,0,2.73962e+08,62.3362,61.308,3.64706,1,0,1.27496,1.30549,0,0.98481,2.96352,9.13716e+06,4.02164e+06,1.16495e+07,0,0,0,7.73942e+07
69.7206,85.139,5.56506,0.03,0,2.90992,2.9796,0,0.525977,5.32224,4.39666e+06,3.00878e+06,1.27939e+07,0,0,0,2.73962e+08,62.3362,61.308,2.991,1,0,1.32654,1.3583,0,0.985034,2.96352,9.13716e+06,4.02164e+06,1.21208e+07,0,0,0,7.73942e+07
71.156,85.139,4.79597,0.02,0,2.91058,2.98027,0,0.545318,5.32224,4.39666e+06,3.00878e+06,1.27968e+07,0,0,0,2.73962e+08,62.3362,61.308,2.90956,1,0,1.32684,1.35861,0,1.02488,2.96352,9.13716e+06,4.02164e+06,1.21235e+07,0,0,0,7.73942e+07
72.5802,85.139,4.7352,0.01,0,2.91124,2.98095,0,0.545442,5.32224,4.39666e+06,3.00878e+06,1.27997e+07,0,0,0,2.73962e+08,62.3362,61.308,2.62299,1,0,1.32714,1.35892,0,1.02512,2.96352,9.13716e+06,4.02164e+06,1.21263e+07,0,0,0,7.73942e+07
74.4203,85.139,5.20939,0.01,0,2.9119,2.98163,0,0.545566,5.32224,4.39666e+06,3.00878e+06,1.28026e+07,0,0,0,2.73962e+08,62.3362,61.308,3.12711,1,0,1.32744,1.35923,0,1.02535,2.96352,9.13716e+06,4.02164e+06,1.2129e+07,0,0,0,7.73942e+07
75.6763,85.139,4.53378,0,0,2.87242,2.9412,0,0.54569,5.32224,4.39666e+06,3.00878e+06,1.2629e+07,0,0,0,2.73962e+08,62.3362,61.308,3.90163,1,0,1.3078,1.33912,0,1.02558,2.96352,9.13716e+06,4.02164e+06,1.19496e+07,0,0,0,7.73942e+07
76.0951,85.139,3.59732,0,0,2.87307,2.94187,0,0.538291,5.32224,4.39666e+06,3.00878e+06,1.26319e+07,0,0,0,2.73962e+08,62.3362,61.308,2.95581,1,0,1.3081,1.33942,0,1.01041,2.96352,9.13716e+06,4.02164e+06,1.19523e+07,0,0,0,7.73942e+07
76.0954,85.139,3.15133,0,0,2.87372,2.94253,0,0.538413,5.32224,4.39666e+06,3.00878e+06,1.26348e+07,0,0,0,2.73962e+08,62.3362,61.308,2.67559,1,0,1.3084,1.33973,0,1.01064,2.96352,9.13716e+06,4.02164e+06,1.1955e+07,0,0,0,7.73942e+07
75.7996,85.139,2.82475,0,0,2.87437,2.9432,0,0.538535,5.32224,4.39666e+06,3.00878e+06,1.26376e+07,0,0,0,2.73962e+08,62.3362,61.308,2.37311,1,0,1.3087,1.34003,0,1.01087,2.96352,9.13716e+06,4.02164e+06,1.19578e+07,0,0,0,7.73942e+07
75.4071,85.139,2.81534,0,0,3.01141,3.08352,0,0.538657,5.32224,4.39666e+06,3.00878e+06,1.32401e+07,0,0,0,2.73962e+08,62.3362,61.308,2.45036,1,0,1.37976,1.4128,0,1.0111,2.96352,9.13716e+06,4.02164e+06,1.26071e+07,0,0,0,7.73942e+07
74.8005,85.139,2.54639,0,0,3.01209,3.08422,0,0.564338,5.32224,4.39666e+06,3.00878e+06,1.32431e+07,0,0,0,2.73962e+08,62.3362,61.308,2.29438,1,0,1.38008,1.41312,0,1.06601,2.96352,9.13716e+06,4.02164e+06,1.261e+07,0,0,0,7.73942e+07
74.0409,85.139,2.35268,0,0,3.01277,3.08492,0,0.564466,5.32224,4.39666e+06,3.00878e+06,1.32461e+07,0,0,0,2.73962e+08,62.3362,61.308,2.3092,1,0,1.38039,1.41344,0,1.06625,2.96352,9.13716e+06,4.02164e+06,1.26128e+07,0,0,0,7.73942e+07
73.218,85.139,2.27643,0,0,3.01346,3.08562,0,0.564594,5.32224,4.39666e+06,3.00878e+06,1.32492e+07,0,0,0,2.73962e+08,62.3362,61.308,2.28576,1,0,1.3807,1.41376,0,1.06649,2.96352,9.13716e+06,4.02164e+06,1.26157e+07,0,0,0,7.73942e+07
72.3241,85.139,2.19636,0,0,3.01414,3.08632,0,0.564722,5.32224,4.39666e+06,3.00878e+06,1.32522e+07,0,0,0,2.73962e+08,62.2256,61.308,2.01821,1,0,1.38102,1.41408,0,1.06673,2.96352,9.13716e+06,4.02164e+06,1.26186e+07,0,0,0,7.73942e+07
71.4273,85.139,2.16313,0,0,2.98782,3.05937,0,0.56485,5.32224,4.39666e+06,3.00878e+06,1.31364e+07,0,0,0,2.73962e+08,62.0465,61.308,1.79896,1,0,1.42027,1.45428,0,1.06697,2.96352,9.13716e+06,4.02164e+06,1.29772e+07,0,0,0,7.73942e+07
70.4201,85.139,2.01704,0,0,2.9885,3.06006,0,0.559918,5.32224,4.39666e+06,3.00878e+06,1.31394e+07,0,0,0,2.73962e+08,61.8144,61.308,1.71955,1,0,1.42059,1.45461,0,1.0973,2.96352,9.13716e+06,4.02164e+06,1.29802e+07,0,0,0,7.73942e+07
69.2053,85.139,1.78256,0.01,0,2.98918,3.06076,0,0.560045,5.32224,4.39666e+06,3.00878e+06,1.31424e+07,0,0,0,2.73962e+08,61.5873,61.308,1.68592,1,0,1.42091,1.45494,0,1.09755,2.96352,9.13716e+06,4.02164e+06,1.29831e+07,0,0,0,7.73942e+07
67.9741,85.139,1.74807,0.01,0,2.98986,3.06145,0,0.560172,5.32224,4.39666e+06,3.00878e+06,1.31454e+07,0,0,0,2.73962e+08,61.1647,61.308,1.72081,1,0,1.42124,1.45527,0,1.0978,2.96352,9.13716e+06,4.02164e+06,1.29861e+07,0,0,0,7.73942e+07
66.7152,85.139,1.76227,0.02,0,3.06033,3.13361,0,0.560299,5.32224,4.39666e+06,3.00878e+06,1.34552e+07,0,0,0,2.73962e+08,60.7437,61.308,1.53918,1,0,1.45629,1.49117,0,1.09805,2.96352,9.13716e+06,4.02164e+06,1.33064e+07,0,0,0,7.73942e+07
65.4271,85.139,1.72176,0.02,0,3.06102,3.13432,0,0.573505,5.32224,4.39666e+06,3.00878e+06,1.34583e+07,0,0,0,2.73962e+08,60.2683,61.308,1.58659,1,0,1.45663,1.49151,0,1.12513,2.96352,9.13716e+06,4.02164e+06,1.33094e+07,0,0,0,7.73942e+07
64.0478,85.139,1.60725,0.02,0,3.06171,3.13503,0,0.573635,5.32224,4.39666e+06,3.00878e+06,1.34613e+07,0,0,0,2.73962e+08,59.671,61.308,1.503,1,0,1.45696,1.49184,0,1.12539,2.96352,9.13716e+06,4.02164e+06,1.33124e+07,0,0,0,7.73942e+07
62.5588,85.139,1.47511,0.02,0,3.06241,3.13574,0,0.573765,5.32224,4.39666e+06,3.00878e+06,1.34644e+07,0,0,0,2.73962e+08,59.1334,61.308,1.41203,1,0,1.45729,1.49218,0,1.12564,2.96352,9.13716e+06,4.02164e+06,1.33154e+07,0,0,0,7.73942e+07
60.9934,85.139,1.52716,0.02,0,3.26767,3.34592,0,0.573895,5.32224,4.39666e+06,3.00878e+06,1.43669e+07,0,0,0,2.73962e+08,58.2908,61.308,1.4863,1,0,1.58311,1.62102,0,1.1259,2.96352,9.13716e+06,4.02164e+06,1.44651e+07,0,0,0,7.73942e+07
59.3065,85.139,1.3802,0.02,0,3.26841,3.34668,0,0.612362,5.32224,4.39666e+06,3.00878e+06,1.43701e+07,0,0,0,2.73962e+08,57.3141,61.308,1.25314,1,0,1.58347,1.62139,0,1.22311,2.96352,9.13716e+06,4.02164e+06,1.44684e+07,0,0,0,7.73942e+07
57.4081,85.139,1.1654,0.02,0,3.26916,3.34744,0,0.612501,5.32224,4.39666e+06,3.00878e+06,1.43734e+07,0,0,0,2.73962e+08,56.5173,61.308,1.10191,1,0,1.58383,1.62175,0,1.22339,2.96352,9.13716e+06,4.02164e+06,1.44717e+07,0,0,0,7.73942e+07
55.6485,85.139,1.26792,0.02,0,3.2699,3.3482,0,0.61264,5.32224,4.39666e+06,3.00878e+06,1.43766e+07,0,0,0,2.73962e+08,56.01,61.308,1.46537,1,0,1.58419,1.62212,0,1.22367,2.96352,9.13716e+06,4.02164e+06,1.4475e+07,0,0,0,7.73942e+07
53.9939,85.139,1.35879,0.03,0,3.27064,3.34895,0,0.612779,5.32224,4.39666e+06,3.00878e+06,1.43799e+07,0,0,0,2.73962e+08,55.5551,61.308,1.57418,1,0,1.58455,1.62249,0,1.22394,2.96352,9.13716e+06,4.02164e+06,1.44782e+07,0,0,0,7.73942e+07
52.5465,85.139,1.53317,0.03,0,3.17156,3.24751,0,0.612917,5.32224,4.39666e+06,3.00878e+06,1.39443e+07,0,0,0,2.73962e+08,55.3625,61.308,2.21713,1,0,1.50865,1.54477,0,1.22422,2.96352,9.13716e+06,4.02164e+06,1.37848e+07,0,0,0,7.73942e+07
51.2461,85.139,1.70796,0.03,0,3.17228,3.24825,0,0.594351,5.32224,4.39666e+06,3.00878e+06,1.39475e+07,0,0,0,2.73962e+08,55.4332,61.308,2.94616,1,0,1.50899,1.54512,0,1.16558,2.96352,9.13716e+06,4.02164e+06,1.37879e+07,0,0,0,7.73942e+07
49.8659,85.139,1.63613,0.03,0,3.173,3.24898,0,0.594486,5.32224,4.39666e+06,3.00878e+06,1.39506e+07,0,0,0,2.73962e+08,55.5155,61.308,2.89555,1,0,1.50933,1.54547,0,1.16585,2.96352,9.13716e+06,4.02164e+06,1.3791e+07,0,0,0,7.73942e+07
48.6927,85.139,1.90616,0.05,0,3.17372,3.24972,0,0.594621,5.32224,4.39666e+06,3.00878e+06,1.39538e+07,0,0,0,2.73962e+08,55.7993,61.308,3.50003,1,0,1.50967,1.54582,0,1.16611,2.96352,9.13716e+06,4.02164e+06,1.37941e+07,0,0,0,7.73942e+07
48.3339,85.139,2.77275,0.03,0,3.09244,3.16649,0,0.594755,5.32224,4.39666e+06,3.00878e+06,1.35964e+07,0,0,0,2.73962e+08,56.7856,61.308,5.58795,1,0,1.44054,1.47504,0,1.16637,2.96352,9.13716e+06,4.02164e+06,1.31624e+07,0,0,0,7.73942e+07
48.0303,85.139,2.80397,0.03,0,3.09314,3.1672,0,0.579523,5.32224,4.39666e+06,3.00878e+06,1.35995e+07,0,0,0,2.73962e+08,58.4572,61.308,8.93938,1,0,1.44087,1.47537,0,1.11296,2.96352,9.13716e+06,4.02164e+06,1.31654e+07,0,0,0,7.73942e+07
47.7121,85.139,2.84915,0.03,0,3.09384,3.16792,0,0.579654,5.32224,4.39666e+06,3.00878e+06,1.36026e+07,0,0,0,2.73962e+08,59.719,61.308,6.36726,1,0,1.44119,1.4757,0,1.11321,2.96352,9.13716e+06,4.02164e+06,1.31684e+07,0,0,0,7.73942e+07
47.6228,85.139,3.04059,0.03,0,3.09454,3.16864,0,0.579785,5.32224,4.39666e+06,3.00878e+06,1.36056e+07,0,0,0,2.73962e+08,60.81,61.308,5.53081,1,0,1.44152,1.47604,0,1.11347,2.96352,9.13716e+06,4.02164e+06,1.31714e+07,0,0,0,7.73942e+07
49.9881,85.139,5.344,0.03,0,2.86213,2.93067,0,0.579917,5.32224,4.39666e+06,3.00878e+06,1.25838e+07,0,0,0,2.73962e+08,62.2718,61.308,5.80454,1,0,1.29702,1.32808,0,1.11372,2.96352,9.13716e+06,4.02164e+06,1.18511e+07,0,0,0,7.73942e+07
50.8075,85.139,3.83746,0.05,0,2.86278,2.93133,0,0.536364,5.32224,4.39666e+06,3.00878e+06,1.25867e+07,0,0,0,2.73962e+08,62.3362,61.308,4.47677,1,0,1.29731,1.32838,0,1.00208,2.96352,9.13716e+06,4.02164e+06,1.18537e+07,0,0,0,7.73942e+07
51.0614,85.139,3.25938,0.05,0,2.86343,2.932,0,0.536485,5.32224,4.39666e+06,3.00878e+06,1.25895e+07,0,0,0,2.73962e+08,62.3362,61.308,4.29002,1,0,1.2976,1.32868,0,1.0023,2.96352,9.13716e+06,4.02164e+06,1.18564e+07,0,0,0,7.73942e+07
51.7113,85.139,3.71734,0.06,0,2.86408,2.93266,0,0.536607,5.32224,4.39666e+06,3.00878e+06,1.25924e+07,0,0,0,2.73962e+08,62.3362,61.308,3.8381,1,0,1.2979,1.32898,0,1.00253,2.96352,9.13716e+06,4.02164e+06,1.18591e+07,0,0,0,7.73942e+07
52.1225,85.139,3.49343,0.04,0,2.86473,2.93332,0,0.536728,5.32224,4.39666e+06,3.00878e+06,1.25952e+07,0,0,0,2.73962e+08,62.3362,61.308,3.98584,1,0,1.29819,1.32928,0,1.00276,2.96352,9.13716e+06,4.02164e+06,1.18618e+07,0,0,0,7.73942e+07
53.5573,85.139,4.60712,0.04,0.02,2.95512,3.02588,0,0.53685,5.32224,4.39666e+06,3.00878e+06,1.29927e+07,0,0,0,2.73962e+08,62.3362,61.308,5.81793,1,0,1.34046,1.37256,0,1.00298,2.96352,9.13716e+06,4.02164e+06,1.2248e+07,0,0,0,7.73942e+07
54.6008,85.139,4.13564,0.04,0.02,2.95576,3.02654,0,0.55379,5.32224,4.39666e+06,3.00878e+06,1.29955e+07,0,0,0,2.73962e+08,62.3362,61.308,6.66002,1,0,1.34075,1.37286,0,1.03564,2.96352,9.13716e+06,4.02164e+06,1.22507e+07,0,0,0,7.73942e+07
57.5395,85.139,6.12857,0.04,0.02,2.9564,3.0272,0,0.55391,5.32224,4.39666e+06,3.00878e+06,1.29983e+07,0,0,0,2.73962e+08,62.3362,61.308,7.32195,1,0,1.34105,1.37316,0,1.03587,2.96352,9.13716e+06,4.02164e+06,1.22533e+07,0,0,0,7.73942e+07
60.3781,85.139,6.23519,0.02,0.02,2.95704,3.02785,0,0.55403,5.32224,4.39666e+06,3.00878e+06,1.30011e+07,0,0,0,2.73962e+08,62.3362,61.308,7.54178,1,0,1.34134,1.37346,0,1.03609,2.96352,9.13716e+06,4.02164e+06,1.2256e+07,0,0,0,7.73942e+07
61.8548,85.139,5.02126,0.02,0.02,3.24617,3.3239,0,0.55415,5.32224,4.39666e+06,3.00878e+06,1.42723e+07,0,0,0,2.73962e+08,62.3362,61.308,6.79519,1,0,1.49937,1.53528,0,1.03632,2.96352,9.13716e+06,4.02164e+06,1.37e+07,0,0,0,7.73942e+07
63.9877,85.139,5.72137,0.02,0.02,3.24687,3.32462,0,0.608332,5.32224,4.39666e+06,3.00878e+06,1.42754e+07,0,0,0,2.73962e+08,62.3362,61.308,6.94367,1,0,1.4997,1.53561,0,1.15842,2.96352,9.13716e+06,4.02164e+06,1.3703e+07,0,0,0,7.73942e+07
65.6122,85.139,5.26076,0.02,0.02,3.24758,3.32534,0,0.608464,5.32224,4.39666e+06,3.00878e+06,1.42785e+07,0,0,0,2.73962e+08,62.3362,61.308,8.18565,1,0,1.50002,1.53594,0,1.15867,2.96352,9.13716e+06,4.02164e+06,1.37059e+07,0,0,0,7.73942e+07
67.0365,85.139,5.13243,0.02,0.02,3.24828,3.32606,0,0.608596,5.32224,4.39666e+06,3.00878e+06,1.42816e+07,0,0,0,2.73962e+08,62.3362,61.308,8.29761,1,0,1.50035,1.53628,0,1.15892,2.96352,9.13716e+06,4.02164e+06,1.37089e+07,0,0,0,7.73942e+07
68.2955,85.139,4.48679,0.02,0.02,2.83716,2.90509,0,0.608728,5.32224,4.39666e+06,3.00878e+06,1.2474e+07,0,0,0,2.73962e+08,62.3362,61.308,5.3205,1,0,1.28879,1.31965,0,1.15917,2.96352,9.13716e+06,4.02164e+06,1.17759e+07,0,0,0,7.73942e+07
68.6517,85.139,3.4879,0.01,0.02,2.83777,2.90572,0,0.531683,5.32224,4.39666e+06,3.00878e+06,1.24767e+07,0,0,0,2.73962e+08,62.3362,61.308,3.81828,1,0,1.28907,1.31994,0,0.99572,2.96352,9.13716e+06,4.02164e+06,1.17784e+07,0,0,0,7.73942e+07
68.8664,85.139,3.33826,0.01,0.02,2.83838,2.90635,0,0.531798,5.32224,4.39666e+06,3.00878e+06,1.24794e+07,0,0,0,2.73962e+08,62.3362,61.308,4.6972,1,0,1.28935,1.32022,0,0.995936,2.96352,9.13716e+06,4.02164e+06,1.1781e+07,0,0,0,7.73942e+07
70.1588,85.139,4.45012,0.02,0.02,2.839,2.90698,0,0.531913,5.32224,4.39666e+06,3.00878e+06,1.24821e+07,0,0,0,2.73962e+08,62.3362,61.308,3.90632,1,0,1.28963,1.32051,0,0.996152,2.96352,9.13716e+06,4.02164e+06,1.17835e+07,0,0,0,7.73942e+07
70.4881,85.139,3.47212,0.02,0.02,2.83961,2.90761,0,0.532028,5.32224,4.39666e+06,3.00878e+06,1.24848e+07,0,0,0,2.73962e+08,62.3362,61.308,4.0833,1,0,1.28991,1.3208,0,0.996368,2.96352,9.13716e+06,4.02164e+06,1.17861e+07,0,0,0,7.73942e+07
72.6381,85.139,5.41017,0.02,0.02,2.944,3.0145,0,0.532144,5.32224,4.39666e+06,3.00878e+06,1.29438e+07,0,0,0,2.73962e+08,62.3362,61.308,4.65913,1,0,1.34208,1.37422,0,0.996583,2.96352,9.13716e+06,4.02164e+06,1.22628e+07,0,0,0,7.73942e+07
74.0633,85.139,4.67957,0.02,0.02,2.94464,3.01515,0,0.551706,5.32224,4.39666e+06,3.00878e+06,1.29466e+07,0,0,0,2.73962e+08,62.3362,61.308,5.11921,1,0,1.34237,1.37451,0,1.03689,2.96352,9.13716e+06,4.02164e+06,1.22654e+07,0,0,0,7.73942e+07
75.8461,85.139,5.0569,0.01,0.02,2.94528,3.01581,0,0.551826,5.32224,4.39666e+06,3.00878e+06,1.29494e+07,0,0,0,2.73962e+08,62.3362,61.308,4.29081,1,0,1.34266,1.37481,0,1.03711,2.96352,9.13716e+06,4.02164e+06,1.22681e+07,0,0,0,7.73942e+07
76.6467,85.139,4.00388,0,0.02,2.94592,3.01646,0,0.551945,5.32224,4.39666e+06,3.00878e+06,1.29522e+07,0,0,0,2.73962e+08,62.3362,61.308,3.62974,1,0,1.34295,1.37511,0,1.03734,2.96352,9.13716e+06,4.02164e+06,1.22707e+07,0,0,0,7.73942e+07
77.1874,85.139,3.69392,0,0.02,2.90594,2.97553,0,0.552065,5.32224,4.39666e+06,3.00878e+06,1.27765e+07,0,0,0,2.73962e+08,62.3362,61.308,3.61575,1,0,1.32307,1.35475,0,1.03756,2.96352,9.13716e+06,4.02164e+06,1.20891e+07,0,0,0,7.73942e+07
77.3883,85.139,3.3431,0,0.02,2.90657,2.97617,0,0.544574,5.32224,4.39666e+06,3.00878e+06,1.27792e+07,0,0,0,2.73962e+08,62.3362,61.308,3.01887,1,0,1.32336,1.35504,0,1.0222,2.96352,9.13716e+06,4.02164e+06,1.20917e+07,0,0,0,7.73942e+07
78.2354,85.139,3.99043,0,0.02,2.9072,2.97682,0,0.544692,5.32224,4.39666e+06,3.00878e+06,1.2782e+07,0,0,0,2.73962e+08,62.3362,61.308,3.06695,1,0,1.32364,1.35534,0,1.02243,2.96352,9.13716e+06,4.02164e+06,1.20943e+07,0,0,0,7.73942e+07
78.2545,85.139,3.05949,0,0.02,2.90783,2.97746,0,0.54481,5.32224,4.39666e+06,3.00878e+06,1.27848e+07,0,0,0,2.73962e+08,62.3362,61.308,2.98078,1,0,1.32393,1.35563,0,1.02265,2.96352,9.13716e+06,4.02164e+06,1.2097e+07,0,0,0,7.73942e+07
77.9158,85.139,2.76416,0,0.02,3.04643,3.11938,0,0.544928,5.32224,4.39666e+06,3.00878e+06,1.33941e+07,0,0,0,2.73962e+08,62.3362,61.308,2.62977,1,0,1.39581,1.42923,0,1.02287,2.96352,9.13716e+06,4.02164e+06,1.27537e+07,0,0,0,7.73942e+07
77.4149,85.139,2.62133,0,0.02,3.04709,3.12005,0,0.570901,5.32224,4.39666e+06,3.00878e+06,1.3397e+07,0,0,0,2.73962e+08,62.3362,61.308,2.65238,1,0,1.39611,1.42954,0,1.0784,2.96352,9.13716e+06,4.02164e+06,1.27565e+07,0,0,0,7.73942e+07
76.82,85.139,2.51638,0,0.02,3.04775,3.12073,0,0.571025,5.32224,4.39666e+06,3.00878e+06,1.33999e+07,0,0,0,2.73962e+08,62.3362,61.308,2.57496,1,0,1.39641,1.42985,0,1.07864,2.96352,9.13716e+06,4.02164e+06,1.27593e+07,0,0,0,7.73942e+07
76.0786,85.139,2.35784,0,0.02,3.04841,3.1214,0,0.571148,5.32224,4.39666e+06,3.00878e+06,1.34028e+07,0,0,0,2.73962e+08,62.3362,61.308,2.39858,1,0,1.39672,1.43016,0,1.07887,2.96352,9.13716e+06,4.02164e+06,1.2762e+07,0,0,0,7.73942e+07
75.2342,85.139,2.19884,0,0.02,3.04907,3.12208,0,0.571272,5.32224,4.39666e+06,3.00878e+06,1.34057e+07,0,0,0,2.73962e+08,62.3362,61.308,2.43132,1,0,1.39702,1.43047,0,1.0791,2.96352,9.13716e+06,4.02164e+06,1.27648e+07,0,0,0,7.73942e+07
74.2423,85.139,2.04018,0,0.02,3.02241,3.09479,0,0.571395,5.32224,4.39666e+06,3.00878e+06,1.32885e+07,0,0,0,2.73962e+08,62.3362,61.308,2.46666,1,0,1.43671,1.47112,0,1.07934,2.96352,9.13716e+06,4.02164e+06,1.31275e+07,0,0,0,7.73942e+07
73.0543,85.139,1.84422,0,0.02,3.02307,3.09546,0,0.5664,5.32224,4.39666e+06,3.00878e+06,1.32914e+07,0,0,0,2.73962e+08,62.3362,61.308,2.22737,1,0,1.43702,1.47143,0,1.11,2.96352,9.13716e+06,4.02164e+06,1.31303e+07,0,0,0,7.73942e+07
71.7202,85.139,1.68202,0.01,0.02,3.02372,3.09613,0,0.566523,5.32224,4.39666e+06,3.00878e+06,1.32943e+07,0,0,0,2.73962e+08,62.3362,61.308,2.2515,1,0,1.43733,1.47175,0,1.11024,2.96352,9.13716e+06,4.02164e+06,1.31332e+07,0,0,0,7.73942e+07
70.3634,85.139,1.63916,0.01,0.02,3.02438,3.0968,0,0.566645,5.32224,4.39666e+06,3.00878e+06,1.32972e+07,0,0,0,2.73962e+08,62.3351,61.308,2.12716,1,0,1.43765,1.47207,0,1.11048,2.96352,9.13716e+06,4.02164e+06,1.3136e+07,0,0,0,7.73942e+07
68.9757,85.139,1.63215,0.01,0.02,3.09563,3.16975,0,0.566768,5.32224,4.39666e+06,3.00878e+06,1.36104e+07,0,0,0,2.73962e+08,62.2494,61.308,2.02753,1,0,1.47309,1.50837,0,1.11072,2.96352,9.13716e+06,4.02164e+06,1.34599e+07,0,0,0,7.73942e+07
67.542,85.139,1.57302,0.01,0.02,3.0963,3.17044,0,0.580121,5.32224,4.39666e+06,3.00878e+06,1.36134e+07,0,0,0,2.73962e+08,62.1621,61.308,2.04516,1,0,1.47341,1.50869,0,1.13811,2.96352,9.13716e+06,4.02164e+06,1.34628e+07,0,0,0,7.73942e+07
65.9293,85.139,1.37759,0.02,0.02,3.09697,3.17113,0,0.580246,5.32224,4.39666e+06,3.00878e+06,1.36163e+07,0,0,0,2.73962e+08,61.9984,61.308,1.8783,1,0,1.47373,1.50902,0,1.13836,2.96352,9.13716e+06,4.02164e+06,1.34657e+07,0,0,0,7.73942e+07
64.2341,85.139,1.27203,0.02,0.02,3.09764,3.17181,0,0.580372,5.32224,4.39666e+06,3.00878e+06,1.36193e+07,0,0,0,2.73962e+08,61.7939,61.308,1.81166,1,0,1.47405,1.50935,0,1.1386,2.96352,9.13716e+06,4.02164e+06,1.34686e+07,0,0,0,7.73942e+07
62.2863,85.139,1.16162,0.02,0.02,3.30523,3.38438,0,0.580497,5.32224,4.39666e+06,3.00878e+06,1.4532e+07,0,0,0,2.73962e+08,61.4717,61.308,1.73114,1,0,1.60131,1.63965,0,1.13885,2.96352,9.13716e+06,4.02164e+06,1.46314e+07,0,0,0,7.73942e+07
60.6144,85.139,1.43282,0.02,0.02,3.30594,3.38511,0,0.6194,5.32224,4.39666e+06,3.00878e+06,1.45351e+07,0,0,0,2.73962e+08,60.95,61.308,1.83342,1,0,1.60165,1.64,0,1.23717,2.96352,9.13716e+06,4.02164e+06,1.46345e+07,0,0,0,7.73942e+07
58.6915,85.139,1.17439,0.02,0.02,3.30666,3.38584,0,0.619534,5.32224,4.39666e+06,3.00878e+06,1.45383e+07,0,0,0,2.73962e+08,60.5077,61.308,1.46218,1,0,1.602,1.64036,0,1.23744,2.96352,9.13716e+06,4.02164e+06,1.46377e+07,0,0,0,7.73942e+07
56.9942,85.139,1.36544,0.02,0.02,3.30737,3.38657,0,0.619668,5.32224,4.39666e+06,3.00878e+06,1.45414e+07,0,0,0,2.73962e+08,60.2894,61.308,2.20896,1,0,1.60234,1.64071,0,1.2377,2.96352,9.13716e+06,4.02164e+06,1.46409e+07,0,0,0,7.73942e+07
55.15,85.139,1.205,0.02,0.02,3.30809,3.3873,0,0.619802,5.32224,4.39666e+06,3.00878e+06,1.45445e+07,0,0,0,2.73962e+08,59.932,61.308,1.79886,1,0,1.60269,1.64107,0,1.23797,2.96352,9.13716e+06,4.02164e+06,1.4644e+07,0,0,0,7.73942e+07
53.865,85.139,1.70949,0.04,0.02,3.20785,3.28466,0,0.619936,5.32224,4.39666e+06,3.00878e+06,1.41038e+07,0,0,0,2.73962e+08,59.7646,61.308,2.22502,1,0,1.52591,1.56245,0,1.23824,2.96352,9.13716e+06,4.02164e+06,1.39425e+07,0,0,0,7.73942e+07
52.4196,85.139,1.51617,0.03,0.02,3.20854,3.28537,0,0.601151,5.32224,4.39666e+06,3.00878e+06,1.41069e+07,0,0,0,2.73962e+08,59.8838,61.308,3.55289,1,0,1.52624,1.56278,0,1.17892,2.96352,9.13716e+06,4.02164e+06,1.39455e+07,0,0,0,7.73942e+07
50.8269,85.139,1.34997,0.03,0.02,3.20924,3.28608,0,0.601281,5.32224,4.39666e+06,3.00878e+06,1.41099e+07,0,0,0,2.73962e+08,59.6065,61.308,2.11274,1,0,1.52657,1.56312,0,1.17917,2.96352,9.13716e+06,4.02164e+06,1.39485e+07,0,0,0,7.73942e+07
49.0679,85.139,1.15186,0.05,0.02,3.20993,3.28679,0,0.601411,5.32224,4.39666e+06,3.00878e+06,1.4113e+07,0,0,0,2.73962e+08,59.2843,61.308,1.92201,1,0,1.5269,1.56346,0,1.17943,2.96352,9.13716e+06,4.02164e+06,1.39515e+07,0,0,0,7.73942e+07
47.7093,85.139,1.545,0.03,0.02,3.12769,3.20258,0,0.601541,5.32224,4.39666e+06,3.00878e+06,1.37514e+07,0,0,0,2.73962e+08,59.241,61.308,2.59071,1,0,1.45696,1.49185,0,1.17968,2.96352,9.13716e+06,4.02164e+06,1.33125e+07,0,0,0,7.73942e+07
47.1914,85.139,2.43554,0.03,0.02,3.12836,3.20327,0,0.586128,5.32224,4.39666e+06,3.00878e+06,1.37543e+07,0,0,0,2.73962e+08,59.4737,61.308,3.35346,1,0,1.45728,1.49217,0,1.12565,2.96352,9.13716e+06,4.02164e+06,1.33154e+07,0,0,0,7.73942e+07
47.845,85.139,3.61446,0.03,0.02,3.12904,3.20396,0,0.586255,5.32224,4.39666e+06,3.00878e+06,1.37573e+07,0,0,0,2.73962e+08,60.4886,61.308,6.21213,1,0,1.45759,1.49249,0,1.12589,2.96352,9.13716e+06,4.02164e+06,1.33182e+07,0,0,0,7.73942e+07
47.1749,85.139,2.27849,0.03,0.02,3.12971,3.20466,0,0.586382,5.32224,4.39666e+06,3.00878e+06,1.37603e+07,0,0,0,2.73962e+08,60.9543,61.308,4.80644,1,0,1.45791,1.49282,0,1.12613,2.96352,9.13716e+06,4.02164e+06,1.33211e+07,0,0,0,7.73942e+07
50.0694,85.139,5.88142,0.03,0.02,2.89464,2.96395,0,0.586508,5.32224,4.39666e+06,3.00878e+06,1.27267e+07,0,0,0,2.73962e+08,62.1539,61.308,5.56764,1,0,1.31175,1.34316,0,1.12638,2.96352,9.13716e+06,4.02164e+06,1.19856e+07,0,0,0,7.73942e+07
52.1207,85.139,5.02533,0.05,0.02,2.89526,2.96459,0,0.542455,5.32224,4.39666e+06,3.00878e+06,1.27295e+07,0,0,0,2.73962e+08,62.3362,61.308,7.57836,1,0,1.31203,1.34345,0,1.01346,2.96352,9.13716e+06,4.02164e+06,1.19882e+07,0,0,0,7.73942e+07
52.557,85.139,3.31459,0.02,0.02,2.89589,2.96523,0,0.542572,5.32224,4.39666e+06,3.00878e+06,1.27322e+07,0,0,0,2.73962e+08,62.3362,61.308,3.75835,1,0,1.31231,1.34374,0,1.01367,2.96352,9.13716e+06,4.02164e+06,1.19908e+07,0,0,0,7.73942e+07
54.726,85.139,5.13863,0.03,0.02,2.89651,2.96587,0,0.542689,5.32224,4.39666e+06,3.00878e+06,1.2735e+07,0,0,0,2.73962e+08,62.3362,61.308,5.68229,1,0,1.3126,1.34403,0,1.01389,2.96352,9.13716e+06,4.02164e+06,1.19934e+07,0,0,0,7.73942e+07
55.8754,85.139,4.24192,0.04,0.02,2.89714,2.96651,0,0.542807,5.32224,4.39666e+06,3.00878e+06,1.27377e+07,0,0,0,2.73962e+08,62.3362,61.308,4.73289,1,0,1.31288,1.34432,0,1.01411,2.96352,9.13716e+06,4.02164e+06,1.1996e+07,0,0,0,7.73942e+07
57.3078,85.139,4.62945,0.04,0.02,2.98853,3.06009,0,0.542924,5.32224,4.39666e+06,3.00878e+06,1.31395e+07,0,0,0,2.73962e+08,62.3362,61.308,6.8422,1,0,1.35562,1.38808,0,1.01433,2.96352,9.13716e+06,4.02164e+06,1.23865e+07,0,0,0,7.73942e+07
58.7356,85.139,4.65594,0.02,0.02,2.98914,3.06072,0,0.56005,5.32224,4.39666e+06,3.00878e+06,1.31423e+07,0,0,0,2.73962e+08,62.3362,61.308,6.4171,1,0,1.3559,1.38836,0,1.04735,2.96352,9.13716e+06,4.02164e+06,1.2389e+07,0,0,0,7.73942e+07
60.0762,85.139,4.58423,0.02,0.02,2.98976,3.06135,0,0.560166,5.32224,4.39666e+06,3.00878e+06,1.3145e+07,0,0,0,2.73962e+08,62.3362,61.308,6.69316,1,0,1.35618,1.38865,0,1.04757,2.96352,9.13716e+06,4.02164e+06,1.23916e+07,0,0,0,7.73942e+07
61.229,85.139,4.38257,0.02,0.02,2.99038,3.06199,0,0.560281,5.32224,4.39666e+06,3.00878e+06,1.31477e+07,0,0,0,2.73962e+08,62.3362,61.308,7.10789,1,0,1.35646,1.38894,0,1.04778,2.96352,9.13716e+06,4.02164e+06,1.23942e+07,0,0,0,7.73942e+07
63.6717,85.139,5.95627,0.02,0.02,3.28273,3.36134,0,0.560397,5.32224,4.39666e+06,3.00878e+06,1.44331e+07,0,0,0,2.73962e+08,62.3362,61.308,6.44394,1,0,1.51626,1.55257,0,1.048,2.96352,9.13716e+06,4.02164e+06,1.38543e+07,0,0,0,7.73942e+07
64.8385,85.139,4.62308,0.02,0.02,3.28341,3.36203,0,0.615184,5.32224,4.39666e+06,3.00878e+06,1.4436e+07,0,0,0,2.73962e+08,62.3362,61.308,5.23439,1,0,1.51657,1.55289,0,1.17146,2.96352,9.13716e+06,4.02164e+06,1.38572e+07,0,0,0,7.73942e+07
65.2148,85.139,3.80959,0.02,0.02,3.28409,3.36273,0,0.615311,5.32224,4.39666e+06,3.00878e+06,1.4439e+07,0,0,0,2.73962e+08,62.3362,61.308,4.52541,1,0,1.51689,1.55321,0,1.1717,2.96352,9.13716e+06,4.02164e+06,1.386e+07,0,0,0,7.73942e+07
65.7114,85.139,4.00287,0.02,0.02,3.28476,3.36342,0,0.615438,5.32224,4.39666e+06,3.00878e+06,1.4442e+07,0,0,0,2.73962e+08,62.3362,61.308,4.80136,1,0,1.5172,1.55353,0,1.17195,2.96352,9.13716e+06,4.02164e+06,1.38629e+07,0,0,0,7.73942e+07
71.0821,85.139,8.65391,0.02,0.02,2.86899,2.93769,0,0.615565,5.32224,4.39666e+06,3.00878e+06,1.2614e+07,0,0,0,2.73962e+08,62.3362,61.308,13.1132,1,0,1.30325,1.33446,0,1.17219,2.96352,9.13716e+06,4.02164e+06,1.1908e+07,0,0,0,7.73942e+07
76.2003,85.139,8.66011,0.02,0.02,2.86958,2.9383,0,0.537649,5.32224,4.39666e+06,3.00878e+06,1.26166e+07,0,0,0,2.73962e+08,62.3362,61.308,13.3141,1,0,1.30352,1.33474,0,1.00689,2.96352,9.13716e+06,4.02164e+06,1.19105e+07,0,0,0,7.73942e+07
78.6508,85.139,5.93349,0.01,0.02,2.87017,2.9389,0,0.53776,5.32224,4.39666e+06,3.00878e+06,1.26192e+07,0,0,0,2.73962e+08,62.3362,61.308,10.1982,1,0,1.30379,1.33501,0,1.0071,2.96352,9.13716e+06,4.02164e+06,1.19129e+07,0,0,0,7.73942e+07
83.129,85.139,7.92799,0.01,0.02,2.87077,2.93951,0,0.537871,5.32224,4.39666e+06,3.00878e+06,1.26218e+07,0,0,0,2.73962e+08,62.3362,61.308,12.1187,1,0,1.30406,1.33529,0,1.00731,2.96352,9.13716e+06,4.02164e+06,1.19154e+07,0,0,0,7.73942e+07
85.139,85.139,8.60329,0,0.02,2.87136,2.94011,0,0.537982,5.32224,4.39666e+06,3.00878e+06,1.26244e+07,0,0,0,2.73962e+08,62.3362,61.308,13.4799,1,0,1.30433,1.33556,0,1.00752,2.96352,9.13716e+06,4.02164e+06,1.19179e+07,0,0,0,7.73942e+07
85.139,85.139,7.03792,0,0.02,2.97689,3.04817,0,0.538093,5.32224,4.39666e+06,3.00878e+06,1.30884e+07,0,0,0,2.73962e+08,62.3362,61.308,9.13298,1,0,1.35707,1.38956,0,1.00772,2.96352,9.13716e+06,4.02164e+06,1.23997e+07,0,0,0,7.73942e+07
85.139,85.139,5.449,0,0.02,2.9775,3.0488,0,0.557868,5.32224,4.39666e+06,3.00878e+06,1.30911e+07,0,0,0,2.73962e+08,62.3362,61.308,9.52974,1,0,1.35735,1.38985,0,1.04847,2.96352,9.13716e+06,4.02164e+06,1.24023e+07,0,0,0,7.73942e+07
85.139,85.139,5.0499,0,0.02,2.97811,3.04943,0,0.557983,5.32224,4.39666e+06,3.00878e+06,1.30938e+07,0,0,0,2.73962e+08,62.3362,61.308,9.61774,1,0,1.35763,1.39014,0,1.04869,2.96352,9.13716e+06,4.02164e+06,1.24049e+07,0,0,0,7.73942e+07
85.139,85.139,4.62999,0,0.02,2.97873,3.05006,0,0.558099,5.32224,4.39666e+06,3.00878e+06,1.30965e+07,0,0,0,2.73962e+08,62.3362,61.308,12.209,1,0,1.35791,1.39042,0,1.0489,2.96352,9.13716e+06,4.02164e+06,1.24074e+07,0,0,0,7.73942e+07
85.139,85.139,3.57434,0,0.02,2.93828,3.00864,0,0.558214,5.32224,4.39666e+06,3.00878e+06,1.29186e+07,0,0,0,2.73962e+08,62.3362,61.308,6.18284,1,0,1.33779,1.36983,0,1.04912,2.96352,9.13716e+06,4.02164e+06,1.22236e+07,0,0,0,7.73942e+07
84.9819,85.139,3.13007,0,0.02,2.93889,3.00926,0,0.550634,5.32224,4.39666e+06,3.00878e+06,1.29213e+07,0,0,0,2.73962e+08,62.3362,61.308,4.54494,1,0,1.33807,1.37011,0,1.03358,2.96352,9.13716e+06,4.02164e+06,1.22261e+07,0,0,0,7.73942e+07
85.139,85.139,3.65309,0,0.02,2.93949,3.00988,0,0.550747,5.32224,4.39666e+06,3.00878e+06,1.29239e+07,0,0,0,2.73962e+08,62.3362,61.308,4.44986,1,0,1.33834,1.37039,0,1.03379,2.96352,9.13716e+06,4.02164e+06,1.22287e+07,0,0,0,7.73942e+07
84.8549,85.139,2.91716,0,0.02,2.9401,3.0105,0,0.550861,5.32224,4.39666e+06,3.00878e+06,1.29266e+07,0,0,0,2.73962e+08,62.3362,61.308,4.42161,1,0,1.33862,1.37067,0,1.034,2.96352,9.13716e+06,4.02164e+06,1.22312e+07,0,0,0,7.73942e+07
84.4117,85.139,2.80173,0,0.02,3.0802,3.15396,0,0.550974,5.32224,4.39666e+06,3.00878e+06,1.35426e+07,0,0,0,2.73962e+08,62.3362,61.308,4.07315,1,0,1.41128,1.44508,0,1.03422,2.96352,9.13716e+06,4.02164e+06,1.28951e+07,0,0,0,7.73942e+07
83.8443,85.139,2.71098,0,0.02,3.08084,3.15461,0,0.57723,5.32224,4.39666e+06,3.00878e+06,1.35454e+07,0,0,0,2.73962e+08,62.3362,61.308,3.93792,1,0,1.41157,1.44538,0,1.09036,2.96352,9.13716e+06,4.02164e+06,1.28978e+07,0,0,0,7.73942e+07
83.017,85.139,2.44022,0,0.02,3.08147,3.15526,0,0.577349,5.32224,4.39666e+06,3.00878e+06,1.35482e+07,0,0,0,2.73962e+08,62.3362,61.308,3.60423,1,0,1.41187,1.44567,0,1.09058,2.96352,9.13716e+06,4.02164e+06,1.29004e+07,0,0,0,7.73942e+07
82.0049,85.139,2.22647,0,0.02,3.08211,3.15591,0,0.577468,5.32224,4.39666e+06,3.00878e+06,1.3551e+07,0,0,0,2.73962e+08,62.3362,61.308,3.53965,1,0,1.41216,1.44597,0,1.09081,2.96352,9.13716e+06,4.02164e+06,1.29031e+07,0,0,0,7.73942e+07
80.9702,85.139,2.17377,0,0.02,3.08274,3.15656,0,0.577587,5.32224,4.39666e+06,3.00878e+06,1.35538e+07,0,0,0,2.73962e+08,62.3362,61.308,3.11821,1,0,1.41245,1.44627,0,1.09103,2.96352,9.13716e+06,4.02164e+06,1.29058e+07,0,0,0,7.73942e+07
80.0649,85.139,2.24799,0,0.02,3.05576,3.12893,0,0.577706,5.32224,4.39666e+06,3.00878e+06,1.34352e+07,0,0,0,2.73962e+08,62.3362,61.308,3.43056,1,0,1.45256,1.48735,0,1.09126,2.96352,9.13716e+06,4.02164e+06,1.32723e+07,0,0,0,7.73942e+07
79.039,85.139,2.12072,0,0.02,3.05639,3.12958,0,0.57265,5.32224,4.39666e+06,3.00878e+06,1.34379e+07,0,0,0,2.73962e+08,62.3362,61.308,3.21297,1,0,1.45286,1.48765,0,1.12225,2.96352,9.13716e+06,4.02164e+06,1.32751e+07,0,0,0,7.73942e+07
77.8402,85.139,1.94038,0,0.02,3.05702,3.13022,0,0.572768,5.32224,4.39666e+06,3.00878e+06,1.34407e+07,0,0,0,2.73962e+08,62.3362,61.308,3.20642,1,0,1.45316,1.48796,0,1.12248,2.96352,9.13716e+06,4.02164e+06,1.32778e+07,0,0,0,7.73942e+07
76.4756,85.139,1.75484,0.01,0.02,3.05765,3.13087,0,0.572886,5.32224,4.39666e+06,3.00878e+06,1.34435e+07,0,0,0,2.73962e+08,62.3362,61.308,2.85832,1,0,1.45346,1.48827,0,1.12271,2.96352,9.13716e+06,4.02164e+06,1.32805e+07,0,0,0,7.73942e+07
75.1612,85.139,1.81217,0.01,0.02,3.12966,3.2046,0,0.573004,5.32224,4.39666e+06,3.00878e+06,1.376e+07,0,0,0,2.73962e+08,62.3362,61.308,2.82792,1,0,1.48929,1.52495,0,1.12295,2.96352,9.13716e+06,4.02164e+06,1.36078e+07,0,0,0,7.73942e+07
73.9918,85.139,1.97239,0.01,0.02,3.1303,3.20526,0,0.586497,5.32224,4.39666e+06,3.00878e+06,1.37629e+07,0,0,0,2.73962e+08,62.3362,61.308,3.30056,1,0,1.48959,1.52526,0,1.15062,2.96352,9.13716e+06,4.02164e+06,1.36106e+07,0,0,0,7.73942e+07
72.7061,85.139,1.82248,0.01,0.02,3.13095,3.20592,0,0.586618,5.32224,4.39666e+06,3.00878e+06,1.37657e+07,0,0,0,2.73962e+08,62.3362,61.308,3.15503,1,0,1.4899,1.52558,0,1.15086,2.96352,9.13716e+06,4.02164e+06,1.36135e+07,0,0,0,7.73942e+07
71.2741,85.139,1.65866,0.02,0.02,3.13159,3.20658,0,0.586739,5.32224,4.39666e+06,3.00878e+06,1.37685e+07,0,0,0,2.73962e+08,62.3362,61.308,2.74751,1,0,1.49021,1.52589,0,1.1511,2.96352,9.13716e+06,4.02164e+06,1.36163e+07,0,0,0,7.73942e+07
69.76,85.139,1.72431,0.02,0.02,3.34142,3.42144,0,0.58686,5.32224,4.39666e+06,3.00878e+06,1.46911e+07,0,0,0,2.73962e+08,62.2333,61.308,3.22521,1,0,1.61884,1.65761,0,1.15133,2.96352,9.13716e+06,4.02164e+06,1.47916e+07,0,0,0,7.73942e+07
67.8564,85.139,1.31653,0.02,0.02,3.34211,3.42214,0,0.626183,5.32224,4.39666e+06,3.00878e+06,1.46941e+07,0,0,0,2.73962e+08,62.1592,61.308,1.99971,1,0,1.61917,1.65795,0,1.25072,2.96352,9.13716e+06,4.02164e+06,1.47947e+07,0,0,0,7.73942e+07
65.8936,85.139,1.23796,0.02,0.02,3.3428,3.42285,0,0.626312,5.32224,4.39666e+06,3.00878e+06,1.46972e+07,0,0,0,2.73962e+08,62.0832,61.308,2.69794,1,0,1.61951,1.65829,0,1.25097,2.96352,9.13716e+06,4.02164e+06,1.47977e+07,0,0,0,7.73942e+07
63.8887,85.139,1.17592,0.02,0.02,3.34349,3.42355,0,0.626441,5.32224,4.39666e+06,3.00878e+06,1.47002e+07,0,0,0,2.73962e+08,61.9772,61.308,2.6661,1,0,1.61984,1.65863,0,1.25123,2.96352,9.13716e+06,4.02164e+06,1.48007e+07,0,0,0,7.73942e+07
61.8898,85.139,1.15765,0.02,0.02,3.34418,3.42426,0,0.62657,5.32224,4.39666e+06,3.00878e+06,1.47032e+07,0,0,0,2.73962e+08,61.8191,61.308,2.64338,1,0,1.62018,1.65897,0,1.25149,2.96352,9.13716e+06,4.02164e+06,1.48038e+07,0,0,0,7.73942e+07
59.9817,85.139,1.14668,0.03,0.02,3.24281,3.32046,0,0.626699,5.32224,4.39666e+06,3.00878e+06,1.42575e+07,0,0,0,2.73962e+08,61.8076,61.308,2.06757,1,0,1.54254,1.57948,0,1.25175,2.96352,9.13716e+06,4.02164e+06,1.40944e+07,0,0,0,7.73942e+07
58.0612,85.139,1.18974,0.03,0.02,3.24348,3.32115,0,0.607703,5.32224,4.39666e+06,3.00878e+06,1.42605e+07,0,0,0,2.73962e+08,62.0998,61.308,2.55211,1,0,1.54286,1.5798,0,1.19177,2.96352,9.13716e+06,4.02164e+06,1.40973e+07,0,0,0,7.73942e+07
56.1614,85.139,1.20327,0.02,0.02,3.24415,3.32183,0,0.607828,5.32224,4.39666e+06,3.00878e+06,1.42634e+07,0,0,0,2.73962e+08,62.3362,61.308,2.71095,1,0,1.54317,1.58013,0,1.19201,2.96352,9.13716e+06,4.02164e+06,1.41002e+07,0,0,0,7.73942e+07
54.3703,85.139,1.32677,0.03,0.02,3.24482,3.32251,0,0.607953,5.32224,4.39666e+06,3.00878e+06,1.42664e+07,0,0,0,2.73962e+08,62.3362,61.308,2.88189,1,0,1.54349,1.58045,0,1.19226,2.96352,9.13716e+06,4.02164e+06,1.41031e+07,0,0,0,7.73942e+07
52.4874,85.139,1.24346,0.03,0.02,3.16164,3.23735,0,0.608078,5.32224,4.39666e+06,3.00878e+06,1.39007e+07,0,0,0,2.73962e+08,62.3334,61.308,3.08361,1,0,1.47278,1.50805,0,1.1925,2.96352,9.13716e+06,4.02164e+06,1.3457e+07,0,0,0,7.73942e+07
50.646,85.139,1.1896,0.02,0.02,3.1623,3.23802,0,0.592492,5.32224,4.39666e+06,3.00878e+06,1.39035e+07,0,0,0,2.73962e+08,62.3362,61.308,2.21059,1,0,1.47308,1.50836,0,1.13787,2.96352,9.13716e+06,4.02164e+06,1.34598e+07,0,0,0,7.73942e+07
49.4379,85.139,1.83129,0.04,0.02,3.16295,3.23869,0,0.592614,5.32224,4.39666e+06,3.00878e+06,1.39064e+07,0,0,0,2.73962e+08,62.3362,61.308,2.6754,1,0,1.47339,1.50867,0,1.1381,2.96352,9.13716e+06,4.02164e+06,1.34626e+07,0,0,0,7.73942e+07
50.6394,85.139,4.41944,0.04,0.02,3.1636,3.23935,0,0.592736,5.32224,4.39666e+06,3.00878e+06,1.39093e+07,0,0,0,2.73962e+08,62.3362,61.308,6.8072,1,0,1.47369,1.50898,0,1.13834,2.96352,9.13716e+06,4.02164e+06,1.34653e+07,0,0,0,7.73942e+07
50.8839,85.139,3.23655,0.05,0.02,2.92594,2.99601,0,0.592858,5.32224,4.39666e+06,3.00878e+06,1.28644e+07,0,0,0,2.73962e+08,62.3362,61.308,5.37532,1,0,1.32593,1.35769,0,1.13857,2.96352,9.13716e+06,4.02164e+06,1.21153e+07,0,0,0,7.73942e+07
51.6545,85.139,3.82704,0.05,0.02,2.92655,2.99663,0,0.548322,5.32224,4.39666e+06,3.00878e+06,1.2867e+07,0,0,0,2.73962e+08,62.3362,61.308,4.98424,1,0,1.32621,1.35796,0,1.02442,2.96352,9.13716e+06,4.02164e+06,1.21178e+07,0,0,0,7.73942e+07
52.4505,85.139,4.02411,0.03,0.02,2.92715,2.99724,0,0.548435,5.32224,4.39666e+06,3.00878e+06,1.28697e+07,0,0,0,2.73962e+08,62.3362,61.308,6.75861,1,0,1.32648,1.35824,0,1.02463,2.96352,9.13716e+06,4.02164e+06,1.21203e+07,0,0,0,7.73942e+07
55.2706,85.139,6.12259,0.04,0.02,2.92775,2.99786,0,0.548548,5.32224,4.39666e+06,3.00878e+06,1.28723e+07,0,0,0,2.73962e+08,62.3362,61.308,7.21387,1,0,1.32675,1.35852,0,1.02484,2.96352,9.13716e+06,4.02164e+06,1.21228e+07,0,0,0,7.73942e+07
55.4244,85.139,3.34822,0.04,0.02,2.92835,2.99848,0,0.548661,5.32224,4.39666e+06,3.00878e+06,1.2875e+07,0,0,0,2.73962e+08,62.3362,61.308,6.07296,1,0,1.32703,1.3588,0,1.02505,2.96352,9.13716e+06,4.02164e+06,1.21253e+07,0,0,0,7.73942e+07
57.9221,85.139,5.84133,0.04,0.02,3.0207,3.09303,0,0.548774,5.32224,4.39666e+06,3.00878e+06,1.3281e+07,0,0,0,2.73962e+08,62.3362,61.308,4.6731,1,0,1.37021,1.40302,0,1.02526,2.96352,9.13716e+06,4.02164e+06,1.25198e+07,0,0,0,7.73942e+07
61.8471,85.139,7.46791,0.02,0.02,3.02129,3.09364,0,0.566079,5.32224,4.39666e+06,3.00878e+06,1.32836e+07,0,0,0,2.73962e+08,62.3362,61.308,5.3056,1,0,1.37048,1.40329,0,1.05862,2.96352,9.13716e+06,4.02164e+06,1.25223e+07,0,0,0,7.73942e+07
64.137,85.139,5.80565,0.02,0.02,3.02188,3.09424,0,0.56619,5.32224,4.39666e+06,3.00878e+06,1.32862e+07,0,0,0,2.73962e+08,62.3362,61.308,5.08273,1,0,1.37075,1.40357,0,1.05883,2.96352,9.13716e+06,4.02164e+06,1.25247e+07,0,0,0,7.73942e+07
67.1078,85.139,6.34552,0.02,0.02,3.02247,3.09485,0,0.566301,5.32224,4.39666e+06,3.00878e+06,1.32888e+07,0,0,0,2.73962e+08,62.3362,61.308,4.05705,1,0,1.37102,1.40385,0,1.05904,2.96352,9.13716e+06,4.02164e+06,1.25272e+07,0,0,0,7.73942e+07
69.9474,85.139,6.60829,0.02,0.02,3.31793,3.39738,0,0.566412,5.32224,4.39666e+06,3.00878e+06,1.45878e+07,0,0,0,2.73962e+08,62.3362,61.308,4.56216,1,0,1.53252,1.56922,0,1.05925,2.96352,9.13716e+06,4.02164e+06,1.40029e+07,0,0,0,7.73942e+07
71.2299,85.139,4.9641,0.02,0.02,3.31858,3.39805,0,0.62178,5.32224,4.39666e+06,3.00878e+06,1.45907e+07,0,0,0,2.73962e+08,62.3362,61.308,4.44939,1,0,1.53282,1.56952,0,1.18402,2.96352,9.13716e+06,4.02164e+06,1.40056e+07,0,0,0,7.73942e+07
74.646,85.139,7.27972,0.02,0.02,3.31923,3.39871,0,0.621902,5.32224,4.39666e+06,3.00878e+06,1.45935e+07,0,0,0,2.73962e+08,62.3362,61.308,4.41257,1,0,1.53312,1.56983,0,1.18426,2.96352,9.13716e+06,4.02164e+06,1.40083e+07,0,0,0,7.73942e+07
76.6132,85.139,5.75466,0.01,0.02,3.31988,3.39938,0,0.622024,5.32224,4.39666e+06,3.00878e+06,1.45964e+07,0,0,0,2.73962e+08,62.3362,61.308,5.86502,1,0,1.53342,1.57014,0,1.18449,2.96352,9.13716e+06,4.02164e+06,1.40111e+07,0,0,0,7.73942e+07
79.6597,85.139,6.57813,0.01,0.02,2.89963,2.96907,0,0.622146,5.32224,4.39666e+06,3.00878e+06,1.27487e+07,0,0,0,2.73962e+08,62.3362,61.308,5.1346,1,0,1.31717,1.34871,0,1.18472,2.96352,9.13716e+06,4.02164e+06,1.20352e+07,0,0,0,7.73942e+07
83.4261,85.139,7.28233,0,0.02,2.9002,2.96965,0,0.543391,5.32224,4.39666e+06,3.00878e+06,1.27512e+07,0,0,0,2.73962e+08,62.3362,61.308,5.61099,1,0,1.31743,1.34898,0,1.01765,2.96352,9.13716e+06,4.02164e+06,1.20376e+07,0,0,0,7.73942e+07
85.139,85.139,9.22203,0,0.02,2.90077,2.97023,0,0.543498,5.32224,4.39666e+06,3.00878e+06,1.27537e+07,0,0,0,2.73962e+08,62.3362,61.308,7.88009,1,0,1.31769,1.34924,0,1.01785,2.96352,9.13716e+06,4.02164e+06,1.20399e+07,0,0,0,7.73942e+07
85.139,85.139,11.4355,0,0.02,2.90134,2.97081,0,0.543604,5.32224,4.39666e+06,3.00878e+06,1.27562e+07,0,0,0,2.73962e+08,62.3362,61.308,12.222,1,0,1.31795,1.34951,0,1.01805,2.96352,9.13716e+06,4.02164e+06,1.20423e+07,0,0,0,7.73942e+07
85.139,85.139,7.71815,0,0.02,2.90191,2.97139,0,0.543711,5.32224,4.39666e+06,3.00878e+06,1.27587e+07,0,0,0,2.73962e+08,62.3362,61.308,6.65646,1,0,1.31821,1.34977,0,1.01825,2.96352,9.13716e+06,4.02164e+06,1.20446e+07,0,0,0,7.73942e+07
85.139,85.139,8.73514,0,0.02,3.00853,3.08057,0,0.543817,5.32224,4.39666e+06,3.00878e+06,1.32275e+07,0,0,0,2.73962e+08,62.3362,61.308,5.85566,1,0,1.37149,1.40433,0,1.01845,2.96352,9.13716e+06,4.02164e+06,1.25315e+07,0,0,0,7.73942e+07
85.139,85.139,12.0375,0,0.02,3.00911,3.08117,0,0.563798,5.32224,4.39666e+06,3.00878e+06,1.32301e+07,0,0,0,2.73962e+08,62.3362,61.308,8.9422,1,0,1.37176,1.40461,0,1.05961,2.96352,9.13716e+06,4.02164e+06,1.2534e+07,0,0,0,7.73942e+07
85.139,85.139,9.78086,0,0.02,3.0097,3.08177,0,0.563908,5.32224,4.39666e+06,3.00878e+06,1.32326e+07,0,0,0,2.73962e+08,62.3362,61.308,8.05163,1,0,1.37203,1.40488,0,1.05982,2.96352,9.13716e+06,4.02164e+06,1.25364e+07,0,0,0,7.73942e+07
85.139,85.139,8.13543,0,0.02,3.01029,3.08238,0,0.564019,5.32224,4.39666e+06,3.00878e+06,1.32352e+07,0,0,0,2.73962e+08,62.3362,61.308,5.62998,1,0,1.3723,1.40516,0,1.06003,2.96352,9.13716e+06,4.02164e+06,1.25389e+07,0,0,0,7.73942e+07
85.139,85.139,6.94505,0,0.02,2.96939,3.04049,0,0.564129,5.32224,4.39666e+06,3.00878e+06,1.30554e+07,0,0,0,2.73962e+08,62.3362,61.308,4.8198,1,0,1.35195,1.38433,0,1.06024,2.96352,9.13716e+06,4.02164e+06,1.2353e+07,0,0,0,7.73942e+07
85.139,85.139,7.75505,0,0.02,2.96997,3.04109,0,0.556463,5.32224,4.39666e+06,3.00878e+06,1.30579e+07,0,0,0,2.73962e+08,62.3362,61.308,4.88532,1,0,1.35222,1.3846,0,1.04452,2.96352,9.13716e+06,4.02164e+06,1.23554e+07,0,0,0,7.73942e+07
85.139,85.139,6.39664,0,0.02,2.97055,3.04168,0,0.556572,5.32224,4.39666e+06,3.00878e+06,1.30605e+07,0,0,0,2.73962e+08,62.3362,61.308,5.20848,1,0,1.35248,1.38487,0,1.04472,2.96352,9.13716e+06,4.02164e+06,1.23579e+07,0,0,0,7.73942e+07
85.139,85.139,5.78043,0,0.02,2.97113,3.04228,0,0.556681,5.32224,4.39666e+06,3.00878e+06,1.30631e+07,0,0,0,2.73962e+08,62.3362,61.308,4.82762,1,0,1.35275,1.38514,0,1.04493,2.96352,9.13716e+06,4.02164e+06,1.23603e+07,0,0,0,7.73942e+07
85.139,85.139,5.10206,0,0.02,3.11268,3.18722,0,0.55679,5.32224,4.39666e+06,3.00878e+06,1.36854e+07,0,0,0,2.73962e+08,62.3362,61.308,4.08355,1,0,1.42617,1.46032,0,1.04513,2.96352,9.13716e+06,4.02164e+06,1.30311e+07,0,0,0,7.73942e+07
85.139,85.139,4.33243,0,0.02,3.11329,3.18784,0,0.583317,5.32224,4.39666e+06,3.00878e+06,1.36881e+07,0,0,0,2.73962e+08,62.3362,61.308,2.99385,1,0,1.42644,1.4606,0,1.10186,2.96352,9.13716e+06,4.02164e+06,1.30336e+07,0,0,0,7.73942e+07
85.139,85.139,4.137,0,0.02,3.1139,3.18847,0,0.583431,5.32224,4.39666e+06,3.00878e+06,1.36908e+07,0,0,0,2.73962e+08,62.3362,61.308,2.87488,1,0,1.42672,1.46089,0,1.10207,2.96352,9.13716e+06,4.02164e+06,1.30362e+07,0,0,0,7.73942e+07
85.139,85.139,3.9606,0,0.02,3.11451,3.18909,0,0.583545,5.32224,4.39666e+06,3.00878e+06,1.36935e+07,0,0,0,2.73962e+08,62.3362,61.308,3.11295,1,0,1.427,1.46117,0,1.10229,2.96352,9.13716e+06,4.02164e+06,1.30388e+07,0,0,0,7.73942e+07
85.139,85.139,3.6509,0,0.02,3.11512,3.18971,0,0.583659,5.32224,4.39666e+06,3.00878e+06,1.36961e+07,0,0,0,2.73962e+08,62.3362,61.308,2.9448,1,0,1.42728,1.46146,0,1.1025,2.96352,9.13716e+06,4.02164e+06,1.30413e+07,0,0,0,7.73942e+07
84.4102,85.139,2.53948,0,0.02,3.08783,3.16177,0,0.583774,5.32224,4.39666e+06,3.00878e+06,1.35761e+07,0,0,0,2.73962e+08,62.3362,61.308,2.64958,1,0,1.46781,1.50295,0,1.10272,2.96352,9.13716e+06,4.02164e+06,1.34116e+07,0,0,0,7.73942e+07
83.4832,85.139,2.3181,0,0.02,3.08843,3.16238,0,0.578658,5.32224,4.39666e+06,3.00878e+06,1.35788e+07,0,0,0,2.73962e+08,62.3362,61.308,2.55169,1,0,1.46809,1.50325,0,1.13403,2.96352,9.13716e+06,4.02164e+06,1.34142e+07,0,0,0,7.73942e+07
82.4553,85.139,2.19636,0,0.02,3.08903,3.163,0,0.578772,5.32224,4.39666e+06,3.00878e+06,1.35814e+07,0,0,0,2.73962e+08,62.3362,61.308,2.28257,1,0,1.46838,1.50354,0,1.13425,2.96352,9.13716e+06,4.02164e+06,1.34168e+07,0,0,0,7.73942e+07
81.369,85.139,2.11419,0,0.02,3.08964,3.16362,0,0.578885,5.32224,4.39666e+06,3.00878e+06,1.35841e+07,0,0,0,2.73962e+08,62.2783,61.308,2.17545,1,0,1.46867,1.50384,0,1.13447,2.96352,9.13716e+06,4.02164e+06,1.34195e+07,0,0,0,7.73942e+07
79.9601,85.139,1.80731,0,0.02,3.16236,3.23809,0,0.578998,5.32224,4.39666e+06,3.00878e+06,1.39038e+07,0,0,0,2.73962e+08,62.118,61.308,1.8668,1,0,1.50485,1.54089,0,1.13469,2.96352,9.13716e+06,4.02164e+06,1.37501e+07,0,0,0,7.73942e+07
78.6282,85.139,1.92367,0.01,0.02,3.16298,3.23872,0,0.592627,5.32224,4.39666e+06,3.00878e+06,1.39066e+07,0,0,0,2.73962e+08,62.1019,61.308,2.21955,1,0,1.50515,1.54119,0,1.16265,2.96352,9.13716e+06,4.02164e+06,1.37528e+07,0,0,0,7.73942e+07
77.1477,85.139,1.73303,0.02,0.02,3.1636,3.23936,0,0.592743,5.32224,4.39666e+06,3.00878e+06,1.39093e+07,0,0,0,2.73962e+08,61.9442,61.308,2.11578,1,0,1.50544,1.54149,0,1.16288,2.96352,9.13716e+06,4.02164e+06,1.37554e+07,0,0,0,7.73942e+07
75.533,85.139,1.57931,0.02,0.02,3.16422,3.23999,0,0.592859,5.32224,4.39666e+06,3.00878e+06,1.3912e+07,0,0,0,2.73962e+08,61.7491,61.308,1.84142,1,0,1.50573,1.54179,0,1.1631,2.96352,9.13716e+06,4.02164e+06,1.37581e+07,0,0,0,7.73942e+07
73.8113,85.139,1.62659,0.02,0.02,3.37621,3.45705,0,0.592975,5.32224,4.39666e+06,3.00878e+06,1.4844e+07,0,0,0,2.73962e+08,61.1216,61.308,2.15611,1,0,1.63569,1.67486,0,1.16333,2.96352,9.13716e+06,4.02164e+06,1.49456e+07,0,0,0,7.73942e+07
71.5582,85.139,1.09285,0.02,0.02,3.37687,3.45773,0,0.632701,5.32224,4.39666e+06,3.00878e+06,1.48469e+07,0,0,0,2.73962e+08,60.5141,61.308,1.32153,1,0,1.63601,1.67519,0,1.26374,2.96352,9.13716e+06,4.02164e+06,1.49485e+07,0,0,0,7.73942e+07
69.4488,85.139,1.23353,0.02,0.02,3.37753,3.45841,0,0.632825,5.32224,4.39666e+06,3.00878e+06,1.48498e+07,0,0,0,2.73962e+08,59.6854,61.308,1.64802,1,0,1.63633,1.67552,0,1.26398,2.96352,9.13716e+06,4.02164e+06,1.49514e+07,0,0,0,7.73942e+07
67.1219,85.139,0.999125,0.02,0.02,3.37819,3.45908,0,0.632949,5.32224,4.39666e+06,3.00878e+06,1.48528e+07,0,0,0,2.73962e+08,59.1441,61.308,1.18779,1,0,1.63665,1.67584,0,1.26423,2.96352,9.13716e+06,4.02164e+06,1.49544e+07,0,0,0,7.73942e+07
65.0317,85.139,1.20047,0.02,0.02,3.37885,3.45976,0,0.633073,5.32224,4.39666e+06,3.00878e+06,1.48557e+07,0,0,0,2.73962e+08,58.8294,61.308,2.07249,1,0,1.63697,1.67617,0,1.26448,2.96352,9.13716e+06,4.02164e+06,1.49573e+07,0,0,0,7.73942e+07
63.4706,85.139,1.658,0.03,0.02,3.2764,3.35485,0,0.633196,5.32224,4.39666e+06,3.00878e+06,1.44052e+07,0,0,0,2.73962e+08,58.5654,61.308,1.80966,1,0,1.55852,1.59584,0,1.26472,2.96352,9.13716e+06,4.02164e+06,1.42404e+07,0,0,0,7.73942e+07
61.8304,85.139,1.64873,0.02,0.02,3.27704,3.35551,0,0.613997,5.32224,4.39666e+06,3.00878e+06,1.4408e+07,0,0,0,2.73962e+08,58.4533,61.308,1.96997,1,0,1.55882,1.59615,0,1.20411,2.96352,9.13716e+06,4.02164e+06,1.42432e+07,0,0,0,7.73942e+07
60.4071,85.139,1.87649,0.03,0.02,3.27768,3.35617,0,0.614117,5.32224,4.39666e+06,3.00878e+06,1.44109e+07,0,0,0,2.73962e+08,58.599,61.308,2.52437,1,0,1.55913,1.59646,0,1.20434,2.96352,9.13716e+06,4.02164e+06,1.4246e+07,0,0,0,7.73942e+07
58.9282,85.139,1.84412,0.03,0.02,3.27832,3.35682,0,0.614237,5.32224,4.39666e+06,3.00878e+06,1.44137e+07,0,0,0,2.73962e+08,58.726,61.308,2.46318,1,0,1.55943,1.59677,0,1.20458,2.96352,9.13716e+06,4.02164e+06,1.42488e+07,0,0,0,7.73942e+07
57.2679,85.139,1.60463,0.02,0.02,3.19426,3.27075,0,0.614357,5.32224,4.39666e+06,3.00878e+06,1.40441e+07,0,0,0,2.73962e+08,58.6597,61.308,2.35457,1,0,1.48797,1.5236,0,1.20482,2.96352,9.13716e+06,4.02164e+06,1.35958e+07,0,0,0,7.73942e+07
55.6234,85.139,1.56598,0.02,0.02,3.19488,3.27139,0,0.598604,5.32224,4.39666e+06,3.00878e+06,1.40468e+07,0,0,0,2.73962e+08,58.6978,61.308,1.65941,1,0,1.48826,1.5239,0,1.14961,2.96352,9.13716e+06,4.02164e+06,1.35985e+07,0,0,0,7.73942e+07
54.8426,85.139,2.45335,0.03,0.02,3.19551,3.27203,0,0.598721,5.32224,4.39666e+06,3.00878e+06,1.40496e+07,0,0,0,2.73962e+08,59.4768,61.308,3.10086,1,0,1.48855,1.5242,0,1.14983,2.96352,9.13716e+06,4.02164e+06,1.36012e+07,0,0,0,7.73942e+07
53.2627,85.139,1.58458,0.03,0.02,3.19613,3.27267,0,0.598838,5.32224,4.39666e+06,3.00878e+06,1.40523e+07,0,0,0,2.73962e+08,59.8937,61.308,2.51689,1,0,1.48885,1.5245,0,1.15006,2.96352,9.13716e+06,4.02164e+06,1.36038e+07,0,0,0,7.73942e+07
52.989,85.139,2.87906,0.03,0.02,2.95601,3.02679,0,0.598955,5.32224,4.39666e+06,3.00878e+06,1.29966e+07,0,0,0,2.73962e+08,60.513,61.308,2.71308,1,0,1.33956,1.37163,0,1.15028,2.96352,9.13716e+06,4.02164e+06,1.22397e+07,0,0,0,7.73942e+07
52.6856,85.139,2.82487,0.05,0.02,2.95658,3.02738,0,0.553956,5.32224,4.39666e+06,3.00878e+06,1.29991e+07,0,0,0,2.73962e+08,60.7565,61.308,2.35843,1,0,1.33982,1.3719,0,1.03494,2.96352,9.13716e+06,4.02164e+06,1.22421e+07,0,0,0,7.73942e+07
54.12,85.139,4.54201,0.05,0.02,2.95716,3.02797,0,0.554064,5.32224,4.39666e+06,3.00878e+06,1.30016e+07,0,0,0,2.73962e+08,61.3446,61.308,3.08217,1,0,1.34008,1.37217,0,1.03514,2.96352,9.13716e+06,4.02164e+06,1.22445e+07,0,0,0,7.73942e+07
54.4454,85.139,3.59068,0.06,0.02,2.95774,3.02857,0,0.554172,5.32224,4.39666e+06,3.00878e+06,1.30042e+07,0,0,0,2.73962e+08,61.2008,61.308,2.31003,1,0,1.34034,1.37244,0,1.03535,2.96352,9.13716e+06,4.02164e+06,1.22469e+07,0,0,0,7.73942e+07
53.4365,85.139,1.98848,0.06,0.02,2.95832,3.02916,0,0.554281,5.32224,4.39666e+06,3.00878e+06,1.30067e+07,0,0,0,2.73962e+08,61.1464,61.308,1.40023,1,0,1.34061,1.37271,0,1.03555,2.96352,9.13716e+06,4.02164e+06,1.22493e+07,0,0,0,7.73942e+07
54.457,85.139,4.28131,0.06,0.02,3.05157,3.12465,0,0.554389,5.32224,4.39666e+06,3.00878e+06,1.34167e+07,0,0,0,2.73962e+08,61.5494,61.308,2.62959,1,0,1.38422,1.41736,0,1.03575,2.96352,9.13716e+06,4.02164e+06,1.26478e+07,0,0,0,7.73942e+07
55.6554,85.139,4.34961,0.07,0.02,3.05214,3.12523,0,0.571865,5.32224,4.39666e+06,3.00878e+06,1.34192e+07,0,0,0,2.73962e+08,62.1302,61.308,3.23152,1,0,1.38447,1.41762,0,1.06944,2.96352,9.13716e+06,4.02164e+06,1.26501e+07,0,0,0,7.73942e+07
57.4952,85.139,5.05738,0.08,0.02,3.05271,3.12581,0,0.571971,5.32224,4.39666e+06,3.00878e+06,1.34217e+07,0,0,0,2.73962e+08,62.3362,61.308,3.84599,1,0,1.38473,1.41789,0,1.06964,2.96352,9.13716e+06,4.02164e+06,1.26525e+07,0,0,0,7.73942e+07
61.2407,85.139,7.07046,0.03,0.02,3.05327,3.12639,0,0.572077,5.32224,4.39666e+06,3.00878e+06,1.34242e+07,0,0,0,2.73962e+08,62.3362,61.308,4.24286,1,0,1.38499,1.41815,0,1.06984,2.96352,9.13716e+06,4.02164e+06,1.26548e+07,0,0,0,7.73942e+07
62.9173,85.139,5.38685,0.04,0.02,3.35171,3.43196,0,0.572184,5.32224,4.39666e+06,3.00878e+06,1.47363e+07,0,0,0,2.73962e+08,62.3362,61.308,3.59262,1,0,1.54812,1.58519,0,1.07004,2.96352,9.13716e+06,4.02164e+06,1.41454e+07,0,0,0,7.73942e+07
62.2843,85.139,2.82336,0.02,0.02,3.35233,3.4326,0,0.62811,5.32224,4.39666e+06,3.00878e+06,1.47391e+07,0,0,0,2.73962e+08,62.3362,61.308,2.52799,1,0,1.54841,1.58548,0,1.19608,2.96352,9.13716e+06,4.02164e+06,1.4148e+07,0,0,0,7.73942e+07
62.2916,85.139,3.53681,0.03,0.02,3.35295,3.43324,0,0.628226,5.32224,4.39666e+06,3.00878e+06,1.47418e+07,0,0,0,2.73962e+08,62.3362,61.308,2.98966,1,0,1.54869,1.58578,0,1.1963,2.96352,9.13716e+06,4.02164e+06,1.41507e+07,0,0,0,7.73942e+07
62.7018,85.139,3.98742,0.03,0.02,3.35357,3.43388,0,0.628343,5.32224,4.39666e+06,3.00878e+06,1.47445e+07,0,0,0,2.73962e+08,62.3362,61.308,3.13152,1,0,1.54898,1.58607,0,1.19652,2.96352,9.13716e+06,4.02164e+06,1.41533e+07,0,0,0,7.73942e+07
63.4605,85.139,3.92048,0.02,0.02,2.92903,2.99917,0,0.62846,5.32224,4.39666e+06,3.00878e+06,1.2878e+07,0,0,0,2.73962e+08,62.3362,61.308,2.96802,1,0,1.33053,1.36239,0,1.19674,2.96352,9.13716e+06,4.02164e+06,1.21572e+07,0,0,0,7.73942e+07
65.5088,85.139,5.19311,0.03,0.02,2.92957,2.99972,0,0.5489,5.32224,4.39666e+06,3.00878e+06,1.28803e+07,0,0,0,2.73962e+08,62.3362,61.308,3.35409,1,0,1.33077,1.36264,0,1.02796,2.96352,9.13716e+06,4.02164e+06,1.21595e+07,0,0,0,7.73942e+07
68.4206,85.139,6.27974,0.03,0.02,2.93012,3.00028,0,0.549002,5.32224,4.39666e+06,3.00878e+06,1.28827e+07,0,0,0,2.73962e+08,62.3362,61.308,6.23195,1,0,1.33102,1.36289,0,1.02816,2.96352,9.13716e+06,4.02164e+06,1.21617e+07,0,0,0,7.73942e+07
70.6227,85.139,5.46702,0.02,0.02,2.93066,3.00084,0,0.549104,5.32224,4.39666e+06,3.00878e+06,1.28851e+07,0,0,0,2.73962e+08,62.3362,61.308,3.8766,1,0,1.33127,1.36315,0,1.02835,2.96352,9.13716e+06,4.02164e+06,1.2164e+07,0,0,0,7.73942e+07
72.7494,85.139,5.38752,0.02,0.02,2.9312,3.00139,0,0.549206,5.32224,4.39666e+06,3.00878e+06,1.28875e+07,0,0,0,2.73962e+08,62.3362,61.308,4.56492,1,0,1.33151,1.3634,0,1.02854,2.96352,9.13716e+06,4.02164e+06,1.21663e+07,0,0,0,7.73942e+07
73.8649,85.139,4.58861,0.02,0.02,3.03887,3.11164,0,0.549308,5.32224,4.39666e+06,3.00878e+06,1.33609e+07,0,0,0,2.73962e+08,62.3362,61.308,4.13211,1,0,1.38532,1.4185,0,1.02873,2.96352,9.13716e+06,4.02164e+06,1.26579e+07,0,0,0,7.73942e+07
73.7769,85.139,3.28656,0.01,0.02,3.03943,3.11221,0,0.569484,5.32224,4.39666e+06,3.00878e+06,1.33634e+07,0,0,0,2.73962e+08,62.3362,61.308,2.73516,1,0,1.38558,1.41876,0,1.0703,2.96352,9.13716e+06,4.02164e+06,1.26603e+07,0,0,0,7.73942e+07
73.3173,85.139,2.89227,0.02,0.02,3.04,3.11279,0,0.56959,5.32224,4.39666e+06,3.00878e+06,1.33658e+07,0,0,0,2.73962e+08,62.3362,61.308,2.55403,1,0,1.38584,1.41902,0,1.0705,2.96352,9.13716e+06,4.02164e+06,1.26626e+07,0,0,0,7.73942e+07
73.1046,85.139,3.09724,0.02,0.02,3.04056,3.11337,0,0.569695,5.32224,4.39666e+06,3.00878e+06,1.33683e+07,0,0,0,2.73962e+08,62.3362,61.308,2.51345,1,0,1.38609,1.41929,0,1.0707,2.96352,9.13716e+06,4.02164e+06,1.2665e+07,0,0,0,7.73942e+07
72.793,85.139,2.95866,0.02,0.02,2.99921,3.07103,0,0.569801,5.32224,4.39666e+06,3.00878e+06,1.31865e+07,0,0,0,2.73962e+08,62.1856,61.308,2.43051,1,0,1.36553,1.39823,0,1.0709,2.96352,9.13716e+06,4.02164e+06,1.24771e+07,0,0,0,7.73942e+07
72.0601,85.139,2.51667,0.01,0.02,2.99977,3.0716,0,0.562052,5.32224,4.39666e+06,3.00878e+06,1.3189e+07,0,0,0,2.73962e+08,62.2071,61.308,2.13412,1,0,1.36579,1.39849,0,1.05501,2.96352,9.13716e+06,4.02164e+06,1.24794e+07,0,0,0,7.73942e+07
71.0984,85.139,2.24506,0.01,0.02,3.00032,3.07217,0,0.562156,5.32224,4.39666e+06,3.00878e+06,1.31914e+07,0,0,0,2.73962e+08,62.1399,61.308,1.91238,1,0,1.36604,1.39875,0,1.05521,2.96352,9.13716e+06,4.02164e+06,1.24817e+07,0,0,0,7.73942e+07
70.0715,85.139,2.11172,0.01,0.02,3.00088,3.07274,0,0.562261,5.32224,4.39666e+06,3.00878e+06,1.31939e+07,0,0,0,2.73962e+08,62.1291,61.308,1.88919,1,0,1.36629,1.39901,0,1.0554,2.96352,9.13716e+06,4.02164e+06,1.2484e+07,0,0,0,7.73942e+07
68.8774,85.139,2.04271,0.01,0.02,3.14381,3.2191,0,0.562365,5.32224,4.39666e+06,3.00878e+06,1.38223e+07,0,0,0,2.73962e+08,62.1068,61.308,1.9882,1,0,1.44043,1.47492,0,1.0556,2.96352,9.13716e+06,4.02164e+06,1.31614e+07,0,0,0,7.73942e+07
67.5641,85.139,1.88257,0,0.02,3.1444,3.21969,0,0.589151,5.32224,4.39666e+06,3.00878e+06,1.38249e+07,0,0,0,2.73962e+08,62.0035,61.308,2.02277,1,0,1.4407,1.4752,0,1.11288,2.96352,9.13716e+06,4.02164e+06,1.31639e+07,0,0,0,7.73942e+07
66.21,85.139,1.81962,0.02,0.02,3.14498,3.22029,0,0.58926,5.32224,4.39666e+06,3.00878e+06,1.38274e+07,0,0,0,2.73962e+08,61.7954,61.308,1.81408,1,0,1.44096,1.47547,0,1.11308,2.96352,9.13716e+06,4.02164e+06,1.31663e+07,0,0,0,7.73942e+07
64.7054,85.139,1.61885,0.03,0.02,3.14556,3.22089,0,0.589369,5.32224,4.39666e+06,3.00878e+06,1.383e+07,0,0,0,2.73962e+08,61.4689,61.308,1.73295,1,0,1.44123,1.47574,0,1.11329,2.96352,9.13716e+06,4.02164e+06,1.31688e+07,0,0,0,7.73942e+07
63.1534,85.139,1.53325,0.02,0.02,3.14615,3.22148,0,0.589479,5.32224,4.39666e+06,3.00878e+06,1.38325e+07,0,0,0,2.73962e+08,61.2985,61.308,1.6397,1,0,1.4415,1.47602,0,1.1135,2.96352,9.13716e+06,4.02164e+06,1.31712e+07,0,0,0,7.73942e+07
61.8329,85.139,1.73609,0.02,0.02,3.11855,3.19322,0,0.589588,5.32224,4.39666e+06,3.00878e+06,1.37112e+07,0,0,0,2.73962e+08,61.2649,61.308,2.21911,1,0,1.48241,1.51791,0,1.1137,2.96352,9.13716e+06,4.02164e+06,1.3545e+07,0,0,0,7.73942e+07
60.5232,85.139,1.72917,0.02,0.02,3.11913,3.19382,0,0.584416,5.32224,4.39666e+06,3.00878e+06,1.37137e+07,0,0,0,2.73962e+08,61.2217,61.308,2.2663,1,0,1.48269,1.51819,0,1.14531,2.96352,9.13716e+06,4.02164e+06,1.35475e+07,0,0,0,7.73942e+07
59.1079,85.139,1.58074,0.02,0.02,3.1197,3.19441,0,0.584524,5.32224,4.39666e+06,3.00878e+06,1.37163e+07,0,0,0,2.73962e+08,61.1147,61.308,2.11724,1,0,1.48296,1.51847,0,1.14552,2.96352,9.13716e+06,4.02164e+06,1.355e+07,0,0,0,7.73942e+07
57.5688,85.139,1.42928,0.02,0.02,3.12028,3.195,0,0.584633,5.32224,4.39666e+06,3.00878e+06,1.37188e+07,0,0,0,2.73962e+08,60.9743,61.308,2.12237,1,0,1.48324,1.51875,0,1.14574,2.96352,9.13716e+06,4.02164e+06,1.35526e+07,0,0,0,7.73942e+07
56.0482,85.139,1.481,0.02,0.02,3.1937,3.27017,0,0.584741,5.32224,4.39666e+06,3.00878e+06,1.40416e+07,0,0,0,2.73962e+08,60.8284,61.308,2.23861,1,0,1.51976,1.55615,0,1.14595,2.96352,9.13716e+06,4.02164e+06,1.38863e+07,0,0,0,7.73942e+07
54.5537,85.139,1.47976,0.03,0.02,3.19429,3.27078,0,0.598499,5.32224,4.39666e+06,3.00878e+06,1.40442e+07,0,0,0,2.73962e+08,60.7112,61.308,2.32584,1,0,1.52004,1.55644,0,1.17417,2.96352,9.13716e+06,4.02164e+06,1.38889e+07,0,0,0,7.73942e+07
52.9198,85.139,1.31479,0.04,0.02,3.19488,3.27138,0,0.59861,5.32224,4.39666e+06,3.00878e+06,1.40468e+07,0,0,0,2.73962e+08,60.5501,61.308,2.19967,1,0,1.52032,1.55673,0,1.17438,2.96352,9.13716e+06,4.02164e+06,1.38914e+07,0,0,0,7.73942e+07
51.204,85.139,1.2041,0.04,0.02,3.19547,3.27199,0,0.598721,5.32224,4.39666e+06,3.00878e+06,1.40494e+07,0,0,0,2.73962e+08,60.3664,61.308,2.05656,1,0,1.52061,1.55702,0,1.1746,2.96352,9.13716e+06,4.02164e+06,1.3894e+07,0,0,0,7.73942e+07
49.2068,85.139,1.0405,0.04,0.02,3.40952,3.49116,0,0.598832,5.32224,4.39666e+06,3.00878e+06,1.49905e+07,0,0,0,2.73962e+08,60.0401,61.308,2.0401,1,0,1.65183,1.69138,0,1.17482,2.96352,9.13716e+06,4.02164e+06,1.5093e+07,0,0,0,7.73942e+07
47.3992,85.139,1.17245,0.1,0.02,3.41015,3.49181,0,0.638943,5.32224,4.39666e+06,3.00878e+06,1.49933e+07,0,0,0,2.73962e+08,59.7278,61.308,1.89159,1,0,1.65214,1.6917,0,1.2762,2.96352,9.13716e+06,4.02164e+06,1.50958e+07,0,0,0,7.73942e+07
45.7602,85.139,1.31899,0.07,0.02,3.41078,3.49245,0,0.639062,5.32224,4.39666e+06,3.00878e+06,1.4996e+07,0,0,0,2.73962e+08,59.454,61.308,2.35824,1,0,1.65244,1.69201,0,1.27644,2.96352,9.13716e+06,4.02164e+06,1.50986e+07,0,0,0,7.73942e+07
43.8929,85.139,1.05971,0.07,0.02,3.41141,3.4931,0,0.63918,5.32224,4.39666e+06,3.00878e+06,1.49988e+07,0,0,0,2.73962e+08,59.0737,61.308,1.7001,1,0,1.65275,1.69232,0,1.27668,2.96352,9.13716e+06,4.02164e+06,1.51014e+07,0,0,0,7.73942e+07
42.3016,85.139,1.28593,0.12,0.02,3.41204,3.49375,0,0.639299,5.32224,4.39666e+06,3.00878e+06,1.50016e+07,0,0,0,2.73962e+08,59.0745,61.308,2.96358,1,0,1.65305,1.69264,0,1.27691,2.96352,9.13716e+06,4.02164e+06,1.51042e+07,0,0,0,7.73942e+07
40.3936,85.139,0.834348,0.11,0.02,3.30855,3.38778,0,0.639417,5.32224,4.39666e+06,3.00878e+06,1.45466e+07,0,0,0,2.73962e+08,58.3509,61.308,2.03557,1,0,1.57381,1.6115,0,1.27715,2.96352,9.13716e+06,4.02164e+06,1.43802e+07,0,0,0,7.73942e+07
38.3807,85.139,0.673108,0.13,0.02,3.30917,3.38841,0,0.620023,5.32224,4.39666e+06,3.00878e+06,1.45493e+07,0,0,0,2.73962e+08,57.232,61.308,1.00784,1,0,1.5741,1.6118,0,1.21593,2.96352,9.13716e+06,4.02164e+06,1.43828e+07,0,0,0,7.73942e+07
36.4062,85.139,0.652673,0.15,0.02,3.30978,3.38903,0,0.620138,5.32224,4.39666e+06,3.00878e+06,1.4552e+07,0,0,0,2.73962e+08,56.3452,61.308,0.925481,1,0,1.57439,1.61209,0,1.21615,2.96352,9.13716e+06,4.02164e+06,1.43855e+07,0,0,0,7.73942e+07
35.0377,85.139,1.33492,0.17,0.02,3.31039,3.38966,0,0.620253,5.32224,4.39666e+06,3.00878e+06,1.45547e+07,0,0,0,2.73962e+08,56.1249,61.308,1.56822,1,0,1.57469,1.61239,0,1.21638,2.96352,9.13716e+06,4.02164e+06,1.43882e+07,0,0,0,7.73942e+07
34.7891,85.139,2.37776,0.16,0.02,3.22547,3.30271,0,0.620367,5.32224,4.39666e+06,3.00878e+06,1.41813e+07,0,0,0,2.73962e+08,55.4818,61.308,1.67257,1,0,1.50251,1.53849,0,1.2166,2.96352,9.13716e+06,4.02164e+06,1.37287e+07,0,0,0,7.73942e+07
34.3044,85.139,2.13219,0.16,0.02,3.22607,3.30332,0,0.604454,5.32224,4.39666e+06,3.00878e+06,1.41839e+07,0,0,0,2.73962e+08,55.14,61.308,0.950753,1,0,1.50279,1.53878,0,1.16084,2.96352,9.13716e+06,4.02164e+06,1.37312e+07,0,0,0,7.73942e+07
34.1798,85.139,2.48848,0.15,0.02,3.22667,3.30393,0,0.604566,5.32224,4.39666e+06,3.00878e+06,1.41866e+07,0,0,0,2.73962e+08,55.126,61.308,2.07925,1,0,1.50307,1.53906,0,1.16106,2.96352,9.13716e+06,4.02164e+06,1.37338e+07,0,0,0,7.73942e+07
38.0509,85.139,6.66736,0.16,0.02,3.22727,3.30455,0,0.604678,5.32224,4.39666e+06,3.00878e+06,1.41892e+07,0,0,0,2.73962e+08,55.9704,61.308,4.2756,1,0,1.50335,1.53935,0,1.16127,2.96352,9.13716e+06,4.02164e+06,1.37363e+07,0,0,0,7.73942e+07
39.2535,85.139,3.87164,0.16,0.02,2.98477,3.05624,0,0.60479,5.32224,4.39666e+06,3.00878e+06,1.3123e+07,0,0,0,2.73962e+08,56.4639,61.308,2.20788,1,0,1.35259,1.38498,0,1.16149,2.96352,9.13716e+06,4.02164e+06,1.23588e+07,0,0,0,7.73942e+07
38.848,85.139,2.21935,0.16,0.02,2.98532,3.05681,0,0.559346,5.32224,4.39666e+06,3.00878e+06,1.31255e+07,0,0,0,2.73962e+08,56.3242,61.308,1.99928,1,0,1.35284,1.38524,0,1.04501,2.96352,9.13716e+06,4.02164e+06,1.23611e+07,0,0,0,7.73942e+07
39.644,85.139,3.45873,0.16,0.02,2.98588,3.05737,0,0.559449,5.32224,4.39666e+06,3.00878e+06,1.31279e+07,0,0,0,2.73962e+08,55.7072,61.308,1.82237,1,0,1.35309,1.38549,0,1.04521,2.96352,9.13716e+06,4.02164e+06,1.23634e+07,0,0,0,7.73942e+07
40.754,85.139,3.80728,0.16,0.02,2.98643,3.05794,0,0.559553,5.32224,4.39666e+06,3.00878e+06,1.31303e+07,0,0,0,2.73962e+08,55.5345,61.308,1.34724,1,0,1.35334,1.38575,0,1.0454,2.96352,9.13716e+06,4.02164e+06,1.23657e+07,0,0,0,7.73942e+07
42.1039,85.139,4.08657,0.12,0.02,2.98698,3.05851,0,0.559657,5.32224,4.39666e+06,3.00878e+06,1.31327e+07,0,0,0,2.73962e+08,56.2056,61.308,2.49919,1,0,1.35359,1.38601,0,1.04559,2.96352,9.13716e+06,4.02164e+06,1.2368e+07,0,0,0,7.73942e+07
44.0684,85.139,4.92566,0.14,0.02,3.08111,3.15489,0,0.55976,5.32224,4.39666e+06,3.00878e+06,1.35466e+07,0,0,0,2.73962e+08,58.3091,61.308,6.16996,1,0,1.39761,1.43108,0,1.04579,2.96352,9.13716e+06,4.02164e+06,1.27702e+07,0,0,0,7.73942e+07
47.7232,85.139,6.75169,0.15,0.04,3.08165,3.15544,0,0.5774,5.32224,4.39666e+06,3.00878e+06,1.3549e+07,0,0,0,2.73962e+08,60.8705,61.308,8.42168,1,0,1.39786,1.43133,0,1.0798,2.96352,9.13716e+06,4.02164e+06,1.27724e+07,0,0,0,7.73942e+07
52.4487,85.139,8.01145,0.11,0.04,3.08219,3.15599,0,0.577501,5.32224,4.39666e+06,3.00878e+06,1.35513e+07,0,0,0,2.73962e+08,62.3362,61.308,8.64453,1,0,1.3981,1.43158,0,1.07998,2.96352,9.13716e+06,4.02164e+06,1.27747e+07,0,0,0,7.73942e+07
53.8565,85.139,4.54402,0.07,0.04,3.08273,3.15655,0,0.577602,5.32224,4.39666e+06,3.00878e+06,1.35537e+07,0,0,0,2.73962e+08,62.3362,61.308,6.2702,1,0,1.39835,1.43183,0,1.08017,2.96352,9.13716e+06,4.02164e+06,1.27769e+07,0,0,0,7.73942e+07
53.9299,85.139,3.43428,0.06,0.04,3.38401,3.46504,0,0.577704,5.32224,4.39666e+06,3.00878e+06,1.48783e+07,0,0,0,2.73962e+08,62.3362,61.308,7.06288,1,0,1.56304,1.60047,0,1.08036,2.96352,9.13716e+06,4.02164e+06,1.42817e+07,0,0,0,7.73942e+07
56.5314,85.139,6.08266,0.07,0.04,3.3846,3.46565,0,0.634163,5.32224,4.39666e+06,3.00878e+06,1.48809e+07,0,0,0,2.73962e+08,62.3362,61.308,7.70183,1,0,1.56331,1.60075,0,1.2076,2.96352,9.13716e+06,4.02164e+06,1.42842e+07,0,0,0,7.73942e+07
56.2282,85.139,3.10334,0.07,0.04,3.38519,3.46625,0,0.634274,5.32224,4.39666e+06,3.00878e+06,1.48836e+07,0,0,0,2.73962e+08,62.3362,61.308,4.59326,1,0,1.56359,1.60103,0,1.20782,2.96352,9.13716e+06,4.02164e+06,1.42867e+07,0,0,0,7.73942e+07
55.5274,85.139,2.62365,0.07,0.04,3.38579,3.46686,0,0.634385,5.32224,4.39666e+06,3.00878e+06,1.48862e+07,0,0,0,2.73962e+08,62.3362,61.308,3.76625,1,0,1.56386,1.60131,0,1.20803,2.96352,9.13716e+06,4.02164e+06,1.42892e+07,0,0,0,7.73942e+07
56.3285,85.139,3.88974,0.07,0.04,2.95714,3.02795,0,0.634497,5.32224,4.39666e+06,3.00878e+06,1.30015e+07,0,0,0,2.73962e+08,62.3362,61.308,5.93883,1,0,1.34329,1.37546,0,1.20824,2.96352,9.13716e+06,4.02164e+06,1.22739e+07,0,0,0,7.73942e+07
60.7582,85.139,7.81736,0.1,0.04,2.95765,3.02848,0,0.554167,5.32224,4.39666e+06,3.00878e+06,1.30038e+07,0,0,0,2.73962e+08,62.3362,61.308,6.97132,1,0,1.34353,1.3757,0,1.03783,2.96352,9.13716e+06,4.02164e+06,1.2276e+07,0,0,0,7.73942e+07
64.9744,85.139,7.83739,0.06,0.04,2.95817,3.02901,0,0.554265,5.32224,4.39666e+06,3.00878e+06,1.30061e+07,0,0,0,2.73962e+08,62.3362,61.308,14.4849,1,0,1.34376,1.37594,0,1.03801,2.96352,9.13716e+06,4.02164e+06,1.22782e+07,0,0,0,7.73942e+07
68.3839,85.139,7.01525,0.03,0.04,2.95869,3.02954,0,0.554362,5.32224,4.39666e+06,3.00878e+06,1.30084e+07,0,0,0,2.73962e+08,62.3362,61.308,10.1893,1,0,1.344,1.37618,0,1.03819,2.96352,9.13716e+06,4.02164e+06,1.22803e+07,0,0,0,7.73942e+07
74.9607,85.139,10.1942,0.02,0.04,2.95921,3.03007,0,0.554459,5.32224,4.39666e+06,3.00878e+06,1.30106e+07,0,0,0,2.73962e+08,62.3362,61.308,18.0307,1,0,1.34424,1.37642,0,1.03837,2.96352,9.13716e+06,4.02164e+06,1.22825e+07,0,0,0,7.73942e+07
81.7785,85.139,10.8611,0.01,0.04,3.06787,3.14133,0,0.554556,5.32224,4.39666e+06,3.00878e+06,1.34884e+07,0,0,0,2.73962e+08,62.3362,61.308,18.6808,1,0,1.39855,1.43203,0,1.03856,2.96352,9.13716e+06,4.02164e+06,1.27787e+07,0,0,0,7.73942e+07
85.139,85.139,8.59244,0,0.04,3.06841,3.14189,0,0.574919,5.32224,4.39666e+06,3.00878e+06,1.34908e+07,0,0,0,2.73962e+08,62.3362,61.308,12.1084,1,0,1.39879,1.43229,0,1.08052,2.96352,9.13716e+06,4.02164e+06,1.2781e+07,0,0,0,7.73942e+07
85.139,85.139,6.89828,0,0.04,3.06895,3.14244,0,0.57502,5.32224,4.39666e+06,3.00878e+06,1.34931e+07,0,0,0,2.73962e+08,62.3362,61.308,11.0542,1,0,1.39904,1.43254,0,1.08071,2.96352,9.13716e+06,4.02164e+06,1.27832e+07,0,0,0,7.73942e+07
85.139,85.139,6.45273,0,0.04,3.06949,3.14299,0,0.575121,5.32224,4.39666e+06,3.00878e+06,1.34955e+07,0,0,0,2.73962e+08,62.3362,61.308,12.1441,1,0,1.39928,1.43279,0,1.0809,2.96352,9.13716e+06,4.02164e+06,1.27855e+07,0,0,0,7.73942e+07
85.139,85.139,6.57754,0,0.04,3.02771,3.10021,0,0.575222,5.32224,4.39666e+06,3.00878e+06,1.33118e+07,0,0,0,2.73962e+08,62.3362,61.308,9.74375,1,0,1.37851,1.41152,0,1.08108,2.96352,9.13716e+06,4.02164e+06,1.25957e+07,0,0,0,7.73942e+07
85.139,85.139,6.46919,0,0.04,3.02824,3.10076,0,0.567393,5.32224,4.39666e+06,3.00878e+06,1.33142e+07,0,0,0,2.73962e+08,62.3362,61.308,6.92788,1,0,1.37875,1.41177,0,1.06504,2.96352,9.13716e+06,4.02164e+06,1.25979e+07,0,0,0,7.73942e+07
85.139,85.139,5.84857,0,0.04,3.02877,3.1013,0,0.567493,5.32224,4.39666e+06,3.00878e+06,1.33165e+07,0,0,0,2.73962e+08,62.3362,61.308,6.43696,1,0,1.37899,1.41201,0,1.06522,2.96352,9.13716e+06,4.02164e+06,1.26001e+07,0,0,0,7.73942e+07
85.139,85.139,5.40359,0,0.04,3.0293,3.10184,0,0.567592,5.32224,4.39666e+06,3.00878e+06,1.33188e+07,0,0,0,2.73962e+08,62.3362,61.308,6.10414,1,0,1.37924,1.41226,0,1.06541,2.96352,9.13716e+06,4.02164e+06,1.26023e+07,0,0,0,7.73942e+07
85.139,85.139,5.07704,0,0.04,3.17356,3.24955,0,0.567692,5.32224,4.39666e+06,3.00878e+06,1.39531e+07,0,0,0,2.73962e+08,62.3362,61.308,5.80616,1,0,1.45406,1.48888,0,1.0656,2.96352,9.13716e+06,4.02164e+06,1.3286e+07,0,0,0,7.73942e+07
85.139,85.139,4.96985,0,0.04,3.17412,3.25012,0,0.594725,5.32224,4.39666e+06,3.00878e+06,1.39555e+07,0,0,0,2.73962e+08,62.3362,61.308,5.57412,1,0,1.45431,1.48914,0,1.12341,2.96352,9.13716e+06,4.02164e+06,1.32883e+07,0,0,0,7.73942e+07
85.139,85.139,4.55218,0,0.04,3.17467,3.25069,0,0.59483,5.32224,4.39666e+06,3.00878e+06,1.3958e+07,0,0,0,2.73962e+08,62.3362,61.308,4.9859,1,0,1.45457,1.4894,0,1.1236,2.96352,9.13716e+06,4.02164e+06,1.32906e+07,0,0,0,7.73942e+07
85.139,85.139,4.14671,0,0.04,3.17523,3.25126,0,0.594934,5.32224,4.39666e+06,3.00878e+06,1.39604e+07,0,0,0,2.73962e+08,62.3362,61.308,4.01691,1,0,1.45482,1.48966,0,1.1238,2.96352,9.13716e+06,4.02164e+06,1.3293e+07,0,0,0,7.73942e+07
85.139,85.139,3.64666,0,0.04,3.17579,3.25183,0,0.595038,5.32224,4.39666e+06,3.00878e+06,1.39629e+07,0,0,0,2.73962e+08,62.3362,61.308,4.07755,1,0,1.45508,1.48992,0,1.124,2.96352,9.13716e+06,4.02164e+06,1.32953e+07,0,0,0,7.73942e+07
84.8647,85.139,3.08782,0,0.04,3.1479,3.22327,0,0.595143,5.32224,4.39666e+06,3.00878e+06,1.38402e+07,0,0,0,2.73962e+08,62.3362,61.308,4.14799,1,0,1.49636,1.53219,0,1.12419,2.96352,9.13716e+06,4.02164e+06,1.36725e+07,0,0,0,7.73942e+07
84.3334,85.139,2.81142,0,0.04,3.14845,3.22384,0,0.589916,5.32224,4.39666e+06,3.00878e+06,1.38427e+07,0,0,0,2.73962e+08,62.3362,61.308,4.1467,1,0,1.49662,1.53246,0,1.15609,2.96352,9.13716e+06,4.02164e+06,1.36749e+07,0,0,0,7.73942e+07
83.6318,85.139,2.62327,0,0.04,3.149,3.2244,0,0.590019,5.32224,4.39666e+06,3.00878e+06,1.38451e+07,0,0,0,2.73962e+08,62.3362,61.308,3.85011,1,0,1.49689,1.53273,0,1.15629,2.96352,9.13716e+06,4.02164e+06,1.36773e+07,0,0,0,7.73942e+07
82.7949,85.139,2.47645,0.01,0.04,3.14955,3.22497,0,0.590122,5.32224,4.39666e+06,3.00878e+06,1.38475e+07,0,0,0,2.73962e+08,62.3362,61.308,3.61746,1,0,1.49715,1.533,0,1.15649,2.96352,9.13716e+06,4.02164e+06,1.36797e+07,0,0,0,7.73942e+07
81.7046,85.139,2.24253,0.01,0.04,3.22362,3.30081,0,0.590226,5.32224,4.39666e+06,3.00878e+06,1.41732e+07,0,0,0,2.73962e+08,62.3362,61.308,3.20948,1,0,1.534,1.57073,0,1.1567,2.96352,9.13716e+06,4.02164e+06,1.40164e+07,0,0,0,7.73942e+07
80.5791,85.139,2.18922,0.01,0.04,3.22418,3.30139,0,0.604106,5.32224,4.39666e+06,3.00878e+06,1.41756e+07,0,0,0,2.73962e+08,62.3362,61.308,3.56257,1,0,1.53427,1.57101,0,1.18517,2.96352,9.13716e+06,4.02164e+06,1.40189e+07,0,0,0,7.73942e+07
79.3205,85.139,2.02579,0.01,0.04,3.22475,3.30197,0,0.604212,5.32224,4.39666e+06,3.00878e+06,1.41781e+07,0,0,0,2.73962e+08,62.3362,61.308,3.58328,1,0,1.53454,1.57128,0,1.18538,2.96352,9.13716e+06,4.02164e+06,1.40213e+07,0,0,0,7.73942e+07
77.9271,85.139,1.87732,0.02,0.04,3.22531,3.30255,0,0.604318,5.32224,4.39666e+06,3.00878e+06,1.41806e+07,0,0,0,2.73962e+08,62.3362,61.308,3.20063,1,0,1.53481,1.57156,0,1.18558,2.96352,9.13716e+06,4.02164e+06,1.40238e+07,0,0,0,7.73942e+07
76.4073,85.139,1.91038,0.02,0.04,3.44132,3.52373,0,0.604424,5.32224,4.39666e+06,3.00878e+06,1.51303e+07,0,0,0,2.73962e+08,62.3362,61.308,3.60788,1,0,1.66724,1.70716,0,1.18579,2.96352,9.13716e+06,4.02164e+06,1.52338e+07,0,0,0,7.73942e+07
75.2499,85.139,2.24387,0.02,0.04,3.44192,3.52434,0,0.644904,5.32224,4.39666e+06,3.00878e+06,1.5133e+07,0,0,0,2.73962e+08,62.3362,61.308,3.25482,1,0,1.66753,1.70746,0,1.28811,2.96352,9.13716e+06,4.02164e+06,1.52365e+07,0,0,0,7.73942e+07
74.3957,85.139,2.56766,0.02,0.04,3.44253,3.52496,0,0.645017,5.32224,4.39666e+06,3.00878e+06,1.51356e+07,0,0,0,2.73962e+08,62.3362,61.308,3.92705,1,0,1.66782,1.70776,0,1.28833,2.96352,9.13716e+06,4.02164e+06,1.52392e+07,0,0,0,7.73942e+07
73.0378,85.139,2.06162,0.02,0.04,3.44313,3.52558,0,0.64513,5.32224,4.39666e+06,3.00878e+06,1.51383e+07,0,0,0,2.73962e+08,62.3154,61.308,2.83066,1,0,1.66811,1.70806,0,1.28856,2.96352,9.13716e+06,4.02164e+06,1.52418e+07,0,0,0,7.73942e+07
72.1493,85.139,2.50365,0.02,0.04,3.44373,3.5262,0,0.645243,5.32224,4.39666e+06,3.00878e+06,1.51409e+07,0,0,0,2.73962e+08,62.3362,61.308,4.9373,1,0,1.66841,1.70836,0,1.28879,2.96352,9.13716e+06,4.02164e+06,1.52445e+07,0,0,0,7.73942e+07
70.7013,85.139,1.86879,0.02,0.04,3.33925,3.41921,0,0.645356,5.32224,4.39666e+06,3.00878e+06,1.46815e+07,0,0,0,2.73962e+08,62.3362,61.308,3.17169,1,0,1.58841,1.62645,0,1.28901,2.96352,9.13716e+06,4.02164e+06,1.45136e+07,0,0,0,7.73942e+07
69.2509,85.139,1.88739,0.02,0.04,3.33983,3.4198,0,0.625775,5.32224,4.39666e+06,3.00878e+06,1.46841e+07,0,0,0,2.73962e+08,62.3362,61.308,3.07824,1,0,1.58869,1.62673,0,1.22721,2.96352,9.13716e+06,4.02164e+06,1.45161e+07,0,0,0,7.73942e+07
68.5179,85.139,2.62823,0.02,0.04,3.34042,3.4204,0,0.625884,5.32224,4.39666e+06,3.00878e+06,1.46867e+07,0,0,0,2.73962e+08,62.3362,61.308,3.43356,1,0,1.58897,1.62702,0,1.22742,2.96352,9.13716e+06,4.02164e+06,1.45186e+07,0,0,0,7.73942e+07
68.7311,85.139,3.66923,0.02,0.04,3.341,3.421,0,0.625994,5.32224,4.39666e+06,3.00878e+06,1.46892e+07,0,0,0,2.73962e+08,62.3362,61.308,5.62918,1,0,1.58925,1.6273,0,1.22764,2.96352,9.13716e+06,4.02164e+06,1.45212e+07,0,0,0,7.73942e+07
68.5373,85.139,3.25905,0.02,0.04,3.25526,3.33321,0,0.626103,5.32224,4.39666e+06,3.00878e+06,1.43123e+07,0,0,0,2.73962e+08,62.3362,61.308,4.39798,1,0,1.51639,1.5527,0,1.22785,2.96352,9.13716e+06,4.02164e+06,1.38555e+07,0,0,0,7.73942e+07
69.1139,85.139,4.17727,0.02,0.04,3.25583,3.3338,0,0.610036,5.32224,4.39666e+06,3.00878e+06,1.43148e+07,0,0,0,2.73962e+08,62.3362,61.308,7.10601,1,0,1.51666,1.55297,0,1.17156,2.96352,9.13716e+06,4.02164e+06,1.38579e+07,0,0,0,7.73942e+07
69.4532,85.139,3.89737,0.02,0.04,3.2564,3.33438,0,0.610143,5.32224,4.39666e+06,3.00878e+06,1.43173e+07,0,0,0,2.73962e+08,62.3362,61.308,8.38415,1,0,1.51692,1.55324,0,1.17177,2.96352,9.13716e+06,4.02164e+06,1.38603e+07,0,0,0,7.73942e+07
70.5311,85.139,4.75316,0.02,0.04,3.25697,3.33496,0,0.61025,5.32224,4.39666e+06,3.00878e+06,1.43198e+07,0,0,0,2.73962e+08,62.3362,61.308,7.68175,1,0,1.51719,1.55352,0,1.17197,2.96352,9.13716e+06,4.02164e+06,1.38628e+07,0,0,0,7.73942e+07
72.6906,85.139,5.7153,0.02,0.04,3.01221,3.08434,0,0.610357,5.32224,4.39666e+06,3.00878e+06,1.32437e+07,0,0,0,2.73962e+08,62.3362,61.308,5.70514,1,0,1.36503,1.39772,0,1.17218,2.96352,9.13716e+06,4.02164e+06,1.24725e+07,0,0,0,7.73942e+07
74.5031,85.139,5.38385,0.02,0.04,3.01274,3.08488,0,0.564489,5.32224,4.39666e+06,3.00878e+06,1.3246e+07,0,0,0,2.73962e+08,62.3362,61.308,6.98966,1,0,1.36527,1.39796,0,1.05462,2.96352,9.13716e+06,4.02164e+06,1.24747e+07,0,0,0,7.73942e+07
75.307,85.139,4.32415,0.02,0.04,3.01327,3.08542,0,0.564588,5.32224,4.39666e+06,3.00878e+06,1.32483e+07,0,0,0,2.73962e+08,62.3362,61.308,8.71398,1,0,1.36551,1.3982,0,1.05481,2.96352,9.13716e+06,4.02164e+06,1.24769e+07,0,0,0,7.73942e+07
78.7037,85.139,7.22082,0.02,0.04,3.0138,3.08596,0,0.564687,5.32224,4.39666e+06,3.00878e+06,1.32506e+07,0,0,0,2.73962e+08,62.3362,61.308,13.1938,1,0,1.36575,1.39845,0,1.05499,2.96352,9.13716e+06,4.02164e+06,1.2479e+07,0,0,0,7.73942e+07
81.8222,85.139,6.98475,0.01,0.04,3.01432,3.0865,0,0.564785,5.32224,4.39666e+06,3.00878e+06,1.3253e+07,0,0,0,2.73962e+08,62.3362,61.308,8.02297,1,0,1.36598,1.39869,0,1.05518,2.96352,9.13716e+06,4.02164e+06,1.24812e+07,0,0,0,7.73942e+07
82.9311,85.139,4.69104,0,0.04,3.01432,3.0865,0,0.564884,5.32224,4.39666e+06,3.00878e+06,1.3253e+07,0,0,0,2.73962e+08,62.3362,61.308,6.05333,1,0,1.36598,1.39869,0,1.05536,2.96352,9.13716e+06,4.02164e+06,1.24812e+07,0,0,0,7.73942e+07
82.4624,85.139,3.18481,0,0.04,3.10928,3.18373,0,0.564884,6.048,4.39666e+06,3.00878e+06,1.36705e+07,0,0,0,2.73962e+08,62.3362,61.308,5.08964,1,0,1.41039,1.44416,0,1.05536,2.96352,9.13716e+06,4.02164e+06,1.2887e+07,0,0,0,7.73942e+07
83.3434,85.139,4.66736,0,0.04,3.1098,3.18426,0,0.582679,6.048,4.39666e+06,3.00878e+06,1.36727e+07,0,0,0,2.73962e+08,62.3362,61.308,6.36475,1,0,1.41063,1.4444,0,1.08967,2.96352,9.13716e+06,4.02164e+06,1.28891e+07,0,0,0,7.73942e+07
82.4943,85.139,2.71619,0,0.04,3.11031,3.18479,0,0.582776,6.048,4.39666e+06,3.00878e+06,1.3675e+07,0,0,0,2.73962e+08,62.3362,61.308,4.30927,1,0,1.41086,1.44464,0,1.08985,2.96352,9.13716e+06,4.02164e+06,1.28912e+07,0,0,0,7.73942e+07
81.0001,85.139,2.00492,0.01,0.04,3.11082,3.18532,0,0.582872,6.048,4.39666e+06,3.00878e+06,1.36772e+07,0,0,0,2.73962e+08,62.3362,61.308,3.72053,1,0,1.41109,1.44488,0,1.09003,2.96352,9.13716e+06,4.02164e+06,1.28934e+07,0,0,0,7.73942e+07
81.7551,85.139,4.89876,0.01,0.04,3.41481,3.49658,0,0.582969,6.048,4.39666e+06,3.00878e+06,1.50138e+07,0,0,0,2.73962e+08,62.3362,61.308,7.30962,1,0,1.57727,1.61504,0,1.09021,2.96352,9.13716e+06,4.02164e+06,1.44117e+07,0,0,0,7.73942e+07
81.9182,85.139,4.11299,0.01,0.04,3.41538,3.49716,0,0.639936,6.048,4.39666e+06,3.00878e+06,1.50163e+07,0,0,0,2.73962e+08,62.3362,61.308,5.38479,1,0,1.57753,1.6153,0,1.2186,2.96352,9.13716e+06,4.02164e+06,1.44141e+07,0,0,0,7.73942e+07
81.3784,85.139,3.43864,0.01,0.04,3.41594,3.49774,0,0.640042,6.048,4.39666e+06,3.00878e+06,1.50187e+07,0,0,0,2.73962e+08,62.3362,61.308,4.9359,1,0,1.57779,1.61557,0,1.2188,2.96352,9.13716e+06,4.02164e+06,1.44165e+07,0,0,0,7.73942e+07
81.2916,85.139,4.0048,0.01,0.04,3.41651,3.49832,0,0.640147,6.048,4.39666e+06,3.00878e+06,1.50212e+07,0,0,0,2.73962e+08,62.3362,61.308,5.07458,1,0,1.57805,1.61584,0,1.219,2.96352,9.13716e+06,4.02164e+06,1.44189e+07,0,0,0,7.73942e+07
81.7228,85.139,3.98968,0,0.04,2.98394,3.05539,0,0.640253,6.048,4.39666e+06,3.00878e+06,1.31194e+07,0,0,0,2.73962e+08,62.3362,61.308,3.29721,1,0,1.35547,1.38793,0,1.2192,2.96352,9.13716e+06,4.02164e+06,1.23851e+07,0,0,0,7.73942e+07
84.4195,85.139,6.28685,0,0.04,2.98443,3.05589,0,0.55919,6.048,4.39666e+06,3.00878e+06,1.31215e+07,0,0,0,2.73962e+08,62.3362,61.308,4.65088,1,0,1.35569,1.38815,0,1.04723,2.96352,9.13716e+06,4.02164e+06,1.23872e+07,0,0,0,7.73942e+07
85.139,85.139,5.3975,0.01,0.04,2.98492,3.0564,0,0.559282,6.048,4.39666e+06,3.00878e+06,1.31237e+07,0,0,0,2.73962e+08,62.3362,61.308,5.09867,1,0,1.35592,1.38838,0,1.04741,2.96352,9.13716e+06,4.02164e+06,1.23892e+07,0,0,0,7.73942e+07
85.139,85.139,7.95653,0,0.04,2.98542,3.0569,0,0.559375,6.048,4.39666e+06,3.00878e+06,1.31259e+07,0,0,0,2.73962e+08,62.3362,61.308,6.25707,1,0,1.35614,1.38861,0,1.04758,2.96352,9.13716e+06,4.02164e+06,1.23913e+07,0,0,0,7.73942e+07
85.139,85.139,6.6946,0,0.04,2.98591,3.05741,0,0.559467,6.048,4.39666e+06,3.00878e+06,1.3128e+07,0,0,0,2.73962e+08,62.3362,61.308,7.66543,1,0,1.35636,1.38884,0,1.04775,2.96352,9.13716e+06,4.02164e+06,1.23933e+07,0,0,0,7.73942e+07
85.139,85.139,4.15559,0,0.04,3.09552,3.16965,0,0.55956,6.048,4.39666e+06,3.00878e+06,1.361e+07,0,0,0,2.73962e+08,62.3362,61.308,4.53333,1,0,1.41115,1.44494,0,1.04793,2.96352,9.13716e+06,4.02164e+06,1.28939e+07,0,0,0,7.73942e+07
85.139,85.139,3.79361,0,0.04,3.09603,3.17017,0,0.580101,6.048,4.39666e+06,3.00878e+06,1.36122e+07,0,0,0,2.73962e+08,62.3362,61.308,4.57535,1,0,1.41138,1.44518,0,1.09025,2.96352,9.13716e+06,4.02164e+06,1.2896e+07,0,0,0,7.73942e+07
85.139,85.139,4.15634,0,0.04,3.09654,3.17069,0,0.580197,6.048,4.39666e+06,3.00878e+06,1.36145e+07,0,0,0,2.73962e+08,62.3362,61.308,5.28559,1,0,1.41162,1.44542,0,1.09043,2.96352,9.13716e+06,4.02164e+06,1.28982e+07,0,0,0,7.73942e+07
85.139,85.139,3.59032,0,0.04,3.09706,3.17122,0,0.580292,6.048,4.39666e+06,3.00878e+06,1.36167e+07,0,0,0,2.73962e+08,62.3362,61.308,3.95927,1,0,1.41185,1.44566,0,1.09061,2.96352,9.13716e+06,4.02164e+06,1.29003e+07,0,0,0,7.73942e+07
85.139,85.139,3.45821,0,0.04,3.05488,3.12803,0,0.580388,6.048,4.39666e+06,3.00878e+06,1.34313e+07,0,0,0,2.73962e+08,62.3362,61.308,3.27472,1,0,1.39088,1.42418,0,1.0908,2.96352,9.13716e+06,4.02164e+06,1.27087e+07,0,0,0,7.73942e+07
84.9351,85.139,3.10367,0,0.04,3.05538,3.12854,0,0.572484,6.048,4.39666e+06,3.00878e+06,1.34335e+07,0,0,0,2.73962e+08,62.3362,61.308,3.2811,1,0,1.39111,1.42442,0,1.07459,2.96352,9.13716e+06,4.02164e+06,1.27108e+07,0,0,0,7.73942e+07
84.4371,85.139,2.7921,0,0.04,3.05589,3.12906,0,0.572578,6.048,4.39666e+06,3.00878e+06,1.34357e+07,0,0,0,2.73962e+08,62.3362,61.308,3.39822,1,0,1.39134,1.42465,0,1.07477,2.96352,9.13716e+06,4.02164e+06,1.27129e+07,0,0,0,7.73942e+07
84.1679,85.139,3.02464,0,0.04,3.05639,3.12958,0,0.572673,6.048,4.39666e+06,3.00878e+06,1.34379e+07,0,0,0,2.73962e+08,62.3362,61.308,2.91284,1,0,1.39157,1.42489,0,1.07495,2.96352,9.13716e+06,4.02164e+06,1.2715e+07,0,0,0,7.73942e+07
83.2313,85.139,2.46576,0,0.04,3.20191,3.27858,0,0.572768,6.048,4.39666e+06,3.00878e+06,1.40777e+07,0,0,0,2.73962e+08,62.3362,61.308,2.61833,1,0,1.46705,1.50218,0,1.07513,2.96352,9.13716e+06,4.02164e+06,1.34046e+07,0,0,0,7.73942e+07
82.1166,85.139,2.19167,0,0.04,3.20244,3.27912,0,0.600037,6.048,4.39666e+06,3.00878e+06,1.408e+07,0,0,0,2.73962e+08,62.3362,61.308,2.27293,1,0,1.46729,1.50242,0,1.13344,2.96352,9.13716e+06,4.02164e+06,1.34068e+07,0,0,0,7.73942e+07
80.9282,85.139,2.09966,0,0.04,3.20297,3.27966,0,0.600136,6.048,4.39666e+06,3.00878e+06,1.40824e+07,0,0,0,2.73962e+08,62.3362,61.308,2.27,1,0,1.46753,1.50267,0,1.13363,2.96352,9.13716e+06,4.02164e+06,1.34091e+07,0,0,0,7.73942e+07
79.6432,85.139,1.99395,0,0.04,3.20349,3.2802,0,0.600236,6.048,4.39666e+06,3.00878e+06,1.40847e+07,0,0,0,2.73962e+08,62.3362,61.308,2.3801,1,0,1.46777,1.50292,0,1.13381,2.96352,9.13716e+06,4.02164e+06,1.34113e+07,0,0,0,7.73942e+07
78.0312,85.139,1.63541,0,0.04,3.20402,3.28075,0,0.600335,6.048,4.39666e+06,3.00878e+06,1.4087e+07,0,0,0,2.73962e+08,62.2686,61.308,2.18628,1,0,1.46802,1.50317,0,1.134,2.96352,9.13716e+06,4.02164e+06,1.34135e+07,0,0,0,7.73942e+07
76.2007,85.139,1.34078,0.01,0.04,3.17585,3.2519,0,0.600434,6.048,4.39666e+06,3.00878e+06,1.39631e+07,0,0,0,2.73962e+08,62.0462,61.308,1.95332,1,0,1.50965,1.5458,0,1.13419,2.96352,9.13716e+06,4.02164e+06,1.37939e+07,0,0,0,7.73942e+07
74.2761,85.139,1.22497,0.01,0.04,3.17638,3.25244,0,0.595155,6.048,4.39666e+06,3.00878e+06,1.39655e+07,0,0,0,2.73962e+08,61.6798,61.308,1.86504,1,0,1.5099,1.54606,0,1.16636,2.96352,9.13716e+06,4.02164e+06,1.37962e+07,0,0,0,7.73942e+07
72.3291,85.139,1.18072,0.02,0.04,3.1769,3.25297,0,0.595253,6.048,4.39666e+06,3.00878e+06,1.39678e+07,0,0,0,2.73962e+08,61.2037,61.308,1.66773,1,0,1.51015,1.54631,0,1.16655,2.96352,9.13716e+06,4.02164e+06,1.37985e+07,0,0,0,7.73942e+07
70.3247,85.139,1.09305,0.02,0.04,3.17743,3.25351,0,0.595351,6.048,4.39666e+06,3.00878e+06,1.39701e+07,0,0,0,2.73962e+08,60.6008,61.308,1.55483,1,0,1.5104,1.54657,0,1.16674,2.96352,9.13716e+06,4.02164e+06,1.38008e+07,0,0,0,7.73942e+07
68.168,85.139,0.986106,0.02,0.04,3.25212,3.32999,0,0.59545,6.048,4.39666e+06,3.00878e+06,1.42985e+07,0,0,0,2.73962e+08,60.072,61.308,1.51783,1,0,1.54756,1.58462,0,1.16693,2.96352,9.13716e+06,4.02164e+06,1.41403e+07,0,0,0,7.73942e+07
65.9679,85.139,0.91179,0.02,0.04,3.25266,3.33054,0,0.609447,6.048,4.39666e+06,3.00878e+06,1.43008e+07,0,0,0,2.73962e+08,59.3778,61.308,1.53151,1,0,1.54782,1.58488,0,1.19565,2.96352,9.13716e+06,4.02164e+06,1.41427e+07,0,0,0,7.73942e+07
63.7249,85.139,0.845211,0.02,0.04,3.25319,3.33109,0,0.609548,6.048,4.39666e+06,3.00878e+06,1.43032e+07,0,0,0,2.73962e+08,58.7813,61.308,1.36692,1,0,1.54807,1.58514,0,1.19584,2.96352,9.13716e+06,4.02164e+06,1.4145e+07,0,0,0,7.73942e+07
61.5263,85.139,0.859614,0.02,0.04,3.25373,3.33164,0,0.609648,6.048,4.39666e+06,3.00878e+06,1.43056e+07,0,0,0,2.73962e+08,58.01,61.308,1.54132,1,0,1.54833,1.5854,0,1.19604,2.96352,9.13716e+06,4.02164e+06,1.41473e+07,0,0,0,7.73942e+07
59.1994,85.139,0.899807,0.05,0.04,3.47161,3.55474,0,0.609749,6.048,4.39666e+06,3.00878e+06,1.52635e+07,0,0,0,2.73962e+08,57.1721,61.308,1.32145,1,0,1.68191,1.72219,0,1.19624,2.96352,9.13716e+06,4.02164e+06,1.53679e+07,0,0,0,7.73942e+07
56.8297,85.139,0.846785,0.06,0.04,3.47218,3.55532,0,0.650579,6.048,4.39666e+06,3.00878e+06,1.5266e+07,0,0,0,2.73962e+08,56.6447,61.308,1.37271,1,0,1.68219,1.72247,0,1.29944,2.96352,9.13716e+06,4.02164e+06,1.53704e+07,0,0,0,7.73942e+07
54.4468,85.139,0.797576,0.05,0.04,3.47275,3.55591,0,0.650687,6.048,4.39666e+06,3.00878e+06,1.52685e+07,0,0,0,2.73962e+08,56.0948,61.308,1.66569,1,0,1.68247,1.72275,0,1.29966,2.96352,9.13716e+06,4.02164e+06,1.5373e+07,0,0,0,7.73942e+07
52.0705,85.139,0.764623,0.07,0.04,3.47333,3.5565,0,0.650794,6.048,4.39666e+06,3.00878e+06,1.5271e+07,0,0,0,2.73962e+08,55.5541,61.308,1.63728,1,0,1.68274,1.72304,0,1.29987,2.96352,9.13716e+06,4.02164e+06,1.53755e+07,0,0,0,7.73942e+07
49.9821,85.139,1.05679,0.07,0.04,3.4739,3.55709,0,0.650902,6.048,4.39666e+06,3.00878e+06,1.52736e+07,0,0,0,2.73962e+08,55.137,61.308,1.9944,1,0,1.68302,1.72332,0,1.30009,2.96352,9.13716e+06,4.02164e+06,1.5378e+07,0,0,0,7.73942e+07
48.539,85.139,1.63403,0.11,0.04,3.36846,3.44912,0,0.651009,6.048,4.39666e+06,3.00878e+06,1.481e+07,0,0,0,2.73962e+08,55.0407,61.308,2.55559,1,0,1.60231,1.64068,0,1.3003,2.96352,9.13716e+06,4.02164e+06,1.46406e+07,0,0,0,7.73942e+07
46.8825,85.139,1.38259,0.11,0.04,3.36902,3.44969,0,0.63125,6.048,4.39666e+06,3.00878e+06,1.48124e+07,0,0,0,2.73962e+08,55.2507,61.308,4.20072,1,0,1.60257,1.64095,0,1.23794,2.96352,9.13716e+06,4.02164e+06,1.4643e+07,0,0,0,7.73942e+07
45.0752,85.139,1.19873,0.11,0.04,3.36958,3.45026,0,0.631355,6.048,4.39666e+06,3.00878e+06,1.48149e+07,0,0,0,2.73962e+08,54.9952,61.308,2.33605,1,0,1.60284,1.64122,0,1.23815,2.96352,9.13716e+06,4.02164e+06,1.46454e+07,0,0,0,7.73942e+07
43.3406,85.139,1.24168,0.16,0.04,3.37013,3.45083,0,0.631459,6.048,4.39666e+06,3.00878e+06,1.48173e+07,0,0,0,2.73962e+08,54.7328,61.308,2.26069,1,0,1.6031,1.64149,0,1.23835,2.96352,9.13716e+06,4.02164e+06,1.46478e+07,0,0,0,7.73942e+07
42.2296,85.139,1.85276,0.15,0.04,3.28362,3.36225,0,0.631563,6.048,4.39666e+06,3.00878e+06,1.4437e+07,0,0,0,2.73962e+08,54.6686,61.308,2.26676,1,0,1.5296,1.56622,0,1.23856,2.96352,9.13716e+06,4.02164e+06,1.39762e+07,0,0,0,7.73942e+07
42.8483,85.139,3.61709,0.15,0.04,3.28416,3.3628,0,0.61535,6.048,4.39666e+06,3.00878e+06,1.44393e+07,0,0,0,2.73962e+08,55.1422,61.308,3.75282,1,0,1.52985,1.56648,0,1.18177,2.96352,9.13716e+06,4.02164e+06,1.39785e+07,0,0,0,7.73942e+07
42.586,85.139,2.69464,0.14,0.04,3.2847,3.36336,0,0.615451,6.048,4.39666e+06,3.00878e+06,1.44417e+07,0,0,0,2.73962e+08,55.6752,61.308,4.07192,1,0,1.5301,1.56674,0,1.18196,2.96352,9.13716e+06,4.02164e+06,1.39808e+07,0,0,0,7.73942e+07
43.0631,85.139,3.50104,0.15,0.04,3.28524,3.36391,0,0.615553,6.048,4.39666e+06,3.00878e+06,1.44441e+07,0,0,0,2.73962e+08,55.8908,61.308,3.01467,1,0,1.53036,1.567,0,1.18216,2.96352,9.13716e+06,4.02164e+06,1.39831e+07,0,0,0,7.73942e+07
43.5541,85.139,3.47645,0.16,0.04,3.03833,3.11108,0,0.615655,6.048,4.39666e+06,3.00878e+06,1.33585e+07,0,0,0,2.73962e+08,56.8196,61.308,4.42949,1,0,1.37686,1.40983,0,1.18235,2.96352,9.13716e+06,4.02164e+06,1.25806e+07,0,0,0,7.73942e+07
46.5247,85.139,5.86772,0.14,0.04,3.03883,3.1116,0,0.569383,6.048,4.39666e+06,3.00878e+06,1.33607e+07,0,0,0,2.73962e+08,57.0977,61.308,3.63012,1,0,1.37709,1.41007,0,1.06376,2.96352,9.13716e+06,4.02164e+06,1.25827e+07,0,0,0,7.73942e+07
50.5228,85.139,7.03237,0.11,0.04,3.03933,3.11211,0,0.569477,6.048,4.39666e+06,3.00878e+06,1.33629e+07,0,0,0,2.73962e+08,57.4618,61.308,3.38789,1,0,1.37732,1.4103,0,1.06394,2.96352,9.13716e+06,4.02164e+06,1.25848e+07,0,0,0,7.73942e+07
54.8072,85.139,7.49957,0.11,0.04,3.03983,3.11262,0,0.569571,6.048,4.39666e+06,3.00878e+06,1.33651e+07,0,0,0,2.73962e+08,60.0707,61.308,9.49143,1,0,1.37755,1.41053,0,1.06412,2.96352,9.13716e+06,4.02164e+06,1.25868e+07,0,0,0,7.73942e+07
57.1964,85.139,5.56245,0.07,0.04,3.04034,3.11314,0,0.569665,6.048,4.39666e+06,3.00878e+06,1.33673e+07,0,0,0,2.73962e+08,60.9473,61.308,4.61773,1,0,1.37777,1.41076,0,1.06429,2.96352,9.13716e+06,4.02164e+06,1.25889e+07,0,0,0,7.73942e+07
58.5309,85.139,4.76415,0.04,0.02,3.13608,3.21118,0,0.569759,6.048,4.39666e+06,3.00878e+06,1.37883e+07,0,0,0,2.73962e+08,62.0182,61.308,4.47915,1,0,1.42255,1.45661,0,1.06447,2.96352,9.13716e+06,4.02164e+06,1.29981e+07,0,0,0,7.73942e+07
58.1957,85.139,2.95139,0.05,0.02,3.13657,3.21168,0,0.587702,6.048,4.39666e+06,3.00878e+06,1.37904e+07,0,0,0,2.73962e+08,62.3362,61.308,3.18457,1,0,1.42277,1.45684,0,1.09906,2.96352,9.13716e+06,4.02164e+06,1.30001e+07,0,0,0,7.73942e+07
57.0928,85.139,2.106,0.05,0.02,3.13706,3.21218,0,0.587793,6.048,4.39666e+06,3.00878e+06,1.37926e+07,0,0,0,2.73962e+08,62.3362,61.308,2.71439,1,0,1.42299,1.45707,0,1.09923,2.96352,9.13716e+06,4.02164e+06,1.30021e+07,0,0,0,7.73942e+07
56.1715,85.139,2.35335,0.05,0.02,3.13754,3.21268,0,0.587885,6.048,4.39666e+06,3.00878e+06,1.37947e+07,0,0,0,2.73962e+08,62.3362,61.308,3.03422,1,0,1.42321,1.45729,0,1.0994,2.96352,9.13716e+06,4.02164e+06,1.30041e+07,0,0,0,7.73942e+07
54.963,85.139,2.28272,0.1,0.02,3.44411,3.52658,0,0.587976,6.048,4.39666e+06,3.00878e+06,1.51426e+07,0,0,0,2.73962e+08,62.3362,61.308,3.06962,1,0,1.5908,1.62889,0,1.09957,2.96352,9.13716e+06,4.02164e+06,1.45354e+07,0,0,0,7.73942e+07
54.3574,85.139,2.90752,0.1,0.02,3.44465,3.52713,0,0.645426,6.048,4.39666e+06,3.00878e+06,1.51449e+07,0,0,0,2.73962e+08,62.3362,61.308,3.68245,1,0,1.59105,1.62915,0,1.22905,2.96352,9.13716e+06,4.02164e+06,1.45376e+07,0,0,0,7.73942e+07
53.4263,85.139,2.62007,0.09,0.02,3.44518,3.52768,0,0.645526,6.048,4.39666e+06,3.00878e+06,1.51473e+07,0,0,0,2.73962e+08,62.3362,61.308,3.21764,1,0,1.59129,1.6294,0,1.22924,2.96352,9.13716e+06,4.02164e+06,1.45399e+07,0,0,0,7.73942e+07
52.4319,85.139,2.48821,0.1,0.02,3.44572,3.52823,0,0.645627,6.048,4.39666e+06,3.00878e+06,1.51496e+07,0,0,0,2.73962e+08,62.3362,61.308,3.42882,1,0,1.59154,1.62965,0,1.22943,2.96352,9.13716e+06,4.02164e+06,1.45422e+07,0,0,0,7.73942e+07
52.198,85.139,2.89061,0.12,0.02,3.00942,3.08148,0,0.645727,6.048,4.39666e+06,3.00878e+06,1.32314e+07,0,0,0,2.73962e+08,62.3362,61.308,3.85444,1,0,1.36704,1.39978,0,1.22963,2.96352,9.13716e+06,4.02164e+06,1.24909e+07,0,0,0,7.73942e+07
52.3404,85.139,3.2451,0.13,0.02,3.00989,3.08196,0,0.563965,6.048,4.39666e+06,3.00878e+06,1.32334e+07,0,0,0,2.73962e+08,62.3362,61.308,3.3565,1,0,1.36726,1.4,0,1.05618,2.96352,9.13716e+06,4.02164e+06,1.24928e+07,0,0,0,7.73942e+07
51.9399,85.139,2.66775,0.14,0.02,3.01035,3.08244,0,0.564053,6.048,4.39666e+06,3.00878e+06,1.32355e+07,0,0,0,2.73962e+08,62.3362,61.308,2.31786,1,0,1.36747,1.40021,0,1.05634,2.96352,9.13716e+06,4.02164e+06,1.24948e+07,0,0,0,7.73942e+07
51.4447,85.139,2.56494,0.17,0.02,3.01082,3.08292,0,0.56414,6.048,4.39666e+06,3.00878e+06,1.32376e+07,0,0,0,2.73962e+08,62.3362,61.308,2.41124,1,0,1.36768,1.40043,0,1.05651,2.96352,9.13716e+06,4.02164e+06,1.24967e+07,0,0,0,7.73942e+07
52.4334,85.139,4.17563,0.17,0.02,3.01129,3.0834,0,0.564228,6.048,4.39666e+06,3.00878e+06,1.32396e+07,0,0,0,2.73962e+08,62.3362,61.308,4.43527,1,0,1.36789,1.40065,0,1.05667,2.96352,9.13716e+06,4.02164e+06,1.24987e+07,0,0,0,7.73942e+07
53.7756,85.139,4.58974,0.19,0.02,3.1218,3.19656,0,0.564316,6.048,4.39666e+06,3.00878e+06,1.37255e+07,0,0,0,2.73962e+08,62.3362,61.308,5.62841,1,0,1.42313,1.45721,0,1.05683,2.96352,9.13716e+06,4.02164e+06,1.30034e+07,0,0,0,7.73942e+07
54.0889,85.139,3.49852,0.18,0.02,3.12229,3.19705,0,0.585026,6.048,4.39666e+06,3.00878e+06,1.37276e+07,0,0,0,2.73962e+08,62.3362,61.308,4.26353,1,0,1.42335,1.45743,0,1.09951,2.96352,9.13716e+06,4.02164e+06,1.30054e+07,0,0,0,7.73942e+07
53.7877,85.139,2.83934,0.18,0.02,3.12277,3.19755,0,0.585117,6.048,4.39666e+06,3.00878e+06,1.37298e+07,0,0,0,2.73962e+08,62.3362,61.308,3.45091,1,0,1.42357,1.45766,0,1.09968,2.96352,9.13716e+06,4.02164e+06,1.30074e+07,0,0,0,7.73942e+07
53.2632,85.139,2.56707,0.18,0.02,3.12326,3.19805,0,0.585208,6.048,4.39666e+06,3.00878e+06,1.37319e+07,0,0,0,2.73962e+08,62.3362,61.308,3.12169,1,0,1.42379,1.45789,0,1.09985,2.96352,9.13716e+06,4.02164e+06,1.30094e+07,0,0,0,7.73942e+07
52.4831,85.139,2.26211,0.18,0.02,3.08069,3.15446,0,0.585298,6.048,4.39666e+06,3.00878e+06,1.35448e+07,0,0,0,2.73962e+08,62.3362,61.308,2.79516,1,0,1.40263,1.43622,0,1.10002,2.96352,9.13716e+06,4.02164e+06,1.28161e+07,0,0,0,7.73942e+07
51.6116,85.139,2.07417,0.16,0.02,3.08117,3.15495,0,0.577321,6.048,4.39666e+06,3.00878e+06,1.35469e+07,0,0,0,2.73962e+08,62.3362,61.308,2.51743,1,0,1.40285,1.43644,0,1.08367,2.96352,9.13716e+06,4.02164e+06,1.28181e+07,0,0,0,7.73942e+07
50.7008,85.139,2.01698,0.14,0.02,3.08165,3.15544,0,0.577411,6.048,4.39666e+06,3.00878e+06,1.3549e+07,0,0,0,2.73962e+08,62.3362,61.308,2.78894,1,0,1.40307,1.43666,0,1.08384,2.96352,9.13716e+06,4.02164e+06,1.282e+07,0,0,0,7.73942e+07
49.7433,85.139,1.94907,0.26,0.02,3.08213,3.15593,0,0.577501,6.048,4.39666e+06,3.00878e+06,1.35511e+07,0,0,0,2.73962e+08,62.3362,61.308,2.55044,1,0,1.40329,1.43689,0,1.08401,2.96352,9.13716e+06,4.02164e+06,1.2822e+07,0,0,0,7.73942e+07
48.5184,85.139,1.77589,0.21,0.02,3.22884,3.30615,0,0.577591,6.048,4.39666e+06,3.00878e+06,1.41961e+07,0,0,0,2.73962e+08,62.3223,61.308,2.27472,1,0,1.47938,1.51481,0,1.08418,2.96352,9.13716e+06,4.02164e+06,1.35174e+07,0,0,0,7.73942e+07
47.1452,85.139,1.55476,0.2,0.02,3.22934,3.30667,0,0.605084,6.048,4.39666e+06,3.00878e+06,1.41983e+07,0,0,0,2.73962e+08,62.2659,61.308,2.2432,1,0,1.47961,1.51504,0,1.14297,2.96352,9.13716e+06,4.02164e+06,1.35195e+07,0,0,0,7.73942e+07
45.7554,85.139,1.50728,0.17,0.02,3.22984,3.30718,0,0.605178,6.048,4.39666e+06,3.00878e+06,1.42005e+07,0,0,0,2.73962e+08,62.248,61.308,2.26336,1,0,1.47984,1.51528,0,1.14315,2.96352,9.13716e+06,4.02164e+06,1.35216e+07,0,0,0,7.73942e+07
44.3213,85.139,1.42899,0.13,0.02,3.23034,3.30769,0,0.605272,6.048,4.39666e+06,3.00878e+06,1.42027e+07,0,0,0,2.73962e+08,61.99,61.308,2.17649,1,0,1.48007,1.51552,0,1.14333,2.96352,9.13716e+06,4.02164e+06,1.35237e+07,0,0,0,7.73942e+07
42.6636,85.139,1.14585,0.24,0.02,3.23084,3.30821,0,0.605366,6.048,4.39666e+06,3.00878e+06,1.42049e+07,0,0,0,2.73962e+08,61.153,61.308,1.62971,1,0,1.4803,1.51575,0,1.14351,2.96352,9.13716e+06,4.02164e+06,1.35258e+07,0,0,0,7.73942e+07
40.8045,85.139,0.85688,0.23,0.02,3.2024,3.27909,0,0.60546,6.048,4.39666e+06,3.00878e+06,1.40799e+07,0,0,0,2.73962e+08,60.1589,61.308,1.0365,1,0,1.52227,1.55872,0,1.14368,2.96352,9.13716e+06,4.02164e+06,1.39092e+07,0,0,0,7.73942e+07
38.9254,85.139,0.790962,0.2,0.02,3.2029,3.2796,0,0.60013,6.048,4.39666e+06,3.00878e+06,1.40821e+07,0,0,0,2.73962e+08,59.0672,61.308,1.02597,1,0,1.52251,1.55897,0,1.17611,2.96352,9.13716e+06,4.02164e+06,1.39114e+07,0,0,0,7.73942e+07
37.03,85.139,0.7226,0.29,0.02,3.2034,3.28011,0,0.600224,6.048,4.39666e+06,3.00878e+06,1.40843e+07,0,0,0,2.73962e+08,57.9503,61.308,0.914105,1,0,1.52274,1.55921,0,1.17629,2.96352,9.13716e+06,4.02164e+06,1.39136e+07,0,0,0,7.73942e+07
35.1445,85.139,0.662786,0.27,0.02,3.2039,3.28062,0,0.600317,6.048,4.39666e+06,3.00878e+06,1.40864e+07,0,0,0,2.73962e+08,56.5662,61.308,0.895784,1,0,1.52298,1.55945,0,1.17647,2.96352,9.13716e+06,4.02164e+06,1.39157e+07,0,0,0,7.73942e+07
33.1682,85.139,0.552448,0.27,0.02,3.27918,3.3577,0,0.60041,6.048,4.39666e+06,3.00878e+06,1.44174e+07,0,0,0,2.73962e+08,55.0191,61.308,0.595566,1,0,1.56044,1.5978,0,1.17666,2.96352,9.13716e+06,4.02164e+06,1.4258e+07,0,0,0,7.73942e+07
31.2319,85.139,0.511263,0.32,0.02,3.27969,3.35822,0,0.614518,6.048,4.39666e+06,3.00878e+06,1.44197e+07,0,0,0,2.73962e+08,53.4388,61.308,0.571801,1,0,1.56068,1.59805,0,1.20559,2.96352,9.13716e+06,4.02164e+06,1.42602e+07,0,0,0,7.73942e+07
28.8058,85.139,0.465519,0.29,0.02,3.2802,3.35874,0,0.614614,6.048,4.39666e+06,3.00878e+06,1.44219e+07,0,0,0,2.73962e+08,51.9801,61.308,0.507539,1,0,1.56092,1.5983,0,1.20578,2.96352,9.13716e+06,4.02164e+06,1.42624e+07,0,0,0,7.73942e+07
26.7197,85.139,0.542287,0.27,0.02,3.28071,3.35927,0,0.614709,6.048,4.39666e+06,3.00878e+06,1.44242e+07,0,0,0,2.73962e+08,50.4558,61.308,0.691918,1,0,1.56117,1.59855,0,1.20597,2.96352,9.13716e+06,4.02164e+06,1.42646e+07,0,0,0,7.73942e+07
23.223,85.139,0.420445,0.32,0.02,3.50035,3.58417,0,0.614804,6.048,4.39666e+06,3.00878e+06,1.53899e+07,0,0,0,2.73962e+08,48.6909,61.308,0.490579,1,0,1.69584,1.73645,0,1.20616,2.96352,9.13716e+06,4.02164e+06,1.54951e+07,0,0,0,7.73942e+07
19.6927,85.139,0.387512,0.32,0.02,3.5009,3.58473,0,0.655966,6.048,4.39666e+06,3.00878e+06,1.53923e+07,0,0,0,2.73962e+08,46.8941,61.308,0.434373,1,0,1.6961,1.73672,0,1.31021,2.96352,9.13716e+06,4.02164e+06,1.54976e+07,0,0,0,7.73942e+07
16.1055,85.139,0.329597,0.35,0.02,3.50144,3.58529,0,0.656068,6.048,4.39666e+06,3.00878e+06,1.53947e+07,0,0,0,2.73962e+08,45.1431,61.308,0.381274,1,0,1.69637,1.73699,0,1.31041,2.96352,9.13716e+06,4.02164e+06,1.55e+07,0,0,0,7.73942e+07
12.8821,85.139,0.356865,0.48,0.02,3.16656,3.58584,0,0.65617,6.048,4.39666e+06,3.00878e+06,1.39223e+07,0,0,0,2.73962e+08,43.6224,61.308,0.509919,1,0,1.53412,1.73726,0,1.31061,2.96352,9.13716e+06,4.02164e+06,1.40175e+07,0,0,0,7.73942e+07
9.66765,85.139,0.367706,0.44,0.02,3.16705,3.5864,0,0.593413,6.048,4.39666e+06,3.00878e+06,1.39244e+07,0,0,0,2.73962e+08,42.1321,61.308,0.477719,1,0,1.53436,1.73753,0,1.18526,2.96352,9.13716e+06,4.02164e+06,1.40197e+07,0,0,0,7.73942e+07
9.03324,85.139,0.468884,0.56,0.02,3.07089,3.47752,0,0.593505,6.048,4.39666e+06,3.00878e+06,1.35017e+07,0,0,0,2.73962e+08,41.0206,61.308,0.582972,1,0,1.46076,1.65418,0,1.18545,2.96352,9.13716e+06,4.02164e+06,1.33472e+07,0,0,0,7.73942e+07
9.56325,85.139,0.397417,0.46,0.02,3.07137,3.47806,0,0.575486,6.048,4.39666e+06,3.00878e+06,1.35038e+07,0,0,0,2.73962e+08,39.7527,61.308,0.934382,1,0,1.46099,1.65444,0,1.12858,2.96352,9.13716e+06,4.02164e+06,1.33493e+07,0,0,0,7.73942e+07
10.0315,85.139,0.345924,0.41,0.02,3.07185,3.4786,0,0.575575,6.048,4.39666e+06,3.00878e+06,1.35059e+07,0,0,0,2.73962e+08,38.323,61.308,0.519047,1,0,1.46122,1.6547,0,1.12876,2.96352,9.13716e+06,4.02164e+06,1.33514e+07,0,0,0,7.73942e+07
9.93088,85.139,0.357551,0.38,0.02,3.39777,3.47914,0,0.575664,6.048,4.39666e+06,3.00878e+06,1.49389e+07,0,0,0,2.73962e+08,36.8642,61.308,0.501884,1,0,1.61625,1.65495,0,1.12894,2.96352,9.13716e+06,4.02164e+06,1.47679e+07,0,0,0,7.73942e+07
10.8808,85.139,0.537086,0.38,0.02,3.31051,3.38979,0,0.636743,6.048,4.39666e+06,3.00878e+06,1.45552e+07,0,0,0,2.73962e+08,36.1823,61.308,0.608641,1,0,1.54213,1.57905,0,1.24872,2.96352,9.13716e+06,4.02164e+06,1.40907e+07,0,0,0,7.73942e+07
13.0779,85.139,0.680379,0.39,0.02,3.31103,3.39031,0,0.62039,6.048,4.39666e+06,3.00878e+06,1.45575e+07,0,0,0,2.73962e+08,35.8317,61.308,1.41483,1,0,1.54237,1.5793,0,1.19145,2.96352,9.13716e+06,4.02164e+06,1.40928e+07,0,0,0,7.73942e+07
14.1403,85.139,1.82755,0.32,0.02,3.31154,3.39084,0,0.620487,6.048,4.39666e+06,3.00878e+06,1.45597e+07,0,0,0,2.73962e+08,35.575,61.308,2.84175,1,0,1.54261,1.57954,0,1.19163,2.96352,9.13716e+06,4.02164e+06,1.4095e+07,0,0,0,7.73942e+07
13.8097,85.139,1.06003,0.33,0.02,3.31206,3.39137,0,0.620583,6.048,4.39666e+06,3.00878e+06,1.4562e+07,0,0,0,2.73962e+08,34.7441,61.308,1.4284,1,0,1.54285,1.57979,0,1.19182,2.96352,9.13716e+06,4.02164e+06,1.40972e+07,0,0,0,7.73942e+07
13.6855,85.139,1.02011,0.33,0.02,3.0631,3.13644,0,0.620679,6.048,4.39666e+06,3.00878e+06,1.34674e+07,0,0,0,2.73962e+08,34.3455,61.308,1.07213,1,0,1.38809,1.42133,0,1.192,2.96352,9.13716e+06,4.02164e+06,1.26832e+07,0,0,0,7.73942e+07
13.8756,85.139,1.36848,0.34,0.02,3.06357,3.13693,0,0.574024,6.048,4.39666e+06,3.00878e+06,1.34695e+07,0,0,0,2.73962e+08,33.64,61.308,1.50048,1,0,1.3883,1.42155,0,1.07244,2.96352,9.13716e+06,4.02164e+06,1.26851e+07,0,0,0,7.73942e+07
13.6845,85.139,0.977721,0.35,0.02,3.06405,3.13742,0,0.574113,6.048,4.39666e+06,3.00878e+06,1.34716e+07,0,0,0,2.73962e+08,33.4274,61.308,1.06012,1,0,1.38852,1.42177,0,1.0726,2.96352,9.13716e+06,4.02164e+06,1.26871e+07,0,0,0,7.73942e+07
14.7852,85.139,2.3907,0.38,0.02,3.06452,3.13791,0,0.574202,6.048,4.39666e+06,3.00878e+06,1.34737e+07,0,0,0,2.73962e+08,33.5655,61.308,3.06962,1,0,1.38873,1.42199,0,1.07277,2.96352,9.13716e+06,4.02164e+06,1.26891e+07,0,0,0,7.73942e+07
15.7133,85.139,2.15405,0.39,0.02,3.065,3.13839,0,0.574292,6.048,4.39666e+06,3.00878e+06,1.34758e+07,0,0,0,2.73962e+08,33.4377,61.308,1.53477,1,0,1.38895,1.42221,0,1.07294,2.96352,9.13716e+06,4.02164e+06,1.2691e+07,0,0,0,7.73942e+07
19.5213,85.139,4.99313,0.45,0.04,2.85867,3.23719,0,0.574381,6.048,4.39666e+06,3.00878e+06,1.25686e+07,0,0,0,2.73962e+08,34.0927,61.308,3.54067,1,0,1.29671,1.46841,0,1.0731,2.96352,9.13716e+06,4.02164e+06,1.18483e+07,0,0,0,7.73942e+07
21.5663,85.139,3.85826,0.38,0.04,3.16195,3.23767,0,0.535716,6.048,4.39666e+06,3.00878e+06,1.3902e+07,0,0,0,2.73962e+08,34.3528,61.308,2.80406,1,0,1.43428,1.46863,0,1.00184,2.96352,9.13716e+06,4.02164e+06,1.31053e+07,0,0,0,7.73942e+07
24.2105,85.139,4.64993,0.41,0.04,2.85951,3.23814,0,0.59255,6.048,4.39666e+06,3.00878e+06,1.25723e+07,0,0,0,2.73962e+08,34.6486,61.308,2.72804,1,0,1.29709,1.46884,0,1.10813,2.96352,9.13716e+06,4.02164e+06,1.18517e+07,0,0,0,7.73942e+07
25.2677,85.139,3.25596,0.34,0.04,3.16287,3.23861,0,0.535872,6.048,4.39666e+06,3.00878e+06,1.39061e+07,0,0,0,2.73962e+08,34.3636,61.308,2.12375,1,0,1.4347,1.46906,0,1.00213,2.96352,9.13716e+06,4.02164e+06,1.31091e+07,0,0,0,7.73942e+07
26.4027,85.139,3.56256,0.38,0.04,3.47188,3.55501,0,0.592722,6.048,4.39666e+06,3.00878e+06,1.52647e+07,0,0,0,2.73962e+08,34.3513,61.308,1.91943,1,0,1.60362,1.64202,0,1.10845,2.96352,9.13716e+06,4.02164e+06,1.46526e+07,0,0,0,7.73942e+07
29.1497,85.139,5.39571,0.39,0.04,3.47238,3.55553,0,0.65063,6.048,4.39666e+06,3.00878e+06,1.52669e+07,0,0,0,2.73962e+08,34.9353,61.308,3.46246,1,0,1.60386,1.64226,0,1.23896,2.96352,9.13716e+06,4.02164e+06,1.46547e+07,0,0,0,7.73942e+07
31.7839,85.139,5.44271,0.34,0.04,3.47289,3.55605,0,0.650724,6.048,4.39666e+06,3.00878e+06,1.52691e+07,0,0,0,2.73962e+08,35.4235,61.308,3.61054,1,0,1.60409,1.6425,0,1.23914,2.96352,9.13716e+06,4.02164e+06,1.46568e+07,0,0,0,7.73942e+07
32.6986,85.139,3.74897,0.37,0.04,3.47339,3.55657,0,0.650819,6.048,4.39666e+06,3.00878e+06,1.52713e+07,0,0,0,2.73962e+08,35.195,61.308,2.46813,1,0,1.60433,1.64274,0,1.23932,2.96352,9.13716e+06,4.02164e+06,1.4659e+07,0,0,0,7.73942e+07
34.0389,85.139,3.93366,0.39,0.04,3.03356,3.1062,0,0.650914,6.048,4.39666e+06,3.00878e+06,1.33375e+07,0,0,0,2.73962e+08,35.412,61.308,2.11816,1,0,1.37801,1.41101,0,1.2395,2.96352,9.13716e+06,4.02164e+06,1.25911e+07,0,0,0,7.73942e+07
36.7197,85.139,5.27035,0.41,0.04,2.7434,3.10665,0,0.568489,6.048,4.39666e+06,3.00878e+06,1.20618e+07,0,0,0,2.73962e+08,36.3113,61.308,3.25729,1,0,1.2462,1.41121,0,1.06465,2.96352,9.13716e+06,4.02164e+06,1.13867e+07,0,0,0,7.73942e+07
38.8838,85.139,5.01657,0.38,0.04,3.03444,3.1071,0,0.514112,6.048,4.39666e+06,3.00878e+06,1.33414e+07,0,0,0,2.73962e+08,36.9761,61.308,2.83821,1,0,1.37841,1.41142,0,0.962815,2.96352,9.13716e+06,4.02164e+06,1.25948e+07,0,0,0,7.73942e+07
41.213,85.139,5.08295,0.41,0.04,2.7442,3.10756,0,0.568655,6.048,4.39666e+06,3.00878e+06,1.20653e+07,0,0,0,2.73962e+08,37.8613,61.308,3.26425,1,0,1.24656,1.41162,0,1.06496,2.96352,9.13716e+06,4.02164e+06,1.13901e+07,0,0,0,7.73942e+07
42.5702,85.139,4.3688,0.32,0.04,3.03533,3.10801,0,0.514262,6.048,4.39666e+06,3.00878e+06,1.33453e+07,0,0,0,2.73962e+08,38.358,61.308,2.57515,1,0,1.37881,1.41183,0,0.963096,2.96352,9.13716e+06,4.02164e+06,1.25984e+07,0,0,0,7.73942e+07
45.4451,85.139,6.0714,0.38,0.04,3.14669,3.22204,0,0.56882,6.048,4.39666e+06,3.00878e+06,1.38349e+07,0,0,0,2.73962e+08,39.3826,61.308,3.98332,1,0,1.43448,1.46882,0,1.06527,2.96352,9.13716e+06,4.02164e+06,1.3107e+07,0,0,0,7.73942e+07
47.586,85.139,5.34672,0.27,0.04,3.14715,3.22251,0,0.589689,6.048,4.39666e+06,3.00878e+06,1.38369e+07,0,0,0,2.73962e+08,40.3684,61.308,3.72153,1,0,1.43468,1.46904,0,1.10828,2.96352,9.13716e+06,4.02164e+06,1.31089e+07,0,0,0,7.73942e+07
48.5139,85.139,4.07991,0.3,0.04,3.1476,3.22298,0,0.589775,6.048,4.39666e+06,3.00878e+06,1.3839e+07,0,0,0,2.73962e+08,40.8605,61.308,2.75945,1,0,1.43489,1.46925,0,1.10844,2.96352,9.13716e+06,4.02164e+06,1.31108e+07,0,0,0,7.73942e+07
49.0361,85.139,3.63779,0.29,0.04,3.14806,3.22345,0,0.589861,6.048,4.39666e+06,3.00878e+06,1.3841e+07,0,0,0,2.73962e+08,41.2733,61.308,2.43472,1,0,1.4351,1.46947,0,1.1086,2.96352,9.13716e+06,4.02164e+06,1.31128e+07,0,0,0,7.73942e+07
48.9921,85.139,3.02635,0.28,0.04,3.10513,3.17948,0,0.589947,6.048,4.39666e+06,3.00878e+06,1.36522e+07,0,0,0,2.73962e+08,41.5054,61.308,2.54667,1,0,1.41376,1.44761,0,1.10876,2.96352,9.13716e+06,4.02164e+06,1.29177e+07,0,0,0,7.73942e+07
48.7618,85.139,2.78096,0.26,0.04,3.10558,3.17994,0,0.581901,6.048,4.39666e+06,3.00878e+06,1.36542e+07,0,0,0,2.73962e+08,41.8465,61.308,2.45248,1,0,1.41396,1.44782,0,1.09227,2.96352,9.13716e+06,4.02164e+06,1.29196e+07,0,0,0,7.73942e+07
48.3505,85.139,2.56563,0.25,0.04,3.10603,3.18041,0,0.581985,6.048,4.39666e+06,3.00878e+06,1.36562e+07,0,0,0,2.73962e+08,42.0473,61.308,2.30741,1,0,1.41417,1.44803,0,1.09243,2.96352,9.13716e+06,4.02164e+06,1.29215e+07,0,0,0,7.73942e+07
47.8622,85.139,2.4675,0.22,0.04,3.10648,3.18087,0,0.58207,6.048,4.39666e+06,3.00878e+06,1.36582e+07,0,0,0,2.73962e+08,42.2649,61.308,2.13016,1,0,1.41437,1.44824,0,1.09259,2.96352,9.13716e+06,4.02164e+06,1.29234e+07,0,0,0,7.73942e+07
46.9593,85.139,2.12495,0.2,0.04,3.25432,3.33224,0,0.582155,6.048,4.39666e+06,3.00878e+06,1.43081e+07,0,0,0,2.73962e+08,42.3702,61.308,2.20489,1,0,1.49106,1.52676,0,1.09275,2.96352,9.13716e+06,4.02164e+06,1.3624e+07,0,0,0,7.73942e+07
45.9979,85.139,2.01546,0.18,0.04,3.25479,3.33273,0,0.609859,6.048,4.39666e+06,3.00878e+06,1.43102e+07,0,0,0,2.73962e+08,42.3864,61.308,2.12069,1,0,1.49128,1.52699,0,1.15199,2.96352,9.13716e+06,4.02164e+06,1.3626e+07,0,0,0,7.73942e+07
44.8491,85.139,1.79522,0.15,0.04,3.25527,3.33321,0,0.609948,6.048,4.39666e+06,3.00878e+06,1.43123e+07,0,0,0,2.73962e+08,42.2877,61.308,1.93825,1,0,1.49149,1.52721,0,1.15216,2.96352,9.13716e+06,4.02164e+06,1.3628e+07,0,0,0,7.73942e+07
43.6653,85.139,1.68918,0.24,0.04,3.25574,3.3337,0,0.610037,6.048,4.39666e+06,3.00878e+06,1.43144e+07,0,0,0,2.73962e+08,42.3577,61.308,1.86363,1,0,1.49171,1.52743,0,1.15233,2.96352,9.13716e+06,4.02164e+06,1.363e+07,0,0,0,7.73942e+07
42.8773,85.139,2.07859,0.22,0.04,3.25621,3.33418,0,0.610125,6.048,4.39666e+06,3.00878e+06,1.43165e+07,0,0,0,2.73962e+08,42.4327,61.308,2.17936,1,0,1.49193,1.52765,0,1.1525,2.96352,9.13716e+06,4.02164e+06,1.3632e+07,0,0,0,7.73942e+07
43.1367,85.139,3.14471,0.21,0.04,3.22752,3.3048,0,0.610214,6.048,4.39666e+06,3.00878e+06,1.41903e+07,0,0,0,2.73962e+08,42.5507,61.308,3.09487,1,0,1.53421,1.57095,0,1.15266,2.96352,9.13716e+06,4.02164e+06,1.40183e+07,0,0,0,7.73942e+07
43.256,85.139,2.99409,0.17,0.04,3.22799,3.30528,0,0.604837,6.048,4.39666e+06,3.00878e+06,1.41924e+07,0,0,0,2.73962e+08,42.6161,61.308,3.03865,1,0,1.53443,1.57118,0,1.18533,2.96352,9.13716e+06,4.02164e+06,1.40204e+07,0,0,0,7.73942e+07
43.2058,85.139,2.81478,0.17,0.04,3.22846,3.30576,0,0.604925,6.048,4.39666e+06,3.00878e+06,1.41944e+07,0,0,0,2.73962e+08,42.6478,61.308,3.08454,1,0,1.53466,1.5714,0,1.1855,2.96352,9.13716e+06,4.02164e+06,1.40224e+07,0,0,0,7.73942e+07
42.9446,85.139,2.59836,0.16,0.04,3.22893,3.30625,0,0.605013,6.048,4.39666e+06,3.00878e+06,1.41965e+07,0,0,0,2.73962e+08,42.6569,61.308,2.92551,1,0,1.53488,1.57163,0,1.18568,2.96352,9.13716e+06,4.02164e+06,1.40244e+07,0,0,0,7.73942e+07
42.6458,85.139,2.59966,0.14,0.04,3.30476,3.3839,0,0.605101,6.048,4.39666e+06,3.00878e+06,1.45299e+07,0,0,0,2.73962e+08,42.6585,61.308,3.12696,1,0,1.57261,1.61027,0,1.18585,2.96352,9.13716e+06,4.02164e+06,1.43692e+07,0,0,0,7.73942e+07
42.144,85.139,2.35834,0.14,0.04,3.30524,3.38439,0,0.619313,6.048,4.39666e+06,3.00878e+06,1.4532e+07,0,0,0,2.73962e+08,42.5339,61.308,3.16714,1,0,1.57284,1.61051,0,1.215,2.96352,9.13716e+06,4.02164e+06,1.43713e+07,0,0,0,7.73942e+07
41.4864,85.139,2.18508,0.15,0.04,3.30573,3.38488,0,0.619403,6.048,4.39666e+06,3.00878e+06,1.45342e+07,0,0,0,2.73962e+08,42.3603,61.308,2.81488,1,0,1.57307,1.61074,0,1.21518,2.96352,9.13716e+06,4.02164e+06,1.43734e+07,0,0,0,7.73942e+07
40.8936,85.139,2.22439,0.14,0.04,3.30621,3.38538,0,0.619493,6.048,4.39666e+06,3.00878e+06,1.45363e+07,0,0,0,2.73962e+08,42.2539,61.308,3.17942,1,0,1.5733,1.61097,0,1.21535,2.96352,9.13716e+06,4.02164e+06,1.43755e+07,0,0,0,7.73942e+07
40.3437,85.139,2.39241,0.13,0.04,3.52753,3.612,0,0.619583,6.048,4.39666e+06,3.00878e+06,1.55093e+07,0,0,0,2.73962e+08,42.0272,61.308,3.27329,1,0,1.709,1.74993,0,1.21553,2.96352,9.13716e+06,4.02164e+06,1.56154e+07,0,0,0,7.73942e+07
39.9393,85.139,2.52286,0.14,0.04,3.52804,3.61252,0,0.661058,6.048,4.39666e+06,3.00878e+06,1.55116e+07,0,0,0,2.73962e+08,41.7714,61.308,3.38581,1,0,1.70925,1.75018,0,1.32038,2.96352,9.13716e+06,4.02164e+06,1.56177e+07,0,0,0,7.73942e+07
39.1214,85.139,2.12631,0.12,0.04,3.52855,3.61305,0,0.661155,6.048,4.39666e+06,3.00878e+06,1.55139e+07,0,0,0,2.73962e+08,41.4286,61.308,2.9828,1,0,1.7095,1.75044,0,1.32057,2.96352,9.13716e+06,4.02164e+06,1.562e+07,0,0,0,7.73942e+07
38.5379,85.139,2.31618,0.17,0.04,3.52907,3.61357,0,0.661251,6.048,4.39666e+06,3.00878e+06,1.55161e+07,0,0,0,2.73962e+08,41.3065,61.308,3.94274,1,0,1.70975,1.75069,0,1.32076,2.96352,9.13716e+06,4.02164e+06,1.56222e+07,0,0,0,7.73942e+07
38.051,85.139,2.40359,0.15,0.04,3.52958,3.6141,0,0.661347,6.048,4.39666e+06,3.00878e+06,1.55184e+07,0,0,0,2.73962e+08,41.0738,61.308,3.45997,1,0,1.71,1.75094,0,1.32095,2.96352,9.13716e+06,4.02164e+06,1.56245e+07,0,0,0,7.73942e+07
37.311,85.139,2.11678,0.17,0.04,3.42239,3.50434,0,0.661443,6.048,4.39666e+06,3.00878e+06,1.50471e+07,0,0,0,2.73962e+08,40.9046,61.308,2.18459,1,0,1.62796,1.66694,0,1.32114,2.96352,9.13716e+06,4.02164e+06,1.48749e+07,0,0,0,7.73942e+07
38.5209,85.139,4.05672,0.17,0.04,3.42288,3.50485,0,0.641355,6.048,4.39666e+06,3.00878e+06,1.50493e+07,0,0,0,2.73962e+08,41.1788,61.308,4.04569,1,0,1.6282,1.66718,0,1.25776,2.96352,9.13716e+06,4.02164e+06,1.48771e+07,0,0,0,7.73942e+07
37.5634,85.139,1.90065,0.18,0.04,3.42338,3.50536,0,0.641448,6.048,4.39666e+06,3.00878e+06,1.50514e+07,0,0,0,2.73962e+08,40.9888,61.308,2.24914,1,0,1.62843,1.66743,0,1.25794,2.96352,9.13716e+06,4.02164e+06,1.48792e+07,0,0,0,7.73942e+07
36.8641,85.139,2.09735,0.18,0.04,3.42388,3.50587,0,0.641541,6.048,4.39666e+06,3.00878e+06,1.50536e+07,0,0,0,2.73962e+08,40.9116,61.308,2.26807,1,0,1.62867,1.66767,0,1.25813,2.96352,9.13716e+06,4.02164e+06,1.48814e+07,0,0,0,7.73942e+07
35.5525,85.139,1.42905,0.17,0.04,3.33592,3.4158,0,0.641635,6.048,4.39666e+06,3.00878e+06,1.46669e+07,0,0,0,2.73962e+08,40.7523,61.308,1.89079,1,0,1.55396,1.59117,0,1.25831,2.96352,9.13716e+06,4.02164e+06,1.41988e+07,0,0,0,7.73942e+07
34.8383,85.139,2.02063,0.17,0.04,3.3364,3.41629,0,0.625151,6.048,4.39666e+06,3.00878e+06,1.4669e+07,0,0,0,2.73962e+08,40.7625,61.308,2.34436,1,0,1.55419,1.5914,0,1.20059,2.96352,9.13716e+06,4.02164e+06,1.42008e+07,0,0,0,7.73942e+07
35.9903,85.139,3.93698,0.16,0.04,3.33689,3.41679,0,0.625242,6.048,4.39666e+06,3.00878e+06,1.46712e+07,0,0,0,2.73962e+08,41.3604,61.308,3.89164,1,0,1.55441,1.59163,0,1.20076,2.96352,9.13716e+06,4.02164e+06,1.42029e+07,0,0,0,7.73942e+07
36.1659,85.139,2.93191,0.17,0.04,3.33737,3.41729,0,0.625332,6.048,4.39666e+06,3.00878e+06,1.46733e+07,0,0,0,2.73962e+08,42.0233,61.308,4.2194,1,0,1.55464,1.59186,0,1.20094,2.96352,9.13716e+06,4.02164e+06,1.4205e+07,0,0,0,7.73942e+07
36.2849,85.139,2.81342,0.18,0.04,3.08648,3.16038,0,0.625423,6.048,4.39666e+06,3.00878e+06,1.35702e+07,0,0,0,2.73962e+08,42.4843,61.308,3.06129,1,0,1.39868,1.43217,0,1.20111,2.96352,9.13716e+06,4.02164e+06,1.278e+07,0,0,0,7.73942e+07
37.1084,85.139,3.59424,0.16,0.04,3.08693,3.16084,0,0.578406,6.048,4.39666e+06,3.00878e+06,1.35722e+07,0,0,0,2.73962e+08,42.8668,61.308,2.77576,1,0,1.39889,1.43238,0,1.08062,2.96352,9.13716e+06,4.02164e+06,1.27818e+07,0,0,0,7.73942e+07
37.4669,85.139,3.11438,0.17,0.04,3.08737,3.1613,0,0.57849,6.048,4.39666e+06,3.00878e+06,1.35741e+07,0,0,0,2.73962e+08,43.2254,61.308,2.67251,1,0,1.39909,1.43259,0,1.08078,2.96352,9.13716e+06,4.02164e+06,1.27837e+07,0,0,0,7.73942e+07
38.909,85.139,4.2143,0.17,0.04,3.08782,3.16176,0,0.578574,6.048,4.39666e+06,3.00878e+06,1.35761e+07,0,0,0,2.73962e+08,43.5295,61.308,2.69976,1,0,1.39929,1.4328,0,1.08094,2.96352,9.13716e+06,4.02164e+06,1.27856e+07,0,0,0,7.73942e+07
41.0028,85.139,4.96456,0.17,0.04,3.08827,3.16222,0,0.578658,6.048,4.39666e+06,3.00878e+06,1.35781e+07,0,0,0,2.73962e+08,44.0046,61.308,3.47355,1,0,1.3995,1.43301,0,1.08109,2.96352,9.13716e+06,4.02164e+06,1.27874e+07,0,0,0,7.73942e+07
41.3682,85.139,3.35121,0.16,0.04,3.18546,3.26174,0,0.578742,6.048,4.39666e+06,3.00878e+06,1.40054e+07,0,0,0,2.73962e+08,44.6711,61.308,4.11337,1,0,1.44495,1.47955,0,1.08125,2.96352,9.13716e+06,4.02164e+06,1.32027e+07,0,0,0,7.73942e+07
42.1338,85.139,3.77488,0.16,0.04,3.1859,3.26219,0,0.596956,6.048,4.39666e+06,3.00878e+06,1.40073e+07,0,0,0,2.73962e+08,45.0802,61.308,3.34741,1,0,1.44515,1.47975,0,1.11637,2.96352,9.13716e+06,4.02164e+06,1.32045e+07,0,0,0,7.73942e+07
43.2103,85.139,4.04753,0.16,0.04,3.18633,3.26263,0,0.597037,6.048,4.39666e+06,3.00878e+06,1.40092e+07,0,0,0,2.73962e+08,45.4346,61.308,3.14251,1,0,1.44534,1.47995,0,1.11652,2.96352,9.13716e+06,4.02164e+06,1.32063e+07,0,0,0,7.73942e+07
45.3871,85.139,5.19101,0.17,0.04,3.18676,3.26307,0,0.597118,6.048,4.39666e+06,3.00878e+06,1.40111e+07,0,0,0,2.73962e+08,45.797,61.308,3.24375,1,0,1.44554,1.48015,0,1.11667,2.96352,9.13716e+06,4.02164e+06,1.32081e+07,0,0,0,7.73942e+07
45.2293,85.139,3.14821,0.18,0.04,3.49807,3.58183,0,0.597199,6.048,4.39666e+06,3.00878e+06,1.53798e+07,0,0,0,2.73962e+08,45.9062,61.308,3.28822,1,0,1.61572,1.65441,0,1.11682,2.96352,9.13716e+06,4.02164e+06,1.47631e+07,0,0,0,7.73942e+07
46.1756,85.139,4.36689,0.18,0.04,3.49854,3.58232,0,0.655538,6.048,4.39666e+06,3.00878e+06,1.53819e+07,0,0,0,2.73962e+08,46.1608,61.308,3.57626,1,0,1.61594,1.65464,0,1.24831,2.96352,9.13716e+06,4.02164e+06,1.47651e+07,0,0,0,7.73942e+07
48.2452,85.139,5.5466,0.14,0.04,3.49902,3.5828,0,0.655627,6.048,4.39666e+06,3.00878e+06,1.5384e+07,0,0,0,2.73962e+08,46.8096,61.308,4.2642,1,0,1.61616,1.65486,0,1.24848,2.96352,9.13716e+06,4.02164e+06,1.47671e+07,0,0,0,7.73942e+07
51.3935,85.139,6.63575,0.16,0.04,3.49949,3.58329,0,0.655716,6.048,4.39666e+06,3.00878e+06,1.53861e+07,0,0,0,2.73962e+08,47.5694,61.308,4.88159,1,0,1.61638,1.65509,0,1.24865,2.96352,9.13716e+06,4.02164e+06,1.47691e+07,0,0,0,7.73942e+07
53.0685,85.139,4.92222,0.1,0.04,3.05632,3.12951,0,0.655805,6.048,4.39666e+06,3.00878e+06,1.34376e+07,0,0,0,2.73962e+08,48.5414,61.308,4.20452,1,0,1.38835,1.4216,0,1.24882,2.96352,9.13716e+06,4.02164e+06,1.26856e+07,0,0,0,7.73942e+07
54.3653,85.139,4.54957,0.12,0.04,3.05674,3.12994,0,0.572755,6.048,4.39666e+06,3.00878e+06,1.34394e+07,0,0,0,2.73962e+08,50.0066,61.308,4.96899,1,0,1.38854,1.42179,0,1.07264,2.96352,9.13716e+06,4.02164e+06,1.26873e+07,0,0,0,7.73942e+07
58.5079,85.139,7.73777,0.14,0.04,3.05715,3.13036,0,0.572833,6.048,4.39666e+06,3.00878e+06,1.34413e+07,0,0,0,2.73962e+08,52.3577,61.308,8.18181,1,0,1.38873,1.42198,0,1.07279,2.96352,9.13716e+06,4.02164e+06,1.2689e+07,0,0,0,7.73942e+07
62.6852,85.139,7.83474,0.09,0.04,3.05757,3.13079,0,0.572911,6.048,4.39666e+06,3.00878e+06,1.34431e+07,0,0,0,2.73962e+08,54.6228,61.308,7.60781,1,0,1.38892,1.42217,0,1.07293,2.96352,9.13716e+06,4.02164e+06,1.26907e+07,0,0,0,7.73942e+07
66.2994,85.139,7.44491,0.05,0.04,3.05799,3.13121,0,0.572989,6.048,4.39666e+06,3.00878e+06,1.34449e+07,0,0,0,2.73962e+08,56.8974,61.308,7.52227,1,0,1.3891,1.42237,0,1.07308,2.96352,9.13716e+06,4.02164e+06,1.26925e+07,0,0,0,7.73942e+07
70.9544,85.139,8.61617,0.05,0.04,3.17015,3.24606,0,0.573066,6.048,4.39666e+06,3.00878e+06,1.39381e+07,0,0,0,2.73962e+08,59.3064,61.308,7.86686,1,0,1.44517,1.47978,0,1.07322,2.96352,9.13716e+06,4.02164e+06,1.32047e+07,0,0,0,7.73942e+07
73.9071,85.139,6.83206,0.04,0.04,3.17058,3.2465,0,0.594086,6.048,4.39666e+06,3.00878e+06,1.394e+07,0,0,0,2.73962e+08,61.3297,61.308,6.98532,1,0,1.44537,1.47998,0,1.11654,2.96352,9.13716e+06,4.02164e+06,1.32065e+07,0,0,0,7.73942e+07
76.4126,85.139,6.4182,0.02,0.04,3.17101,3.24694,0,0.594166,6.048,4.39666e+06,3.00878e+06,1.39419e+07,0,0,0,2.73962e+08,62.3362,61.308,7.64265,1,0,1.44556,1.48018,0,1.11669,2.96352,9.13716e+06,4.02164e+06,1.32083e+07,0,0,0,7.73942e+07
78.7397,85.139,6.10716,0.01,0.04,3.17144,3.24738,0,0.594247,6.048,4.39666e+06,3.00878e+06,1.39437e+07,0,0,0,2.73962e+08,62.3362,61.308,7.06939,1,0,1.44576,1.48038,0,1.11684,2.96352,9.13716e+06,4.02164e+06,1.32101e+07,0,0,0,7.73942e+07
80.3772,85.139,5.45314,0.01,0.04,3.12815,3.20306,0,0.594328,6.048,4.39666e+06,3.00878e+06,1.37534e+07,0,0,0,2.73962e+08,62.3362,61.308,7.08579,1,0,1.42424,1.45835,0,1.11699,2.96352,9.13716e+06,4.02164e+06,1.30135e+07,0,0,0,7.73942e+07
81.4032,85.139,4.63876,0,0.04,3.12858,3.20349,0,0.586216,6.048,4.39666e+06,3.00878e+06,1.37553e+07,0,0,0,2.73962e+08,62.3362,61.308,6.3741,1,0,1.42443,1.45854,0,1.10037,2.96352,9.13716e+06,4.02164e+06,1.30153e+07,0,0,0,7.73942e+07
82.1181,85.139,4.27676,0,0.04,3.129,3.20393,0,0.586295,6.048,4.39666e+06,3.00878e+06,1.37572e+07,0,0,0,2.73962e+08,62.3362,61.308,5.97581,1,0,1.42463,1.45874,0,1.10052,2.96352,9.13716e+06,4.02164e+06,1.3017e+07,0,0,0,7.73942e+07
82.5514,85.139,3.9342,0,0.04,3.12943,3.20436,0,0.586375,6.048,4.39666e+06,3.00878e+06,1.3759e+07,0,0,0,2.73962e+08,62.3362,61.308,5.66353,1,0,1.42482,1.45894,0,1.10067,2.96352,9.13716e+06,4.02164e+06,1.30188e+07,0,0,0,7.73942e+07
82.686,85.139,3.71646,0,0.04,3.27832,3.35682,0,0.586455,6.048,4.39666e+06,3.00878e+06,1.44137e+07,0,0,0,2.73962e+08,62.3362,61.308,5.68056,1,0,1.50206,1.53803,0,1.10082,2.96352,9.13716e+06,4.02164e+06,1.37245e+07,0,0,0,7.73942e+07
82.3842,85.139,3.22045,0,0.04,3.27877,3.35728,0,0.614358,6.048,4.39666e+06,3.00878e+06,1.44156e+07,0,0,0,2.73962e+08,62.3362,61.308,5.30213,1,0,1.50226,1.53823,0,1.16049,2.96352,9.13716e+06,4.02164e+06,1.37264e+07,0,0,0,7.73942e+07
81.8545,85.139,2.9808,0,0.04,3.27921,3.35774,0,0.614441,6.048,4.39666e+06,3.00878e+06,1.44176e+07,0,0,0,2.73962e+08,62.3362,61.308,4.22124,1,0,1.50247,1.53844,0,1.16065,2.96352,9.13716e+06,4.02164e+06,1.37283e+07,0,0,0,7.73942e+07
81.0557,85.139,2.68491,0,0.04,3.27966,3.35819,0,0.614524,6.048,4.39666e+06,3.00878e+06,1.44195e+07,0,0,0,2.73962e+08,62.3362,61.308,3.66982,1,0,1.50267,1.53865,0,1.16081,2.96352,9.13716e+06,4.02164e+06,1.37301e+07,0,0,0,7.73942e+07
80.0475,85.139,2.43383,0,0.04,3.2801,3.35865,0,0.614608,6.048,4.39666e+06,3.00878e+06,1.44215e+07,0,0,0,2.73962e+08,62.3362,61.308,3.63213,1,0,1.50287,1.53886,0,1.16096,2.96352,9.13716e+06,4.02164e+06,1.3732e+07,0,0,0,7.73942e+07
79.2381,85.139,2.54861,0,0.04,3.25117,3.32902,0,0.614691,6.048,4.39666e+06,3.00878e+06,1.42943e+07,0,0,0,2.73962e+08,62.2765,61.308,2.68593,1,0,1.54545,1.58246,0,1.16112,2.96352,9.13716e+06,4.02164e+06,1.4121e+07,0,0,0,7.73942e+07
78.2731,85.139,2.38515,0,0.04,3.25161,3.32947,0,0.609268,6.048,4.39666e+06,3.00878e+06,1.42962e+07,0,0,0,2.73962e+08,62.1889,61.308,2.57848,1,0,1.54566,1.58267,0,1.19402,2.96352,9.13716e+06,4.02164e+06,1.41229e+07,0,0,0,7.73942e+07
77.1057,85.139,2.17317,0.01,0.04,3.25205,3.32992,0,0.609351,6.048,4.39666e+06,3.00878e+06,1.42982e+07,0,0,0,2.73962e+08,62.0709,61.308,2.45395,1,0,1.54587,1.58289,0,1.19418,2.96352,9.13716e+06,4.02164e+06,1.41249e+07,0,0,0,7.73942e+07
75.7714,85.139,1.97385,0.01,0.04,3.25249,3.33037,0,0.609434,6.048,4.39666e+06,3.00878e+06,1.43001e+07,0,0,0,2.73962e+08,61.9066,61.308,2.24646,1,0,1.54608,1.5831,0,1.19434,2.96352,9.13716e+06,4.02164e+06,1.41268e+07,0,0,0,7.73942e+07
74.3006,85.139,1.88913,0.01,0.04,3.32885,3.40856,0,0.609516,6.048,4.39666e+06,3.00878e+06,1.46358e+07,0,0,0,2.73962e+08,61.6552,61.308,2.37318,1,0,1.58407,1.62201,0,1.1945,2.96352,9.13716e+06,4.02164e+06,1.44739e+07,0,0,0,7.73942e+07
72.6675,85.139,1.69948,0.01,0.04,3.3293,3.40902,0,0.623826,6.048,4.39666e+06,3.00878e+06,1.46378e+07,0,0,0,2.73962e+08,61.2979,61.308,2.3244,1,0,1.58429,1.62223,0,1.22386,2.96352,9.13716e+06,4.02164e+06,1.44759e+07,0,0,0,7.73942e+07
70.9454,85.139,1.59063,0.02,0.04,3.32975,3.40948,0,0.623911,6.048,4.39666e+06,3.00878e+06,1.46398e+07,0,0,0,2.73962e+08,60.9019,61.308,2.13029,1,0,1.5845,1.62245,0,1.22402,2.96352,9.13716e+06,4.02164e+06,1.44779e+07,0,0,0,7.73942e+07
69.2189,85.139,1.56259,0.02,0.04,3.3302,3.40995,0,0.623995,6.048,4.39666e+06,3.00878e+06,1.46418e+07,0,0,0,2.73962e+08,60.5462,61.308,2.28091,1,0,1.58472,1.62267,0,1.22419,2.96352,9.13716e+06,4.02164e+06,1.44798e+07,0,0,0,7.73942e+07
67.3347,85.139,1.57346,0.02,0.04,3.55309,3.63818,0,0.62408,6.048,4.39666e+06,3.00878e+06,1.56218e+07,0,0,0,2.73962e+08,59.8525,61.308,2.18713,1,0,1.72139,1.76261,0,1.22435,2.96352,9.13716e+06,4.02164e+06,1.57286e+07,0,0,0,7.73942e+07
65.0559,85.139,1.20382,0.03,0.04,3.55358,3.63867,0,0.66585,6.048,4.39666e+06,3.00878e+06,1.56239e+07,0,0,0,2.73962e+08,59.33,61.308,1.43523,1,0,1.72162,1.76285,0,1.32995,2.96352,9.13716e+06,4.02164e+06,1.57307e+07,0,0,0,7.73942e+07
62.7307,85.139,1.12814,0.04,0.04,3.55406,3.63916,0,0.66594,6.048,4.39666e+06,3.00878e+06,1.5626e+07,0,0,0,2.73962e+08,58.8122,61.308,2.02063,1,0,1.72186,1.76309,0,1.33013,2.96352,9.13716e+06,4.02164e+06,1.57329e+07,0,0,0,7.73942e+07
60.3849,85.139,1.07602,0.04,0.04,3.55454,3.63966,0,0.666031,6.048,4.39666e+06,3.00878e+06,1.56281e+07,0,0,0,2.73962e+08,58.2824,61.308,1.96499,1,0,1.72209,1.76333,0,1.33031,2.96352,9.13716e+06,4.02164e+06,1.5735e+07,0,0,0,7.73942e+07
58.0674,85.139,1.06935,0.05,0.04,3.55502,3.64015,0,0.666121,6.048,4.39666e+06,3.00878e+06,1.56302e+07,0,0,0,2.73962e+08,57.5551,61.308,1.94221,1,0,1.72232,1.76357,0,1.33049,2.96352,9.13716e+06,4.02164e+06,1.57371e+07,0,0,0,7.73942e+07
55.7399,85.139,1.03369,0.05,0.04,3.44702,3.52956,0,0.666211,6.048,4.39666e+06,3.00878e+06,1.51554e+07,0,0,0,2.73962e+08,57.0518,61.308,1.44665,1,0,1.63968,1.67894,0,1.33067,2.96352,9.13716e+06,4.02164e+06,1.4982e+07,0,0,0,7.73942e+07
53.6467,85.139,1.27973,0.06,0.04,3.44749,3.53004,0,0.645972,6.048,4.39666e+06,3.00878e+06,1.51574e+07,0,0,0,2.73962e+08,56.6573,61.308,1.68274,1,0,1.6399,1.67917,0,1.26682,2.96352,9.13716e+06,4.02164e+06,1.4984e+07,0,0,0,7.73942e+07
51.7253,85.139,1.40466,0.05,0.04,3.44796,3.53052,0,0.64606,6.048,4.39666e+06,3.00878e+06,1.51595e+07,0,0,0,2.73962e+08,56.3132,61.308,2.14066,1,0,1.64012,1.6794,0,1.26699,2.96352,9.13716e+06,4.02164e+06,1.49861e+07,0,0,0,7.73942e+07
51.039,85.139,2.70256,0.05,0.04,3.44842,3.531,0,0.646147,6.048,4.39666e+06,3.00878e+06,1.51616e+07,0,0,0,2.73962e+08,56.8892,61.308,7.0942,1,0,1.64035,1.67962,0,1.26716,2.96352,9.13716e+06,4.02164e+06,1.49881e+07,0,0,0,7.73942e+07
50.1803,85.139,2.51899,0.08,0.04,3.3598,3.44025,0,0.646235,6.048,4.39666e+06,3.00878e+06,1.47719e+07,0,0,0,2.73962e+08,56.9339,61.308,3.07815,1,0,1.56509,1.60256,0,1.26733,2.96352,9.13716e+06,4.02164e+06,1.43004e+07,0,0,0,7.73942e+07
48.0287,85.139,1.10558,0.06,0.04,3.36025,3.44072,0,0.629626,6.048,4.39666e+06,3.00878e+06,1.47739e+07,0,0,0,2.73962e+08,56.7999,61.308,2.24282,1,0,1.5653,1.60278,0,1.20918,2.96352,9.13716e+06,4.02164e+06,1.43024e+07,0,0,0,7.73942e+07
45.7135,85.139,0.871159,0.06,0.04,3.36071,3.44118,0,0.629712,6.048,4.39666e+06,3.00878e+06,1.47759e+07,0,0,0,2.73962e+08,56.5625,61.308,1.93539,1,0,1.56551,1.603,0,1.20935,2.96352,9.13716e+06,4.02164e+06,1.43043e+07,0,0,0,7.73942e+07
44.941,85.139,2.3841,0.07,0.04,3.36117,3.44165,0,0.629797,6.048,4.39666e+06,3.00878e+06,1.47779e+07,0,0,0,2.73962e+08,56.6869,61.308,3.05831,1,0,1.56572,1.60321,0,1.20951,2.96352,9.13716e+06,4.02164e+06,1.43062e+07,0,0,0,7.73942e+07
45.8593,85.139,4.04547,0.14,0.04,3.10845,3.18289,0,0.629883,6.048,4.39666e+06,3.00878e+06,1.36668e+07,0,0,0,2.73962e+08,57.3201,61.308,3.81088,1,0,1.40864,1.44237,0,1.20968,2.96352,9.13716e+06,4.02164e+06,1.2871e+07,0,0,0,7.73942e+07
44.4631,85.139,1.53059,0.08,0.04,3.10887,3.18332,0,0.582524,6.048,4.39666e+06,3.00878e+06,1.36687e+07,0,0,0,2.73962e+08,57.1372,61.308,1.7346,1,0,1.40883,1.44257,0,1.08832,2.96352,9.13716e+06,4.02164e+06,1.28727e+07,0,0,0,7.73942e+07
43.5577,85.139,2.0846,0.13,0.04,3.1093,3.18375,0,0.582603,6.048,4.39666e+06,3.00878e+06,1.36705e+07,0,0,0,2.73962e+08,57.0766,61.308,2.37608,1,0,1.40902,1.44276,0,1.08846,2.96352,9.13716e+06,4.02164e+06,1.28745e+07,0,0,0,7.73942e+07
43.7597,85.139,3.23803,0.13,0.04,3.10972,3.18418,0,0.582682,6.048,4.39666e+06,3.00878e+06,1.36724e+07,0,0,0,2.73962e+08,57.6042,61.308,4.45538,1,0,1.40921,1.44296,0,1.08861,2.96352,9.13716e+06,4.02164e+06,1.28762e+07,0,0,0,7.73942e+07
43.8569,85.139,3.03484,0.13,0.04,3.11014,3.18461,0,0.582761,6.048,4.39666e+06,3.00878e+06,1.36742e+07,0,0,0,2.73962e+08,57.4453,61.308,2.0617,1,0,1.40941,1.44315,0,1.08876,2.96352,9.13716e+06,4.02164e+06,1.2878e+07,0,0,0,7.73942e+07
54.7603,85.139,14.4823,0.17,0.04,3.20799,3.28481,0,0.58284,6.048,4.39666e+06,3.00878e+06,1.41044e+07,0,0,0,2.73962e+08,60.4802,61.308,11.1499,1,0,1.45517,1.49001,0,1.08891,2.96352,9.13716e+06,4.02164e+06,1.32961e+07,0,0,0,7.73942e+07
61.7241,85.139,10.7121,0.07,0.04,3.2084,3.28522,0,0.601177,6.048,4.39666e+06,3.00878e+06,1.41062e+07,0,0,0,2.73962e+08,62.3362,61.308,8.37903,1,0,1.45535,1.4902,0,1.12426,2.96352,9.13716e+06,4.02164e+06,1.32978e+07,0,0,0,7.73942e+07
66.628,85.139,8.52727,0.04,0.04,3.2088,3.28564,0,0.601253,6.048,4.39666e+06,3.00878e+06,1.4108e+07,0,0,0,2.73962e+08,62.3362,61.308,5.16383,1,0,1.45553,1.49039,0,1.1244,2.96352,9.13716e+06,4.02164e+06,1.32995e+07,0,0,0,7.73942e+07
71.266,85.139,8.33109,0.04,0.04,3.20921,3.28605,0,0.601329,6.048,4.39666e+06,3.00878e+06,1.41098e+07,0,0,0,2.73962e+08,62.3362,61.308,5.25155,1,0,1.45572,1.49058,0,1.12455,2.96352,9.13716e+06,4.02164e+06,1.33011e+07,0,0,0,7.73942e+07
76.8701,85.139,9.74521,0.04,0.04,3.52267,3.60702,0,0.601405,6.048,4.39666e+06,3.00878e+06,1.5488e+07,0,0,0,2.73962e+08,62.3362,61.308,7.59009,1,0,1.62709,1.66605,0,1.12469,2.96352,9.13716e+06,4.02164e+06,1.48669e+07,0,0,0,7.73942e+07
83.1633,85.139,10.5421,0.03,0.04,3.52312,3.60748,0,0.660148,6.048,4.39666e+06,3.00878e+06,1.54899e+07,0,0,0,2.73962e+08,62.3362,61.308,5.74836,1,0,1.62729,1.66626,0,1.25709,2.96352,9.13716e+06,4.02164e+06,1.48688e+07,0,0,0,7.73942e+07
85.139,85.139,8.67486,0.01,0.04,3.52356,3.60793,0,0.660232,6.048,4.39666e+06,3.00878e+06,1.54919e+07,0,0,0,2.73962e+08,62.3362,61.308,4.84902,1,0,1.6275,1.66647,0,1.25725,2.96352,9.13716e+06,4.02164e+06,1.48707e+07,0,0,0,7.73942e+07
85.139,85.139,9.32093,0,0.04,3.52401,3.60839,0,0.660315,6.048,4.39666e+06,3.00878e+06,1.54939e+07,0,0,0,2.73962e+08,62.3362,61.308,5.95522,1,0,1.6277,1.66668,0,1.2574,2.96352,9.13716e+06,4.02164e+06,1.48726e+07,0,0,0,7.73942e+07
85.139,85.139,10.6142,0,0.04,3.0777,3.1514,0,0.660399,6.048,4.39666e+06,3.00878e+06,1.35316e+07,0,0,0,2.73962e+08,62.3362,61.308,11.4532,1,0,1.39806,1.43154,0,1.25756,2.96352,9.13716e+06,4.02164e+06,1.27743e+07,0,0,0,7.73942e+07
85.139,85.139,8.52383,0,0.04,3.07809,3.1518,0,0.576762,6.048,4.39666e+06,3.00878e+06,1.35333e+07,0,0,0,2.73962e+08,62.3362,61.308,8.50059,1,0,1.39824,1.43172,0,1.08014,2.96352,9.13716e+06,4.02164e+06,1.27759e+07,0,0,0,7.73942e+07
85.139,85.139,9.84505,0,0.04,3.07848,3.1522,0,0.576835,6.048,4.39666e+06,3.00878e+06,1.3535e+07,0,0,0,2.73962e+08,62.3362,61.308,11.3649,1,0,1.39842,1.4319,0,1.08028,2.96352,9.13716e+06,4.02164e+06,1.27775e+07,0,0,0,7.73942e+07
85.139,85.139,11.1708,0,0.04,3.07887,3.1526,0,0.576908,6.048,4.39666e+06,3.00878e+06,1.35368e+07,0,0,0,2.73962e+08,62.3362,61.308,13.099,1,0,1.39859,1.43208,0,1.08042,2.96352,9.13716e+06,4.02164e+06,1.27792e+07,0,0,0,7.73942e+07
85.139,85.139,10.0426,0,0.04,3.07926,3.15299,0,0.57698,6.048,4.39666e+06,3.00878e+06,1.35385e+07,0,0,0,2.73962e+08,62.3362,61.308,12.652,1,0,1.39877,1.43226,0,1.08055,2.96352,9.13716e+06,4.02164e+06,1.27808e+07,0,0,0,7.73942e+07
85.139,85.139,7.23999,0,0.04,3.19217,3.26861,0,0.577053,6.048,4.39666e+06,3.00878e+06,1.40349e+07,0,0,0,2.73962e+08,62.3362,61.308,11.4417,1,0,1.45521,1.49006,0,1.08069,2.96352,9.13716e+06,4.02164e+06,1.32965e+07,0,0,0,7.73942e+07
85.139,85.139,8.40522,0,0.04,3.19258,3.26902,0,0.598213,6.048,4.39666e+06,3.00878e+06,1.40367e+07,0,0,0,2.73962e+08,62.3362,61.308,8.47377,1,0,1.45539,1.49024,0,1.1243,2.96352,9.13716e+06,4.02164e+06,1.32982e+07,0,0,0,7.73942e+07
85.139,85.139,6.56733,0,0.04,3.19298,3.26944,0,0.598289,6.048,4.39666e+06,3.00878e+06,1.40384e+07,0,0,0,2.73962e+08,62.3362,61.308,6.74356,1,0,1.45558,1.49043,0,1.12444,2.96352,9.13716e+06,4.02164e+06,1.32998e+07,0,0,0,7.73942e+07
85.139,85.139,5.84327,0,0.04,3.19338,3.26985,0,0.598364,6.048,4.39666e+06,3.00878e+06,1.40402e+07,0,0,0,2.73962e+08,62.3362,61.308,6.12902,1,0,1.45576,1.49062,0,1.12458,2.96352,9.13716e+06,4.02164e+06,1.33015e+07,0,0,0,7.73942e+07
85.139,85.139,5.13667,0,0.04,3.14977,3.22519,0,0.59844,6.048,4.39666e+06,3.00878e+06,1.38485e+07,0,0,0,2.73962e+08,62.3362,61.308,4.96022,1,0,1.43408,1.46842,0,1.12472,2.96352,9.13716e+06,4.02164e+06,1.31034e+07,0,0,0,7.73942e+07
85.139,85.139,4.82063,0,0.04,3.15017,3.2256,0,0.590266,6.048,4.39666e+06,3.00878e+06,1.38502e+07,0,0,0,2.73962e+08,62.3362,61.308,4.37082,1,0,1.43426,1.46861,0,1.10797,2.96352,9.13716e+06,4.02164e+06,1.31051e+07,0,0,0,7.73942e+07
85.139,85.139,3.89031,0,0.04,3.15056,3.22601,0,0.590341,6.048,4.39666e+06,3.00878e+06,1.3852e+07,0,0,0,2.73962e+08,62.3362,61.308,3.33548,1,0,1.43444,1.46879,0,1.10811,2.96352,9.13716e+06,4.02164e+06,1.31067e+07,0,0,0,7.73942e+07
85.139,85.139,3.87573,0,0.04,3.15096,3.22641,0,0.590416,6.048,4.39666e+06,3.00878e+06,1.38537e+07,0,0,0,2.73962e+08,62.3362,61.308,3.1156,1,0,1.43463,1.46898,0,1.10825,2.96352,9.13716e+06,4.02164e+06,1.31084e+07,0,0,0,7.73942e+07
85.0714,85.139,3.54081,0,0.04,3.30085,3.37989,0,0.59049,6.048,4.39666e+06,3.00878e+06,1.45127e+07,0,0,0,2.73962e+08,62.3362,61.308,3.12085,1,0,1.51238,1.54859,0,1.10839,2.96352,9.13716e+06,4.02164e+06,1.38189e+07,0,0,0,7.73942e+07
85.139,85.139,3.67328,0,0.04,3.30127,3.38032,0,0.618579,6.048,4.39666e+06,3.00878e+06,1.45146e+07,0,0,0,2.73962e+08,62.3362,61.308,3.16514,1,0,1.51257,1.54879,0,1.16846,2.96352,9.13716e+06,4.02164e+06,1.38206e+07,0,0,0,7.73942e+07
84.9235,85.139,3.30917,0,0.04,3.30168,3.38074,0,0.618657,6.048,4.39666e+06,3.00878e+06,1.45164e+07,0,0,0,2.73962e+08,62.3362,61.308,2.91831,1,0,1.51276,1.54899,0,1.16861,2.96352,9.13716e+06,4.02164e+06,1.38223e+07,0,0,0,7.73942e+07
84.6255,85.139,3.21024,0,0.04,3.3021,3.38117,0,0.618736,6.048,4.39666e+06,3.00878e+06,1.45182e+07,0,0,0,2.73962e+08,62.3362,61.308,2.66025,1,0,1.51295,1.54918,0,1.16876,2.96352,9.13716e+06,4.02164e+06,1.38241e+07,0,0,0,7.73942e+07
83.9724,85.139,2.81756,0,0.04,3.30252,3.3816,0,0.618814,6.048,4.39666e+06,3.00878e+06,1.45201e+07,0,0,0,2.73962e+08,62.3362,61.308,2.47956,1,0,1.51314,1.54938,0,1.16891,2.96352,9.13716e+06,4.02164e+06,1.38258e+07,0,0,0,7.73942e+07
84.7247,85.139,4.29413,0,0.04,3.27335,3.35174,0,0.618892,6.048,4.39666e+06,3.00878e+06,1.43918e+07,0,0,0,2.73962e+08,62.3362,61.308,3.66106,1,0,1.556,1.59326,0,1.16905,2.96352,9.13716e+06,4.02164e+06,1.42174e+07,0,0,0,7.73942e+07
85.0104,85.139,3.80365,0.01,0.04,3.27377,3.35216,0,0.613426,6.048,4.39666e+06,3.00878e+06,1.43936e+07,0,0,0,2.73962e+08,62.3362,61.308,3.29969,1,0,1.55619,1.59346,0,1.20216,2.96352,9.13716e+06,4.02164e+06,1.42192e+07,0,0,0,7.73942e+07
85.0357,85.139,3.52059,0.01,0.04,3.27418,3.35258,0,0.613504,6.048,4.39666e+06,3.00878e+06,1.43955e+07,0,0,0,2.73962e+08,62.3362,61.308,3.07676,1,0,1.55639,1.59366,0,1.20232,2.96352,9.13716e+06,4.02164e+06,1.4221e+07,0,0,0,7.73942e+07
84.9688,85.139,3.40408,0.01,0.04,3.27459,3.353,0,0.613581,6.048,4.39666e+06,3.00878e+06,1.43973e+07,0,0,0,2.73962e+08,62.3362,61.308,2.83783,1,0,1.55659,1.59386,0,1.20247,2.96352,9.13716e+06,4.02164e+06,1.42228e+07,0,0,0,7.73942e+07
84.5666,85.139,3.10527,0.01,0.04,3.35144,3.43169,0,0.613659,6.048,4.39666e+06,3.00878e+06,1.47351e+07,0,0,0,2.73962e+08,62.3362,61.308,2.53891,1,0,1.59482,1.63301,0,1.20262,2.96352,9.13716e+06,4.02164e+06,1.45722e+07,0,0,0,7.73942e+07
84.4554,85.139,3.43539,0.02,0.04,3.35186,3.43212,0,0.628059,6.048,4.39666e+06,3.00878e+06,1.4737e+07,0,0,0,2.73962e+08,62.3362,61.308,3.04639,1,0,1.59503,1.63322,0,1.23216,2.96352,9.13716e+06,4.02164e+06,1.4574e+07,0,0,0,7.73942e+07
84.092,85.139,3.13705,0.02,0.04,3.35228,3.43256,0,0.628139,6.048,4.39666e+06,3.00878e+06,1.47389e+07,0,0,0,2.73962e+08,62.3362,61.308,2.97465,1,0,1.59523,1.63343,0,1.23232,2.96352,9.13716e+06,4.02164e+06,1.45758e+07,0,0,0,7.73942e+07
83.4839,85.139,2.87979,0.02,0.04,3.35271,3.43299,0,0.628218,6.048,4.39666e+06,3.00878e+06,1.47407e+07,0,0,0,2.73962e+08,62.3362,61.308,2.61573,1,0,1.59543,1.63363,0,1.23247,2.96352,9.13716e+06,4.02164e+06,1.45777e+07,0,0,0,7.73942e+07
82.7954,85.139,2.97083,0.02,0.04,3.57707,3.66273,0,0.628297,6.048,4.39666e+06,3.00878e+06,1.57272e+07,0,0,0,2.73962e+08,62.3362,61.308,2.99941,1,0,1.73301,1.7745,0,1.23263,2.96352,9.13716e+06,4.02164e+06,1.58348e+07,0,0,0,7.73942e+07
82.3938,85.139,3.28569,0.02,0.04,3.57752,3.66319,0,0.670343,6.048,4.39666e+06,3.00878e+06,1.57292e+07,0,0,0,2.73962e+08,62.3362,61.308,3.35685,1,0,1.73323,1.77473,0,1.33892,2.96352,9.13716e+06,4.02164e+06,1.58368e+07,0,0,0,7.73942e+07
81.3517,85.139,2.6497,0.02,0.04,3.57798,3.66365,0,0.670428,6.048,4.39666e+06,3.00878e+06,1.57311e+07,0,0,0,2.73962e+08,62.2123,61.308,2.42063,1,0,1.73344,1.77495,0,1.33909,2.96352,9.13716e+06,4.02164e+06,1.58388e+07,0,0,0,7.73942e+07
80.8941,85.139,3.20072,0.02,0.04,3.57843,3.66411,0,0.670513,6.048,4.39666e+06,3.00878e+06,1.57331e+07,0,0,0,2.73962e+08,62.3362,61.308,4.21554,1,0,1.73366,1.77518,0,1.33926,2.96352,9.13716e+06,4.02164e+06,1.58408e+07,0,0,0,7.73942e+07
79.8171,85.139,2.54505,0.03,0.04,3.57888,3.66458,0,0.670597,6.048,4.39666e+06,3.00878e+06,1.57351e+07,0,0,0,2.73962e+08,62.3362,61.308,2.89421,1,0,1.73388,1.7754,0,1.33943,2.96352,9.13716e+06,4.02164e+06,1.58427e+07,0,0,0,7.73942e+07
79.4733,85.139,3.40964,0.03,0.04,3.47012,3.55322,0,0.670682,6.048,4.39666e+06,3.00878e+06,1.52569e+07,0,0,0,2.73962e+08,62.3362,61.308,4.39789,1,0,1.65067,1.69019,0,1.3396,2.96352,9.13716e+06,4.02164e+06,1.50824e+07,0,0,0,7.73942e+07
82.0083,85.139,6.43887,0.03,0.04,3.47056,3.55366,0,0.650301,6.048,4.39666e+06,3.00878e+06,1.52589e+07,0,0,0,2.73962e+08,62.3362,61.308,8.37492,1,0,1.65087,1.6904,0,1.2753,2.96352,9.13716e+06,4.02164e+06,1.50843e+07,0,0,0,7.73942e+07
81.2686,85.139,3.05498,0.02,0.04,3.471,3.55411,0,0.650383,6.048,4.39666e+06,3.00878e+06,1.52608e+07,0,0,0,2.73962e+08,62.3362,61.308,4.41908,1,0,1.65108,1.69062,0,1.27546,2.96352,9.13716e+06,4.02164e+06,1.50862e+07,0,0,0,7.73942e+07
81.1764,85.139,3.7041,0.02,0.04,3.47143,3.55456,0,0.650465,6.048,4.39666e+06,3.00878e+06,1.52627e+07,0,0,0,2.73962e+08,62.3362,61.308,4.92509,1,0,1.65129,1.69083,0,1.27563,2.96352,9.13716e+06,4.02164e+06,1.50881e+07,0,0,0,7.73942e+07
85.139,85.139,9.44217,0.02,0.04,3.38219,3.46317,0,0.650547,6.048,4.39666e+06,3.00878e+06,1.48703e+07,0,0,0,2.73962e+08,62.3362,61.308,10.19,1,0,1.57551,1.61324,0,1.27579,2.96352,9.13716e+06,4.02164e+06,1.43957e+07,0,0,0,7.73942e+07
85.139,85.139,9.45806,0.01,0.04,3.38261,3.46361,0,0.633822,6.048,4.39666e+06,3.00878e+06,1.48722e+07,0,0,0,2.73962e+08,62.3362,61.308,8.69403,1,0,1.57571,1.61344,0,1.21724,2.96352,9.13716e+06,4.02164e+06,1.43975e+07,0,0,0,7.73942e+07
85.139,85.139,7.32965,0.01,0.04,3.38304,3.46405,0,0.633902,6.048,4.39666e+06,3.00878e+06,1.48741e+07,0,0,0,2.73962e+08,62.3362,61.308,5.40397,1,0,1.57591,1.61365,0,1.2174,2.96352,9.13716e+06,4.02164e+06,1.43993e+07,0,0,0,7.73942e+07
85.139,85.139,5.03046,0.01,0.04,3.38347,3.46449,0,0.633982,6.048,4.39666e+06,3.00878e+06,1.4876e+07,0,0,0,2.73962e+08,62.3362,61.308,4.63216,1,0,1.57611,1.61385,0,1.21755,2.96352,9.13716e+06,4.02164e+06,1.44012e+07,0,0,0,7.73942e+07
85.139,85.139,7.53343,0.01,0.04,3.12905,3.20397,0,0.634062,6.048,4.39666e+06,3.00878e+06,1.37574e+07,0,0,0,2.73962e+08,62.3362,61.308,6.87763,1,0,1.41797,1.45193,0,1.2177,2.96352,9.13716e+06,4.02164e+06,1.29563e+07,0,0,0,7.73942e+07
85.139,85.139,10.6117,0.01,0.04,3.12944,3.20438,0,0.586383,6.048,4.39666e+06,3.00878e+06,1.37591e+07,0,0,0,2.73962e+08,62.3362,61.308,12.045,1,0,1.41815,1.45211,0,1.09553,2.96352,9.13716e+06,4.02164e+06,1.29579e+07,0,0,0,7.73942e+07
85.139,85.139,8.33925,0.01,0.04,3.12984,3.20478,0,0.586457,6.048,4.39666e+06,3.00878e+06,1.37608e+07,0,0,0,2.73962e+08,62.3362,61.308,9.12908,1,0,1.41833,1.45229,0,1.09566,2.96352,9.13716e+06,4.02164e+06,1.29595e+07,0,0,0,7.73942e+07
85.139,85.139,9.25328,0.01,0.04,3.13023,3.20519,0,0.586531,6.048,4.39666e+06,3.00878e+06,1.37626e+07,0,0,0,2.73962e+08,62.3362,61.308,9.78976,1,0,1.41851,1.45248,0,1.0958,2.96352,9.13716e+06,4.02164e+06,1.29612e+07,0,0,0,7.73942e+07
85.139,85.139,8.83243,0.02,0.04,3.13063,3.20559,0,0.586605,6.048,4.39666e+06,3.00878e+06,1.37643e+07,0,0,0,2.73962e+08,62.3362,61.308,8.54329,1,0,1.41869,1.45266,0,1.09594,2.96352,9.13716e+06,4.02164e+06,1.29628e+07,0,0,0,7.73942e+07
85.139,85.139,5.50031,0.02,0.04,3.22909,3.30642,0,0.586679,6.048,4.39666e+06,3.00878e+06,1.41972e+07,0,0,0,2.73962e+08,62.3362,61.308,5.50591,1,0,1.46474,1.49981,0,1.09608,2.96352,9.13716e+06,4.02164e+06,1.33836e+07,0,0,0,7.73942e+07
85.139,85.139,6.0136,0.02,0.04,3.22947,3.3068,0,0.605132,6.048,4.39666e+06,3.00878e+06,1.41989e+07,0,0,0,2.73962e+08,62.3362,61.308,6.27796,1,0,1.46491,1.49999,0,1.13166,2.96352,9.13716e+06,4.02164e+06,1.33851e+07,0,0,0,7.73942e+07
85.139,85.139,5.33662,0.03,0.04,3.22985,3.30719,0,0.605203,6.048,4.39666e+06,3.00878e+06,1.42006e+07,0,0,0,2.73962e+08,62.3362,61.308,4.68898,1,0,1.46508,1.50016,0,1.13179,2.96352,9.13716e+06,4.02164e+06,1.33867e+07,0,0,0,7.73942e+07
85.139,85.139,5.29207,0.03,0.04,3.23023,3.30758,0,0.605274,6.048,4.39666e+06,3.00878e+06,1.42022e+07,0,0,0,2.73962e+08,62.3362,61.308,5.65491,1,0,1.46525,1.50034,0,1.13192,2.96352,9.13716e+06,4.02164e+06,1.33883e+07,0,0,0,7.73942e+07
85.139,85.139,3.95491,0.03,0.04,3.54571,3.63062,0,0.605345,6.048,4.39666e+06,3.00878e+06,1.55893e+07,0,0,0,2.73962e+08,62.2979,61.308,3.92764,1,0,1.63773,1.67695,0,1.13206,2.96352,9.13716e+06,4.02164e+06,1.49642e+07,0,0,0,7.73942e+07
84.4702,85.139,3.21398,0.01,0.04,3.54613,3.63104,0,0.664467,6.048,4.39666e+06,3.00878e+06,1.55911e+07,0,0,0,2.73962e+08,62.2003,61.308,2.28285,1,0,1.63792,1.67714,0,1.26531,2.96352,9.13716e+06,4.02164e+06,1.49659e+07,0,0,0,7.73942e+07
84.3112,85.139,3.75677,0.03,0.04,3.54654,3.63147,0,0.664544,6.048,4.39666e+06,3.00878e+06,1.5593e+07,0,0,0,2.73962e+08,62.3362,61.308,4.26464,1,0,1.63811,1.67734,0,1.26546,2.96352,9.13716e+06,4.02164e+06,1.49677e+07,0,0,0,7.73942e+07
84.6539,85.139,4.2864,0.03,0.04,3.54696,3.63189,0,0.664622,6.048,4.39666e+06,3.00878e+06,1.55948e+07,0,0,0,2.73962e+08,62.3362,61.308,4.81363,1,0,1.6383,1.67753,0,1.26561,2.96352,9.13716e+06,4.02164e+06,1.49694e+07,0,0,0,7.73942e+07
85.139,85.139,4.94908,0.03,0.04,3.09772,3.1719,0,0.6647,6.048,4.39666e+06,3.00878e+06,1.36196e+07,0,0,0,2.73962e+08,62.3362,61.308,5.03851,1,0,1.40716,1.44085,0,1.26575,2.96352,9.13716e+06,4.02164e+06,1.28574e+07,0,0,0,7.73942e+07
85.139,85.139,4.25283,0.01,0.04,3.09809,3.17227,0,0.580513,6.048,4.39666e+06,3.00878e+06,1.36212e+07,0,0,0,2.73962e+08,62.3362,61.308,4.23512,1,0,1.40732,1.44102,0,1.08717,2.96352,9.13716e+06,4.02164e+06,1.28589e+07,0,0,0,7.73942e+07
85.139,85.139,5.16857,0.01,0.04,3.09845,3.17264,0,0.580581,6.048,4.39666e+06,3.00878e+06,1.36228e+07,0,0,0,2.73962e+08,62.3362,61.308,5.59718,1,0,1.40749,1.44119,0,1.0873,2.96352,9.13716e+06,4.02164e+06,1.28604e+07,0,0,0,7.73942e+07
85.139,85.139,4.92088,0,0.04,3.09881,3.17301,0,0.580649,6.048,4.39666e+06,3.00878e+06,1.36244e+07,0,0,0,2.73962e+08,62.3362,61.308,4.85212,1,0,1.40765,1.44136,0,1.08742,2.96352,9.13716e+06,4.02164e+06,1.28619e+07,0,0,0,7.73942e+07
85.139,85.139,4.9893,0,0.04,3.09917,3.17339,0,0.580717,6.048,4.39666e+06,3.00878e+06,1.3626e+07,0,0,0,2.73962e+08,62.3362,61.308,5.60253,1,0,1.40782,1.44153,0,1.08755,2.96352,9.13716e+06,4.02164e+06,1.28634e+07,0,0,0,7.73942e+07
85.139,85.139,5.40306,0,0.04,3.21279,3.28972,0,0.580785,6.048,4.39666e+06,3.00878e+06,1.41255e+07,0,0,0,2.73962e+08,62.3362,61.308,4.48677,1,0,1.46461,1.49968,0,1.08768,2.96352,9.13716e+06,4.02164e+06,1.33824e+07,0,0,0,7.73942e+07
85.139,85.139,5.86597,0,0.04,3.21316,3.29011,0,0.602077,6.048,4.39666e+06,3.00878e+06,1.41272e+07,0,0,0,2.73962e+08,62.3362,61.308,6.75322,1,0,1.46478,1.49985,0,1.13156,2.96352,9.13716e+06,4.02164e+06,1.33839e+07,0,0,0,7.73942e+07
85.139,85.139,5.52541,0,0.04,3.21354,3.29049,0,0.602147,6.048,4.39666e+06,3.00878e+06,1.41289e+07,0,0,0,2.73962e+08,62.3362,61.308,7.24582,1,0,1.46495,1.50003,0,1.13169,2.96352,9.13716e+06,4.02164e+06,1.33855e+07,0,0,0,7.73942e+07
85.139,85.139,4.10501,0,0.04,3.21392,3.29088,0,0.602218,6.048,4.39666e+06,3.00878e+06,1.41305e+07,0,0,0,2.73962e+08,62.3362,61.308,6.97888,1,0,1.46512,1.50021,0,1.13182,2.96352,9.13716e+06,4.02164e+06,1.33871e+07,0,0,0,7.73942e+07
85.139,85.139,4.11872,0,0.04,3.16999,3.2459,0,0.602288,6.048,4.39666e+06,3.00878e+06,1.39374e+07,0,0,0,2.73962e+08,62.3362,61.308,5.57498,1,0,1.44329,1.47785,0,1.13195,2.96352,9.13716e+06,4.02164e+06,1.31876e+07,0,0,0,7.73942e+07
85.139,85.139,4.2379,0,0.04,3.17036,3.24628,0,0.594057,6.048,4.39666e+06,3.00878e+06,1.3939e+07,0,0,0,2.73962e+08,62.3362,61.308,5.26051,1,0,1.44346,1.47802,0,1.11509,2.96352,9.13716e+06,4.02164e+06,1.31891e+07,0,0,0,7.73942e+07
85.139,85.139,3.7716,0,0.04,3.17074,3.24666,0,0.594126,6.048,4.39666e+06,3.00878e+06,1.39407e+07,0,0,0,2.73962e+08,62.3362,61.308,4.61548,1,0,1.44363,1.4782,0,1.11522,2.96352,9.13716e+06,4.02164e+06,1.31907e+07,0,0,0,7.73942e+07
85.139,85.139,3.47791,0,0.04,3.17111,3.24704,0,0.594196,6.048,4.39666e+06,3.00878e+06,1.39423e+07,0,0,0,2.73962e+08,62.3362,61.308,4.29791,1,0,1.4438,1.47837,0,1.11535,2.96352,9.13716e+06,4.02164e+06,1.31922e+07,0,0,0,7.73942e+07
84.8959,85.139,3.29028,0,0.04,3.32192,3.40147,0,0.594266,6.048,4.39666e+06,3.00878e+06,1.46054e+07,0,0,0,2.73962e+08,62.3362,61.308,4.54639,1,0,1.52204,1.55848,0,1.11548,2.96352,9.13716e+06,4.02164e+06,1.39071e+07,0,0,0,7.73942e+07
84.5595,85.139,3.19966,0,0.04,3.32231,3.40187,0,0.622529,6.048,4.39666e+06,3.00878e+06,1.46071e+07,0,0,0,2.73962e+08,62.3362,61.308,4.44619,1,0,1.52221,1.55866,0,1.17592,2.96352,9.13716e+06,4.02164e+06,1.39087e+07,0,0,0,7.73942e+07
83.9038,85.139,2.80063,0,0.04,3.3227,3.40227,0,0.622602,6.048,4.39666e+06,3.00878e+06,1.46088e+07,0,0,0,2.73962e+08,62.3362,61.308,4.38424,1,0,1.52239,1.55885,0,1.17606,2.96352,9.13716e+06,4.02164e+06,1.39103e+07,0,0,0,7.73942e+07
83.2204,85.139,2.76346,0.01,0.04,3.32309,3.40267,0,0.622674,6.048,4.39666e+06,3.00878e+06,1.46105e+07,0,0,0,2.73962e+08,62.3362,61.308,4.41336,1,0,1.52257,1.55903,0,1.1762,2.96352,9.13716e+06,4.02164e+06,1.3912e+07,0,0,0,7.73942e+07
82.3781,85.139,2.58845,0.01,0.04,3.32348,3.40306,0,0.622747,6.048,4.39666e+06,3.00878e+06,1.46122e+07,0,0,0,2.73962e+08,62.3362,61.308,4.23528,1,0,1.52275,1.55921,0,1.17634,2.96352,9.13716e+06,4.02164e+06,1.39136e+07,0,0,0,7.73942e+07
81.6415,85.139,2.60166,0.01,0.04,3.2941,3.37298,0,0.62282,6.048,4.39666e+06,3.00878e+06,1.4483e+07,0,0,0,2.73962e+08,62.3362,61.308,2.81984,1,0,1.56586,1.60336,0,1.17648,2.96352,9.13716e+06,4.02164e+06,1.43075e+07,0,0,0,7.73942e+07
80.7562,85.139,2.43835,0.01,0.04,3.29449,3.37337,0,0.617314,6.048,4.39666e+06,3.00878e+06,1.44847e+07,0,0,0,2.73962e+08,62.3332,61.308,2.59678,1,0,1.56604,1.60354,0,1.20978,2.96352,9.13716e+06,4.02164e+06,1.43092e+07,0,0,0,7.73942e+07
79.6631,85.139,2.22119,0.02,0.04,3.29487,3.37377,0,0.617387,6.048,4.39666e+06,3.00878e+06,1.44864e+07,0,0,0,2.73962e+08,62.2875,61.308,2.37497,1,0,1.56623,1.60373,0,1.20992,2.96352,9.13716e+06,4.02164e+06,1.43109e+07,0,0,0,7.73942e+07
78.4092,85.139,2.02987,0.02,0.04,3.29526,3.37416,0,0.617459,6.048,4.39666e+06,3.00878e+06,1.44881e+07,0,0,0,2.73962e+08,62.1846,61.308,2.27228,1,0,1.56641,1.60392,0,1.21007,2.96352,9.13716e+06,4.02164e+06,1.43125e+07,0,0,0,7.73942e+07
77.2043,85.139,2.1163,0.02,0.04,3.37256,3.45332,0,0.617531,6.048,4.39666e+06,3.00878e+06,1.4828e+07,0,0,0,2.73962e+08,61.9629,61.308,2.32391,1,0,1.60487,1.6433,0,1.21021,2.96352,9.13716e+06,4.02164e+06,1.4664e+07,0,0,0,7.73942e+07
76.0895,85.139,2.20934,0.02,0.04,3.37295,3.45372,0,0.632017,6.048,4.39666e+06,3.00878e+06,1.48297e+07,0,0,0,2.73962e+08,61.7522,61.308,2.47927,1,0,1.60506,1.6435,0,1.23993,2.96352,9.13716e+06,4.02164e+06,1.46657e+07,0,0,0,7.73942e+07
74.7714,85.139,1.99172,0.03,0.04,3.37335,3.45412,0,0.632091,6.048,4.39666e+06,3.00878e+06,1.48315e+07,0,0,0,2.73962e+08,61.5004,61.308,2.38,1,0,1.60525,1.64369,0,1.24007,2.96352,9.13716e+06,4.02164e+06,1.46674e+07,0,0,0,7.73942e+07
73.2931,85.139,1.8154,0.03,0.04,3.37374,3.45453,0,0.632165,6.048,4.39666e+06,3.00878e+06,1.48332e+07,0,0,0,2.73962e+08,61.2234,61.308,2.18888,1,0,1.60544,1.64388,0,1.24022,2.96352,9.13716e+06,4.02164e+06,1.46691e+07,0,0,0,7.73942e+07
71.4229,85.139,1.57904,0.05,0.04,3.59948,3.68567,0,0.632239,6.048,4.39666e+06,3.00878e+06,1.58257e+07,0,0,0,2.73962e+08,60.7472,61.308,2.16895,1,0,1.74386,1.78562,0,1.24036,2.96352,9.13716e+06,4.02164e+06,1.5934e+07,0,0,0,7.73942e+07
69.9595,85.139,1.95167,0.06,0.04,3.5999,3.68611,0,0.674543,6.048,4.39666e+06,3.00878e+06,1.58276e+07,0,0,0,2.73962e+08,60.253,61.308,1.62066,1,0,1.74407,1.78583,0,1.34731,2.96352,9.13716e+06,4.02164e+06,1.59358e+07,0,0,0,7.73942e+07
68.7158,85.139,2.17121,0.05,0.04,3.60032,3.68654,0,0.674622,6.048,4.39666e+06,3.00878e+06,1.58294e+07,0,0,0,2.73962e+08,59.6911,61.308,1.98112,1,0,1.74427,1.78604,0,1.34747,2.96352,9.13716e+06,4.02164e+06,1.59377e+07,0,0,0,7.73942e+07
67.0538,85.139,1.75013,0.05,0.04,3.60075,3.68697,0,0.674701,6.048,4.39666e+06,3.00878e+06,1.58313e+07,0,0,0,2.73962e+08,59.1545,61.308,1.48764,1,0,1.74448,1.78625,0,1.34762,2.96352,9.13716e+06,4.02164e+06,1.59396e+07,0,0,0,7.73942e+07
65.7633,85.139,2.09182,0.07,0.04,3.60117,3.6874,0,0.67478,6.048,4.39666e+06,3.00878e+06,1.58331e+07,0,0,0,2.73962e+08,58.8738,61.308,2.44542,1,0,1.74468,1.78646,0,1.34778,2.96352,9.13716e+06,4.02164e+06,1.59414e+07,0,0,0,7.73942e+07
64.9656,85.139,2.4644,0.07,0.04,3.4917,3.57531,0,0.674859,6.048,4.39666e+06,3.00878e+06,1.53518e+07,0,0,0,2.73962e+08,58.6085,61.308,2.34537,1,0,1.66093,1.7007,0,1.34794,2.96352,9.13716e+06,4.02164e+06,1.51762e+07,0,0,0,7.73942e+07
64.194,85.139,2.55888,0.07,0.04,3.49211,3.57573,0,0.654345,6.048,4.39666e+06,3.00878e+06,1.53536e+07,0,0,0,2.73962e+08,58.5616,61.308,2.70336,1,0,1.66112,1.7009,0,1.28323,2.96352,9.13716e+06,4.02164e+06,1.5178e+07,0,0,0,7.73942e+07
63.7627,85.139,2.92273,0.05,0.04,3.49252,3.57615,0,0.654421,6.048,4.39666e+06,3.00878e+06,1.53554e+07,0,0,0,2.73962e+08,58.8307,61.308,3.45186,1,0,1.66132,1.7011,0,1.28338,2.96352,9.13716e+06,4.02164e+06,1.51797e+07,0,0,0,7.73942e+07
63.2169,85.139,2.84353,0.05,0.04,3.49293,3.57657,0,0.654498,6.048,4.39666e+06,3.00878e+06,1.53572e+07,0,0,0,2.73962e+08,59.077,61.308,3.36712,1,0,1.66151,1.7013,0,1.28354,2.96352,9.13716e+06,4.02164e+06,1.51815e+07,0,0,0,7.73942e+07
62.5763,85.139,2.78435,0.05,0.04,3.40309,3.48458,0,0.654574,6.048,4.39666e+06,3.00878e+06,1.49623e+07,0,0,0,2.73962e+08,59.4942,61.308,3.63378,1,0,1.58525,1.62321,0,1.28369,2.96352,9.13716e+06,4.02164e+06,1.44847e+07,0,0,0,7.73942e+07
60.733,85.139,1.55208,0.04,0.04,3.40349,3.48499,0,0.63774,6.048,4.39666e+06,3.00878e+06,1.4964e+07,0,0,0,2.73962e+08,59.4079,61.308,2.46394,1,0,1.58544,1.6234,0,1.22477,2.96352,9.13716e+06,4.02164e+06,1.44864e+07,0,0,0,7.73942e+07
59.1613,85.139,1.82515,0.06,0.04,3.40389,3.4854,0,0.637814,6.048,4.39666e+06,3.00878e+06,1.49658e+07,0,0,0,2.73962e+08,59.1601,61.308,1.78649,1,0,1.58562,1.62359,0,1.22491,2.96352,9.13716e+06,4.02164e+06,1.44881e+07,0,0,0,7.73942e+07
60.823,85.139,5.20264,0.07,0.04,3.40429,3.48581,0,0.637889,6.048,4.39666e+06,3.00878e+06,1.49675e+07,0,0,0,2.73962e+08,60.1164,61.308,6.18788,1,0,1.58581,1.62378,0,1.22505,2.96352,9.13716e+06,4.02164e+06,1.44898e+07,0,0,0,7.73942e+07
61.6206,85.139,4.21127,0.07,0.04,3.14828,3.22366,0,0.637964,6.048,4.39666e+06,3.00878e+06,1.38419e+07,0,0,0,2.73962e+08,60.8358,61.308,5.37201,1,0,1.42669,1.46085,0,1.2252,2.96352,9.13716e+06,4.02164e+06,1.30359e+07,0,0,0,7.73942e+07
60.1219,85.139,1.93657,0.08,0.04,3.14864,3.22404,0,0.589987,6.048,4.39666e+06,3.00878e+06,1.38435e+07,0,0,0,2.73962e+08,61.1349,61.308,3.23798,1,0,1.42685,1.46102,0,1.10226,2.96352,9.13716e+06,4.02164e+06,1.30374e+07,0,0,0,7.73942e+07
59.2419,85.139,2.49742,0.08,0.04,3.14901,3.22442,0,0.590056,6.048,4.39666e+06,3.00878e+06,1.38451e+07,0,0,0,2.73962e+08,61.5864,61.308,4.29519,1,0,1.42702,1.46119,0,1.10239,2.96352,9.13716e+06,4.02164e+06,1.30389e+07,0,0,0,7.73942e+07
59.266,85.139,3.45463,0.09,0.04,3.14938,3.2248,0,0.590125,6.048,4.39666e+06,3.00878e+06,1.38468e+07,0,0,0,2.73962e+08,62.0399,61.308,4.25714,1,0,1.42719,1.46136,0,1.10252,2.96352,9.13716e+06,4.02164e+06,1.30404e+07,0,0,0,7.73942e+07
59.4487,85.139,3.62336,0.09,0.04,3.14975,3.22517,0,0.590194,6.048,4.39666e+06,3.00878e+06,1.38484e+07,0,0,0,2.73962e+08,62.3362,61.308,4.23137,1,0,1.42736,1.46153,0,1.10265,2.96352,9.13716e+06,4.02164e+06,1.3042e+07,0,0,0,7.73942e+07
60.1994,85.139,4.11029,0.1,0.04,3.14975,3.22517,0,0.590263,6.048,4.39666e+06,3.00878e+06,1.38484e+07,0,0,0,2.73962e+08,62.3362,61.308,3.84986,1,0,1.42736,1.46153,0,1.10277,2.96352,9.13716e+06,4.02164e+06,1.3042e+07,0,0,0,7.73942e+07
59.3949,110.355,2.49497,0.15,0.04,3.24879,3.32658,0,0.590263,6.048,4.39666e+06,3.00878e+06,1.42838e+07,0,0,0,2.73962e+08,62.3362,61.308,2.79323,1,0,1.47367,1.50896,0,1.10277,2.96352,9.13716e+06,4.02164e+06,1.34652e+07,0,0,0,7.73942e+07
58.2966,110.355,2.20273,0.16,0.04,3.24914,3.32694,0,0.608823,6.048,4.39666e+06,3.00878e+06,1.42854e+07,0,0,0,2.73962e+08,62.3362,61.308,3.38606,1,0,1.47383,1.50912,0,1.13856,2.96352,9.13716e+06,4.02164e+06,1.34666e+07,0,0,0,7.73942e+07
59.8884,110.355,5.1674,0.16,0.04,3.24949,3.3273,0,0.608889,6.048,4.39666e+06,3.00878e+06,1.42869e+07,0,0,0,2.73962e+08,62.3362,61.308,7.95537,1,0,1.47399,1.50929,0,1.13868,2.96352,9.13716e+06,4.02164e+06,1.34681e+07,0,0,0,7.73942e+07
60.613,110.355,4.2081,0.17,0.04,3.24984,3.32766,0,0.608955,6.048,4.39666e+06,3.00878e+06,1.42885e+07,0,0,0,2.73962e+08,62.3362,61.308,6.48087,1,0,1.47415,1.50945,0,1.13881,2.96352,9.13716e+06,4.02164e+06,1.34696e+07,0,0,0,7.73942e+07
59.9774,110.355,3.02576,0.16,0.04,3.56721,3.65263,0,0.609021,6.048,4.39666e+06,3.00878e+06,1.56838e+07,0,0,0,2.73962e+08,62.3362,61.308,4.30499,1,0,1.64766,1.68711,0,1.13893,2.96352,9.13716e+06,4.02164e+06,1.50549e+07,0,0,0,7.73942e+07
59.6558,110.355,3.35742,0.16,0.04,3.5676,3.65303,0,0.668495,6.048,4.39666e+06,3.00878e+06,1.56855e+07,0,0,0,2.73962e+08,62.3362,61.308,4.85755,1,0,1.64784,1.6873,0,1.27298,2.96352,9.13716e+06,4.02164e+06,1.50565e+07,0,0,0,7.73942e+07
60.3515,110.355,4.4702,0.17,0.04,3.56798,3.65342,0,0.668568,6.048,4.39666e+06,3.00878e+06,1.56872e+07,0,0,0,2.73962e+08,62.3362,61.308,5.167,1,0,1.64802,1.68748,0,1.27312,2.96352,9.13716e+06,4.02164e+06,1.50582e+07,0,0,0,7.73942e+07
61.1168,110.355,4.54666,0.18,0.04,3.56837,3.65382,0,0.66864,6.048,4.39666e+06,3.00878e+06,1.56889e+07,0,0,0,2.73962e+08,62.3362,61.308,5.51517,1,0,1.64819,1.68766,0,1.27326,2.96352,9.13716e+06,4.02164e+06,1.50598e+07,0,0,0,7.73942e+07
65.6786,110.355,8.14124,0.2,0.04,3.11639,3.19102,0,0.668712,6.048,4.39666e+06,3.00878e+06,1.37017e+07,0,0,0,2.73962e+08,62.3362,61.308,8.40593,1,0,1.41564,1.44954,0,1.27339,2.96352,9.13716e+06,4.02164e+06,1.29349e+07,0,0,0,7.73942e+07
68.3298,110.355,6.11839,0.14,0.04,3.11673,3.19136,0,0.584012,6.048,4.39666e+06,3.00878e+06,1.37032e+07,0,0,0,2.73962e+08,62.3362,61.308,4.99141,1,0,1.41579,1.44969,0,1.09372,2.96352,9.13716e+06,4.02164e+06,1.29363e+07,0,0,0,7.73942e+07
72.0713,110.355,7.31814,0.09,0.04,3.11707,3.19171,0,0.584075,6.048,4.39666e+06,3.00878e+06,1.37047e+07,0,0,0,2.73962e+08,62.3362,61.308,6.06433,1,0,1.41594,1.44985,0,1.09384,2.96352,9.13716e+06,4.02164e+06,1.29377e+07,0,0,0,7.73942e+07
78.9885,110.355,10.7237,0.1,0.04,3.1174,3.19205,0,0.584138,6.048,4.39666e+06,3.00878e+06,1.37062e+07,0,0,0,2.73962e+08,62.3362,61.308,11.3047,1,0,1.4161,1.45001,0,1.09396,2.96352,9.13716e+06,4.02164e+06,1.29391e+07,0,0,0,7.73942e+07
82.0696,110.355,6.76067,0.04,0.04,3.11774,3.1924,0,0.584202,6.048,4.39666e+06,3.00878e+06,1.37077e+07,0,0,0,2.73962e+08,62.3362,61.308,7.2606,1,0,1.41625,1.45016,0,1.09408,2.96352,9.13716e+06,4.02164e+06,1.29405e+07,0,0,0,7.73942e+07
81.65,110.355,3.16127,0.04,0.04,3.23201,3.3094,0,0.584265,6.048,4.39666e+06,3.00878e+06,1.421e+07,0,0,0,2.73962e+08,62.3362,61.308,4.13549,1,0,1.47337,1.50865,0,1.09419,2.96352,9.13716e+06,4.02164e+06,1.34624e+07,0,0,0,7.73942e+07
81.908,110.355,3.81355,0.04,0.04,3.23236,3.30976,0,0.605678,6.048,4.39666e+06,3.00878e+06,1.42116e+07,0,0,0,2.73962e+08,62.3362,61.308,4.28371,1,0,1.47353,1.50881,0,1.13832,2.96352,9.13716e+06,4.02164e+06,1.34639e+07,0,0,0,7.73942e+07
82.2094,110.355,3.88901,0.03,0.04,3.23271,3.31012,0,0.605744,6.048,4.39666e+06,3.00878e+06,1.42131e+07,0,0,0,2.73962e+08,62.3362,61.308,4.31722,1,0,1.47369,1.50898,0,1.13845,2.96352,9.13716e+06,4.02164e+06,1.34653e+07,0,0,0,7.73942e+07
82.5964,110.355,3.96735,0.03,0.04,3.23306,3.31047,0,0.605809,6.048,4.39666e+06,3.00878e+06,1.42147e+07,0,0,0,2.73962e+08,62.3362,61.308,4.14489,1,0,1.47385,1.50914,0,1.13857,2.96352,9.13716e+06,4.02164e+06,1.34668e+07,0,0,0,7.73942e+07
82.4971,110.355,3.33131,0.03,0.04,3.18884,3.2652,0,0.605875,6.048,4.39666e+06,3.00878e+06,1.40203e+07,0,0,0,2.73962e+08,62.3362,61.308,3.23838,1,0,1.45187,1.48664,0,1.13869,2.96352,9.13716e+06,4.02164e+06,1.3266e+07,0,0,0,7.73942e+07
82.0736,110.355,2.98947,0.03,0.04,3.18919,3.26555,0,0.597589,6.048,4.39666e+06,3.00878e+06,1.40218e+07,0,0,0,2.73962e+08,62.3362,61.308,3.2446,1,0,1.45203,1.4868,0,1.12172,2.96352,9.13716e+06,4.02164e+06,1.32674e+07,0,0,0,7.73942e+07
81.3676,110.355,2.68907,0.02,0.04,3.18953,3.26591,0,0.597653,6.048,4.39666e+06,3.00878e+06,1.40233e+07,0,0,0,2.73962e+08,62.3362,61.308,3.35762,1,0,1.45219,1.48696,0,1.12184,2.96352,9.13716e+06,4.02164e+06,1.32689e+07,0,0,0,7.73942e+07
80.8851,110.355,2.91359,0.02,0.04,3.18988,3.26626,0,0.597718,6.048,4.39666e+06,3.00878e+06,1.40248e+07,0,0,0,2.73962e+08,62.3362,61.308,2.87729,1,0,1.45234,1.48712,0,1.12196,2.96352,9.13716e+06,4.02164e+06,1.32703e+07,0,0,0,7.73942e+07
79.7403,110.355,2.31258,0.02,0.04,3.34156,3.42157,0,0.597783,6.048,4.39666e+06,3.00878e+06,1.46917e+07,0,0,0,2.73962e+08,62.3362,61.308,2.4773,1,0,1.53103,1.56769,0,1.12208,2.96352,9.13716e+06,4.02164e+06,1.39893e+07,0,0,0,7.73942e+07
78.5379,110.355,2.23525,0.02,0.04,3.34192,3.42194,0,0.626207,6.048,4.39666e+06,3.00878e+06,1.46933e+07,0,0,0,2.73962e+08,62.2973,61.308,2.2229,1,0,1.5312,1.56786,0,1.18287,2.96352,9.13716e+06,4.02164e+06,1.39908e+07,0,0,0,7.73942e+07
77.1402,110.355,1.98864,0.03,0.04,3.34228,3.42231,0,0.626275,6.048,4.39666e+06,3.00878e+06,1.46949e+07,0,0,0,2.73962e+08,62.2028,61.308,2.12311,1,0,1.53136,1.56803,0,1.183,2.96352,9.13716e+06,4.02164e+06,1.39923e+07,0,0,0,7.73942e+07
75.6738,110.355,1.88347,0.03,0.04,3.34264,3.42268,0,0.626343,6.048,4.39666e+06,3.00878e+06,1.46965e+07,0,0,0,2.73962e+08,61.9391,61.308,2.00961,1,0,1.53153,1.5682,0,1.18313,2.96352,9.13716e+06,4.02164e+06,1.39938e+07,0,0,0,7.73942e+07
74.0025,110.355,1.64985,0.02,0.04,3.343,3.42305,0,0.626411,6.048,4.39666e+06,3.00878e+06,1.4698e+07,0,0,0,2.73962e+08,61.6917,61.308,1.83539,1,0,1.53169,1.56837,0,1.18326,2.96352,9.13716e+06,4.02164e+06,1.39953e+07,0,0,0,7.73942e+07
72.3114,110.355,1.58128,0.02,0.04,3.31342,3.39276,0,0.626478,6.048,4.39666e+06,3.00878e+06,1.4568e+07,0,0,0,2.73962e+08,61.4376,61.308,1.86078,1,0,1.57504,1.61276,0,1.18339,2.96352,9.13716e+06,4.02164e+06,1.43914e+07,0,0,0,7.73942e+07
70.5873,110.355,1.52813,0.06,0.04,3.31378,3.39313,0,0.620935,6.048,4.39666e+06,3.00878e+06,1.45696e+07,0,0,0,2.73962e+08,61.0297,61.308,1.82657,1,0,1.57521,1.61293,0,1.21688,2.96352,9.13716e+06,4.02164e+06,1.4393e+07,0,0,0,7.73942e+07
68.7514,110.355,1.36669,0.05,0.04,3.31413,3.39349,0,0.621002,6.048,4.39666e+06,3.00878e+06,1.45711e+07,0,0,0,2.73962e+08,60.505,61.308,1.68691,1,0,1.57538,1.61311,0,1.21701,2.96352,9.13716e+06,4.02164e+06,1.43945e+07,0,0,0,7.73942e+07
66.7872,110.355,1.21446,0.05,0.04,3.31449,3.39386,0,0.621069,6.048,4.39666e+06,3.00878e+06,1.45727e+07,0,0,0,2.73962e+08,59.8318,61.308,1.57827,1,0,1.57555,1.61328,0,1.21714,2.96352,9.13716e+06,4.02164e+06,1.43961e+07,0,0,0,7.73942e+07
64.7419,110.355,1.19102,0.06,0.04,3.39221,3.47344,0,0.621136,6.048,4.39666e+06,3.00878e+06,1.49144e+07,0,0,0,2.73962e+08,59.2458,61.308,1.54336,1,0,1.61423,1.65288,0,1.21727,2.96352,9.13716e+06,4.02164e+06,1.47495e+07,0,0,0,7.73942e+07
62.6417,110.355,1.10187,0.07,0.04,3.39258,3.47382,0,0.635701,6.048,4.39666e+06,3.00878e+06,1.4916e+07,0,0,0,2.73962e+08,58.4913,61.308,1.54639,1,0,1.6144,1.65306,0,1.24715,2.96352,9.13716e+06,4.02164e+06,1.4751e+07,0,0,0,7.73942e+07
60.4872,110.355,1.02121,0.11,0.04,3.39295,3.47419,0,0.63577,6.048,4.39666e+06,3.00878e+06,1.49176e+07,0,0,0,2.73962e+08,57.8267,61.308,1.38251,1,0,1.61458,1.65324,0,1.24729,2.96352,9.13716e+06,4.02164e+06,1.47526e+07,0,0,0,7.73942e+07
58.3833,110.355,1.03904,0.15,0.04,3.39331,3.47457,0,0.635838,6.048,4.39666e+06,3.00878e+06,1.49193e+07,0,0,0,2.73962e+08,57.1062,61.308,1.55785,1,0,1.61475,1.65342,0,1.24742,2.96352,9.13716e+06,4.02164e+06,1.47542e+07,0,0,0,7.73942e+07
55.8673,110.355,0.7586,0.14,0.04,3.62033,3.70702,0,0.635907,6.048,4.39666e+06,3.00878e+06,1.59174e+07,0,0,0,2.73962e+08,56.1189,61.308,1.36997,1,0,1.75396,1.79596,0,1.24756,2.96352,9.13716e+06,4.02164e+06,1.60262e+07,0,0,0,7.73942e+07
53.2651,110.355,0.630222,0.18,0.04,3.62072,3.70742,0,0.67845,6.048,4.39666e+06,3.00878e+06,1.59191e+07,0,0,0,2.73962e+08,55.1734,61.308,1.23146,1,0,1.75415,1.79616,0,1.35511,2.96352,9.13716e+06,4.02164e+06,1.6028e+07,0,0,0,7.73942e+07
50.8192,110.355,0.746826,0.18,0.04,3.62111,3.70782,0,0.678523,6.048,4.39666e+06,3.00878e+06,1.59208e+07,0,0,0,2.73962e+08,54.4116,61.308,1.33302,1,0,1.75434,1.79635,0,1.35526,2.96352,9.13716e+06,4.02164e+06,1.60297e+07,0,0,0,7.73942e+07
48.8942,110.355,1.27469,0.15,0.04,3.6215,3.70822,0,0.678597,6.048,4.39666e+06,3.00878e+06,1.59225e+07,0,0,0,2.73962e+08,53.7834,61.308,1.60056,1,0,1.75453,1.79655,0,1.35541,2.96352,9.13716e+06,4.02164e+06,1.60314e+07,0,0,0,7.73942e+07
47.2595,110.355,1.52556,0.21,0.04,3.6219,3.70863,0,0.67867,6.048,4.39666e+06,3.00878e+06,1.59243e+07,0,0,0,2.73962e+08,53.4728,61.308,1.79273,1,0,1.75472,1.79674,0,1.35555,2.96352,9.13716e+06,4.02164e+06,1.60332e+07,0,0,0,7.73942e+07
45.8872,110.355,1.66275,0.21,0.04,3.51177,3.59586,0,0.678743,6.048,4.39666e+06,3.00878e+06,1.54401e+07,0,0,0,2.73962e+08,53.3768,61.308,2.01827,1,0,1.67048,1.71048,0,1.3557,2.96352,9.13716e+06,4.02164e+06,1.52634e+07,0,0,0,7.73942e+07
44.2617,110.355,1.37837,0.21,0.04,3.51215,3.59625,0,0.658105,6.048,4.39666e+06,3.00878e+06,1.54417e+07,0,0,0,2.73962e+08,53.4192,61.308,3.18947,1,0,1.67066,1.71066,0,1.29061,2.96352,9.13716e+06,4.02164e+06,1.52651e+07,0,0,0,7.73942e+07
42.4507,110.355,1.15308,0.24,0.04,3.51253,3.59664,0,0.658176,6.048,4.39666e+06,3.00878e+06,1.54434e+07,0,0,0,2.73962e+08,52.9715,61.308,1.67436,1,0,1.67084,1.71085,0,1.29075,2.96352,9.13716e+06,4.02164e+06,1.52667e+07,0,0,0,7.73942e+07
40.8554,110.355,1.36234,0.25,0.04,3.51291,3.59703,0,0.658248,6.048,4.39666e+06,3.00878e+06,1.54451e+07,0,0,0,2.73962e+08,52.4601,61.308,1.74257,1,0,1.67102,1.71103,0,1.29089,2.96352,9.13716e+06,4.02164e+06,1.52684e+07,0,0,0,7.73942e+07
38.9828,110.355,1.00547,0.24,0.04,3.42253,3.50448,0,0.658319,6.048,4.39666e+06,3.00878e+06,1.50477e+07,0,0,0,2.73962e+08,52.0078,61.308,1.55524,1,0,1.59431,1.63248,0,1.29103,2.96352,9.13716e+06,4.02164e+06,1.45674e+07,0,0,0,7.73942e+07
38.2682,110.355,2.1546,0.28,0.04,3.4229,3.50486,0,0.641382,6.048,4.39666e+06,3.00878e+06,1.50493e+07,0,0,0,2.73962e+08,51.941,61.308,1.54862,1,0,1.59448,1.63266,0,1.23176,2.96352,9.13716e+06,4.02164e+06,1.4569e+07,0,0,0,7.73942e+07
39.6568,110.355,4.29814,0.29,0.04,3.42327,3.50524,0,0.641451,6.048,4.39666e+06,3.00878e+06,1.5051e+07,0,0,0,2.73962e+08,52.8642,61.308,3.75537,1,0,1.59465,1.63284,0,1.23189,2.96352,9.13716e+06,4.02164e+06,1.45706e+07,0,0,0,7.73942e+07
39.4009,110.355,2.63229,0.24,0.04,3.42364,3.50562,0,0.641521,6.048,4.39666e+06,3.00878e+06,1.50526e+07,0,0,0,2.73962e+08,53.5099,61.308,3.29892,1,0,1.59482,1.63301,0,1.23203,2.96352,9.13716e+06,4.02164e+06,1.45722e+07,0,0,0,7.73942e+07
39.2447,110.355,2.60227,0.25,0.04,3.16614,3.24196,0,0.64159,6.048,4.39666e+06,3.00878e+06,1.39205e+07,0,0,0,2.73962e+08,54.4534,61.308,3.59769,1,0,1.43478,1.46914,0,1.23216,2.96352,9.13716e+06,4.02164e+06,1.31098e+07,0,0,0,7.73942e+07
40.6426,110.355,4.23809,0.27,0.04,3.16648,3.24231,0,0.593335,6.048,4.39666e+06,3.00878e+06,1.3922e+07,0,0,0,2.73962e+08,55.7132,61.308,4.5091,1,0,1.43494,1.4693,0,1.10851,2.96352,9.13716e+06,4.02164e+06,1.31113e+07,0,0,0,7.73942e+07
42.5259,110.355,4.81284,0.27,0.04,3.16683,3.24266,0,0.593399,6.048,4.39666e+06,3.00878e+06,1.39235e+07,0,0,0,2.73962e+08,57.0531,61.308,4.42972,1,0,1.43509,1.46946,0,1.10863,2.96352,9.13716e+06,4.02164e+06,1.31127e+07,0,0,0,7.73942e+07
44.8492,110.355,5.39181,0.28,0.04,3.16717,3.24301,0,0.593463,6.048,4.39666e+06,3.00878e+06,1.3925e+07,0,0,0,2.73962e+08,58.6802,61.308,4.57453,1,0,1.43525,1.46962,0,1.10875,2.96352,9.13716e+06,4.02164e+06,1.31141e+07,0,0,0,7.73942e+07
47.7212,110.355,6.09191,0.24,0.04,3.16751,3.24336,0,0.593527,6.048,4.39666e+06,3.00878e+06,1.39265e+07,0,0,0,2.73962e+08,61.1819,61.308,6.16611,1,0,1.4354,1.46978,0,1.10887,2.96352,9.13716e+06,4.02164e+06,1.31155e+07,0,0,0,7.73942e+07
52.2653,110.355,7.97091,0.24,0.04,3.26708,3.34531,0,0.593592,6.048,4.39666e+06,3.00878e+06,1.43642e+07,0,0,0,2.73962e+08,62.3362,61.308,6.85051,1,0,1.48197,1.51746,0,1.10899,2.96352,9.13716e+06,4.02164e+06,1.3541e+07,0,0,0,7.73942e+07
55.2347,110.355,6.50233,0.19,0.04,3.2674,3.34564,0,0.612251,6.048,4.39666e+06,3.00878e+06,1.43657e+07,0,0,0,2.73962e+08,62.3362,61.308,5.64017,1,0,1.48212,1.51761,0,1.14497,2.96352,9.13716e+06,4.02164e+06,1.35423e+07,0,0,0,7.73942e+07
56.2976,110.355,4.5232,0.21,0.04,3.26773,3.34598,0,0.612311,6.048,4.39666e+06,3.00878e+06,1.43671e+07,0,0,0,2.73962e+08,62.3362,61.308,4.15322,1,0,1.48226,1.51776,0,1.14508,2.96352,9.13716e+06,4.02164e+06,1.35437e+07,0,0,0,7.73942e+07
57.9874,110.355,5.0765,0.16,0.04,3.26805,3.34631,0,0.612372,6.048,4.39666e+06,3.00878e+06,1.43685e+07,0,0,0,2.73962e+08,62.3362,61.308,4.9083,1,0,1.48241,1.51791,0,1.1452,2.96352,9.13716e+06,4.02164e+06,1.3545e+07,0,0,0,7.73942e+07
58.9132,110.355,4.58999,0.16,0.04,3.58717,3.67306,0,0.612433,6.048,4.39666e+06,3.00878e+06,1.57716e+07,0,0,0,2.73962e+08,62.3362,61.308,3.57958,1,0,1.65688,1.69655,0,1.14531,2.96352,9.13716e+06,4.02164e+06,1.51391e+07,0,0,0,7.73942e+07
59.6402,110.355,4.44645,0.16,0.04,3.58752,3.67343,0,0.672235,6.048,4.39666e+06,3.00878e+06,1.57731e+07,0,0,0,2.73962e+08,62.3362,61.308,4.16076,1,0,1.65704,1.69672,0,1.2801,2.96352,9.13716e+06,4.02164e+06,1.51406e+07,0,0,0,7.73942e+07
62.2059,110.355,6.36656,0.17,0.04,3.58788,3.67379,0,0.672302,6.048,4.39666e+06,3.00878e+06,1.57747e+07,0,0,0,2.73962e+08,62.3362,61.308,4.03409,1,0,1.65721,1.69689,0,1.28023,2.96352,9.13716e+06,4.02164e+06,1.51422e+07,0,0,0,7.73942e+07
64.1543,110.355,5.82205,0.11,0.04,3.58824,3.67416,0,0.672369,6.048,4.39666e+06,3.00878e+06,1.57763e+07,0,0,0,2.73962e+08,62.3362,61.308,5.19827,1,0,1.65737,1.69706,0,1.28036,2.96352,9.13716e+06,4.02164e+06,1.51437e+07,0,0,0,7.73942e+07
64.0617,110.355,3.27058,0.14,0.04,3.13372,3.20876,0,0.672436,6.048,4.39666e+06,3.00878e+06,1.37779e+07,0,0,0,2.73962e+08,62.3362,61.308,3.74239,1,0,1.42351,1.45759,0,1.28048,2.96352,9.13716e+06,4.02164e+06,1.30068e+07,0,0,0,7.73942e+07
65.0181,110.355,4.37612,0.14,0.04,3.13403,3.20907,0,0.587258,6.048,4.39666e+06,3.00878e+06,1.37793e+07,0,0,0,2.73962e+08,62.3362,61.308,3.80326,1,0,1.42365,1.45774,0,1.0998,2.96352,9.13716e+06,4.02164e+06,1.30081e+07,0,0,0,7.73942e+07
65.7748,110.355,4.35037,0.15,0.04,3.13434,3.20939,0,0.587317,6.048,4.39666e+06,3.00878e+06,1.37806e+07,0,0,0,2.73962e+08,62.3362,61.308,4.47257,1,0,1.42379,1.45788,0,1.09991,2.96352,9.13716e+06,4.02164e+06,1.30094e+07,0,0,0,7.73942e+07
67.1464,110.355,4.87123,0.16,0.04,3.13465,3.20971,0,0.587375,6.048,4.39666e+06,3.00878e+06,1.3782e+07,0,0,0,2.73962e+08,62.3362,61.308,3.33182,1,0,1.42393,1.45803,0,1.10002,2.96352,9.13716e+06,4.02164e+06,1.30107e+07,0,0,0,7.73942e+07
67.8395,110.355,4.09575,0.18,0.04,3.13496,3.21003,0,0.587433,6.048,4.39666e+06,3.00878e+06,1.37834e+07,0,0,0,2.73962e+08,62.1342,61.308,2.80039,1,0,1.42407,1.45817,0,1.10013,2.96352,9.13716e+06,4.02164e+06,1.3012e+07,0,0,0,7.73942e+07
67.4503,110.355,3.13237,0.1,0.04,3.24983,3.32765,0,0.587492,6.048,4.39666e+06,3.00878e+06,1.42884e+07,0,0,0,2.73962e+08,62.232,61.308,2.34266,1,0,1.48149,1.51697,0,1.10024,2.96352,9.13716e+06,4.02164e+06,1.35366e+07,0,0,0,7.73942e+07
66.5173,110.355,2.50935,0.17,0.04,3.25015,3.32798,0,0.609018,6.048,4.39666e+06,3.00878e+06,1.42898e+07,0,0,0,2.73962e+08,62.2954,61.308,2.22234,1,0,1.48164,1.51712,0,1.1446,2.96352,9.13716e+06,4.02164e+06,1.3538e+07,0,0,0,7.73942e+07
65.7443,110.355,2.65619,0.17,0.04,3.25048,3.32831,0,0.609079,6.048,4.39666e+06,3.00878e+06,1.42912e+07,0,0,0,2.73962e+08,62.2726,61.308,2.18386,1,0,1.48179,1.51727,0,1.14472,2.96352,9.13716e+06,4.02164e+06,1.35393e+07,0,0,0,7.73942e+07
65.0428,110.355,2.69634,0.14,0.04,3.2508,3.32864,0,0.609139,6.048,4.39666e+06,3.00878e+06,1.42927e+07,0,0,0,2.73962e+08,62.1661,61.308,2.1771,1,0,1.48194,1.51742,0,1.14483,2.96352,9.13716e+06,4.02164e+06,1.35407e+07,0,0,0,7.73942e+07
64.2424,110.355,2.5656,0.14,0.04,3.20631,3.28309,0,0.6092,6.048,4.39666e+06,3.00878e+06,1.40971e+07,0,0,0,2.73962e+08,62.0565,61.308,2.26018,1,0,1.45983,1.49478,0,1.14494,2.96352,9.13716e+06,4.02164e+06,1.33387e+07,0,0,0,7.73942e+07
63.2791,110.355,2.32476,0.13,0.04,3.20663,3.28342,0,0.600863,6.048,4.39666e+06,3.00878e+06,1.40985e+07,0,0,0,2.73962e+08,62.0531,61.308,2.00005,1,0,1.45997,1.49493,0,1.12786,2.96352,9.13716e+06,4.02164e+06,1.334e+07,0,0,0,7.73942e+07
62.2876,110.355,2.25649,0.13,0.04,3.20695,3.28374,0,0.600923,6.048,4.39666e+06,3.00878e+06,1.40999e+07,0,0,0,2.73962e+08,61.9663,61.308,2.15076,1,0,1.46012,1.49508,0,1.12797,2.96352,9.13716e+06,4.02164e+06,1.33413e+07,0,0,0,7.73942e+07
61.1601,110.355,2.09636,0.12,0.04,3.20727,3.28407,0,0.600982,6.048,4.39666e+06,3.00878e+06,1.41013e+07,0,0,0,2.73962e+08,61.9198,61.308,1.96314,1,0,1.46026,1.49523,0,1.12809,2.96352,9.13716e+06,4.02164e+06,1.33426e+07,0,0,0,7.73942e+07
60.002,110.355,2.13402,0.14,0.04,3.35974,3.4402,0,0.601042,6.048,4.39666e+06,3.00878e+06,1.47717e+07,0,0,0,2.73962e+08,61.9182,61.308,2.15555,1,0,1.53936,1.57623,0,1.1282,2.96352,9.13716e+06,4.02164e+06,1.40654e+07,0,0,0,7.73942e+07
58.8173,110.355,2.08138,0.14,0.04,3.36008,3.44054,0,0.629616,6.048,4.39666e+06,3.00878e+06,1.47731e+07,0,0,0,2.73962e+08,61.9738,61.308,2.16607,1,0,1.53952,1.57638,0,1.18931,2.96352,9.13716e+06,4.02164e+06,1.40668e+07,0,0,0,7.73942e+07
57.5485,110.355,1.97336,0.14,0.04,3.36041,3.44088,0,0.629679,6.048,4.39666e+06,3.00878e+06,1.47746e+07,0,0,0,2.73962e+08,61.9341,61.308,2.08565,1,0,1.53967,1.57654,0,1.18943,2.96352,9.13716e+06,4.02164e+06,1.40682e+07,0,0,0,7.73942e+07
56.1829,110.355,1.84259,0.13,0.04,3.36075,3.44122,0,0.629741,6.048,4.39666e+06,3.00878e+06,1.47761e+07,0,0,0,2.73962e+08,61.9547,61.308,1.96582,1,0,1.53982,1.57669,0,1.18955,2.96352,9.13716e+06,4.02164e+06,1.40696e+07,0,0,0,7.73942e+07
54.9142,110.355,1.87213,0.13,0.04,3.36108,3.44156,0,0.629804,6.048,4.39666e+06,3.00878e+06,1.47775e+07,0,0,0,2.73962e+08,62.0749,61.308,2.58632,1,0,1.53998,1.57685,0,1.18967,2.96352,9.13716e+06,4.02164e+06,1.4071e+07,0,0,0,7.73942e+07
53.7254,110.355,1.9124,0.19,0.04,3.33131,3.41108,0,0.629866,6.048,4.39666e+06,3.00878e+06,1.46466e+07,0,0,0,2.73962e+08,62.2489,61.308,2.88808,1,0,1.58355,1.62147,0,1.18979,2.96352,9.13716e+06,4.02164e+06,1.44691e+07,0,0,0,7.73942e+07
52.418,110.355,1.77503,0.18,0.04,3.33164,3.41142,0,0.624287,6.048,4.39666e+06,3.00878e+06,1.46481e+07,0,0,0,2.73962e+08,62.3362,61.308,2.82276,1,0,1.5837,1.62163,0,1.22345,2.96352,9.13716e+06,4.02164e+06,1.44705e+07,0,0,0,7.73942e+07
50.9773,110.355,1.6178,0.16,0.04,3.33197,3.41176,0,0.624349,6.048,4.39666e+06,3.00878e+06,1.46495e+07,0,0,0,2.73962e+08,62.3362,61.308,2.58758,1,0,1.58386,1.62179,0,1.22357,2.96352,9.13716e+06,4.02164e+06,1.4472e+07,0,0,0,7.73942e+07
49.4599,110.355,1.49895,0.14,0.04,3.3323,3.41209,0,0.624411,6.048,4.39666e+06,3.00878e+06,1.4651e+07,0,0,0,2.73962e+08,62.3362,61.308,2.43251,1,0,1.58402,1.62195,0,1.22369,2.96352,9.13716e+06,4.02164e+06,1.44734e+07,0,0,0,7.73942e+07
48.2064,110.355,1.80607,0.23,0.04,3.41041,3.49207,0,0.624473,6.048,4.39666e+06,3.00878e+06,1.49944e+07,0,0,0,2.73962e+08,62.3362,61.308,2.95634,1,0,1.62289,1.66175,0,1.22381,2.96352,9.13716e+06,4.02164e+06,1.48286e+07,0,0,0,7.73942e+07
46.8599,110.355,1.67196,0.2,0.04,3.41075,3.49242,0,0.63911,6.048,4.39666e+06,3.00878e+06,1.49959e+07,0,0,0,2.73962e+08,62.3362,61.308,2.9504,1,0,1.62305,1.66191,0,1.25384,2.96352,9.13716e+06,4.02164e+06,1.483e+07,0,0,0,7.73942e+07
45.4215,110.355,1.54918,0.2,0.04,3.41108,3.49277,0,0.639174,6.048,4.39666e+06,3.00878e+06,1.49974e+07,0,0,0,2.73962e+08,62.3362,61.308,2.64026,1,0,1.62321,1.66208,0,1.25397,2.96352,9.13716e+06,4.02164e+06,1.48315e+07,0,0,0,7.73942e+07
44.0491,110.355,1.57698,0.21,0.04,3.41142,3.49311,0,0.639237,6.048,4.39666e+06,3.00878e+06,1.49989e+07,0,0,0,2.73962e+08,62.3362,61.308,2.97396,1,0,1.62337,1.66224,0,1.25409,2.96352,9.13716e+06,4.02164e+06,1.4833e+07,0,0,0,7.73942e+07
42.5691,110.355,1.59549,0.23,0.04,3.63962,3.72677,0,0.639301,6.048,4.39666e+06,3.00878e+06,1.60022e+07,0,0,0,2.73962e+08,62.3362,61.308,2.77874,1,0,1.76331,1.80553,0,1.25421,2.96352,9.13716e+06,4.02164e+06,1.61116e+07,0,0,0,7.73942e+07
41.2726,110.355,1.75637,0.22,0.04,3.63998,3.72714,0,0.682065,6.048,4.39666e+06,3.00878e+06,1.60038e+07,0,0,0,2.73962e+08,62.3362,61.308,3.22802,1,0,1.76348,1.80571,0,1.36233,2.96352,9.13716e+06,4.02164e+06,1.61132e+07,0,0,0,7.73942e+07
39.6674,110.355,1.422,0.24,0.04,3.64034,3.72751,0,0.682132,6.048,4.39666e+06,3.00878e+06,1.60054e+07,0,0,0,2.73962e+08,62.3161,61.308,2.42382,1,0,1.76366,1.80589,0,1.36247,2.96352,9.13716e+06,4.02164e+06,1.61148e+07,0,0,0,7.73942e+07
38.3926,110.355,1.69202,0.23,0.04,3.6407,3.72788,0,0.6822,6.048,4.39666e+06,3.00878e+06,1.60069e+07,0,0,0,2.73962e+08,62.3362,61.308,3.97205,1,0,1.76383,1.80607,0,1.3626,2.96352,9.13716e+06,4.02164e+06,1.61164e+07,0,0,0,7.73942e+07
36.9555,110.355,1.49732,0.26,0.04,3.64106,3.72825,0,0.682268,6.048,4.39666e+06,3.00878e+06,1.60085e+07,0,0,0,2.73962e+08,62.3362,61.308,2.90277,1,0,1.76401,1.80625,0,1.36274,2.96352,9.13716e+06,4.02164e+06,1.6118e+07,0,0,0,7.73942e+07
35.6359,110.355,1.49434,0.26,0.04,3.53032,3.61486,0,0.682336,6.048,4.39666e+06,3.00878e+06,1.55216e+07,0,0,0,2.73962e+08,62.3362,61.308,4.47144,1,0,1.6793,1.71951,0,1.36287,2.96352,9.13716e+06,4.02164e+06,1.5344e+07,0,0,0,7.73942e+07
34.1878,110.355,1.32056,0.27,0.04,3.53067,3.61522,0,0.661582,6.048,4.39666e+06,3.00878e+06,1.55232e+07,0,0,0,2.73962e+08,62.3362,61.308,3.02716,1,0,1.67947,1.71968,0,1.29743,2.96352,9.13716e+06,4.02164e+06,1.53456e+07,0,0,0,7.73942e+07
32.5636,110.355,1.0828,0.27,0.04,3.53102,3.61558,0,0.661648,6.048,4.39666e+06,3.00878e+06,1.55247e+07,0,0,0,2.73962e+08,62.3362,61.308,2.41526,1,0,1.67964,1.71986,0,1.29756,2.96352,9.13716e+06,4.02164e+06,1.53471e+07,0,0,0,7.73942e+07
31.62,110.355,1.77186,0.31,0.04,3.53137,3.61593,0,0.661714,6.048,4.39666e+06,3.00878e+06,1.55263e+07,0,0,0,2.73962e+08,62.3362,61.308,3.31455,1,0,1.6798,1.72003,0,1.29769,2.96352,9.13716e+06,4.02164e+06,1.53486e+07,0,0,0,7.73942e+07
30.9986,110.355,2.02244,0.31,0.04,3.44049,3.52288,0,0.661779,6.048,4.39666e+06,3.00878e+06,1.51267e+07,0,0,0,2.73962e+08,62.3362,61.308,2.18305,1,0,1.60267,1.64105,0,1.29782,2.96352,9.13716e+06,4.02164e+06,1.46439e+07,0,0,0,7.73942e+07
32.3354,110.355,4.02578,0.3,0.04,3.44083,3.52323,0,0.644748,6.048,4.39666e+06,3.00878e+06,1.51282e+07,0,0,0,2.73962e+08,62.3362,61.308,5.28668,1,0,1.60283,1.64121,0,1.23823,2.96352,9.13716e+06,4.02164e+06,1.46453e+07,0,0,0,7.73942e+07
32.126,110.355,2.46486,0.31,0.04,3.44117,3.52358,0,0.644812,6.048,4.39666e+06,3.00878e+06,1.51297e+07,0,0,0,2.73962e+08,62.3362,61.308,4.65165,1,0,1.60299,1.64138,0,1.23835,2.96352,9.13716e+06,4.02164e+06,1.46468e+07,0,0,0,7.73942e+07
33.5465,110.355,4.27614,0.33,0.04,3.44152,3.52392,0,0.644876,6.048,4.39666e+06,3.00878e+06,1.51312e+07,0,0,0,2.73962e+08,62.3362,61.308,4.33969,1,0,1.60315,1.64154,0,1.23847,2.96352,9.13716e+06,4.02164e+06,1.46482e+07,0,0,0,7.73942e+07
35.4619,110.355,4.6105,0.28,0.04,3.18265,3.25886,0,0.64494,6.048,4.39666e+06,3.00878e+06,1.3993e+07,0,0,0,2.73962e+08,62.3362,61.308,3.39176,1,0,1.44226,1.4768,0,1.23859,2.96352,9.13716e+06,4.02164e+06,1.31782e+07,0,0,0,7.73942e+07
36.7862,110.355,4.07517,0.29,0.04,3.18296,3.25918,0,0.596428,6.048,4.39666e+06,3.00878e+06,1.39944e+07,0,0,0,2.73962e+08,62.3362,61.308,4.86422,1,0,1.44241,1.47695,0,1.11429,2.96352,9.13716e+06,4.02164e+06,1.31795e+07,0,0,0,7.73942e+07
37.7359,110.355,3.74625,0.3,0.04,3.18328,3.2595,0,0.596487,6.048,4.39666e+06,3.00878e+06,1.39958e+07,0,0,0,2.73962e+08,62.3362,61.308,4.43273,1,0,1.44255,1.47709,0,1.1144,2.96352,9.13716e+06,4.02164e+06,1.31808e+07,0,0,0,7.73942e+07
39.9763,110.355,5.10777,0.31,0.04,3.18359,3.25983,0,0.596546,6.048,4.39666e+06,3.00878e+06,1.39972e+07,0,0,0,2.73962e+08,62.3362,61.308,6.56777,1,0,1.44269,1.47724,0,1.11451,2.96352,9.13716e+06,4.02164e+06,1.31821e+07,0,0,0,7.73942e+07
42.1736,110.355,5.13191,0.26,0.04,3.18391,3.26015,0,0.596605,6.048,4.39666e+06,3.00878e+06,1.39986e+07,0,0,0,2.73962e+08,62.3362,61.308,6.36831,1,0,1.44284,1.47739,0,1.11462,2.96352,9.13716e+06,4.02164e+06,1.31834e+07,0,0,0,7.73942e+07
44.3456,110.355,5.47074,0.26,0.04,3.28396,3.3626,0,0.596665,6.048,4.39666e+06,3.00878e+06,1.44385e+07,0,0,0,5.84094e+08,62.3362,61.308,7.15709,1,0,1.48963,1.5253,0,1.11473,2.96352,9.13716e+06,4.02164e+06,1.3611e+07,0,0,0,7.73942e+07
48.1599,110.355,7.04629,0.28,0.04,3.28426,3.36291,0,0.615415,6.048,4.39666e+06,3.00878e+06,1.44398e+07,0,0,0,5.84094e+08,62.3362,61.308,9.23137,1,0,1.48976,1.52544,0,1.15089,2.96352,9.13716e+06,4.02164e+06,1.36122e+07,0,0,0,7.73942e+07
56.5302,110.355,12.3285,0.21,0.04,3.28456,3.36321,0,0.615471,6.048,4.39666e+06,3.00878e+06,1.44411e+07,0,0,0,5.84094e+08,62.3362,61.308,15.0812,1,0,1.4899,1.52558,0,1.15099,2.96352,9.13716e+06,4.02164e+06,1.36134e+07,0,0,0,7.73942e+07
65.5916,110.355,13.0954,0.14,0.04,3.28486,3.36352,0,0.615526,6.048,4.39666e+06,3.00878e+06,1.44424e+07,0,0,0,5.84094e+08,62.3362,61.308,10.754,1,0,1.49003,1.52571,0,1.1511,2.96352,9.13716e+06,4.02164e+06,1.36147e+07,0,0,0,7.73942e+07
69.3343,110.355,7.81892,0.08,0.04,3.60558,3.69192,0,0.615582,6.048,4.39666e+06,3.00878e+06,1.58525e+07,0,0,0,5.84094e+08,62.3362,61.308,8.04679,1,0,1.66538,1.70526,0,1.1512,2.96352,9.13716e+06,4.02164e+06,1.52169e+07,0,0,0,7.73942e+07
72.2923,110.355,7.12469,0.05,0.04,3.60591,3.69225,0,0.675686,6.048,4.39666e+06,3.00878e+06,1.5854e+07,0,0,0,5.84094e+08,62.3362,61.308,8.35085,1,0,1.66553,1.70542,0,1.28667,2.96352,9.13716e+06,4.02164e+06,1.52182e+07,0,0,0,7.73942e+07
81.8658,110.355,13.6724,0.05,0.04,3.60624,3.69259,0,0.675747,6.048,4.39666e+06,3.00878e+06,1.58554e+07,0,0,0,5.84094e+08,62.3362,61.308,12.1907,1,0,1.66568,1.70557,0,1.28679,2.96352,9.13716e+06,4.02164e+06,1.52196e+07,0,0,0,7.73942e+07
84.3051,110.355,7.03419,0.04,0.04,3.60656,3.69292,0,0.675809,6.048,4.39666e+06,3.00878e+06,1.58568e+07,0,0,0,5.84094e+08,62.3362,61.308,7.24371,1,0,1.66583,1.70572,0,1.28691,2.96352,9.13716e+06,4.02164e+06,1.5221e+07,0,0,0,7.73942e+07
87.8537,110.355,7.83964,0.04,0.04,3.14969,3.22512,0,0.67587,6.048,4.39666e+06,3.00878e+06,1.38481e+07,0,0,0,5.84094e+08,62.3362,61.308,8.20517,1,0,1.43076,1.46502,0,1.28702,2.96352,9.13716e+06,4.02164e+06,1.30731e+07,0,0,0,7.73942e+07
92.0415,110.355,8.43973,0.02,0.04,3.14998,3.22541,0,0.590253,6.048,4.39666e+06,3.00878e+06,1.38494e+07,0,0,0,5.84094e+08,62.3362,61.308,7.41328,1,0,1.43089,1.46516,0,1.10541,2.96352,9.13716e+06,4.02164e+06,1.30743e+07,0,0,0,7.73942e+07
102.224,110.355,14.5513,0,0.04,3.15026,3.2257,0,0.590306,6.048,4.39666e+06,3.00878e+06,1.38506e+07,0,0,0,5.84094e+08,62.3362,61.308,12.6023,1,0,1.43102,1.46529,0,1.10551,2.96352,9.13716e+06,4.02164e+06,1.30755e+07,0,0,0,7.73942e+07
108.689,110.355,10.8585,0,0.04,3.15055,3.22599,0,0.59036,6.048,4.39666e+06,3.00878e+06,1.38519e+07,0,0,0,5.84094e+08,62.3362,61.308,8.55471,1,0,1.43115,1.46542,0,1.10561,2.96352,9.13716e+06,4.02164e+06,1.30767e+07,0,0,0,7.73942e+07
110.355,110.355,8.70116,0,0.04,3.15084,3.22628,0,0.590413,6.048,4.39666e+06,3.00878e+06,1.38532e+07,0,0,0,5.84094e+08,62.3362,61.308,5.24598,1,0,1.43128,1.46556,0,1.10571,2.96352,9.13716e+06,4.02164e+06,1.30779e+07,0,0,0,7.73942e+07
110.355,110.355,9.91022,0,0.04,3.26626,3.34447,0,0.590467,6.048,4.39666e+06,3.00878e+06,1.43606e+07,0,0,0,5.84094e+08,62.3362,61.308,12.2159,1,0,1.48898,1.52464,0,1.10581,2.96352,9.13716e+06,4.02164e+06,1.36051e+07,0,0,0,7.73942e+07
110.355,110.355,8.04104,0,0.04,3.26655,3.34477,0,0.612097,6.048,4.39666e+06,3.00878e+06,1.43619e+07,0,0,0,5.84094e+08,62.3362,61.308,7.7488,1,0,1.48912,1.52478,0,1.15039,2.96352,9.13716e+06,4.02164e+06,1.36063e+07,0,0,0,7.73942e+07
110.355,110.355,8.64147,0,0.04,3.26685,3.34508,0,0.612152,6.048,4.39666e+06,3.00878e+06,1.43632e+07,0,0,0,5.84094e+08,62.3362,61.308,6.47321,1,0,1.48925,1.52491,0,1.15049,2.96352,9.13716e+06,4.02164e+06,1.36075e+07,0,0,0,7.73942e+07
110.355,110.355,7.40462,0,0.04,3.26715,3.34538,0,0.612208,6.048,4.39666e+06,3.00878e+06,1.43645e+07,0,0,0,5.84094e+08,62.3362,61.308,5.43557,1,0,1.48939,1.52505,0,1.1506,2.96352,9.13716e+06,4.02164e+06,1.36088e+07,0,0,0,7.73942e+07
110.355,110.355,6.00299,0,0.04,3.22241,3.29957,0,0.612263,6.048,4.39666e+06,3.00878e+06,1.41678e+07,0,0,0,5.84094e+08,62.3362,61.308,5.1841,1,0,1.46716,1.50229,0,1.1507,2.96352,9.13716e+06,4.02164e+06,1.34056e+07,0,0,0,7.73942e+07
110.355,110.355,5.25514,0,0.04,3.2227,3.29987,0,0.603879,6.048,4.39666e+06,3.00878e+06,1.41691e+07,0,0,0,5.84094e+08,62.3362,61.308,4.39559,1,0,1.46729,1.50242,0,1.13352,2.96352,9.13716e+06,4.02164e+06,1.34068e+07,0,0,0,7.73942e+07
110.355,110.355,4.97335,0,0.04,3.22299,3.30017,0,0.603934,6.048,4.39666e+06,3.00878e+06,1.41704e+07,0,0,0,5.84094e+08,62.3362,61.308,3.76618,1,0,1.46742,1.50256,0,1.13363,2.96352,9.13716e+06,4.02164e+06,1.34081e+07,0,0,0,7.73942e+07
110.355,110.355,4.57445,0,0.04,3.22328,3.30047,0,0.603989,6.048,4.39666e+06,3.00878e+06,1.41717e+07,0,0,0,5.84094e+08,62.3362,61.308,3.55787,1,0,1.46755,1.5027,0,1.13373,2.96352,9.13716e+06,4.02164e+06,1.34093e+07,0,0,0,7.73942e+07
110.355,110.355,4.60649,0,0.04,3.37649,3.45735,0,0.604044,6.048,4.39666e+06,3.00878e+06,1.48453e+07,0,0,0,5.84094e+08,62.3362,61.308,3.56497,1,0,1.54704,1.58408,0,1.13383,2.96352,9.13716e+06,4.02164e+06,1.41355e+07,0,0,0,7.73942e+07
110.355,110.355,4.49039,0,0.04,3.3768,3.45766,0,0.632755,6.048,4.39666e+06,3.00878e+06,1.48466e+07,0,0,0,5.84094e+08,62.3362,61.308,3.5594,1,0,1.54718,1.58423,0,1.19524,2.96352,9.13716e+06,4.02164e+06,1.41368e+07,0,0,0,7.73942e+07
110.355,110.355,4.18467,0,0.04,3.37711,3.45797,0,0.632812,6.048,4.39666e+06,3.00878e+06,1.4848e+07,0,0,0,5.84094e+08,62.3362,61.308,3.20337,1,0,1.54732,1.58437,0,1.19535,2.96352,9.13716e+06,4.02164e+06,1.41381e+07,0,0,0,7.73942e+07
110.355,110.355,3.91243,0,0.04,3.37741,3.45829,0,0.63287,6.048,4.39666e+06,3.00878e+06,1.48493e+07,0,0,0,5.84094e+08,62.3362,61.308,3.24497,1,0,1.54746,1.58451,0,1.19546,2.96352,9.13716e+06,4.02164e+06,1.41394e+07,0,0,0,7.73942e+07
109.752,110.355,3.15743,0,0.04,3.37772,3.4586,0,0.632927,6.048,4.39666e+06,3.00878e+06,1.48507e+07,0,0,0,5.84094e+08,62.3362,61.308,2.98039,1,0,1.5476,1.58466,0,1.19557,2.96352,9.13716e+06,4.02164e+06,1.41407e+07,0,0,0,7.73942e+07
108.246,110.355,2.1983,0,0.04,3.34777,3.42793,0,0.632984,6.048,4.39666e+06,3.00878e+06,1.4719e+07,0,0,0,5.84094e+08,62.2995,61.308,2.58151,1,0,1.59137,1.62948,0,1.19567,2.96352,9.13716e+06,4.02164e+06,1.45406e+07,0,0,0,7.73942e+07
106.515,110.355,2.01189,0,0.04,3.34807,3.42824,0,0.627372,6.048,4.39666e+06,3.00878e+06,1.47203e+07,0,0,0,5.84094e+08,62.157,61.308,2.34479,1,0,1.59152,1.62963,0,1.22949,2.96352,9.13716e+06,4.02164e+06,1.45419e+07,0,0,0,7.73942e+07
104.656,110.355,1.85464,0,0.04,3.34838,3.42856,0,0.627429,6.048,4.39666e+06,3.00878e+06,1.47217e+07,0,0,0,5.84094e+08,61.9802,61.308,2.26689,1,0,1.59166,1.62977,0,1.22961,2.96352,9.13716e+06,4.02164e+06,1.45432e+07,0,0,0,7.73942e+07
102.696,110.355,1.72538,0,0.04,3.34868,3.42887,0,0.627486,6.048,4.39666e+06,3.00878e+06,1.4723e+07,0,0,0,5.84094e+08,61.7269,61.308,2.12744,1,0,1.5918,1.62992,0,1.22972,2.96352,9.13716e+06,4.02164e+06,1.45446e+07,0,0,0,7.73942e+07
100.609,110.355,1.58417,0,0.04,3.42714,3.50921,0,0.627543,6.048,4.39666e+06,3.00878e+06,1.5068e+07,0,0,0,5.84094e+08,61.4636,61.308,1.9188,1,0,1.63085,1.6699,0,1.22983,2.96352,9.13716e+06,4.02164e+06,1.49013e+07,0,0,0,7.73942e+07
98.4978,110.355,1.54892,0.01,0.04,3.42745,3.50952,0,0.642246,6.048,4.39666e+06,3.00878e+06,1.50693e+07,0,0,0,5.84094e+08,61.1497,61.308,1.98116,1,0,1.631,1.67005,0,1.25999,2.96352,9.13716e+06,4.02164e+06,1.49027e+07,0,0,0,7.73942e+07
96.3093,110.355,1.44424,0.01,0.04,3.42776,3.50984,0,0.642305,6.048,4.39666e+06,3.00878e+06,1.50707e+07,0,0,0,5.84094e+08,60.752,61.308,1.87735,1,0,1.63114,1.6702,0,1.26011,2.96352,9.13716e+06,4.02164e+06,1.4904e+07,0,0,0,7.73942e+07
94.0269,110.355,1.32532,0.01,0.04,3.42807,3.51016,0,0.642363,6.048,4.39666e+06,3.00878e+06,1.50721e+07,0,0,0,5.84094e+08,60.3886,61.308,1.7625,1,0,1.63129,1.67035,0,1.26022,2.96352,9.13716e+06,4.02164e+06,1.49054e+07,0,0,0,7.73942e+07
91.6536,110.355,1.41209,0.02,0.04,3.65735,3.74493,0,0.642421,6.048,4.39666e+06,3.00878e+06,1.60801e+07,0,0,0,5.84094e+08,60.0001,61.308,1.99499,1,0,1.7719,1.81433,0,1.26034,2.96352,9.13716e+06,4.02164e+06,1.61901e+07,0,0,0,7.73942e+07
89.1961,110.355,1.32151,0.02,0.04,3.65768,3.74527,0,0.685388,6.048,4.39666e+06,3.00878e+06,1.60816e+07,0,0,0,5.84094e+08,59.4841,61.308,1.83648,1,0,1.77206,1.81449,0,1.36897,2.96352,9.13716e+06,4.02164e+06,1.61916e+07,0,0,0,7.73942e+07
86.544,110.355,1.13814,0.03,0.04,3.65801,3.74561,0,0.68545,6.048,4.39666e+06,3.00878e+06,1.6083e+07,0,0,0,5.84094e+08,58.987,61.308,1.61554,1,0,1.77222,1.81466,0,1.36909,2.96352,9.13716e+06,4.02164e+06,1.61931e+07,0,0,0,7.73942e+07
84.0168,110.355,1.22217,0.03,0.04,3.65835,3.74595,0,0.685512,6.048,4.39666e+06,3.00878e+06,1.60845e+07,0,0,0,5.84094e+08,58.6672,61.308,2.14533,1,0,1.77238,1.81482,0,1.36922,2.96352,9.13716e+06,4.02164e+06,1.61945e+07,0,0,0,7.73942e+07
81.5937,110.355,1.29044,0.04,0.04,3.65868,3.74629,0,0.685574,6.048,4.39666e+06,3.00878e+06,1.6086e+07,0,0,0,5.84094e+08,58.3795,61.308,2.47617,1,0,1.77254,1.81499,0,1.36934,2.96352,9.13716e+06,4.02164e+06,1.6196e+07,0,0,0,7.73942e+07
79.4959,110.355,1.56217,0.04,0.04,3.54737,3.63231,0,0.685636,6.048,4.39666e+06,3.00878e+06,1.55966e+07,0,0,0,5.84094e+08,58.0852,61.308,2.27467,1,0,1.68741,1.72782,0,1.36947,2.96352,9.13716e+06,4.02164e+06,1.54181e+07,0,0,0,7.73942e+07
78.6144,110.355,2.78808,0.04,0.04,3.54769,3.63264,0,0.664777,6.048,4.39666e+06,3.00878e+06,1.5598e+07,0,0,0,5.84094e+08,58.1546,61.308,2.99411,1,0,1.68756,1.72797,0,1.30369,2.96352,9.13716e+06,4.02164e+06,1.54195e+07,0,0,0,7.73942e+07
76.3929,110.355,1.42468,0.04,0.04,3.54801,3.63297,0,0.664837,6.048,4.39666e+06,3.00878e+06,1.55994e+07,0,0,0,5.84094e+08,57.8622,61.308,2.23759,1,0,1.68772,1.72813,0,1.30381,2.96352,9.13716e+06,4.02164e+06,1.54209e+07,0,0,0,7.73942e+07
74.6794,110.355,1.97765,0.04,0.04,3.54833,3.6333,0,0.664897,6.048,4.39666e+06,3.00878e+06,1.56008e+07,0,0,0,5.84094e+08,57.675,61.308,2.52835,1,0,1.68787,1.72829,0,1.30393,2.96352,9.13716e+06,4.02164e+06,1.54223e+07,0,0,0,7.73942e+07
74.8789,110.355,3.82786,0.04,0.04,3.45698,3.53976,0,0.664957,6.048,4.39666e+06,3.00878e+06,1.51992e+07,0,0,0,5.84094e+08,58.3955,61.308,4.36264,1,0,1.61036,1.64892,0,1.30405,2.96352,9.13716e+06,4.02164e+06,1.47141e+07,0,0,0,7.73942e+07
77.2243,110.355,6.18282,0.04,0.04,3.4573,3.54008,0,0.647839,6.048,4.39666e+06,3.00878e+06,1.52006e+07,0,0,0,5.84094e+08,59.2828,61.308,4.8991,1,0,1.6105,1.64907,0,1.24416,2.96352,9.13716e+06,4.02164e+06,1.47154e+07,0,0,0,7.73942e+07
79.0256,110.355,5.64178,0.04,0.04,3.45761,3.5404,0,0.647897,6.048,4.39666e+06,3.00878e+06,1.52019e+07,0,0,0,5.84094e+08,59.9121,61.308,5.13972,1,0,1.61065,1.64922,0,1.24427,2.96352,9.13716e+06,4.02164e+06,1.47167e+07,0,0,0,7.73942e+07
83.7423,110.355,8.79573,0.04,0.04,3.45792,3.54073,0,0.647956,6.048,4.39666e+06,3.00878e+06,1.52033e+07,0,0,0,5.84094e+08,61.3104,61.308,7.35699,1,0,1.61079,1.64937,0,1.24439,2.96352,9.13716e+06,4.02164e+06,1.47181e+07,0,0,0,7.73942e+07
87.2082,110.355,7.34744,0.04,0.04,3.19779,3.27436,0,0.648015,6.048,4.39666e+06,3.00878e+06,1.40596e+07,0,0,0,5.84094e+08,62.3362,61.308,7.87568,1,0,1.44913,1.48383,0,1.2445,2.96352,9.13716e+06,4.02164e+06,1.32409e+07,0,0,0,7.73942e+07
92.0157,110.355,8.92669,0.04,0.04,3.19808,3.27466,0,0.599266,6.048,4.39666e+06,3.00878e+06,1.40609e+07,0,0,0,5.84094e+08,62.3362,61.308,6.967,1,0,1.44926,1.48396,0,1.11959,2.96352,9.13716e+06,4.02164e+06,1.32421e+07,0,0,0,7.73942e+07
95.3449,110.355,7.43346,0.02,0.04,3.19837,3.27496,0,0.59932,6.048,4.39666e+06,3.00878e+06,1.40622e+07,0,0,0,5.84094e+08,62.3362,61.308,8.70004,1,0,1.44939,1.4841,0,1.1197,2.96352,9.13716e+06,4.02164e+06,1.32433e+07,0,0,0,7.73942e+07
97.92,110.355,6.58148,0.02,0.04,3.19866,3.27525,0,0.599375,6.048,4.39666e+06,3.00878e+06,1.40634e+07,0,0,0,5.84094e+08,62.3362,61.308,12.8271,1,0,1.44952,1.48423,0,1.1198,2.96352,9.13716e+06,4.02164e+06,1.32445e+07,0,0,0,7.73942e+07
100.071,110.355,6.21877,0.01,0.04,3.19895,3.27555,0,0.599429,6.048,4.39666e+06,3.00878e+06,1.40647e+07,0,0,0,5.84094e+08,62.3362,61.308,12.8403,1,0,1.44965,1.48436,0,1.1199,2.96352,9.13716e+06,4.02164e+06,1.32457e+07,0,0,0,7.73942e+07
99.5959,110.355,3.46057,0.02,0.04,3.29945,3.37846,0,0.599483,6.048,4.39666e+06,3.00878e+06,1.45066e+07,0,0,0,5.84094e+08,62.3362,61.308,3.82832,1,0,1.49665,1.53249,0,1.12,2.96352,9.13716e+06,4.02164e+06,1.36752e+07,0,0,0,7.73942e+07
100.228,110.355,4.63272,0.01,0.04,3.29972,3.37874,0,0.618317,6.048,4.39666e+06,3.00878e+06,1.45078e+07,0,0,0,5.84094e+08,62.3362,61.308,6.26801,1,0,1.49678,1.53262,0,1.15631,2.96352,9.13716e+06,4.02164e+06,1.36763e+07,0,0,0,7.73942e+07
98.9915,110.355,2.68845,0.01,0.04,3.29999,3.37901,0,0.618368,6.048,4.39666e+06,3.00878e+06,1.45089e+07,0,0,0,5.84094e+08,62.3362,61.308,4.25167,1,0,1.4969,1.53274,0,1.15641,2.96352,9.13716e+06,4.02164e+06,1.36774e+07,0,0,0,7.73942e+07
97.2968,110.355,2.18895,0.01,0.04,3.30026,3.37929,0,0.618419,6.048,4.39666e+06,3.00878e+06,1.45101e+07,0,0,0,5.84094e+08,62.3362,61.308,3.68728,1,0,1.49702,1.53287,0,1.1565,2.96352,9.13716e+06,4.02164e+06,1.36785e+07,0,0,0,7.73942e+07
94.7218,110.355,1.56103,0.01,0.04,3.62246,3.7092,0,0.618469,6.048,4.39666e+06,3.00878e+06,1.59267e+07,0,0,0,5.84094e+08,62.3362,61.308,2.69149,1,0,1.67318,1.71324,0,1.1566,2.96352,9.13716e+06,4.02164e+06,1.52881e+07,0,0,0,7.73942e+07
93.1558,110.355,2.56218,0.03,0.04,3.62276,3.70951,0,0.678849,6.048,4.39666e+06,3.00878e+06,1.5928e+07,0,0,0,5.84094e+08,62.3362,61.308,4.28722,1,0,1.67332,1.71338,0,1.2927,2.96352,9.13716e+06,4.02164e+06,1.52894e+07,0,0,0,7.73942e+07
92.0596,110.355,3.08305,0.02,0.04,3.62306,3.70981,0,0.678905,6.048,4.39666e+06,3.00878e+06,1.59294e+07,0,0,0,5.84094e+08,62.3208,61.308,3.86936,1,0,1.67345,1.71353,0,1.2928,2.96352,9.13716e+06,4.02164e+06,1.52906e+07,0,0,0,7.73942e+07
89.6701,110.355,1.62941,0.01,0.04,3.62336,3.71012,0,0.678961,6.048,4.39666e+06,3.00878e+06,1.59307e+07,0,0,0,5.84094e+08,62.1975,61.308,2.30809,1,0,1.67359,1.71367,0,1.29291,2.96352,9.13716e+06,4.02164e+06,1.52919e+07,0,0,0,7.73942e+07
88.9492,110.355,3.00788,0.03,0.04,3.16433,3.2401,0,0.679017,6.048,4.39666e+06,3.00878e+06,1.39125e+07,0,0,0,5.84094e+08,62.3362,61.308,4.31051,1,0,1.43741,1.47183,0,1.29302,2.96352,9.13716e+06,4.02164e+06,1.31339e+07,0,0,0,7.73942e+07
91.3725,110.355,6.30094,0.03,0.04,3.16459,3.24037,0,0.592996,6.048,4.39666e+06,3.00878e+06,1.39136e+07,0,0,0,5.84094e+08,62.3362,61.308,9.11408,1,0,1.43753,1.47195,0,1.11055,2.96352,9.13716e+06,4.02164e+06,1.3135e+07,0,0,0,7.73942e+07
93.131,110.355,5.59624,0.01,0.04,3.16485,3.24064,0,0.593045,6.048,4.39666e+06,3.00878e+06,1.39148e+07,0,0,0,5.84094e+08,62.3362,61.308,6.02653,1,0,1.43765,1.47208,0,1.11064,2.96352,9.13716e+06,4.02164e+06,1.3136e+07,0,0,0,7.73942e+07
93.2837,110.355,4.01034,0,0.04,3.16511,3.2409,0,0.593093,6.048,4.39666e+06,3.00878e+06,1.39159e+07,0,0,0,5.84094e+08,62.3362,61.308,4.77628,1,0,1.43777,1.4722,0,1.11073,2.96352,9.13716e+06,4.02164e+06,1.31371e+07,0,0,0,7.73942e+07
93.0076,110.355,3.49532,0.01,0.04,3.16537,3.24117,0,0.593142,6.048,4.39666e+06,3.00878e+06,1.39171e+07,0,0,0,5.84094e+08,62.3362,61.308,5.54398,1,0,1.43789,1.47232,0,1.11082,2.96352,9.13716e+06,4.02164e+06,1.31382e+07,0,0,0,7.73942e+07
92.4283,110.355,3.31005,0.01,0.04,3.2813,3.35987,0,0.593191,6.048,4.39666e+06,3.00878e+06,1.44268e+07,0,0,0,5.84094e+08,62.3362,61.308,5.11861,1,0,1.49584,1.53166,0,1.11091,2.96352,9.13716e+06,4.02164e+06,1.36677e+07,0,0,0,7.73942e+07
91.4573,110.355,2.89092,0.01,0.04,3.28157,3.36015,0,0.614915,6.048,4.39666e+06,3.00878e+06,1.44279e+07,0,0,0,5.84094e+08,62.3362,61.308,4.13749,1,0,1.49596,1.53178,0,1.15569,2.96352,9.13716e+06,4.02164e+06,1.36688e+07,0,0,0,7.73942e+07
90.3478,110.355,2.68676,0,0.04,3.28184,3.36042,0,0.614966,6.048,4.39666e+06,3.00878e+06,1.44291e+07,0,0,0,5.84094e+08,62.3362,61.308,3.71775,1,0,1.49609,1.53191,0,1.15578,2.96352,9.13716e+06,4.02164e+06,1.367e+07,0,0,0,7.73942e+07
89.1164,110.355,2.46989,0,0.04,3.28211,3.3607,0,0.615017,6.048,4.39666e+06,3.00878e+06,1.44303e+07,0,0,0,5.84094e+08,62.3362,61.308,3.63893,1,0,1.49621,1.53204,0,1.15588,2.96352,9.13716e+06,4.02164e+06,1.36711e+07,0,0,0,7.73942e+07
87.9646,110.355,2.5479,0.01,0.04,3.23714,3.31465,0,0.615067,6.048,4.39666e+06,3.00878e+06,1.42326e+07,0,0,0,5.84094e+08,62.3362,61.308,3.16157,1,0,1.47386,1.50915,0,1.15597,2.96352,9.13716e+06,4.02164e+06,1.34669e+07,0,0,0,7.73942e+07
86.7284,110.355,2.32018,0.01,0.04,3.23741,3.31493,0,0.60664,6.048,4.39666e+06,3.00878e+06,1.42338e+07,0,0,0,5.84094e+08,62.3362,61.308,2.802,1,0,1.47398,1.50928,0,1.13871,2.96352,9.13716e+06,4.02164e+06,1.3468e+07,0,0,0,7.73942e+07
85.4671,110.355,2.26101,0.01,0.04,3.23767,3.3152,0,0.60669,6.048,4.39666e+06,3.00878e+06,1.42349e+07,0,0,0,5.84094e+08,62.3362,61.308,3.05694,1,0,1.4741,1.5094,0,1.1388,2.96352,9.13716e+06,4.02164e+06,1.34691e+07,0,0,0,7.73942e+07
84.0782,110.355,2.11077,0,0.04,3.23794,3.31547,0,0.60674,6.048,4.39666e+06,3.00878e+06,1.42361e+07,0,0,0,5.84094e+08,62.3362,61.308,2.82591,1,0,1.47423,1.50953,0,1.13889,2.96352,9.13716e+06,4.02164e+06,1.34702e+07,0,0,0,7.73942e+07
82.5434,110.355,2.01606,0.02,0.04,3.39181,3.47303,0,0.606789,6.048,4.39666e+06,3.00878e+06,1.49127e+07,0,0,0,5.84094e+08,62.3362,61.308,2.57665,1,0,1.55406,1.59127,0,1.13899,2.96352,9.13716e+06,4.02164e+06,1.41997e+07,0,0,0,7.73942e+07
80.7764,110.355,1.75644,0.03,0.04,3.39209,3.47332,0,0.635626,6.048,4.39666e+06,3.00878e+06,1.49139e+07,0,0,0,5.84094e+08,62.3362,61.308,2.52996,1,0,1.55419,1.5914,0,1.20066,2.96352,9.13716e+06,4.02164e+06,1.42008e+07,0,0,0,7.73942e+07
78.972,110.355,1.69948,0.02,0.04,3.39237,3.4736,0,0.635678,6.048,4.39666e+06,3.00878e+06,1.49151e+07,0,0,0,5.84094e+08,62.3362,61.308,2.51567,1,0,1.55431,1.59153,0,1.20076,2.96352,9.13716e+06,4.02164e+06,1.4202e+07,0,0,0,7.73942e+07
77.0812,110.355,1.59166,0.02,0.04,3.39265,3.47389,0,0.63573,6.048,4.39666e+06,3.00878e+06,1.49163e+07,0,0,0,5.84094e+08,62.3362,61.308,2.30024,1,0,1.55444,1.59166,0,1.20086,2.96352,9.13716e+06,4.02164e+06,1.42032e+07,0,0,0,7.73942e+07
75.0729,110.355,1.3988,0.03,0.04,3.39293,3.47418,0,0.635783,6.048,4.39666e+06,3.00878e+06,1.49176e+07,0,0,0,5.84094e+08,62.2358,61.308,2.21622,1,0,1.55457,1.59179,0,1.20096,2.96352,9.13716e+06,4.02164e+06,1.42043e+07,0,0,0,7.73942e+07
72.7654,110.355,1.02009,0.03,0.04,3.36282,3.44334,0,0.635835,6.048,4.39666e+06,3.00878e+06,1.47852e+07,0,0,0,5.84094e+08,61.9505,61.308,1.89461,1,0,1.59852,1.6368,0,1.20106,2.96352,9.13716e+06,4.02164e+06,1.4606e+07,0,0,0,7.73942e+07
70.3879,110.355,0.92245,0.06,0.04,3.36309,3.44363,0,0.630192,6.048,4.39666e+06,3.00878e+06,1.47864e+07,0,0,0,5.84094e+08,61.6227,61.308,1.69425,1,0,1.59866,1.63694,0,1.23502,2.96352,9.13716e+06,4.02164e+06,1.46072e+07,0,0,0,7.73942e+07
68.0172,110.355,0.875738,0.05,0.04,3.36337,3.44391,0,0.630244,6.048,4.39666e+06,3.00878e+06,1.47876e+07,0,0,0,5.84094e+08,61.1667,61.308,1.66628,1,0,1.59879,1.63707,0,1.23512,2.96352,9.13716e+06,4.02164e+06,1.46084e+07,0,0,0,7.73942e+07
65.582,110.355,0.779074,0.05,0.04,3.36365,3.44419,0,0.630296,6.048,4.39666e+06,3.00878e+06,1.47888e+07,0,0,0,5.84094e+08,60.7673,61.308,1.59873,1,0,1.59892,1.63721,0,1.23522,2.96352,9.13716e+06,4.02164e+06,1.46096e+07,0,0,0,7.73942e+07
63.14,110.355,0.813554,0.06,0.04,3.44243,3.52486,0,0.630347,6.048,4.39666e+06,3.00878e+06,1.51352e+07,0,0,0,5.84094e+08,60.3697,61.308,1.76817,1,0,1.63812,1.67735,0,1.23532,2.96352,9.13716e+06,4.02164e+06,1.49678e+07,0,0,0,7.73942e+07
60.7203,110.355,0.805267,0.05,0.04,3.44271,3.52515,0,0.645111,6.048,4.39666e+06,3.00878e+06,1.51364e+07,0,0,0,5.84094e+08,59.9016,61.308,1.81966,1,0,1.63826,1.67749,0,1.26561,2.96352,9.13716e+06,4.02164e+06,1.4969e+07,0,0,0,7.73942e+07
58.2324,110.355,0.704627,0.11,0.04,3.443,3.52544,0,0.645164,6.048,4.39666e+06,3.00878e+06,1.51377e+07,0,0,0,5.84094e+08,59.3405,61.308,1.68099,1,0,1.63839,1.67763,0,1.26572,2.96352,9.13716e+06,4.02164e+06,1.49703e+07,0,0,0,7.73942e+07
55.7255,110.355,0.650062,0.11,0.04,3.44328,3.52573,0,0.645218,6.048,4.39666e+06,3.00878e+06,1.51389e+07,0,0,0,5.84094e+08,58.7316,61.308,1.6127,1,0,1.63853,1.67776,0,1.26582,2.96352,9.13716e+06,4.02164e+06,1.49715e+07,0,0,0,7.73942e+07
53.0892,110.355,0.650007,0.17,0.04,3.67354,3.76151,0,0.645271,6.048,4.39666e+06,3.00878e+06,1.61513e+07,0,0,0,5.84094e+08,58.0965,61.308,1.57692,1,0,1.77974,1.82236,0,1.26593,2.96352,9.13716e+06,4.02164e+06,1.62618e+07,0,0,0,7.73942e+07
50.6319,110.355,0.792848,0.16,0.04,3.67385,3.76182,0,0.688422,6.048,4.39666e+06,3.00878e+06,1.61527e+07,0,0,0,5.84094e+08,57.4413,61.308,1.65858,1,0,1.77989,1.82251,0,1.37503,2.96352,9.13716e+06,4.02164e+06,1.62631e+07,0,0,0,7.73942e+07
48.1279,110.355,0.714958,0.15,0.04,3.67415,3.76213,0,0.688479,6.048,4.39666e+06,3.00878e+06,1.6154e+07,0,0,0,5.84094e+08,56.8239,61.308,1.59025,1,0,1.78004,1.82266,0,1.37514,2.96352,9.13716e+06,4.02164e+06,1.62645e+07,0,0,0,7.73942e+07
45.6877,110.355,0.720578,0.19,0.04,3.67445,3.76244,0,0.688535,6.048,4.39666e+06,3.00878e+06,1.61553e+07,0,0,0,5.84094e+08,56.4558,61.308,1.73264,1,0,1.78018,1.82281,0,1.37526,2.96352,9.13716e+06,4.02164e+06,1.62658e+07,0,0,0,7.73942e+07
43.3034,110.355,0.729437,0.2,0.04,3.67475,3.76275,0,0.688592,6.048,4.39666e+06,3.00878e+06,1.61566e+07,0,0,0,5.84094e+08,55.9494,61.308,2.02377,1,0,1.78033,1.82296,0,1.37537,2.96352,9.13716e+06,4.02164e+06,1.62672e+07,0,0,0,7.73942e+07
40.8415,110.355,0.535688,0.24,0.04,3.56292,3.64824,0,0.688648,6.048,4.39666e+06,3.00878e+06,1.5665e+07,0,0,0,5.84094e+08,55.2659,61.308,1.66713,1,0,1.69481,1.73539,0,1.37548,2.96352,9.13716e+06,4.02164e+06,1.54857e+07,0,0,0,7.73942e+07
38.3823,110.355,0.468592,0.26,0.04,3.56322,3.64854,0,0.667692,6.048,4.39666e+06,3.00878e+06,1.56663e+07,0,0,0,5.84094e+08,54.7712,61.308,1.51487,1,0,1.69495,1.73554,0,1.30941,2.96352,9.13716e+06,4.02164e+06,1.5487e+07,0,0,0,7.73942e+07
36.1846,110.355,0.663789,0.28,0.04,3.56351,3.64884,0,0.667747,6.048,4.39666e+06,3.00878e+06,1.56675e+07,0,0,0,5.84094e+08,54.4851,61.308,1.98027,1,0,1.69509,1.73568,0,1.30952,2.96352,9.13716e+06,4.02164e+06,1.54883e+07,0,0,0,7.73942e+07
34.579,110.355,1.22908,0.29,0.04,3.5638,3.64914,0,0.667801,6.048,4.39666e+06,3.00878e+06,1.56688e+07,0,0,0,5.84094e+08,54.5216,61.308,2.62057,1,0,1.69523,1.73582,0,1.30962,2.96352,9.13716e+06,4.02164e+06,1.54896e+07,0,0,0,7.73942e+07
32.9504,110.355,1.10788,0.28,0.04,3.47202,3.55516,0,0.667856,6.048,4.39666e+06,3.00878e+06,1.52653e+07,0,0,0,5.84094e+08,54.3601,61.308,2.05929,1,0,1.61736,1.65609,0,1.30973,2.96352,9.13716e+06,4.02164e+06,1.47781e+07,0,0,0,7.73942e+07
31.6386,110.355,1.37357,0.31,0.04,3.47231,3.55546,0,0.650657,6.048,4.39666e+06,3.00878e+06,1.52666e+07,0,0,0,5.84094e+08,54.1889,61.308,2.20337,1,0,1.6175,1.65623,0,1.24957,2.96352,9.13716e+06,4.02164e+06,1.47793e+07,0,0,0,7.73942e+07
30.9373,110.355,1.98,0.33,0.04,3.4726,3.55575,0,0.650711,6.048,4.39666e+06,3.00878e+06,1.52678e+07,0,0,0,5.84094e+08,54.2301,61.308,2.71391,1,0,1.61763,1.65636,0,1.24968,2.96352,9.13716e+06,4.02164e+06,1.47805e+07,0,0,0,7.73942e+07
32.2461,110.355,3.98171,0.33,0.04,3.47288,3.55604,0,0.650764,6.048,4.39666e+06,3.00878e+06,1.52691e+07,0,0,0,5.84094e+08,54.8965,61.308,4.08887,1,0,1.61776,1.6565,0,1.24978,2.96352,9.13716e+06,4.02164e+06,1.47817e+07,0,0,0,7.73942e+07
32.6456,110.355,3.00175,0.33,0.04,3.2116,3.2885,0,0.650818,6.048,4.39666e+06,3.00878e+06,1.41203e+07,0,0,0,5.84094e+08,55.1993,61.308,2.82093,1,0,1.45538,1.49023,0,1.24988,2.96352,9.13716e+06,4.02164e+06,1.32981e+07,0,0,0,7.73942e+07
32.9226,110.355,2.94194,0.33,0.04,3.21186,3.28877,0,0.601853,6.048,4.39666e+06,3.00878e+06,1.41215e+07,0,0,0,5.84094e+08,56.4924,61.308,4.23975,1,0,1.4555,1.49035,0,1.12443,2.96352,9.13716e+06,4.02164e+06,1.32992e+07,0,0,0,7.73942e+07
32.5822,110.355,2.27968,0.35,0.04,3.21212,3.28904,0,0.601903,6.048,4.39666e+06,3.00878e+06,1.41226e+07,0,0,0,5.84094e+08,56.8393,61.308,2.7403,1,0,1.45562,1.49048,0,1.12452,2.96352,9.13716e+06,4.02164e+06,1.33002e+07,0,0,0,7.73942e+07
32.6115,110.355,2.66097,0.35,0.04,3.21239,3.28931,0,0.601952,6.048,4.39666e+06,3.00878e+06,1.41238e+07,0,0,0,5.84094e+08,56.9322,61.308,2.29901,1,0,1.45574,1.4906,0,1.12461,2.96352,9.13716e+06,4.02164e+06,1.33013e+07,0,0,0,7.73942e+07
32.2729,110.355,2.0633,0.4,0.04,2.90494,3.28958,0,0.602002,6.048,4.39666e+06,3.00878e+06,1.2772e+07,0,0,0,5.84094e+08,57.3585,61.308,2.38422,1,0,1.31641,1.49072,0,1.12471,2.96352,9.13716e+06,4.02164e+06,1.20283e+07,0,0,0,7.73942e+07
41.4455,110.355,12.1831,0.43,0.04,2.99617,3.3929,0,0.544385,6.048,4.39666e+06,3.00878e+06,1.31732e+07,0,0,0,5.84094e+08,60.6141,61.308,11.6716,1,0,1.35909,1.53904,0,1.01706,2.96352,9.13716e+06,4.02164e+06,1.24182e+07,0,0,0,7.73942e+07
48.5648,110.355,10.5526,0.28,0.04,3.3138,3.39315,0,0.561483,6.048,4.39666e+06,3.00878e+06,1.45697e+07,0,0,0,5.84094e+08,62.3362,61.308,8.39817,1,0,1.50316,1.53916,0,1.05003,2.96352,9.13716e+06,4.02164e+06,1.37346e+07,0,0,0,7.73942e+07
55.8358,110.355,10.8088,0.22,0.04,3.31404,3.3934,0,0.621006,6.048,4.39666e+06,3.00878e+06,1.45707e+07,0,0,0,5.84094e+08,62.3362,61.308,5.64403,1,0,1.50327,1.53927,0,1.16134,2.96352,9.13716e+06,4.02164e+06,1.37356e+07,0,0,0,7.73942e+07
60.7631,110.355,8.60674,0.19,0.04,3.31429,3.39365,0,0.621052,6.048,4.39666e+06,3.00878e+06,1.45718e+07,0,0,0,5.84094e+08,62.3362,61.308,6.15229,1,0,1.50338,1.53938,0,1.16143,2.96352,9.13716e+06,4.02164e+06,1.37367e+07,0,0,0,7.73942e+07
66.3037,110.355,9.58862,0.14,0.04,3.63783,3.72494,0,0.621098,6.048,4.39666e+06,3.00878e+06,1.59943e+07,0,0,0,5.84094e+08,62.3362,61.308,8.3119,1,0,1.68028,1.72051,0,1.16152,2.96352,9.13716e+06,4.02164e+06,1.53529e+07,0,0,0,7.73942e+07
71.6408,110.355,9.4645,0.1,0.04,3.63809,3.72521,0,0.681729,6.048,4.39666e+06,3.00878e+06,1.59955e+07,0,0,0,5.84094e+08,62.3362,61.308,8.19933,1,0,1.6804,1.72064,0,1.29818,2.96352,9.13716e+06,4.02164e+06,1.53541e+07,0,0,0,7.73942e+07
76.1958,110.355,8.58387,0.08,0.04,3.63836,3.72549,0,0.681779,6.048,4.39666e+06,3.00878e+06,1.59967e+07,0,0,0,5.84094e+08,62.3362,61.308,6.13791,1,0,1.68052,1.72076,0,1.29828,2.96352,9.13716e+06,4.02164e+06,1.53552e+07,0,0,0,7.73942e+07
78.7577,110.355,6.68128,0.06,0.04,3.63863,3.72576,0,0.681829,6.048,4.39666e+06,3.00878e+06,1.59978e+07,0,0,0,5.84094e+08,62.3362,61.308,5.60671,1,0,1.68065,1.72089,0,1.29837,2.96352,9.13716e+06,4.02164e+06,1.53563e+07,0,0,0,7.73942e+07
81.7858,110.355,6.75859,0.06,0.04,3.17765,3.25374,0,0.68188,6.048,4.39666e+06,3.00878e+06,1.3971e+07,0,0,0,5.84094e+08,62.3362,61.308,4.39392,1,0,1.44346,1.47803,0,1.29847,2.96352,9.13716e+06,4.02164e+06,1.31891e+07,0,0,0,7.73942e+07
85.9449,110.355,7.85105,0.04,0.04,3.17788,3.25398,0,0.595491,6.048,4.39666e+06,3.00878e+06,1.39721e+07,0,0,0,5.84094e+08,62.3362,61.308,4.85459,1,0,1.44357,1.47814,0,1.11522,2.96352,9.13716e+06,4.02164e+06,1.31901e+07,0,0,0,7.73942e+07
88.0041,110.355,5.91767,0.02,0.04,3.17812,3.25422,0,0.595535,6.048,4.39666e+06,3.00878e+06,1.39731e+07,0,0,0,5.84094e+08,62.3362,61.308,4.62283,1,0,1.44368,1.47824,0,1.1153,2.96352,9.13716e+06,4.02164e+06,1.31911e+07,0,0,0,7.73942e+07
94.3314,110.355,10.2303,0.02,0.04,3.17835,3.25446,0,0.595579,6.048,4.39666e+06,3.00878e+06,1.39741e+07,0,0,0,5.84094e+08,62.3362,61.308,6.53217,1,0,1.44378,1.47835,0,1.11538,2.96352,9.13716e+06,4.02164e+06,1.31921e+07,0,0,0,7.73942e+07
99.0543,110.355,8.81377,0,0.04,3.17859,3.2547,0,0.595623,6.048,4.39666e+06,3.00878e+06,1.39752e+07,0,0,0,5.84094e+08,62.3362,61.308,8.48521,1,0,1.44389,1.47846,0,1.11547,2.96352,9.13716e+06,4.02164e+06,1.3193e+07,0,0,0,7.73942e+07
102.267,110.355,7.40617,0,0.04,3.29497,3.37387,0,0.595667,6.048,4.39666e+06,3.00878e+06,1.44869e+07,0,0,0,5.84094e+08,62.3362,61.308,5.44845,1,0,1.50207,1.53804,0,1.11555,2.96352,9.13716e+06,4.02164e+06,1.37247e+07,0,0,0,7.73942e+07
104.058,110.355,5.83532,0,0.04,3.29521,3.37412,0,0.617477,6.048,4.39666e+06,3.00878e+06,1.44879e+07,0,0,0,5.84094e+08,62.3362,61.308,4.65966,1,0,1.50218,1.53815,0,1.1605,2.96352,9.13716e+06,4.02164e+06,1.37257e+07,0,0,0,7.73942e+07
105.364,110.355,5.40885,0,0.04,3.29546,3.37437,0,0.617523,6.048,4.39666e+06,3.00878e+06,1.4489e+07,0,0,0,5.84094e+08,62.3362,61.308,4.18638,1,0,1.50229,1.53827,0,1.16059,2.96352,9.13716e+06,4.02164e+06,1.37267e+07,0,0,0,7.73942e+07
106.039,110.355,4.69306,0,0.04,3.2957,3.37462,0,0.617568,6.048,4.39666e+06,3.00878e+06,1.44901e+07,0,0,0,5.84094e+08,62.3362,61.308,3.72667,1,0,1.5024,1.53838,0,1.16067,2.96352,9.13716e+06,4.02164e+06,1.37277e+07,0,0,0,7.73942e+07
105.71,110.355,3.54315,0,0.04,3.25052,3.32835,0,0.617614,6.048,4.39666e+06,3.00878e+06,1.42914e+07,0,0,0,5.84094e+08,62.3362,61.308,3.58556,1,0,1.47995,1.51539,0,1.16076,2.96352,9.13716e+06,4.02164e+06,1.35226e+07,0,0,0,7.73942e+07
104.967,110.355,3.11688,0,0.04,3.25076,3.3286,0,0.609147,6.048,4.39666e+06,3.00878e+06,1.42925e+07,0,0,0,5.84094e+08,62.3362,61.308,3.20918,1,0,1.48006,1.5155,0,1.14341,2.96352,9.13716e+06,4.02164e+06,1.35236e+07,0,0,0,7.73942e+07
105.931,110.355,4.86514,0,0.04,3.251,3.32884,0,0.609192,6.048,4.39666e+06,3.00878e+06,1.42935e+07,0,0,0,5.84094e+08,62.3362,61.308,4.01235,1,0,1.48017,1.51561,0,1.1435,2.96352,9.13716e+06,4.02164e+06,1.35246e+07,0,0,0,7.73942e+07
105.183,110.355,3.02363,0,0.04,3.25124,3.32909,0,0.609237,6.048,4.39666e+06,3.00878e+06,1.42946e+07,0,0,0,5.84094e+08,62.3362,61.308,3.19392,1,0,1.48028,1.51573,0,1.14358,2.96352,9.13716e+06,4.02164e+06,1.35256e+07,0,0,0,7.73942e+07
104.187,110.355,2.85448,0,0.04,3.40572,3.48727,0,0.609282,6.048,4.39666e+06,3.00878e+06,1.49738e+07,0,0,0,5.84094e+08,62.3362,61.308,2.91008,1,0,1.56043,1.59779,0,1.14366,2.96352,9.13716e+06,4.02164e+06,1.42579e+07,0,0,0,7.73942e+07
103.434,110.355,3.05198,0,0.04,3.40597,3.48753,0,0.638231,6.048,4.39666e+06,3.00878e+06,1.49749e+07,0,0,0,5.84094e+08,62.3362,61.308,3.01727,1,0,1.56054,1.59791,0,1.20559,2.96352,9.13716e+06,4.02164e+06,1.42589e+07,0,0,0,7.73942e+07
102.538,110.355,2.89393,0,0.04,3.40622,3.48778,0,0.638278,6.048,4.39666e+06,3.00878e+06,1.4976e+07,0,0,0,5.84094e+08,62.3362,61.308,2.90276,1,0,1.56066,1.59803,0,1.20568,2.96352,9.13716e+06,4.02164e+06,1.426e+07,0,0,0,7.73942e+07
101.482,110.355,2.70228,0,0.04,3.40647,3.48804,0,0.638326,6.048,4.39666e+06,3.00878e+06,1.49771e+07,0,0,0,5.84094e+08,62.3362,61.308,2.73662,1,0,1.56077,1.59815,0,1.20576,2.96352,9.13716e+06,4.02164e+06,1.4261e+07,0,0,0,7.73942e+07
100.444,110.355,2.61647,0,0.04,3.40672,3.4883,0,0.638373,6.048,4.39666e+06,3.00878e+06,1.49782e+07,0,0,0,5.84094e+08,62.3362,61.308,2.82449,1,0,1.56089,1.59826,0,1.20585,2.96352,9.13716e+06,4.02164e+06,1.42621e+07,0,0,0,7.73942e+07
99.5733,110.355,2.77966,0,0.04,3.37646,3.45731,0,0.63842,6.048,4.39666e+06,3.00878e+06,1.48452e+07,0,0,0,5.84094e+08,62.3362,61.308,3.17327,1,0,1.60501,1.64344,0,1.20594,2.96352,9.13716e+06,4.02164e+06,1.46652e+07,0,0,0,7.73942e+07
98.4933,110.355,2.56324,0,0.04,3.37671,3.45757,0,0.632749,6.048,4.39666e+06,3.00878e+06,1.48462e+07,0,0,0,5.84094e+08,62.3362,61.308,3.14159,1,0,1.60513,1.64356,0,1.24003,2.96352,9.13716e+06,4.02164e+06,1.46663e+07,0,0,0,7.73942e+07
97.2018,110.355,2.33978,0,0.04,3.37696,3.45782,0,0.632795,6.048,4.39666e+06,3.00878e+06,1.48473e+07,0,0,0,5.84094e+08,62.3362,61.308,2.79774,1,0,1.60525,1.64369,0,1.24012,2.96352,9.13716e+06,4.02164e+06,1.46674e+07,0,0,0,7.73942e+07
95.7621,110.355,2.14728,0,0.04,3.37721,3.45808,0,0.632842,6.048,4.39666e+06,3.00878e+06,1.48484e+07,0,0,0,5.84094e+08,62.3362,61.308,2.74236,1,0,1.60537,1.64381,0,1.24021,2.96352,9.13716e+06,4.02164e+06,1.46685e+07,0,0,0,7.73942e+07
94.6378,110.355,2.48935,0.02,0.04,3.45628,3.53904,0,0.632889,6.048,4.39666e+06,3.00878e+06,1.51961e+07,0,0,0,5.84094e+08,62.3362,61.308,2.92415,1,0,1.64471,1.6841,0,1.24031,2.96352,9.13716e+06,4.02164e+06,1.5028e+07,0,0,0,7.73942e+07
93.394,110.355,2.34018,0.02,0.04,3.45654,3.53931,0,0.647707,6.048,4.39666e+06,3.00878e+06,1.51972e+07,0,0,0,5.84094e+08,62.3362,61.308,2.83953,1,0,1.64484,1.68422,0,1.27071,2.96352,9.13716e+06,4.02164e+06,1.50291e+07,0,0,0,7.73942e+07
92.0125,110.355,2.18946,0.02,0.04,3.45679,3.53957,0,0.647755,6.048,4.39666e+06,3.00878e+06,1.51983e+07,0,0,0,5.84094e+08,62.3362,61.308,2.60692,1,0,1.64496,1.68435,0,1.2708,2.96352,9.13716e+06,4.02164e+06,1.50302e+07,0,0,0,7.73942e+07
90.6116,110.355,2.15371,0.02,0.04,3.45705,3.53983,0,0.647803,6.048,4.39666e+06,3.00878e+06,1.51995e+07,0,0,0,5.84094e+08,62.3362,61.308,2.79655,1,0,1.64508,1.68447,0,1.27089,2.96352,9.13716e+06,4.02164e+06,1.50313e+07,0,0,0,7.73942e+07
89.0107,110.355,2.12958,0.02,0.04,3.6882,3.77652,0,0.647851,6.048,4.39666e+06,3.00878e+06,1.62158e+07,0,0,0,5.84094e+08,62.3362,61.308,2.93246,1,0,1.78685,1.82963,0,1.27099,2.96352,9.13716e+06,4.02164e+06,1.63267e+07,0,0,0,7.73942e+07
86.9981,110.355,1.72878,0.03,0.04,3.68847,3.7768,0,0.691169,6.048,4.39666e+06,3.00878e+06,1.6217e+07,0,0,0,5.84094e+08,62.3362,61.308,2.93216,1,0,1.78698,1.82977,0,1.38052,2.96352,9.13716e+06,4.02164e+06,1.63279e+07,0,0,0,7.73942e+07
85.2606,110.355,1.98496,0.03,0.04,3.68874,3.77707,0,0.69122,6.048,4.39666e+06,3.00878e+06,1.62182e+07,0,0,0,5.84094e+08,62.3362,61.308,2.91417,1,0,1.78711,1.8299,0,1.38062,2.96352,9.13716e+06,4.02164e+06,1.63291e+07,0,0,0,7.73942e+07
83.0272,110.355,1.48368,0.03,0.04,3.68902,3.77735,0,0.691271,6.048,4.39666e+06,3.00878e+06,1.62194e+07,0,0,0,5.84094e+08,62.325,61.308,2.69603,1,0,1.78724,1.83004,0,1.38072,2.96352,9.13716e+06,4.02164e+06,1.63303e+07,0,0,0,7.73942e+07
80.9111,110.355,1.55084,0.04,0.04,3.68929,3.77763,0,0.691322,6.048,4.39666e+06,3.00878e+06,1.62206e+07,0,0,0,5.84094e+08,62.3362,61.308,2.64524,1,0,1.78737,1.83017,0,1.38082,2.96352,9.13716e+06,4.02164e+06,1.63315e+07,0,0,0,7.73942e+07
79.4678,110.355,2.22352,0.04,0.04,3.57699,3.66264,0,0.691373,6.048,4.39666e+06,3.00878e+06,1.57268e+07,0,0,0,5.84094e+08,62.3362,61.308,2.15793,1,0,1.7015,1.74224,0,1.38092,2.96352,9.13716e+06,4.02164e+06,1.55469e+07,0,0,0,7.73942e+07
78.3593,110.355,2.57156,0.04,0.04,3.57725,3.66291,0,0.670328,6.048,4.39666e+06,3.00878e+06,1.5728e+07,0,0,0,5.84094e+08,62.3362,61.308,3.6949,1,0,1.70163,1.74237,0,1.31458,2.96352,9.13716e+06,4.02164e+06,1.5548e+07,0,0,0,7.73942e+07
77.1708,110.355,2.47689,0.04,0.04,3.57752,3.66318,0,0.670377,6.048,4.39666e+06,3.00878e+06,1.57291e+07,0,0,0,5.84094e+08,62.3362,61.308,3.50358,1,0,1.70175,1.7425,0,1.31468,2.96352,9.13716e+06,4.02164e+06,1.55492e+07,0,0,0,7.73942e+07
75.9546,110.355,2.43598,0.04,0.04,3.57778,3.66345,0,0.670427,6.048,4.39666e+06,3.00878e+06,1.57303e+07,0,0,0,5.84094e+08,62.3362,61.308,4.12579,1,0,1.70188,1.74263,0,1.31477,2.96352,9.13716e+06,4.02164e+06,1.55503e+07,0,0,0,7.73942e+07
76.1398,110.355,3.9226,0.04,0.04,3.48562,3.56908,0,0.670476,6.048,4.39666e+06,3.00878e+06,1.53251e+07,0,0,0,5.84094e+08,62.3362,61.308,6.20457,1,0,1.62369,1.66257,0,1.31487,2.96352,9.13716e+06,4.02164e+06,1.48359e+07,0,0,0,7.73942e+07
76.3883,110.355,4.04905,0.04,0.04,3.48587,3.56934,0,0.653204,6.048,4.39666e+06,3.00878e+06,1.53262e+07,0,0,0,5.84094e+08,62.3362,61.308,4.99107,1,0,1.62381,1.6627,0,1.25447,2.96352,9.13716e+06,4.02164e+06,1.4837e+07,0,0,0,7.73942e+07
76.1539,110.355,3.42353,0.04,0.04,3.48613,3.56961,0,0.653253,6.048,4.39666e+06,3.00878e+06,1.53273e+07,0,0,0,5.84094e+08,62.3362,61.308,3.29738,1,0,1.62393,1.66282,0,1.25456,2.96352,9.13716e+06,4.02164e+06,1.48381e+07,0,0,0,7.73942e+07
76.7438,110.355,4.21767,0.04,0.04,3.48639,3.56987,0,0.653301,6.048,4.39666e+06,3.00878e+06,1.53285e+07,0,0,0,5.84094e+08,62.3362,61.308,4.42676,1,0,1.62405,1.66294,0,1.25465,2.96352,9.13716e+06,4.02164e+06,1.48392e+07,0,0,0,7.73942e+07
76.9583,110.355,3.68845,0.04,0.04,3.22406,3.30126,0,0.653349,6.048,4.39666e+06,3.00878e+06,1.41751e+07,0,0,0,5.84094e+08,62.3362,61.308,4.59428,1,0,1.46103,1.49602,0,1.25474,2.96352,9.13716e+06,4.02164e+06,1.33497e+07,0,0,0,7.73942e+07
77.2739,110.355,3.8711,0.04,0.04,3.2243,3.30151,0,0.604189,6.048,4.39666e+06,3.00878e+06,1.41762e+07,0,0,0,5.84094e+08,62.3362,61.308,4.86335,1,0,1.46114,1.49613,0,1.12879,2.96352,9.13716e+06,4.02164e+06,1.33507e+07,0,0,0,7.73942e+07
77.1101,110.355,3.35513,0.05,0.04,3.22454,3.30175,0,0.604234,6.048,4.39666e+06,3.00878e+06,1.41772e+07,0,0,0,5.84094e+08,62.3362,61.308,4.69168,1,0,1.46125,1.49624,0,1.12888,2.96352,9.13716e+06,4.02164e+06,1.33516e+07,0,0,0,7.73942e+07
78.1371,110.355,4.54916,0.05,0.04,3.22478,3.30199,0,0.604278,6.048,4.39666e+06,3.00878e+06,1.41782e+07,0,0,0,5.84094e+08,62.3362,61.308,4.69727,1,0,1.46135,1.49635,0,1.12896,2.96352,9.13716e+06,4.02164e+06,1.33526e+07,0,0,0,7.73942e+07
79.9099,110.355,5.35685,0.06,0.04,3.22501,3.30224,0,0.604323,6.048,4.39666e+06,3.00878e+06,1.41793e+07,0,0,0,5.84094e+08,62.3362,61.308,6.00209,1,0,1.46146,1.49646,0,1.12904,2.96352,9.13716e+06,4.02164e+06,1.33536e+07,0,0,0,7.73942e+07
84.0662,110.355,8.10163,0.05,0.04,3.32628,3.40593,0,0.604367,6.048,4.39666e+06,3.00878e+06,1.46245e+07,0,0,0,5.84094e+08,62.3362,61.308,7.34643,1,0,1.50882,1.54495,0,1.12913,2.96352,9.13716e+06,4.02164e+06,1.37863e+07,0,0,0,7.73942e+07
90.0145,110.355,10.0997,0.05,0.06,3.32649,3.40615,0,0.623344,6.048,4.39666e+06,3.00878e+06,1.46255e+07,0,0,0,5.84094e+08,62.3362,61.308,14.0838,1,0,1.50892,1.54505,0,1.16572,2.96352,9.13716e+06,4.02164e+06,1.37873e+07,0,0,0,7.73942e+07
94.0048,110.355,8.25707,0.05,0.06,3.32671,3.40637,0,0.623385,6.048,4.39666e+06,3.00878e+06,1.46264e+07,0,0,0,5.84094e+08,62.3362,61.308,10.6516,1,0,1.50902,1.54515,0,1.16579,2.96352,9.13716e+06,4.02164e+06,1.37882e+07,0,0,0,7.73942e+07
98.4933,110.355,8.75751,0.03,0.06,3.32693,3.4066,0,0.623426,6.048,4.39666e+06,3.00878e+06,1.46274e+07,0,0,0,5.84094e+08,62.3362,61.308,7.31885,1,0,1.50912,1.54526,0,1.16587,2.96352,9.13716e+06,4.02164e+06,1.37891e+07,0,0,0,7.73942e+07
100.04,110.355,6.06457,0.01,0.06,3.65167,3.73911,0,0.623467,6.048,4.39666e+06,3.00878e+06,1.60552e+07,0,0,0,5.84094e+08,62.3362,61.308,6.1689,1,0,1.68667,1.72706,0,1.16595,2.96352,9.13716e+06,4.02164e+06,1.54114e+07,0,0,0,7.73942e+07
100.665,110.355,5.07789,0.01,0.06,3.65191,3.73936,0,0.684323,6.048,4.39666e+06,3.00878e+06,1.60562e+07,0,0,0,5.84094e+08,62.3362,61.308,5.46481,1,0,1.68678,1.72717,0,1.30312,2.96352,9.13716e+06,4.02164e+06,1.54124e+07,0,0,0,7.73942e+07
100.579,110.355,4.33027,0,0.06,3.65215,3.7396,0,0.684368,6.048,4.39666e+06,3.00878e+06,1.60573e+07,0,0,0,5.84094e+08,62.3362,61.308,6.01009,1,0,1.68689,1.72728,0,1.30321,2.96352,9.13716e+06,4.02164e+06,1.54134e+07,0,0,0,7.73942e+07
101.315,110.355,5.1208,0,0.06,3.65239,3.73985,0,0.684413,6.048,4.39666e+06,3.00878e+06,1.60583e+07,0,0,0,5.84094e+08,62.3362,61.308,5.95259,1,0,1.687,1.7274,0,1.30329,2.96352,9.13716e+06,4.02164e+06,1.54144e+07,0,0,0,7.73942e+07
102.363,110.355,5.0188,0,0.06,3.18963,3.26601,0,0.684458,6.048,4.39666e+06,3.00878e+06,1.40237e+07,0,0,0,5.84094e+08,62.3362,61.308,6.19097,1,0,1.44891,1.4836,0,1.30338,2.96352,9.13716e+06,4.02164e+06,1.32389e+07,0,0,0,7.73942e+07
103.995,110.355,5.65732,0,0.06,3.18984,3.26623,0,0.597737,6.048,4.39666e+06,3.00878e+06,1.40247e+07,0,0,0,5.84094e+08,62.3362,61.308,4.99404,1,0,1.449,1.4837,0,1.11943,2.96352,9.13716e+06,4.02164e+06,1.32398e+07,0,0,0,7.73942e+07
105.018,110.355,5.01834,0,0.06,3.19005,3.26644,0,0.597777,6.048,4.39666e+06,3.00878e+06,1.40256e+07,0,0,0,5.84094e+08,62.3362,61.308,4.79936,1,0,1.4491,1.4838,0,1.1195,2.96352,9.13716e+06,4.02164e+06,1.32406e+07,0,0,0,7.73942e+07
107.006,110.355,6.06481,0,0.06,3.19026,3.26665,0,0.597816,6.048,4.39666e+06,3.00878e+06,1.40265e+07,0,0,0,5.84094e+08,62.3362,61.308,4.4553,1,0,1.44919,1.48389,0,1.11957,2.96352,9.13716e+06,4.02164e+06,1.32415e+07,0,0,0,7.73942e+07
107.904,110.355,4.92031,0,0.06,3.19047,3.26687,0,0.597855,6.048,4.39666e+06,3.00878e+06,1.40274e+07,0,0,0,5.84094e+08,62.3362,61.308,3.83937,1,0,1.44929,1.48399,0,1.11965,2.96352,9.13716e+06,4.02164e+06,1.32424e+07,0,0,0,7.73942e+07
109.029,110.355,5.27381,0,0.06,3.30726,3.38645,0,0.597894,6.048,4.39666e+06,3.00878e+06,1.45409e+07,0,0,0,5.84094e+08,62.3362,61.308,5.39126,1,0,1.50767,1.54378,0,1.11972,2.96352,9.13716e+06,4.02164e+06,1.37759e+07,0,0,0,7.73942e+07
110.355,110.355,6.36035,0,0.06,3.30748,3.38668,0,0.619781,6.048,4.39666e+06,3.00878e+06,1.45419e+07,0,0,0,5.84094e+08,62.3362,61.308,7.0299,1,0,1.50777,1.54388,0,1.16483,2.96352,9.13716e+06,4.02164e+06,1.37768e+07,0,0,0,7.73942e+07
110.355,110.355,4.4555,0,0.06,3.30769,3.3869,0,0.619821,6.048,4.39666e+06,3.00878e+06,1.45428e+07,0,0,0,5.84094e+08,62.3362,61.308,4.72187,1,0,1.50787,1.54398,0,1.16491,2.96352,9.13716e+06,4.02164e+06,1.37777e+07,0,0,0,7.73942e+07
110.209,110.355,3.86752,0,0.06,3.30791,3.38712,0,0.619862,6.048,4.39666e+06,3.00878e+06,1.45438e+07,0,0,0,5.84094e+08,62.3362,61.308,4.12984,1,0,1.50797,1.54408,0,1.16498,2.96352,9.13716e+06,4.02164e+06,1.37786e+07,0,0,0,7.73942e+07
110.205,110.355,3.92915,0,0.06,3.26253,3.34066,0,0.619902,6.048,4.39666e+06,3.00878e+06,1.43443e+07,0,0,0,5.84094e+08,62.3362,61.308,3.59989,1,0,1.48542,1.52099,0,1.16506,2.96352,9.13716e+06,4.02164e+06,1.35726e+07,0,0,0,7.73942e+07
109.543,110.355,3.20142,0,0.06,3.26275,3.34088,0,0.611399,6.048,4.39666e+06,3.00878e+06,1.43452e+07,0,0,0,5.84094e+08,62.3362,61.308,2.9905,1,0,1.48552,1.52109,0,1.14764,2.96352,9.13716e+06,4.02164e+06,1.35734e+07,0,0,0,7.73942e+07
108.516,110.355,2.81439,0,0.06,3.26296,3.34109,0,0.611439,6.048,4.39666e+06,3.00878e+06,1.43461e+07,0,0,0,5.84094e+08,62.3362,61.308,2.6853,1,0,1.48562,1.52119,0,1.14771,2.96352,9.13716e+06,4.02164e+06,1.35743e+07,0,0,0,7.73942e+07
107.718,110.355,3.05133,0,0.06,3.26317,3.34131,0,0.611479,6.048,4.39666e+06,3.00878e+06,1.43471e+07,0,0,0,5.84094e+08,62.3362,61.308,2.30435,1,0,1.48572,1.52129,0,1.14779,2.96352,9.13716e+06,4.02164e+06,1.35752e+07,0,0,0,7.73942e+07
106.752,110.355,2.92614,0,0.06,3.41819,3.50004,0,0.611519,6.048,4.39666e+06,3.00878e+06,1.50286e+07,0,0,0,5.84094e+08,62.3362,61.308,2.5358,1,0,1.56614,1.60365,0,1.14786,2.96352,9.13716e+06,4.02164e+06,1.43101e+07,0,0,0,7.73942e+07
105.595,110.355,2.6165,0,0.06,3.41842,3.50027,0,0.64057,6.048,4.39666e+06,3.00878e+06,1.50296e+07,0,0,0,5.84094e+08,62.2572,61.308,2.21657,1,0,1.56625,1.60375,0,1.21,2.96352,9.13716e+06,4.02164e+06,1.4311e+07,0,0,0,7.73942e+07
104.35,110.355,2.49013,0,0.06,3.41864,3.5005,0,0.640612,6.048,4.39666e+06,3.00878e+06,1.50306e+07,0,0,0,5.84094e+08,62.175,61.308,2.0855,1,0,1.56635,1.60386,0,1.21008,2.96352,9.13716e+06,4.02164e+06,1.4312e+07,0,0,0,7.73942e+07
103.032,110.355,2.40433,0,0.06,3.41887,3.50073,0,0.640653,6.048,4.39666e+06,3.00878e+06,1.50316e+07,0,0,0,5.84094e+08,62.1068,61.308,2.25078,1,0,1.56645,1.60396,0,1.21016,2.96352,9.13716e+06,4.02164e+06,1.43129e+07,0,0,0,7.73942e+07
101.494,110.355,2.20949,0,0.06,3.41909,3.50096,0,0.640695,6.048,4.39666e+06,3.00878e+06,1.50326e+07,0,0,0,5.84094e+08,62.0007,61.308,2.13752,1,0,1.56655,1.60407,0,1.21024,2.96352,9.13716e+06,4.02164e+06,1.43139e+07,0,0,0,7.73942e+07
99.5774,110.355,1.78825,0,0.06,3.38869,3.46983,0,0.640737,6.048,4.39666e+06,3.00878e+06,1.48989e+07,0,0,0,5.84094e+08,62.1477,61.308,3.03111,1,0,1.61082,1.6494,0,1.21032,2.96352,9.13716e+06,4.02164e+06,1.47183e+07,0,0,0,7.73942e+07
97.5257,110.355,1.63527,0,0.06,3.38891,3.47006,0,0.63504,6.048,4.39666e+06,3.00878e+06,1.48999e+07,0,0,0,5.84094e+08,62.233,61.308,2.69166,1,0,1.61093,1.6495,0,1.24452,2.96352,9.13716e+06,4.02164e+06,1.47193e+07,0,0,0,7.73942e+07
95.3894,110.355,1.49889,0,0.06,3.38913,3.47029,0,0.635082,6.048,4.39666e+06,3.00878e+06,1.49009e+07,0,0,0,5.84094e+08,62.245,61.308,2.64248,1,0,1.61103,1.64961,0,1.2446,2.96352,9.13716e+06,4.02164e+06,1.47203e+07,0,0,0,7.73942e+07
93.213,110.355,1.402,0.02,0.06,3.38936,3.47052,0,0.635124,6.048,4.39666e+06,3.00878e+06,1.49018e+07,0,0,0,5.84094e+08,62.156,61.308,2.55233,1,0,1.61114,1.64972,0,1.24468,2.96352,9.13716e+06,4.02164e+06,1.47212e+07,0,0,0,7.73942e+07
90.7769,110.355,1.18001,0.02,0.06,3.46868,3.55174,0,0.635165,6.048,4.39666e+06,3.00878e+06,1.52506e+07,0,0,0,5.84094e+08,61.9211,61.308,2.11308,1,0,1.65062,1.69014,0,1.24477,2.96352,9.13716e+06,4.02164e+06,1.50819e+07,0,0,0,7.73942e+07
88.4471,110.355,1.29154,0.02,0.06,3.46891,3.55198,0,0.650031,6.048,4.39666e+06,3.00878e+06,1.52516e+07,0,0,0,5.84094e+08,61.8633,61.308,2.37444,1,0,1.65073,1.69025,0,1.27527,2.96352,9.13716e+06,4.02164e+06,1.50829e+07,0,0,0,7.73942e+07
86.0286,110.355,1.16294,0.03,0.06,3.46914,3.55221,0,0.650074,6.048,4.39666e+06,3.00878e+06,1.52526e+07,0,0,0,5.84094e+08,61.6523,61.308,2.25367,1,0,1.65083,1.69036,0,1.27535,2.96352,9.13716e+06,4.02164e+06,1.50839e+07,0,0,0,7.73942e+07
83.5315,110.355,1.05992,0.03,0.06,3.46937,3.55244,0,0.650117,6.048,4.39666e+06,3.00878e+06,1.52536e+07,0,0,0,5.84094e+08,61.3921,61.308,1.96521,1,0,1.65094,1.69047,0,1.27543,2.96352,9.13716e+06,4.02164e+06,1.50849e+07,0,0,0,7.73942e+07
81.0074,110.355,1.15815,0.04,0.06,3.70131,3.78994,0,0.650159,6.048,4.39666e+06,3.00878e+06,1.62734e+07,0,0,0,5.84094e+08,61.2054,61.308,2.46005,1,0,1.7932,1.83614,0,1.27552,2.96352,9.13716e+06,4.02164e+06,1.63847e+07,0,0,0,7.73942e+07
78.8756,110.355,1.5197,0.04,0.06,3.70155,3.79019,0,0.693626,6.048,4.39666e+06,3.00878e+06,1.62745e+07,0,0,0,5.84094e+08,61.1487,61.308,2.91117,1,0,1.79332,1.83626,0,1.38542,2.96352,9.13716e+06,4.02164e+06,1.63858e+07,0,0,0,7.73942e+07
76.5376,110.355,1.27937,0.04,0.06,3.7018,3.79044,0,0.693671,6.048,4.39666e+06,3.00878e+06,1.62755e+07,0,0,0,5.84094e+08,60.8347,61.308,2.2959,1,0,1.79343,1.83638,0,1.38552,2.96352,9.13716e+06,4.02164e+06,1.63869e+07,0,0,0,7.73942e+07
73.8262,110.355,0.921705,0.04,0.06,3.70204,3.79069,0,0.693717,6.048,4.39666e+06,3.00878e+06,1.62766e+07,0,0,0,5.84094e+08,60.4426,61.308,2.08287,1,0,1.79355,1.8365,0,1.38561,2.96352,9.13716e+06,4.02164e+06,1.6388e+07,0,0,0,7.73942e+07
71.0554,110.355,0.859613,0.04,0.06,3.70228,3.79094,0,0.693762,6.048,4.39666e+06,3.00878e+06,1.62777e+07,0,0,0,5.84094e+08,60.0735,61.308,2.10609,1,0,1.79367,1.83662,0,1.3857,2.96352,9.13716e+06,4.02164e+06,1.6389e+07,0,0,0,7.73942e+07
68.2879,110.355,0.749751,0.06,0.06,3.58956,3.67551,0,0.693808,6.048,4.39666e+06,3.00878e+06,1.57821e+07,0,0,0,5.84094e+08,59.8308,61.308,2.31057,1,0,1.70748,1.74837,0,1.38579,2.96352,9.13716e+06,4.02164e+06,1.56015e+07,0,0,0,7.73942e+07
65.4123,110.355,0.600618,0.06,0.06,3.58979,3.67575,0,0.672683,6.048,4.39666e+06,3.00878e+06,1.57831e+07,0,0,0,5.84094e+08,59.3485,61.308,1.82419,1,0,1.70759,1.74848,0,1.3192,2.96352,9.13716e+06,4.02164e+06,1.56025e+07,0,0,0,7.73942e+07
62.5574,110.355,0.609816,0.07,0.06,3.59003,3.67599,0,0.672727,6.048,4.39666e+06,3.00878e+06,1.57841e+07,0,0,0,5.84094e+08,58.8888,61.308,1.73427,1,0,1.7077,1.74859,0,1.31928,2.96352,9.13716e+06,4.02164e+06,1.56035e+07,0,0,0,7.73942e+07
61.0625,110.355,1.90657,0.06,0.06,3.59026,3.67623,0,0.672771,6.048,4.39666e+06,3.00878e+06,1.57852e+07,0,0,0,5.84094e+08,58.855,61.308,3.22024,1,0,1.70781,1.74871,0,1.31937,2.96352,9.13716e+06,4.02164e+06,1.56046e+07,0,0,0,7.73942e+07
59.7006,110.355,2.05117,0.11,0.06,3.49775,3.5815,0,0.672815,6.048,4.39666e+06,3.00878e+06,1.53784e+07,0,0,0,5.84094e+08,58.8477,61.308,2.67168,1,0,1.62934,1.66836,0,1.31946,2.96352,9.13716e+06,4.02164e+06,1.48876e+07,0,0,0,7.73942e+07
58.05,110.355,1.708,0.1,0.06,3.49797,3.58174,0,0.655478,6.048,4.39666e+06,3.00878e+06,1.53794e+07,0,0,0,5.84094e+08,58.5257,61.308,1.77467,1,0,1.62945,1.66847,0,1.25883,2.96352,9.13716e+06,4.02164e+06,1.48886e+07,0,0,0,7.73942e+07
57.6362,110.355,3.00211,0.1,0.06,3.4982,3.58197,0,0.655521,6.048,4.39666e+06,3.00878e+06,1.53804e+07,0,0,0,5.84094e+08,58.5923,61.308,2.52447,1,0,1.62956,1.66858,0,1.25891,2.96352,9.13716e+06,4.02164e+06,1.48895e+07,0,0,0,7.73942e+07
58.2088,110.355,4.10579,0.11,0.06,3.49843,3.58221,0,0.655563,6.048,4.39666e+06,3.00878e+06,1.53814e+07,0,0,0,5.84094e+08,58.8126,61.308,3.44147,1,0,1.62966,1.66869,0,1.259,2.96352,9.13716e+06,4.02164e+06,1.48905e+07,0,0,0,7.73942e+07
58.5931,110.355,3.67255,0.1,0.06,3.23517,3.31264,0,0.655606,6.048,4.39666e+06,3.00878e+06,1.4224e+07,0,0,0,5.84094e+08,59.0283,61.308,3.47538,1,0,1.46607,1.50117,0,1.25908,2.96352,9.13716e+06,4.02164e+06,1.33957e+07,0,0,0,7.73942e+07
58.8101,110.355,3.60858,0.1,0.06,3.23538,3.31286,0,0.606271,6.048,4.39666e+06,3.00878e+06,1.42249e+07,0,0,0,5.84094e+08,59.7651,61.308,4.32005,1,0,1.46616,1.50127,0,1.13268,2.96352,9.13716e+06,4.02164e+06,1.33966e+07,0,0,0,7.73942e+07
58.9109,110.355,3.4112,0.11,0.06,3.2356,3.31308,0,0.606311,6.048,4.39666e+06,3.00878e+06,1.42258e+07,0,0,0,5.84094e+08,60.2932,61.308,3.65762,1,0,1.46626,1.50137,0,1.13276,2.96352,9.13716e+06,4.02164e+06,1.33974e+07,0,0,0,7.73942e+07
58.6622,110.355,3.11308,0.11,0.06,3.23581,3.31329,0,0.606351,6.048,4.39666e+06,3.00878e+06,1.42268e+07,0,0,0,5.84094e+08,60.8679,61.308,3.84092,1,0,1.46635,1.50147,0,1.13283,2.96352,9.13716e+06,4.02164e+06,1.33983e+07,0,0,0,7.73942e+07
60.5133,110.355,5.17884,0.12,0.06,3.23602,3.31351,0,0.606391,6.048,4.39666e+06,3.00878e+06,1.42277e+07,0,0,0,5.84094e+08,61.4698,61.308,4.27758,1,0,1.46645,1.50157,0,1.13291,2.96352,9.13716e+06,4.02164e+06,1.33992e+07,0,0,0,7.73942e+07
60.1535,110.355,3.05195,0.13,0.06,3.23602,3.31351,0,0.60643,6.048,4.39666e+06,3.00878e+06,1.42277e+07,0,0,0,5.84094e+08,61.5799,61.308,3.07773,1,0,1.46645,1.50157,0,1.13298,2.96352,9.13716e+06,4.02164e+06,1.33992e+07,0,0,0,7.73942e+07
63.6839,110.355,7.2754,0.13,0.06,3.3376,3.41752,0,0.60643,6.048,4.39666e+06,3.00878e+06,1.46743e+07,0,0,0,5.84094e+08,62.1382,61.308,4.61697,1,0,1.51396,1.55021,0,1.13298,2.96352,9.13716e+06,4.02164e+06,1.38333e+07,0,0,0,7.73942e+07
63.8655,110.355,3.85594,0.11,0.06,3.33779,3.41772,0,0.625467,6.048,4.39666e+06,3.00878e+06,1.46751e+07,0,0,0,5.84094e+08,62.2229,61.308,3.12421,1,0,1.51405,1.5503,0,1.16969,2.96352,9.13716e+06,4.02164e+06,1.38341e+07,0,0,0,7.73942e+07
63.8718,110.355,3.62287,0.11,0.06,3.33798,3.41791,0,0.625502,6.048,4.39666e+06,3.00878e+06,1.4676e+07,0,0,0,5.84094e+08,62.3362,61.308,5.76676,1,0,1.51413,1.55039,0,1.16975,2.96352,9.13716e+06,4.02164e+06,1.38349e+07,0,0,0,7.73942e+07
63.4497,110.355,3.11531,0.11,0.06,3.33818,3.41811,0,0.625538,6.048,4.39666e+06,3.00878e+06,1.46768e+07,0,0,0,5.84094e+08,62.3362,61.308,3.29786,1,0,1.51422,1.55048,0,1.16982,2.96352,9.13716e+06,4.02164e+06,1.38357e+07,0,0,0,7.73942e+07
63.3584,110.355,3.74615,0.11,0.06,3.66398,3.75172,0,0.625574,6.048,4.39666e+06,3.00878e+06,1.61093e+07,0,0,0,5.84094e+08,62.2924,61.308,3.16968,1,0,1.69236,1.73288,0,1.16989,2.96352,9.13716e+06,4.02164e+06,1.54633e+07,0,0,0,7.73942e+07
62.765,110.355,3.37325,0.12,0.06,3.66419,3.75194,0,0.68663,6.048,4.39666e+06,3.00878e+06,1.61102e+07,0,0,0,5.84094e+08,62.3362,61.308,3.16867,1,0,1.69245,1.73298,0,1.30751,2.96352,9.13716e+06,4.02164e+06,1.54642e+07,0,0,0,7.73942e+07
61.8884,110.355,2.92364,0.12,0.06,3.6644,3.75215,0,0.68667,6.048,4.39666e+06,3.00878e+06,1.61111e+07,0,0,0,5.84094e+08,62.2601,61.308,2.84889,1,0,1.69255,1.73308,0,1.30759,2.96352,9.13716e+06,4.02164e+06,1.54651e+07,0,0,0,7.73942e+07
61.4206,110.355,3.28547,0.12,0.06,3.66461,3.75236,0,0.686709,6.048,4.39666e+06,3.00878e+06,1.61121e+07,0,0,0,5.84094e+08,62.3362,61.308,3.12107,1,0,1.69265,1.73318,0,1.30766,2.96352,9.13716e+06,4.02164e+06,1.5466e+07,0,0,0,7.73942e+07
62.3183,110.355,4.31192,0.17,0.06,3.20028,3.27692,0,0.686749,6.048,4.39666e+06,3.00878e+06,1.40706e+07,0,0,0,5.84094e+08,62.3362,61.308,4.01254,1,0,1.45374,1.48856,0,1.30774,2.96352,9.13716e+06,4.02164e+06,1.32831e+07,0,0,0,7.73942e+07
64.5712,110.355,5.72879,0.15,0.06,3.20047,3.2771,0,0.599733,6.048,4.39666e+06,3.00878e+06,1.40714e+07,0,0,0,5.84094e+08,62.3362,61.308,4.70289,1,0,1.45383,1.48864,0,1.12316,2.96352,9.13716e+06,4.02164e+06,1.32839e+07,0,0,0,7.73942e+07
66.0514,110.355,5.1522,0.15,0.06,3.20065,3.27729,0,0.599767,6.048,4.39666e+06,3.00878e+06,1.40722e+07,0,0,0,5.84094e+08,62.3362,61.308,3.95635,1,0,1.45391,1.48873,0,1.12323,2.96352,9.13716e+06,4.02164e+06,1.32846e+07,0,0,0,7.73942e+07
69.0746,110.355,6.52875,0.17,0.06,3.20083,3.27748,0,0.599802,6.048,4.39666e+06,3.00878e+06,1.4073e+07,0,0,0,5.84094e+08,62.3362,61.308,3.49122,1,0,1.45399,1.48881,0,1.12329,2.96352,9.13716e+06,4.02164e+06,1.32854e+07,0,0,0,7.73942e+07
71.9836,110.355,6.53684,0.13,0.06,3.20102,3.27767,0,0.599836,6.048,4.39666e+06,3.00878e+06,1.40738e+07,0,0,0,5.84094e+08,62.3362,61.308,3.75596,1,0,1.45408,1.4889,0,1.12336,2.96352,9.13716e+06,4.02164e+06,1.32861e+07,0,0,0,7.73942e+07
73.6868,110.355,5.51485,0.12,0.06,3.31817,3.39762,0,0.599871,6.048,4.39666e+06,3.00878e+06,1.45888e+07,0,0,0,5.84094e+08,62.3362,61.308,4.18779,1,0,1.51265,1.54887,0,1.12342,2.96352,9.13716e+06,4.02164e+06,1.38213e+07,0,0,0,7.73942e+07
76.0339,110.355,6.19172,0.07,0.06,3.31836,3.39782,0,0.621824,6.048,4.39666e+06,3.00878e+06,1.45897e+07,0,0,0,5.84094e+08,62.3362,61.308,3.79551,1,0,1.51273,1.54896,0,1.16867,2.96352,9.13716e+06,4.02164e+06,1.38221e+07,0,0,0,7.73942e+07
77.2694,110.355,4.97729,0.06,0.06,3.31855,3.39801,0,0.62186,6.048,4.39666e+06,3.00878e+06,1.45905e+07,0,0,0,5.84094e+08,62.3362,61.308,3.77383,1,0,1.51282,1.54904,0,1.16874,2.96352,9.13716e+06,4.02164e+06,1.38229e+07,0,0,0,7.73942e+07
77.858,110.355,4.23361,0.06,0.06,3.31874,3.39821,0,0.621895,6.048,4.39666e+06,3.00878e+06,1.45914e+07,0,0,0,5.84094e+08,62.3362,61.308,3.12429,1,0,1.51291,1.54913,0,1.1688,2.96352,9.13716e+06,4.02164e+06,1.38237e+07,0,0,0,7.73942e+07
77.7863,110.355,3.47951,0.07,0.06,3.27318,3.35156,0,0.621931,6.048,4.39666e+06,3.00878e+06,1.43911e+07,0,0,0,5.84094e+08,62.3362,61.308,2.86496,1,0,1.49027,1.52596,0,1.16887,2.96352,9.13716e+06,4.02164e+06,1.36169e+07,0,0,0,7.73942e+07
77.262,110.355,3.00431,0.07,0.06,3.27337,3.35175,0,0.613394,6.048,4.39666e+06,3.00878e+06,1.43919e+07,0,0,0,5.84094e+08,62.3362,61.308,2.58048,1,0,1.49036,1.52605,0,1.15138,2.96352,9.13716e+06,4.02164e+06,1.36176e+07,0,0,0,7.73942e+07
76.8037,110.355,3.06892,0.06,0.06,3.27356,3.35195,0,0.61343,6.048,4.39666e+06,3.00878e+06,1.43927e+07,0,0,0,5.84094e+08,62.3362,61.308,2.1309,1,0,1.49044,1.52613,0,1.15145,2.96352,9.13716e+06,4.02164e+06,1.36184e+07,0,0,0,7.73942e+07
76.5251,110.355,3.21063,0.05,0.06,3.27375,3.35214,0,0.613465,6.048,4.39666e+06,3.00878e+06,1.43936e+07,0,0,0,5.84094e+08,62.3362,61.308,2.46288,1,0,1.49053,1.52622,0,1.15152,2.96352,9.13716e+06,4.02164e+06,1.36192e+07,0,0,0,7.73942e+07
75.8336,110.355,2.9143,0.04,0.06,3.42924,3.51135,0,0.6135,6.048,4.39666e+06,3.00878e+06,1.50772e+07,0,0,0,5.84094e+08,62.3362,61.308,2.78993,1,0,1.5712,1.60883,0,1.15158,2.96352,9.13716e+06,4.02164e+06,1.43563e+07,0,0,0,7.73942e+07
74.9578,110.355,2.70691,0.03,0.06,3.42944,3.51156,0,0.642639,6.048,4.39666e+06,3.00878e+06,1.50781e+07,0,0,0,5.84094e+08,62.3362,61.308,2.49546,1,0,1.57129,1.60892,0,1.21391,2.96352,9.13716e+06,4.02164e+06,1.43572e+07,0,0,0,7.73942e+07
74.0107,110.355,2.56141,0.03,0.06,3.42963,3.51176,0,0.642676,6.048,4.39666e+06,3.00878e+06,1.50789e+07,0,0,0,5.84094e+08,62.2436,61.308,2.27246,1,0,1.57138,1.60901,0,1.21398,2.96352,9.13716e+06,4.02164e+06,1.4358e+07,0,0,0,7.73942e+07
72.9098,110.355,2.3746,0.03,0.06,3.42983,3.51196,0,0.642713,6.048,4.39666e+06,3.00878e+06,1.50798e+07,0,0,0,5.84094e+08,62.0979,61.308,2.15663,1,0,1.57147,1.6091,0,1.21405,2.96352,9.13716e+06,4.02164e+06,1.43588e+07,0,0,0,7.73942e+07
71.5515,110.355,2.07379,0.06,0.06,3.43002,3.51216,0,0.64275,6.048,4.39666e+06,3.00878e+06,1.50807e+07,0,0,0,5.84094e+08,61.8684,61.308,2.0369,1,0,1.57156,1.6092,0,1.21412,2.96352,9.13716e+06,4.02164e+06,1.43596e+07,0,0,0,7.73942e+07
70.0314,110.355,1.86619,0.06,0.06,3.3995,3.4809,0,0.642787,6.048,4.39666e+06,3.00878e+06,1.49464e+07,0,0,0,5.84094e+08,61.5515,61.308,1.93964,1,0,1.61596,1.65466,0,1.21419,2.96352,9.13716e+06,4.02164e+06,1.47653e+07,0,0,0,7.73942e+07
68.3729,110.355,1.69595,0.05,0.06,3.39969,3.4811,0,0.637066,6.048,4.39666e+06,3.00878e+06,1.49473e+07,0,0,0,5.84094e+08,61.207,61.308,1.77609,1,0,1.61605,1.65475,0,1.24849,2.96352,9.13716e+06,4.02164e+06,1.47661e+07,0,0,0,7.73942e+07
66.6752,110.355,1.60567,0.05,0.06,3.39989,3.4813,0,0.637103,6.048,4.39666e+06,3.00878e+06,1.49482e+07,0,0,0,5.84094e+08,60.7661,61.308,1.76208,1,0,1.61615,1.65485,0,1.24856,2.96352,9.13716e+06,4.02164e+06,1.4767e+07,0,0,0,7.73942e+07
64.935,110.355,1.54661,0.06,0.06,3.40008,3.4815,0,0.637139,6.048,4.39666e+06,3.00878e+06,1.4949e+07,0,0,0,5.84094e+08,60.3112,61.308,1.78034,1,0,1.61624,1.65494,0,1.24863,2.96352,9.13716e+06,4.02164e+06,1.47678e+07,0,0,0,7.73942e+07
63.2078,110.355,1.60469,0.06,0.06,3.47963,3.56296,0,0.637176,6.048,4.39666e+06,3.00878e+06,1.52988e+07,0,0,0,5.84094e+08,59.8163,61.308,1.83462,1,0,1.65583,1.69548,0,1.24871,2.96352,9.13716e+06,4.02164e+06,1.51296e+07,0,0,0,7.73942e+07
61.3483,110.355,1.44713,0.07,0.06,3.47983,3.56316,0,0.652083,6.048,4.39666e+06,3.00878e+06,1.52996e+07,0,0,0,5.84094e+08,59.2668,61.308,1.76294,1,0,1.65592,1.69557,0,1.27929,2.96352,9.13716e+06,4.02164e+06,1.51304e+07,0,0,0,7.73942e+07
59.389,110.355,1.31933,0.1,0.06,3.48003,3.56336,0,0.652121,6.048,4.39666e+06,3.00878e+06,1.53005e+07,0,0,0,5.84094e+08,58.6881,61.308,1.61836,1,0,1.65602,1.69567,0,1.27937,2.96352,9.13716e+06,4.02164e+06,1.51313e+07,0,0,0,7.73942e+07
57.3004,110.355,1.14842,0.1,0.06,3.48023,3.56357,0,0.652158,6.048,4.39666e+06,3.00878e+06,1.53014e+07,0,0,0,5.84094e+08,57.8532,61.308,1.60325,1,0,1.65611,1.69577,0,1.27944,2.96352,9.13716e+06,4.02164e+06,1.51322e+07,0,0,0,7.73942e+07
54.6598,110.355,0.738437,0.1,0.06,3.71287,3.80178,0,0.652195,6.048,4.39666e+06,3.00878e+06,1.63242e+07,0,0,0,5.84094e+08,56.8505,61.308,1.25996,1,0,1.7988,1.84187,0,1.27951,2.96352,9.13716e+06,4.02164e+06,1.64359e+07,0,0,0,7.73942e+07
52.0246,110.355,0.696038,0.14,0.06,3.71309,3.802,0,0.695793,6.048,4.39666e+06,3.00878e+06,1.63252e+07,0,0,0,5.84094e+08,55.9708,61.308,1.17604,1,0,1.7989,1.84198,0,1.38975,2.96352,9.13716e+06,4.02164e+06,1.64369e+07,0,0,0,7.73942e+07
49.6837,110.355,0.94716,0.13,0.06,3.7133,3.80222,0,0.695832,6.048,4.39666e+06,3.00878e+06,1.63261e+07,0,0,0,5.84094e+08,55.2505,61.308,1.32716,1,0,1.79901,1.84208,0,1.38983,2.96352,9.13716e+06,4.02164e+06,1.64378e+07,0,0,0,7.73942e+07
47.7779,110.355,1.3894,0.19,0.06,3.71351,3.80243,0,0.695872,6.048,4.39666e+06,3.00878e+06,1.63271e+07,0,0,0,5.84094e+08,54.716,61.308,1.55507,1,0,1.79911,1.84219,0,1.38991,2.96352,9.13716e+06,4.02164e+06,1.64387e+07,0,0,0,7.73942e+07
46.4544,110.355,1.94045,0.17,0.06,3.71372,3.80265,0,0.695912,6.048,4.39666e+06,3.00878e+06,1.6328e+07,0,0,0,5.84094e+08,54.2154,61.308,2.1777,1,0,1.79921,1.84229,0,1.38999,2.96352,9.13716e+06,4.02164e+06,1.64397e+07,0,0,0,7.73942e+07
44.2951,110.355,1.01618,0.19,0.06,3.60062,3.68684,0,0.695952,6.048,4.39666e+06,3.00878e+06,1.58307e+07,0,0,0,5.84094e+08,53.2411,61.308,1.39072,1,0,1.71274,1.75375,0,1.39007,2.96352,9.13716e+06,4.02164e+06,1.56496e+07,0,0,0,7.73942e+07
42.1218,110.355,0.902536,0.21,0.06,3.60083,3.68705,0,0.674756,6.048,4.39666e+06,3.00878e+06,1.58316e+07,0,0,0,5.84094e+08,52.7924,61.308,1.17863,1,0,1.71284,1.75385,0,1.32326,2.96352,9.13716e+06,4.02164e+06,1.56505e+07,0,0,0,7.73942e+07
41.3121,110.355,2.3054,0.21,0.06,3.60103,3.68726,0,0.674795,6.048,4.39666e+06,3.00878e+06,1.58325e+07,0,0,0,5.84094e+08,52.4409,61.308,2.65972,1,0,1.71294,1.75396,0,1.32334,2.96352,9.13716e+06,4.02164e+06,1.56514e+07,0,0,0,7.73942e+07
39.7992,110.355,1.62709,0.2,0.06,3.60124,3.68747,0,0.674834,6.048,4.39666e+06,3.00878e+06,1.58334e+07,0,0,0,5.84094e+08,51.863,61.308,1.61166,1,0,1.71304,1.75406,0,1.32342,2.96352,9.13716e+06,4.02164e+06,1.56523e+07,0,0,0,7.73942e+07
38.1913,110.355,1.40861,0.21,0.06,3.50841,3.59242,0,0.674872,6.048,4.39666e+06,3.00878e+06,1.54253e+07,0,0,0,5.84094e+08,51.1331,61.308,1.41272,1,0,1.63431,1.67345,0,1.32349,2.96352,9.13716e+06,4.02164e+06,1.4933e+07,0,0,0,7.73942e+07
36.3666,110.355,1.13038,0.26,0.06,3.50861,3.59263,0,0.657476,6.048,4.39666e+06,3.00878e+06,1.54262e+07,0,0,0,5.84094e+08,50.6961,61.308,1.19497,1,0,1.63441,1.67354,0,1.26267,2.96352,9.13716e+06,4.02164e+06,1.49338e+07,0,0,0,7.73942e+07
35.522,110.355,2.12145,0.27,0.06,3.50881,3.59283,0,0.657514,6.048,4.39666e+06,3.00878e+06,1.54271e+07,0,0,0,5.84094e+08,50.8713,61.308,3.54199,1,0,1.6345,1.67364,0,1.26274,2.96352,9.13716e+06,4.02164e+06,1.49347e+07,0,0,0,7.73942e+07
36.3492,110.355,3.90716,0.28,0.06,3.50901,3.59304,0,0.657552,6.048,4.39666e+06,3.00878e+06,1.54279e+07,0,0,0,5.84094e+08,51.8353,61.308,4.28507,1,0,1.63459,1.67373,0,1.26281,2.96352,9.13716e+06,4.02164e+06,1.49355e+07,0,0,0,7.73942e+07
37.9598,110.355,4.64449,0.29,0.06,3.24493,3.32263,0,0.657589,6.048,4.39666e+06,3.00878e+06,1.42669e+07,0,0,0,5.84094e+08,52.6986,61.308,3.18208,1,0,1.47049,1.5057,0,1.26289,2.96352,9.13716e+06,4.02164e+06,1.34361e+07,0,0,0,7.73942e+07
38.4734,110.355,3.56634,0.3,0.06,3.24512,3.32282,0,0.6081,6.048,4.39666e+06,3.00878e+06,1.42677e+07,0,0,0,5.84094e+08,53.4273,61.308,3.80306,1,0,1.47057,1.50579,0,1.1361,2.96352,9.13716e+06,4.02164e+06,1.34369e+07,0,0,0,7.73942e+07
38.9851,110.355,3.52666,0.32,0.06,3.2453,3.32301,0,0.608135,6.048,4.39666e+06,3.00878e+06,1.42685e+07,0,0,0,5.84094e+08,54.3984,61.308,6.18448,1,0,1.47066,1.50587,0,1.13616,2.96352,9.13716e+06,4.02164e+06,1.34376e+07,0,0,0,7.73942e+07
39.6423,110.355,3.69361,0.32,0.06,3.24549,3.3232,0,0.60817,6.048,4.39666e+06,3.00878e+06,1.42693e+07,0,0,0,5.84094e+08,55.1539,61.308,5.04859,1,0,1.47074,1.50596,0,1.13623,2.96352,9.13716e+06,4.02164e+06,1.34384e+07,0,0,0,7.73942e+07
40.8517,110.355,4.29984,0.26,0.06,3.24567,3.32339,0,0.608205,6.048,4.39666e+06,3.00878e+06,1.42701e+07,0,0,0,5.84094e+08,55.9604,61.308,3.88117,1,0,1.47083,1.50604,0,1.13629,2.96352,9.13716e+06,4.02164e+06,1.34392e+07,0,0,0,7.73942e+07
43.0278,110.355,5.39207,0.26,0.06,3.34753,3.42769,0,0.608239,6.048,4.39666e+06,3.00878e+06,1.4718e+07,0,0,0,5.84094e+08,56.6769,61.308,3.9798,1,0,1.51846,1.55482,0,1.13636,2.96352,9.13716e+06,4.02164e+06,1.38744e+07,0,0,0,7.73942e+07
45.0663,110.355,5.30899,0.29,0.06,3.3477,3.42786,0,0.627327,6.048,4.39666e+06,3.00878e+06,1.47187e+07,0,0,0,5.84094e+08,57.5042,61.308,4.16718,1,0,1.51854,1.5549,0,1.17317,2.96352,9.13716e+06,4.02164e+06,1.38751e+07,0,0,0,7.73942e+07
46.8567,110.355,5.07707,0.22,0.06,3.34786,3.42803,0,0.627358,6.048,4.39666e+06,3.00878e+06,1.47194e+07,0,0,0,5.84094e+08,58.3958,61.308,4.4155,1,0,1.51861,1.55498,0,1.17322,2.96352,9.13716e+06,4.02164e+06,1.38758e+07,0,0,0,7.73942e+07
49.997,110.355,6.54847,0.25,0.06,3.34803,3.4282,0,0.627389,6.048,4.39666e+06,3.00878e+06,1.47201e+07,0,0,0,5.84094e+08,58.9633,61.308,3.80577,1,0,1.51869,1.55505,0,1.17328,2.96352,9.13716e+06,4.02164e+06,1.38765e+07,0,0,0,7.73942e+07
50.4875,110.355,4.08202,0.26,0.06,3.67476,3.76276,0,0.62742,6.048,4.39666e+06,3.00878e+06,1.61567e+07,0,0,0,5.84094e+08,59.6824,61.308,4.20197,1,0,1.69734,1.73798,0,1.17334,2.96352,9.13716e+06,4.02164e+06,1.55088e+07,0,0,0,7.73942e+07
51.4531,110.355,4.58977,0.19,0.06,3.67495,3.76294,0,0.688651,6.048,4.39666e+06,3.00878e+06,1.61575e+07,0,0,0,5.84094e+08,60.6067,61.308,4.69579,1,0,1.69742,1.73807,0,1.31136,2.96352,9.13716e+06,4.02164e+06,1.55096e+07,0,0,0,7.73942e+07
52.5554,110.355,4.8047,0.22,0.06,3.67513,3.76313,0,0.688685,6.048,4.39666e+06,3.00878e+06,1.61583e+07,0,0,0,5.84094e+08,61.2675,61.308,4.43142,1,0,1.6975,1.73815,0,1.31143,2.96352,9.13716e+06,4.02164e+06,1.55104e+07,0,0,0,7.73942e+07
53.3217,110.355,4.46901,0.24,0.06,3.67531,3.76332,0,0.688719,6.048,4.39666e+06,3.00878e+06,1.61591e+07,0,0,0,5.84094e+08,61.8145,61.308,4.0395,1,0,1.69759,1.73824,0,1.31149,2.96352,9.13716e+06,4.02164e+06,1.55111e+07,0,0,0,7.73942e+07
55.9969,110.355,6.11411,0.26,0.06,3.2096,3.28645,0,0.688753,6.048,4.39666e+06,3.00878e+06,1.41115e+07,0,0,0,5.84094e+08,62.3362,61.308,4.05724,1,0,1.45798,1.49289,0,1.31156,2.96352,9.13716e+06,4.02164e+06,1.33217e+07,0,0,0,7.73942e+07
57.9152,110.355,5.37085,0.28,0.06,3.20975,3.28661,0,0.601478,6.048,4.39666e+06,3.00878e+06,1.41122e+07,0,0,0,5.84094e+08,62.3362,61.308,4.08534,1,0,1.45805,1.49296,0,1.12643,2.96352,9.13716e+06,4.02164e+06,1.33224e+07,0,0,0,7.73942e+07
63.9054,110.355,9.87906,0.2,0.06,3.20991,3.28678,0,0.601508,6.048,4.39666e+06,3.00878e+06,1.41129e+07,0,0,0,5.84094e+08,62.3362,61.308,7.03141,1,0,1.45812,1.49303,0,1.12649,2.96352,9.13716e+06,4.02164e+06,1.33231e+07,0,0,0,7.73942e+07
69.2313,110.355,9.26394,0.16,0.06,3.21007,3.28694,0,0.601538,6.048,4.39666e+06,3.00878e+06,1.41136e+07,0,0,0,5.84094e+08,62.3362,61.308,6.50862,1,0,1.45819,1.49311,0,1.12654,2.96352,9.13716e+06,4.02164e+06,1.33237e+07,0,0,0,7.73942e+07
73.1096,110.355,7.66649,0.11,0.06,3.21023,3.2871,0,0.601567,6.048,4.39666e+06,3.00878e+06,1.41143e+07,0,0,0,5.84094e+08,62.3362,61.308,6.03448,1,0,1.45826,1.49318,0,1.1266,2.96352,9.13716e+06,4.02164e+06,1.33244e+07,0,0,0,7.73942e+07
75.9728,110.355,6.71908,0.11,0.06,3.32769,3.40737,0,0.601597,6.048,4.39666e+06,3.00878e+06,1.46307e+07,0,0,0,5.84094e+08,62.3362,61.308,7.58654,1,0,1.51699,1.55331,0,1.12665,2.96352,9.13716e+06,4.02164e+06,1.38609e+07,0,0,0,7.73942e+07
77.4638,110.355,5.45381,0.06,0.06,3.32785,3.40754,0,0.623609,6.048,4.39666e+06,3.00878e+06,1.46314e+07,0,0,0,5.84094e+08,62.3362,61.308,7.38304,1,0,1.51706,1.55339,0,1.17202,2.96352,9.13716e+06,4.02164e+06,1.38616e+07,0,0,0,7.73942e+07
77.8344,110.355,4.16516,0.06,0.06,3.32801,3.40771,0,0.623639,6.048,4.39666e+06,3.00878e+06,1.46322e+07,0,0,0,5.84094e+08,62.3362,61.308,5.39326,1,0,1.51714,1.55347,0,1.17208,2.96352,9.13716e+06,4.02164e+06,1.38623e+07,0,0,0,7.73942e+07
78.1843,110.355,4.03043,0.06,0.06,3.32818,3.40787,0,0.62367,6.048,4.39666e+06,3.00878e+06,1.46329e+07,0,0,0,5.84094e+08,62.3362,61.308,4.41481,1,0,1.51721,1.55354,0,1.17214,2.96352,9.13716e+06,4.02164e+06,1.3863e+07,0,0,0,7.73942e+07
78.1096,110.355,3.5179,0.07,0.06,3.28247,3.36107,0,0.623701,6.048,4.39666e+06,3.00878e+06,1.44319e+07,0,0,0,5.84094e+08,62.3362,61.308,3.77933,1,0,1.4945,1.53029,0,1.1722,2.96352,9.13716e+06,4.02164e+06,1.36555e+07,0,0,0,7.73942e+07
77.8312,110.355,3.29959,0.05,0.06,3.28263,3.36124,0,0.615135,6.048,4.39666e+06,3.00878e+06,1.44326e+07,0,0,0,5.84094e+08,62.3362,61.308,3.1164,1,0,1.49457,1.53036,0,1.15465,2.96352,9.13716e+06,4.02164e+06,1.36562e+07,0,0,0,7.73942e+07
78.1386,110.355,3.87449,0.05,0.06,3.28279,3.3614,0,0.615165,6.048,4.39666e+06,3.00878e+06,1.44333e+07,0,0,0,5.84094e+08,62.3362,61.308,3.22467,1,0,1.49465,1.53044,0,1.15471,2.96352,9.13716e+06,4.02164e+06,1.36568e+07,0,0,0,7.73942e+07
77.6259,110.355,2.92383,0.05,0.06,3.28295,3.36157,0,0.615195,6.048,4.39666e+06,3.00878e+06,1.4434e+07,0,0,0,5.84094e+08,62.3362,61.308,3.06018,1,0,1.49472,1.53051,0,1.15476,2.96352,9.13716e+06,4.02164e+06,1.36575e+07,0,0,0,7.73942e+07
77.1848,110.355,3.10958,0.04,0.06,3.43886,3.5212,0,0.615226,6.048,4.39666e+06,3.00878e+06,1.51195e+07,0,0,0,5.84094e+08,62.3362,61.308,2.9428,1,0,1.57561,1.61334,0,1.15482,2.96352,9.13716e+06,4.02164e+06,1.43966e+07,0,0,0,7.73942e+07
76.6226,110.355,2.97332,0.03,0.06,3.43903,3.52138,0,0.644442,6.048,4.39666e+06,3.00878e+06,1.51202e+07,0,0,0,5.84094e+08,62.3076,61.308,2.70264,1,0,1.57569,1.61342,0,1.21732,2.96352,9.13716e+06,4.02164e+06,1.43973e+07,0,0,0,7.73942e+07
75.758,110.355,2.64827,0.03,0.06,3.43919,3.52155,0,0.644473,6.048,4.39666e+06,3.00878e+06,1.5121e+07,0,0,0,5.84094e+08,62.214,61.308,2.46826,1,0,1.57577,1.6135,0,1.21738,2.96352,9.13716e+06,4.02164e+06,1.4398e+07,0,0,0,7.73942e+07
74.8096,110.355,2.49247,0.03,0.06,3.43936,3.52172,0,0.644505,6.048,4.39666e+06,3.00878e+06,1.51217e+07,0,0,0,5.84094e+08,62.0589,61.308,2.3738,1,0,1.57584,1.61358,0,1.21744,2.96352,9.13716e+06,4.02164e+06,1.43987e+07,0,0,0,7.73942e+07
74.2904,110.355,2.97709,0.02,0.06,3.43953,3.5219,0,0.644537,6.048,4.39666e+06,3.00878e+06,1.51225e+07,0,0,0,5.84094e+08,61.944,61.308,2.64409,1,0,1.57592,1.61366,0,1.2175,2.96352,9.13716e+06,4.02164e+06,1.43994e+07,0,0,0,7.73942e+07
73.7137,110.355,2.8957,0.03,0.06,3.4089,3.49052,0,0.644569,6.048,4.39666e+06,3.00878e+06,1.49878e+07,0,0,0,5.84094e+08,61.7654,61.308,2.57463,1,0,1.62043,1.65923,0,1.21756,2.96352,9.13716e+06,4.02164e+06,1.48061e+07,0,0,0,7.73942e+07
72.9362,110.355,2.67084,0.03,0.06,3.40906,3.4907,0,0.638827,6.048,4.39666e+06,3.00878e+06,1.49885e+07,0,0,0,5.84094e+08,61.5532,61.308,2.43906,1,0,1.62051,1.65931,0,1.25194,2.96352,9.13716e+06,4.02164e+06,1.48068e+07,0,0,0,7.73942e+07
72.0855,110.355,2.5731,0.05,0.06,3.40923,3.49087,0,0.638858,6.048,4.39666e+06,3.00878e+06,1.49892e+07,0,0,0,5.84094e+08,61.3005,61.308,2.20518,1,0,1.62059,1.65939,0,1.252,2.96352,9.13716e+06,4.02164e+06,1.48076e+07,0,0,0,7.73942e+07
71.1903,110.355,2.50515,0.05,0.06,3.4094,3.49104,0,0.63889,6.048,4.39666e+06,3.00878e+06,1.499e+07,0,0,0,5.84094e+08,61.0578,61.308,2.19046,1,0,1.62067,1.65948,0,1.25207,2.96352,9.13716e+06,4.02164e+06,1.48083e+07,0,0,0,7.73942e+07
70.2378,110.355,2.48561,0.04,0.06,3.48914,3.57269,0,0.638921,6.048,4.39666e+06,3.00878e+06,1.53406e+07,0,0,0,5.84094e+08,60.7969,61.308,2.22765,1,0,1.66035,1.70011,0,1.25213,2.96352,9.13716e+06,4.02164e+06,1.51709e+07,0,0,0,7.73942e+07
69.1921,110.355,2.37608,0.05,0.06,3.48931,3.57286,0,0.653865,6.048,4.39666e+06,3.00878e+06,1.53413e+07,0,0,0,5.84094e+08,60.4361,61.308,2.44855,1,0,1.66043,1.70019,0,1.28279,2.96352,9.13716e+06,4.02164e+06,1.51716e+07,0,0,0,7.73942e+07
68.5315,110.355,2.77964,0.06,0.06,3.48948,3.57304,0,0.653897,6.048,4.39666e+06,3.00878e+06,1.53421e+07,0,0,0,5.84094e+08,60.2441,61.308,2.45872,1,0,1.66051,1.70028,0,1.28285,2.96352,9.13716e+06,4.02164e+06,1.51724e+07,0,0,0,7.73942e+07
67.4538,110.355,2.33759,0.06,0.06,3.48965,3.57322,0,0.653929,6.048,4.39666e+06,3.00878e+06,1.53428e+07,0,0,0,5.84094e+08,59.8889,61.308,2.22681,1,0,1.6606,1.70036,0,1.28291,2.96352,9.13716e+06,4.02164e+06,1.51731e+07,0,0,0,7.73942e+07
66.1888,110.355,2.30158,0.06,0.06,3.7229,3.81204,0,0.653961,6.048,4.39666e+06,3.00878e+06,1.63683e+07,0,0,0,5.84094e+08,59.5096,61.308,2.08199,1,0,1.80365,1.84684,0,1.28298,2.96352,9.13716e+06,4.02164e+06,1.64803e+07,0,0,0,7.73942e+07
65.2211,110.355,2.61486,0.07,0.06,3.72308,3.81223,0,0.697671,6.048,4.39666e+06,3.00878e+06,1.63691e+07,0,0,0,5.84094e+08,59.266,61.308,2.53739,1,0,1.80374,1.84694,0,1.3935,2.96352,9.13716e+06,4.02164e+06,1.64811e+07,0,0,0,7.73942e+07
63.7475,110.355,2.10251,0.06,0.06,3.72326,3.81242,0,0.697705,6.048,4.39666e+06,3.00878e+06,1.63699e+07,0,0,0,5.84094e+08,58.8294,61.308,1.82751,1,0,1.80383,1.84703,0,1.39357,2.96352,9.13716e+06,4.02164e+06,1.64819e+07,0,0,0,7.73942e+07
62.7558,110.355,2.54888,0.07,0.06,3.72345,3.81261,0,0.697739,6.048,4.39666e+06,3.00878e+06,1.63707e+07,0,0,0,5.84094e+08,58.7406,61.308,3.19687,1,0,1.80392,1.84712,0,1.39364,2.96352,9.13716e+06,4.02164e+06,1.64827e+07,0,0,0,7.73942e+07
62.0279,110.355,2.78424,0.07,0.06,3.72363,3.81279,0,0.697774,6.048,4.39666e+06,3.00878e+06,1.63715e+07,0,0,0,5.84094e+08,58.6665,61.308,3.29588,1,0,1.80401,1.84721,0,1.39371,2.96352,9.13716e+06,4.02164e+06,1.64835e+07,0,0,0,7.73942e+07
61.714,110.355,3.13231,0.06,0.06,3.61019,3.69664,0,0.697808,6.048,4.39666e+06,3.00878e+06,1.58728e+07,0,0,0,5.84094e+08,58.7437,61.308,3.73282,1,0,1.7173,1.75842,0,1.39378,2.96352,9.13716e+06,4.02164e+06,1.56912e+07,0,0,0,7.73942e+07
61.4444,110.355,3.16977,0.11,0.06,3.61037,3.69682,0,0.67655,6.048,4.39666e+06,3.00878e+06,1.58736e+07,0,0,0,5.84094e+08,58.6526,61.308,3.36842,1,0,1.71738,1.7585,0,1.32678,2.96352,9.13716e+06,4.02164e+06,1.5692e+07,0,0,0,7.73942e+07
60.7279,110.355,2.79846,0.1,0.06,3.61055,3.69701,0,0.676584,6.048,4.39666e+06,3.00878e+06,1.58744e+07,0,0,0,5.84094e+08,58.6026,61.308,3.34211,1,0,1.71746,1.75859,0,1.32685,2.96352,9.13716e+06,4.02164e+06,1.56927e+07,0,0,0,7.73942e+07
60.3653,110.355,3.24648,0.08,0.06,3.61073,3.69719,0,0.676617,6.048,4.39666e+06,3.00878e+06,1.58751e+07,0,0,0,5.84094e+08,58.5719,61.308,3.26982,1,0,1.71755,1.75868,0,1.32691,2.96352,9.13716e+06,4.02164e+06,1.56935e+07,0,0,0,7.73942e+07
61.7397,110.355,4.91753,0.08,0.06,3.51763,3.60186,0,0.67665,6.048,4.39666e+06,3.00878e+06,1.54658e+07,0,0,0,5.84094e+08,58.5724,61.308,3.04522,1,0,1.6386,1.67784,0,1.32698,2.96352,9.13716e+06,4.02164e+06,1.49722e+07,0,0,0,7.73942e+07
63.1759,110.355,4.99971,0.1,0.06,3.5178,3.60203,0,0.659203,6.048,4.39666e+06,3.00878e+06,1.54666e+07,0,0,0,5.84094e+08,59.0895,61.308,4.08798,1,0,1.63869,1.67793,0,1.26599,2.96352,9.13716e+06,4.02164e+06,1.49729e+07,0,0,0,7.73942e+07
66.1207,110.355,6.55221,0.06,0.06,3.51797,3.60221,0,0.659235,6.048,4.39666e+06,3.00878e+06,1.54673e+07,0,0,0,5.84094e+08,59.5273,61.308,4.48039,1,0,1.63877,1.67801,0,1.26605,2.96352,9.13716e+06,4.02164e+06,1.49737e+07,0,0,0,7.73942e+07
66.6589,110.355,4.27065,0.06,0.06,3.51814,3.60239,0,0.659268,6.048,4.39666e+06,3.00878e+06,1.54681e+07,0,0,0,5.84094e+08,59.5509,61.308,3.15086,1,0,1.63885,1.67809,0,1.26611,2.96352,9.13716e+06,4.02164e+06,1.49744e+07,0,0,0,7.73942e+07
67.1109,110.355,3.93652,0.07,0.06,3.25335,3.33125,0,0.6593,6.048,4.39666e+06,3.00878e+06,1.43039e+07,0,0,0,5.84094e+08,59.9309,61.308,3.54815,1,0,1.4743,1.50961,0,1.26617,2.96352,9.13716e+06,4.02164e+06,1.34709e+07,0,0,0,7.73942e+07
67.3686,110.355,3.79865,0.08,0.06,3.25351,3.33142,0,0.609677,6.048,4.39666e+06,3.00878e+06,1.43046e+07,0,0,0,5.84094e+08,60.5174,61.308,3.85831,1,0,1.47438,1.50968,0,1.13905,2.96352,9.13716e+06,4.02164e+06,1.34716e+07,0,0,0,7.73942e+07
70.4626,110.355,6.75986,0.08,0.06,3.25367,3.33158,0,0.609707,6.048,4.39666e+06,3.00878e+06,1.43053e+07,0,0,0,5.84094e+08,62.3362,61.308,8.6903,1,0,1.47445,1.50975,0,1.1391,2.96352,9.13716e+06,4.02164e+06,1.34723e+07,0,0,0,7.73942e+07
71.2885,110.355,4.52868,0.07,0.06,3.25383,3.33174,0,0.609737,6.048,4.39666e+06,3.00878e+06,1.4306e+07,0,0,0,5.84094e+08,62.3362,61.308,4.74269,1,0,1.47452,1.50983,0,1.13916,2.96352,9.13716e+06,4.02164e+06,1.34729e+07,0,0,0,7.73942e+07
70.9131,110.355,3.18965,0.08,0.06,3.25399,3.33191,0,0.609767,6.048,4.39666e+06,3.00878e+06,1.43067e+07,0,0,0,5.84094e+08,62.3362,61.308,3.25525,1,0,1.47459,1.5099,0,1.13921,2.96352,9.13716e+06,4.02164e+06,1.34736e+07,0,0,0,7.73942e+07
70.6146,110.355,3.20862,0.08,0.06,3.35608,3.43644,0,0.609797,6.048,4.39666e+06,3.00878e+06,1.47555e+07,0,0,0,5.84094e+08,62.3362,61.308,3.35839,1,0,1.52234,1.55879,0,1.13927,2.96352,9.13716e+06,4.02164e+06,1.39099e+07,0,0,0,7.73942e+07
70.0766,110.355,2.99705,0.07,0.06,3.35622,3.43658,0,0.628929,6.048,4.39666e+06,3.00878e+06,1.47562e+07,0,0,0,5.84094e+08,62.3362,61.308,4.40732,1,0,1.5224,1.55886,0,1.17616,2.96352,9.13716e+06,4.02164e+06,1.39104e+07,0,0,0,7.73942e+07
68.9991,110.355,2.35642,0.07,0.06,3.35636,3.43673,0,0.628955,6.048,4.39666e+06,3.00878e+06,1.47568e+07,0,0,0,5.84094e+08,62.3362,61.308,4.25275,1,0,1.52247,1.55892,0,1.17621,2.96352,9.13716e+06,4.02164e+06,1.3911e+07,0,0,0,7.73942e+07
67.3501,110.355,1.80525,0.07,0.06,3.35649,3.43687,0,0.628981,6.048,4.39666e+06,3.00878e+06,1.47574e+07,0,0,0,5.84094e+08,62.3362,61.308,2.29654,1,0,1.52253,1.55899,0,1.17626,2.96352,9.13716e+06,4.02164e+06,1.39116e+07,0,0,0,7.73942e+07
65.3915,110.355,1.67821,0.11,0.06,3.68403,3.77225,0,0.629007,6.048,4.39666e+06,3.00878e+06,1.61974e+07,0,0,0,5.84094e+08,62.2259,61.308,2.80215,1,0,1.70162,1.74236,0,1.17631,2.96352,9.13716e+06,4.02164e+06,1.55479e+07,0,0,0,7.73942e+07
63.8772,110.355,2.12721,0.1,0.06,3.68418,3.7724,0,0.690387,6.048,4.39666e+06,3.00878e+06,1.61981e+07,0,0,0,5.84094e+08,62.0899,61.308,2.63422,1,0,1.70169,1.74243,0,1.31467,2.96352,9.13716e+06,4.02164e+06,1.55486e+07,0,0,0,7.73942e+07
62.1593,110.355,1.86525,0.11,0.06,3.68433,3.77256,0,0.690416,6.048,4.39666e+06,3.00878e+06,1.61988e+07,0,0,0,5.84094e+08,61.9128,61.308,2.36091,1,0,1.70176,1.74251,0,1.31472,2.96352,9.13716e+06,4.02164e+06,1.55492e+07,0,0,0,7.73942e+07
60.7043,110.355,2.14809,0.12,0.06,3.68449,3.77271,0,0.690444,6.048,4.39666e+06,3.00878e+06,1.61994e+07,0,0,0,5.84094e+08,61.8798,61.308,2.36183,1,0,1.70183,1.74258,0,1.31478,2.96352,9.13716e+06,4.02164e+06,1.55499e+07,0,0,0,7.73942e+07
61.1485,110.355,3.80825,0.17,0.06,3.21759,3.29463,0,0.690473,6.048,4.39666e+06,3.00878e+06,1.41466e+07,0,0,0,5.84094e+08,62.3057,61.308,3.21663,1,0,1.4616,1.4966,0,1.31483,2.96352,9.13716e+06,4.02164e+06,1.33549e+07,0,0,0,7.73942e+07
61.9751,110.355,4.18224,0.19,0.06,3.21772,3.29477,0,0.602976,6.048,4.39666e+06,3.00878e+06,1.41472e+07,0,0,0,5.84094e+08,62.3362,61.308,3.44809,1,0,1.46166,1.49666,0,1.12924,2.96352,9.13716e+06,4.02164e+06,1.33555e+07,0,0,0,7.73942e+07
62.3259,110.355,3.69963,0.14,0.06,3.21785,3.2949,0,0.603,6.048,4.39666e+06,3.00878e+06,1.41478e+07,0,0,0,5.84094e+08,62.3362,61.308,3.20557,1,0,1.46172,1.49673,0,1.12928,2.96352,9.13716e+06,4.02164e+06,1.3356e+07,0,0,0,7.73942e+07
61.8577,110.355,2.86936,0.16,0.06,3.21798,3.29504,0,0.603025,6.048,4.39666e+06,3.00878e+06,1.41484e+07,0,0,0,5.84094e+08,62.3362,61.308,3.35173,1,0,1.46178,1.49679,0,1.12933,2.96352,9.13716e+06,4.02164e+06,1.33566e+07,0,0,0,7.73942e+07
63.0116,110.355,4.60059,0.17,0.06,3.21812,3.29518,0,0.60305,6.048,4.39666e+06,3.00878e+06,1.4149e+07,0,0,0,5.84094e+08,62.3362,61.308,4.32755,1,0,1.46184,1.49685,0,1.12937,2.96352,9.13716e+06,4.02164e+06,1.33571e+07,0,0,0,7.73942e+07
63.1007,110.355,3.62651,0.16,0.06,3.33584,3.41571,0,0.603075,6.048,4.39666e+06,3.00878e+06,1.46665e+07,0,0,0,5.84094e+08,62.3362,61.308,3.50932,1,0,1.5207,1.55712,0,1.12942,2.96352,9.13716e+06,4.02164e+06,1.38949e+07,0,0,0,7.73942e+07
63.1067,110.355,3.50999,0.16,0.06,3.33597,3.41586,0,0.625136,6.048,4.39666e+06,3.00878e+06,1.46671e+07,0,0,0,5.84094e+08,62.3362,61.308,3.32839,1,0,1.52076,1.55718,0,1.17489,2.96352,9.13716e+06,4.02164e+06,1.38955e+07,0,0,0,7.73942e+07
62.8079,110.355,3.23132,0.15,0.06,3.33611,3.416,0,0.625161,6.048,4.39666e+06,3.00878e+06,1.46677e+07,0,0,0,5.84094e+08,62.3362,61.308,2.96946,1,0,1.52083,1.55724,0,1.17494,2.96352,9.13716e+06,4.02164e+06,1.3896e+07,0,0,0,7.73942e+07
62.2441,110.355,2.90193,0.14,0.06,3.33625,3.41614,0,0.625187,6.048,4.39666e+06,3.00878e+06,1.46684e+07,0,0,0,5.84094e+08,62.3362,61.308,3.23533,1,0,1.52089,1.55731,0,1.17499,2.96352,9.13716e+06,4.02164e+06,1.38966e+07,0,0,0,7.73942e+07
61.7164,110.355,2.86676,0.15,0.06,3.2904,3.36919,0,0.625213,6.048,4.39666e+06,3.00878e+06,1.44668e+07,0,0,0,5.84094e+08,62.3362,61.308,2.91669,1,0,1.49811,1.53399,0,1.17504,2.96352,9.13716e+06,4.02164e+06,1.36885e+07,0,0,0,7.73942e+07
61.0824,110.355,2.69655,0.22,0.06,3.29054,3.36933,0,0.616621,6.048,4.39666e+06,3.00878e+06,1.44674e+07,0,0,0,5.84094e+08,62.3362,61.308,2.88064,1,0,1.49817,1.53405,0,1.15744,2.96352,9.13716e+06,4.02164e+06,1.36891e+07,0,0,0,7.73942e+07
60.3645,110.355,2.59747,0.19,0.06,3.29067,3.36947,0,0.616647,6.048,4.39666e+06,3.00878e+06,1.4468e+07,0,0,0,5.84094e+08,62.3362,61.308,2.95129,1,0,1.49824,1.53411,0,1.15749,2.96352,9.13716e+06,4.02164e+06,1.36896e+07,0,0,0,7.73942e+07
59.6861,110.355,2.62697,0.17,0.06,3.29081,3.36961,0,0.616672,6.048,4.39666e+06,3.00878e+06,1.44686e+07,0,0,0,5.84094e+08,62.3362,61.308,2.7883,1,0,1.4983,1.53418,0,1.15754,2.96352,9.13716e+06,4.02164e+06,1.36902e+07,0,0,0,7.73942e+07
58.6514,110.355,2.31281,0.17,0.06,3.44706,3.5296,0,0.616697,6.048,4.39666e+06,3.00878e+06,1.51555e+07,0,0,0,5.84094e+08,62.2941,61.308,2.72068,1,0,1.57937,1.61719,0,1.15758,2.96352,9.13716e+06,4.02164e+06,1.44309e+07,0,0,0,7.73942e+07
57.4076,110.355,2.07027,0.17,0.06,3.4472,3.52974,0,0.645978,6.048,4.39666e+06,3.00878e+06,1.51562e+07,0,0,0,5.84094e+08,62.197,61.308,2.52616,1,0,1.57943,1.61725,0,1.22022,2.96352,9.13716e+06,4.02164e+06,1.44315e+07,0,0,0,7.73942e+07
56.1291,110.355,2.00933,0.15,0.06,3.44734,3.52989,0,0.646005,6.048,4.39666e+06,3.00878e+06,1.51568e+07,0,0,0,5.84094e+08,62.0483,61.308,2.29954,1,0,1.5795,1.61732,0,1.22027,2.96352,9.13716e+06,4.02164e+06,1.44321e+07,0,0,0,7.73942e+07
54.6462,110.355,1.76319,0.16,0.06,3.44748,3.53003,0,0.646031,6.048,4.39666e+06,3.00878e+06,1.51574e+07,0,0,0,5.84094e+08,61.814,61.308,2.14345,1,0,1.57956,1.61739,0,1.22032,2.96352,9.13716e+06,4.02164e+06,1.44327e+07,0,0,0,7.73942e+07
52.922,110.355,1.44028,0.19,0.06,3.44762,3.53018,0,0.646058,6.048,4.39666e+06,3.00878e+06,1.5158e+07,0,0,0,5.84094e+08,61.3327,61.308,1.87046,1,0,1.57963,1.61745,0,1.22037,2.96352,9.13716e+06,4.02164e+06,1.44333e+07,0,0,0,7.73942e+07
51.0751,110.355,1.24955,0.19,0.06,3.41689,3.49871,0,0.646085,6.048,4.39666e+06,3.00878e+06,1.50229e+07,0,0,0,5.84094e+08,60.8101,61.308,1.63427,1,0,1.62423,1.66312,0,1.22042,2.96352,9.13716e+06,4.02164e+06,1.48408e+07,0,0,0,7.73942e+07
49.1704,110.355,1.15991,0.15,0.06,3.41703,3.49885,0,0.640324,6.048,4.39666e+06,3.00878e+06,1.50235e+07,0,0,0,5.84094e+08,60.1649,61.308,1.59777,1,0,1.62429,1.66319,0,1.25488,2.96352,9.13716e+06,4.02164e+06,1.48414e+07,0,0,0,7.73942e+07
47.2,110.355,1.05723,0.2,0.06,3.41717,3.49899,0,0.640351,6.048,4.39666e+06,3.00878e+06,1.50241e+07,0,0,0,5.84094e+08,59.4054,61.308,1.46347,1,0,1.62436,1.66326,0,1.25493,2.96352,9.13716e+06,4.02164e+06,1.4842e+07,0,0,0,7.73942e+07
45.1702,110.355,0.943163,0.2,0.06,3.41731,3.49914,0,0.640377,6.048,4.39666e+06,3.00878e+06,1.50247e+07,0,0,0,5.84094e+08,58.5753,61.308,1.33335,1,0,1.62443,1.66332,0,1.25498,2.96352,9.13716e+06,4.02164e+06,1.48426e+07,0,0,0,7.73942e+07
43.0957,110.355,0.901372,0.16,0.06,3.49721,3.58095,0,0.640404,6.048,4.39666e+06,3.00878e+06,1.5376e+07,0,0,0,5.84094e+08,57.7179,61.308,1.31422,1,0,1.66419,1.70404,0,1.25503,2.96352,9.13716e+06,4.02164e+06,1.5206e+07,0,0,0,7.73942e+07
41.0032,110.355,0.824203,0.25,0.06,3.49735,3.5811,0,0.655376,6.048,4.39666e+06,3.00878e+06,1.53767e+07,0,0,0,5.84094e+08,56.6946,61.308,1.2999,1,0,1.66426,1.70411,0,1.28575,2.96352,9.13716e+06,4.02164e+06,1.52066e+07,0,0,0,7.73942e+07
38.8997,110.355,0.75629,0.24,0.06,3.49749,3.58124,0,0.655403,6.048,4.39666e+06,3.00878e+06,1.53773e+07,0,0,0,5.84094e+08,55.8035,61.308,1.13792,1,0,1.66433,1.70418,0,1.28581,2.96352,9.13716e+06,4.02164e+06,1.52072e+07,0,0,0,7.73942e+07
36.9031,110.355,0.795773,0.32,0.06,3.49764,3.58139,0,0.65543,6.048,4.39666e+06,3.00878e+06,1.53779e+07,0,0,0,5.84094e+08,54.7833,61.308,1.34749,1,0,1.66439,1.70425,0,1.28586,2.96352,9.13716e+06,4.02164e+06,1.52078e+07,0,0,0,7.73942e+07
34.7722,110.355,0.742233,0.29,0.06,3.73138,3.82073,0,0.655457,6.048,4.39666e+06,3.00878e+06,1.64056e+07,0,0,0,5.84094e+08,53.5979,61.308,1.12372,1,0,1.80777,1.85105,0,1.28591,2.96352,9.13716e+06,4.02164e+06,1.65178e+07,0,0,0,7.73942e+07
32.6242,110.355,0.637153,0.3,0.06,3.73154,3.82089,0,0.699261,6.048,4.39666e+06,3.00878e+06,1.64063e+07,0,0,0,5.84094e+08,52.3457,61.308,0.981465,1,0,1.80784,1.85113,0,1.39668,2.96352,9.13716e+06,4.02164e+06,1.65185e+07,0,0,0,7.73942e+07
30.5803,110.355,0.64658,0.39,0.06,3.73169,3.82105,0,0.69929,6.048,4.39666e+06,3.00878e+06,1.6407e+07,0,0,0,5.84094e+08,51.2169,61.308,0.941028,1,0,1.80792,1.85121,0,1.39674,2.96352,9.13716e+06,4.02164e+06,1.65192e+07,0,0,0,7.73942e+07
28.9316,110.355,0.956169,0.35,0.06,3.73184,3.82121,0,0.699319,6.048,4.39666e+06,3.00878e+06,1.64077e+07,0,0,0,5.84094e+08,50.0824,61.308,1.12762,1,0,1.80799,1.85128,0,1.3968,2.96352,9.13716e+06,4.02164e+06,1.65199e+07,0,0,0,7.73942e+07
27.377,110.355,0.972008,0.32,0.06,3.732,3.82136,0,0.699347,6.048,4.39666e+06,3.00878e+06,1.64083e+07,0,0,0,5.84094e+08,48.7943,61.308,1.10575,1,0,1.80806,1.85136,0,1.39685,2.96352,9.13716e+06,4.02164e+06,1.65206e+07,0,0,0,7.73942e+07
25.4528,110.355,0.425983,0.39,0.06,3.61828,3.70492,0,0.699376,6.048,4.39666e+06,3.00878e+06,1.59083e+07,0,0,0,5.84094e+08,47.1813,61.308,0.760354,1,0,1.72114,1.76235,0,1.39691,2.96352,9.13716e+06,4.02164e+06,1.57263e+07,0,0,0,7.73942e+07
21.6842,110.355,0.25702,0.35,0.06,3.61843,3.70507,0,0.678065,6.048,4.39666e+06,3.00878e+06,1.5909e+07,0,0,0,5.84094e+08,45.5348,61.308,0.47098,1,0,1.72121,1.76243,0,1.32975,2.96352,9.13716e+06,4.02164e+06,1.5727e+07,0,0,0,7.73942e+07
18.3324,110.355,0.34585,0.43,0.06,3.27198,3.70523,0,0.678093,6.048,4.39666e+06,3.00878e+06,1.43858e+07,0,0,0,5.84094e+08,44.5435,61.308,0.581971,1,0,1.55641,1.7625,0,1.32981,2.96352,9.13716e+06,4.02164e+06,1.42212e+07,0,0,0,7.73942e+07
20.5993,110.355,0.885831,0.41,0.06,3.27211,3.70538,0,0.613169,6.048,4.39666e+06,3.00878e+06,1.43864e+07,0,0,0,5.84094e+08,43.4397,61.308,1.20486,1,0,1.55648,1.76257,0,1.20249,2.96352,9.13716e+06,4.02164e+06,1.42218e+07,0,0,0,7.73942e+07
19.5796,110.355,0.678443,0.41,0.06,3.18772,3.60981,0,0.613194,6.048,4.39666e+06,3.00878e+06,1.40153e+07,0,0,0,5.84094e+08,42.2336,61.308,0.761676,1,0,1.48493,1.68155,0,1.20253,2.96352,9.13716e+06,4.02164e+06,1.3568e+07,0,0,0,7.73942e+07
18.4187,110.355,0.544392,0.39,0.06,3.52553,3.60996,0,0.597378,6.048,4.39666e+06,3.00878e+06,1.55006e+07,0,0,0,5.84094e+08,41.6005,61.308,0.645044,1,0,1.64229,1.68162,0,1.14725,2.96352,9.13716e+06,4.02164e+06,1.50059e+07,0,0,0,7.73942e+07
17.8065,110.355,1.02187,0.39,0.06,3.52568,3.61011,0,0.660685,6.048,4.39666e+06,3.00878e+06,1.55012e+07,0,0,0,5.84094e+08,41.2919,61.308,1.91352,1,0,1.64236,1.68168,0,1.26883,2.96352,9.13716e+06,4.02164e+06,1.50065e+07,0,0,0,7.73942e+07
17.9822,110.355,1.88231,0.39,0.06,3.52583,3.61025,0,0.660712,6.048,4.39666e+06,3.00878e+06,1.55019e+07,0,0,0,5.84094e+08,40.8457,61.308,2.30415,1,0,1.64242,1.68175,0,1.26888,2.96352,9.13716e+06,4.02164e+06,1.50071e+07,0,0,0,7.73942e+07
17.8259,110.355,1.25119,0.4,0.06,2.94813,3.3385,0,0.66074,6.048,4.39666e+06,3.00878e+06,1.29619e+07,0,0,0,5.84094e+08,40.157,61.308,1.09397,1,0,1.33599,1.51289,0,1.26894,2.96352,9.13716e+06,4.02164e+06,1.22071e+07,0,0,0,7.73942e+07
17.4967,110.355,1.03109,0.43,0.06,2.94825,3.33863,0,0.55248,6.048,4.39666e+06,3.00878e+06,1.29625e+07,0,0,0,5.84094e+08,39.4219,61.308,1.04086,1,0,1.33604,1.51295,0,1.03219,2.96352,9.13716e+06,4.02164e+06,1.22076e+07,0,0,0,7.73942e+07
17.0652,110.355,0.894335,0.47,0.06,2.94837,3.33877,0,0.552503,6.048,4.39666e+06,3.00878e+06,1.2963e+07,0,0,0,5.84094e+08,38.6922,61.308,1.24218,1,0,1.3361,1.51301,0,1.03223,2.96352,9.13716e+06,4.02164e+06,1.22082e+07,0,0,0,7.73942e+07
16.9965,110.355,1.23975,0.5,0.06,2.9485,3.33891,0,0.552525,6.048,4.39666e+06,3.00878e+06,1.29635e+07,0,0,0,5.84094e+08,38.3146,61.308,1.22365,1,0,1.33615,1.51308,0,1.03227,2.96352,9.13716e+06,4.02164e+06,1.22087e+07,0,0,0,7.73942e+07
17.7364,110.355,2.10973,0.51,0.06,2.94862,3.33905,0,0.552548,6.048,4.39666e+06,3.00878e+06,1.29641e+07,0,0,0,5.84094e+08,38.4663,61.308,1.92331,1,0,1.33621,1.51314,0,1.03231,2.96352,9.13716e+06,4.02164e+06,1.22092e+07,0,0,0,7.73942e+07
20.8752,110.355,4.81655,0.52,0.06,3.0411,3.44378,0,0.552571,6.048,4.39666e+06,3.00878e+06,1.33707e+07,0,0,0,5.84094e+08,39.0298,61.308,3.23315,1,0,1.37947,1.56212,0,1.03236,2.96352,9.13716e+06,4.02164e+06,1.26044e+07,0,0,0,7.73942e+07
22.6413,110.355,3.71327,0.54,0.08,3.0412,3.44389,0,0.569903,6.048,4.39666e+06,3.00878e+06,1.33711e+07,0,0,0,5.84094e+08,39.2919,61.308,2.55985,1,0,1.37951,1.56217,0,1.06578,2.96352,9.13716e+06,4.02164e+06,1.26048e+07,0,0,0,7.73942e+07
23.9114,110.355,3.33256,0.5,0.08,3.0413,3.44401,0,0.569922,6.048,4.39666e+06,3.00878e+06,1.33716e+07,0,0,0,5.84094e+08,39.5498,61.308,2.22483,1,0,1.37956,1.56223,0,1.06581,2.96352,9.13716e+06,4.02164e+06,1.26052e+07,0,0,0,7.73942e+07
24.8775,110.355,3.09925,0.51,0.08,3.0414,3.44412,0,0.56994,6.048,4.39666e+06,3.00878e+06,1.3372e+07,0,0,0,5.84094e+08,40.0561,61.308,2.72107,1,0,1.3796,1.56228,0,1.06585,2.96352,9.13716e+06,4.02164e+06,1.26056e+07,0,0,0,7.73942e+07
26.5293,110.355,4.08601,0.52,0.08,3.33817,3.78018,0,0.569959,6.048,4.39666e+06,3.00878e+06,1.46768e+07,0,0,0,5.84094e+08,40.5925,61.308,3.48419,1,0,1.54187,1.74603,0,1.06588,2.96352,9.13716e+06,4.02164e+06,1.40883e+07,0,0,0,7.73942e+07
28.1828,110.355,4.19493,0.54,0.08,3.33828,3.7803,0,0.625572,6.048,4.39666e+06,3.00878e+06,1.46773e+07,0,0,0,5.84094e+08,41.1489,61.308,3.4802,1,0,1.54192,1.74608,0,1.19125,2.96352,9.13716e+06,4.02164e+06,1.40887e+07,0,0,0,7.73942e+07
29.408,110.355,3.84376,0.5,0.08,3.33839,3.78043,0,0.625593,6.048,4.39666e+06,3.00878e+06,1.46778e+07,0,0,0,5.84094e+08,41.771,61.308,3.66828,1,0,1.54197,1.74614,0,1.19128,2.96352,9.13716e+06,4.02164e+06,1.40892e+07,0,0,0,7.73942e+07
31.0469,110.355,4.32538,0.51,0.08,3.3385,3.78055,0,0.625614,6.048,4.39666e+06,3.00878e+06,1.46782e+07,0,0,0,5.84094e+08,42.3145,61.308,3.70664,1,0,1.54202,1.7462,0,1.19132,2.96352,9.13716e+06,4.02164e+06,1.40897e+07,0,0,0,7.73942e+07
33.6416,110.355,5.05194,0.55,0.08,2.91542,3.30145,0,0.625634,6.048,4.39666e+06,3.00878e+06,1.28181e+07,0,0,0,5.84094e+08,42.6764,61.308,3.28593,1,0,1.32434,1.4997,0,1.19136,2.96352,9.13716e+06,4.02164e+06,1.21007e+07,0,0,0,7.73942e+07
36.0906,110.355,5.11739,0.5,0.08,2.91551,3.30156,0,0.546349,6.048,4.39666e+06,3.00878e+06,1.28185e+07,0,0,0,5.84094e+08,42.7923,61.308,2.37532,1,0,1.32439,1.49975,0,1.02319,2.96352,9.13716e+06,4.02164e+06,1.21011e+07,0,0,0,7.73942e+07
37.0098,110.355,3.58287,0.54,0.08,2.91561,3.30167,0,0.546367,6.048,4.39666e+06,3.00878e+06,1.2819e+07,0,0,0,5.84094e+08,43.7226,61.308,2.55241,1,0,1.32443,1.4998,0,1.02322,2.96352,9.13716e+06,4.02164e+06,1.21015e+07,0,0,0,7.73942e+07
39.1423,110.355,4.93289,0.56,0.08,2.91571,3.30178,0,0.546385,6.048,4.39666e+06,3.00878e+06,1.28194e+07,0,0,0,5.84094e+08,45.0995,61.308,3.69903,1,0,1.32447,1.49985,0,1.02325,2.96352,9.13716e+06,4.02164e+06,1.21019e+07,0,0,0,7.73942e+07
42.4271,110.355,6.12435,0.54,0.08,2.9158,3.30189,0,0.546404,6.048,4.39666e+06,3.00878e+06,1.28198e+07,0,0,0,5.84094e+08,46.1018,61.308,2.98146,1,0,1.32452,1.4999,0,1.02329,2.96352,9.13716e+06,4.02164e+06,1.21023e+07,0,0,0,7.73942e+07
44.5119,110.355,4.9566,0.55,0.08,3.02244,3.42265,0,0.546422,6.048,4.39666e+06,3.00878e+06,1.32886e+07,0,0,0,5.84094e+08,46.7989,61.308,2.56249,1,0,1.37783,1.56028,0,1.02332,2.96352,9.13716e+06,4.02164e+06,1.25895e+07,0,0,0,7.73942e+07
48.0813,110.355,6.68337,0.56,0.08,3.02254,3.42276,0,0.566405,6.048,4.39666e+06,3.00878e+06,1.32891e+07,0,0,0,5.84094e+08,48.4949,61.308,5.0509,1,0,1.37788,1.56033,0,1.06452,2.96352,9.13716e+06,4.02164e+06,1.25899e+07,0,0,0,7.73942e+07
49.893,110.355,4.81974,0.47,0.08,3.02264,3.42287,0,0.566424,6.048,4.39666e+06,3.00878e+06,1.32895e+07,0,0,0,5.84094e+08,49.1663,61.308,2.85875,1,0,1.37793,1.56038,0,1.06455,2.96352,9.13716e+06,4.02164e+06,1.25903e+07,0,0,0,7.73942e+07
50.9481,110.355,4.01885,0.47,0.08,3.02274,3.42298,0,0.566443,6.048,4.39666e+06,3.00878e+06,1.329e+07,0,0,0,5.84094e+08,49.9007,61.308,2.55106,1,0,1.37797,1.56043,0,1.06459,2.96352,9.13716e+06,4.02164e+06,1.25907e+07,0,0,0,7.73942e+07
50.9353,110.355,3.19497,0.32,0.08,3.29697,3.37592,0,0.566462,6.048,4.39666e+06,3.00878e+06,1.44957e+07,0,0,0,5.84094e+08,50.4343,61.308,2.9648,1,0,1.5011,1.53705,0,1.06462,2.96352,9.13716e+06,4.02164e+06,1.37158e+07,0,0,0,7.73942e+07
51.8795,110.355,4.17103,0.3,0.08,3.29708,3.37603,0,0.617852,6.048,4.39666e+06,3.00878e+06,1.44961e+07,0,0,0,5.84094e+08,51.1063,61.308,3.20391,1,0,1.50115,1.5371,0,1.15975,2.96352,9.13716e+06,4.02164e+06,1.37163e+07,0,0,0,7.73942e+07
52.4384,110.355,3.79869,0.28,0.08,3.29719,3.37614,0,0.617873,6.048,4.39666e+06,3.00878e+06,1.44966e+07,0,0,0,5.84094e+08,51.7371,61.308,3.1147,1,0,1.5012,1.53715,0,1.15979,2.96352,9.13716e+06,4.02164e+06,1.37167e+07,0,0,0,7.73942e+07
52.1079,110.355,2.84789,0.26,0.08,3.2973,3.37625,0,0.617893,6.048,4.39666e+06,3.00878e+06,1.44971e+07,0,0,0,5.84094e+08,52.1861,61.308,2.69859,1,0,1.50125,1.5372,0,1.15983,2.96352,9.13716e+06,4.02164e+06,1.37172e+07,0,0,0,7.73942e+07
51.5518,110.355,2.69856,0.25,0.08,3.45383,3.53653,0,0.617914,6.048,4.39666e+06,3.00878e+06,1.51853e+07,0,0,0,5.84094e+08,52.4404,61.308,2.63122,1,0,1.58247,1.62036,0,1.15987,2.96352,9.13716e+06,4.02164e+06,1.44593e+07,0,0,0,7.73942e+07
50.9365,110.355,2.61094,0.22,0.08,3.45394,3.53665,0,0.647247,6.048,4.39666e+06,3.00878e+06,1.51858e+07,0,0,0,5.84094e+08,52.6969,61.308,2.62989,1,0,1.58252,1.62042,0,1.22262,2.96352,9.13716e+06,4.02164e+06,1.44598e+07,0,0,0,7.73942e+07
50.2357,110.355,2.50644,0.2,0.08,3.45405,3.53676,0,0.647268,6.048,4.39666e+06,3.00878e+06,1.51863e+07,0,0,0,5.84094e+08,52.9718,61.308,2.56793,1,0,1.58257,1.62047,0,1.22266,2.96352,9.13716e+06,4.02164e+06,1.44602e+07,0,0,0,7.73942e+07
49.3983,110.355,2.34854,0.31,0.08,3.45417,3.53688,0,0.64729,6.048,4.39666e+06,3.00878e+06,1.51868e+07,0,0,0,5.84094e+08,53.1751,61.308,2.39177,1,0,1.58263,1.62052,0,1.2227,2.96352,9.13716e+06,4.02164e+06,1.44607e+07,0,0,0,7.73942e+07
48.924,110.355,2.67025,0.29,0.08,3.45428,3.537,0,0.647311,6.048,4.39666e+06,3.00878e+06,1.51873e+07,0,0,0,5.84094e+08,53.4143,61.308,2.75782,1,0,1.58268,1.62058,0,1.22274,2.96352,9.13716e+06,4.02164e+06,1.44612e+07,0,0,0,7.73942e+07
48.782,110.355,2.99012,0.24,0.08,3.42346,3.50543,0,0.647333,6.048,4.39666e+06,3.00878e+06,1.50518e+07,0,0,0,5.84094e+08,53.7618,61.308,3.12093,1,0,1.62735,1.66632,0,1.22278,2.96352,9.13716e+06,4.02164e+06,1.48694e+07,0,0,0,7.73942e+07
48.3805,110.355,2.71146,0.21,0.08,3.42357,3.50555,0,0.641556,6.048,4.39666e+06,3.00878e+06,1.50523e+07,0,0,0,5.84094e+08,54.0378,61.308,2.8273,1,0,1.6274,1.66637,0,1.25729,2.96352,9.13716e+06,4.02164e+06,1.48698e+07,0,0,0,7.73942e+07
47.8779,110.355,2.56586,0.21,0.08,3.42368,3.50567,0,0.641577,6.048,4.39666e+06,3.00878e+06,1.50528e+07,0,0,0,5.84094e+08,54.174,61.308,2.76758,1,0,1.62746,1.66643,0,1.25733,2.96352,9.13716e+06,4.02164e+06,1.48703e+07,0,0,0,7.73942e+07
47.1085,110.355,2.28177,0.17,0.08,3.4238,3.50578,0,0.641598,6.048,4.39666e+06,3.00878e+06,1.50533e+07,0,0,0,5.84094e+08,54.2493,61.308,2.68354,1,0,1.62751,1.66648,0,1.25737,2.96352,9.13716e+06,4.02164e+06,1.48708e+07,0,0,0,7.73942e+07
46.2621,110.355,2.24942,0.15,0.08,3.50382,3.58772,0,0.64162,6.048,4.39666e+06,3.00878e+06,1.54051e+07,0,0,0,5.84094e+08,53.9732,61.308,2.05661,1,0,1.66734,1.70726,0,1.25742,2.96352,9.13716e+06,4.02164e+06,1.52347e+07,0,0,0,7.73942e+07
45.287,110.355,2.08455,0.16,0.08,3.50393,3.58784,0,0.656615,6.048,4.39666e+06,3.00878e+06,1.54056e+07,0,0,0,5.84094e+08,53.6116,61.308,2.08436,1,0,1.66739,1.70732,0,1.28818,2.96352,9.13716e+06,4.02164e+06,1.52352e+07,0,0,0,7.73942e+07
44.1837,110.355,1.93071,0.15,0.08,3.50405,3.58796,0,0.656637,6.048,4.39666e+06,3.00878e+06,1.54061e+07,0,0,0,5.84094e+08,53.2097,61.308,1.85837,1,0,1.66745,1.70737,0,1.28823,2.96352,9.13716e+06,4.02164e+06,1.52357e+07,0,0,0,7.73942e+07
43.1502,110.355,1.96682,0.21,0.08,3.50417,3.58807,0,0.656659,6.048,4.39666e+06,3.00878e+06,1.54066e+07,0,0,0,5.84094e+08,52.8642,61.308,2.09639,1,0,1.6675,1.70743,0,1.28827,2.96352,9.13716e+06,4.02164e+06,1.52362e+07,0,0,0,7.73942e+07
41.7523,110.355,1.72462,0.19,0.08,3.73832,3.82783,0,0.656681,6.048,4.39666e+06,3.00878e+06,1.64361e+07,0,0,0,5.84094e+08,52.3475,61.308,1.88815,1,0,1.81113,1.85449,0,1.28831,2.96352,9.13716e+06,4.02164e+06,1.65485e+07,0,0,0,7.73942e+07
39.9558,110.355,1.27322,0.2,0.08,3.73844,3.82796,0,0.700561,6.048,4.39666e+06,3.00878e+06,1.64367e+07,0,0,0,5.84094e+08,51.6909,61.308,1.57358,1,0,1.81119,1.85456,0,1.39928,2.96352,9.13716e+06,4.02164e+06,1.65491e+07,0,0,0,7.73942e+07
38.2901,110.355,1.34677,0.18,0.08,3.73856,3.82809,0,0.700584,6.048,4.39666e+06,3.00878e+06,1.64372e+07,0,0,0,5.84094e+08,51.1416,61.308,1.55226,1,0,1.81125,1.85462,0,1.39932,2.96352,9.13716e+06,4.02164e+06,1.65496e+07,0,0,0,7.73942e+07
37.3146,110.355,2.01988,0.26,0.08,3.73869,3.82821,0,0.700607,6.048,4.39666e+06,3.00878e+06,1.64377e+07,0,0,0,5.84094e+08,50.6733,61.308,1.85617,1,0,1.81131,1.85468,0,1.39937,2.96352,9.13716e+06,4.02164e+06,1.65502e+07,0,0,0,7.73942e+07
37.2242,110.355,2.88405,0.24,0.08,3.73881,3.82834,0,0.70063,6.048,4.39666e+06,3.00878e+06,1.64383e+07,0,0,0,5.84094e+08,50.3176,61.308,2.04318,1,0,1.81137,1.85474,0,1.39941,2.96352,9.13716e+06,4.02164e+06,1.65507e+07,0,0,0,7.73942e+07
36.7059,110.355,2.36158,0.22,0.08,3.62486,3.71166,0,0.700653,6.048,4.39666e+06,3.00878e+06,1.59373e+07,0,0,0,5.84094e+08,49.8528,61.308,1.84239,1,0,1.72427,1.76556,0,1.39946,2.96352,9.13716e+06,4.02164e+06,1.57549e+07,0,0,0,7.73942e+07
36.388,110.355,2.5912,0.2,0.08,3.62498,3.71178,0,0.679298,6.048,4.39666e+06,3.00878e+06,1.59378e+07,0,0,0,5.84094e+08,49.5963,61.308,2.33617,1,0,1.72433,1.76562,0,1.33217,2.96352,9.13716e+06,4.02164e+06,1.57554e+07,0,0,0,7.73942e+07
35.9229,110.355,2.45544,0.21,0.08,3.6251,3.7119,0,0.67932,6.048,4.39666e+06,3.00878e+06,1.59383e+07,0,0,0,5.84094e+08,49.3878,61.308,2.40869,1,0,1.72438,1.76567,0,1.33221,2.96352,9.13716e+06,4.02164e+06,1.5756e+07,0,0,0,7.73942e+07
35.738,110.355,2.77973,0.19,0.08,3.62521,3.71202,0,0.679343,6.048,4.39666e+06,3.00878e+06,1.59388e+07,0,0,0,5.84094e+08,49.2663,61.308,2.72295,1,0,1.72444,1.76573,0,1.33226,2.96352,9.13716e+06,4.02164e+06,1.57565e+07,0,0,0,7.73942e+07
34.7755,110.355,1.9689,0.2,0.08,3.53168,3.61625,0,0.679365,6.048,4.39666e+06,3.00878e+06,1.55276e+07,0,0,0,5.84094e+08,49.3854,61.308,3.04995,1,0,1.64515,1.68455,0,1.3323,2.96352,9.13716e+06,4.02164e+06,1.5032e+07,0,0,0,7.73942e+07
33.7235,110.355,1.8862,0.2,0.08,3.5318,3.61637,0,0.661837,6.048,4.39666e+06,3.00878e+06,1.55281e+07,0,0,0,5.84094e+08,49.5243,61.308,2.9492,1,0,1.64521,1.6846,0,1.27105,2.96352,9.13716e+06,4.02164e+06,1.50325e+07,0,0,0,7.73942e+07
32.4876,110.355,1.60084,0.2,0.08,3.53192,3.61649,0,0.661859,6.048,4.39666e+06,3.00878e+06,1.55286e+07,0,0,0,5.84094e+08,49.6336,61.308,2.93153,1,0,1.64526,1.68466,0,1.27109,2.96352,9.13716e+06,4.02164e+06,1.5033e+07,0,0,0,7.73942e+07
34.5762,110.355,4.97117,0.27,0.08,3.53203,3.61661,0,0.661881,6.048,4.39666e+06,3.00878e+06,1.55292e+07,0,0,0,5.84094e+08,50.1929,61.308,4.14191,1,0,1.64532,1.68471,0,1.27113,2.96352,9.13716e+06,4.02164e+06,1.50335e+07,0,0,0,7.73942e+07
38.7974,110.355,7.10862,0.21,0.08,3.26614,3.34435,0,0.661903,6.048,4.39666e+06,3.00878e+06,1.43601e+07,0,0,0,5.84094e+08,51.4484,61.308,5.4941,1,0,1.4801,1.51554,0,1.27117,2.96352,9.13716e+06,4.02164e+06,1.35239e+07,0,0,0,7.73942e+07
41.333,110.355,5.59993,0.24,0.08,3.26625,3.34446,0,0.612074,6.048,4.39666e+06,3.00878e+06,1.43606e+07,0,0,0,5.84094e+08,51.8974,61.308,4.1182,1,0,1.48015,1.51559,0,1.14352,2.96352,9.13716e+06,4.02164e+06,1.35243e+07,0,0,0,7.73942e+07
47.4361,110.355,9.22312,0.2,0.08,3.26635,3.34457,0,0.612095,6.048,4.39666e+06,3.00878e+06,1.43611e+07,0,0,0,5.84094e+08,52.8423,61.308,5.33239,1,0,1.4802,1.51564,0,1.14356,2.96352,9.13716e+06,4.02164e+06,1.35248e+07,0,0,0,7.73942e+07
51.1176,110.355,7.08911,0.16,0.08,3.26646,3.34468,0,0.612115,6.048,4.39666e+06,3.00878e+06,1.43615e+07,0,0,0,5.84094e+08,53.3899,61.308,4.00116,1,0,1.48025,1.51569,0,1.1436,2.96352,9.13716e+06,4.02164e+06,1.35252e+07,0,0,0,7.73942e+07
52.4691,110.355,4.5674,0.14,0.08,3.26657,3.34479,0,0.612135,6.048,4.39666e+06,3.00878e+06,1.4362e+07,0,0,0,5.84094e+08,53.5778,61.308,2.78443,1,0,1.48029,1.51574,0,1.14364,2.96352,9.13716e+06,4.02164e+06,1.35257e+07,0,0,0,7.73942e+07
58.4218,110.355,9.51523,0.15,0.08,3.369,3.44967,0,0.612155,6.048,4.39666e+06,3.00878e+06,1.48124e+07,0,0,0,5.84094e+08,55.5107,61.308,5.94654,1,0,1.5282,1.5648,0,1.14368,2.96352,9.13716e+06,4.02164e+06,1.39634e+07,0,0,0,7.73942e+07
59.7376,110.355,4.90021,0.11,0.08,3.36909,3.44976,0,0.631351,6.048,4.39666e+06,3.00878e+06,1.48127e+07,0,0,0,5.84094e+08,56.097,61.308,3.62156,1,0,1.52824,1.56484,0,1.18069,2.96352,9.13716e+06,4.02164e+06,1.39638e+07,0,0,0,7.73942e+07
67.7818,110.355,11.6226,0.12,0.08,3.36917,3.44985,0,0.631367,6.048,4.39666e+06,3.00878e+06,1.48131e+07,0,0,0,5.84094e+08,56.5856,61.308,3.24551,1,0,1.52828,1.56487,0,1.18072,2.96352,9.13716e+06,4.02164e+06,1.39641e+07,0,0,0,7.73942e+07
73.2794,110.355,9.29939,0.08,0.08,3.36925,3.44993,0,0.631382,6.048,4.39666e+06,3.00878e+06,1.48135e+07,0,0,0,5.84094e+08,57.3027,61.308,3.96503,1,0,1.52832,1.56491,0,1.18075,2.96352,9.13716e+06,4.02164e+06,1.39645e+07,0,0,0,7.73942e+07
75.0103,110.355,5.72363,0.07,0.08,3.69798,3.78653,0,0.631398,6.048,4.39666e+06,3.00878e+06,1.62587e+07,0,0,0,5.84094e+08,57.7165,61.308,3.08589,1,0,1.70806,1.74896,0,1.18078,2.96352,9.13716e+06,4.02164e+06,1.56068e+07,0,0,0,7.73942e+07
77.3312,110.355,6.39946,0.07,0.08,3.69807,3.78662,0,0.693001,6.048,4.39666e+06,3.00878e+06,1.62592e+07,0,0,0,5.84094e+08,58.4877,61.308,4.03331,1,0,1.7081,1.749,0,1.31965,2.96352,9.13716e+06,4.02164e+06,1.56072e+07,0,0,0,7.73942e+07
80.5098,110.355,7.31284,0.06,0.08,3.69816,3.78671,0,0.693018,6.048,4.39666e+06,3.00878e+06,1.62596e+07,0,0,0,5.84094e+08,59.685,61.308,4.56133,1,0,1.70814,1.74905,0,1.31968,2.96352,9.13716e+06,4.02164e+06,1.56076e+07,0,0,0,7.73942e+07
83.2807,110.355,6.92901,0.03,0.08,3.69825,3.78681,0,0.693035,6.048,4.39666e+06,3.00878e+06,1.626e+07,0,0,0,5.84094e+08,61.0598,61.308,5.03329,1,0,1.70819,1.74909,0,1.31971,2.96352,9.13716e+06,4.02164e+06,1.5608e+07,0,0,0,7.73942e+07
87.4856,110.355,8.02965,0.04,0.08,3.22956,3.30689,0,0.693052,6.048,4.39666e+06,3.00878e+06,1.41993e+07,0,0,0,5.84094e+08,62.1762,61.308,4.33135,1,0,1.46704,1.50217,0,1.31974,2.96352,9.13716e+06,4.02164e+06,1.34046e+07,0,0,0,7.73942e+07
92.2969,110.355,8.79163,0.02,0.08,3.22964,3.30697,0,0.605219,6.048,4.39666e+06,3.00878e+06,1.41996e+07,0,0,0,5.84094e+08,62.3362,61.308,4.50143,1,0,1.46708,1.50221,0,1.13344,2.96352,9.13716e+06,4.02164e+06,1.34049e+07,0,0,0,7.73942e+07
99.7562,110.355,11.6953,0,0.08,3.22972,3.30705,0,0.605234,6.048,4.39666e+06,3.00878e+06,1.42e+07,0,0,0,5.84094e+08,62.3362,61.308,6.848,1,0,1.46711,1.50225,0,1.13346,2.96352,9.13716e+06,4.02164e+06,1.34053e+07,0,0,0,7.73942e+07
108.258,110.355,12.8321,0,0.08,3.2298,3.30714,0,0.605249,6.048,4.39666e+06,3.00878e+06,1.42003e+07,0,0,0,5.84094e+08,62.3362,61.308,8.41907,1,0,1.46715,1.50228,0,1.13349,2.96352,9.13716e+06,4.02164e+06,1.34056e+07,0,0,0,7.73942e+07
110.355,110.355,9.0819,0,0.08,3.22988,3.30722,0,0.605264,6.048,4.39666e+06,3.00878e+06,1.42007e+07,0,0,0,5.84094e+08,62.3362,61.308,5.8213,1,0,1.46719,1.50232,0,1.13352,2.96352,9.13716e+06,4.02164e+06,1.34059e+07,0,0,0,7.73942e+07
110.355,110.355,10.602,0,0.08,3.34797,3.42814,0,0.605279,6.048,4.39666e+06,3.00878e+06,1.47199e+07,0,0,0,5.84094e+08,62.3362,61.308,8.53302,1,0,1.52624,1.56278,0,1.13355,2.96352,9.13716e+06,4.02164e+06,1.39455e+07,0,0,0,7.73942e+07
110.355,110.355,7.9064,0,0.08,3.34806,3.42823,0,0.62741,6.048,4.39666e+06,3.00878e+06,1.47203e+07,0,0,0,5.84094e+08,62.3362,61.308,5.74049,1,0,1.52627,1.56282,0,1.17917,2.96352,9.13716e+06,4.02164e+06,1.39458e+07,0,0,0,7.73942e+07
110.355,110.355,7.52434,0,0.08,3.34814,3.42832,0,0.627426,6.048,4.39666e+06,3.00878e+06,1.47206e+07,0,0,0,5.84094e+08,62.3362,61.308,5.97268,1,0,1.52631,1.56286,0,1.1792,2.96352,9.13716e+06,4.02164e+06,1.39461e+07,0,0,0,7.73942e+07
110.355,110.355,6.72988,0,0.08,3.34823,3.4284,0,0.627442,6.048,4.39666e+06,3.00878e+06,1.4721e+07,0,0,0,5.84094e+08,62.3362,61.308,5.7569,1,0,1.52635,1.5629,0,1.17923,2.96352,9.13716e+06,4.02164e+06,1.39465e+07,0,0,0,7.73942e+07
110.355,110.355,6.3055,0,0.08,3.30216,3.38123,0,0.627457,6.048,4.39666e+06,3.00878e+06,1.45185e+07,0,0,0,5.84094e+08,62.3362,61.308,4.68312,1,0,1.50347,1.53947,0,1.17926,2.96352,9.13716e+06,4.02164e+06,1.37374e+07,0,0,0,7.73942e+07
110.355,110.355,5.61544,0,0.08,3.30224,3.38132,0,0.618825,6.048,4.39666e+06,3.00878e+06,1.45188e+07,0,0,0,5.84094e+08,62.3362,61.308,4.44029,1,0,1.5035,1.53951,0,1.16158,2.96352,9.13716e+06,4.02164e+06,1.37378e+07,0,0,0,7.73942e+07
110.355,110.355,5.32074,0,0.08,3.30233,3.3814,0,0.61884,6.048,4.39666e+06,3.00878e+06,1.45192e+07,0,0,0,5.84094e+08,62.3362,61.308,4.27714,1,0,1.50354,1.53954,0,1.16161,2.96352,9.13716e+06,4.02164e+06,1.37381e+07,0,0,0,7.73942e+07
110.355,110.355,4.92829,0,0.08,3.30241,3.38149,0,0.618856,6.048,4.39666e+06,3.00878e+06,1.45196e+07,0,0,0,5.84094e+08,62.3362,61.308,4.89846,1,0,1.50358,1.53958,0,1.16164,2.96352,9.13716e+06,4.02164e+06,1.37384e+07,0,0,0,7.73942e+07
110.355,110.355,4.52173,0,0.08,3.45915,3.54198,0,0.618871,6.048,4.39666e+06,3.00878e+06,1.52087e+07,0,0,0,5.84094e+08,62.3362,61.308,3.94925,1,0,1.58491,1.62286,0,1.16166,2.96352,9.13716e+06,4.02164e+06,1.44816e+07,0,0,0,7.73942e+07
110.355,110.355,4.39764,0,0.08,3.45924,3.54207,0,0.648245,6.048,4.39666e+06,3.00878e+06,1.52091e+07,0,0,0,5.84094e+08,62.3362,61.308,3.8336,1,0,1.58495,1.6229,0,1.2245,2.96352,9.13716e+06,4.02164e+06,1.44819e+07,0,0,0,7.73942e+07
110.355,110.355,4.00469,0,0.08,3.45932,3.54216,0,0.648261,6.048,4.39666e+06,3.00878e+06,1.52095e+07,0,0,0,5.84094e+08,62.3362,61.308,3.3507,1,0,1.58499,1.62294,0,1.22453,2.96352,9.13716e+06,4.02164e+06,1.44823e+07,0,0,0,7.73942e+07
110.303,110.355,3.68076,0,0.08,3.45941,3.54225,0,0.648277,6.048,4.39666e+06,3.00878e+06,1.52099e+07,0,0,0,5.84094e+08,62.3362,61.308,2.80036,1,0,1.58503,1.62298,0,1.22456,2.96352,9.13716e+06,4.02164e+06,1.44827e+07,0,0,0,7.73942e+07
110.291,110.355,3.71774,0,0.08,3.4595,3.54234,0,0.648293,6.048,4.39666e+06,3.00878e+06,1.52102e+07,0,0,0,5.84094e+08,62.3362,61.308,2.63258,1,0,1.58507,1.62302,0,1.22459,2.96352,9.13716e+06,4.02164e+06,1.4483e+07,0,0,0,7.73942e+07
110.355,110.355,3.84262,0,0.08,3.4286,3.5107,0,0.64831,6.048,4.39666e+06,3.00878e+06,1.50744e+07,0,0,0,5.84094e+08,62.3362,61.308,2.61789,1,0,1.62979,1.66882,0,1.22462,2.96352,9.13716e+06,4.02164e+06,1.48917e+07,0,0,0,7.73942e+07
110.159,110.355,3.52474,0,0.08,3.42868,3.51078,0,0.642519,6.048,4.39666e+06,3.00878e+06,1.50748e+07,0,0,0,5.84094e+08,62.3362,61.308,2.62805,1,0,1.62983,1.66886,0,1.25918,2.96352,9.13716e+06,4.02164e+06,1.4892e+07,0,0,0,7.73942e+07
109.675,110.355,3.2256,0,0.08,3.42877,3.51087,0,0.642535,6.048,4.39666e+06,3.00878e+06,1.50751e+07,0,0,0,5.84094e+08,62.3016,61.308,2.31629,1,0,1.62987,1.6689,0,1.25921,2.96352,9.13716e+06,4.02164e+06,1.48924e+07,0,0,0,7.73942e+07
108.978,110.355,2.9624,0,0.08,3.42885,3.51096,0,0.642551,6.048,4.39666e+06,3.00878e+06,1.50755e+07,0,0,0,5.84094e+08,62.1805,61.308,2.27452,1,0,1.62992,1.66894,0,1.25924,2.96352,9.13716e+06,4.02164e+06,1.48928e+07,0,0,0,7.73942e+07
108.103,110.355,2.81989,0,0.08,3.50896,3.59299,0,0.642567,6.048,4.39666e+06,3.00878e+06,1.54277e+07,0,0,0,5.84094e+08,61.9689,61.308,2.1294,1,0,1.66978,1.70977,0,1.25927,2.96352,9.13716e+06,4.02164e+06,1.52571e+07,0,0,0,7.73942e+07
107.14,110.355,2.76003,0,0.08,3.50905,3.59308,0,0.65758,6.048,4.39666e+06,3.00878e+06,1.54281e+07,0,0,0,5.84094e+08,61.7022,61.308,2.19497,1,0,1.66983,1.70981,0,1.29008,2.96352,9.13716e+06,4.02164e+06,1.52575e+07,0,0,0,7.73942e+07
106.014,110.355,2.56573,0,0.08,3.50914,3.59317,0,0.657596,6.048,4.39666e+06,3.00878e+06,1.54285e+07,0,0,0,5.84094e+08,61.3833,61.308,2.11884,1,0,1.66987,1.70985,0,1.29011,2.96352,9.13716e+06,4.02164e+06,1.52578e+07,0,0,0,7.73942e+07
104.674,110.355,2.33612,0,0.08,3.50923,3.59326,0,0.657613,6.048,4.39666e+06,3.00878e+06,1.54289e+07,0,0,0,5.84094e+08,61.037,61.308,1.85887,1,0,1.66991,1.7099,0,1.29014,2.96352,9.13716e+06,4.02164e+06,1.52582e+07,0,0,0,7.73942e+07
103.627,110.355,2.8151,0,0.08,3.74369,3.83333,0,0.657629,6.048,4.39666e+06,3.00878e+06,1.64597e+07,0,0,0,5.84094e+08,60.3392,61.308,2.17585,1,0,1.81373,1.85716,0,1.29017,2.96352,9.13716e+06,4.02164e+06,1.65723e+07,0,0,0,7.73942e+07
102.493,110.355,2.7463,0,0.08,3.74378,3.83343,0,0.701567,6.048,4.39666e+06,3.00878e+06,1.64601e+07,0,0,0,5.84094e+08,59.9571,61.308,1.44158,1,0,1.81377,1.8572,0,1.40129,2.96352,9.13716e+06,4.02164e+06,1.65727e+07,0,0,0,7.73942e+07
101.203,110.355,2.5811,0,0.08,3.74387,3.83352,0,0.701584,6.048,4.39666e+06,3.00878e+06,1.64605e+07,0,0,0,5.84094e+08,59.5777,61.308,1.94972,1,0,1.81382,1.85725,0,1.40132,2.96352,9.13716e+06,4.02164e+06,1.65731e+07,0,0,0,7.73942e+07
99.7889,110.355,2.44965,0.02,0.08,3.74397,3.83362,0,0.701602,6.048,4.39666e+06,3.00878e+06,1.6461e+07,0,0,0,5.84094e+08,59.1777,61.308,1.927,1,0,1.81386,1.8573,0,1.40136,2.96352,9.13716e+06,4.02164e+06,1.65735e+07,0,0,0,7.73942e+07
98.3039,110.355,2.37289,0.02,0.08,3.74406,3.83371,0,0.701619,6.048,4.39666e+06,3.00878e+06,1.64614e+07,0,0,0,5.84094e+08,58.8097,61.308,1.9528,1,0,1.81391,1.85734,0,1.40139,2.96352,9.13716e+06,4.02164e+06,1.6574e+07,0,0,0,7.73942e+07
96.4419,110.355,1.92078,0.02,0.08,3.62991,3.71684,0,0.701637,6.048,4.39666e+06,3.00878e+06,1.59595e+07,0,0,0,5.84094e+08,58.5648,61.308,2.40079,1,0,1.72668,1.76802,0,1.40143,2.96352,9.13716e+06,4.02164e+06,1.57769e+07,0,0,0,7.73942e+07
94.424,110.355,1.75245,0.01,0.08,3.63001,3.71693,0,0.680246,6.048,4.39666e+06,3.00878e+06,1.59599e+07,0,0,0,5.84094e+08,58.2387,61.308,1.9899,1,0,1.72672,1.76807,0,1.33403,2.96352,9.13716e+06,4.02164e+06,1.57773e+07,0,0,0,7.73942e+07
92.9368,110.355,2.40201,0.02,0.08,3.6301,3.71702,0,0.680263,6.048,4.39666e+06,3.00878e+06,1.59603e+07,0,0,0,5.84094e+08,58.4694,61.308,4.13338,1,0,1.72676,1.76811,0,1.33406,2.96352,9.13716e+06,4.02164e+06,1.57777e+07,0,0,0,7.73942e+07
93.9509,110.355,4.97878,0.02,0.08,3.63019,3.71711,0,0.68028,6.048,4.39666e+06,3.00878e+06,1.59607e+07,0,0,0,5.84094e+08,58.7747,61.308,3.83174,1,0,1.72681,1.76815,0,1.3341,2.96352,9.13716e+06,4.02164e+06,1.57781e+07,0,0,0,7.73942e+07
92.2239,110.355,2.20733,0.02,0.08,3.5365,3.62118,0,0.680297,6.048,4.39666e+06,3.00878e+06,1.55488e+07,0,0,0,5.84094e+08,58.5498,61.308,2.31693,1,0,1.6474,1.68684,0,1.33413,2.96352,9.13716e+06,4.02164e+06,1.50525e+07,0,0,0,7.73942e+07
89.9585,110.355,1.62866,0.01,0.08,3.53659,3.62127,0,0.66274,6.048,4.39666e+06,3.00878e+06,1.55492e+07,0,0,0,5.84094e+08,58.3872,61.308,1.85456,1,0,1.64744,1.68689,0,1.27278,2.96352,9.13716e+06,4.02164e+06,1.50529e+07,0,0,0,7.73942e+07
88.5581,110.355,2.51506,0.03,0.08,3.53667,3.62136,0,0.662756,6.048,4.39666e+06,3.00878e+06,1.55496e+07,0,0,0,5.84094e+08,58.3501,61.308,2.25081,1,0,1.64748,1.68693,0,1.27281,2.96352,9.13716e+06,4.02164e+06,1.50533e+07,0,0,0,7.73942e+07
90.5192,110.355,6.07619,0.04,0.08,3.53676,3.62145,0,0.662773,6.048,4.39666e+06,3.00878e+06,1.55499e+07,0,0,0,5.84094e+08,59.5081,61.308,5.74615,1,0,1.64752,1.68697,0,1.27284,2.96352,9.13716e+06,4.02164e+06,1.50536e+07,0,0,0,7.73942e+07
90.0029,110.355,3.27518,0.01,0.08,3.27049,3.3488,0,0.662789,6.048,4.39666e+06,3.00878e+06,1.43792e+07,0,0,0,5.84094e+08,59.9923,61.308,3.58383,1,0,1.48207,1.51756,0,1.27287,2.96352,9.13716e+06,4.02164e+06,1.35419e+07,0,0,0,7.73942e+07
88.9176,110.355,2.76383,0.04,0.08,3.27057,3.34888,0,0.612889,6.048,4.39666e+06,3.00878e+06,1.43796e+07,0,0,0,5.84094e+08,60.24,61.308,2.8133,1,0,1.48211,1.5176,0,1.14505,2.96352,9.13716e+06,4.02164e+06,1.35422e+07,0,0,0,7.73942e+07
87.6509,110.355,2.51003,0.04,0.08,3.27065,3.34897,0,0.612904,6.048,4.39666e+06,3.00878e+06,1.43799e+07,0,0,0,5.84094e+08,60.4425,61.308,2.65127,1,0,1.48214,1.51763,0,1.14507,2.96352,9.13716e+06,4.02164e+06,1.35426e+07,0,0,0,7.73942e+07
87.0215,110.355,3.1596,0.04,0.08,3.27073,3.34905,0,0.61292,6.048,4.39666e+06,3.00878e+06,1.43803e+07,0,0,0,5.84094e+08,60.6118,61.308,2.66328,1,0,1.48218,1.51767,0,1.1451,2.96352,9.13716e+06,4.02164e+06,1.35429e+07,0,0,0,7.73942e+07
86.7073,110.355,3.47071,0.05,0.08,3.27081,3.34913,0,0.612935,6.048,4.39666e+06,3.00878e+06,1.43807e+07,0,0,0,5.84094e+08,60.7545,61.308,2.91617,1,0,1.48222,1.51771,0,1.14513,2.96352,9.13716e+06,4.02164e+06,1.35432e+07,0,0,0,7.73942e+07
85.9033,110.355,2.93466,0.05,0.08,3.37335,3.45413,0,0.61295,6.048,4.39666e+06,3.00878e+06,1.48315e+07,0,0,0,5.84094e+08,61.2589,61.308,2.74491,1,0,1.53017,1.56682,0,1.14516,2.96352,9.13716e+06,4.02164e+06,1.39814e+07,0,0,0,7.73942e+07
87.0272,110.355,5.01638,0.04,0.08,3.37341,3.45418,0,0.632166,6.048,4.39666e+06,3.00878e+06,1.48317e+07,0,0,0,5.84094e+08,62.3362,61.308,4.39632,1,0,1.5302,1.56684,0,1.18221,2.96352,9.13716e+06,4.02164e+06,1.39817e+07,0,0,0,7.73942e+07
90.6979,110.355,7.80472,0.04,0.08,3.37346,3.45424,0,0.632176,6.048,4.39666e+06,3.00878e+06,1.4832e+07,0,0,0,5.84094e+08,62.3362,61.308,9.71515,1,0,1.53023,1.56687,0,1.18223,2.96352,9.13716e+06,4.02164e+06,1.39819e+07,0,0,0,7.73942e+07
96.4445,110.355,10.2079,0.01,0.08,3.37352,3.4543,0,0.632187,6.048,4.39666e+06,3.00878e+06,1.48322e+07,0,0,0,5.84094e+08,62.3362,61.308,11.0306,1,0,1.53025,1.5669,0,1.18225,2.96352,9.13716e+06,4.02164e+06,1.39822e+07,0,0,0,7.73942e+07
99.8268,110.355,8.14028,0,0.08,3.70263,3.79129,0,0.632198,6.048,4.39666e+06,3.00878e+06,1.62792e+07,0,0,0,5.84094e+08,62.3362,61.308,10.172,1,0,1.71021,1.75116,0,1.18227,2.96352,9.13716e+06,4.02164e+06,1.56264e+07,0,0,0,7.73942e+07
100.286,110.355,4.89654,0,0.08,3.70269,3.79135,0,0.693873,6.048,4.39666e+06,3.00878e+06,1.62795e+07,0,0,0,5.84094e+08,62.3362,61.308,7.75043,1,0,1.71024,1.75119,0,1.32131,2.96352,9.13716e+06,4.02164e+06,1.56267e+07,0,0,0,7.73942e+07
99.1933,110.355,3.17202,0,0.08,3.70275,3.79142,0,0.693884,6.048,4.39666e+06,3.00878e+06,1.62798e+07,0,0,0,5.84094e+08,62.3362,61.308,4.83841,1,0,1.71026,1.75122,0,1.32133,2.96352,9.13716e+06,4.02164e+06,1.5627e+07,0,0,0,7.73942e+07
97.5723,110.355,2.57059,0,0.08,3.70282,3.79148,0,0.693896,6.048,4.39666e+06,3.00878e+06,1.628e+07,0,0,0,5.84094e+08,62.3362,61.308,3.51706,1,0,1.71029,1.75125,0,1.32135,2.96352,9.13716e+06,4.02164e+06,1.56272e+07,0,0,0,7.73942e+07
99.125,110.355,5.54932,0,0.08,3.23352,3.31094,0,0.693908,6.048,4.39666e+06,3.00878e+06,1.42167e+07,0,0,0,5.84094e+08,62.3362,61.308,6.60817,1,0,1.46884,1.50401,0,1.32137,2.96352,9.13716e+06,4.02164e+06,1.3421e+07,0,0,0,7.73942e+07
102.169,110.355,7.29387,0,0.08,3.23357,3.311,0,0.605961,6.048,4.39666e+06,3.00878e+06,1.42169e+07,0,0,0,5.84094e+08,62.3362,61.308,7.58719,1,0,1.46887,1.50404,0,1.13483,2.96352,9.13716e+06,4.02164e+06,1.34213e+07,0,0,0,7.73942e+07
105.742,110.355,7.85825,0,0.08,3.23363,3.31106,0,0.605971,6.048,4.39666e+06,3.00878e+06,1.42172e+07,0,0,0,5.84094e+08,62.3362,61.308,8.32939,1,0,1.46889,1.50406,0,1.13485,2.96352,9.13716e+06,4.02164e+06,1.34215e+07,0,0,0,7.73942e+07
108.519,110.355,6.98893,0,0.08,3.23368,3.31111,0,0.605981,6.048,4.39666e+06,3.00878e+06,1.42174e+07,0,0,0,5.84094e+08,62.3362,61.308,7.18187,1,0,1.46891,1.50409,0,1.13486,2.96352,9.13716e+06,4.02164e+06,1.34217e+07,0,0,0,7.73942e+07
110.355,110.355,6.61056,0,0.08,3.23373,3.31117,0,0.605992,6.048,4.39666e+06,3.00878e+06,1.42176e+07,0,0,0,5.84094e+08,62.3362,61.308,6.35324,1,0,1.46894,1.50411,0,1.13488,2.96352,9.13716e+06,4.02164e+06,1.34219e+07,0,0,0,7.73942e+07
110.355,110.355,9.31128,0,0.08,3.35195,3.43221,0,0.606002,6.048,4.39666e+06,3.00878e+06,1.47374e+07,0,0,0,5.84094e+08,62.3362,61.308,7.53441,1,0,1.52805,1.56464,0,1.1349,2.96352,9.13716e+06,4.02164e+06,1.3962e+07,0,0,0,7.73942e+07
110.355,110.355,5.7839,0,0.08,3.352,3.43227,0,0.628155,6.048,4.39666e+06,3.00878e+06,1.47376e+07,0,0,0,5.84094e+08,62.3362,61.308,5.03058,1,0,1.52807,1.56466,0,1.18057,2.96352,9.13716e+06,4.02164e+06,1.39622e+07,0,0,0,7.73942e+07
110.355,110.355,4.77416,0,0.08,3.35206,3.43233,0,0.628165,6.048,4.39666e+06,3.00878e+06,1.47379e+07,0,0,0,5.84094e+08,62.3362,61.308,4.6254,1,0,1.5281,1.56469,0,1.18059,2.96352,9.13716e+06,4.02164e+06,1.39625e+07,0,0,0,7.73942e+07
110.355,110.355,4.2054,0,0.08,3.35212,3.43238,0,0.628176,6.048,4.39666e+06,3.00878e+06,1.47381e+07,0,0,0,5.84094e+08,62.3362,61.308,4.26686,1,0,1.52812,1.56471,0,1.18061,2.96352,9.13716e+06,4.02164e+06,1.39627e+07,0,0,0,7.73942e+07
110.355,110.355,5.10641,0,0.08,3.30597,3.38513,0,0.628186,6.048,4.39666e+06,3.00878e+06,1.45352e+07,0,0,0,5.84094e+08,62.3362,61.308,5.4541,1,0,1.5052,1.54124,0,1.18063,2.96352,9.13716e+06,4.02164e+06,1.37533e+07,0,0,0,7.73942e+07
110.355,110.355,4.43057,0,0.08,3.30603,3.38519,0,0.619539,6.048,4.39666e+06,3.00878e+06,1.45355e+07,0,0,0,5.84094e+08,62.3362,61.308,5.35505,1,0,1.50523,1.54127,0,1.16292,2.96352,9.13716e+06,4.02164e+06,1.37535e+07,0,0,0,7.73942e+07
110.355,110.355,4.11057,0,0.08,3.30608,3.38525,0,0.619549,6.048,4.39666e+06,3.00878e+06,1.45357e+07,0,0,0,5.84094e+08,62.3362,61.308,4.22422,1,0,1.50525,1.5413,0,1.16294,2.96352,9.13716e+06,4.02164e+06,1.37537e+07,0,0,0,7.73942e+07
110.186,110.355,3.56858,0,0.08,3.30614,3.38531,0,0.61956,6.048,4.39666e+06,3.00878e+06,1.4536e+07,0,0,0,5.84094e+08,62.3362,61.308,3.88507,1,0,1.50528,1.54132,0,1.16296,2.96352,9.13716e+06,4.02164e+06,1.3754e+07,0,0,0,7.73942e+07
109.885,110.355,3.55783,0,0.08,3.46303,3.54596,0,0.61957,6.048,4.39666e+06,3.00878e+06,1.52258e+07,0,0,0,5.84094e+08,62.3362,61.308,4.55431,1,0,1.58669,1.62468,0,1.16298,2.96352,9.13716e+06,4.02164e+06,1.44978e+07,0,0,0,7.73942e+07
109.432,110.355,3.39743,0,0.08,3.46309,3.54602,0,0.648972,6.048,4.39666e+06,3.00878e+06,1.5226e+07,0,0,0,5.84094e+08,62.3362,61.308,4.19826,1,0,1.58671,1.62471,0,1.22587,2.96352,9.13716e+06,4.02164e+06,1.44981e+07,0,0,0,7.73942e+07
108.759,110.355,3.15589,0,0.08,3.46315,3.54608,0,0.648983,6.048,4.39666e+06,3.00878e+06,1.52263e+07,0,0,0,5.84094e+08,62.3362,61.308,3.78085,1,0,1.58674,1.62474,0,1.2259,2.96352,9.13716e+06,4.02164e+06,1.44983e+07,0,0,0,7.73942e+07
108.035,110.355,2.98613,0,0.08,3.46321,3.54614,0,0.648994,6.048,4.39666e+06,3.00878e+06,1.52265e+07,0,0,0,5.84094e+08,62.3362,61.308,3.45361,1,0,1.58677,1.62476,0,1.22592,2.96352,9.13716e+06,4.02164e+06,1.44986e+07,0,0,0,7.73942e+07
107.194,110.355,2.84212,0,0.08,3.46327,3.5462,0,0.649005,6.048,4.39666e+06,3.00878e+06,1.52268e+07,0,0,0,5.84094e+08,62.3362,61.308,3.43847,1,0,1.5868,1.62479,0,1.22594,2.96352,9.13716e+06,4.02164e+06,1.44988e+07,0,0,0,7.73942e+07
106.542,110.355,3.06787,0,0.08,3.43231,3.51449,0,0.649016,6.048,4.39666e+06,3.00878e+06,1.50907e+07,0,0,0,5.84094e+08,62.3362,61.308,4.0553,1,0,1.63156,1.67062,0,1.22596,2.96352,9.13716e+06,4.02164e+06,1.49078e+07,0,0,0,7.73942e+07
105.66,110.355,2.83124,0,0.08,3.43236,3.51455,0,0.643214,6.048,4.39666e+06,3.00878e+06,1.50909e+07,0,0,0,5.84094e+08,62.3362,61.308,4.01594,1,0,1.63158,1.67065,0,1.26054,2.96352,9.13716e+06,4.02164e+06,1.4908e+07,0,0,0,7.73942e+07
104.544,110.355,2.58608,0,0.08,3.43242,3.51461,0,0.643225,6.048,4.39666e+06,3.00878e+06,1.50912e+07,0,0,0,5.84094e+08,62.3362,61.308,3.57376,1,0,1.63161,1.67068,0,1.26056,2.96352,9.13716e+06,4.02164e+06,1.49083e+07,0,0,0,7.73942e+07
103.264,110.355,2.37227,0,0.08,3.43248,3.51467,0,0.643236,6.048,4.39666e+06,3.00878e+06,1.50915e+07,0,0,0,5.84094e+08,62.3362,61.308,3.50441,1,0,1.63164,1.67071,0,1.26058,2.96352,9.13716e+06,4.02164e+06,1.49085e+07,0,0,0,7.73942e+07
102.054,110.355,2.49799,0,0.08,3.51265,3.59676,0,0.643247,6.048,4.39666e+06,3.00878e+06,1.54439e+07,0,0,0,5.84094e+08,62.3362,61.308,3.81923,1,0,1.67154,1.71156,0,1.2606,2.96352,9.13716e+06,4.02164e+06,1.52731e+07,0,0,0,7.73942e+07
100.753,110.355,2.40634,0,0.08,3.51271,3.59682,0,0.65827,6.048,4.39666e+06,3.00878e+06,1.54442e+07,0,0,0,5.84094e+08,62.3362,61.308,3.76729,1,0,1.67157,1.71159,0,1.29143,2.96352,9.13716e+06,4.02164e+06,1.52734e+07,0,0,0,7.73942e+07
99.258,110.355,2.19103,0.01,0.08,3.51277,3.59688,0,0.658281,6.048,4.39666e+06,3.00878e+06,1.54444e+07,0,0,0,5.84094e+08,62.3362,61.308,3.31174,1,0,1.67159,1.71162,0,1.29145,2.96352,9.13716e+06,4.02164e+06,1.52736e+07,0,0,0,7.73942e+07
98.147,110.355,2.55408,0.02,0.08,3.51283,3.59694,0,0.658292,6.048,4.39666e+06,3.00878e+06,1.54447e+07,0,0,0,5.84094e+08,62.3362,61.308,4.57119,1,0,1.67162,1.71165,0,1.29147,2.96352,9.13716e+06,4.02164e+06,1.52739e+07,0,0,0,7.73942e+07
96.7375,110.355,2.45926,0.02,0.08,3.7475,3.83723,0,0.658303,6.048,4.39666e+06,3.00878e+06,1.64765e+07,0,0,0,5.84094e+08,62.3362,61.308,4.13555,1,0,1.81557,1.85905,0,1.2915,2.96352,9.13716e+06,4.02164e+06,1.65892e+07,0,0,0,7.73942e+07
95.2201,110.355,2.37857,0.01,0.08,3.74756,3.8373,0,0.702281,6.048,4.39666e+06,3.00878e+06,1.64767e+07,0,0,0,5.84094e+08,62.3362,61.308,3.4926,1,0,1.8156,1.85908,0,1.40271,2.96352,9.13716e+06,4.02164e+06,1.65895e+07,0,0,0,7.73942e+07
93.9623,110.355,2.64873,0.03,0.08,3.74762,3.83736,0,0.702292,6.048,4.39666e+06,3.00878e+06,1.6477e+07,0,0,0,5.84094e+08,62.3362,61.308,4.26385,1,0,1.81563,1.85911,0,1.40274,2.96352,9.13716e+06,4.02164e+06,1.65897e+07,0,0,0,7.73942e+07
92.1952,110.355,2.14546,0.03,0.08,3.74769,3.83743,0,0.702304,6.048,4.39666e+06,3.00878e+06,1.64773e+07,0,0,0,5.84094e+08,62.3362,61.308,3.20172,1,0,1.81566,1.85914,0,1.40276,2.96352,9.13716e+06,4.02164e+06,1.659e+07,0,0,0,7.73942e+07
90.8675,110.355,2.55166,0.03,0.08,3.74775,3.83749,0,0.702316,6.048,4.39666e+06,3.00878e+06,1.64776e+07,0,0,0,5.84094e+08,62.3362,61.308,5.25671,1,0,1.8157,1.85917,0,1.40278,2.96352,9.13716e+06,4.02164e+06,1.65903e+07,0,0,0,7.73942e+07
89.4611,110.355,2.35785,0.02,0.08,3.63346,3.72047,0,0.702328,6.048,4.39666e+06,3.00878e+06,1.59751e+07,0,0,0,5.84094e+08,62.3362,61.308,8.15678,1,0,1.72836,1.76975,0,1.40281,2.96352,9.13716e+06,4.02164e+06,1.57923e+07,0,0,0,7.73942e+07
87.7684,110.355,2.06415,0.03,0.08,3.63352,3.72053,0,0.680911,6.048,4.39666e+06,3.00878e+06,1.59754e+07,0,0,0,5.84094e+08,62.3362,61.308,4.67014,1,0,1.72839,1.76978,0,1.33533,2.96352,9.13716e+06,4.02164e+06,1.57926e+07,0,0,0,7.73942e+07
86.0355,110.355,2.00102,0.03,0.08,3.63359,3.72059,0,0.680922,6.048,4.39666e+06,3.00878e+06,1.59756e+07,0,0,0,5.84094e+08,62.3362,61.308,4.28705,1,0,1.72842,1.76981,0,1.33536,2.96352,9.13716e+06,4.02164e+06,1.57929e+07,0,0,0,7.73942e+07
86.0418,110.355,4.09792,0.04,0.08,3.63365,3.72066,0,0.680934,6.048,4.39666e+06,3.00878e+06,1.59759e+07,0,0,0,5.84094e+08,62.3362,61.308,7.17385,1,0,1.72845,1.76984,0,1.33538,2.96352,9.13716e+06,4.02164e+06,1.57931e+07,0,0,0,7.73942e+07
88.6451,110.355,6.62393,0.04,0.08,3.53984,3.62461,0,0.680945,6.048,4.39666e+06,3.00878e+06,1.55635e+07,0,0,0,5.84094e+08,62.3362,61.308,8.48973,1,0,1.64895,1.68844,0,1.3354,2.96352,9.13716e+06,4.02164e+06,1.50667e+07,0,0,0,7.73942e+07
90.3163,110.355,5.65368,0.04,0.08,3.5399,3.62467,0,0.663366,6.048,4.39666e+06,3.00878e+06,1.55637e+07,0,0,0,5.84094e+08,62.3362,61.308,8.48178,1,0,1.64898,1.68847,0,1.27398,2.96352,9.13716e+06,4.02164e+06,1.5067e+07,0,0,0,7.73942e+07
92.6269,110.355,6.4942,0.03,0.08,3.53996,3.62473,0,0.663377,6.048,4.39666e+06,3.00878e+06,1.5564e+07,0,0,0,5.84094e+08,62.3362,61.308,10.1872,1,0,1.64901,1.6885,0,1.274,2.96352,9.13716e+06,4.02164e+06,1.50673e+07,0,0,0,7.73942e+07
94.1408,110.355,5.70291,0.01,0.08,3.54002,3.62479,0,0.663389,6.048,4.39666e+06,3.00878e+06,1.55643e+07,0,0,0,5.84094e+08,62.3362,61.308,8.61466,1,0,1.64904,1.68852,0,1.27402,2.96352,9.13716e+06,4.02164e+06,1.50675e+07,0,0,0,7.73942e+07
96.4517,110.355,6.3029,0.02,0.08,3.27347,3.35186,0,0.6634,6.048,4.39666e+06,3.00878e+06,1.43923e+07,0,0,0,5.84094e+08,62.3362,61.308,9.63117,1,0,1.48342,1.51894,0,1.27405,2.96352,9.13716e+06,4.02164e+06,1.35543e+07,0,0,0,7.73942e+07
99.0356,110.355,6.65436,0.01,0.08,3.27353,3.35191,0,0.613449,6.048,4.39666e+06,3.00878e+06,1.43926e+07,0,0,0,5.84094e+08,62.3362,61.308,9.97337,1,0,1.48345,1.51897,0,1.14609,2.96352,9.13716e+06,4.02164e+06,1.35545e+07,0,0,0,7.73942e+07
101.539,110.355,6.49792,0.01,0.08,3.27358,3.35197,0,0.613459,6.048,4.39666e+06,3.00878e+06,1.43928e+07,0,0,0,5.84094e+08,62.3362,61.308,9.69837,1,0,1.48347,1.519,0,1.14611,2.96352,9.13716e+06,4.02164e+06,1.35547e+07,0,0,0,7.73942e+07
104.095,110.355,6.64931,0.01,0.08,3.27364,3.35203,0,0.613469,6.048,4.39666e+06,3.00878e+06,1.43931e+07,0,0,0,5.84094e+08,62.3362,61.308,10.965,1,0,1.4835,1.51902,0,1.14613,2.96352,9.13716e+06,4.02164e+06,1.3555e+07,0,0,0,7.73942e+07
105.713,110.355,5.73275,0.01,0.08,3.27369,3.35208,0,0.61348,6.048,4.39666e+06,3.00878e+06,1.43933e+07,0,0,0,5.84094e+08,62.3362,61.308,11.4725,1,0,1.48352,1.51905,0,1.14615,2.96352,9.13716e+06,4.02164e+06,1.35552e+07,0,0,0,7.73942e+07
107.179,110.355,5.67584,0.01,0.08,3.27369,3.35208,0,0.61349,6.048,4.39666e+06,3.00878e+06,1.43933e+07,0,0,0,5.84094e+08,62.3362,61.308,8.78458,1,0,1.48352,1.51905,0,1.14617,2.96352,9.13716e+06,4.02164e+06,1.35552e+07,0,0,0,7.73942e+07
107.127,110.355,4.15895,0,0.08,3.37629,3.45714,0,0.61349,6.048,4.39666e+06,3.00878e+06,1.48444e+07,0,0,0,5.84094e+08,62.3362,61.308,9.55528,1,0,1.53151,1.56818,0,1.14617,2.96352,9.13716e+06,4.02164e+06,1.39937e+07,0,0,0,7.73942e+07
107.182,110.355,4.19243,0,0.08,3.37633,3.45717,0,0.632718,6.048,4.39666e+06,3.00878e+06,1.48446e+07,0,0,0,5.84094e+08,62.3362,61.308,9.15021,1,0,1.53152,1.5682,0,1.18325,2.96352,9.13716e+06,4.02164e+06,1.39938e+07,0,0,0,7.73942e+07
110.355,110.355,8.34911,0,0.08,3.37636,3.45721,0,0.632723,6.048,4.39666e+06,3.00878e+06,1.48447e+07,0,0,0,5.84094e+08,62.3362,61.308,12.1253,1,0,1.53154,1.56821,0,1.18326,2.96352,9.13716e+06,4.02164e+06,1.39939e+07,0,0,0,7.73942e+07
110.355,110.355,7.73366,0,0.08,3.37639,3.45724,0,0.632729,6.048,4.39666e+06,3.00878e+06,1.48448e+07,0,0,0,5.84094e+08,62.3362,61.308,10.6804,1,0,1.53155,1.56823,0,1.18327,2.96352,9.13716e+06,4.02164e+06,1.3994e+07,0,0,0,7.73942e+07
110.355,110.355,6.51302,0,0.08,3.70574,3.79448,0,0.632735,6.048,4.39666e+06,3.00878e+06,1.62929e+07,0,0,0,5.84094e+08,62.3362,61.308,9.99321,1,0,1.71165,1.75263,0,1.18328,2.96352,9.13716e+06,4.02164e+06,1.56396e+07,0,0,0,7.73942e+07
110.355,110.355,5.20582,0,0.08,3.70578,3.79452,0,0.694457,6.048,4.39666e+06,3.00878e+06,1.62931e+07,0,0,0,5.84094e+08,62.3362,61.308,7.88629,1,0,1.71166,1.75265,0,1.32242,2.96352,9.13716e+06,4.02164e+06,1.56397e+07,0,0,0,7.73942e+07
110.355,110.355,4.54908,0,0.08,3.70581,3.79455,0,0.694463,6.048,4.39666e+06,3.00878e+06,1.62932e+07,0,0,0,5.84094e+08,62.3362,61.308,7.15557,1,0,1.71168,1.75266,0,1.32243,2.96352,9.13716e+06,4.02164e+06,1.56399e+07,0,0,0,7.73942e+07
110.355,110.355,4.97031,0,0.08,3.70585,3.79458,0,0.694469,6.048,4.39666e+06,3.00878e+06,1.62933e+07,0,0,0,5.84094e+08,62.3362,61.308,6.43437,1,0,1.71169,1.75268,0,1.32244,2.96352,9.13716e+06,4.02164e+06,1.564e+07,0,0,0,7.73942e+07
110.355,110.355,5.54214,0,0.08,3.23614,3.31363,0,0.694475,6.048,4.39666e+06,3.00878e+06,1.42282e+07,0,0,0,5.84094e+08,62.3362,61.308,6.69481,1,0,1.47003,1.50523,0,1.32245,2.96352,9.13716e+06,4.02164e+06,1.34319e+07,0,0,0,7.73942e+07
110.355,110.355,5.06122,0,0.08,3.23616,3.31366,0,0.606452,6.048,4.39666e+06,3.00878e+06,1.42283e+07,0,0,0,5.84094e+08,62.3362,61.308,5.31267,1,0,1.47004,1.50524,0,1.13575,2.96352,9.13716e+06,4.02164e+06,1.3432e+07,0,0,0,7.73942e+07
110.355,110.355,5.48659,0,0.08,3.23619,3.31369,0,0.606457,6.048,4.39666e+06,3.00878e+06,1.42284e+07,0,0,0,5.84094e+08,62.3362,61.308,5.22927,1,0,1.47006,1.50526,0,1.13576,2.96352,9.13716e+06,4.02164e+06,1.34321e+07,0,0,0,7.73942e+07
110.355,110.355,4.68305,0,0.08,3.23622,3.31372,0,0.606463,6.048,4.39666e+06,3.00878e+06,1.42286e+07,0,0,0,5.84094e+08,62.3362,61.308,4.78486,1,0,1.47007,1.50527,0,1.13577,2.96352,9.13716e+06,4.02164e+06,1.34323e+07,0,0,0,7.73942e+07
110.355,110.355,11.0333,0,0.08,3.23625,3.31375,0,0.606468,6.048,4.39666e+06,3.00878e+06,1.42287e+07,0,0,0,5.84094e+08,62.3362,61.308,6.57554,1,0,1.47008,1.50529,0,1.13578,2.96352,9.13716e+06,4.02164e+06,1.34324e+07,0,0,0,7.73942e+07
110.355,110.355,6.72926,0,0.08,3.35453,3.43486,0,0.606474,6.048,4.39666e+06,3.00878e+06,1.47487e+07,0,0,0,5.84094e+08,62.3362,61.308,4.59078,1,0,1.52922,1.56584,0,1.13579,2.96352,9.13716e+06,4.02164e+06,1.39728e+07,0,0,0,7.73942e+07
110.355,110.355,5.63742,0,0.08,3.35456,3.43489,0,0.628639,6.048,4.39666e+06,3.00878e+06,1.47489e+07,0,0,0,5.84094e+08,62.3362,61.308,4.24344,1,0,1.52924,1.56586,0,1.18148,2.96352,9.13716e+06,4.02164e+06,1.39729e+07,0,0,0,7.73942e+07
110.355,110.355,5.02502,0,0.08,3.35459,3.43492,0,0.628644,6.048,4.39666e+06,3.00878e+06,1.4749e+07,0,0,0,5.84094e+08,62.3362,61.308,3.9216,1,0,1.52925,1.56587,0,1.18149,2.96352,9.13716e+06,4.02164e+06,1.3973e+07,0,0,0,7.73942e+07
110.355,110.355,5.88385,0,0.08,3.35462,3.43495,0,0.62865,6.048,4.39666e+06,3.00878e+06,1.47491e+07,0,0,0,5.84094e+08,62.3362,61.308,4.11692,1,0,1.52926,1.56588,0,1.1815,2.96352,9.13716e+06,4.02164e+06,1.39731e+07,0,0,0,7.73942e+07
110.355,110.355,5.11711,0,0.08,3.30841,3.38764,0,0.628656,6.048,4.39666e+06,3.00878e+06,1.4546e+07,0,0,0,5.84094e+08,62.3362,61.308,4.40362,1,0,1.50631,1.54238,0,1.18151,2.96352,9.13716e+06,4.02164e+06,1.37634e+07,0,0,0,7.73942e+07
110.355,110.355,4.76296,0,0.08,3.30844,3.38767,0,0.619997,6.048,4.39666e+06,3.00878e+06,1.45461e+07,0,0,0,5.84094e+08,62.3362,61.308,3.45432,1,0,1.50633,1.5424,0,1.16378,2.96352,9.13716e+06,4.02164e+06,1.37636e+07,0,0,0,7.73942e+07
110.355,110.355,4.13237,0,0.08,3.30847,3.3877,0,0.620003,6.048,4.39666e+06,3.00878e+06,1.45462e+07,0,0,0,5.84094e+08,62.3362,61.308,3.17917,1,0,1.50634,1.54241,0,1.16379,2.96352,9.13716e+06,4.02164e+06,1.37637e+07,0,0,0,7.73942e+07
110.355,110.355,4.36534,0,0.08,3.3085,3.38773,0,0.620008,6.048,4.39666e+06,3.00878e+06,1.45464e+07,0,0,0,5.84094e+08,62.3362,61.308,3.60676,1,0,1.50635,1.54243,0,1.1638,2.96352,9.13716e+06,4.02164e+06,1.37638e+07,0,0,0,7.73942e+07
110.355,110.355,4.53226,0,0.08,3.46548,3.54846,0,0.620014,6.048,4.39666e+06,3.00878e+06,1.52365e+07,0,0,0,5.84094e+08,62.3362,61.308,4.03702,1,0,1.58781,1.62583,0,1.16381,2.96352,9.13716e+06,4.02164e+06,1.45081e+07,0,0,0,7.73942e+07
110.355,110.355,4.15694,0,0.08,3.46551,3.5485,0,0.649431,6.048,4.39666e+06,3.00878e+06,1.52367e+07,0,0,0,5.84094e+08,62.3362,61.308,3.70983,1,0,1.58782,1.62585,0,1.22674,2.96352,9.13716e+06,4.02164e+06,1.45082e+07,0,0,0,7.73942e+07
110.194,110.355,3.78866,0,0.08,3.46554,3.54853,0,0.649437,6.048,4.39666e+06,3.00878e+06,1.52368e+07,0,0,0,5.84094e+08,62.3362,61.308,3.52325,1,0,1.58784,1.62586,0,1.22675,2.96352,9.13716e+06,4.02164e+06,1.45083e+07,0,0,0,7.73942e+07
109.819,110.355,3.55432,0,0.08,3.46558,3.54856,0,0.649443,6.048,4.39666e+06,3.00878e+06,1.5237e+07,0,0,0,5.84094e+08,62.3362,61.308,3.20985,1,0,1.58785,1.62588,0,1.22676,2.96352,9.13716e+06,4.02164e+06,1.45085e+07,0,0,0,7.73942e+07
108.55,110.355,2.5079,0,0.08,3.46561,3.54859,0,0.649449,6.048,4.39666e+06,3.00878e+06,1.52371e+07,0,0,0,5.84094e+08,62.3362,61.308,2.82385,1,0,1.58787,1.62589,0,1.22678,2.96352,9.13716e+06,4.02164e+06,1.45086e+07,0,0,0,7.73942e+07
107.164,110.355,2.35635,0,0.08,3.4346,3.51684,0,0.649455,6.048,4.39666e+06,3.00878e+06,1.51008e+07,0,0,0,5.84094e+08,62.2559,61.308,2.66272,1,0,1.63265,1.67174,0,1.22679,2.96352,9.13716e+06,4.02164e+06,1.49177e+07,0,0,0,7.73942e+07
105.584,110.355,2.15202,0,0.08,3.43463,3.51687,0,0.643644,6.048,4.39666e+06,3.00878e+06,1.51009e+07,0,0,0,5.84094e+08,62.1557,61.308,2.61868,1,0,1.63266,1.67176,0,1.26138,2.96352,9.13716e+06,4.02164e+06,1.49179e+07,0,0,0,7.73942e+07
103.826,110.355,1.95121,0,0.08,3.43466,3.51691,0,0.64365,6.048,4.39666e+06,3.00878e+06,1.5101e+07,0,0,0,5.84094e+08,62.0075,61.308,2.36317,1,0,1.63268,1.67177,0,1.26139,2.96352,9.13716e+06,4.02164e+06,1.4918e+07,0,0,0,7.73942e+07
102.101,110.355,1.90864,0.01,0.08,3.43469,3.51694,0,0.643656,6.048,4.39666e+06,3.00878e+06,1.51012e+07,0,0,0,5.84094e+08,61.7333,61.308,2.40522,1,0,1.63269,1.67179,0,1.26141,2.96352,9.13716e+06,4.02164e+06,1.49182e+07,0,0,0,7.73942e+07
100.363,110.355,1.94847,0.01,0.08,3.51488,3.59905,0,0.643661,6.048,4.39666e+06,3.00878e+06,1.54537e+07,0,0,0,5.84094e+08,61.3951,61.308,2.46997,1,0,1.6726,1.71265,0,1.26142,2.96352,9.13716e+06,4.02164e+06,1.52828e+07,0,0,0,7.73942e+07
98.3946,110.355,1.70206,0.02,0.08,3.51491,3.59908,0,0.658689,6.048,4.39666e+06,3.00878e+06,1.54539e+07,0,0,0,5.84094e+08,61.0203,61.308,2.27639,1,0,1.67262,1.71267,0,1.29225,2.96352,9.13716e+06,4.02164e+06,1.5283e+07,0,0,0,7.73942e+07
96.3102,110.355,1.56941,0.02,0.08,3.51495,3.59911,0,0.658695,6.048,4.39666e+06,3.00878e+06,1.5454e+07,0,0,0,5.84094e+08,60.6345,61.308,2.17745,1,0,1.67263,1.71268,0,1.29226,2.96352,9.13716e+06,4.02164e+06,1.52831e+07,0,0,0,7.73942e+07
93.9961,110.355,1.29496,0.02,0.08,3.51498,3.59915,0,0.658701,6.048,4.39666e+06,3.00878e+06,1.54542e+07,0,0,0,5.84094e+08,60.192,61.308,2.10306,1,0,1.67265,1.7127,0,1.29228,2.96352,9.13716e+06,4.02164e+06,1.52832e+07,0,0,0,7.73942e+07
91.231,110.355,1.04313,0.03,0.08,3.74976,3.83955,0,0.658707,6.048,4.39666e+06,3.00878e+06,1.64864e+07,0,0,0,5.84094e+08,59.5039,61.308,1.64049,1,0,1.81667,1.86017,0,1.29229,2.96352,9.13716e+06,4.02164e+06,1.65992e+07,0,0,0,7.73942e+07
88.4644,110.355,1.01699,0.03,0.08,3.7498,3.83959,0,0.702706,6.048,4.39666e+06,3.00878e+06,1.64866e+07,0,0,0,5.84094e+08,58.8877,61.308,1.54467,1,0,1.81669,1.86019,0,1.40356,2.96352,9.13716e+06,4.02164e+06,1.65994e+07,0,0,0,7.73942e+07
86.1537,110.355,1.46008,0.04,0.08,3.74983,3.83962,0,0.702712,6.048,4.39666e+06,3.00878e+06,1.64867e+07,0,0,0,5.84094e+08,58.3306,61.308,1.80813,1,0,1.8167,1.86021,0,1.40357,2.96352,9.13716e+06,4.02164e+06,1.65995e+07,0,0,0,7.73942e+07
84.435,110.355,2.11647,0.04,0.08,3.74986,3.83966,0,0.702718,6.048,4.39666e+06,3.00878e+06,1.64869e+07,0,0,0,5.84094e+08,57.9275,61.308,2.06642,1,0,1.81672,1.86022,0,1.40359,2.96352,9.13716e+06,4.02164e+06,1.65997e+07,0,0,0,7.73942e+07
82.3079,110.355,1.6242,0.04,0.08,3.7499,3.83969,0,0.702725,6.048,4.39666e+06,3.00878e+06,1.6487e+07,0,0,0,5.84094e+08,57.7519,61.308,2.1448,1,0,1.81674,1.86024,0,1.4036,2.96352,9.13716e+06,4.02164e+06,1.65998e+07,0,0,0,7.73942e+07
80.3357,110.355,1.71702,0.04,0.08,3.63552,3.72257,0,0.702731,6.048,4.39666e+06,3.00878e+06,1.59841e+07,0,0,0,5.84094e+08,57.6309,61.308,2.03869,1,0,1.72934,1.77075,0,1.40361,2.96352,9.13716e+06,4.02164e+06,1.58013e+07,0,0,0,7.73942e+07
78.9099,110.355,2.28162,0.05,0.08,3.63555,3.72261,0,0.681296,6.048,4.39666e+06,3.00878e+06,1.59843e+07,0,0,0,5.84094e+08,57.752,61.308,2.75455,1,0,1.72936,1.77077,0,1.33609,2.96352,9.13716e+06,4.02164e+06,1.58014e+07,0,0,0,7.73942e+07
78.1506,110.355,3.04239,0.05,0.08,3.63558,3.72264,0,0.681302,6.048,4.39666e+06,3.00878e+06,1.59844e+07,0,0,0,5.84094e+08,58.307,61.308,3.87409,1,0,1.72937,1.77078,0,1.3361,2.96352,9.13716e+06,4.02164e+06,1.58016e+07,0,0,0,7.73942e+07
76.8367,110.355,2.51118,0.06,0.08,3.63562,3.72267,0,0.681308,6.048,4.39666e+06,3.00878e+06,1.59846e+07,0,0,0,5.84094e+08,58.6198,61.308,3.17701,1,0,1.72939,1.7708,0,1.33611,2.96352,9.13716e+06,4.02164e+06,1.58017e+07,0,0,0,7.73942e+07
76.1864,110.355,3.12727,0.06,0.08,3.54173,3.62654,0,0.681315,6.048,4.39666e+06,3.00878e+06,1.55718e+07,0,0,0,5.84094e+08,59.1074,61.308,4.05551,1,0,1.64983,1.68934,0,1.33613,2.96352,9.13716e+06,4.02164e+06,1.50748e+07,0,0,0,7.73942e+07
76.3135,110.355,4.03267,0.06,0.08,3.54176,3.62657,0,0.663721,6.048,4.39666e+06,3.00878e+06,1.55719e+07,0,0,0,5.84094e+08,62.0129,61.308,10.6889,1,0,1.64985,1.68936,0,1.27466,2.96352,9.13716e+06,4.02164e+06,1.50749e+07,0,0,0,7.73942e+07
75.7999,110.355,3.29686,0.06,0.08,3.5418,3.62661,0,0.663727,6.048,4.39666e+06,3.00878e+06,1.55721e+07,0,0,0,5.84094e+08,62.3362,61.308,4.80976,1,0,1.64986,1.68937,0,1.27467,2.96352,9.13716e+06,4.02164e+06,1.50751e+07,0,0,0,7.73942e+07
76.7668,110.355,4.905,0.07,0.08,3.54183,3.62664,0,0.663733,6.048,4.39666e+06,3.00878e+06,1.55722e+07,0,0,0,5.84094e+08,62.3362,61.308,7.50112,1,0,1.64988,1.68939,0,1.27469,2.96352,9.13716e+06,4.02164e+06,1.50752e+07,0,0,0,7.73942e+07
77.0186,110.355,3.81938,0.08,0.08,3.27512,3.35354,0,0.663739,6.048,4.39666e+06,3.00878e+06,1.43996e+07,0,0,0,5.84094e+08,62.3362,61.308,4.54782,1,0,1.48417,1.51971,0,1.2747,2.96352,9.13716e+06,4.02164e+06,1.35611e+07,0,0,0,7.73942e+07
78.9489,110.355,5.5373,0.09,0.08,3.27515,3.35357,0,0.613757,6.048,4.39666e+06,3.00878e+06,1.43997e+07,0,0,0,5.84094e+08,62.3362,61.308,5.48982,1,0,1.48418,1.51972,0,1.14667,2.96352,9.13716e+06,4.02164e+06,1.35612e+07,0,0,0,7.73942e+07
78.8243,110.355,3.48503,0.07,0.08,3.27518,3.3536,0,0.613763,6.048,4.39666e+06,3.00878e+06,1.43998e+07,0,0,0,5.84094e+08,62.3362,61.308,4.82005,1,0,1.48419,1.51973,0,1.14668,2.96352,9.13716e+06,4.02164e+06,1.35613e+07,0,0,0,7.73942e+07
78.1365,110.355,2.91909,0.1,0.08,3.27521,3.35363,0,0.613768,6.048,4.39666e+06,3.00878e+06,1.44e+07,0,0,0,5.84094e+08,62.3362,61.308,4.01961,1,0,1.48421,1.51975,0,1.14669,2.96352,9.13716e+06,4.02164e+06,1.35614e+07,0,0,0,7.73942e+07
76.9401,110.355,2.32206,0.09,0.08,3.27524,3.35366,0,0.613774,6.048,4.39666e+06,3.00878e+06,1.44001e+07,0,0,0,5.84094e+08,62.3362,61.308,3.39726,1,0,1.48422,1.51976,0,1.1467,2.96352,9.13716e+06,4.02164e+06,1.35616e+07,0,0,0,7.73942e+07
75.4549,110.355,2.13446,0.09,0.08,3.37786,3.45874,0,0.613779,6.048,4.39666e+06,3.00878e+06,1.48513e+07,0,0,0,5.84094e+08,62.3362,61.308,3.61453,1,0,1.53222,1.56891,0,1.14671,2.96352,9.13716e+06,4.02164e+06,1.40001e+07,0,0,0,7.73942e+07
74.9809,110.355,3.20152,0.09,0.08,3.37786,3.45875,0,0.633011,6.048,4.39666e+06,3.00878e+06,1.48513e+07,0,0,0,5.84094e+08,62.3362,61.308,3.46918,1,0,1.53222,1.56891,0,1.18379,2.96352,9.13716e+06,4.02164e+06,1.40002e+07,0,0,0,7.73942e+07
74.2165,110.355,2.88449,0.09,0.08,3.37787,3.45875,0,0.633011,6.048,4.39666e+06,3.00878e+06,1.48513e+07,0,0,0,5.84094e+08,62.3362,61.308,3.60048,1,0,1.53222,1.56891,0,1.18379,2.96352,9.13716e+06,4.02164e+06,1.40002e+07,0,0,0,7.73942e+07
73.1102,110.355,2.51495,0.09,0.08,3.37787,3.45876,0,0.633012,6.048,4.39666e+06,3.00878e+06,1.48514e+07,0,0,0,5.84094e+08,62.3362,61.308,3.30922,1,0,1.53223,1.56892,0,1.1838,2.96352,9.13716e+06,4.02164e+06,1.40002e+07,0,0,0,7.73942e+07
72.3011,110.355,3.12514,0.11,0.08,3.70735,3.79612,0,0.633013,6.048,4.39666e+06,3.00878e+06,1.62999e+07,0,0,0,5.84094e+08,62.3362,61.308,4.39988,1,0,1.71239,1.75339,0,1.1838,2.96352,9.13716e+06,4.02164e+06,1.56463e+07,0,0,0,7.73942e+07
71.9219,110.355,3.56641,0.11,0.08,3.70735,3.79612,0,0.694756,6.048,4.39666e+06,3.00878e+06,1.63e+07,0,0,0,5.84094e+08,62.3362,61.308,4.51635,1,0,1.71239,1.75339,0,1.32299,2.96352,9.13716e+06,4.02164e+06,1.56464e+07,0,0,0,7.73942e+07
71.391,110.355,3.41449,0.11,0.08,3.70735,3.79613,0,0.694757,6.048,4.39666e+06,3.00878e+06,1.63e+07,0,0,0,5.84094e+08,62.3362,61.308,5.03296,1,0,1.71239,1.75339,0,1.32299,2.96352,9.13716e+06,4.02164e+06,1.56464e+07,0,0,0,7.73942e+07
72.0755,110.355,4.65656,0.14,0.08,3.70736,3.79613,0,0.694758,6.048,4.39666e+06,3.00878e+06,1.63e+07,0,0,0,5.84094e+08,62.3362,61.308,7.42535,1,0,1.71239,1.7534,0,1.32299,2.96352,9.13716e+06,4.02164e+06,1.56464e+07,0,0,0,7.73942e+07
73.3184,110.355,4.85477,0.14,0.08,3.23743,3.31495,0,0.694759,6.048,4.39666e+06,3.00878e+06,1.42339e+07,0,0,0,5.84094e+08,62.3362,61.308,6.59783,1,0,1.47062,1.50583,0,1.32299,2.96352,9.13716e+06,4.02164e+06,1.34373e+07,0,0,0,7.73942e+07
75.9621,110.355,6.394,0.1,0.08,3.23744,3.31496,0,0.606695,6.048,4.39666e+06,3.00878e+06,1.42339e+07,0,0,0,5.84094e+08,62.3362,61.308,6.69425,1,0,1.47062,1.50584,0,1.1362,2.96352,9.13716e+06,4.02164e+06,1.34373e+07,0,0,0,7.73942e+07
77.9041,110.355,5.61872,0.1,0.08,3.23744,3.31496,0,0.606695,6.048,4.39666e+06,3.00878e+06,1.42339e+07,0,0,0,5.84094e+08,62.3362,61.308,6.48598,1,0,1.47062,1.50584,0,1.1362,2.96352,9.13716e+06,4.02164e+06,1.34373e+07,0,0,0,7.73942e+07
81.0745,110.355,6.88705,0.1,0.08,3.23744,3.31497,0,0.606696,6.048,4.39666e+06,3.00878e+06,1.42339e+07,0,0,0,5.84094e+08,62.3362,61.308,7.85069,1,0,1.47062,1.50584,0,1.1362,2.96352,9.13716e+06,4.02164e+06,1.34373e+07,0,0,0,7.73942e+07
81.5973,110.355,4.17149,0.06,0.08,3.23745,3.31497,0,0.606697,6.048,4.39666e+06,3.00878e+06,1.4234e+07,0,0,0,5.84094e+08,62.3362,61.308,4.96526,1,0,1.47063,1.50584,0,1.1362,2.96352,9.13716e+06,4.02164e+06,1.34373e+07,0,0,0,7.73942e+07
82.2385,110.355,4.4432,0.06,0.08,3.35574,3.4361,0,0.606698,6.048,4.39666e+06,3.00878e+06,1.47541e+07,0,0,0,5.84094e+08,62.3362,61.308,4.82569,1,0,1.52978,1.56641,0,1.13621,2.96352,9.13716e+06,4.02164e+06,1.39778e+07,0,0,0,7.73942e+07
82.0618,110.355,3.56401,0.05,0.08,3.35574,3.4361,0,0.628866,6.048,4.39666e+06,3.00878e+06,1.47541e+07,0,0,0,5.84094e+08,62.3362,61.308,4.33654,1,0,1.52978,1.56641,0,1.1819,2.96352,9.13716e+06,4.02164e+06,1.39778e+07,0,0,0,7.73942e+07
81.8408,110.355,3.50002,0.04,0.08,3.35575,3.4361,0,0.628867,6.048,4.39666e+06,3.00878e+06,1.47541e+07,0,0,0,5.84094e+08,62.3362,61.308,4.64219,1,0,1.52978,1.56641,0,1.18191,2.96352,9.13716e+06,4.02164e+06,1.39778e+07,0,0,0,7.73942e+07
81.4655,110.355,3.29741,0.05,0.08,3.35575,3.43611,0,0.628867,6.048,4.39666e+06,3.00878e+06,1.47541e+07,0,0,0,5.84094e+08,62.3362,61.308,3.37082,1,0,1.52978,1.56641,0,1.18191,2.96352,9.13716e+06,4.02164e+06,1.39779e+07,0,0,0,7.73942e+07
80.2483,110.355,2.34316,0.04,0.08,3.30951,3.38875,0,0.628868,6.048,4.39666e+06,3.00878e+06,1.45508e+07,0,0,0,5.84094e+08,62.3246,61.308,2.38521,1,0,1.50681,1.54289,0,1.18191,2.96352,9.13716e+06,4.02164e+06,1.3768e+07,0,0,0,7.73942e+07
78.8296,110.355,2.11648,0.04,0.08,3.30951,3.38876,0,0.620201,6.048,4.39666e+06,3.00878e+06,1.45508e+07,0,0,0,5.84094e+08,62.3038,61.308,2.37687,1,0,1.50681,1.54289,0,1.16416,2.96352,9.13716e+06,4.02164e+06,1.3768e+07,0,0,0,7.73942e+07
78.3361,110.355,3.05264,0.07,0.08,3.30951,3.38876,0,0.620202,6.048,4.39666e+06,3.00878e+06,1.45508e+07,0,0,0,5.84094e+08,62.3362,61.308,2.69116,1,0,1.50681,1.5429,0,1.16416,2.96352,9.13716e+06,4.02164e+06,1.3768e+07,0,0,0,7.73942e+07
77.1758,110.355,2.33899,0.06,0.08,3.30952,3.38877,0,0.620203,6.048,4.39666e+06,3.00878e+06,1.45508e+07,0,0,0,5.84094e+08,62.3343,61.308,2.35959,1,0,1.50682,1.5429,0,1.16416,2.96352,9.13716e+06,4.02164e+06,1.3768e+07,0,0,0,7.73942e+07
75.7231,110.355,2.06642,0.05,0.08,3.46652,3.54952,0,0.620204,6.048,4.39666e+06,3.00878e+06,1.52411e+07,0,0,0,5.84094e+08,62.1325,61.308,2.00254,1,0,1.58828,1.62632,0,1.16417,2.96352,9.13716e+06,4.02164e+06,1.45124e+07,0,0,0,7.73942e+07
74.2063,110.355,1.97553,0.04,0.08,3.46652,3.54953,0,0.649625,6.048,4.39666e+06,3.00878e+06,1.52411e+07,0,0,0,5.84094e+08,61.9575,61.308,2.02271,1,0,1.58829,1.62632,0,1.22711,2.96352,9.13716e+06,4.02164e+06,1.45124e+07,0,0,0,7.73942e+07
72.6199,110.355,1.88556,0.04,0.08,3.46652,3.54953,0,0.649626,6.048,4.39666e+06,3.00878e+06,1.52411e+07,0,0,0,5.84094e+08,61.762,61.308,1.96156,1,0,1.58829,1.62632,0,1.22711,2.96352,9.13716e+06,4.02164e+06,1.45124e+07,0,0,0,7.73942e+07
70.9323,110.355,1.76267,0.07,0.08,3.46653,3.54954,0,0.649627,6.048,4.39666e+06,3.00878e+06,1.52412e+07,0,0,0,5.84094e+08,61.3825,61.308,1.84749,1,0,1.58829,1.62632,0,1.22711,2.96352,9.13716e+06,4.02164e+06,1.45125e+07,0,0,0,7.73942e+07
68.7113,110.355,1.15168,0.08,0.08,3.46653,3.54954,0,0.649627,6.048,4.39666e+06,3.00878e+06,1.52412e+07,0,0,0,5.84094e+08,60.8221,61.308,1.58326,1,0,1.58829,1.62632,0,1.22711,2.96352,9.13716e+06,4.02164e+06,1.45125e+07,0,0,0,7.73942e+07
66.3596,110.355,0.972782,0.07,0.08,3.43549,3.51775,0,0.649628,6.048,4.39666e+06,3.00878e+06,1.51047e+07,0,0,0,5.84094e+08,60.1145,61.308,1.49509,1,0,1.63307,1.67217,0,1.22711,2.96352,9.13716e+06,4.02164e+06,1.49216e+07,0,0,0,7.73942e+07
63.9493,110.355,0.881847,0.08,0.08,3.43549,3.51776,0,0.643811,6.048,4.39666e+06,3.00878e+06,1.51047e+07,0,0,0,5.84094e+08,59.3871,61.308,1.34649,1,0,1.63307,1.67218,0,1.26171,2.96352,9.13716e+06,4.02164e+06,1.49216e+07,0,0,0,7.73942e+07
61.5519,110.355,0.83378,0.08,0.08,3.4355,3.51776,0,0.643812,6.048,4.39666e+06,3.00878e+06,1.51047e+07,0,0,0,5.84094e+08,58.5514,61.308,1.32746,1,0,1.63307,1.67218,0,1.26171,2.96352,9.13716e+06,4.02164e+06,1.49217e+07,0,0,0,7.73942e+07
59.1437,110.355,0.795643,0.12,0.08,3.4355,3.51777,0,0.643812,6.048,4.39666e+06,3.00878e+06,1.51047e+07,0,0,0,5.84094e+08,57.7022,61.308,1.30542,1,0,1.63308,1.67218,0,1.26171,2.96352,9.13716e+06,4.02164e+06,1.49217e+07,0,0,0,7.73942e+07
56.7277,110.355,0.821448,0.13,0.08,3.51568,3.59987,0,0.643813,6.048,4.39666e+06,3.00878e+06,1.54573e+07,0,0,0,5.84094e+08,56.7716,61.308,1.31433,1,0,1.67298,1.71304,0,1.26171,2.96352,9.13716e+06,4.02164e+06,1.52863e+07,0,0,0,7.73942e+07
54.269,110.355,0.741254,0.14,0.08,3.51569,3.59987,0,0.658839,6.048,4.39666e+06,3.00878e+06,1.54573e+07,0,0,0,5.84094e+08,55.7664,61.308,1.26222,1,0,1.67298,1.71305,0,1.29255,2.96352,9.13716e+06,4.02164e+06,1.52863e+07,0,0,0,7.73942e+07
51.7863,110.355,0.676092,0.18,0.08,3.51569,3.59988,0,0.65884,6.048,4.39666e+06,3.00878e+06,1.54573e+07,0,0,0,5.84094e+08,54.7406,61.308,1.15999,1,0,1.67299,1.71305,0,1.29255,2.96352,9.13716e+06,4.02164e+06,1.52863e+07,0,0,0,7.73942e+07
49.272,110.355,0.589384,0.18,0.08,3.5157,3.59988,0,0.658841,6.048,4.39666e+06,3.00878e+06,1.54573e+07,0,0,0,5.84094e+08,53.6145,61.308,1.14932,1,0,1.67299,1.71305,0,1.29255,2.96352,9.13716e+06,4.02164e+06,1.52864e+07,0,0,0,7.73942e+07
46.6575,110.355,0.590682,0.26,0.08,3.7505,3.84031,0,0.658842,6.048,4.39666e+06,3.00878e+06,1.64897e+07,0,0,0,5.84094e+08,52.5662,61.308,0.995099,1,0,1.81703,1.86054,0,1.29255,2.96352,9.13716e+06,4.02164e+06,1.66025e+07,0,0,0,7.73942e+07
44.1525,110.355,0.655614,0.26,0.08,3.7505,3.84031,0,0.702844,6.048,4.39666e+06,3.00878e+06,1.64897e+07,0,0,0,5.84094e+08,51.3143,61.308,1.23448,1,0,1.81703,1.86054,0,1.40384,2.96352,9.13716e+06,4.02164e+06,1.66025e+07,0,0,0,7.73942e+07
41.588,110.355,0.535439,0.29,0.08,3.75051,3.84032,0,0.702845,6.048,4.39666e+06,3.00878e+06,1.64897e+07,0,0,0,5.84094e+08,50.5619,61.308,0.865694,1,0,1.81703,1.86054,0,1.40384,2.96352,9.13716e+06,4.02164e+06,1.66025e+07,0,0,0,7.73942e+07
39.2111,110.355,0.650521,0.3,0.08,3.75051,3.84032,0,0.702845,6.048,4.39666e+06,3.00878e+06,1.64897e+07,0,0,0,5.84094e+08,49.8851,61.308,1.59821,1,0,1.81703,1.86055,0,1.40384,2.96352,9.13716e+06,4.02164e+06,1.66025e+07,0,0,0,7.73942e+07
37.1929,110.355,0.904854,0.3,0.08,3.75052,3.84033,0,0.702846,6.048,4.39666e+06,3.00878e+06,1.64898e+07,0,0,0,5.84094e+08,49.1681,61.308,1.43122,1,0,1.81704,1.86055,0,1.40384,2.96352,9.13716e+06,4.02164e+06,1.66026e+07,0,0,0,7.73942e+07
35.3659,110.355,0.992454,0.33,0.08,3.63609,3.72316,0,0.702847,6.048,4.39666e+06,3.00878e+06,1.59867e+07,0,0,0,5.84094e+08,48.5134,61.308,1.51326,1,0,1.72961,1.77103,0,1.40384,2.96352,9.13716e+06,4.02164e+06,1.58038e+07,0,0,0,7.73942e+07
33.7001,110.355,1.12151,0.34,0.08,3.63609,3.72316,0,0.681403,6.048,4.39666e+06,3.00878e+06,1.59867e+07,0,0,0,5.84094e+08,48.0077,61.308,2.07901,1,0,1.72962,1.77103,0,1.3363,2.96352,9.13716e+06,4.02164e+06,1.58038e+07,0,0,0,7.73942e+07
32.0496,110.355,1.08442,0.32,0.08,3.6361,3.72317,0,0.681404,6.048,4.39666e+06,3.00878e+06,1.59867e+07,0,0,0,5.84094e+08,47.4916,61.308,1.96443,1,0,1.72962,1.77103,0,1.3363,2.96352,9.13716e+06,4.02164e+06,1.58038e+07,0,0,0,7.73942e+07
30.6595,110.355,1.31709,0.39,0.08,3.6361,3.72317,0,0.681405,6.048,4.39666e+06,3.00878e+06,1.59867e+07,0,0,0,5.84094e+08,47.0459,61.308,2.19492,1,0,1.72962,1.77104,0,1.3363,2.96352,9.13716e+06,4.02164e+06,1.58038e+07,0,0,0,7.73942e+07
29.6132,110.355,1.55971,0.39,0.08,3.54218,3.627,0,0.681406,6.048,4.39666e+06,3.00878e+06,1.55738e+07,0,0,0,5.84094e+08,46.6551,61.308,1.91691,1,0,1.65004,1.68955,0,1.3363,2.96352,9.13716e+06,4.02164e+06,1.50767e+07,0,0,0,7.73942e+07
29.1074,110.355,2.11536,0.38,0.08,3.54218,3.627,0,0.663804,6.048,4.39666e+06,3.00878e+06,1.55738e+07,0,0,0,5.84094e+08,46.4471,61.308,2.62465,1,0,1.65004,1.68956,0,1.27482,2.96352,9.13716e+06,4.02164e+06,1.50767e+07,0,0,0,7.73942e+07
31.1307,110.355,4.68345,0.38,0.08,3.54219,3.62701,0,0.663805,6.048,4.39666e+06,3.00878e+06,1.55738e+07,0,0,0,5.84094e+08,46.8689,61.308,3.87494,1,0,1.65005,1.68956,0,1.27482,2.96352,9.13716e+06,4.02164e+06,1.50767e+07,0,0,0,7.73942e+07
32.5792,110.355,4.21377,0.37,0.08,3.54219,3.62701,0,0.663806,6.048,4.39666e+06,3.00878e+06,1.55738e+07,0,0,0,5.84094e+08,46.8264,61.308,3.28746,1,0,1.65005,1.68956,0,1.27483,2.96352,9.13716e+06,4.02164e+06,1.50768e+07,0,0,0,7.73942e+07
35.0656,110.355,5.248,0.39,0.08,3.27543,3.35386,0,0.663807,6.048,4.39666e+06,3.00878e+06,1.44009e+07,0,0,0,5.84094e+08,46.9495,61.308,3.35704,1,0,1.48431,1.51985,0,1.27483,2.96352,9.13716e+06,4.02164e+06,1.35624e+07,0,0,0,7.73942e+07
37.0037,110.355,4.73663,0.35,0.08,3.27543,3.35386,0,0.613815,6.048,4.39666e+06,3.00878e+06,1.4401e+07,0,0,0,5.84094e+08,46.9257,61.308,2.62442,1,0,1.48431,1.51985,0,1.14678,2.96352,9.13716e+06,4.02164e+06,1.35624e+07,0,0,0,7.73942e+07
39.503,110.355,5.41339,0.36,0.08,3.27544,3.35387,0,0.613816,6.048,4.39666e+06,3.00878e+06,1.4401e+07,0,0,0,5.84094e+08,47.024,61.308,3.63676,1,0,1.48431,1.51985,0,1.14678,2.96352,9.13716e+06,4.02164e+06,1.35624e+07,0,0,0,7.73942e+07
46.1826,110.355,9.80404,0.3,0.08,3.27544,3.35387,0,0.613817,6.048,4.39666e+06,3.00878e+06,1.4401e+07,0,0,0,5.84094e+08,47.5579,61.308,6.13223,1,0,1.48431,1.51986,0,1.14678,2.96352,9.13716e+06,4.02164e+06,1.35624e+07,0,0,0,7.73942e+07
50.8484,110.355,7.93163,0.26,0.08,3.27544,3.35388,0,0.613817,6.048,4.39666e+06,3.00878e+06,1.4401e+07,0,0,0,5.84094e+08,47.9963,61.308,5.17588,1,0,1.48432,1.51986,0,1.14678,2.96352,9.13716e+06,4.02164e+06,1.35624e+07,0,0,0,7.73942e+07
55.8121,110.355,8.53938,0.21,0.08,3.37805,3.45894,0,0.613818,6.048,4.39666e+06,3.00878e+06,1.48521e+07,0,0,0,5.93398e+08,49.6079,61.308,6.37127,1,0,1.53231,1.569,0,1.14678,2.96352,9.13716e+06,4.02164e+06,1.40009e+07,0,0,0,7.73942e+07
60.3278,110.355,8.20275,0.22,0.08,3.37802,3.45891,0,0.633046,6.048,4.39666e+06,3.00878e+06,1.4852e+07,0,0,0,5.93398e+08,51.0852,61.308,7.33341,1,0,1.5323,1.56899,0,1.18386,2.96352,9.13716e+06,4.02164e+06,1.40008e+07,0,0,0,7.73942e+07
67.4439,110.355,11.3772,0.18,0.08,3.378,3.45889,0,0.633042,6.048,4.39666e+06,3.00878e+06,1.48519e+07,0,0,0,5.93398e+08,52.5677,61.308,8.82702,1,0,1.53229,1.56898,0,1.18385,2.96352,9.13716e+06,4.02164e+06,1.40007e+07,0,0,0,7.73942e+07
70.6341,110.355,7.16425,0.14,0.08,3.37798,3.45887,0,0.633038,6.048,4.39666e+06,3.00878e+06,1.48518e+07,0,0,0,5.93398e+08,54.2515,61.308,8.05455,1,0,1.53228,1.56897,0,1.18384,2.96352,9.13716e+06,4.02164e+06,1.40006e+07,0,0,0,7.73942e+07
72.5968,110.355,6.20487,0.11,0.08,3.70743,3.79621,0,0.633033,6.048,4.39666e+06,3.00878e+06,1.63003e+07,0,0,0,5.93398e+08,55.3378,61.308,5.68967,1,0,1.71243,1.75343,0,1.18384,2.96352,9.13716e+06,4.02164e+06,1.56467e+07,0,0,0,7.73942e+07
75.5438,110.355,7.32015,0.11,0.08,3.70741,3.79619,0,0.694773,6.048,4.39666e+06,3.00878e+06,1.63002e+07,0,0,0,5.93398e+08,56.6868,61.308,6.90793,1,0,1.71242,1.75342,0,1.32302,2.96352,9.13716e+06,4.02164e+06,1.56466e+07,0,0,0,7.73942e+07
81.0758,110.355,10.0314,0.08,0.08,3.70739,3.79616,0,0.694769,6.048,4.39666e+06,3.00878e+06,1.63001e+07,0,0,0,5.93398e+08,59.53,61.308,11.0878,1,0,1.7124,1.75341,0,1.32301,2.96352,9.13716e+06,4.02164e+06,1.56465e+07,0,0,0,7.73942e+07
84.5487,110.355,8.05436,0.06,0.08,3.70736,3.79614,0,0.694764,6.048,4.39666e+06,3.00878e+06,1.63e+07,0,0,0,5.93398e+08,61.6842,61.308,9.58609,1,0,1.71239,1.7534,0,1.323,2.96352,9.13716e+06,4.02164e+06,1.56464e+07,0,0,0,7.73942e+07
88.9353,110.355,8.47736,0.03,0.08,3.23741,3.31493,0,0.69476,6.048,4.39666e+06,3.00878e+06,1.42338e+07,0,0,0,5.93398e+08,62.3362,61.308,11.9449,1,0,1.47061,1.50582,0,1.32299,2.96352,9.13716e+06,4.02164e+06,1.34372e+07,0,0,0,7.73942e+07
92.0092,110.355,7.31659,0.03,0.08,3.23739,3.31491,0,0.60669,6.048,4.39666e+06,3.00878e+06,1.42337e+07,0,0,0,5.93398e+08,62.3362,61.308,9.22469,1,0,1.4706,1.50581,0,1.13619,2.96352,9.13716e+06,4.02164e+06,1.34371e+07,0,0,0,7.73942e+07
95.8193,110.355,8.09945,0.01,0.08,3.23737,3.31489,0,0.606686,6.048,4.39666e+06,3.00878e+06,1.42336e+07,0,0,0,5.93398e+08,62.3362,61.308,10.2117,1,0,1.47059,1.5058,0,1.13618,2.96352,9.13716e+06,4.02164e+06,1.3437e+07,0,0,0,7.73942e+07
98.7482,110.355,7.13113,0.01,0.08,3.23734,3.31486,0,0.606682,6.048,4.39666e+06,3.00878e+06,1.42335e+07,0,0,0,5.93398e+08,62.3362,61.308,8.7568,1,0,1.47058,1.50579,0,1.13618,2.96352,9.13716e+06,4.02164e+06,1.34369e+07,0,0,0,7.73942e+07
100.417,110.355,5.87975,0,0.08,3.23732,3.31484,0,0.606678,6.048,4.39666e+06,3.00878e+06,1.42334e+07,0,0,0,5.93398e+08,62.3362,61.308,5.96832,1,0,1.47057,1.50578,0,1.13617,2.96352,9.13716e+06,4.02164e+06,1.34368e+07,0,0,0,7.73942e+07
102.567,110.355,6.40207,0,0.08,3.35559,3.43594,0,0.606674,6.048,4.39666e+06,3.00878e+06,1.47534e+07,0,0,0,5.93398e+08,62.3362,61.308,6.42101,1,0,1.5297,1.56633,0,1.13616,2.96352,9.13716e+06,4.02164e+06,1.39772e+07,0,0,0,7.73942e+07
106.192,110.355,8.0467,0,0.08,3.35556,3.43591,0,0.628837,6.048,4.39666e+06,3.00878e+06,1.47533e+07,0,0,0,5.93398e+08,62.3362,61.308,8.78647,1,0,1.52969,1.56632,0,1.18185,2.96352,9.13716e+06,4.02164e+06,1.39771e+07,0,0,0,7.73942e+07
109.736,110.355,8.02052,0,0.08,3.35554,3.43589,0,0.628833,6.048,4.39666e+06,3.00878e+06,1.47532e+07,0,0,0,5.93398e+08,62.3362,61.308,10.0244,1,0,1.52968,1.56631,0,1.18184,2.96352,9.13716e+06,4.02164e+06,1.3977e+07,0,0,0,7.73942e+07
110.355,110.355,5.99257,0,0.08,3.35552,3.43587,0,0.628828,6.048,4.39666e+06,3.00878e+06,1.47531e+07,0,0,0,5.93398e+08,62.3362,61.308,7.69462,1,0,1.52967,1.5663,0,1.18183,2.96352,9.13716e+06,4.02164e+06,1.39769e+07,0,0,0,7.73942e+07
110.355,110.355,4.91132,0,0.08,3.30925,3.38849,0,0.628824,6.048,4.39666e+06,3.00878e+06,1.45497e+07,0,0,0,5.93398e+08,62.3362,61.308,7.05585,1,0,1.50669,1.54277,0,1.18183,2.96352,9.13716e+06,4.02164e+06,1.37669e+07,0,0,0,7.73942e+07
110.355,110.355,4.54488,0,0.08,3.30923,3.38847,0,0.620153,6.048,4.39666e+06,3.00878e+06,1.45496e+07,0,0,0,5.93398e+08,62.3362,61.308,5.89934,1,0,1.50668,1.54276,0,1.16407,2.96352,9.13716e+06,4.02164e+06,1.37668e+07,0,0,0,7.73942e+07
110.355,110.355,4.22252,0,0.08,3.30921,3.38845,0,0.620149,6.048,4.39666e+06,3.00878e+06,1.45495e+07,0,0,0,5.93398e+08,62.3362,61.308,5.36055,1,0,1.50667,1.54275,0,1.16406,2.96352,9.13716e+06,4.02164e+06,1.37667e+07,0,0,0,7.73942e+07
110.335,110.355,3.85637,0,0.08,3.30918,3.38842,0,0.620145,6.048,4.39666e+06,3.00878e+06,1.45494e+07,0,0,0,5.93398e+08,62.3362,61.308,5.07008,1,0,1.50666,1.54274,0,1.16406,2.96352,9.13716e+06,4.02164e+06,1.37666e+07,0,0,0,7.73942e+07
109.922,110.355,3.45446,0,0.08,3.46614,3.54914,0,0.620141,6.048,4.39666e+06,3.00878e+06,1.52394e+07,0,0,0,5.93398e+08,62.3362,61.308,5.21642,1,0,1.58811,1.62614,0,1.16405,2.96352,9.13716e+06,4.02164e+06,1.45108e+07,0,0,0,7.73942e+07
109.237,110.355,3.16745,0,0.08,3.46612,3.54911,0,0.649554,6.048,4.39666e+06,3.00878e+06,1.52393e+07,0,0,0,5.93398e+08,62.3362,61.308,4.53679,1,0,1.5881,1.62613,0,1.22697,2.96352,9.13716e+06,4.02164e+06,1.45107e+07,0,0,0,7.73942e+07
108.29,110.355,2.88824,0,0.08,3.46609,3.54909,0,0.64955,6.048,4.39666e+06,3.00878e+06,1.52392e+07,0,0,0,5.93398e+08,62.3362,61.308,3.58416,1,0,1.58809,1.62612,0,1.22697,2.96352,9.13716e+06,4.02164e+06,1.45106e+07,0,0,0,7.73942e+07
107.031,110.355,2.53747,0,0.08,3.46607,3.54907,0,0.649546,6.048,4.39666e+06,3.00878e+06,1.52391e+07,0,0,0,5.93398e+08,62.3362,61.308,3.68416,1,0,1.58808,1.62611,0,1.22696,2.96352,9.13716e+06,4.02164e+06,1.45105e+07,0,0,0,7.73942e+07
106.493,110.355,3.27784,0,0.08,3.46605,3.54904,0,0.649541,6.048,4.39666e+06,3.00878e+06,1.5239e+07,0,0,0,5.93398e+08,62.3362,61.308,4.49183,1,0,1.58807,1.6261,0,1.22695,2.96352,9.13716e+06,4.02164e+06,1.45104e+07,0,0,0,7.73942e+07
106.186,110.355,3.44716,0,0.08,3.43498,3.51723,0,0.649537,6.048,4.39666e+06,3.00878e+06,1.51024e+07,0,0,0,5.93398e+08,62.3362,61.308,4.64916,1,0,1.63283,1.67193,0,1.22694,2.96352,9.13716e+06,4.02164e+06,1.49194e+07,0,0,0,7.73942e+07
105.731,110.355,3.26627,0,0.08,3.43496,3.51721,0,0.643715,6.048,4.39666e+06,3.00878e+06,1.51023e+07,0,0,0,5.93398e+08,62.3362,61.308,4.49784,1,0,1.63282,1.67192,0,1.26152,2.96352,9.13716e+06,4.02164e+06,1.49193e+07,0,0,0,7.73942e+07
105.079,110.355,3.04751,0,0.08,3.43494,3.51719,0,0.643711,6.048,4.39666e+06,3.00878e+06,1.51022e+07,0,0,0,5.93398e+08,62.3362,61.308,4.19494,1,0,1.63281,1.67191,0,1.26151,2.96352,9.13716e+06,4.02164e+06,1.49192e+07,0,0,0,7.73942e+07
104.115,110.355,2.70672,0,0.08,3.43491,3.51716,0,0.643707,6.048,4.39666e+06,3.00878e+06,1.51022e+07,0,0,0,5.93398e+08,62.3362,61.308,3.71173,1,0,1.6328,1.67189,0,1.26151,2.96352,9.13716e+06,4.02164e+06,1.49191e+07,0,0,0,7.73942e+07
103.008,110.355,2.63949,0,0.08,3.51505,3.59922,0,0.643703,6.048,4.39666e+06,3.00878e+06,1.54545e+07,0,0,0,5.93398e+08,62.3362,61.308,3.94951,1,0,1.67268,1.71274,0,1.2615,2.96352,9.13716e+06,4.02164e+06,1.52836e+07,0,0,0,7.73942e+07
101.689,110.355,2.38022,0.01,0.08,3.51503,3.5992,0,0.658721,6.048,4.39666e+06,3.00878e+06,1.54544e+07,0,0,0,5.93398e+08,62.3362,61.308,3.77339,1,0,1.67267,1.71272,0,1.29231,2.96352,9.13716e+06,4.02164e+06,1.52835e+07,0,0,0,7.73942e+07
100.177,110.355,2.1687,0.01,0.08,3.51501,3.59918,0,0.658717,6.048,4.39666e+06,3.00878e+06,1.54543e+07,0,0,0,5.93398e+08,62.3362,61.308,3.28073,1,0,1.67266,1.71271,0,1.29231,2.96352,9.13716e+06,4.02164e+06,1.52834e+07,0,0,0,7.73942e+07
98.8632,110.355,2.34822,0.02,0.08,3.51498,3.59915,0,0.658712,6.048,4.39666e+06,3.00878e+06,1.54542e+07,0,0,0,5.93398e+08,62.3362,61.308,4.05295,1,0,1.67265,1.7127,0,1.2923,2.96352,9.13716e+06,4.02164e+06,1.52833e+07,0,0,0,7.73942e+07
96.8192,110.355,1.77867,0.02,0.08,3.74971,3.8395,0,0.658708,6.048,4.39666e+06,3.00878e+06,1.64862e+07,0,0,0,5.93398e+08,62.3362,61.308,3.87962,1,0,1.81665,1.86015,0,1.29229,2.96352,9.13716e+06,4.02164e+06,1.6599e+07,0,0,0,7.73942e+07
94.5025,110.355,1.47917,0.02,0.08,3.74969,3.83947,0,0.702696,6.048,4.39666e+06,3.00878e+06,1.64861e+07,0,0,0,5.93398e+08,62.3362,61.308,3.57912,1,0,1.81663,1.86013,0,1.40354,2.96352,9.13716e+06,4.02164e+06,1.65989e+07,0,0,0,7.73942e+07
92.3172,110.355,1.59194,0.03,0.08,3.74966,3.83945,0,0.702691,6.048,4.39666e+06,3.00878e+06,1.6486e+07,0,0,0,5.93398e+08,62.3362,61.308,3.61028,1,0,1.81662,1.86012,0,1.40353,2.96352,9.13716e+06,4.02164e+06,1.65988e+07,0,0,0,7.73942e+07
90.9313,110.355,2.46647,0.03,0.08,3.74964,3.83942,0,0.702686,6.048,4.39666e+06,3.00878e+06,1.64859e+07,0,0,0,5.93398e+08,62.3362,61.308,4.33195,1,0,1.81661,1.86011,0,1.40352,2.96352,9.13716e+06,4.02164e+06,1.65986e+07,0,0,0,7.73942e+07
89.8745,110.355,2.78378,0.03,0.08,3.74961,3.8394,0,0.702682,6.048,4.39666e+06,3.00878e+06,1.64858e+07,0,0,0,5.93398e+08,62.3362,61.308,4.31083,1,0,1.8166,1.8601,0,1.40351,2.96352,9.13716e+06,4.02164e+06,1.65985e+07,0,0,0,7.73942e+07
87.5661,110.355,1.33605,0.04,0.08,3.63518,3.72223,0,0.702677,6.048,4.39666e+06,3.00878e+06,1.59827e+07,0,0,0,5.93398e+08,62.2747,61.308,2.6213,1,0,1.72918,1.77059,0,1.4035,2.96352,9.13716e+06,4.02164e+06,1.57998e+07,0,0,0,7.73942e+07
85.5429,110.355,1.6378,0.04,0.08,3.63516,3.7222,0,0.681233,6.048,4.39666e+06,3.00878e+06,1.59826e+07,0,0,0,5.93398e+08,62.3362,61.308,2.92411,1,0,1.72917,1.77058,0,1.33597,2.96352,9.13716e+06,4.02164e+06,1.57997e+07,0,0,0,7.73942e+07
86.138,110.355,4.43961,0.04,0.08,3.63513,3.72218,0,0.681229,6.048,4.39666e+06,3.00878e+06,1.59825e+07,0,0,0,5.93398e+08,62.3362,61.308,6.45788,1,0,1.72916,1.77056,0,1.33596,2.96352,9.13716e+06,4.02164e+06,1.57996e+07,0,0,0,7.73942e+07
84.7126,110.355,2.4044,0.04,0.08,3.63511,3.72216,0,0.681224,6.048,4.39666e+06,3.00878e+06,1.59823e+07,0,0,0,5.93398e+08,62.3362,61.308,3.0143,1,0,1.72915,1.77055,0,1.33595,2.96352,9.13716e+06,4.02164e+06,1.57995e+07,0,0,0,7.73942e+07
82.9932,110.355,1.96306,0.04,0.08,3.54118,3.62598,0,0.68122,6.048,4.39666e+06,3.00878e+06,1.55694e+07,0,0,0,5.93398e+08,62.3362,61.308,2.43399,1,0,1.64958,1.68908,0,1.33594,2.96352,9.13716e+06,4.02164e+06,1.50725e+07,0,0,0,7.73942e+07
83.1471,110.355,3.90286,0.06,0.08,3.54116,3.62595,0,0.663618,6.048,4.39666e+06,3.00878e+06,1.55693e+07,0,0,0,5.93398e+08,62.3362,61.308,5.91283,1,0,1.64957,1.68907,0,1.27446,2.96352,9.13716e+06,4.02164e+06,1.50724e+07,0,0,0,7.73942e+07
81.8687,110.355,2.38925,0.06,0.08,3.54114,3.62593,0,0.663613,6.048,4.39666e+06,3.00878e+06,1.55692e+07,0,0,0,5.93398e+08,62.3362,61.308,5.18326,1,0,1.64956,1.68906,0,1.27446,2.96352,9.13716e+06,4.02164e+06,1.50723e+07,0,0,0,7.73942e+07
82.135,110.355,4.15358,0.06,0.08,3.54111,3.62591,0,0.663609,6.048,4.39666e+06,3.00878e+06,1.55691e+07,0,0,0,5.93398e+08,62.3362,61.308,4.83855,1,0,1.64955,1.68905,0,1.27445,2.96352,9.13716e+06,4.02164e+06,1.50722e+07,0,0,0,7.73942e+07
83.3582,110.355,4.81857,0.06,0.08,3.2744,3.35281,0,0.663604,6.048,4.39666e+06,3.00878e+06,1.43964e+07,0,0,0,5.93398e+08,62.3362,61.308,4.69967,1,0,1.48384,1.51938,0,1.27444,2.96352,9.13716e+06,4.02164e+06,1.35581e+07,0,0,0,7.73942e+07
83.4487,110.355,3.66613,0.07,0.08,3.27438,3.35279,0,0.613623,6.048,4.39666e+06,3.00878e+06,1.43964e+07,0,0,0,5.93398e+08,62.3362,61.308,5.36015,1,0,1.48383,1.51937,0,1.14642,2.96352,9.13716e+06,4.02164e+06,1.3558e+07,0,0,0,7.73942e+07
83.2669,110.355,3.43875,0.07,0.08,3.27436,3.35277,0,0.613619,6.048,4.39666e+06,3.00878e+06,1.43963e+07,0,0,0,5.93398e+08,62.3362,61.308,4.62932,1,0,1.48382,1.51936,0,1.14641,2.96352,9.13716e+06,4.02164e+06,1.35579e+07,0,0,0,7.73942e+07
84.6977,110.355,5.03582,0.08,0.08,3.27434,3.35275,0,0.613615,6.048,4.39666e+06,3.00878e+06,1.43962e+07,0,0,0,5.93398e+08,62.3362,61.308,7.12691,1,0,1.48382,1.51935,0,1.1464,2.96352,9.13716e+06,4.02164e+06,1.35579e+07,0,0,0,7.73942e+07
86.249,110.355,5.3954,0.06,0.08,3.27432,3.35272,0,0.613611,6.048,4.39666e+06,3.00878e+06,1.43961e+07,0,0,0,5.93398e+08,62.3362,61.308,8.95881,1,0,1.48381,1.51934,0,1.1464,2.96352,9.13716e+06,4.02164e+06,1.35578e+07,0,0,0,7.73942e+07
89.4494,110.355,7.3523,0.07,0.08,3.37686,3.45772,0,0.613607,6.048,4.39666e+06,3.00878e+06,1.48469e+07,0,0,0,5.93398e+08,62.3362,61.308,10.4875,1,0,1.53177,1.56845,0,1.14639,2.96352,9.13716e+06,4.02164e+06,1.3996e+07,0,0,0,7.73942e+07
99.0394,110.355,13.9811,0.07,0.08,3.37681,3.45767,0,0.632823,6.048,4.39666e+06,3.00878e+06,1.48467e+07,0,0,0,5.93398e+08,62.3362,61.308,22.3297,1,0,1.53174,1.56842,0,1.18344,2.96352,9.13716e+06,4.02164e+06,1.39958e+07,0,0,0,7.73942e+07
103.552,110.355,8.85466,0.01,0.08,3.37676,3.45762,0,0.632814,6.048,4.39666e+06,3.00878e+06,1.48465e+07,0,0,0,5.93398e+08,62.3362,61.308,13.9213,1,0,1.53172,1.5684,0,1.18343,2.96352,9.13716e+06,4.02164e+06,1.39956e+07,0,0,0,7.73942e+07
108.003,110.355,8.87563,0,0.08,3.37671,3.45757,0,0.632805,6.048,4.39666e+06,3.00878e+06,1.48463e+07,0,0,0,5.93398e+08,62.3362,61.308,17.5665,1,0,1.5317,1.56838,0,1.18341,2.96352,9.13716e+06,4.02164e+06,1.39954e+07,0,0,0,7.73942e+07
110.355,110.355,7.91866,0,0.08,3.70602,3.79476,0,0.632796,6.048,4.39666e+06,3.00878e+06,1.62941e+07,0,0,0,5.93398e+08,62.3362,61.308,16.3965,1,0,1.71177,1.75276,0,1.18339,2.96352,9.13716e+06,4.02164e+06,1.56407e+07,0,0,0,7.73942e+07
110.355,110.355,5.40415,0,0.08,3.70596,3.79471,0,0.694508,6.048,4.39666e+06,3.00878e+06,1.62939e+07,0,0,0,5.93398e+08,62.3362,61.308,11.6038,1,0,1.71175,1.75274,0,1.32251,2.96352,9.13716e+06,4.02164e+06,1.56405e+07,0,0,0,7.73942e+07
110.355,110.355,5.5631,0,0.08,3.70591,3.79465,0,0.694498,6.048,4.39666e+06,3.00878e+06,1.62936e+07,0,0,0,5.93398e+08,62.3362,61.308,9.22146,1,0,1.71172,1.75271,0,1.3225,2.96352,9.13716e+06,4.02164e+06,1.56403e+07,0,0,0,7.73942e+07
109.91,110.355,4.08093,0,0.08,3.70586,3.7946,0,0.694488,6.048,4.39666e+06,3.00878e+06,1.62934e+07,0,0,0,5.93398e+08,62.3362,61.308,8.37922,1,0,1.7117,1.75269,0,1.32248,2.96352,9.13716e+06,4.02164e+06,1.56401e+07,0,0,0,7.73942e+07
110.355,110.355,6.07738,0,0.08,3.23607,3.31356,0,0.694478,6.048,4.39666e+06,3.00878e+06,1.42279e+07,0,0,0,5.93398e+08,62.3362,61.308,13.0027,1,0,1.47,1.5052,0,1.32246,2.96352,9.13716e+06,4.02164e+06,1.34316e+07,0,0,0,7.73942e+07
110.355,110.355,6.57983,0,0.08,3.23602,3.31351,0,0.606439,6.048,4.39666e+06,3.00878e+06,1.42277e+07,0,0,0,5.93398e+08,62.3362,61.308,12.1711,1,0,1.46998,1.50518,0,1.13572,2.96352,9.13716e+06,4.02164e+06,1.34314e+07,0,0,0,7.73942e+07
110.355,110.355,6.99866,0,0.08,3.23598,3.31346,0,0.606431,6.048,4.39666e+06,3.00878e+06,1.42275e+07,0,0,0,5.93398e+08,62.3362,61.308,13.5598,1,0,1.46996,1.50516,0,1.13571,2.96352,9.13716e+06,4.02164e+06,1.34312e+07,0,0,0,7.73942e+07
110.355,110.355,5.95652,0,0.08,3.23593,3.31342,0,0.606422,6.048,4.39666e+06,3.00878e+06,1.42273e+07,0,0,0,5.93398e+08,62.3362,61.308,10.0921,1,0,1.46994,1.50514,0,1.13569,2.96352,9.13716e+06,4.02164e+06,1.3431e+07,0,0,0,7.73942e+07
110.355,110.355,6.6647,0,0.08,3.23588,3.31337,0,0.606413,6.048,4.39666e+06,3.00878e+06,1.42271e+07,0,0,0,5.93398e+08,62.3362,61.308,9.78027,1,0,1.46992,1.50511,0,1.13567,2.96352,9.13716e+06,4.02164e+06,1.34309e+07,0,0,0,7.73942e+07
110.355,110.355,6.28541,0,0.08,3.35407,3.43438,0,0.606404,6.048,4.39666e+06,3.00878e+06,1.47467e+07,0,0,0,5.93398e+08,62.3362,61.308,9.79249,1,0,1.52901,1.56563,0,1.13566,2.96352,9.13716e+06,4.02164e+06,1.39708e+07,0,0,0,7.73942e+07
110.355,110.355,6.9974,0,0.08,3.35402,3.43433,0,0.628552,6.048,4.39666e+06,3.00878e+06,1.47465e+07,0,0,0,5.93398e+08,62.3362,61.308,10.3448,1,0,1.52899,1.5656,0,1.18132,2.96352,9.13716e+06,4.02164e+06,1.39706e+07,0,0,0,7.73942e+07
110.355,110.355,5.78862,0,0.08,3.35397,3.43428,0,0.628543,6.048,4.39666e+06,3.00878e+06,1.47463e+07,0,0,0,5.93398e+08,62.3362,61.308,9.55531,1,0,1.52897,1.56558,0,1.1813,2.96352,9.13716e+06,4.02164e+06,1.39704e+07,0,0,0,7.73942e+07
110.355,110.355,5.01903,0,0.08,3.35392,3.43423,0,0.628534,6.048,4.39666e+06,3.00878e+06,1.47461e+07,0,0,0,5.93398e+08,62.3362,61.308,8.20199,1,0,1.52895,1.56556,0,1.18128,2.96352,9.13716e+06,4.02164e+06,1.39702e+07,0,0,0,7.73942e+07
110.355,110.355,5.11132,0,0.08,3.30765,3.38685,0,0.628525,6.048,4.39666e+06,3.00878e+06,1.45426e+07,0,0,0,5.93398e+08,62.3362,61.308,10.1298,1,0,1.50597,1.54203,0,1.18126,2.96352,9.13716e+06,4.02164e+06,1.37602e+07,0,0,0,7.73942e+07
110.355,110.355,4.28486,0,0.08,3.3076,3.3868,0,0.619853,6.048,4.39666e+06,3.00878e+06,1.45424e+07,0,0,0,5.93398e+08,62.3362,61.308,5.07942,1,0,1.50594,1.542,0,1.16351,2.96352,9.13716e+06,4.02164e+06,1.376e+07,0,0,0,7.73942e+07
110.161,110.355,3.80374,0,0.08,3.30755,3.38676,0,0.619845,6.048,4.39666e+06,3.00878e+06,1.45422e+07,0,0,0,5.93398e+08,62.3362,61.308,4.90124,1,0,1.50592,1.54198,0,1.16349,2.96352,9.13716e+06,4.02164e+06,1.37598e+07,0,0,0,7.73942e+07
110.355,110.355,4.54298,0,0.08,3.30751,3.38671,0,0.619836,6.048,4.39666e+06,3.00878e+06,1.4542e+07,0,0,0,5.93398e+08,62.3362,61.308,5.13502,1,0,1.5059,1.54196,0,1.16348,2.96352,9.13716e+06,4.02164e+06,1.37596e+07,0,0,0,7.73942e+07
110.006,110.355,3.69879,0,0.08,3.46435,3.54731,0,0.619827,6.048,4.39666e+06,3.00878e+06,1.52316e+07,0,0,0,5.93398e+08,62.3362,61.308,4.904,1,0,1.58729,1.6253,0,1.16346,2.96352,9.13716e+06,4.02164e+06,1.45034e+07,0,0,0,7.73942e+07
109.805,110.355,3.7368,0,0.08,3.4643,3.54726,0,0.64922,6.048,4.39666e+06,3.00878e+06,1.52314e+07,0,0,0,5.93398e+08,62.3362,61.308,6.0271,1,0,1.58727,1.62528,0,1.22634,2.96352,9.13716e+06,4.02164e+06,1.45031e+07,0,0,0,7.73942e+07
109.297,110.355,3.33229,0,0.08,3.46426,3.54721,0,0.649211,6.048,4.39666e+06,3.00878e+06,1.52312e+07,0,0,0,5.93398e+08,62.3362,61.308,5.04051,1,0,1.58725,1.62526,0,1.22633,2.96352,9.13716e+06,4.02164e+06,1.45029e+07,0,0,0,7.73942e+07
108.584,110.355,3.11114,0,0.08,3.46421,3.54716,0,0.649201,6.048,4.39666e+06,3.00878e+06,1.52309e+07,0,0,0,5.93398e+08,62.3362,61.308,4.21663,1,0,1.58723,1.62523,0,1.22631,2.96352,9.13716e+06,4.02164e+06,1.45027e+07,0,0,0,7.73942e+07
107.741,110.355,2.95564,0,0.08,3.46416,3.54711,0,0.649192,6.048,4.39666e+06,3.00878e+06,1.52307e+07,0,0,0,5.93398e+08,62.3362,61.308,4.17365,1,0,1.5872,1.62521,0,1.22629,2.96352,9.13716e+06,4.02164e+06,1.45025e+07,0,0,0,7.73942e+07
106.691,110.355,2.70991,0,0.08,3.43308,3.51529,0,0.649183,6.048,4.39666e+06,3.00878e+06,1.50941e+07,0,0,0,5.93398e+08,62.3362,61.308,4.0487,1,0,1.63192,1.671,0,1.22627,2.96352,9.13716e+06,4.02164e+06,1.49111e+07,0,0,0,7.73942e+07
105.42,110.355,2.47935,0,0.08,3.43303,3.51524,0,0.643359,6.048,4.39666e+06,3.00878e+06,1.50939e+07,0,0,0,5.93398e+08,62.3362,61.308,4.06648,1,0,1.6319,1.67098,0,1.26082,2.96352,9.13716e+06,4.02164e+06,1.49109e+07,0,0,0,7.73942e+07
103.927,110.355,2.2388,0,0.08,3.43298,3.51519,0,0.64335,6.048,4.39666e+06,3.00878e+06,1.50937e+07,0,0,0,5.93398e+08,62.3362,61.308,3.63165,1,0,1.63188,1.67095,0,1.26081,2.96352,9.13716e+06,4.02164e+06,1.49107e+07,0,0,0,7.73942e+07
102.301,110.355,2.04189,0.01,0.08,3.43293,3.51514,0,0.643341,6.048,4.39666e+06,3.00878e+06,1.50934e+07,0,0,0,5.93398e+08,62.3362,61.308,3.37324,1,0,1.63185,1.67093,0,1.26079,2.96352,9.13716e+06,4.02164e+06,1.49105e+07,0,0,0,7.73942e+07
100.571,110.355,2.01668,0.01,0.08,3.513,3.59712,0,0.643331,6.048,4.39666e+06,3.00878e+06,1.54455e+07,0,0,0,5.93398e+08,62.3362,61.308,3.06493,1,0,1.6717,1.71174,0,1.26077,2.96352,9.13716e+06,4.02164e+06,1.52746e+07,0,0,0,7.73942e+07
98.6833,110.355,1.82027,0.02,0.08,3.51295,3.59707,0,0.658336,6.048,4.39666e+06,3.00878e+06,1.54452e+07,0,0,0,5.93398e+08,62.3362,61.308,2.90289,1,0,1.67168,1.71171,0,1.29156,2.96352,9.13716e+06,4.02164e+06,1.52744e+07,0,0,0,7.73942e+07
96.6532,110.355,1.65822,0.02,0.08,3.5129,3.59702,0,0.658327,6.048,4.39666e+06,3.00878e+06,1.5445e+07,0,0,0,5.93398e+08,62.2759,61.308,2.5338,1,0,1.67166,1.71169,0,1.29154,2.96352,9.13716e+06,4.02164e+06,1.52742e+07,0,0,0,7.73942e+07
94.7848,110.355,1.79651,0.02,0.08,3.51285,3.59696,0,0.658317,6.048,4.39666e+06,3.00878e+06,1.54448e+07,0,0,0,5.93398e+08,62.3362,61.308,3.122,1,0,1.67163,1.71166,0,1.29152,2.96352,9.13716e+06,4.02164e+06,1.5274e+07,0,0,0,7.73942e+07
92.6912,110.355,1.74238,0.03,0.08,3.7474,3.83714,0,0.658308,6.048,4.39666e+06,3.00878e+06,1.64761e+07,0,0,0,5.93398e+08,62.2242,61.308,2.84674,1,0,1.81553,1.859,0,1.2915,2.96352,9.13716e+06,4.02164e+06,1.65888e+07,0,0,0,7.73942e+07
90.7446,110.355,1.89286,0.03,0.08,3.74735,3.83708,0,0.702263,6.048,4.39666e+06,3.00878e+06,1.64758e+07,0,0,0,5.93398e+08,62.1815,61.308,3.23328,1,0,1.8155,1.85897,0,1.40268,2.96352,9.13716e+06,4.02164e+06,1.65885e+07,0,0,0,7.73942e+07
88.4427,110.355,1.53447,0.03,0.08,3.74729,3.83703,0,0.702253,6.048,4.39666e+06,3.00878e+06,1.64756e+07,0,0,0,5.93398e+08,61.9019,61.308,2.42792,1,0,1.81547,1.85895,0,1.40266,2.96352,9.13716e+06,4.02164e+06,1.65883e+07,0,0,0,7.73942e+07
86.4622,110.355,1.82346,0.04,0.08,3.74724,3.83697,0,0.702243,6.048,4.39666e+06,3.00878e+06,1.64753e+07,0,0,0,5.93398e+08,62.0564,61.308,3.98953,1,0,1.81545,1.85892,0,1.40264,2.96352,9.13716e+06,4.02164e+06,1.6588e+07,0,0,0,7.73942e+07
83.9724,110.355,1.28606,0.04,0.08,3.74719,3.83691,0,0.702233,6.048,4.39666e+06,3.00878e+06,1.64751e+07,0,0,0,5.93398e+08,61.9112,61.308,3.31013,1,0,1.81542,1.85889,0,1.40262,2.96352,9.13716e+06,4.02164e+06,1.65878e+07,0,0,0,7.73942e+07
81.2796,110.355,0.907821,0.04,0.08,3.6328,3.71979,0,0.702223,6.048,4.39666e+06,3.00878e+06,1.59722e+07,0,0,0,5.93398e+08,61.6135,61.308,2.91241,1,0,1.72805,1.76943,0,1.4026,2.96352,9.13716e+06,4.02164e+06,1.57895e+07,0,0,0,7.73942e+07
78.5843,110.355,0.879988,0.05,0.08,3.63275,3.71974,0,0.680787,6.048,4.39666e+06,3.00878e+06,1.5972e+07,0,0,0,5.93398e+08,61.2659,61.308,2.67038,1,0,1.72802,1.7694,0,1.33509,2.96352,9.13716e+06,4.02164e+06,1.57892e+07,0,0,0,7.73942e+07
76.621,110.355,1.80293,0.06,0.08,3.6327,3.71969,0,0.680777,6.048,4.39666e+06,3.00878e+06,1.59717e+07,0,0,0,5.93398e+08,61.7392,61.308,4.27989,1,0,1.728,1.76938,0,1.33507,2.96352,9.13716e+06,4.02164e+06,1.5789e+07,0,0,0,7.73942e+07
75.6404,110.355,2.78376,0.06,0.08,3.63265,3.71963,0,0.680768,6.048,4.39666e+06,3.00878e+06,1.59715e+07,0,0,0,5.93398e+08,62.0747,61.308,4.64303,1,0,1.72798,1.76935,0,1.33505,2.96352,9.13716e+06,4.02164e+06,1.57888e+07,0,0,0,7.73942e+07
72.9739,110.355,0.987056,0.06,0.08,3.53876,3.62349,0,0.680758,6.048,4.39666e+06,3.00878e+06,1.55587e+07,0,0,0,5.93398e+08,61.5706,61.308,2.39823,1,0,1.64845,1.68792,0,1.33503,2.96352,9.13716e+06,4.02164e+06,1.50621e+07,0,0,0,7.73942e+07
70.1561,110.355,0.794177,0.07,0.08,3.5387,3.62344,0,0.663163,6.048,4.39666e+06,3.00878e+06,1.55585e+07,0,0,0,5.93398e+08,61.1805,61.308,1.39232,1,0,1.64842,1.6879,0,1.27359,2.96352,9.13716e+06,4.02164e+06,1.50619e+07,0,0,0,7.73942e+07
68.214,110.355,1.6742,0.08,0.08,3.53865,3.62339,0,0.663153,6.048,4.39666e+06,3.00878e+06,1.55583e+07,0,0,0,5.93398e+08,61.3233,61.308,3.0436,1,0,1.6484,1.68787,0,1.27357,2.96352,9.13716e+06,4.02164e+06,1.50617e+07,0,0,0,7.73942e+07
