0cont_fund,0ins_pout,0ins_price,0infra_npv,0debt_serv,0gross_rev,0cont_contrib,0drought_cost,0water_price
0,0,0,0,0.000499492,2.57112e+07,-933332,933332,1.37092e+07
0,0,0,0,0,2.56195e+07,-869330,869330,1.37092e+07
0,0,0,0,0,2.56251e+07,-867894,867894,1.37092e+07
0,0,0,0,0,2.56308e+07,-866457,866457,1.37092e+07
0,0,0,0,0,2.82718e+07,-865020,865020,1.37092e+07
0,0,0,0,0,2.74684e+07,-343015,343015,1.37092e+07
0,0,0,0,0,2.74746e+07,-341408,341408,1.37092e+07
0,0,0,0,0,2.74809e+07,-339801,339801,1.37092e+07
0,0,0,0,0,2.38552e+07,-338193,338193,1.37092e+07
0,0,0,0,0,2.47887e+07,-933332,933332,1.37092e+07
0,0,0,0,0,2.47963e+07,-933332,933332,1.37092e+07
0,0,0,0,0,2.48038e+07,-933332,933332,1.37092e+07
0,0,0,0,0,2.48114e+07,-933332,933332,1.37092e+07
0,0,0,0,0,2.57198e+07,-933332,933332,1.37092e+07
0,0,0,0,0,2.56102e+07,-857785,857785,1.37092e+07
0,0,0,0,0,2.56158e+07,-856346,856346,1.37092e+07
0,0,0,0,0,2.56214e+07,-854907,854907,1.37092e+07
0,0,0,0,0,2.52757e+07,-853468,853468,1.37092e+07
0,0,0,0,0,2.5385e+07,-918687,918687,1.37092e+07
0,0,0,0,0,2.53905e+07,-917268,917268,1.37092e+07
0,0,0,0,0,2.53961e+07,-915849,915849,1.37092e+07
0,0,0,0,0,2.66262e+07,-914430,914430,1.37092e+07
0,0,0,0,0,2.62639e+07,-676314,676314,1.37092e+07
0,0,0,0,0,2.62698e+07,-674817,674817,1.37092e+07
0,0,0,0,0,2.62756e+07,-673320,673320,1.37092e+07
0,0,0,0,0,2.62815e+07,-671823,671823,1.37092e+07
0,0,0,0,0,2.65761e+07,-670325,670325,1.37092e+07
0,0,0,0,0,2.63793e+07,-538523,538523,1.37092e+07
0,0,0,0,0,2.63852e+07,-536982,536982,1.37092e+07
0,0,0,0,0,2.63911e+07,-535441,535441,1.37092e+07
0,0,0,0,0,2.70093e+07,-533899,533899,1.37092e+07
0,0,0,0,0,2.68345e+07,-416078,416078,1.37092e+07
0,0,0,0,0,2.68405e+07,-414497,414497,1.37092e+07
0,0,0,0,0,2.68465e+07,-412917,412917,1.37092e+07
0,0,0,0,0,2.88859e+07,-411336,411336,1.37092e+07
0,0,0,0,0,2.8255e+07,0,0,1.37092e+07
0,0,0,0,0,2.82642e+07,0,0,1.37092e+07
0,0,0,0,0,2.82734e+07,0,0,1.37092e+07
0,0,0,0,0,2.82825e+07,0,0,1.37092e+07
0,0,0,0,0,2.71482e+07,0,0,1.37092e+07
0,0,0,0,0,2.75247e+07,-236398,236398,1.37092e+07
0,0,0,0,0,2.7531e+07,-234761,234761,1.37092e+07
0,0,0,0,0,2.75372e+07,-233123,233123,1.37092e+07
0,0,0,0,0,2.6535e+07,-231485,231485,1.37092e+07
0,0,0,0,0,2.69033e+07,-462708,462708,1.37092e+07
0,0,0,0,0,2.69093e+07,-461145,461145,1.37092e+07
0,0,0,0,0,2.69154e+07,-459581,459581,1.37092e+07
0,0,0,0,0,2.45832e+07,-458016,458016,1.37092e+07
0,0,0,0,0,2.53304e+07,-933332,933332,1.37092e+07
0,0,0,0,0,2.53381e+07,-933332,933332,1.37092e+07
0,0,0,0,0,2.53459e+07,-933332,933332,1.37092e+07
0,0,0,0,0,2.53536e+07,-933332,933332,1.37092e+07
0,0,0,9.51529e+07,0.000499492,2.61234e+07,-933332,933332,1.37092e+07
0,0,0,9.51529e+07,0,2.59146e+07,-794201,794201,1.37092e+07
0,0,0,9.51529e+07,0,2.59202e+07,-792791,792791,1.37092e+07
0,0,0,9.51529e+07,0,2.59257e+07,-791380,791380,1.37092e+07
0,0,0,9.51529e+07,0,2.86113e+07,-789969,789969,1.37092e+07
0,0,0,9.51529e+07,0,2.7794e+07,-259168,259168,1.37092e+07
0,0,0,9.51529e+07,0,2.78002e+07,-257590,257590,1.37092e+07
0,0,0,9.51529e+07,0,2.78063e+07,-256012,256012,1.37092e+07
0,0,0,9.51529e+07,0,2.41191e+07,-254433,254433,1.37092e+07
0,0,0,9.51529e+07,0,2.51828e+07,-933332,933332,1.37092e+07
0,0,0,9.51529e+07,0,2.51902e+07,-933332,933332,1.37092e+07
0,0,0,9.51529e+07,0,2.51977e+07,-933332,933332,1.37092e+07
0,0,0,9.51529e+07,0,2.52051e+07,-933332,933332,1.37092e+07
0,0,0,9.51529e+07,0,2.61286e+07,-933332,933332,1.37092e+07
0,0,0,9.51529e+07,0,2.59026e+07,-783115,783115,1.37092e+07
0,0,0,9.51529e+07,0,2.59081e+07,-781702,781702,1.37092e+07
0,0,0,9.51529e+07,0,2.59137e+07,-780289,780289,1.37092e+07
0,0,0,9.51529e+07,0,2.5562e+07,-778875,778875,1.37092e+07
0,0,0,9.51529e+07,0,2.56729e+07,-845240,845240,1.37092e+07
0,0,0,9.51529e+07,0,2.56783e+07,-843847,843847,1.37092e+07
0,0,0,9.51529e+07,0,2.56838e+07,-842454,842454,1.37092e+07
0,0,0,9.51529e+07,0,2.69343e+07,-841060,841060,1.37092e+07
0,0,0,9.51529e+07,0,2.65657e+07,-599005,599005,1.37092e+07
0,0,0,9.51529e+07,0,2.65714e+07,-597536,597536,1.37092e+07
0,0,0,9.51529e+07,0,2.65772e+07,-596065,596065,1.37092e+07
0,0,0,9.51529e+07,0,2.65829e+07,-594595,594595,1.37092e+07
0,0,0,9.51529e+07,0,2.68823e+07,-593125,593125,1.37092e+07
0,0,0,9.51529e+07,0,2.6682e+07,-459175,459175,1.37092e+07
0,0,0,9.51529e+07,0,2.66878e+07,-457662,457662,1.37092e+07
0,0,0,9.51529e+07,0,2.66936e+07,-456149,456149,1.37092e+07
0,0,0,9.51529e+07,0,2.73219e+07,-454635,454635,1.37092e+07
0,0,0,9.51529e+07,0,2.71439e+07,-334906,334906,1.37092e+07
0,0,0,9.51529e+07,0,2.71499e+07,-333354,333354,1.37092e+07
0,0,0,9.51529e+07,0,2.71558e+07,-331802,331802,1.37092e+07
0,0,0,9.51529e+07,0,2.92287e+07,-330250,330250,1.37092e+07
0,0,0,9.51529e+07,0,2.87239e+07,0,0,1.37092e+07
0,0,0,9.51529e+07,0,2.87329e+07,0,0,1.37092e+07
0,0,0,9.51529e+07,0,2.87419e+07,0,0,1.37092e+07
0,0,0,9.51529e+07,0,2.87509e+07,0,0,1.37092e+07
0,0,0,9.51529e+07,0,2.75974e+07,0,0,1.37092e+07
0,0,0,9.51529e+07,0,2.78437e+07,-152749,152749,1.37092e+07
0,0,0,9.51529e+07,0,2.78499e+07,-151141,151141,1.37092e+07
0,0,0,9.51529e+07,0,2.7856e+07,-149533,149533,1.37092e+07
0,0,0,9.51529e+07,0,2.6837e+07,-147925,147925,1.37092e+07
0,0,0,9.51529e+07,0,2.72111e+07,-383022,383022,1.37092e+07
0,0,0,9.51529e+07,0,2.72171e+07,-381487,381487,1.37092e+07
0,0,0,9.51529e+07,0,2.7223e+07,-379952,379952,1.37092e+07
0,0,0,9.51529e+07,0,2.48522e+07,-378416,378416,1.37092e+07
0,0,0,9.51529e+07,0,2.56254e+07,-870485,870485,1.37092e+07
0,0,0,9.51529e+07,0,2.56308e+07,-869103,869103,1.37092e+07
0,0,0,9.51529e+07,0,2.56363e+07,-867720,867720,1.37092e+07
0,0,0,9.51529e+07,0,2.56417e+07,-866338,866338,1.37092e+07
0,0,0,9.51529e+07,0.000499492,2.64217e+07,-864955,864955,1.37092e+07
0,0,0,9.51529e+07,0,2.62044e+07,-720443,720443,1.37092e+07
0,0,0,9.51529e+07,0,2.62098e+07,-719062,719062,1.37092e+07
0,0,0,9.51529e+07,0,2.62153e+07,-717680,717680,1.37092e+07
0,0,0,9.51529e+07,0,2.89445e+07,-716298,716298,1.37092e+07
0,0,0,9.51529e+07,0,2.81137e+07,-176868,176868,1.37092e+07
0,0,0,9.51529e+07,0,2.81197e+07,-175322,175322,1.37092e+07
0,0,0,9.51529e+07,0,2.81257e+07,-173776,173776,1.37092e+07
0,0,0,9.51529e+07,0,2.43782e+07,-172230,172230,1.37092e+07
0,0,0,9.51529e+07,0,2.55078e+07,-893624,893624,1.37092e+07
0,0,0,9.51529e+07,0,2.5513e+07,-892295,892295,1.37092e+07
0,0,0,9.51529e+07,0,2.55182e+07,-890966,890966,1.37092e+07
0,0,0,9.51529e+07,0,2.55235e+07,-889637,889637,1.37092e+07
0,0,0,9.51529e+07,0,2.64596e+07,-888308,888308,1.37092e+07
0,0,0,9.51529e+07,0,2.61895e+07,-709853,709853,1.37092e+07
0,0,0,9.51529e+07,0,2.61949e+07,-708469,708469,1.37092e+07
0,0,0,9.51529e+07,0,2.62003e+07,-707085,707085,1.37092e+07
0,0,0,9.51529e+07,0,2.58427e+07,-705701,705701,1.37092e+07
0,0,0,9.51529e+07,0,2.59552e+07,-773193,773193,1.37092e+07
0,0,0,9.51529e+07,0,2.59606e+07,-771829,771829,1.37092e+07
0,0,0,9.51529e+07,0,2.59659e+07,-770465,770465,1.37092e+07
0,0,0,9.51529e+07,0,2.72364e+07,-769100,769100,1.37092e+07
0,0,0,9.51529e+07,0,2.68617e+07,-523185,523185,1.37092e+07
0,0,0,9.51529e+07,0,2.68673e+07,-521745,521745,1.37092e+07
0,0,0,9.51529e+07,0,2.68729e+07,-520306,520306,1.37092e+07
0,0,0,9.51529e+07,0,2.68786e+07,-518866,518866,1.37092e+07
0,0,0,9.51529e+07,0,2.71825e+07,-517426,517426,1.37092e+07
0,0,0,9.51529e+07,0,2.69788e+07,-381374,381374,1.37092e+07
0,0,0,9.51529e+07,0,2.69845e+07,-379892,379892,1.37092e+07
0,0,0,9.51529e+07,0,2.69901e+07,-378410,378410,1.37092e+07
0,0,0,9.51529e+07,0,2.76283e+07,-376928,376928,1.37092e+07
0,0,0,9.51529e+07,0,2.74473e+07,-255332,255332,1.37092e+07
0,0,0,9.51529e+07,0,2.74531e+07,-253812,253812,1.37092e+07
0,0,0,9.51529e+07,0,2.74589e+07,-252293,252293,1.37092e+07
0,0,0,9.51529e+07,0,2.95648e+07,-250773,250773,1.37092e+07
0,0,0,9.51529e+07,0,2.91835e+07,0,0,1.37092e+07
0,0,0,9.51529e+07,0,2.91923e+07,0,0,1.37092e+07
0,0,0,9.51529e+07,0,2.92011e+07,0,0,1.37092e+07
0,0,0,9.51529e+07,0,2.92099e+07,0,0,1.37092e+07
0,0,0,9.51529e+07,0,2.80377e+07,0,0,1.37092e+07
0,0,0,9.51529e+07,0,2.81563e+07,-70782.2,70782.2,1.37092e+07
0,0,0,9.51529e+07,0,2.81623e+07,-69208.2,69208.2,1.37092e+07
0,0,0,9.51529e+07,0,2.81683e+07,-67633.9,67633.9,1.37092e+07
0,0,0,9.51529e+07,0,2.71329e+07,-66059.1,66059.1,1.37092e+07
0,0,0,9.51529e+07,0,2.75127e+07,-304955,304955,1.37092e+07
0,0,0,9.51529e+07,0,2.75185e+07,-303452,303452,1.37092e+07
0,0,0,9.51529e+07,0,2.75243e+07,-301949,301949,1.37092e+07
0,0,0,9.51529e+07,0,2.51157e+07,-300445,300445,1.37092e+07
0,0,0,9.51529e+07,0,2.5901e+07,-800374,800374,1.37092e+07
0,0,0,9.51529e+07,0,2.59063e+07,-799021,799021,1.37092e+07
0,0,0,9.51529e+07,0,2.59116e+07,-797668,797668,1.37092e+07
0,0,0,9.51529e+07,0,2.59169e+07,-796314,796314,1.37092e+07
0,0,0,9.51529e+07,0.000499492,2.6709e+07,-794960,794960,1.37092e+07
0,0,0,9.51529e+07,0,2.64881e+07,-648216,648216,1.37092e+07
0,0,0,9.51529e+07,0,2.64934e+07,-646866,646866,1.37092e+07
0,0,0,9.51529e+07,0,2.64987e+07,-645515,645515,1.37092e+07
0,0,0,9.51529e+07,0,2.92708e+07,-644164,644164,1.37092e+07
0,0,0,9.51529e+07,0,2.84266e+07,-96287.5,96287.5,1.37092e+07
0,0,0,9.51529e+07,0,2.84325e+07,-94776.7,94776.7,1.37092e+07
0,0,0,9.51529e+07,0,2.84384e+07,-93266,93266,1.37092e+07
0,0,0,9.51529e+07,0,2.46317e+07,-91754.6,91754.6,1.37092e+07
0,0,0,9.51529e+07,0,2.57789e+07,-824540,824540,1.37092e+07
0,0,0,9.51529e+07,0,2.5784e+07,-823242,823242,1.37092e+07
0,0,0,9.51529e+07,0,2.57891e+07,-821943,821943,1.37092e+07
0,0,0,9.51529e+07,0,2.57942e+07,-820644,820644,1.37092e+07
0,0,0,9.51529e+07,0,2.67448e+07,-819345,819345,1.37092e+07
0,0,0,9.51529e+07,0,2.64703e+07,-638147,638147,1.37092e+07
0,0,0,9.51529e+07,0,2.64756e+07,-636795,636795,1.37092e+07
0,0,0,9.51529e+07,0,2.64809e+07,-635443,635443,1.37092e+07
0,0,0,9.51529e+07,0,2.61175e+07,-634090,634090,1.37092e+07
0,0,0,9.51529e+07,0,2.62315e+07,-702688,702688,1.37092e+07
0,0,0,9.51529e+07,0,2.62368e+07,-701355,701355,1.37092e+07
0,0,0,9.51529e+07,0,2.6242e+07,-700022,700022,1.37092e+07
0,0,0,9.51529e+07,0,2.7532e+07,-698688,698688,1.37092e+07
0,0,0,9.51529e+07,0,2.71513e+07,-448999,448999,1.37092e+07
0,0,0,9.51529e+07,0,2.71567e+07,-447592,447592,1.37092e+07
0,0,0,9.51529e+07,0,2.71622e+07,-446185,446185,1.37092e+07
0,0,0,9.51529e+07,0,2.71677e+07,-444778,444778,1.37092e+07
0,0,0,9.51529e+07,0,2.74762e+07,-443371,443371,1.37092e+07
0,0,0,9.51529e+07,0,2.72691e+07,-305264,305264,1.37092e+07
0,0,0,9.51529e+07,0,2.72747e+07,-303817,303817,1.37092e+07
0,0,0,9.51529e+07,0,2.72802e+07,-302368,302368,1.37092e+07
0,0,0,9.51529e+07,0,2.7928e+07,-300920,300920,1.37092e+07
0,0,0,9.51529e+07,0,2.7744e+07,-177501,177501,1.37092e+07
0,0,0,9.51529e+07,0,2.77496e+07,-176016,176016,1.37092e+07
0,0,0,9.51529e+07,0,2.77553e+07,-174532,174532,1.37092e+07
0,0,0,9.51529e+07,0,2.98935e+07,-173046,173046,1.37092e+07
0,0,0,9.51529e+07,0,2.96328e+07,0,0,1.37092e+07
0,0,0,9.51529e+07,0,2.96414e+07,0,0,1.37092e+07
0,0,0,9.51529e+07,0,2.965e+07,0,0,1.37092e+07
0,0,0,9.51529e+07,0,2.96586e+07,0,0,1.37092e+07
0,0,0,9.51529e+07,0,2.84681e+07,0,0,1.37092e+07
0,0,0,9.51529e+07,0,2.84764e+07,0,0,1.37092e+07
0,0,0,9.51529e+07,0,2.84846e+07,0,0,1.37092e+07
0,0,0,9.51529e+07,0,2.84929e+07,0,0,1.37092e+07
0,0,0,9.51529e+07,0,2.74438e+07,0,0,1.37092e+07
0,0,0,9.51529e+07,0,2.78075e+07,-228638,228638,1.37092e+07
0,0,0,9.51529e+07,0,2.78132e+07,-227170,227170,1.37092e+07
0,0,0,9.51529e+07,0,2.78189e+07,-225701,225701,1.37092e+07
0,0,0,9.51529e+07,0,2.53733e+07,-224232,224232,1.37092e+07
0,0,0,9.51529e+07,0,2.61703e+07,-731848,731848,1.37092e+07
0,0,0,9.51529e+07,0,2.61755e+07,-730525,730525,1.37092e+07
0,0,0,9.51529e+07,0,2.61807e+07,-729203,729203,1.37092e+07
0,0,0,9.51529e+07,0,2.61859e+07,-727880,727880,1.37092e+07
0,0,0,9.51529e+07,0.000499492,2.69898e+07,-726557,726557,1.37092e+07
0,0,0,9.51529e+07,0,2.67654e+07,-577634,577634,1.37092e+07
0,0,0,9.51529e+07,0,2.67706e+07,-576316,576316,1.37092e+07
0,0,0,9.51529e+07,0,2.67757e+07,-574999,574999,1.37092e+07
0,0,0,9.51529e+07,0,2.95896e+07,-573681,573681,1.37092e+07
0,0,0,9.51529e+07,0,2.87324e+07,-17552.8,17552.8,1.37092e+07
0,0,0,9.51529e+07,0,2.87381e+07,-16078.9,16078.9,1.37092e+07
0,0,0,9.51529e+07,0,2.87438e+07,-14604.9,14604.9,1.37092e+07
0,0,0,9.51529e+07,0,2.48794e+07,-13130.3,13130.3,1.37092e+07
0,0,0,9.51529e+07,0,2.60438e+07,-757049,757049,1.37092e+07
0,0,0,9.51529e+07,0,2.60488e+07,-755782,755782,1.37092e+07
0,0,0,9.51529e+07,0,2.60538e+07,-754515,754515,1.37092e+07
0,0,0,9.51529e+07,0,2.60587e+07,-753247,753247,1.37092e+07
0,0,0,9.51529e+07,0,2.70234e+07,-751980,751980,1.37092e+07
0,0,0,9.51529e+07,0,2.67445e+07,-568106,568106,1.37092e+07
0,0,0,9.51529e+07,0,2.67497e+07,-566786,566786,1.37092e+07
0,0,0,9.51529e+07,0,2.67549e+07,-565467,565467,1.37092e+07
0,0,0,9.51529e+07,0,2.63858e+07,-564147,564147,1.37092e+07
0,0,0,9.51529e+07,0,2.65014e+07,-633828,633828,1.37092e+07
0,0,0,9.51529e+07,0,2.65065e+07,-632528,632528,1.37092e+07
0,0,0,9.51529e+07,0,2.65116e+07,-631227,631227,1.37092e+07
0,0,0,9.51529e+07,0,2.78207e+07,-629926,629926,1.37092e+07
0,0,0,9.51529e+07,0,2.7434e+07,-376553,376553,1.37092e+07
0,0,0,9.51529e+07,0,2.74394e+07,-375181,375181,1.37092e+07
0,0,0,9.51529e+07,0,2.74447e+07,-373808,373808,1.37092e+07
0,0,0,9.51529e+07,0,2.74501e+07,-372435,372435,1.37092e+07
0,0,0,9.51529e+07,0,2.7763e+07,-371062,371062,1.37092e+07
0,0,0,9.51529e+07,0,2.75526e+07,-230953,230953,1.37092e+07
0,0,0,9.51529e+07,0,2.7558e+07,-229540,229540,1.37092e+07
0,0,0,9.51529e+07,0,2.75634e+07,-228128,228128,1.37092e+07
0,0,0,9.51529e+07,0,2.82206e+07,-226714,226714,1.37092e+07
0,0,0,9.51529e+07,0,2.80336e+07,-101519,101519,1.37092e+07
0,0,0,9.51529e+07,0,2.80391e+07,-100071,100071,1.37092e+07
0,0,0,9.51529e+07,0,2.80446e+07,-98622,98622,1.37092e+07
0,0,0,9.51529e+07,0,3.02143e+07,-97173.1,97173.1,1.37092e+07
0,0,0,9.51529e+07,0,3.00715e+07,0,0,1.37092e+07
0,0,0,9.51529e+07,0,3.00799e+07,0,0,1.37092e+07
0,0,0,9.51529e+07,0,3.00882e+07,0,0,1.37092e+07
0,0,0,9.51529e+07,0,3.00966e+07,0,0,1.37092e+07
0,0,0,9.51529e+07,0,2.88882e+07,0,0,1.37092e+07
0,0,0,9.51529e+07,0,2.88963e+07,0,0,1.37092e+07
0,0,0,9.51529e+07,0,2.89043e+07,0,0,1.37092e+07
0,0,0,9.51529e+07,0,2.89124e+07,0,0,1.37092e+07
0,0,0,9.51529e+07,0,2.78476e+07,0,0,1.37092e+07
0,0,0,9.51529e+07,0,2.80952e+07,-154166,154166,1.37092e+07
0,0,0,9.51529e+07,0,2.81007e+07,-152734,152734,1.37092e+07
0,0,0,9.51529e+07,0,2.81063e+07,-151301,151301,1.37092e+07
0,0,0,9.51529e+07,0,2.56246e+07,-149868,149868,1.37092e+07
0,0,0,9.51529e+07,0,2.64331e+07,-664986,664986,1.37092e+07
0,0,0,9.51529e+07,0,2.64382e+07,-663697,663697,1.37092e+07
0,0,0,9.51529e+07,0,2.64433e+07,-662407,662407,1.37092e+07
0,0,0,9.51529e+07,0,2.64483e+07,-661116,661116,1.37092e+07
0,0,0,9.51529e+07,0,2.72638e+07,-659826,659826,1.37092e+07
0,0,0,4.45386e+08,9.0284e+06,2.76964e+07,-933332,933332,1.37092e+07
0,0,0,4.45386e+08,0,2.77034e+07,-933332,933332,1.37092e+07
0,0,0,4.45386e+08,0,2.77105e+07,-933332,933332,1.37092e+07
0,0,0,4.45386e+08,0,3.05671e+07,-933332,933332,1.37092e+07
0,0,0,4.45386e+08,0,3.05749e+07,-933332,933332,1.37092e+07
0,0,0,4.45386e+08,0,3.05827e+07,-933332,933332,1.37092e+07
0,0,0,4.45386e+08,0,3.05905e+07,-933332,933332,1.37092e+07
0,0,0,4.45386e+08,0,2.6672e+07,-933332,933332,1.37092e+07
0,0,0,4.45386e+08,0,2.66788e+07,-933332,933332,1.37092e+07
0,0,0,4.45386e+08,0,2.66856e+07,-933332,933332,1.37092e+07
0,0,0,4.45386e+08,0,2.66923e+07,-933332,933332,1.37092e+07
0,0,0,4.45386e+08,0,2.66991e+07,-933332,933332,1.37092e+07
0,0,0,4.45386e+08,0,2.76795e+07,-933332,933332,1.37092e+07
0,0,0,4.45386e+08,0,2.76865e+07,-933332,933332,1.37092e+07
0,0,0,4.45386e+08,0,2.76935e+07,-933332,933332,1.37092e+07
0,0,0,4.45386e+08,0,2.77006e+07,-933332,933332,1.37092e+07
0,0,0,4.45386e+08,0,2.7328e+07,-933332,933332,1.37092e+07
0,0,0,4.45386e+08,0,2.73349e+07,-933332,933332,1.37092e+07
0,0,0,4.45386e+08,0,2.73419e+07,-933332,933332,1.37092e+07
0,0,0,4.45386e+08,0,2.73488e+07,-933332,933332,1.37092e+07
0,0,0,4.45386e+08,0,2.86786e+07,-933332,933332,1.37092e+07
0,0,0,4.45386e+08,0,2.86859e+07,-933332,933332,1.37092e+07
0,0,0,4.45386e+08,0,2.86932e+07,-933332,933332,1.37092e+07
0,0,0,4.45386e+08,0,2.87005e+07,-933332,933332,1.37092e+07
0,0,0,4.45386e+08,0,2.87078e+07,-933332,933332,1.37092e+07
0,0,0,4.45386e+08,0,2.9027e+07,-933332,933332,1.37092e+07
0,0,0,4.45386e+08,0,2.90344e+07,-933332,933332,1.37092e+07
0,0,0,4.45386e+08,0,2.90418e+07,-933332,933332,1.37092e+07
0,0,0,4.45386e+08,0,2.90492e+07,-933332,933332,1.37092e+07
0,0,0,4.45386e+08,0,2.97177e+07,-933332,933332,1.37092e+07
0,0,0,4.45386e+08,0,2.97253e+07,-933332,933332,1.37092e+07
0,0,0,4.45386e+08,0,2.97328e+07,-933332,933332,1.37092e+07
0,0,0,4.45386e+08,0,2.97404e+07,-933332,933332,1.37092e+07
0,0,0,4.45386e+08,0,3.19429e+07,-933332,933332,1.37092e+07
0,0,0,4.45386e+08,0,3.19511e+07,-933332,933332,1.37092e+07
0,0,0,4.45386e+08,0,3.19592e+07,-933332,933332,1.37092e+07
0,0,0,4.45386e+08,0,3.19674e+07,-933332,933332,1.37092e+07
0,0,0,4.45386e+08,0,3.19756e+07,-933332,933332,1.37092e+07
0,0,0,4.45386e+08,0,3.07497e+07,-933332,933332,1.37092e+07
0,0,0,4.45386e+08,0,3.07576e+07,-933332,933332,1.37092e+07
0,0,0,4.45386e+08,0,3.07654e+07,-933332,933332,1.37092e+07
0,0,0,4.45386e+08,0,3.07733e+07,-933332,933332,1.37092e+07
0,0,0,4.45386e+08,0,2.96931e+07,-933332,933332,1.37092e+07
0,0,0,4.45386e+08,0,2.97006e+07,-933332,933332,1.37092e+07
0,0,0,4.45386e+08,0,2.97082e+07,-933332,933332,1.37092e+07
0,0,0,4.45386e+08,0,2.97158e+07,-933332,933332,1.37092e+07
0,0,0,4.45386e+08,0,2.72011e+07,-933332,933332,1.37092e+07
0,0,0,4.45386e+08,0,2.7208e+07,-933332,933332,1.37092e+07
0,0,0,4.45386e+08,0,2.72149e+07,-933332,933332,1.37092e+07
0,0,0,4.45386e+08,0,2.72218e+07,-933332,933332,1.37092e+07
0,0,0,4.45386e+08,0,2.72287e+07,-933332,933332,1.37092e+07
0,0,0,4.45386e+08,0,2.72287e+07,-933332,933332,1.37092e+07
0,0,0,4.45386e+08,9.0284e+06,2.80573e+07,-933332,933332,1.37092e+07
0,0,0,4.45386e+08,0,2.80642e+07,-933332,933332,1.37092e+07
0,0,0,4.45386e+08,0,2.8071e+07,-933332,933332,1.37092e+07
0,0,0,4.45386e+08,0,2.80779e+07,-933332,933332,1.37092e+07
0,0,0,4.45386e+08,0,3.09742e+07,-933332,933332,1.37092e+07
0,0,0,4.45386e+08,0,3.09818e+07,-933332,933332,1.37092e+07
0,0,0,4.45386e+08,0,3.09894e+07,-933332,933332,1.37092e+07
0,0,0,4.45386e+08,0,3.0997e+07,-933332,933332,1.37092e+07
0,0,0,4.45386e+08,0,2.70235e+07,-933332,933332,1.37092e+07
0,0,0,4.45386e+08,0,2.70301e+07,-933332,933332,1.37092e+07
0,0,0,4.45386e+08,0,2.70367e+07,-933332,933332,1.37092e+07
0,0,0,4.45386e+08,0,2.70433e+07,-933332,933332,1.37092e+07
0,0,0,4.45386e+08,0,2.70499e+07,-933332,933332,1.37092e+07
0,0,0,4.45386e+08,0,2.80436e+07,-933332,933332,1.37092e+07
0,0,0,4.45386e+08,0,2.80504e+07,-933332,933332,1.37092e+07
0,0,0,4.45386e+08,0,2.80572e+07,-933332,933332,1.37092e+07
0,0,0,4.45386e+08,0,2.80641e+07,-933332,933332,1.37092e+07
0,0,0,4.45386e+08,0,2.76861e+07,-933332,933332,1.37092e+07
0,0,0,4.45386e+08,0,2.76928e+07,-933332,933332,1.37092e+07
0,0,0,4.45386e+08,0,2.76996e+07,-933332,933332,1.37092e+07
0,0,0,4.45386e+08,0,2.77063e+07,-933332,933332,1.37092e+07
0,0,0,4.45386e+08,0,2.90541e+07,-933332,933332,1.37092e+07
0,0,0,4.45386e+08,0,2.90612e+07,-933332,933332,1.37092e+07
0,0,0,4.45386e+08,0,2.90683e+07,-933332,933332,1.37092e+07
0,0,0,4.45386e+08,0,2.90754e+07,-933332,933332,1.37092e+07
0,0,0,4.45386e+08,0,2.90825e+07,-933332,933332,1.37092e+07
0,0,0,4.45386e+08,0,2.94058e+07,-933332,933332,1.37092e+07
0,0,0,4.45386e+08,0,2.9413e+07,-933332,933332,1.37092e+07
0,0,0,4.45386e+08,0,2.94202e+07,-933332,933332,1.37092e+07
0,0,0,4.45386e+08,0,2.94274e+07,-933332,933332,1.37092e+07
0,0,0,4.45386e+08,0,3.01048e+07,-933332,933332,1.37092e+07
0,0,0,4.45386e+08,0,3.01121e+07,-933332,933332,1.37092e+07
0,0,0,4.45386e+08,0,3.01195e+07,-933332,933332,1.37092e+07
0,0,0,4.45386e+08,0,3.01269e+07,-933332,933332,1.37092e+07
0,0,0,4.45386e+08,0,3.23591e+07,-933332,933332,1.37092e+07
0,0,0,4.45386e+08,0,3.2367e+07,-933332,933332,1.37092e+07
0,0,0,4.45386e+08,0,3.2375e+07,-933332,933332,1.37092e+07
0,0,0,4.45386e+08,0,3.23829e+07,-933332,933332,1.37092e+07
0,0,0,4.45386e+08,0,3.23909e+07,-933332,933332,1.37092e+07
0,0,0,4.45386e+08,0,3.1148e+07,-933332,933332,1.37092e+07
0,0,0,4.45386e+08,0,3.11556e+07,-933332,933332,1.37092e+07
0,0,0,4.45386e+08,0,3.11633e+07,-933332,933332,1.37092e+07
0,0,0,4.45386e+08,0,3.11709e+07,-933332,933332,1.37092e+07
0,0,0,4.45386e+08,0,3.00757e+07,-933332,933332,1.37092e+07
0,0,0,4.45386e+08,0,3.00831e+07,-933332,933332,1.37092e+07
0,0,0,4.45386e+08,0,3.00905e+07,-933332,933332,1.37092e+07
0,0,0,4.45386e+08,0,3.00978e+07,-933332,933332,1.37092e+07
0,0,0,4.45386e+08,0,2.75489e+07,-933332,933332,1.37092e+07
0,0,0,4.45386e+08,0,2.75556e+07,-933332,933332,1.37092e+07
0,0,0,4.45386e+08,0,2.75623e+07,-933332,933332,1.37092e+07
0,0,0,4.45386e+08,0,2.7569e+07,-933332,933332,1.37092e+07
0,0,0,4.45386e+08,0,2.75757e+07,-933332,933332,1.37092e+07
0,0,0,4.45386e+08,9.0284e+06,2.84152e+07,-933332,933332,1.37092e+07
0,0,0,4.45386e+08,0,2.84219e+07,-933332,933332,1.37092e+07
0,0,0,4.45386e+08,0,2.84285e+07,-933332,933332,1.37092e+07
0,0,0,4.45386e+08,0,2.84352e+07,-933332,933332,1.37092e+07
0,0,0,4.45386e+08,0,3.137e+07,-933332,933332,1.37092e+07
0,0,0,4.45386e+08,0,3.13774e+07,-933332,933332,1.37092e+07
0,0,0,4.45386e+08,0,3.13848e+07,-933332,933332,1.37092e+07
0,0,0,4.45386e+08,0,3.13921e+07,-933332,933332,1.37092e+07
0,0,0,4.45386e+08,0,2.73653e+07,-933332,933332,1.37092e+07
0,0,0,4.45386e+08,0,2.73717e+07,-933332,933332,1.37092e+07
0,0,0,4.45386e+08,0,2.73781e+07,-933332,933332,1.37092e+07
0,0,0,4.45386e+08,0,2.73844e+07,-933332,933332,1.37092e+07
0,0,0,4.45386e+08,0,2.73908e+07,-933332,933332,1.37092e+07
0,0,0,4.45386e+08,0,2.83975e+07,-933332,933332,1.37092e+07
0,0,0,4.45386e+08,0,2.84041e+07,-933332,933332,1.37092e+07
0,0,0,4.45386e+08,0,2.84107e+07,-933332,933332,1.37092e+07
0,0,0,4.45386e+08,0,2.84174e+07,-933332,933332,1.37092e+07
0,0,0,4.45386e+08,0,2.80341e+07,-933332,933332,1.37092e+07
0,0,0,4.45386e+08,0,2.80406e+07,-933332,933332,1.37092e+07
0,0,0,4.45386e+08,0,2.80472e+07,-933332,933332,1.37092e+07
0,0,0,4.45386e+08,0,2.80537e+07,-933332,933332,1.37092e+07
0,0,0,4.45386e+08,0,2.9419e+07,-933332,933332,1.37092e+07
0,0,0,4.45386e+08,0,2.94259e+07,-933332,933332,1.37092e+07
0,0,0,4.45386e+08,0,2.94328e+07,-933332,933332,1.37092e+07
0,0,0,4.45386e+08,0,2.94397e+07,-933332,933332,1.37092e+07
0,0,0,4.45386e+08,0,2.94466e+07,-933332,933332,1.37092e+07
0,0,0,4.45386e+08,0,2.97738e+07,-933332,933332,1.37092e+07
0,0,0,4.45386e+08,0,2.97808e+07,-933332,933332,1.37092e+07
0,0,0,4.45386e+08,0,2.97878e+07,-933332,933332,1.37092e+07
0,0,0,4.45386e+08,0,2.97948e+07,-933332,933332,1.37092e+07
0,0,0,4.45386e+08,0,3.04808e+07,-933332,933332,1.37092e+07
0,0,0,4.45386e+08,0,3.04879e+07,-933332,933332,1.37092e+07
0,0,0,4.45386e+08,0,3.04951e+07,-933332,933332,1.37092e+07
0,0,0,4.45386e+08,0,3.05022e+07,-933332,933332,1.37092e+07
0,0,0,4.45386e+08,0,3.27633e+07,-933332,933332,1.37092e+07
0,0,0,4.45386e+08,0,3.2771e+07,-933332,933332,1.37092e+07
0,0,0,4.45386e+08,0,3.27787e+07,-933332,933332,1.37092e+07
0,0,0,4.45386e+08,0,3.27864e+07,-933332,933332,1.37092e+07
0,0,0,4.45386e+08,0,3.27942e+07,-933332,933332,1.37092e+07
0,0,0,4.45386e+08,0,3.15347e+07,-933332,933332,1.37092e+07
0,0,0,4.45386e+08,0,3.15421e+07,-933332,933332,1.37092e+07
0,0,0,4.45386e+08,0,3.15496e+07,-933332,933332,1.37092e+07
0,0,0,4.45386e+08,0,3.1557e+07,-933332,933332,1.37092e+07
0,0,0,4.45386e+08,0,3.04473e+07,-933332,933332,1.37092e+07
0,0,0,4.45386e+08,0,3.04544e+07,-933332,933332,1.37092e+07
0,0,0,4.45386e+08,0,3.04615e+07,-933332,933332,1.37092e+07
0,0,0,4.45386e+08,0,3.04687e+07,-933332,933332,1.37092e+07
0,0,0,4.45386e+08,0,2.78865e+07,-933332,933332,1.37092e+07
0,0,0,4.45386e+08,0,2.7893e+07,-933332,933332,1.37092e+07
0,0,0,4.45386e+08,0,2.78995e+07,-933332,933332,1.37092e+07
0,0,0,4.45386e+08,0,2.7906e+07,-933332,933332,1.37092e+07
0,0,0,4.45386e+08,0,2.79125e+07,-933332,933332,1.37092e+07
0,0,0,4.45386e+08,9.0284e+06,2.87625e+07,-933332,933332,1.37092e+07
0,0,0,4.45386e+08,0,2.8769e+07,-933332,933332,1.37092e+07
0,0,0,4.45386e+08,0,2.87754e+07,-933332,933332,1.37092e+07
0,0,0,4.45386e+08,0,2.87819e+07,-933332,933332,1.37092e+07
0,0,0,4.45386e+08,0,3.17541e+07,-933332,933332,1.37092e+07
0,0,0,4.45386e+08,0,3.17612e+07,-933332,933332,1.37092e+07
0,0,0,4.45386e+08,0,3.17684e+07,-933332,933332,1.37092e+07
0,0,0,4.45386e+08,0,3.17755e+07,-933332,933332,1.37092e+07
0,0,0,4.45386e+08,0,2.76968e+07,-933332,933332,1.37092e+07
0,0,0,4.45386e+08,0,2.7703e+07,-933332,933332,1.37092e+07
0,0,0,4.45386e+08,0,2.77092e+07,-933332,933332,1.37092e+07
0,0,0,4.45386e+08,0,2.77154e+07,-933332,933332,1.37092e+07
0,0,0,4.45386e+08,0,2.77216e+07,-933332,933332,1.37092e+07
0,0,0,4.45386e+08,0,2.87408e+07,-933332,933332,1.37092e+07
0,0,0,4.45386e+08,0,2.87472e+07,-933332,933332,1.37092e+07
0,0,0,4.45386e+08,0,2.87536e+07,-933332,933332,1.37092e+07
0,0,0,4.45386e+08,0,2.87601e+07,-933332,933332,1.37092e+07
0,0,0,4.45386e+08,0,2.83716e+07,-933332,933332,1.37092e+07
0,0,0,4.45386e+08,0,2.83779e+07,-933332,933332,1.37092e+07
0,0,0,4.45386e+08,0,2.83843e+07,-933332,933332,1.37092e+07
0,0,0,4.45386e+08,0,2.83906e+07,-933332,933332,1.37092e+07
0,0,0,4.45386e+08,0,2.97729e+07,-933332,933332,1.37092e+07
0,0,0,4.45386e+08,0,2.97796e+07,-933332,933332,1.37092e+07
0,0,0,4.45386e+08,0,2.97863e+07,-933332,933332,1.37092e+07
0,0,0,4.45386e+08,0,2.9793e+07,-933332,933332,1.37092e+07
0,0,0,4.45386e+08,0,2.97997e+07,-933332,933332,1.37092e+07
0,0,0,4.45386e+08,0,3.01307e+07,-933332,933332,1.37092e+07
0,0,0,4.45386e+08,0,3.01375e+07,-933332,933332,1.37092e+07
0,0,0,4.45386e+08,0,3.01442e+07,-933332,933332,1.37092e+07
0,0,0,4.45386e+08,0,3.0151e+07,-933332,933332,1.37092e+07
0,0,0,4.45386e+08,0,3.08453e+07,-933332,933332,1.37092e+07
0,0,0,4.45386e+08,0,3.08522e+07,-933332,933332,1.37092e+07
0,0,0,4.45386e+08,0,3.08591e+07,-933332,933332,1.37092e+07
0,0,0,4.45386e+08,0,3.08661e+07,-933332,933332,1.37092e+07
0,0,0,4.45386e+08,0,3.31551e+07,-933332,933332,1.37092e+07
0,0,0,4.45386e+08,0,3.31626e+07,-933332,933332,1.37092e+07
0,0,0,4.45386e+08,0,3.31701e+07,-933332,933332,1.37092e+07
0,0,0,4.45386e+08,0,3.31776e+07,-933332,933332,1.37092e+07
0,0,0,4.45386e+08,0,3.3185e+07,-933332,933332,1.37092e+07
0,0,0,4.45386e+08,0,3.19096e+07,-933332,933332,1.37092e+07
0,0,0,4.45386e+08,0,3.19168e+07,-933332,933332,1.37092e+07
0,0,0,4.45386e+08,0,3.19239e+07,-933332,933332,1.37092e+07
0,0,0,4.45386e+08,0,3.19311e+07,-933332,933332,1.37092e+07
0,0,0,4.45386e+08,0,3.08073e+07,-933332,933332,1.37092e+07
0,0,0,4.45386e+08,0,3.08142e+07,-933332,933332,1.37092e+07
0,0,0,4.45386e+08,0,3.08212e+07,-933332,933332,1.37092e+07
0,0,0,4.45386e+08,0,3.08281e+07,-933332,933332,1.37092e+07
0,0,0,4.45386e+08,0,2.82136e+07,-933332,933332,1.37092e+07
0,0,0,4.45386e+08,0,2.82199e+07,-933332,933332,1.37092e+07
0,0,0,4.45386e+08,0,2.82262e+07,-933332,933332,1.37092e+07
0,0,0,4.45386e+08,0,2.82325e+07,-933332,933332,1.37092e+07
0,0,0,4.45386e+08,0,2.82388e+07,-933332,933332,1.37092e+07
0,0,0,4.45386e+08,4.22596e+07,2.9099e+07,-933332,933332,1.37092e+07
0,0,0,4.45386e+08,0,2.91053e+07,-933332,933332,1.37092e+07
0,0,0,4.45386e+08,0,2.91115e+07,-933332,933332,1.37092e+07
0,0,0,4.45386e+08,0,2.91177e+07,-933332,933332,1.37092e+07
0,0,0,4.45386e+08,0,3.21262e+07,-933332,933332,1.37092e+07
0,0,0,4.45386e+08,0,3.21331e+07,-933332,933332,1.37092e+07
0,0,0,4.45386e+08,0,3.214e+07,-933332,933332,1.37092e+07
0,0,0,4.45386e+08,0,3.21469e+07,-933332,933332,1.37092e+07
0,0,0,4.45386e+08,0,2.8018e+07,-933332,933332,1.37092e+07
0,0,0,4.45386e+08,0,2.8024e+07,-933332,933332,1.37092e+07
0,0,0,4.45386e+08,0,2.803e+07,-933332,933332,1.37092e+07
0,0,0,4.45386e+08,0,2.8036e+07,-933332,933332,1.37092e+07
0,0,0,4.45386e+08,0,2.8042e+07,-933332,933332,1.37092e+07
0,0,0,4.45386e+08,0,2.90733e+07,-933332,933332,1.37092e+07
0,0,0,4.45386e+08,0,2.90795e+07,-933332,933332,1.37092e+07
0,0,0,4.45386e+08,0,2.90857e+07,-933332,933332,1.37092e+07
0,0,0,4.45386e+08,0,2.90919e+07,-933332,933332,1.37092e+07
0,0,0,4.45386e+08,0,2.86984e+07,-933332,933332,1.37092e+07
0,0,0,4.45386e+08,0,2.87046e+07,-933332,933332,1.37092e+07
0,0,0,4.45386e+08,0,2.87107e+07,-933332,933332,1.37092e+07
0,0,0,4.45386e+08,0,2.87169e+07,-933332,933332,1.37092e+07
0,0,0,4.45386e+08,0,3.01156e+07,-933332,933332,1.37092e+07
0,0,0,4.45386e+08,0,3.01221e+07,-933332,933332,1.37092e+07
0,0,0,4.45386e+08,0,3.01286e+07,-933332,933332,1.37092e+07
0,0,0,4.45386e+08,0,3.0135e+07,-933332,933332,1.37092e+07
0,0,0,4.45386e+08,0,3.01415e+07,-933332,933332,1.37092e+07
0,0,0,4.45386e+08,0,3.04762e+07,-933332,933332,1.37092e+07
0,0,0,4.45386e+08,0,3.04828e+07,-933332,933332,1.37092e+07
0,0,0,4.45386e+08,0,3.04893e+07,-933332,933332,1.37092e+07
0,0,0,4.45386e+08,0,3.04959e+07,-933332,933332,1.37092e+07
0,0,0,4.45386e+08,0,3.11982e+07,-933332,933332,1.37092e+07
0,0,0,4.45386e+08,0,3.12049e+07,-933332,933332,1.37092e+07
0,0,0,4.45386e+08,0,3.12116e+07,-933332,933332,1.37092e+07
0,0,0,4.45386e+08,0,3.12183e+07,-933332,933332,1.37092e+07
0,0,0,4.45386e+08,0,3.35344e+07,-933332,933332,1.37092e+07
0,0,0,4.45386e+08,0,3.35417e+07,-933332,933332,1.37092e+07
0,0,0,4.45386e+08,0,3.35489e+07,-933332,933332,1.37092e+07
0,0,0,4.45386e+08,0,3.35561e+07,-933332,933332,1.37092e+07
0,0,0,4.45386e+08,0,3.35633e+07,-933332,933332,1.37092e+07
0,0,0,4.45386e+08,0,3.22724e+07,-933332,933332,1.37092e+07
0,0,0,4.45386e+08,0,3.22793e+07,-933332,933332,1.37092e+07
0,0,0,4.45386e+08,0,3.22863e+07,-933332,933332,1.37092e+07
0,0,0,4.45386e+08,0,3.22932e+07,-933332,933332,1.37092e+07
0,0,0,4.45386e+08,0,3.11557e+07,-933332,933332,1.37092e+07
0,0,0,4.45386e+08,0,3.11624e+07,-933332,933332,1.37092e+07
0,0,0,4.45386e+08,0,3.11691e+07,-933332,933332,1.37092e+07
0,0,0,4.45386e+08,0,3.11758e+07,-933332,933332,1.37092e+07
0,0,0,4.45386e+08,0,2.85301e+07,-933332,933332,1.37092e+07
0,0,0,4.45386e+08,0,2.85362e+07,-933332,933332,1.37092e+07
0,0,0,4.45386e+08,0,2.85423e+07,-933332,933332,1.37092e+07
0,0,0,4.45386e+08,0,2.85484e+07,-933332,933332,1.37092e+07
0,0,0,4.45386e+08,0,2.85545e+07,-933332,933332,1.37092e+07
0,0,0,4.45386e+08,4.22596e+07,2.94246e+07,-933332,933332,1.37092e+07
0,0,0,4.45386e+08,0,2.94306e+07,-933332,933332,1.37092e+07
0,0,0,4.45386e+08,0,2.94367e+07,-933332,933332,1.37092e+07
0,0,0,4.45386e+08,0,2.94427e+07,-933332,933332,1.37092e+07
0,0,0,4.45386e+08,0,3.24862e+07,-933332,933332,1.37092e+07
0,0,0,4.45386e+08,0,3.24929e+07,-933332,933332,1.37092e+07
0,0,0,4.45386e+08,0,3.24996e+07,-933332,933332,1.37092e+07
0,0,0,4.45386e+08,0,3.25063e+07,-933332,933332,1.37092e+07
0,0,0,4.45386e+08,0,2.83287e+07,-933332,933332,1.37092e+07
0,0,0,4.45386e+08,0,2.83345e+07,-933332,933332,1.37092e+07
0,0,0,4.45386e+08,0,2.83403e+07,-933332,933332,1.37092e+07
0,0,0,4.45386e+08,0,2.83461e+07,-933332,933332,1.37092e+07
0,0,0,4.45386e+08,0,2.83519e+07,-933332,933332,1.37092e+07
0,0,0,4.45386e+08,0,2.9395e+07,-933332,933332,1.37092e+07
0,0,0,4.45386e+08,0,2.9401e+07,-933332,933332,1.37092e+07
0,0,0,4.45386e+08,0,2.9407e+07,-933332,933332,1.37092e+07
0,0,0,4.45386e+08,0,2.94131e+07,-933332,933332,1.37092e+07
0,0,0,4.45386e+08,0,2.90147e+07,-933332,933332,1.37092e+07
0,0,0,4.45386e+08,0,2.90207e+07,-933332,933332,1.37092e+07
0,0,0,4.45386e+08,0,2.90266e+07,-933332,933332,1.37092e+07
0,0,0,4.45386e+08,0,2.90326e+07,-933332,933332,1.37092e+07
0,0,0,4.45386e+08,0,3.04473e+07,-933332,933332,1.37092e+07
0,0,0,4.45386e+08,0,3.04535e+07,-933332,933332,1.37092e+07
0,0,0,4.45386e+08,0,3.04598e+07,-933332,933332,1.37092e+07
0,0,0,4.45386e+08,0,3.0466e+07,-933332,933332,1.37092e+07
0,0,0,4.45386e+08,0,3.04723e+07,-933332,933332,1.37092e+07
0,0,0,4.45386e+08,0,3.08106e+07,-933332,933332,1.37092e+07
0,0,0,4.45386e+08,0,3.08169e+07,-933332,933332,1.37092e+07
0,0,0,4.45386e+08,0,3.08233e+07,-933332,933332,1.37092e+07
0,0,0,4.45386e+08,0,3.08296e+07,-933332,933332,1.37092e+07
0,0,0,4.45386e+08,0,3.15397e+07,-933332,933332,1.37092e+07
0,0,0,4.45386e+08,0,3.15462e+07,-933332,933332,1.37092e+07
0,0,0,4.45386e+08,0,3.15527e+07,-933332,933332,1.37092e+07
0,0,0,4.45386e+08,0,3.15592e+07,-933332,933332,1.37092e+07
0,0,0,4.45386e+08,0,3.39015e+07,-933332,933332,1.37092e+07
0,0,0,4.45386e+08,0,3.39085e+07,-933332,933332,1.37092e+07
0,0,0,4.45386e+08,0,3.39155e+07,-933332,933332,1.37092e+07
0,0,0,4.45386e+08,0,3.39225e+07,-933332,933332,1.37092e+07
0,0,0,4.45386e+08,0,3.39295e+07,-933332,933332,1.37092e+07
0,0,0,4.45386e+08,0,3.26235e+07,-933332,933332,1.37092e+07
0,0,0,4.45386e+08,0,3.26302e+07,-933332,933332,1.37092e+07
0,0,0,4.45386e+08,0,3.2637e+07,-933332,933332,1.37092e+07
0,0,0,4.45386e+08,0,3.26437e+07,-933332,933332,1.37092e+07
0,0,0,4.45386e+08,0,3.1493e+07,-933332,933332,1.37092e+07
0,0,0,4.45386e+08,0,3.14995e+07,-933332,933332,1.37092e+07
0,0,0,4.45386e+08,0,3.1506e+07,-933332,933332,1.37092e+07
0,0,0,4.45386e+08,0,3.15124e+07,-933332,933332,1.37092e+07
0,0,0,4.45386e+08,0,2.88365e+07,-933332,933332,1.37092e+07
0,0,0,4.45386e+08,0,2.88424e+07,-933332,933332,1.37092e+07
0,0,0,4.45386e+08,0,2.88483e+07,-933332,933332,1.37092e+07
0,0,0,4.45386e+08,0,2.88542e+07,-933332,933332,1.37092e+07
0,0,0,4.45386e+08,0,2.88601e+07,-933332,933332,1.37092e+07
0,0,0,4.45386e+08,0,2.97397e+07,-933332,933332,1.37092e+07
0,0,0,4.45386e+08,4.22596e+07,2.97456e+07,-933332,933332,1.37092e+07
0,0,0,4.45386e+08,0,2.97514e+07,-933332,933332,1.37092e+07
0,0,0,4.45386e+08,0,2.97573e+07,-933332,933332,1.37092e+07
0,0,0,4.45386e+08,0,3.28347e+07,-933332,933332,1.37092e+07
0,0,0,4.45386e+08,0,3.28412e+07,-933332,933332,1.37092e+07
0,0,0,4.45386e+08,0,3.28476e+07,-933332,933332,1.37092e+07
0,0,0,4.45386e+08,0,3.28541e+07,-933332,933332,1.37092e+07
0,0,0,4.45386e+08,0,2.86296e+07,-933332,933332,1.37092e+07
0,0,0,4.45386e+08,0,2.86352e+07,-933332,933332,1.37092e+07
0,0,0,4.45386e+08,0,2.86408e+07,-933332,933332,1.37092e+07
0,0,0,4.45386e+08,0,2.86464e+07,-933332,933332,1.37092e+07
0,0,0,4.45386e+08,0,2.8652e+07,-933332,933332,1.37092e+07
0,0,0,4.45386e+08,0,2.97065e+07,-933332,933332,1.37092e+07
0,0,0,4.45386e+08,0,2.97123e+07,-933332,933332,1.37092e+07
0,0,0,4.45386e+08,0,2.97181e+07,-933332,933332,1.37092e+07
0,0,0,4.45386e+08,0,2.9724e+07,-933332,933332,1.37092e+07
0,0,0,4.45386e+08,0,2.9321e+07,-933332,933332,1.37092e+07
0,0,0,4.45386e+08,0,2.93267e+07,-933332,933332,1.37092e+07
0,0,0,4.45386e+08,0,2.93325e+07,-933332,933332,1.37092e+07
0,0,0,4.45386e+08,0,2.93382e+07,-933332,933332,1.37092e+07
0,0,0,4.45386e+08,0,3.07683e+07,-933332,933332,1.37092e+07
0,0,0,4.45386e+08,0,3.07744e+07,-933332,933332,1.37092e+07
0,0,0,4.45386e+08,0,3.07804e+07,-933332,933332,1.37092e+07
0,0,0,4.45386e+08,0,3.07865e+07,-933332,933332,1.37092e+07
0,0,0,4.45386e+08,0,3.07926e+07,-933332,933332,1.37092e+07
0,0,0,4.45386e+08,0,3.11343e+07,-933332,933332,1.37092e+07
0,0,0,4.45386e+08,0,3.11405e+07,-933332,933332,1.37092e+07
0,0,0,4.45386e+08,0,3.11466e+07,-933332,933332,1.37092e+07
0,0,0,4.45386e+08,0,3.11527e+07,-933332,933332,1.37092e+07
0,0,0,4.45386e+08,0,3.18704e+07,-933332,933332,1.37092e+07
0,0,0,4.45386e+08,0,3.18767e+07,-933332,933332,1.37092e+07
0,0,0,4.45386e+08,0,3.18829e+07,-933332,933332,1.37092e+07
0,0,0,4.45386e+08,0,3.18892e+07,-933332,933332,1.37092e+07
0,0,0,4.45386e+08,0,3.4257e+07,-933332,933332,1.37092e+07
0,0,0,4.45386e+08,0,3.42637e+07,-933332,933332,1.37092e+07
0,0,0,4.45386e+08,0,3.42705e+07,-933332,933332,1.37092e+07
0,0,0,4.45386e+08,0,3.42773e+07,-933332,933332,1.37092e+07
0,0,0,4.45386e+08,0,3.42841e+07,-933332,933332,1.37092e+07
0,0,0,4.45386e+08,0,3.29635e+07,-933332,933332,1.37092e+07
0,0,0,4.45386e+08,0,3.297e+07,-933332,933332,1.37092e+07
0,0,0,4.45386e+08,0,3.29765e+07,-933332,933332,1.37092e+07
0,0,0,4.45386e+08,0,3.29831e+07,-933332,933332,1.37092e+07
0,0,0,4.45386e+08,0,3.18196e+07,-933332,933332,1.37092e+07
0,0,0,4.45386e+08,0,3.18258e+07,-933332,933332,1.37092e+07
0,0,0,4.45386e+08,0,3.18321e+07,-933332,933332,1.37092e+07
0,0,0,4.45386e+08,0,3.18384e+07,-933332,933332,1.37092e+07
0,0,0,4.45386e+08,0,2.91332e+07,-933332,933332,1.37092e+07
0,0,0,4.45386e+08,0,2.91389e+07,-933332,933332,1.37092e+07
0,0,0,4.45386e+08,0,2.91446e+07,-933332,933332,1.37092e+07
0,0,0,4.45386e+08,0,2.91503e+07,-933332,933332,1.37092e+07
0,0,0,4.45386e+08,0,2.9156e+07,-933332,933332,1.37092e+07
0,0,0,4.45386e+08,0,2.9156e+07,-933332,933332,1.37092e+07
0,0,0,4.45386e+08,4.22596e+07,3.00449e+07,-933332,933332,1.37092e+07
0,0,0,4.45386e+08,0,3.00506e+07,-933332,933332,1.37092e+07
0,0,0,4.45386e+08,0,3.00562e+07,-933332,933332,1.37092e+07
0,0,0,4.45386e+08,0,3.00619e+07,-933332,933332,1.37092e+07
0,0,0,4.45386e+08,0,3.31721e+07,-933332,933332,1.37092e+07
0,0,0,4.45386e+08,0,3.31784e+07,-933332,933332,1.37092e+07
0,0,0,4.45386e+08,0,3.31846e+07,-933332,933332,1.37092e+07
0,0,0,4.45386e+08,0,3.31909e+07,-933332,933332,1.37092e+07
0,0,0,4.45386e+08,0,2.89208e+07,-933332,933332,1.37092e+07
0,0,0,4.45386e+08,0,2.89262e+07,-933332,933332,1.37092e+07
0,0,0,4.45386e+08,0,2.89316e+07,-933332,933332,1.37092e+07
0,0,0,4.45386e+08,0,2.89371e+07,-933332,933332,1.37092e+07
0,0,0,4.45386e+08,0,2.89425e+07,-933332,933332,1.37092e+07
0,0,0,4.45386e+08,0,3.00079e+07,-933332,933332,1.37092e+07
0,0,0,4.45386e+08,0,3.00136e+07,-933332,933332,1.37092e+07
0,0,0,4.45386e+08,0,3.00192e+07,-933332,933332,1.37092e+07
0,0,0,4.45386e+08,0,3.00249e+07,-933332,933332,1.37092e+07
0,0,0,4.45386e+08,0,2.96173e+07,-933332,933332,1.37092e+07
0,0,0,4.45386e+08,0,2.96229e+07,-933332,933332,1.37092e+07
0,0,0,4.45386e+08,0,2.96285e+07,-933332,933332,1.37092e+07
0,0,0,4.45386e+08,0,2.9634e+07,-933332,933332,1.37092e+07
0,0,0,4.45386e+08,0,3.1079e+07,-933332,933332,1.37092e+07
0,0,0,4.45386e+08,0,3.10849e+07,-933332,933332,1.37092e+07
0,0,0,4.45386e+08,0,3.10907e+07,-933332,933332,1.37092e+07
0,0,0,4.45386e+08,0,3.10966e+07,-933332,933332,1.37092e+07
0,0,0,4.45386e+08,0,3.11024e+07,-933332,933332,1.37092e+07
0,0,0,4.45386e+08,0,3.14476e+07,-933332,933332,1.37092e+07
0,0,0,4.45386e+08,0,3.14535e+07,-933332,933332,1.37092e+07
0,0,0,4.45386e+08,0,3.14594e+07,-933332,933332,1.37092e+07
0,0,0,4.45386e+08,0,3.14653e+07,-933332,933332,1.37092e+07
0,0,0,4.45386e+08,0,3.21903e+07,-933332,933332,1.37092e+07
0,0,0,4.45386e+08,0,3.21963e+07,-933332,933332,1.37092e+07
0,0,0,4.45386e+08,0,3.22024e+07,-933332,933332,1.37092e+07
0,0,0,4.45386e+08,0,3.22085e+07,-933332,933332,1.37092e+07
0,0,0,4.45386e+08,0,3.46008e+07,-933332,933332,1.37092e+07
0,0,0,4.45386e+08,0,3.46073e+07,-933332,933332,1.37092e+07
0,0,0,4.45386e+08,0,3.46139e+07,-933332,933332,1.37092e+07
0,0,0,4.45386e+08,0,3.46204e+07,-933332,933332,1.37092e+07
0,0,0,4.45386e+08,0,3.4627e+07,-933332,933332,1.37092e+07
0,0,0,4.45386e+08,0,3.32923e+07,-933332,933332,1.37092e+07
0,0,0,4.45386e+08,0,3.32986e+07,-933332,933332,1.37092e+07
0,0,0,4.45386e+08,0,3.33049e+07,-933332,933332,1.37092e+07
0,0,0,4.45386e+08,0,3.33112e+07,-933332,933332,1.37092e+07
0,0,0,4.45386e+08,0,3.21354e+07,-933332,933332,1.37092e+07
0,0,0,4.45386e+08,0,3.21414e+07,-933332,933332,1.37092e+07
0,0,0,4.45386e+08,0,3.21475e+07,-933332,933332,1.37092e+07
0,0,0,4.45386e+08,0,3.21535e+07,-933332,933332,1.37092e+07
0,0,0,4.45386e+08,0,2.942e+07,-933332,933332,1.37092e+07
0,0,0,4.45386e+08,0,2.94255e+07,-933332,933332,1.37092e+07
0,0,0,4.45386e+08,0,2.94311e+07,-933332,933332,1.37092e+07
0,0,0,4.45386e+08,0,2.94366e+07,-933332,933332,1.37092e+07
0,0,0,4.45386e+08,0,2.94421e+07,-933332,933332,1.37092e+07
0,0,0,4.45386e+08,4.22596e+07,3.03399e+07,-933332,933332,1.37092e+07
0,0,0,4.45386e+08,0.000499492,3.03454e+07,-933332,933332,1.37092e+07
0,0,0,4.45386e+08,0,3.03508e+07,-933332,933332,1.37092e+07
0,0,0,4.45386e+08,0,3.03563e+07,-933332,933332,1.37092e+07
0,0,0,4.45386e+08,0,3.34982e+07,-933332,933332,1.37092e+07
0,0,0,4.45386e+08,0,3.35043e+07,-933332,933332,1.37092e+07
0,0,0,4.45386e+08,0,3.35103e+07,-933332,933332,1.37092e+07
0,0,0,4.45386e+08,0,3.35164e+07,-933332,933332,1.37092e+07
0,0,0,4.45386e+08,0,2.92022e+07,-933332,933332,1.37092e+07
0,0,0,4.45386e+08,0,2.92075e+07,-933332,933332,1.37092e+07
0,0,0,4.45386e+08,0,2.92127e+07,-933332,933332,1.37092e+07
0,0,0,4.45386e+08,0,2.9218e+07,-933332,933332,1.37092e+07
0,0,0,4.45386e+08,0,2.92232e+07,-933332,933332,1.37092e+07
0,0,0,4.45386e+08,0,3.02993e+07,-933332,933332,1.37092e+07
0,0,0,4.45386e+08,0,3.03047e+07,-933332,933332,1.37092e+07
0,0,0,4.45386e+08,0,3.03102e+07,-933332,933332,1.37092e+07
0,0,0,4.45386e+08,0,3.03156e+07,-933332,933332,1.37092e+07
0,0,0,4.45386e+08,0,2.99036e+07,-933332,933332,1.37092e+07
0,0,0,4.45386e+08,0,2.9909e+07,-933332,933332,1.37092e+07
0,0,0,4.45386e+08,0,2.99144e+07,-933332,933332,1.37092e+07
0,0,0,4.45386e+08,0,2.99198e+07,-933332,933332,1.37092e+07
0,0,0,4.45386e+08,0,3.13792e+07,-933332,933332,1.37092e+07
0,0,0,4.45386e+08,0,3.13848e+07,-933332,933332,1.37092e+07
0,0,0,4.45386e+08,0,3.13905e+07,-933332,933332,1.37092e+07
0,0,0,4.45386e+08,0,3.13961e+07,-933332,933332,1.37092e+07
0,0,0,4.45386e+08,0,3.14018e+07,-933332,933332,1.37092e+07
0,0,0,4.45386e+08,0,3.17501e+07,-933332,933332,1.37092e+07
0,0,0,4.45386e+08,0,3.17558e+07,-933332,933332,1.37092e+07
0,0,0,4.45386e+08,0,3.17615e+07,-933332,933332,1.37092e+07
0,0,0,4.45386e+08,0,3.17673e+07,-933332,933332,1.37092e+07
0,0,0,4.45386e+08,0,3.24992e+07,-933332,933332,1.37092e+07
0,0,0,4.45386e+08,0,3.2505e+07,-933332,933332,1.37092e+07
0,0,0,4.45386e+08,0,3.25109e+07,-933332,933332,1.37092e+07
0,0,0,4.45386e+08,0,3.25168e+07,-933332,933332,1.37092e+07
0,0,0,4.45386e+08,0,3.49327e+07,-933332,933332,1.37092e+07
0,0,0,4.45386e+08,0,3.49391e+07,-933332,933332,1.37092e+07
0,0,0,4.45386e+08,0,3.49454e+07,-933332,933332,1.37092e+07
0,0,0,4.45386e+08,0,3.49517e+07,-933332,933332,1.37092e+07
0,0,0,4.45386e+08,0,3.4958e+07,-933332,933332,1.37092e+07
0,0,0,4.45386e+08,0,3.36098e+07,-933332,933332,1.37092e+07
0,0,0,4.45386e+08,0,3.36159e+07,-933332,933332,1.37092e+07
0,0,0,4.45386e+08,0,3.36219e+07,-933332,933332,1.37092e+07
0,0,0,4.45386e+08,0,3.3628e+07,-933332,933332,1.37092e+07
0,0,0,4.45386e+08,0,3.24402e+07,-933332,933332,1.37092e+07
0,0,0,4.45386e+08,0,3.2446e+07,-933332,933332,1.37092e+07
0,0,0,4.45386e+08,0,3.24519e+07,-933332,933332,1.37092e+07
0,0,0,4.45386e+08,0,3.24577e+07,-933332,933332,1.37092e+07
0,0,0,4.45386e+08,0,2.96969e+07,-933332,933332,1.37092e+07
0,0,0,4.45386e+08,0,2.97022e+07,-933332,933332,1.37092e+07
0,0,0,4.45386e+08,0,2.97075e+07,-933332,933332,1.37092e+07
0,0,0,4.45386e+08,0,2.97129e+07,-933332,933332,1.37092e+07
0,0,0,4.45386e+08,0,2.97182e+07,-933332,933332,1.37092e+07
0,0,0,4.45386e+08,4.22596e+07,3.06246e+07,-933332,933332,1.37092e+07
0,0,0,4.45386e+08,0,3.06299e+07,-933332,933332,1.37092e+07
0,0,0,4.45386e+08,0,3.06351e+07,-933332,933332,1.37092e+07
0,0,0,4.45386e+08,0,3.06404e+07,-933332,933332,1.37092e+07
0,0,0,4.45386e+08,0,3.38129e+07,-933332,933332,1.37092e+07
0,0,0,4.45386e+08,0,3.38188e+07,-933332,933332,1.37092e+07
0,0,0,4.45386e+08,0,3.38246e+07,-933332,933332,1.37092e+07
0,0,0,4.45386e+08,0,3.38304e+07,-933332,933332,1.37092e+07
0,0,0,4.45386e+08,0,2.94738e+07,-933332,933332,1.37092e+07
0,0,0,4.45386e+08,0,2.94788e+07,-933332,933332,1.37092e+07
0,0,0,4.45386e+08,0,2.94839e+07,-933332,933332,1.37092e+07
0,0,0,4.45386e+08,0,2.94889e+07,-933332,933332,1.37092e+07
0,0,0,4.45386e+08,0,2.9494e+07,-933332,933332,1.37092e+07
0,0,0,4.45386e+08,0,3.05803e+07,-933332,933332,1.37092e+07
0,0,0,4.45386e+08,0,3.05855e+07,-933332,933332,1.37092e+07
0,0,0,4.45386e+08,0,3.05908e+07,-933332,933332,1.37092e+07
0,0,0,4.45386e+08,0,3.0596e+07,-933332,933332,1.37092e+07
0,0,0,4.45386e+08,0,3.01798e+07,-933332,933332,1.37092e+07
0,0,0,4.45386e+08,0,3.0185e+07,-933332,933332,1.37092e+07
0,0,0,4.45386e+08,0,3.01901e+07,-933332,933332,1.37092e+07
0,0,0,4.45386e+08,0,3.01953e+07,-933332,933332,1.37092e+07
0,0,0,4.45386e+08,0,3.16686e+07,-933332,933332,1.37092e+07
0,0,0,4.45386e+08,0,3.1674e+07,-933332,933332,1.37092e+07
0,0,0,4.45386e+08,0,3.16794e+07,-933332,933332,1.37092e+07
0,0,0,4.45386e+08,0,3.16849e+07,-933332,933332,1.37092e+07
0,0,0,4.45386e+08,0,3.16903e+07,-933332,933332,1.37092e+07
0,0,0,4.45386e+08,0,3.20418e+07,-933332,933332,1.37092e+07
0,0,0,4.45386e+08,0,3.20473e+07,-933332,933332,1.37092e+07
0,0,0,4.45386e+08,0,3.20528e+07,-933332,933332,1.37092e+07
0,0,0,4.45386e+08,0,3.20583e+07,-933332,933332,1.37092e+07
0,0,0,4.45386e+08,0,3.2797e+07,-933332,933332,1.37092e+07
0,0,0,4.45386e+08,0,3.28026e+07,-933332,933332,1.37092e+07
0,0,0,4.45386e+08,0,3.28083e+07,-933332,933332,1.37092e+07
0,0,0,4.45386e+08,0,3.28139e+07,-933332,933332,1.37092e+07
0,0,0,4.45386e+08,0,3.52527e+07,-933332,933332,1.37092e+07
0,0,0,4.45386e+08,0,3.52588e+07,-933332,933332,1.37092e+07
0,0,0,4.45386e+08,0,3.52649e+07,-933332,933332,1.37092e+07
0,0,0,4.45386e+08,0,3.5271e+07,-933332,933332,1.37092e+07
0,0,0,4.45386e+08,0,3.5277e+07,-933332,933332,1.37092e+07
0,0,0,4.45386e+08,0,3.39157e+07,-933332,933332,1.37092e+07
0,0,0,4.45386e+08,0,3.39216e+07,-933332,933332,1.37092e+07
0,0,0,4.45386e+08,0,3.39274e+07,-933332,933332,1.37092e+07
0,0,0,4.45386e+08,0,3.39332e+07,-933332,933332,1.37092e+07
0,0,0,4.45386e+08,0,3.27339e+07,-933332,933332,1.37092e+07
0,0,0,4.45386e+08,0,3.27395e+07,-933332,933332,1.37092e+07
0,0,0,4.45386e+08,0,3.27451e+07,-933332,933332,1.37092e+07
0,0,0,4.45386e+08,0,3.27508e+07,-933332,933332,1.37092e+07
0,0,0,4.45386e+08,0,2.99636e+07,-933332,933332,1.37092e+07
0,0,0,4.45386e+08,0,2.99687e+07,-933332,933332,1.37092e+07
0,0,0,4.45386e+08,0,2.99738e+07,-933332,933332,1.37092e+07
0,0,0,4.45386e+08,0,2.9979e+07,-933332,933332,1.37092e+07
0,0,0,4.45386e+08,0,2.99841e+07,-933332,933332,1.37092e+07
0,0,0,4.45386e+08,4.22596e+07,3.08988e+07,-933332,933332,1.37092e+07
0,0,0,4.45386e+08,0,3.09038e+07,-933332,933332,1.37092e+07
0,0,0,4.45386e+08,0,3.09089e+07,-933332,933332,1.37092e+07
0,0,0,4.45386e+08,0,3.09139e+07,-933332,933332,1.37092e+07
0,0,0,4.45386e+08,0,3.41159e+07,-933332,933332,1.37092e+07
0,0,0,4.45386e+08,0,3.41215e+07,-933332,933332,1.37092e+07
0,0,0,4.45386e+08,0,3.41271e+07,-933332,933332,1.37092e+07
0,0,0,4.45386e+08,0,3.41327e+07,-933332,933332,1.37092e+07
0,0,0,4.45386e+08,0,2.97351e+07,-933332,933332,1.37092e+07
0,0,0,4.45386e+08,0,2.974e+07,-933332,933332,1.37092e+07
0,0,0,4.45386e+08,0,2.97448e+07,-933332,933332,1.37092e+07
0,0,0,4.45386e+08,0,2.97497e+07,-933332,933332,1.37092e+07
0,0,0,4.45386e+08,0,2.97545e+07,-933332,933332,1.37092e+07
0,0,0,4.45386e+08,0,3.08506e+07,-933332,933332,1.37092e+07
0,0,0,4.45386e+08,0,3.08557e+07,-933332,933332,1.37092e+07
0,0,0,4.45386e+08,0,3.08607e+07,-933332,933332,1.37092e+07
0,0,0,4.45386e+08,0,3.08658e+07,-933332,933332,1.37092e+07
0,0,0,4.45386e+08,0,3.04454e+07,-933332,933332,1.37092e+07
0,0,0,4.45386e+08,0,3.04504e+07,-933332,933332,1.37092e+07
0,0,0,4.45386e+08,0,3.04554e+07,-933332,933332,1.37092e+07
0,0,0,4.45386e+08,0,3.04603e+07,-933332,933332,1.37092e+07
0,0,0,4.45386e+08,0,3.19469e+07,-933332,933332,1.37092e+07
0,0,0,4.45386e+08,0,3.19521e+07,-933332,933332,1.37092e+07
0,0,0,4.45386e+08,0,3.19574e+07,-933332,933332,1.37092e+07
0,0,0,4.45386e+08,0,3.19626e+07,-933332,933332,1.37092e+07
0,0,0,4.45386e+08,0,3.19678e+07,-933332,933332,1.37092e+07
0,0,0,4.45386e+08,0,3.23222e+07,-933332,933332,1.37092e+07
0,0,0,4.45386e+08,0,3.23275e+07,-933332,933332,1.37092e+07
0,0,0,4.45386e+08,0,3.23328e+07,-933332,933332,1.37092e+07
0,0,0,4.45386e+08,0,3.23381e+07,-933332,933332,1.37092e+07
0,0,0,4.45386e+08,0,3.30832e+07,-933332,933332,1.37092e+07
0,0,0,4.45386e+08,0,3.30886e+07,-933332,933332,1.37092e+07
0,0,0,4.45386e+08,0,3.3094e+07,-933332,933332,1.37092e+07
0,0,0,4.45386e+08,0,3.30995e+07,-933332,933332,1.37092e+07
0,0,0,4.45386e+08,0,3.55602e+07,-933332,933332,1.37092e+07
0,0,0,4.45386e+08,0,3.5566e+07,-933332,933332,1.37092e+07
0,0,0,4.45386e+08,0,3.55718e+07,-933332,933332,1.37092e+07
0,0,0,4.45386e+08,0,3.55777e+07,-933332,933332,1.37092e+07
0,0,0,4.45386e+08,0,3.55835e+07,-933332,933332,1.37092e+07
0,0,0,4.45386e+08,0,3.42096e+07,-933332,933332,1.37092e+07
0,0,0,4.45386e+08,0,3.42152e+07,-933332,933332,1.37092e+07
0,0,0,4.45386e+08,0,3.42208e+07,-933332,933332,1.37092e+07
0,0,0,4.45386e+08,0,3.42264e+07,-933332,933332,1.37092e+07
0,0,0,4.45386e+08,0,3.30159e+07,-933332,933332,1.37092e+07
0,0,0,4.45386e+08,0,3.30213e+07,-933332,933332,1.37092e+07
0,0,0,4.45386e+08,0,3.30267e+07,-933332,933332,1.37092e+07
0,0,0,4.45386e+08,0,3.30321e+07,-933332,933332,1.37092e+07
0,0,0,4.45386e+08,0,3.02196e+07,-933332,933332,1.37092e+07
0,0,0,4.45386e+08,0,3.02246e+07,-933332,933332,1.37092e+07
0,0,0,4.45386e+08,0,3.02295e+07,-933332,933332,1.37092e+07
0,0,0,4.45386e+08,0,3.02344e+07,-933332,933332,1.37092e+07
0,0,0,4.45386e+08,0,3.02393e+07,-933332,933332,1.37092e+07
0,0,0,8.25798e+08,4.22596e+07,3.1162e+07,-933332,933332,1.37092e+07
0,0,0,8.25798e+08,0,3.11668e+07,-933332,933332,1.37092e+07
0,0,0,8.25798e+08,0,3.11716e+07,-933332,933332,1.37092e+07
0,0,0,8.25798e+08,0,3.11764e+07,-933332,933332,1.37092e+07
0,0,0,8.25798e+08,0,3.44066e+07,-933332,933332,1.37092e+07
0,0,0,8.25798e+08,0,3.4412e+07,-933332,933332,1.37092e+07
0,0,0,8.25798e+08,0,3.44174e+07,-933332,933332,1.37092e+07
0,0,0,8.25798e+08,0,3.44227e+07,-933332,933332,1.37092e+07
0,0,0,8.25798e+08,0,2.99859e+07,-933332,933332,1.37092e+07
0,0,0,8.25798e+08,0,2.99905e+07,-933332,933332,1.37092e+07
0,0,0,8.25798e+08,0,2.99951e+07,-933332,933332,1.37092e+07
0,0,0,8.25798e+08,0,2.99998e+07,-933332,933332,1.37092e+07
0,0,0,8.25798e+08,0,3.00044e+07,-933332,933332,1.37092e+07
0,0,0,8.25798e+08,0,3.111e+07,-933332,933332,1.37092e+07
0,0,0,8.25798e+08,0,3.11148e+07,-933332,933332,1.37092e+07
0,0,0,8.25798e+08,0,3.11196e+07,-933332,933332,1.37092e+07
0,0,0,8.25798e+08,0,3.11244e+07,-933332,933332,1.37092e+07
0,0,0,8.25798e+08,0,3.07001e+07,-933332,933332,1.37092e+07
0,0,0,8.25798e+08,0,3.07049e+07,-933332,933332,1.37092e+07
0,0,0,8.25798e+08,0,3.07096e+07,-933332,933332,1.37092e+07
0,0,0,8.25798e+08,0,3.07144e+07,-933332,933332,1.37092e+07
0,0,0,8.25798e+08,0,3.22137e+07,-933332,933332,1.37092e+07
0,0,0,8.25798e+08,0,3.22187e+07,-933332,933332,1.37092e+07
0,0,0,8.25798e+08,0,3.22237e+07,-933332,933332,1.37092e+07
0,0,0,8.25798e+08,0,3.22287e+07,-933332,933332,1.37092e+07
0,0,0,8.25798e+08,0,3.22337e+07,-933332,933332,1.37092e+07
0,0,0,8.25798e+08,0,3.25909e+07,-933332,933332,1.37092e+07
0,0,0,8.25798e+08,0,3.2596e+07,-933332,933332,1.37092e+07
0,0,0,8.25798e+08,0,3.2601e+07,-933332,933332,1.37092e+07
0,0,0,8.25798e+08,0,3.26061e+07,-933332,933332,1.37092e+07
0,0,0,8.25798e+08,0,3.33574e+07,-933332,933332,1.37092e+07
0,0,0,8.25798e+08,0,3.33626e+07,-933332,933332,1.37092e+07
0,0,0,8.25798e+08,0,3.33678e+07,-933332,933332,1.37092e+07
0,0,0,8.25798e+08,0,3.3373e+07,-933332,933332,1.37092e+07
0,0,0,8.25798e+08,0,3.58546e+07,-933332,933332,1.37092e+07
0,0,0,8.25798e+08,0,3.58602e+07,-933332,933332,1.37092e+07
0,0,0,8.25798e+08,0,3.58658e+07,-933332,933332,1.37092e+07
0,0,0,8.25798e+08,0,3.58714e+07,-933332,933332,1.37092e+07
0,0,0,8.25798e+08,0,3.5877e+07,-933332,933332,1.37092e+07
0,0,0,8.25798e+08,0,3.44909e+07,-933332,933332,1.37092e+07
0,0,0,8.25798e+08,0,3.44963e+07,-933332,933332,1.37092e+07
0,0,0,8.25798e+08,0,3.45016e+07,-933332,933332,1.37092e+07
0,0,0,8.25798e+08,0,3.4507e+07,-933332,933332,1.37092e+07
0,0,0,8.25798e+08,0,3.32859e+07,-933332,933332,1.37092e+07
0,0,0,8.25798e+08,0,3.32911e+07,-933332,933332,1.37092e+07
0,0,0,8.25798e+08,0,3.32962e+07,-933332,933332,1.37092e+07
0,0,0,8.25798e+08,0,3.33014e+07,-933332,933332,1.37092e+07
0,0,0,8.25798e+08,0,3.04647e+07,-933332,933332,1.37092e+07
0,0,0,8.25798e+08,0,3.04694e+07,-933332,933332,1.37092e+07
0,0,0,8.25798e+08,0,3.04741e+07,-933332,933332,1.37092e+07
0,0,0,8.25798e+08,0,3.04788e+07,-933332,933332,1.37092e+07
0,0,0,8.25798e+08,0,3.04835e+07,-933332,933332,1.37092e+07
0,0,0,8.25798e+08,0,3.14137e+07,-933332,933332,1.37092e+07
0,0,0,8.25798e+08,4.22596e+07,3.14183e+07,-933332,933332,1.37092e+07
0,0,0,8.25798e+08,0,3.14229e+07,-933332,933332,1.37092e+07
0,0,0,8.25798e+08,0,3.14275e+07,-933332,933332,1.37092e+07
0,0,0,8.25798e+08,0,3.46847e+07,-933332,933332,1.37092e+07
0,0,0,8.25798e+08,0,3.46898e+07,-933332,933332,1.37092e+07
0,0,0,8.25798e+08,0,3.46949e+07,-933332,933332,1.37092e+07
0,0,0,8.25798e+08,0,3.47e+07,-933332,933332,1.37092e+07
0,0,0,8.25798e+08,0,3.02256e+07,-933332,933332,1.37092e+07
0,0,0,8.25798e+08,0,3.023e+07,-933332,933332,1.37092e+07
0,0,0,8.25798e+08,0,3.02344e+07,-933332,933332,1.37092e+07
0,0,0,8.25798e+08,0,3.02389e+07,-933332,933332,1.37092e+07
0,0,0,8.25798e+08,0,3.02433e+07,-933332,933332,1.37092e+07
0,0,0,8.25798e+08,0,3.13578e+07,-933332,933332,1.37092e+07
0,0,0,8.25798e+08,0,3.13624e+07,-933332,933332,1.37092e+07
0,0,0,8.25798e+08,0,3.1367e+07,-933332,933332,1.37092e+07
0,0,0,8.25798e+08,0,3.13716e+07,-933332,933332,1.37092e+07
0,0,0,8.25798e+08,0,3.09436e+07,-933332,933332,1.37092e+07
0,0,0,8.25798e+08,0,3.09481e+07,-933332,933332,1.37092e+07
0,0,0,8.25798e+08,0,3.09526e+07,-933332,933332,1.37092e+07
0,0,0,8.25798e+08,0,3.09572e+07,-933332,933332,1.37092e+07
0,0,0,8.25798e+08,0,3.24686e+07,-933332,933332,1.37092e+07
0,0,0,8.25798e+08,0,3.24734e+07,-933332,933332,1.37092e+07
0,0,0,8.25798e+08,0,3.24782e+07,-933332,933332,1.37092e+07
0,0,0,8.25798e+08,0,3.24829e+07,-933332,933332,1.37092e+07
0,0,0,8.25798e+08,0,3.24877e+07,-933332,933332,1.37092e+07
0,0,0,8.25798e+08,0,3.28476e+07,-933332,933332,1.37092e+07
0,0,0,8.25798e+08,0,3.28524e+07,-933332,933332,1.37092e+07
0,0,0,8.25798e+08,0,3.28572e+07,-933332,933332,1.37092e+07
0,0,0,8.25798e+08,0,3.2862e+07,-933332,933332,1.37092e+07
0,0,0,8.25798e+08,0,3.36193e+07,-933332,933332,1.37092e+07
0,0,0,8.25798e+08,0,3.36242e+07,-933332,933332,1.37092e+07
0,0,0,8.25798e+08,0,3.36292e+07,-933332,933332,1.37092e+07
0,0,0,8.25798e+08,0,3.36341e+07,-933332,933332,1.37092e+07
0,0,0,8.25798e+08,0,3.61358e+07,-933332,933332,1.37092e+07
0,0,0,8.25798e+08,0,3.61411e+07,-933332,933332,1.37092e+07
0,0,0,8.25798e+08,0,3.61464e+07,-933332,933332,1.37092e+07
0,0,0,8.25798e+08,0,3.61517e+07,-933332,933332,1.37092e+07
0,0,0,8.25798e+08,0,3.61571e+07,-933332,933332,1.37092e+07
0,0,0,8.25798e+08,0,3.47594e+07,-933332,933332,1.37092e+07
0,0,0,8.25798e+08,0,3.47646e+07,-933332,933332,1.37092e+07
0,0,0,8.25798e+08,0,3.47697e+07,-933332,933332,1.37092e+07
0,0,0,8.25798e+08,0,3.47748e+07,-933332,933332,1.37092e+07
0,0,0,8.25798e+08,0,3.35435e+07,-933332,933332,1.37092e+07
0,0,0,8.25798e+08,0,3.35484e+07,-933332,933332,1.37092e+07
0,0,0,8.25798e+08,0,3.35534e+07,-933332,933332,1.37092e+07
0,0,0,8.25798e+08,0,3.35583e+07,-933332,933332,1.37092e+07
0,0,0,8.25798e+08,0,3.06984e+07,-933332,933332,1.37092e+07
0,0,0,8.25798e+08,0,3.07029e+07,-933332,933332,1.37092e+07
0,0,0,8.25798e+08,0,3.07074e+07,-933332,933332,1.37092e+07
0,0,0,8.25798e+08,0,3.07119e+07,-933332,933332,1.37092e+07
0,0,0,8.25798e+08,0,2.75499e+07,-4.09979e+06,4.09979e+06,1.55036e+07
0,0,0,8.25798e+08,0,2.75499e+07,-4.09979e+06,4.09979e+06,1.55036e+07
0,0,0,8.25798e+08,4.22596e+07,3.16538e+07,-933332,933332,1.37092e+07
0,0,0,8.25798e+08,0,2.83898e+07,-4.20169e+06,4.20169e+06,1.55036e+07
0,0,0,8.25798e+08,0,3.16625e+07,-933332,933332,1.37092e+07
0,0,0,8.25798e+08,0,2.83976e+07,-4.20264e+06,4.20264e+06,1.55036e+07
0,0,0,8.25798e+08,0,3.49499e+07,-933332,933332,1.37092e+07
0,0,0,8.25798e+08,0,3.49547e+07,-933332,933332,1.37092e+07
0,0,0,8.25798e+08,0,3.49596e+07,-933332,933332,1.37092e+07
0,0,0,8.25798e+08,0,3.49644e+07,-933332,933332,1.37092e+07
0,0,0,8.25798e+08,0,3.04542e+07,-933332,933332,1.37092e+07
0,0,0,8.25798e+08,0,3.04584e+07,-933332,933332,1.37092e+07
0,0,0,8.25798e+08,0,3.04626e+07,-933332,933332,1.37092e+07
0,0,0,8.25798e+08,0,3.04668e+07,-933332,933332,1.37092e+07
0,0,0,8.25798e+08,0,3.0471e+07,-933332,933332,1.37092e+07
0,0,0,8.25798e+08,0,3.15941e+07,-933332,933332,1.37092e+07
0,0,0,8.25798e+08,0,3.15985e+07,-933332,933332,1.37092e+07
0,0,0,8.25798e+08,0,3.16029e+07,-933332,933332,1.37092e+07
0,0,0,8.25798e+08,0,3.16072e+07,-933332,933332,1.37092e+07
0,0,0,8.25798e+08,0,3.11755e+07,-933332,933332,1.37092e+07
0,0,0,8.25798e+08,0,3.11799e+07,-933332,933332,1.37092e+07
0,0,0,8.25798e+08,0,3.11842e+07,-933332,933332,1.37092e+07
0,0,0,8.25798e+08,0,3.11885e+07,-933332,933332,1.37092e+07
0,0,0,8.25798e+08,0,3.27115e+07,-933332,933332,1.37092e+07
0,0,0,8.25798e+08,0,3.27161e+07,-933332,933332,1.37092e+07
0,0,0,8.25798e+08,0,3.27206e+07,-933332,933332,1.37092e+07
0,0,0,8.25798e+08,0,3.27251e+07,-933332,933332,1.37092e+07
0,0,0,8.25798e+08,0,3.27297e+07,-933332,933332,1.37092e+07
0,0,0,8.25798e+08,0,3.30921e+07,-933332,933332,1.37092e+07
0,0,0,8.25798e+08,0,3.30967e+07,-933332,933332,1.37092e+07
0,0,0,8.25798e+08,0,3.31013e+07,-933332,933332,1.37092e+07
0,0,0,8.25798e+08,0,3.31059e+07,-933332,933332,1.37092e+07
0,0,0,8.25798e+08,0,3.38687e+07,-933332,933332,1.37092e+07
0,0,0,8.25798e+08,0,3.38734e+07,-933332,933332,1.37092e+07
0,0,0,8.25798e+08,0,3.38781e+07,-933332,933332,1.37092e+07
0,0,0,8.25798e+08,0,3.38828e+07,-933332,933332,1.37092e+07
0,0,0,8.25798e+08,0,3.64035e+07,-933332,933332,1.37092e+07
0,0,0,8.25798e+08,0,3.64085e+07,-933332,933332,1.37092e+07
0,0,0,8.25798e+08,0,3.64136e+07,-933332,933332,1.37092e+07
0,0,0,8.25798e+08,0,3.64187e+07,-933332,933332,1.37092e+07
0,0,0,8.25798e+08,0,3.64237e+07,-933332,933332,1.37092e+07
0,0,0,8.25798e+08,0,3.50151e+07,-933332,933332,1.37092e+07
0,0,0,8.25798e+08,0,3.502e+07,-933332,933332,1.37092e+07
0,0,0,8.25798e+08,0,3.50248e+07,-933332,933332,1.37092e+07
0,0,0,8.25798e+08,0,3.50297e+07,-933332,933332,1.37092e+07
0,0,0,8.25798e+08,0,3.37887e+07,-933332,933332,1.37092e+07
0,0,0,8.25798e+08,0,3.37934e+07,-933332,933332,1.37092e+07
0,0,0,8.25798e+08,0,3.37981e+07,-933332,933332,1.37092e+07
0,0,0,8.25798e+08,0,3.38028e+07,-933332,933332,1.37092e+07
0,0,0,8.25798e+08,0,3.09209e+07,-933332,933332,1.37092e+07
0,0,0,8.25798e+08,0,3.09252e+07,-933332,933332,1.37092e+07
0,0,0,8.25798e+08,0,3.09294e+07,-933332,933332,1.37092e+07
0,0,0,8.25798e+08,0,3.09337e+07,-933332,933332,1.37092e+07
0,0,0,8.25798e+08,0,3.0938e+07,-933332,933332,1.37092e+07
0,0,0,9.20951e+08,4.22596e+07,3.18822e+07,-933332,933332,1.37092e+07
0,0,0,9.20951e+08,0,3.18863e+07,-933332,933332,1.37092e+07
0,0,0,9.20951e+08,0,3.18905e+07,-933332,933332,1.37092e+07
0,0,0,9.20951e+08,0,3.18947e+07,-933332,933332,1.37092e+07
0,0,0,9.20951e+08,0,3.5202e+07,-933332,933332,1.37092e+07
0,0,0,9.20951e+08,0,3.52066e+07,-933332,933332,1.37092e+07
0,0,0,9.20951e+08,0,3.52113e+07,-933332,933332,1.37092e+07
0,0,0,9.20951e+08,0,3.52159e+07,-933332,933332,1.37092e+07
0,0,0,9.20951e+08,0,3.06715e+07,-933332,933332,1.37092e+07
0,0,0,9.20951e+08,0,3.06755e+07,-933332,933332,1.37092e+07
0,0,0,9.20951e+08,0,3.06795e+07,-933332,933332,1.37092e+07
0,0,0,9.20951e+08,0,3.06835e+07,-933332,933332,1.37092e+07
0,0,0,9.20951e+08,0,3.06875e+07,-933332,933332,1.37092e+07
0,0,0,9.20951e+08,0,3.18187e+07,-933332,933332,1.37092e+07
0,0,0,9.20951e+08,0,3.18228e+07,-933332,933332,1.37092e+07
0,0,0,9.20951e+08,0,3.1827e+07,-933332,933332,1.37092e+07
0,0,0,9.20951e+08,0,3.18311e+07,-933332,933332,1.37092e+07
0,0,0,9.20951e+08,0,3.1396e+07,-933332,933332,1.37092e+07
0,0,0,9.20951e+08,0,3.14001e+07,-933332,933332,1.37092e+07
0,0,0,9.20951e+08,0,3.14042e+07,-933332,933332,1.37092e+07
0,0,0,9.20951e+08,0,3.14083e+07,-933332,933332,1.37092e+07
0,0,0,9.20951e+08,0,3.29423e+07,-933332,933332,1.37092e+07
0,0,0,9.20951e+08,0,3.29466e+07,-933332,933332,1.37092e+07
0,0,0,9.20951e+08,0,3.29509e+07,-933332,933332,1.37092e+07
0,0,0,9.20951e+08,0,3.29552e+07,-933332,933332,1.37092e+07
0,0,0,9.20951e+08,0,3.29595e+07,-933332,933332,1.37092e+07
0,0,0,9.20951e+08,0,3.33243e+07,-933332,933332,1.37092e+07
0,0,0,9.20951e+08,0,3.33287e+07,-933332,933332,1.37092e+07
0,0,0,9.20951e+08,0,3.3333e+07,-933332,933332,1.37092e+07
0,0,0,9.20951e+08,0,3.33374e+07,-933332,933332,1.37092e+07
0,0,0,9.20951e+08,0,3.41055e+07,-933332,933332,1.37092e+07
0,0,0,9.20951e+08,0,3.41099e+07,-933332,933332,1.37092e+07
0,0,0,9.20951e+08,0,3.41144e+07,-933332,933332,1.37092e+07
0,0,0,9.20951e+08,0,3.41189e+07,-933332,933332,1.37092e+07
0,0,0,9.20951e+08,0,3.66576e+07,-933332,933332,1.37092e+07
0,0,0,9.20951e+08,0,3.66177e+07,-904583,904583,1.37092e+07
0,0,0,9.20951e+08,0,3.66211e+07,-903681,903681,1.37092e+07
0,0,0,9.20951e+08,0,3.66245e+07,-902778,902778,1.37092e+07
0,0,0,9.20951e+08,0,3.66279e+07,-901876,901876,1.37092e+07
0,0,0,9.20951e+08,0,3.52073e+07,-900974,900974,1.37092e+07
0,0,0,9.20951e+08,0,3.52623e+07,-933332,933332,1.37092e+07
0,0,0,9.20951e+08,0,3.52669e+07,-933332,933332,1.37092e+07
0,0,0,9.20951e+08,0,3.52715e+07,-933332,933332,1.37092e+07
0,0,0,9.20951e+08,0,3.40213e+07,-933332,933332,1.37092e+07
0,0,0,9.20951e+08,0,3.40258e+07,-933332,933332,1.37092e+07
0,0,0,9.20951e+08,0,3.40302e+07,-933332,933332,1.37092e+07
0,0,0,9.20951e+08,0,3.40347e+07,-933332,933332,1.37092e+07
0,0,0,9.20951e+08,0,3.11319e+07,-933332,933332,1.37092e+07
0,0,0,9.20951e+08,0,3.11359e+07,-933332,933332,1.37092e+07
0,0,0,9.20951e+08,0,3.114e+07,-933332,933332,1.37092e+07
0,0,0,9.20951e+08,0,3.1144e+07,-933332,933332,1.37092e+07
0,0,0,9.20951e+08,0,2.79349e+07,-4.14649e+06,4.14649e+06,1.55036e+07
0,0,0,9.20951e+08,4.22596e+07,3.20987e+07,-933332,933332,1.37092e+07
0,0,0,9.20951e+08,0,3.21027e+07,-933332,933332,1.37092e+07
0,0,0,9.20951e+08,0,2.87897e+07,-4.25021e+06,4.25021e+06,1.55036e+07
0,0,0,9.20951e+08,0,2.87932e+07,-4.25063e+06,4.25063e+06,1.55036e+07
0,0,0,9.20951e+08,0,3.17634e+07,-4.611e+06,4.611e+06,1.55036e+07
0,0,0,9.20951e+08,0,3.17673e+07,-4.61147e+06,4.61147e+06,1.55036e+07
0,0,0,9.20951e+08,0,3.17711e+07,-4.61194e+06,4.61194e+06,1.55036e+07
0,0,0,9.20951e+08,0,3.1775e+07,-4.61242e+06,4.61242e+06,1.55036e+07
0,0,0,9.20951e+08,0,2.76936e+07,-4.11721e+06,4.11721e+06,1.55036e+07
0,0,0,9.20951e+08,0,3.08812e+07,-933332,933332,1.37092e+07
0,0,0,9.20951e+08,0,3.0885e+07,-933332,933332,1.37092e+07
0,0,0,9.20951e+08,0,3.08887e+07,-933332,933332,1.37092e+07
0,0,0,9.20951e+08,0,3.08925e+07,-933332,933332,1.37092e+07
0,0,0,9.20951e+08,0,3.20314e+07,-933332,933332,1.37092e+07
0,0,0,9.20951e+08,0,3.20353e+07,-933332,933332,1.37092e+07
0,0,0,9.20951e+08,0,3.20392e+07,-933332,933332,1.37092e+07
0,0,0,9.20951e+08,0,3.20431e+07,-933332,933332,1.37092e+07
0,0,0,9.20951e+08,0,3.16047e+07,-933332,933332,1.37092e+07
0,0,0,9.20951e+08,0,3.16085e+07,-933332,933332,1.37092e+07
0,0,0,9.20951e+08,0,3.16124e+07,-933332,933332,1.37092e+07
0,0,0,9.20951e+08,0,3.16163e+07,-933332,933332,1.37092e+07
0,0,0,9.20951e+08,0,3.31607e+07,-933332,933332,1.37092e+07
0,0,0,9.20951e+08,0,3.31647e+07,-933332,933332,1.37092e+07
0,0,0,9.20951e+08,0,3.31688e+07,-933332,933332,1.37092e+07
0,0,0,9.20951e+08,0,3.31729e+07,-933332,933332,1.37092e+07
0,0,0,9.20951e+08,0,3.31769e+07,-933332,933332,1.37092e+07
0,0,0,9.20951e+08,0,3.3544e+07,-933332,933332,1.37092e+07
0,0,0,9.20951e+08,0,3.35481e+07,-933332,933332,1.37092e+07
0,0,0,9.20951e+08,0,3.35522e+07,-933332,933332,1.37092e+07
0,0,0,9.20951e+08,0,3.35563e+07,-933332,933332,1.37092e+07
0,0,0,9.20951e+08,0,3.43294e+07,-933332,933332,1.37092e+07
0,0,0,9.20951e+08,0,3.43336e+07,-933332,933332,1.37092e+07
0,0,0,9.20951e+08,0,3.43378e+07,-933332,933332,1.37092e+07
0,0,0,9.20951e+08,0,3.4342e+07,-933332,933332,1.37092e+07
0,0,0,9.20951e+08,0,3.68978e+07,-933332,933332,1.37092e+07
0,0,0,9.20951e+08,0,3.67875e+07,-859501,859501,1.37092e+07
0,0,0,9.20951e+08,0,3.67907e+07,-858650,858650,1.37092e+07
0,0,0,9.20951e+08,0,3.67939e+07,-857799,857799,1.37092e+07
0,0,0,9.20951e+08,0,3.67971e+07,-856948,856948,1.37092e+07
0,0,0,9.20951e+08,0,3.53667e+07,-856096,856096,1.37092e+07
0,0,0,9.20951e+08,0,3.54912e+07,-933332,933332,1.37092e+07
0,0,0,9.20951e+08,0,3.54956e+07,-933332,933332,1.37092e+07
0,0,0,9.20951e+08,0,3.54999e+07,-933332,933332,1.37092e+07
0,0,0,9.20951e+08,0,3.4241e+07,-933332,933332,1.37092e+07
0,0,0,9.20951e+08,0,3.42452e+07,-933332,933332,1.37092e+07
0,0,0,9.20951e+08,0,3.42494e+07,-933332,933332,1.37092e+07
0,0,0,9.20951e+08,0,3.42536e+07,-933332,933332,1.37092e+07
0,0,0,9.20951e+08,0,3.1331e+07,-933332,933332,1.37092e+07
0,0,0,9.20951e+08,0,3.13348e+07,-933332,933332,1.37092e+07
0,0,0,9.20951e+08,0,3.13387e+07,-933332,933332,1.37092e+07
0,0,0,9.20951e+08,0,3.13425e+07,-933332,933332,1.37092e+07
0,0,0,9.20951e+08,0,3.13463e+07,-933332,933332,1.37092e+07
0,0,0,9.20951e+08,7.98779e+07,3.23031e+07,-933332,933332,1.37092e+07
0,0,0,9.20951e+08,0,3.23068e+07,-933332,933332,1.37092e+07
0,0,0,9.20951e+08,0,3.23104e+07,-933332,933332,1.37092e+07
0,0,0,9.20951e+08,0,3.23141e+07,-933332,933332,1.37092e+07
0,0,0,9.20951e+08,0,3.56665e+07,-933332,933332,1.37092e+07
0,0,0,9.20951e+08,0,3.56706e+07,-933332,933332,1.37092e+07
0,0,0,9.20951e+08,0,3.56747e+07,-933332,933332,1.37092e+07
0,0,0,9.20951e+08,0,3.56788e+07,-933332,933332,1.37092e+07
0,0,0,9.20951e+08,0,3.10716e+07,-933332,933332,1.37092e+07
0,0,0,9.20951e+08,0,3.10751e+07,-933332,933332,1.37092e+07
0,0,0,9.20951e+08,0,3.10787e+07,-933332,933332,1.37092e+07
0,0,0,9.20951e+08,0,3.10822e+07,-933332,933332,1.37092e+07
0,0,0,9.20951e+08,0,3.10858e+07,-933332,933332,1.37092e+07
0,0,0,9.20951e+08,0,3.22319e+07,-933332,933332,1.37092e+07
0,0,0,9.20951e+08,0,3.22355e+07,-933332,933332,1.37092e+07
0,0,0,9.20951e+08,0,3.22392e+07,-933332,933332,1.37092e+07
0,0,0,9.20951e+08,0,3.22429e+07,-933332,933332,1.37092e+07
0,0,0,9.20951e+08,0,3.18013e+07,-933332,933332,1.37092e+07
0,0,0,9.20951e+08,0,3.1805e+07,-933332,933332,1.37092e+07
0,0,0,9.20951e+08,0,3.18086e+07,-933332,933332,1.37092e+07
0,0,0,9.20951e+08,0,3.18122e+07,-933332,933332,1.37092e+07
0,0,0,9.20951e+08,0,3.33664e+07,-933332,933332,1.37092e+07
0,0,0,9.20951e+08,0,3.33702e+07,-933332,933332,1.37092e+07
0,0,0,9.20951e+08,0,3.3374e+07,-933332,933332,1.37092e+07
0,0,0,9.20951e+08,0,3.33778e+07,-933332,933332,1.37092e+07
0,0,0,9.20951e+08,0,3.33816e+07,-933332,933332,1.37092e+07
0,0,0,9.20951e+08,0,3.37508e+07,-933332,933332,1.37092e+07
0,0,0,9.20951e+08,0,3.37546e+07,-933332,933332,1.37092e+07
0,0,0,9.20951e+08,0,3.37585e+07,-933332,933332,1.37092e+07
0,0,0,9.20951e+08,0,3.37624e+07,-933332,933332,1.37092e+07
0,0,0,9.20951e+08,0,3.45402e+07,-933332,933332,1.37092e+07
0,0,0,9.20951e+08,0,3.45441e+07,-933332,933332,1.37092e+07
0,0,0,9.20951e+08,0,3.45481e+07,-933332,933332,1.37092e+07
0,0,0,9.20951e+08,0,3.4552e+07,-933332,933332,1.37092e+07
0,0,0,9.20951e+08,0,3.71238e+07,-933332,933332,1.37092e+07
0,0,0,9.20951e+08,0,3.69472e+07,-817081,817081,1.37092e+07
0,0,0,9.20951e+08,0,3.69502e+07,-816281,816281,1.37092e+07
0,0,0,9.20951e+08,0,3.69532e+07,-815481,815481,1.37092e+07
0,0,0,9.20951e+08,0,3.69562e+07,-814682,814682,1.37092e+07
0,0,0,9.20951e+08,0,3.55166e+07,-813881,813881,1.37092e+07
0,0,0,9.20951e+08,0,3.57065e+07,-933332,933332,1.37092e+07
0,0,0,9.20951e+08,0,3.57106e+07,-933332,933332,1.37092e+07
0,0,0,9.20951e+08,0,3.57147e+07,-933332,933332,1.37092e+07
0,0,0,9.20951e+08,0,3.44476e+07,-933332,933332,1.37092e+07
0,0,0,9.20951e+08,0,3.44515e+07,-933332,933332,1.37092e+07
0,0,0,9.20951e+08,0,3.44554e+07,-933332,933332,1.37092e+07
0,0,0,9.20951e+08,0,3.44594e+07,-933332,933332,1.37092e+07
0,0,0,9.20951e+08,0,3.15182e+07,-933332,933332,1.37092e+07
0,0,0,9.20951e+08,0,3.15218e+07,-933332,933332,1.37092e+07
0,0,0,9.20951e+08,0,3.15254e+07,-933332,933332,1.37092e+07
0,0,0,9.20951e+08,0,3.1529e+07,-933332,933332,1.37092e+07
0,0,0,9.20951e+08,0,3.15326e+07,-933332,933332,1.37092e+07
0,0,0,9.20951e+08,0,3.2495e+07,-933332,933332,1.37092e+07
0,0,0,9.32845e+08,3.76183e+07,3.24985e+07,-933332,933332,1.37092e+07
0,0,0,9.32845e+08,0,3.2502e+07,-933332,933332,1.37092e+07
0,0,0,9.32845e+08,0,3.25054e+07,-933332,933332,1.37092e+07
0,0,0,9.32845e+08,0,3.58783e+07,-933332,933332,1.37092e+07
0,0,0,9.32845e+08,0,3.58821e+07,-933332,933332,1.37092e+07
0,0,0,9.32845e+08,0,3.58859e+07,-933332,933332,1.37092e+07
0,0,0,9.32845e+08,0,3.58898e+07,-933332,933332,1.37092e+07
0,0,0,9.32845e+08,0,3.1254e+07,-933332,933332,1.37092e+07
0,0,0,9.32845e+08,0,3.12573e+07,-933332,933332,1.37092e+07
0,0,0,9.32845e+08,0,2.80353e+07,-4.15867e+06,4.15867e+06,1.55036e+07
0,0,0,9.32845e+08,0,3.12639e+07,-933332,933332,1.37092e+07
0,0,0,9.32845e+08,0,3.0622e+07,-1.57854e+06,1.57854e+06,1.37092e+07
0,0,0,9.32845e+08,0,2.90693e+07,-4.28413e+06,4.28413e+06,1.55036e+07
0,0,0,9.32845e+08,0,3.24235e+07,-933332,933332,1.37092e+07
0,0,0,9.32845e+08,0,3.2427e+07,-933332,933332,1.37092e+07
0,0,0,9.32845e+08,0,3.24304e+07,-933332,933332,1.37092e+07
0,0,0,9.32845e+08,0,3.19859e+07,-933332,933332,1.37092e+07
0,0,0,9.32845e+08,0,3.19893e+07,-933332,933332,1.37092e+07
0,0,0,9.32845e+08,0,3.19927e+07,-933332,933332,1.37092e+07
0,0,0,9.32845e+08,0,3.19961e+07,-933332,933332,1.37092e+07
0,0,0,9.32845e+08,0,3.35594e+07,-933332,933332,1.37092e+07
0,0,0,9.32845e+08,0,3.3563e+07,-933332,933332,1.37092e+07
0,0,0,9.32845e+08,0,3.35666e+07,-933332,933332,1.37092e+07
0,0,0,9.32845e+08,0,3.35702e+07,-933332,933332,1.37092e+07
0,0,0,9.32845e+08,0,3.35737e+07,-933332,933332,1.37092e+07
0,0,0,9.32845e+08,0,3.39448e+07,-933332,933332,1.37092e+07
0,0,0,9.32845e+08,0,3.39484e+07,-933332,933332,1.37092e+07
0,0,0,9.32845e+08,0,3.39521e+07,-933332,933332,1.37092e+07
0,0,0,9.32845e+08,0,3.39557e+07,-933332,933332,1.37092e+07
0,0,0,9.32845e+08,0,3.47378e+07,-933332,933332,1.37092e+07
0,0,0,9.32845e+08,0,3.47416e+07,-933332,933332,1.37092e+07
0,0,0,9.32845e+08,0,3.47453e+07,-933332,933332,1.37092e+07
0,0,0,9.32845e+08,0,3.4749e+07,-933332,933332,1.37092e+07
0,0,0,9.32845e+08,0,3.73358e+07,-933332,933332,1.37092e+07
0,0,0,9.32845e+08,0,3.7097e+07,-777299,777299,1.37092e+07
0,0,0,9.32845e+08,0,3.70998e+07,-776550,776550,1.37092e+07
0,0,0,9.32845e+08,0,3.71026e+07,-775801,775801,1.37092e+07
0,0,0,9.32845e+08,0,3.71055e+07,-775051,775051,1.37092e+07
0,0,0,9.32845e+08,0,3.56571e+07,-774302,774302,1.37092e+07
0,0,0,9.32845e+08,0,3.59084e+07,-933332,933332,1.37092e+07
0,0,0,9.32845e+08,0,3.59122e+07,-933332,933332,1.37092e+07
0,0,0,9.32845e+08,0,3.5916e+07,-933332,933332,1.37092e+07
0,0,0,9.32845e+08,0,3.46412e+07,-933332,933332,1.37092e+07
0,0,0,9.32845e+08,0,3.46449e+07,-933332,933332,1.37092e+07
0,0,0,9.32845e+08,0,3.46485e+07,-933332,933332,1.37092e+07
0,0,0,9.32845e+08,0,3.46522e+07,-933332,933332,1.37092e+07
0,0,0,9.32845e+08,0,3.16936e+07,-933332,933332,1.37092e+07
0,0,0,9.32845e+08,0,3.1697e+07,-933332,933332,1.37092e+07
0,0,0,9.32845e+08,0,3.17004e+07,-933332,933332,1.37092e+07
0,0,0,9.32845e+08,0,3.17037e+07,-933332,933332,1.37092e+07
0,0,0,9.32845e+08,0,3.17071e+07,-933332,933332,1.37092e+07
0,0,0,9.32845e+08,0,3.26749e+07,-933332,933332,1.37092e+07
0,0,0,9.32845e+08,4.66467e+07,3.26781e+07,-933332,933332,1.37092e+07
0,0,0,9.32845e+08,0,3.26813e+07,-933332,933332,1.37092e+07
0,0,0,9.32845e+08,0,3.26846e+07,-933332,933332,1.37092e+07
0,0,0,9.32845e+08,0,3.60766e+07,-933332,933332,1.37092e+07
0,0,0,9.32845e+08,0,3.60802e+07,-933332,933332,1.37092e+07
0,0,0,9.32845e+08,0,3.60838e+07,-933332,933332,1.37092e+07
0,0,0,9.32845e+08,0,3.60873e+07,-933332,933332,1.37092e+07
0,0,0,9.32845e+08,0,3.14247e+07,-933332,933332,1.37092e+07
0,0,0,9.32845e+08,0,3.14278e+07,-933332,933332,1.37092e+07
0,0,0,9.32845e+08,0,3.14309e+07,-933332,933332,1.37092e+07
0,0,0,9.32845e+08,0,3.1434e+07,-933332,933332,1.37092e+07
0,0,0,9.32845e+08,0,3.14371e+07,-933332,933332,1.37092e+07
0,0,0,9.32845e+08,0,3.25963e+07,-933332,933332,1.37092e+07
0,0,0,9.32845e+08,0,3.25995e+07,-933332,933332,1.37092e+07
0,0,0,9.32845e+08,0,3.26027e+07,-933332,933332,1.37092e+07
0,0,0,9.32845e+08,0,3.26059e+07,-933332,933332,1.37092e+07
0,0,0,9.32845e+08,0,3.21586e+07,-933332,933332,1.37092e+07
0,0,0,9.32845e+08,0,3.21618e+07,-933332,933332,1.37092e+07
0,0,0,9.32845e+08,0,3.2165e+07,-933332,933332,1.37092e+07
0,0,0,9.32845e+08,0,3.21682e+07,-933332,933332,1.37092e+07
0,0,0,9.32845e+08,0,3.374e+07,-933332,933332,1.37092e+07
0,0,0,9.32845e+08,0,3.37434e+07,-933332,933332,1.37092e+07
0,0,0,9.32845e+08,0,3.37467e+07,-933332,933332,1.37092e+07
0,0,0,9.32845e+08,0,3.375e+07,-933332,933332,1.37092e+07
0,0,0,9.32845e+08,0,3.37534e+07,-933332,933332,1.37092e+07
0,0,0,9.32845e+08,0,3.41263e+07,-933332,933332,1.37092e+07
0,0,0,9.32845e+08,0,3.41297e+07,-933332,933332,1.37092e+07
0,0,0,9.32845e+08,0,3.4133e+07,-933332,933332,1.37092e+07
0,0,0,9.32845e+08,0,3.41364e+07,-933332,933332,1.37092e+07
0,0,0,9.32845e+08,0,3.49227e+07,-933332,933332,1.37092e+07
0,0,0,9.32845e+08,0,3.49261e+07,-933332,933332,1.37092e+07
0,0,0,9.32845e+08,0,3.49296e+07,-933332,933332,1.37092e+07
0,0,0,9.32845e+08,0,3.4933e+07,-933332,933332,1.37092e+07
0,0,0,9.32845e+08,0,3.75338e+07,-933332,933332,1.37092e+07
0,0,0,9.32845e+08,0,3.75376e+07,-933332,933332,1.37092e+07
0,0,0,9.32845e+08,0,3.75413e+07,-933332,933332,1.37092e+07
0,0,0,9.32845e+08,0,3.7545e+07,-933332,933332,1.37092e+07
0,0,0,9.32845e+08,0,3.75488e+07,-933332,933332,1.37092e+07
0,0,0,9.32845e+08,0,3.60933e+07,-933332,933332,1.37092e+07
0,0,0,9.32845e+08,0,3.60969e+07,-933332,933332,1.37092e+07
0,0,0,9.32845e+08,0,3.61005e+07,-933332,933332,1.37092e+07
0,0,0,9.32845e+08,0,3.61041e+07,-933332,933332,1.37092e+07
0,0,0,9.32845e+08,0,3.4822e+07,-933332,933332,1.37092e+07
0,0,0,9.32845e+08,0,3.48254e+07,-933332,933332,1.37092e+07
0,0,0,9.32845e+08,0,3.48289e+07,-933332,933332,1.37092e+07
0,0,0,9.32845e+08,0,3.48323e+07,-933332,933332,1.37092e+07
0,0,0,9.32845e+08,0,3.18574e+07,-933332,933332,1.37092e+07
0,0,0,9.32845e+08,0,3.18606e+07,-933332,933332,1.37092e+07
0,0,0,9.32845e+08,0,3.18637e+07,-933332,933332,1.37092e+07
0,0,0,9.32845e+08,0,3.18668e+07,-933332,933332,1.37092e+07
0,0,0,9.32845e+08,0,3.187e+07,-933332,933332,1.37092e+07
0,0,0,9.32845e+08,0,3.187e+07,-933332,933332,1.37092e+07
0,0,0,9.32845e+08,9.0284e+06,3.28428e+07,-933332,933332,1.37092e+07
0,0,0,9.32845e+08,0,3.28457e+07,-933332,933332,1.37092e+07
0,0,0,9.32845e+08,0,3.28487e+07,-933332,933332,1.37092e+07
0,0,0,9.32845e+08,0,3.28517e+07,-933332,933332,1.37092e+07
0,0,0,9.32845e+08,0,3.62617e+07,-933332,933332,1.37092e+07
0,0,0,9.32845e+08,0,3.6265e+07,-933332,933332,1.37092e+07
0,0,0,9.32845e+08,0,3.62683e+07,-933332,933332,1.37092e+07
0,0,0,9.32845e+08,0,3.62716e+07,-933332,933332,1.37092e+07
0,0,0,9.32845e+08,0,3.15839e+07,-933332,933332,1.37092e+07
0,0,0,9.32845e+08,0,3.15868e+07,-933332,933332,1.37092e+07
0,0,0,9.32845e+08,0,3.15897e+07,-933332,933332,1.37092e+07
0,0,0,9.32845e+08,0,3.15926e+07,-933332,933332,1.37092e+07
0,0,0,9.32845e+08,0,3.15954e+07,-933332,933332,1.37092e+07
0,0,0,9.32845e+08,0,3.2083e+07,-1.61086e+06,1.61086e+06,1.37092e+07
0,0,0,9.32845e+08,0,3.27635e+07,-933332,933332,1.37092e+07
0,0,0,9.32845e+08,0,3.27665e+07,-933332,933332,1.37092e+07
0,0,0,9.32845e+08,0,3.27695e+07,-933332,933332,1.37092e+07
0,0,0,9.32845e+08,0,3.23196e+07,-933332,933332,1.37092e+07
0,0,0,9.32845e+08,0,3.23226e+07,-933332,933332,1.37092e+07
0,0,0,9.32845e+08,0,3.23255e+07,-933332,933332,1.37092e+07
0,0,0,9.32845e+08,0,3.23284e+07,-933332,933332,1.37092e+07
0,0,0,9.32845e+08,0,3.39083e+07,-933332,933332,1.37092e+07
0,0,0,9.32845e+08,0,3.39114e+07,-933332,933332,1.37092e+07
0,0,0,9.32845e+08,0,3.39145e+07,-933332,933332,1.37092e+07
0,0,0,9.32845e+08,0,3.39176e+07,-933332,933332,1.37092e+07
0,0,0,9.32845e+08,0,3.39207e+07,-933332,933332,1.37092e+07
0,0,0,9.32845e+08,0,3.42952e+07,-933332,933332,1.37092e+07
0,0,0,9.32845e+08,0,3.42984e+07,-933332,933332,1.37092e+07
0,0,0,9.32845e+08,0,3.43015e+07,-933332,933332,1.37092e+07
0,0,0,9.32845e+08,0,3.43046e+07,-933332,933332,1.37092e+07
0,0,0,9.32845e+08,0,3.50947e+07,-933332,933332,1.37092e+07
0,0,0,9.32845e+08,0,3.50979e+07,-933332,933332,1.37092e+07
0,0,0,9.32845e+08,0,3.51011e+07,-933332,933332,1.37092e+07
0,0,0,9.32845e+08,0,3.51043e+07,-933332,933332,1.37092e+07
0,0,0,9.32845e+08,0,3.77181e+07,-933332,933332,1.37092e+07
0,0,0,9.32845e+08,0,3.77216e+07,-933332,933332,1.37092e+07
0,0,0,9.32845e+08,0,3.77251e+07,-933332,933332,1.37092e+07
0,0,0,9.32845e+08,0,3.77285e+07,-933332,933332,1.37092e+07
0,0,0,9.32845e+08,0,3.7732e+07,-933332,933332,1.37092e+07
0,0,0,9.32845e+08,0,3.62689e+07,-933332,933332,1.37092e+07
0,0,0,9.32845e+08,0,3.62722e+07,-933332,933332,1.37092e+07
0,0,0,9.32845e+08,0,3.62756e+07,-933332,933332,1.37092e+07
0,0,0,9.32845e+08,0,3.62789e+07,-933332,933332,1.37092e+07
0,0,0,9.32845e+08,0,3.49901e+07,-933332,933332,1.37092e+07
0,0,0,9.32845e+08,0,3.49933e+07,-933332,933332,1.37092e+07
0,0,0,9.32845e+08,0,3.49965e+07,-933332,933332,1.37092e+07
0,0,0,9.32845e+08,0,3.13698e+07,-4.56324e+06,4.56324e+06,1.55036e+07
0,0,0,9.32845e+08,0,2.87032e+07,-4.23972e+06,4.23972e+06,1.55036e+07
0,0,0,9.32845e+08,0,2.87058e+07,-4.24003e+06,4.24003e+06,1.55036e+07
0,0,0,9.32845e+08,0,2.87084e+07,-4.24035e+06,4.24035e+06,1.55036e+07
0,0,0,9.32845e+08,0,2.8711e+07,-4.24066e+06,4.24066e+06,1.55036e+07
0,0,0,9.32845e+08,0,2.87136e+07,-4.24098e+06,4.24098e+06,1.55036e+07
0,0,0,9.32845e+08,9.0284e+06,2.95852e+07,-4.34673e+06,4.34673e+06,1.55036e+07
0,0,0,9.32845e+08,0,2.95877e+07,-4.34703e+06,4.34703e+06,1.55036e+07
0,0,0,9.32845e+08,0,2.95902e+07,-4.34733e+06,4.34733e+06,1.55036e+07
0,0,0,9.32845e+08,0,3.23241e+07,-1.61619e+06,1.61619e+06,1.37092e+07
0,0,0,9.32845e+08,0,3.64335e+07,-933332,933332,1.37092e+07
0,0,0,9.32845e+08,0,3.64365e+07,-933332,933332,1.37092e+07
0,0,0,9.32845e+08,0,3.64396e+07,-933332,933332,1.37092e+07
0,0,0,9.32845e+08,0,3.64427e+07,-933332,933332,1.37092e+07
0,0,0,9.32845e+08,0,3.17317e+07,-933332,933332,1.37092e+07
0,0,0,9.32845e+08,0,3.17344e+07,-933332,933332,1.37092e+07
0,0,0,9.32845e+08,0,3.1737e+07,-933332,933332,1.37092e+07
0,0,0,9.32845e+08,0,3.17397e+07,-933332,933332,1.37092e+07
0,0,0,9.32845e+08,0,3.17423e+07,-933332,933332,1.37092e+07
0,0,0,9.32845e+08,0,2.95087e+07,-4.33744e+06,4.33744e+06,1.55036e+07
0,0,0,9.32845e+08,0,2.95112e+07,-4.33774e+06,4.33774e+06,1.55036e+07
0,0,0,9.32845e+08,0,3.29183e+07,-933332,933332,1.37092e+07
0,0,0,9.32845e+08,0,3.29211e+07,-933332,933332,1.37092e+07
0,0,0,9.32845e+08,0,3.24688e+07,-933332,933332,1.37092e+07
0,0,0,9.32845e+08,0,3.24715e+07,-933332,933332,1.37092e+07
0,0,0,9.32845e+08,0,3.24743e+07,-933332,933332,1.37092e+07
0,0,0,9.32845e+08,0,3.2477e+07,-933332,933332,1.37092e+07
0,0,0,9.32845e+08,0,3.40641e+07,-933332,933332,1.37092e+07
0,0,0,9.32845e+08,0,3.4067e+07,-933332,933332,1.37092e+07
0,0,0,9.32845e+08,0,3.40699e+07,-933332,933332,1.37092e+07
0,0,0,9.32845e+08,0,3.40727e+07,-933332,933332,1.37092e+07
0,0,0,9.32845e+08,0,3.40756e+07,-933332,933332,1.37092e+07
0,0,0,9.32845e+08,0,3.44517e+07,-933332,933332,1.37092e+07
0,0,0,9.32845e+08,0,3.44546e+07,-933332,933332,1.37092e+07
0,0,0,9.32845e+08,0,3.44575e+07,-933332,933332,1.37092e+07
0,0,0,9.32845e+08,0,3.44604e+07,-933332,933332,1.37092e+07
0,0,0,9.32845e+08,0,3.52539e+07,-933332,933332,1.37092e+07
0,0,0,9.32845e+08,0,3.52569e+07,-933332,933332,1.37092e+07
0,0,0,9.32845e+08,0,3.52598e+07,-933332,933332,1.37092e+07
0,0,0,9.32845e+08,0,3.52628e+07,-933332,933332,1.37092e+07
0,0,0,9.32845e+08,0,3.78887e+07,-933332,933332,1.37092e+07
0,0,0,9.32845e+08,0,3.78918e+07,-933332,933332,1.37092e+07
0,0,0,9.32845e+08,0,3.7895e+07,-933332,933332,1.37092e+07
0,0,0,9.32845e+08,0,3.78982e+07,-933332,933332,1.37092e+07
0,0,0,9.32845e+08,0,3.79014e+07,-933332,933332,1.37092e+07
0,0,0,9.32845e+08,0,3.64312e+07,-933332,933332,1.37092e+07
0,0,0,9.32845e+08,0,3.64343e+07,-933332,933332,1.37092e+07
0,0,0,9.32845e+08,0,3.64374e+07,-933332,933332,1.37092e+07
0,0,0,9.32845e+08,0,3.64404e+07,-933332,933332,1.37092e+07
0,0,0,9.32845e+08,0,3.51454e+07,-933332,933332,1.37092e+07
0,0,0,9.32845e+08,0,3.51484e+07,-933332,933332,1.37092e+07
0,0,0,9.32845e+08,0,3.51513e+07,-933332,933332,1.37092e+07
0,0,0,9.32845e+08,0,3.51543e+07,-933332,933332,1.37092e+07
0,0,0,9.32845e+08,0,3.21502e+07,-933332,933332,1.37092e+07
0,0,0,9.32845e+08,0,3.21529e+07,-933332,933332,1.37092e+07
0,0,0,9.32845e+08,0,3.21556e+07,-933332,933332,1.37092e+07
0,0,0,9.32845e+08,0,3.21583e+07,-933332,933332,1.37092e+07
0,0,0,9.32845e+08,0,3.2161e+07,-933332,933332,1.37092e+07
0,0,0,9.32845e+08,1.12855e+06,2.97136e+07,-4.3623e+06,4.3623e+06,1.55036e+07
0,0,0,9.32845e+08,0,2.97158e+07,-4.36257e+06,4.36257e+06,1.55036e+07
0,0,0,9.32845e+08,0,3.24617e+07,-1.61924e+06,1.61924e+06,1.37092e+07
0,0,0,9.32845e+08,0,3.24642e+07,-1.61929e+06,1.61929e+06,1.37092e+07
0,0,0,9.32845e+08,0,3.58315e+07,-1.69377e+06,1.69377e+06,1.37092e+07
0,0,0,9.32845e+08,0,3.65948e+07,-933332,933332,1.37092e+07
0,0,0,9.32845e+08,0,3.65976e+07,-933332,933332,1.37092e+07
0,0,0,9.32845e+08,0,3.66004e+07,-933332,933332,1.37092e+07
0,0,0,9.32845e+08,0,3.1868e+07,-933332,933332,1.37092e+07
0,0,0,9.32845e+08,0,3.18704e+07,-933332,933332,1.37092e+07
0,0,0,9.32845e+08,0,3.18729e+07,-933332,933332,1.37092e+07
0,0,0,9.32845e+08,0,3.18753e+07,-933332,933332,1.37092e+07
0,0,0,9.32845e+08,0,3.18777e+07,-933332,933332,1.37092e+07
0,0,0,9.32845e+08,0,3.30532e+07,-933332,933332,1.37092e+07
0,0,0,9.32845e+08,0,3.30557e+07,-933332,933332,1.37092e+07
0,0,0,9.32845e+08,0,3.30583e+07,-933332,933332,1.37092e+07
0,0,0,9.32845e+08,0,3.30608e+07,-933332,933332,1.37092e+07
0,0,0,9.32845e+08,0,3.26063e+07,-933332,933332,1.37092e+07
0,0,0,9.32845e+08,0,3.26088e+07,-933332,933332,1.37092e+07
0,0,0,9.32845e+08,0,3.26113e+07,-933332,933332,1.37092e+07
0,0,0,9.32845e+08,0,3.26138e+07,-933332,933332,1.37092e+07
0,0,0,9.32845e+08,0,3.42077e+07,-933332,933332,1.37092e+07
0,0,0,9.32845e+08,0,3.42103e+07,-933332,933332,1.37092e+07
0,0,0,9.32845e+08,0,3.42129e+07,-933332,933332,1.37092e+07
0,0,0,9.32845e+08,0,3.42156e+07,-933332,933332,1.37092e+07
0,0,0,9.32845e+08,0,3.42182e+07,-933332,933332,1.37092e+07
0,0,0,9.32845e+08,0,3.45957e+07,-933332,933332,1.37092e+07
0,0,0,9.32845e+08,0,3.45983e+07,-933332,933332,1.37092e+07
0,0,0,9.32845e+08,0,3.4601e+07,-933332,933332,1.37092e+07
0,0,0,9.32845e+08,0,3.46036e+07,-933332,933332,1.37092e+07
0,0,0,9.32845e+08,0,3.54004e+07,-933332,933332,1.37092e+07
0,0,0,9.32845e+08,0,3.54031e+07,-933332,933332,1.37092e+07
0,0,0,9.32845e+08,0,3.54058e+07,-933332,933332,1.37092e+07
0,0,0,9.32845e+08,0,3.54085e+07,-933332,933332,1.37092e+07
0,0,0,9.32845e+08,0,3.80454e+07,-933332,933332,1.37092e+07
0,0,0,9.32845e+08,0,3.80483e+07,-933332,933332,1.37092e+07
0,0,0,9.32845e+08,0,3.80513e+07,-933332,933332,1.37092e+07
0,0,0,9.32845e+08,0,3.80542e+07,-933332,933332,1.37092e+07
0,0,0,9.32845e+08,0,3.80571e+07,-933332,933332,1.37092e+07
0,0,0,9.32845e+08,0,3.65804e+07,-933332,933332,1.37092e+07
0,0,0,9.32845e+08,0,3.65832e+07,-933332,933332,1.37092e+07
0,0,0,9.32845e+08,0,3.6586e+07,-933332,933332,1.37092e+07
0,0,0,9.32845e+08,0,3.65888e+07,-933332,933332,1.37092e+07
0,0,0,9.32845e+08,0,3.5288e+07,-933332,933332,1.37092e+07
0,0,0,9.32845e+08,0,3.52907e+07,-933332,933332,1.37092e+07
0,0,0,9.32845e+08,0,3.52934e+07,-933332,933332,1.37092e+07
0,0,0,9.32845e+08,0,3.52962e+07,-933332,933332,1.37092e+07
0,0,0,9.32845e+08,0,3.22792e+07,-933332,933332,1.37092e+07
0,0,0,9.32845e+08,0,3.22817e+07,-933332,933332,1.37092e+07
0,0,0,9.32845e+08,0,3.22841e+07,-933332,933332,1.37092e+07
0,0,0,9.32845e+08,0,3.22866e+07,-933332,933332,1.37092e+07
0,0,0,9.32845e+08,0,3.22891e+07,-933332,933332,1.37092e+07
0,0,0,9.32845e+08,1.12855e+06,3.32745e+07,-933332,933332,1.37092e+07
0,0,0,9.32845e+08,0,3.32768e+07,-933332,933332,1.37092e+07
0,0,0,9.32845e+08,0,3.32792e+07,-933332,933332,1.37092e+07
0,0,0,9.32845e+08,0,3.32815e+07,-933332,933332,1.37092e+07
0,0,0,9.32845e+08,0,3.67373e+07,-933332,933332,1.37092e+07
0,0,0,9.32845e+08,0,3.67398e+07,-933332,933332,1.37092e+07
0,0,0,9.32845e+08,0,3.67424e+07,-933332,933332,1.37092e+07
0,0,0,9.32845e+08,0,3.6745e+07,-933332,933332,1.37092e+07
0,0,0,9.32845e+08,0,3.19928e+07,-933332,933332,1.37092e+07
0,0,0,9.32845e+08,0,3.19951e+07,-933332,933332,1.37092e+07
0,0,0,9.32845e+08,0,3.19973e+07,-933332,933332,1.37092e+07
0,0,0,9.32845e+08,0,3.19995e+07,-933332,933332,1.37092e+07
0,0,0,9.32845e+08,0,3.20017e+07,-933332,933332,1.37092e+07
0,0,0,9.32845e+08,0,3.31818e+07,-933332,933332,1.37092e+07
0,0,0,9.32845e+08,0,3.31841e+07,-933332,933332,1.37092e+07
0,0,0,9.32845e+08,0,3.31864e+07,-933332,933332,1.37092e+07
0,0,0,9.32845e+08,0,3.31887e+07,-933332,933332,1.37092e+07
0,0,0,9.32845e+08,0,3.27321e+07,-933332,933332,1.37092e+07
0,0,0,9.32845e+08,0,3.27343e+07,-933332,933332,1.37092e+07
0,0,0,9.32845e+08,0,3.27366e+07,-933332,933332,1.37092e+07
0,0,0,9.32845e+08,0,3.27389e+07,-933332,933332,1.37092e+07
0,0,0,9.32845e+08,0,3.4339e+07,-933332,933332,1.37092e+07
0,0,0,9.32845e+08,0,3.43414e+07,-933332,933332,1.37092e+07
0,0,0,9.32845e+08,0,3.43438e+07,-933332,933332,1.37092e+07
0,0,0,9.32845e+08,0,3.43461e+07,-933332,933332,1.37092e+07
0,0,0,9.32845e+08,0,3.43485e+07,-933332,933332,1.37092e+07
0,0,0,9.32845e+08,0,3.47273e+07,-933332,933332,1.37092e+07
0,0,0,9.32845e+08,0,3.47297e+07,-933332,933332,1.37092e+07
0,0,0,9.32845e+08,0,3.47321e+07,-933332,933332,1.37092e+07
0,0,0,9.32845e+08,0,3.47345e+07,-933332,933332,1.37092e+07
0,0,0,9.32845e+08,0,3.55342e+07,-933332,933332,1.37092e+07
0,0,0,9.32845e+08,0,3.55366e+07,-933332,933332,1.37092e+07
0,0,0,9.32845e+08,0,3.55391e+07,-933332,933332,1.37092e+07
0,0,0,9.32845e+08,0,3.55416e+07,-933332,933332,1.37092e+07
0,0,0,9.32845e+08,0,3.81885e+07,-933332,933332,1.37092e+07
0,0,0,9.32845e+08,0,3.81912e+07,-933332,933332,1.37092e+07
0,0,0,9.32845e+08,0,3.81939e+07,-933332,933332,1.37092e+07
0,0,0,9.32845e+08,0,3.81965e+07,-933332,933332,1.37092e+07
0,0,0,9.32845e+08,0,3.81992e+07,-933332,933332,1.37092e+07
0,0,0,9.32845e+08,0,3.67165e+07,-933332,933332,1.37092e+07
0,0,0,9.32845e+08,0,3.6719e+07,-933332,933332,1.37092e+07
0,0,0,9.32845e+08,0,3.67216e+07,-933332,933332,1.37092e+07
0,0,0,9.32845e+08,0,3.67242e+07,-933332,933332,1.37092e+07
0,0,0,9.32845e+08,0,3.54181e+07,-933332,933332,1.37092e+07
0,0,0,9.32845e+08,0,3.54206e+07,-933332,933332,1.37092e+07
0,0,0,9.32845e+08,0,3.5423e+07,-933332,933332,1.37092e+07
0,0,0,9.32845e+08,0,3.54255e+07,-933332,933332,1.37092e+07
0,0,0,9.32845e+08,0,3.23968e+07,-933332,933332,1.37092e+07
0,0,0,9.32845e+08,0,3.23991e+07,-933332,933332,1.37092e+07
0,0,0,9.32845e+08,0,3.24013e+07,-933332,933332,1.37092e+07
0,0,0,9.32845e+08,0,3.24036e+07,-933332,933332,1.37092e+07
0,0,0,9.32845e+08,0,3.24058e+07,-933332,933332,1.37092e+07
0,0,0,9.32845e+08,0,3.33947e+07,-933332,933332,1.37092e+07
0,0,0,9.32845e+08,1.12855e+06,3.33968e+07,-933332,933332,1.37092e+07
0,0,0,9.32845e+08,0,3.33989e+07,-933332,933332,1.37092e+07
0,0,0,9.32845e+08,0,2.99441e+07,-4.39027e+06,4.39027e+06,1.55036e+07
0,0,0,9.32845e+08,0,3.30373e+07,-4.76556e+06,4.76556e+06,1.55036e+07
0,0,0,9.32845e+08,0,3.68718e+07,-933332,933332,1.37092e+07
0,0,0,9.32845e+08,0,3.61076e+07,-1.69988e+06,1.69988e+06,1.37092e+07
0,0,0,9.32845e+08,0,3.30435e+07,-4.76632e+06,4.76632e+06,1.55036e+07
0,0,0,9.32845e+08,0,2.87896e+07,-4.25019e+06,4.25019e+06,1.55036e+07
0,0,0,9.32845e+08,0,2.87913e+07,-4.2504e+06,4.2504e+06,1.55036e+07
0,0,0,9.32845e+08,0,2.87931e+07,-4.25062e+06,4.25062e+06,1.55036e+07
0,0,0,9.32845e+08,0,2.87949e+07,-4.25084e+06,4.25084e+06,1.55036e+07
0,0,0,9.32845e+08,0,3.21144e+07,-933332,933332,1.37092e+07
0,0,0,9.32845e+08,0,3.32986e+07,-933332,933332,1.37092e+07
0,0,0,9.32845e+08,0,3.26114e+07,-1.62255e+06,1.62255e+06,1.37092e+07
0,0,0,9.32845e+08,0,3.33027e+07,-933332,933332,1.37092e+07
0,0,0,9.32845e+08,0,3.33048e+07,-933332,933332,1.37092e+07
0,0,0,9.32845e+08,0,3.28463e+07,-933332,933332,1.37092e+07
0,0,0,9.32845e+08,0,3.28484e+07,-933332,933332,1.37092e+07
0,0,0,9.32845e+08,0,3.28504e+07,-933332,933332,1.37092e+07
0,0,0,9.32845e+08,0,3.28525e+07,-933332,933332,1.37092e+07
0,0,0,9.32845e+08,0,3.44581e+07,-933332,933332,1.37092e+07
0,0,0,9.32845e+08,0,3.44603e+07,-933332,933332,1.37092e+07
0,0,0,9.32845e+08,0,3.44624e+07,-933332,933332,1.37092e+07
0,0,0,9.32845e+08,0,3.44646e+07,-933332,933332,1.37092e+07
0,0,0,9.32845e+08,0,3.44667e+07,-933332,933332,1.37092e+07
0,0,0,9.32845e+08,0,3.48466e+07,-933332,933332,1.37092e+07
0,0,0,9.32845e+08,0,3.48488e+07,-933332,933332,1.37092e+07
0,0,0,9.32845e+08,0,3.4851e+07,-933332,933332,1.37092e+07
0,0,0,9.32845e+08,0,3.48531e+07,-933332,933332,1.37092e+07
0,0,0,9.32845e+08,0,3.56554e+07,-933332,933332,1.37092e+07
0,0,0,9.32845e+08,0,3.56576e+07,-933332,933332,1.37092e+07
0,0,0,9.32845e+08,0,3.56598e+07,-933332,933332,1.37092e+07
0,0,0,9.32845e+08,0,3.56621e+07,-933332,933332,1.37092e+07
0,0,0,9.32845e+08,0,3.83181e+07,-933332,933332,1.37092e+07
0,0,0,9.32845e+08,0,3.83205e+07,-933332,933332,1.37092e+07
0,0,0,9.32845e+08,0,3.83229e+07,-933332,933332,1.37092e+07
0,0,0,9.32845e+08,0,3.83253e+07,-933332,933332,1.37092e+07
0,0,0,9.32845e+08,0,3.83277e+07,-933332,933332,1.37092e+07
0,0,0,9.32845e+08,0,3.68396e+07,-933332,933332,1.37092e+07
0,0,0,9.32845e+08,0,3.68419e+07,-933332,933332,1.37092e+07
0,0,0,9.32845e+08,0,3.60783e+07,-1.69923e+06,1.69923e+06,1.37092e+07
0,0,0,9.32845e+08,0,3.60805e+07,-1.69928e+06,1.69928e+06,1.37092e+07
0,0,0,9.32845e+08,0,3.18477e+07,-4.62124e+06,4.62124e+06,1.55036e+07
0,0,0,9.32845e+08,0,3.18497e+07,-4.62148e+06,4.62148e+06,1.55036e+07
0,0,0,9.32845e+08,0,3.18517e+07,-4.62172e+06,4.62172e+06,1.55036e+07
0,0,0,9.32845e+08,0,3.18537e+07,-4.62196e+06,4.62196e+06,1.55036e+07
0,0,0,9.32845e+08,0,2.91432e+07,-4.2931e+06,4.2931e+06,1.55036e+07
0,0,0,9.32845e+08,0,2.9145e+07,-4.29332e+06,4.29332e+06,1.55036e+07
0,0,0,9.32845e+08,0,2.91468e+07,-4.29354e+06,4.29354e+06,1.55036e+07
0,0,0,9.32845e+08,0,2.91486e+07,-4.29376e+06,4.29376e+06,1.55036e+07
0,0,0,9.32845e+08,0,2.91504e+07,-4.29398e+06,4.29398e+06,1.55036e+07
0,0,0,9.32845e+08,0,3.00352e+07,-4.40132e+06,4.40132e+06,1.55036e+07
0,0,0,9.32845e+08,0,3.00368e+07,-4.40152e+06,4.40152e+06,1.55036e+07
0,0,0,9.32845e+08,0,3.00385e+07,-4.40172e+06,4.40172e+06,1.55036e+07
0,0,0,9.32845e+08,0,3.00401e+07,-4.40192e+06,4.40192e+06,1.55036e+07
0,0,0,9.32845e+08,0,3.31436e+07,-4.77846e+06,4.77846e+06,1.55036e+07
0,0,0,9.32845e+08,0,3.31454e+07,-4.77868e+06,4.77868e+06,1.55036e+07
0,0,0,9.32845e+08,0,3.31472e+07,-4.77891e+06,4.77891e+06,1.55036e+07
0,0,0,9.32845e+08,0,3.31491e+07,-4.77913e+06,4.77913e+06,1.55036e+07
0,0,0,9.32845e+08,0,2.88807e+07,-4.26125e+06,4.26125e+06,1.55036e+07
0,0,0,9.32845e+08,0,2.88823e+07,-4.26144e+06,4.26144e+06,1.55036e+07
0,0,0,9.32845e+08,0,2.88839e+07,-4.26164e+06,4.26164e+06,1.55036e+07
0,0,0,9.32845e+08,0,2.88855e+07,-4.26183e+06,4.26183e+06,1.55036e+07
0,0,0,9.32845e+08,0,2.88871e+07,-4.26202e+06,4.26202e+06,1.55036e+07
0,0,0,9.32845e+08,0,2.99464e+07,-4.39055e+06,4.39055e+06,1.55036e+07
0,0,0,9.32845e+08,0,2.99481e+07,-4.39075e+06,4.39075e+06,1.55036e+07
0,0,0,9.32845e+08,0,2.99497e+07,-4.39095e+06,4.39095e+06,1.55036e+07
0,0,0,9.32845e+08,0,2.99514e+07,-4.39115e+06,4.39115e+06,1.55036e+07
0,0,0,9.32845e+08,0,2.95409e+07,-4.34135e+06,4.34135e+06,1.55036e+07
0,0,0,9.32845e+08,0,2.95426e+07,-4.34155e+06,4.34155e+06,1.55036e+07
0,0,0,9.32845e+08,0,2.95442e+07,-4.34175e+06,4.34175e+06,1.55036e+07
0,0,0,9.32845e+08,0,2.95458e+07,-4.34194e+06,4.34194e+06,1.55036e+07
0,0,0,9.32845e+08,0,3.09822e+07,-4.51622e+06,4.51622e+06,1.55036e+07
0,0,0,9.32845e+08,0,3.09839e+07,-4.51642e+06,4.51642e+06,1.55036e+07
0,0,0,9.32845e+08,0,3.38522e+07,-1.64999e+06,1.64999e+06,1.37092e+07
0,0,0,9.32845e+08,0,3.45708e+07,-933332,933332,1.37092e+07
0,0,0,9.32845e+08,0,3.45727e+07,-933332,933332,1.37092e+07
0,0,0,9.32845e+08,0,3.42286e+07,-1.65832e+06,1.65832e+06,1.37092e+07
0,0,0,9.32845e+08,0,3.49555e+07,-933332,933332,1.37092e+07
0,0,0,9.32845e+08,0,3.49574e+07,-933332,933332,1.37092e+07
0,0,0,9.32845e+08,0,3.49594e+07,-933332,933332,1.37092e+07
0,0,0,9.32845e+08,0,3.57639e+07,-933332,933332,1.37092e+07
0,0,0,9.32845e+08,0,3.57659e+07,-933332,933332,1.37092e+07
0,0,0,9.32845e+08,0,3.57679e+07,-933332,933332,1.37092e+07
0,0,0,9.32845e+08,0,3.57699e+07,-933332,933332,1.37092e+07
0,0,0,9.32845e+08,0,3.8434e+07,-933332,933332,1.37092e+07
0,0,0,9.32845e+08,0,3.84361e+07,-933332,933332,1.37092e+07
0,0,0,9.32845e+08,0,3.84383e+07,-933332,933332,1.37092e+07
0,0,0,9.32845e+08,0,3.84404e+07,-933332,933332,1.37092e+07
0,0,0,9.32845e+08,0,3.84426e+07,-933332,933332,1.37092e+07
0,0,0,9.32845e+08,0,3.69495e+07,-933332,933332,1.37092e+07
0,0,0,9.32845e+08,0,3.69516e+07,-933332,933332,1.37092e+07
0,0,0,9.32845e+08,0,3.31123e+07,-4.77467e+06,4.77467e+06,1.55036e+07
0,0,0,9.32845e+08,0,3.61874e+07,-1.70164e+06,1.70164e+06,1.37092e+07
0,0,0,9.32845e+08,0,3.19413e+07,-4.63259e+06,4.63259e+06,1.55036e+07
0,0,0,9.32845e+08,0,3.19431e+07,-4.6328e+06,4.6328e+06,1.55036e+07
0,0,0,9.32845e+08,0,3.19448e+07,-4.63302e+06,4.63302e+06,1.55036e+07
0,0,0,9.32845e+08,0,3.19466e+07,-4.63323e+06,4.63323e+06,1.55036e+07
0,0,0,9.32845e+08,0,2.92276e+07,-4.30334e+06,4.30334e+06,1.55036e+07
0,0,0,9.32845e+08,0,2.92292e+07,-4.30354e+06,4.30354e+06,1.55036e+07
0,0,0,9.32845e+08,0,2.92308e+07,-4.30373e+06,4.30373e+06,1.55036e+07
0,0,0,9.32845e+08,0,2.92325e+07,-4.30393e+06,4.30393e+06,1.55036e+07
0,0,0,9.32845e+08,0,2.92341e+07,-4.30412e+06,4.30412e+06,1.55036e+07
0,0,0,9.32845e+08,0,2.92341e+07,-4.30412e+06,4.30412e+06,1.55036e+07
0,0,0,9.32845e+08,0,3.01213e+07,-4.41176e+06,4.41176e+06,1.55036e+07
0,0,0,9.32845e+08,0,3.01227e+07,-4.41194e+06,4.41194e+06,1.55036e+07
0,0,0,9.32845e+08,0,3.01242e+07,-4.41212e+06,4.41212e+06,1.55036e+07
0,0,0,9.32845e+08,0,3.36046e+07,-933332,933332,1.37092e+07
0,0,0,9.32845e+08,0,3.70947e+07,-933332,933332,1.37092e+07
0,0,0,9.32845e+08,0,3.70965e+07,-933332,933332,1.37092e+07
0,0,0,9.32845e+08,0,3.70983e+07,-933332,933332,1.37092e+07
0,0,0,9.32845e+08,0,3.71001e+07,-933332,933332,1.37092e+07
0,0,0,9.32845e+08,0,3.22995e+07,-933332,933332,1.37092e+07
0,0,0,9.32845e+08,0,3.2301e+07,-933332,933332,1.37092e+07
0,0,0,9.32845e+08,0,3.23026e+07,-933332,933332,1.37092e+07
0,0,0,9.32845e+08,0,3.23042e+07,-933332,933332,1.37092e+07
0,0,0,9.32845e+08,0,3.23057e+07,-933332,933332,1.37092e+07
0,0,0,9.32845e+08,0,3.34968e+07,-933332,933332,1.37092e+07
0,0,0,9.32845e+08,0,3.34984e+07,-933332,933332,1.37092e+07
0,0,0,9.32845e+08,0,3.35001e+07,-933332,933332,1.37092e+07
0,0,0,9.32845e+08,0,3.35017e+07,-933332,933332,1.37092e+07
0,0,0,9.32845e+08,0,3.30399e+07,-933332,933332,1.37092e+07
0,0,0,9.32845e+08,0,3.30415e+07,-933332,933332,1.37092e+07
0,0,0,9.32845e+08,0,3.30431e+07,-933332,933332,1.37092e+07
0,0,0,9.32845e+08,0,3.30447e+07,-933332,933332,1.37092e+07
0,0,0,9.32845e+08,0,3.46597e+07,-933332,933332,1.37092e+07
0,0,0,9.32845e+08,0,3.46614e+07,-933332,933332,1.37092e+07
0,0,0,9.32845e+08,0,3.46631e+07,-933332,933332,1.37092e+07
0,0,0,9.32845e+08,0,3.46647e+07,-933332,933332,1.37092e+07
0,0,0,9.32845e+08,0,3.46664e+07,-933332,933332,1.37092e+07
0,0,0,9.32845e+08,0,3.50481e+07,-933332,933332,1.37092e+07
0,0,0,9.32845e+08,0,3.50498e+07,-933332,933332,1.37092e+07
0,0,0,9.32845e+08,0,3.50515e+07,-933332,933332,1.37092e+07
0,0,0,9.32845e+08,0,3.50532e+07,-933332,933332,1.37092e+07
0,0,0,9.32845e+08,0,3.58597e+07,-933332,933332,1.37092e+07
0,0,0,9.32845e+08,0,3.58615e+07,-933332,933332,1.37092e+07
0,0,0,9.32845e+08,0,3.58632e+07,-933332,933332,1.37092e+07
0,0,0,9.32845e+08,0,3.5865e+07,-933332,933332,1.37092e+07
0,0,0,9.32845e+08,0,3.85362e+07,-933332,933332,1.37092e+07
0,0,0,9.32845e+08,0,3.85381e+07,-933332,933332,1.37092e+07
0,0,0,9.32845e+08,0,3.854e+07,-933332,933332,1.37092e+07
0,0,0,9.32845e+08,0,3.85418e+07,-933332,933332,1.37092e+07
0,0,0,9.32845e+08,0,3.85437e+07,-933332,933332,1.37092e+07
0,0,0,9.32845e+08,0,3.70463e+07,-933332,933332,1.37092e+07
0,0,0,9.32845e+08,0,3.70481e+07,-933332,933332,1.37092e+07
0,0,0,9.32845e+08,0,3.70499e+07,-933332,933332,1.37092e+07
0,0,0,9.32845e+08,0,3.70517e+07,-933332,933332,1.37092e+07
0,0,0,9.32845e+08,0,3.57328e+07,-933332,933332,1.37092e+07
0,0,0,9.32845e+08,0,3.57345e+07,-933332,933332,1.37092e+07
0,0,0,9.32845e+08,0,3.57363e+07,-933332,933332,1.37092e+07
0,0,0,9.32845e+08,0,3.5738e+07,-933332,933332,1.37092e+07
0,0,0,9.32845e+08,0,3.26808e+07,-933332,933332,1.37092e+07
0,0,0,9.32845e+08,0,3.26823e+07,-933332,933332,1.37092e+07
0,0,0,9.32845e+08,0,3.26839e+07,-933332,933332,1.37092e+07
0,0,0,9.32845e+08,0,2.9306e+07,-4.31285e+06,4.31285e+06,1.55036e+07
0,0,0,9.32845e+08,0,2.93074e+07,-4.31302e+06,4.31302e+06,1.55036e+07
0,0,0,9.32845e+08,0,3.01967e+07,-4.42092e+06,4.42092e+06,1.55036e+07
0,0,0,9.32845e+08,0,3.0198e+07,-4.42107e+06,4.42107e+06,1.55036e+07
0,0,0,9.32845e+08,0,3.01992e+07,-4.42122e+06,4.42122e+06,1.55036e+07
0,0,0,9.32845e+08,0,3.02005e+07,-4.42138e+06,4.42138e+06,1.55036e+07
0,0,0,9.32845e+08,0,3.33208e+07,-4.79997e+06,4.79997e+06,1.55036e+07
0,0,0,9.32845e+08,0,3.33222e+07,-4.80014e+06,4.80014e+06,1.55036e+07
0,0,0,9.32845e+08,0,3.33236e+07,-4.80031e+06,4.80031e+06,1.55036e+07
0,0,0,9.32845e+08,0,3.3325e+07,-4.80047e+06,4.80047e+06,1.55036e+07
0,0,0,9.32845e+08,0,2.90326e+07,-4.27967e+06,4.27967e+06,1.55036e+07
0,0,0,9.32845e+08,0,2.90338e+07,-4.27982e+06,4.27982e+06,1.55036e+07
0,0,0,9.32845e+08,0,2.9035e+07,-4.27997e+06,4.27997e+06,1.55036e+07
0,0,0,9.32845e+08,0,2.90362e+07,-4.28011e+06,4.28011e+06,1.55036e+07
0,0,0,9.32845e+08,0,2.90374e+07,-4.28026e+06,4.28026e+06,1.55036e+07
0,0,0,9.32845e+08,0,3.01021e+07,-4.40944e+06,4.40944e+06,1.55036e+07
0,0,0,9.32845e+08,0,3.01033e+07,-4.40959e+06,4.40959e+06,1.55036e+07
0,0,0,9.32845e+08,0,3.01046e+07,-4.40974e+06,4.40974e+06,1.55036e+07
0,0,0,9.32845e+08,0,3.01058e+07,-4.40989e+06,4.40989e+06,1.55036e+07
0,0,0,9.32845e+08,0,2.96928e+07,-4.35977e+06,4.35977e+06,1.55036e+07
0,0,0,9.32845e+08,0,2.9694e+07,-4.35992e+06,4.35992e+06,1.55036e+07
0,0,0,9.32845e+08,0,2.96952e+07,-4.36007e+06,4.36007e+06,1.55036e+07
0,0,0,9.32845e+08,0,2.96964e+07,-4.36022e+06,4.36022e+06,1.55036e+07
0,0,0,9.32845e+08,0,3.40217e+07,-1.65374e+06,1.65374e+06,1.37092e+07
0,0,0,9.32845e+08,0,3.11414e+07,-4.53553e+06,4.53553e+06,1.55036e+07
0,0,0,9.32845e+08,0,3.11427e+07,-4.53569e+06,4.53569e+06,1.55036e+07
0,0,0,9.32845e+08,0,3.11439e+07,-4.53585e+06,4.53585e+06,1.55036e+07
0,0,0,9.32845e+08,0,3.47479e+07,-933332,933332,1.37092e+07
0,0,0,9.32845e+08,0,3.14862e+07,-4.57738e+06,4.57738e+06,1.55036e+07
0,0,0,9.32845e+08,0,3.44029e+07,-1.66217e+06,1.66217e+06,1.37092e+07
0,0,0,9.32845e+08,0,3.51332e+07,-933332,933332,1.37092e+07
0,0,0,9.32845e+08,0,3.14902e+07,-4.57785e+06,4.57785e+06,1.55036e+07
0,0,0,9.32845e+08,0,3.59429e+07,-933332,933332,1.37092e+07
0,0,0,9.32845e+08,0,3.59444e+07,-933332,933332,1.37092e+07
0,0,0,9.32845e+08,0,3.22136e+07,-4.66563e+06,4.66563e+06,1.55036e+07
0,0,0,9.32845e+08,0,3.59474e+07,-933332,933332,1.37092e+07
0,0,0,9.32845e+08,0,3.46026e+07,-4.95549e+06,4.95549e+06,1.55036e+07
0,0,0,9.32845e+08,0,3.86264e+07,-933332,933332,1.37092e+07
0,0,0,9.32845e+08,0,3.8628e+07,-933332,933332,1.37092e+07
0,0,0,9.32845e+08,0,3.4607e+07,-4.95602e+06,4.95602e+06,1.55036e+07
0,0,0,9.32845e+08,0,3.78267e+07,-1.7379e+06,1.7379e+06,1.37092e+07
0,0,0,9.32845e+08,0,3.32697e+07,-4.79376e+06,4.79376e+06,1.55036e+07
0,0,0,9.32845e+08,0,3.3271e+07,-4.79393e+06,4.79393e+06,1.55036e+07
0,0,0,9.32845e+08,0,3.32724e+07,-4.7941e+06,4.7941e+06,1.55036e+07
0,0,0,9.32845e+08,0,3.32738e+07,-4.79426e+06,4.79426e+06,1.55036e+07
0,0,0,9.32845e+08,0,3.20946e+07,-4.65119e+06,4.65119e+06,1.55036e+07
0,0,0,9.32845e+08,0,3.2096e+07,-4.65135e+06,4.65135e+06,1.55036e+07
0,0,0,9.32845e+08,0,3.20973e+07,-4.65152e+06,4.65152e+06,1.55036e+07
0,0,0,9.32845e+08,0,3.20986e+07,-4.65168e+06,4.65168e+06,1.55036e+07
0,0,0,9.32845e+08,0,2.93657e+07,-4.32009e+06,4.32009e+06,1.55036e+07
0,0,0,9.32845e+08,0,2.93669e+07,-4.32024e+06,4.32024e+06,1.55036e+07
0,0,0,9.32845e+08,0,2.93681e+07,-4.32039e+06,4.32039e+06,1.55036e+07
0,0,0,9.32845e+08,0,2.93693e+07,-4.32053e+06,4.32053e+06,1.55036e+07
0,0,0,9.32845e+08,0,2.93706e+07,-4.32068e+06,4.32068e+06,1.55036e+07
0,0,0,9.32845e+08,0,3.02617e+07,-4.4288e+06,4.4288e+06,1.55036e+07
0,0,0,9.32845e+08,0,3.02627e+07,-4.42893e+06,4.42893e+06,1.55036e+07
0,0,0,9.32845e+08,0,3.02638e+07,-4.42906e+06,4.42906e+06,1.55036e+07
0,0,0,9.32845e+08,0,3.02648e+07,-4.42919e+06,4.42919e+06,1.55036e+07
0,0,0,9.32845e+08,0,3.3392e+07,-4.8086e+06,4.8086e+06,1.55036e+07
0,0,0,9.32845e+08,0,3.33931e+07,-4.80874e+06,4.80874e+06,1.55036e+07
0,0,0,9.32845e+08,0,3.33943e+07,-4.80888e+06,4.80888e+06,1.55036e+07
0,0,0,9.32845e+08,0,3.33954e+07,-4.80902e+06,4.80902e+06,1.55036e+07
0,0,0,9.32845e+08,0,2.90933e+07,-4.28705e+06,4.28705e+06,1.55036e+07
0,0,0,9.32845e+08,0,2.90943e+07,-4.28717e+06,4.28717e+06,1.55036e+07
0,0,0,9.32845e+08,0,2.90954e+07,-4.28729e+06,4.28729e+06,1.55036e+07
0,0,0,9.32845e+08,0,2.90964e+07,-4.28741e+06,4.28741e+06,1.55036e+07
0,0,0,9.32845e+08,0,2.90974e+07,-4.28754e+06,4.28754e+06,1.55036e+07
0,0,0,9.32845e+08,0,3.01642e+07,-4.41697e+06,4.41697e+06,1.55036e+07
0,0,0,9.32845e+08,0,3.01652e+07,-4.4171e+06,4.4171e+06,1.55036e+07
0,0,0,9.32845e+08,0,3.01663e+07,-4.41723e+06,4.41723e+06,1.55036e+07
0,0,0,9.32845e+08,0,3.01673e+07,-4.41735e+06,4.41735e+06,1.55036e+07
0,0,0,9.32845e+08,0,2.97532e+07,-4.3671e+06,4.3671e+06,1.55036e+07
0,0,0,9.32845e+08,0,2.97542e+07,-4.36723e+06,4.36723e+06,1.55036e+07
0,0,0,9.32845e+08,0,2.97552e+07,-4.36735e+06,4.36735e+06,1.55036e+07
0,0,0,9.32845e+08,0,2.97563e+07,-4.36748e+06,4.36748e+06,1.55036e+07
0,0,0,9.32845e+08,0,3.12027e+07,-4.54298e+06,4.54298e+06,1.55036e+07
0,0,0,9.32845e+08,0,3.12038e+07,-4.54311e+06,4.54311e+06,1.55036e+07
0,0,0,9.32845e+08,0,3.12049e+07,-4.54324e+06,4.54324e+06,1.55036e+07
0,0,0,9.32845e+08,0,3.1206e+07,-4.54337e+06,4.54337e+06,1.55036e+07
0,0,0,9.32845e+08,0,3.12071e+07,-4.54351e+06,4.54351e+06,1.55036e+07
0,0,0,9.32845e+08,0,3.15486e+07,-4.58494e+06,4.58494e+06,1.55036e+07
0,0,0,9.32845e+08,0,3.15497e+07,-4.58507e+06,4.58507e+06,1.55036e+07
0,0,0,9.32845e+08,0,3.15508e+07,-4.58521e+06,4.58521e+06,1.55036e+07
0,0,0,9.32845e+08,0,3.15519e+07,-4.58534e+06,4.58534e+06,1.55036e+07
0,0,0,9.32845e+08,0,3.22739e+07,-4.67294e+06,4.67294e+06,1.55036e+07
0,0,0,9.32845e+08,0,3.2275e+07,-4.67308e+06,4.67308e+06,1.55036e+07
0,0,0,9.32845e+08,0,3.22761e+07,-4.67322e+06,4.67322e+06,1.55036e+07
0,0,0,9.32845e+08,0,3.22773e+07,-4.67335e+06,4.67335e+06,1.55036e+07
0,0,0,9.32845e+08,0,3.46695e+07,-4.96361e+06,4.96361e+06,1.55036e+07
0,0,0,9.32845e+08,0,3.46708e+07,-4.96375e+06,4.96375e+06,1.55036e+07
0,0,0,9.32845e+08,0,3.4672e+07,-4.9639e+06,4.9639e+06,1.55036e+07
0,0,0,9.32845e+08,0,3.46732e+07,-4.96405e+06,4.96405e+06,1.55036e+07
0,0,0,9.32845e+08,0,3.46744e+07,-4.9642e+06,4.9642e+06,1.55036e+07
0,0,0,9.32845e+08,0,3.33327e+07,-4.80141e+06,4.80141e+06,1.55036e+07
0,0,0,9.32845e+08,0,3.33339e+07,-4.80155e+06,4.80155e+06,1.55036e+07
0,0,0,9.32845e+08,0,3.33351e+07,-4.80169e+06,4.80169e+06,1.55036e+07
0,0,0,9.32845e+08,0,3.33362e+07,-4.80184e+06,4.80184e+06,1.55036e+07
0,0,0,9.32845e+08,0,3.21545e+07,-4.65846e+06,4.65846e+06,1.55036e+07
0,0,0,9.32845e+08,0,3.21556e+07,-4.65859e+06,4.65859e+06,1.55036e+07
0,0,0,9.32845e+08,0,3.21567e+07,-4.65873e+06,4.65873e+06,1.55036e+07
0,0,0,9.32845e+08,0,3.21579e+07,-4.65886e+06,4.65886e+06,1.55036e+07
0,0,0,9.32845e+08,0,2.94194e+07,-4.32661e+06,4.32661e+06,1.55036e+07
0,0,0,9.32845e+08,0,2.94205e+07,-4.32674e+06,4.32674e+06,1.55036e+07
0,0,0,9.32845e+08,0,2.94215e+07,-4.32686e+06,4.32686e+06,1.55036e+07
0,0,0,9.32845e+08,0,2.94225e+07,-4.32698e+06,4.32698e+06,1.55036e+07
0,0,0,9.32845e+08,0,2.94235e+07,-4.32711e+06,4.32711e+06,1.55036e+07
0,0,0,9.32845e+08,0,3.03161e+07,-4.43541e+06,4.43541e+06,1.55036e+07
0,0,0,9.32845e+08,0,3.0317e+07,-4.43551e+06,4.43551e+06,1.55036e+07
0,0,0,9.32845e+08,0,3.03178e+07,-4.43561e+06,4.43561e+06,1.55036e+07
0,0,0,9.32845e+08,0,3.03187e+07,-4.43572e+06,4.43572e+06,1.55036e+07
0,0,0,9.32845e+08,0,3.73339e+07,-933332,933332,1.37092e+07
0,0,0,9.32845e+08,0,3.73349e+07,-933332,933332,1.37092e+07
0,0,0,9.32845e+08,0,3.7336e+07,-933332,933332,1.37092e+07
0,0,0,9.32845e+08,0,3.7337e+07,-933332,933332,1.37092e+07
0,0,0,9.32845e+08,0,3.25039e+07,-933332,933332,1.37092e+07
0,0,0,9.32845e+08,0,3.25048e+07,-933332,933332,1.37092e+07
0,0,0,9.32845e+08,0,3.25057e+07,-933332,933332,1.37092e+07
0,0,0,9.32845e+08,0,3.25066e+07,-933332,933332,1.37092e+07
0,0,0,9.32845e+08,0,3.25075e+07,-933332,933332,1.37092e+07
0,0,0,9.32845e+08,0,3.37057e+07,-933332,933332,1.37092e+07
0,0,0,9.32845e+08,0,3.37066e+07,-933332,933332,1.37092e+07
0,0,0,9.32845e+08,0,3.37076e+07,-933332,933332,1.37092e+07
0,0,0,9.32845e+08,0,3.37085e+07,-933332,933332,1.37092e+07
0,0,0,9.32845e+08,0,3.3243e+07,-933332,933332,1.37092e+07
0,0,0,9.32845e+08,0,3.3244e+07,-933332,933332,1.37092e+07
0,0,0,9.32845e+08,0,3.32449e+07,-933332,933332,1.37092e+07
0,0,0,9.32845e+08,0,3.32458e+07,-933332,933332,1.37092e+07
0,0,0,9.32845e+08,0,3.48704e+07,-933332,933332,1.37092e+07
0,0,0,9.32845e+08,0,3.48714e+07,-933332,933332,1.37092e+07
0,0,0,9.32845e+08,0,3.48723e+07,-933332,933332,1.37092e+07
0,0,0,9.32845e+08,0,3.48733e+07,-933332,933332,1.37092e+07
0,0,0,9.32845e+08,0,3.48743e+07,-933332,933332,1.37092e+07
0,0,0,9.32845e+08,0,3.52576e+07,-933332,933332,1.37092e+07
0,0,0,9.32845e+08,0,3.52586e+07,-933332,933332,1.37092e+07
0,0,0,9.32845e+08,0,3.52596e+07,-933332,933332,1.37092e+07
0,0,0,9.32845e+08,0,3.52606e+07,-933332,933332,1.37092e+07
0,0,0,9.32845e+08,0,3.60714e+07,-933332,933332,1.37092e+07
0,0,0,9.32845e+08,0,3.60724e+07,-933332,933332,1.37092e+07
0,0,0,9.32845e+08,0,3.60734e+07,-933332,933332,1.37092e+07
0,0,0,9.32845e+08,0,3.60744e+07,-933332,933332,1.37092e+07
0,0,0,9.32845e+08,0,3.87611e+07,-933332,933332,1.37092e+07
0,0,0,9.32845e+08,0,3.87622e+07,-933332,933332,1.37092e+07
0,0,0,9.32845e+08,0,3.87633e+07,-933332,933332,1.37092e+07
0,0,0,9.32845e+08,0,3.87644e+07,-933332,933332,1.37092e+07
0,0,0,9.32845e+08,0,3.87655e+07,-933332,933332,1.37092e+07
0,0,0,9.32845e+08,0,3.72584e+07,-933332,933332,1.37092e+07
0,0,0,9.32845e+08,0,3.72594e+07,-933332,933332,1.37092e+07
0,0,0,9.32845e+08,0,3.72605e+07,-933332,933332,1.37092e+07
0,0,0,9.32845e+08,0,3.72615e+07,-933332,933332,1.37092e+07
0,0,0,9.32845e+08,0,3.59341e+07,-933332,933332,1.37092e+07
0,0,0,9.32845e+08,0,3.59351e+07,-933332,933332,1.37092e+07
0,0,0,9.32845e+08,0,3.59361e+07,-933332,933332,1.37092e+07
0,0,0,9.32845e+08,0,3.59371e+07,-933332,933332,1.37092e+07
0,0,0,9.32845e+08,0,3.28614e+07,-933332,933332,1.37092e+07
0,0,0,9.32845e+08,0,3.28623e+07,-933332,933332,1.37092e+07
0,0,0,9.32845e+08,0,3.28632e+07,-933332,933332,1.37092e+07
0,0,0,9.32845e+08,0,3.28642e+07,-933332,933332,1.37092e+07
0,0,0,9.32845e+08,0,3.28651e+07,-933332,933332,1.37092e+07
0,0,0,9.32845e+08,0,3.38673e+07,-933332,933332,1.37092e+07
0,0,0,9.32845e+08,0,3.3868e+07,-933332,933332,1.37092e+07
0,0,0,9.32845e+08,0,3.38687e+07,-933332,933332,1.37092e+07
0,0,0,9.32845e+08,0,3.38694e+07,-933332,933332,1.37092e+07
0,0,0,9.32845e+08,0,3.73873e+07,-933332,933332,1.37092e+07
0,0,0,9.32845e+08,0,3.73881e+07,-933332,933332,1.37092e+07
0,0,0,9.32845e+08,0,3.73888e+07,-933332,933332,1.37092e+07
0,0,0,9.32845e+08,0,3.73896e+07,-933332,933332,1.37092e+07
0,0,0,9.32845e+08,0,3.25492e+07,-933332,933332,1.37092e+07
0,0,0,9.32845e+08,0,3.25498e+07,-933332,933332,1.37092e+07
0,0,0,9.32845e+08,0,3.25505e+07,-933332,933332,1.37092e+07
0,0,0,9.32845e+08,0,3.25512e+07,-933332,933332,1.37092e+07
0,0,0,9.32845e+08,0,3.25519e+07,-933332,933332,1.37092e+07
0,0,0,9.32845e+08,0,3.37516e+07,-933332,933332,1.37092e+07
0,0,0,9.32845e+08,0,3.37523e+07,-933332,933332,1.37092e+07
0,0,0,9.32845e+08,0,3.3753e+07,-933332,933332,1.37092e+07
0,0,0,9.32845e+08,0,3.37537e+07,-933332,933332,1.37092e+07
0,0,0,9.32845e+08,0,3.32874e+07,-933332,933332,1.37092e+07
0,0,0,9.32845e+08,0,3.32881e+07,-933332,933332,1.37092e+07
0,0,0,9.32845e+08,0,3.32888e+07,-933332,933332,1.37092e+07
0,0,0,9.32845e+08,0,3.32895e+07,-933332,933332,1.37092e+07
0,0,0,9.32845e+08,0,3.4916e+07,-933332,933332,1.37092e+07
0,0,0,9.32845e+08,0,3.49168e+07,-933332,933332,1.37092e+07
0,0,0,9.32845e+08,0,3.49175e+07,-933332,933332,1.37092e+07
0,0,0,9.32845e+08,0,3.49182e+07,-933332,933332,1.37092e+07
0,0,0,9.32845e+08,0,3.34669e+07,0,0,1.37092e+07
0,0,0,9.32845e+08,0,3.53026e+07,-933332,933332,1.37092e+07
0,0,0,9.32845e+08,0,3.53033e+07,-933332,933332,1.37092e+07
0,0,0,9.32845e+08,0,3.53041e+07,-933332,933332,1.37092e+07
0,0,0,9.32845e+08,0,3.38527e+07,0,0,1.37092e+07
0,0,0,9.32845e+08,0,3.46643e+07,0,0,1.37092e+07
0,0,0,9.32845e+08,0,3.46651e+07,0,0,1.37092e+07
0,0,0,9.32845e+08,0,3.46658e+07,0,0,1.37092e+07
0,0,0,9.32845e+08,0,3.46666e+07,0,0,1.37092e+07
0,0,0,9.32845e+08,0,3.73565e+07,0,0,1.37092e+07
0,0,0,9.32845e+08,0,3.73573e+07,0,0,1.37092e+07
0,0,0,9.32845e+08,0,3.73581e+07,0,0,1.37092e+07
0,0,0,9.32845e+08,0,3.7359e+07,0,0,1.37092e+07
0,0,0,9.32845e+08,0,3.73598e+07,0,0,1.37092e+07
0,0,0,9.32845e+08,0,3.58505e+07,0,0,1.37092e+07
0,0,0,9.32845e+08,0,3.58513e+07,0,0,1.37092e+07
0,0,0,9.32845e+08,0,3.58521e+07,0,0,1.37092e+07
0,0,0,9.32845e+08,0,3.58529e+07,0,0,1.37092e+07
0,0,0,9.32845e+08,0,3.45236e+07,0,0,1.37092e+07
0,0,0,9.32845e+08,0,3.45244e+07,0,0,1.37092e+07
0,0,0,9.32845e+08,0,3.45251e+07,0,0,1.37092e+07
0,0,0,9.32845e+08,0,3.45259e+07,0,0,1.37092e+07
0,0,0,9.32845e+08,0,3.14463e+07,0,0,1.37092e+07
0,0,0,9.32845e+08,0,3.1447e+07,0,0,1.37092e+07
0,0,0,9.32845e+08,0,3.14477e+07,0,0,1.37092e+07
0,0,0,9.32845e+08,0,3.14484e+07,0,0,1.37092e+07
0,0,0,9.32845e+08,0,3.14491e+07,0,0,1.37092e+07
0,0,0,9.32845e+08,0,3.24522e+07,0,0,1.37092e+07
0,0,0,9.32845e+08,0,3.24527e+07,0,0,1.37092e+07
0,0,0,9.32845e+08,0,3.24532e+07,0,0,1.37092e+07
0,0,0,9.32845e+08,0,3.24537e+07,0,0,1.37092e+07
0,0,0,9.32845e+08,0,3.59752e+07,0,0,1.37092e+07
0,0,0,9.32845e+08,0,3.59757e+07,0,0,1.37092e+07
0,0,0,9.32845e+08,0,3.59763e+07,0,0,1.37092e+07
0,0,0,9.32845e+08,0,3.59768e+07,0,0,1.37092e+07
0,0,0,9.32845e+08,0,3.11308e+07,0,0,1.37092e+07
0,0,0,9.32845e+08,0,3.11313e+07,0,0,1.37092e+07
0,0,0,9.32845e+08,0,3.11318e+07,0,0,1.37092e+07
0,0,0,9.32845e+08,0,3.11322e+07,0,0,1.37092e+07
0,0,0,9.32845e+08,0,3.11327e+07,0,0,1.37092e+07
0,0,0,9.32845e+08,0,3.37855e+07,-933332,933332,1.37092e+07
0,0,0,9.32845e+08,0,3.3786e+07,-933332,933332,1.37092e+07
0,0,0,9.32845e+08,0,3.37865e+07,-933332,933332,1.37092e+07
0,0,0,9.32845e+08,0,3.37869e+07,-933332,933332,1.37092e+07
0,0,0,9.32845e+08,0,3.33199e+07,-933332,933332,1.37092e+07
0,0,0,9.32845e+08,0,3.33204e+07,-933332,933332,1.37092e+07
0,0,0,9.32845e+08,0,3.33209e+07,-933332,933332,1.37092e+07
0,0,0,9.32845e+08,0,3.33213e+07,-933332,933332,1.37092e+07
0,0,0,9.32845e+08,0,3.49493e+07,-933332,933332,1.37092e+07
0,0,0,9.32845e+08,0,3.49498e+07,-933332,933332,1.37092e+07
0,0,0,9.32845e+08,0,3.49503e+07,-933332,933332,1.37092e+07
0,0,0,9.32845e+08,0,3.49508e+07,-933332,933332,1.37092e+07
0,0,0,9.32845e+08,0,3.49513e+07,-933332,933332,1.37092e+07
0,0,0,9.32845e+08,0,3.5335e+07,-933332,933332,1.37092e+07
0,0,0,9.32845e+08,0,3.53355e+07,-933332,933332,1.37092e+07
0,0,0,9.32845e+08,0,3.5336e+07,-933332,933332,1.37092e+07
0,0,0,9.32845e+08,0,3.53366e+07,-933332,933332,1.37092e+07
0,0,0,9.32845e+08,0,3.61486e+07,-933332,933332,1.37092e+07
0,0,0,9.32845e+08,0,3.61491e+07,-933332,933332,1.37092e+07
0,0,0,9.32845e+08,0,3.61497e+07,-933332,933332,1.37092e+07
0,0,0,9.32845e+08,0,3.61502e+07,-933332,933332,1.37092e+07
0,0,0,9.32845e+08,0,3.88422e+07,-933332,933332,1.37092e+07
0,0,0,9.32845e+08,0,3.88428e+07,-933332,933332,1.37092e+07
0,0,0,9.32845e+08,0,3.88434e+07,-933332,933332,1.37092e+07
0,0,0,9.32845e+08,0,3.88439e+07,-933332,933332,1.37092e+07
0,0,0,9.32845e+08,0,3.73924e+07,0,0,1.37092e+07
0,0,0,9.32845e+08,0,3.73337e+07,-933332,933332,1.37092e+07
0,0,0,9.32845e+08,0,3.58821e+07,0,0,1.37092e+07
0,0,0,9.32845e+08,0,3.58826e+07,0,0,1.37092e+07
0,0,0,9.32845e+08,0,3.58832e+07,0,0,1.37092e+07
0,0,0,9.32845e+08,0,3.45525e+07,0,0,1.37092e+07
0,0,0,9.32845e+08,0,3.4553e+07,0,0,1.37092e+07
0,0,0,9.32845e+08,0,3.45535e+07,0,0,1.37092e+07
0,0,0,9.32845e+08,0,3.45541e+07,0,0,1.37092e+07
0,0,0,9.32845e+08,0,3.14718e+07,0,0,1.37092e+07
0,0,0,9.32845e+08,0,3.14722e+07,0,0,1.37092e+07
0,0,0,9.32845e+08,0,3.14727e+07,0,0,1.37092e+07
0,0,0,9.32845e+08,0,3.14732e+07,0,0,1.37092e+07
0,0,0,9.32845e+08,0,3.14737e+07,0,0,1.37092e+07
0,0,0,9.32845e+08,0,3.14737e+07,0,0,1.37092e+07
0,0,0,9.32845e+08,0,3.24774e+07,0,0,1.37092e+07
0,0,0,9.32845e+08,0,3.24776e+07,0,0,1.37092e+07
0,0,0,9.32845e+08,0,3.24779e+07,0,0,1.37092e+07
0,0,0,9.32845e+08,0,3.24781e+07,0,0,1.37092e+07
0,0,0,9.32845e+08,0,3.6002e+07,0,0,1.37092e+07
0,0,0,9.32845e+08,0,3.74544e+07,-933332,933332,1.37092e+07
0,0,0,9.32845e+08,0,3.74547e+07,-933332,933332,1.37092e+07
0,0,0,9.32845e+08,0,3.7455e+07,-933332,933332,1.37092e+07
0,0,0,9.32845e+08,0,3.26053e+07,-933332,933332,1.37092e+07
0,0,0,9.32845e+08,0,3.26055e+07,-933332,933332,1.37092e+07
0,0,0,9.32845e+08,0,3.26058e+07,-933332,933332,1.37092e+07
0,0,0,9.32845e+08,0,3.2606e+07,-933332,933332,1.37092e+07
0,0,0,9.32845e+08,0,3.26063e+07,-933332,933332,1.37092e+07
0,0,0,9.32845e+08,0,3.38076e+07,-933332,933332,1.37092e+07
0,0,0,9.32845e+08,0,3.38078e+07,-933332,933332,1.37092e+07
0,0,0,9.32845e+08,0,3.38081e+07,-933332,933332,1.37092e+07
0,0,0,9.32845e+08,0,3.38083e+07,-933332,933332,1.37092e+07
0,0,0,9.32845e+08,0,3.33408e+07,-933332,933332,1.37092e+07
0,0,0,9.32845e+08,0,3.3341e+07,-933332,933332,1.37092e+07
0,0,0,9.32845e+08,0,3.33413e+07,-933332,933332,1.37092e+07
0,0,0,9.32845e+08,0,3.33415e+07,-933332,933332,1.37092e+07
0,0,0,9.32845e+08,0,3.49703e+07,-933332,933332,1.37092e+07
0,0,0,9.32845e+08,0,3.49705e+07,-933332,933332,1.37092e+07
0,0,0,9.32845e+08,0,3.49708e+07,-933332,933332,1.37092e+07
0,0,0,9.32845e+08,0,3.49711e+07,-933332,933332,1.37092e+07
0,0,0,9.32845e+08,0,3.49714e+07,-933332,933332,1.37092e+07
0,0,0,9.32845e+08,0,3.53551e+07,-933332,933332,1.37092e+07
0,0,0,9.32845e+08,0,3.53554e+07,-933332,933332,1.37092e+07
0,0,0,9.32845e+08,0,3.53556e+07,-933332,933332,1.37092e+07
0,0,0,9.32845e+08,0,3.53559e+07,-933332,933332,1.37092e+07
0,0,0,9.32845e+08,0,3.61682e+07,-933332,933332,1.37092e+07
0,0,0,9.32845e+08,0,3.61685e+07,-933332,933332,1.37092e+07
0,0,0,9.32845e+08,0,3.61688e+07,-933332,933332,1.37092e+07
0,0,0,9.32845e+08,0,3.6169e+07,-933332,933332,1.37092e+07
0,0,0,9.32845e+08,0,3.88623e+07,-933332,933332,1.37092e+07
0,0,0,9.32845e+08,0,3.88626e+07,-933332,933332,1.37092e+07
0,0,0,9.32845e+08,0,3.88629e+07,-933332,933332,1.37092e+07
0,0,0,9.32845e+08,0,3.88632e+07,-933332,933332,1.37092e+07
0,0,0,9.32845e+08,0,3.88635e+07,-933332,933332,1.37092e+07
0,0,0,9.32845e+08,0,3.73516e+07,-933332,933332,1.37092e+07
0,0,0,9.32845e+08,0,3.73519e+07,-933332,933332,1.37092e+07
0,0,0,9.32845e+08,0,3.73522e+07,-933332,933332,1.37092e+07
0,0,0,9.32845e+08,0,3.73525e+07,-933332,933332,1.37092e+07
0,0,0,9.32845e+08,0,3.60209e+07,-933332,933332,1.37092e+07
0,0,0,9.32845e+08,0,3.60212e+07,-933332,933332,1.37092e+07
0,0,0,9.32845e+08,0,3.60215e+07,-933332,933332,1.37092e+07
0,0,0,9.32845e+08,0,3.60218e+07,-933332,933332,1.37092e+07
0,0,0,9.32845e+08,0,3.29379e+07,-933332,933332,1.37092e+07
0,0,0,9.32845e+08,0,3.29381e+07,-933332,933332,1.37092e+07
0,0,0,9.32845e+08,0,3.29384e+07,-933332,933332,1.37092e+07
0,0,0,9.32845e+08,0,3.29386e+07,-933332,933332,1.37092e+07
0,0,0,9.32845e+08,0,3.29389e+07,-933332,933332,1.37092e+07
0,0,0,9.32845e+08,0,3.39428e+07,-933332,933332,1.37092e+07
0,0,0,9.32845e+08,0,3.39428e+07,-933332,933332,1.37092e+07
0,0,0,9.32845e+08,0,3.39429e+07,-933332,933332,1.37092e+07
0,0,0,9.32845e+08,0,3.39429e+07,-933332,933332,1.37092e+07
0,0,0,9.32845e+08,0,3.74679e+07,-933332,933332,1.37092e+07
0,0,0,9.32845e+08,0,3.74679e+07,-933332,933332,1.37092e+07
0,0,0,9.32845e+08,0,3.7468e+07,-933332,933332,1.37092e+07
0,0,0,9.32845e+08,0,3.7468e+07,-933332,933332,1.37092e+07
0,0,0,9.32845e+08,0,3.26163e+07,-933332,933332,1.37092e+07
0,0,0,9.32845e+08,0,3.26164e+07,-933332,933332,1.37092e+07
0,0,0,9.32845e+08,0,3.26164e+07,-933332,933332,1.37092e+07
0,0,0,9.32845e+08,0,3.26164e+07,-933332,933332,1.37092e+07
0,0,0,9.32845e+08,0,3.26165e+07,-933332,933332,1.37092e+07
0,0,0,9.32845e+08,0,3.38179e+07,-933332,933332,1.37092e+07
0,0,0,9.32845e+08,0,3.3818e+07,-933332,933332,1.37092e+07
0,0,0,9.32845e+08,0,3.3818e+07,-933332,933332,1.37092e+07
0,0,0,9.32845e+08,0,3.3818e+07,-933332,933332,1.37092e+07
0,0,0,9.32845e+08,0,3.33501e+07,-933332,933332,1.37092e+07
0,0,0,9.32845e+08,0,3.33501e+07,-933332,933332,1.37092e+07
0,0,0,9.32845e+08,0,3.33502e+07,-933332,933332,1.37092e+07
0,0,0,9.32845e+08,0,3.33502e+07,-933332,933332,1.37092e+07
0,0,0,9.32845e+08,0,3.49791e+07,-933332,933332,1.37092e+07
0,0,0,9.32845e+08,0,3.49792e+07,-933332,933332,1.37092e+07
0,0,0,9.32845e+08,0,3.49792e+07,-933332,933332,1.37092e+07
0,0,0,9.32845e+08,0,3.49793e+07,-933332,933332,1.37092e+07
0,0,0,9.32845e+08,0,3.49793e+07,-933332,933332,1.37092e+07
0,0,0,9.32845e+08,0,3.53629e+07,-933332,933332,1.37092e+07
0,0,0,9.32845e+08,0,3.53629e+07,-933332,933332,1.37092e+07
0,0,0,9.32845e+08,0,3.5363e+07,-933332,933332,1.37092e+07
0,0,0,9.32845e+08,0,3.5363e+07,-933332,933332,1.37092e+07
0,0,0,9.32845e+08,0,3.61752e+07,-933332,933332,1.37092e+07
0,0,0,9.32845e+08,0,3.61752e+07,-933332,933332,1.37092e+07
0,0,0,9.32845e+08,0,3.61753e+07,-933332,933332,1.37092e+07
0,0,0,9.32845e+08,0,3.61753e+07,-933332,933332,1.37092e+07
0,0,0,9.32845e+08,0,3.88688e+07,-933332,933332,1.37092e+07
0,0,0,9.32845e+08,0,3.88689e+07,-933332,933332,1.37092e+07
0,0,0,9.32845e+08,0,3.88689e+07,-933332,933332,1.37092e+07
0,0,0,9.32845e+08,0,3.88689e+07,-933332,933332,1.37092e+07
0,0,0,9.32845e+08,0,3.8869e+07,-933332,933332,1.37092e+07
0,0,0,9.32845e+08,0,3.73567e+07,-933332,933332,1.37092e+07
0,0,0,9.32845e+08,0,3.73567e+07,-933332,933332,1.37092e+07
0,0,0,9.32845e+08,0,3.73567e+07,-933332,933332,1.37092e+07
0,0,0,9.32845e+08,0,3.73568e+07,-933332,933332,1.37092e+07
0,0,0,9.32845e+08,0,3.60248e+07,-933332,933332,1.37092e+07
0,0,0,9.32845e+08,0,3.60249e+07,-933332,933332,1.37092e+07
0,0,0,9.32845e+08,0,3.60249e+07,-933332,933332,1.37092e+07
0,0,0,9.32845e+08,0,3.60249e+07,-933332,933332,1.37092e+07
0,0,0,9.32845e+08,0,3.29405e+07,-933332,933332,1.37092e+07
0,0,0,9.32845e+08,0,3.29406e+07,-933332,933332,1.37092e+07
0,0,0,9.32845e+08,0,3.29406e+07,-933332,933332,1.37092e+07
0,0,0,9.32845e+08,0,3.29406e+07,-933332,933332,1.37092e+07
0,0,0,9.32845e+08,0,3.29407e+07,-933332,933332,1.37092e+07
0,0,0,9.32845e+08,0,3.39444e+07,-933332,933332,1.37092e+07
0,0,0,9.32845e+08,0,3.39442e+07,-933332,933332,1.37092e+07
0,0,0,9.32845e+08,0,3.3944e+07,-933332,933332,1.37092e+07
0,0,0,9.32845e+08,0,3.39438e+07,-933332,933332,1.37092e+07
0,0,0,9.32845e+08,0,3.74687e+07,-933332,933332,1.37092e+07
0,0,0,9.32845e+08,0,3.74685e+07,-933332,933332,1.37092e+07
0,0,0,9.32845e+08,0,3.74683e+07,-933332,933332,1.37092e+07
0,0,0,9.32845e+08,0,3.74681e+07,-933332,933332,1.37092e+07
0,0,0,9.32845e+08,0,3.26161e+07,-933332,933332,1.37092e+07
0,0,0,9.32845e+08,0,3.26159e+07,-933332,933332,1.37092e+07
0,0,0,9.32845e+08,0,3.26158e+07,-933332,933332,1.37092e+07
0,0,0,9.32845e+08,0,3.26156e+07,-933332,933332,1.37092e+07
0,0,0,9.32845e+08,0,3.26154e+07,-933332,933332,1.37092e+07
0,0,0,9.32845e+08,0,3.38166e+07,-933332,933332,1.37092e+07
0,0,0,9.32845e+08,0,3.38164e+07,-933332,933332,1.37092e+07
0,0,0,9.32845e+08,0,3.38162e+07,-933332,933332,1.37092e+07
0,0,0,9.32845e+08,0,3.3816e+07,-933332,933332,1.37092e+07
0,0,0,9.32845e+08,0,3.33479e+07,-933332,933332,1.37092e+07
0,0,0,9.32845e+08,0,3.33477e+07,-933332,933332,1.37092e+07
0,0,0,9.32845e+08,0,3.33475e+07,-933332,933332,1.37092e+07
0,0,0,9.32845e+08,0,3.33473e+07,-933332,933332,1.37092e+07
0,0,0,9.32845e+08,0,3.49759e+07,-933332,933332,1.37092e+07
0,0,0,9.32845e+08,0,3.49757e+07,-933332,933332,1.37092e+07
0,0,0,9.32845e+08,0,3.49755e+07,-933332,933332,1.37092e+07
0,0,0,9.32845e+08,0,3.49753e+07,-933332,933332,1.37092e+07
0,0,0,9.32845e+08,0,3.49751e+07,-933332,933332,1.37092e+07
0,0,0,9.32845e+08,0,3.53584e+07,-933332,933332,1.37092e+07
0,0,0,9.32845e+08,0,3.53582e+07,-933332,933332,1.37092e+07
0,0,0,9.32845e+08,0,3.5358e+07,-933332,933332,1.37092e+07
0,0,0,9.32845e+08,0,3.53578e+07,-933332,933332,1.37092e+07
0,0,0,9.32845e+08,0,3.61697e+07,-933332,933332,1.37092e+07
0,0,0,9.32845e+08,0,3.61695e+07,-933332,933332,1.37092e+07
0,0,0,9.32845e+08,0,3.61693e+07,-933332,933332,1.37092e+07
0,0,0,9.32845e+08,0,3.61691e+07,-933332,933332,1.37092e+07
0,0,0,9.32845e+08,0,3.88618e+07,-933332,933332,1.37092e+07
0,0,0,9.32845e+08,0,3.88616e+07,-933332,933332,1.37092e+07
0,0,0,9.32845e+08,0,3.88614e+07,-933332,933332,1.37092e+07
0,0,0,9.32845e+08,0,3.88612e+07,-933332,933332,1.37092e+07
0,0,0,9.32845e+08,0,3.88609e+07,-933332,933332,1.37092e+07
0,0,0,9.32845e+08,0,3.73487e+07,-933332,933332,1.37092e+07
0,0,0,9.32845e+08,0,3.73485e+07,-933332,933332,1.37092e+07
0,0,0,9.32845e+08,0,3.73483e+07,-933332,933332,1.37092e+07
0,0,0,9.32845e+08,0,3.73481e+07,-933332,933332,1.37092e+07
0,0,0,9.32845e+08,0,3.60162e+07,-933332,933332,1.37092e+07
0,0,0,9.32845e+08,0,3.6016e+07,-933332,933332,1.37092e+07
0,0,0,9.32845e+08,0,3.60158e+07,-933332,933332,1.37092e+07
0,0,0,9.32845e+08,0,3.60156e+07,-933332,933332,1.37092e+07
0,0,0,9.32845e+08,0,3.29318e+07,-933332,933332,1.37092e+07
0,0,0,9.32845e+08,0,3.29316e+07,-933332,933332,1.37092e+07
0,0,0,9.32845e+08,0,3.29314e+07,-933332,933332,1.37092e+07
0,0,0,9.32845e+08,0,3.29313e+07,-933332,933332,1.37092e+07
0,0,0,9.32845e+08,0,3.29311e+07,-933332,933332,1.37092e+07
0,0,0,9.32845e+08,0,3.39343e+07,-933332,933332,1.37092e+07
0,0,0,9.32845e+08,0,3.39338e+07,-933332,933332,1.37092e+07
0,0,0,9.32845e+08,0,3.39334e+07,-933332,933332,1.37092e+07
0,0,0,9.32845e+08,0,3.3933e+07,-933332,933332,1.37092e+07
0,0,0,9.32845e+08,0,3.74565e+07,-933332,933332,1.37092e+07
0,0,0,9.32845e+08,0,3.7456e+07,-933332,933332,1.37092e+07
0,0,0,9.32845e+08,0,3.74556e+07,-933332,933332,1.37092e+07
0,0,0,9.32845e+08,0,3.74551e+07,-933332,933332,1.37092e+07
0,0,0,9.32845e+08,0,3.26047e+07,-933332,933332,1.37092e+07
0,0,0,9.32845e+08,0,3.26043e+07,-933332,933332,1.37092e+07
0,0,0,9.32845e+08,0,3.26039e+07,-933332,933332,1.37092e+07
0,0,0,9.32845e+08,0,3.26035e+07,-933332,933332,1.37092e+07
0,0,0,9.32845e+08,0,3.26031e+07,-933332,933332,1.37092e+07
0,0,0,9.32845e+08,0,3.38036e+07,-933332,933332,1.37092e+07
0,0,0,9.32845e+08,0,3.38032e+07,-933332,933332,1.37092e+07
0,0,0,9.32845e+08,0,3.38028e+07,-933332,933332,1.37092e+07
0,0,0,9.32845e+08,0,3.38024e+07,-933332,933332,1.37092e+07
0,0,0,9.32845e+08,0,3.33342e+07,-933332,933332,1.37092e+07
0,0,0,9.32845e+08,0,3.33338e+07,-933332,933332,1.37092e+07
0,0,0,9.32845e+08,0,3.33334e+07,-933332,933332,1.37092e+07
0,0,0,9.32845e+08,0,3.3333e+07,-933332,933332,1.37092e+07
0,0,0,9.32845e+08,0,3.49606e+07,-933332,933332,1.37092e+07
0,0,0,9.32845e+08,0,3.49602e+07,-933332,933332,1.37092e+07
0,0,0,9.32845e+08,0,3.49598e+07,-933332,933332,1.37092e+07
0,0,0,9.32845e+08,0,3.49593e+07,-933332,933332,1.37092e+07
0,0,0,9.32845e+08,0,3.49589e+07,-933332,933332,1.37092e+07
0,0,0,9.32845e+08,0,3.53418e+07,-933332,933332,1.37092e+07
0,0,0,9.32845e+08,0,3.53414e+07,-933332,933332,1.37092e+07
0,0,0,9.32845e+08,0,3.53409e+07,-933332,933332,1.37092e+07
0,0,0,9.32845e+08,0,3.53405e+07,-933332,933332,1.37092e+07
0,0,0,9.32845e+08,0,3.61517e+07,-933332,933332,1.37092e+07
0,0,0,9.32845e+08,0,3.61513e+07,-933332,933332,1.37092e+07
0,0,0,9.32845e+08,0,3.61508e+07,-933332,933332,1.37092e+07
0,0,0,9.32845e+08,0,3.61504e+07,-933332,933332,1.37092e+07
0,0,0,9.32845e+08,0,3.88414e+07,-933332,933332,1.37092e+07
0,0,0,9.32845e+08,0,3.88409e+07,-933332,933332,1.37092e+07
0,0,0,9.32845e+08,0,3.88405e+07,-933332,933332,1.37092e+07
0,0,0,9.32845e+08,0,3.884e+07,-933332,933332,1.37092e+07
0,0,0,9.32845e+08,0,3.88395e+07,-933332,933332,1.37092e+07
0,0,0,9.32845e+08,0,3.73279e+07,-933332,933332,1.37092e+07
0,0,0,9.32845e+08,0,3.73274e+07,-933332,933332,1.37092e+07
0,0,0,9.32845e+08,0,3.34452e+07,-4.81506e+06,4.81506e+06,1.55036e+07
0,0,0,9.32845e+08,0,3.34448e+07,-4.81501e+06,4.81501e+06,1.55036e+07
0,0,0,9.32845e+08,0,3.22576e+07,-4.67096e+06,4.67096e+06,1.55036e+07
0,0,0,9.32845e+08,0,3.22572e+07,-4.67092e+06,4.67092e+06,1.55036e+07
0,0,0,9.32845e+08,0,3.22568e+07,-4.67087e+06,4.67087e+06,1.55036e+07
