0rest_m,1rest_m,0transf,1transf
1.000000,1.000000,0.6048,-0.6048
1.000000,1.000000,0.234118,-0.234118
1.000000,1.000000,0.233767,-0.233767
1.000000,1.000000,0.233415,-0.233415
1.000000,1.000000,0.233064,-0.233064
1.000000,1.000000,0.100823,-0.100823
1.000000,1.000000,0.10043,-0.10043
1.000000,1.000000,0.100038,-0.100038
1.000000,1.000000,0.0996447,-0.0996447
1.000000,1.000000,0.276471,-0.276471
1.000000,1.000000,0.276133,-0.276133
1.000000,1.000000,0.275795,-0.275795
1.000000,1.000000,0.275457,-0.275457
1.000000,1.000000,0.275119,-0.275119
1.000000,1.000000,0.231359,-0.231359
1.000000,1.000000,0.231007,-0.231007
1.000000,1.000000,0.230655,-0.230655
1.000000,1.000000,0.230303,-0.230303
1.000000,1.000000,0.246837,-0.246837
1.000000,1.000000,0.246491,-0.246491
1.000000,1.000000,0.246144,-0.246144
1.000000,1.000000,0.245797,-0.245797
1.000000,1.000000,0.185493,-0.185493
1.000000,1.000000,0.185127,-0.185127
1.000000,1.000000,0.184761,-0.184761
1.000000,1.000000,0.184395,-0.184395
1.000000,1.000000,0.184028,-0.184028
1.000000,1.000000,0.150657,-0.150657
1.000000,1.000000,0.15028,-0.15028
1.000000,1.000000,0.149904,-0.149904
1.000000,1.000000,0.149527,-0.149527
1.000000,1.000000,0.119698,-0.119698
1.000000,1.000000,0.119312,-0.119312
1.000000,1.000000,0.118926,-0.118926
1.000000,1.000000,0.118539,-0.118539
1.000000,1.000000,0.0117148,-0.0117148
1.000000,1.000000,0.0112948,-0.0112948
1.000000,1.000000,0.0108747,-0.0108747
1.000000,1.000000,0.0104545,-0.0104545
1.000000,1.000000,0.0100342,-0.0100342
1.000000,1.000000,0.0743185,-0.0743185
1.000000,1.000000,0.0739182,-0.0739182
1.000000,1.000000,0.0735178,-0.0735178
1.000000,1.000000,0.0731174,-0.0731174
1.000000,1.000000,0.131688,-0.131688
1.000000,1.000000,0.131306,-0.131306
1.000000,1.000000,0.130923,-0.130923
1.000000,1.000000,0.130541,-0.130541
1.000000,1.000000,0.253132,-0.253132
1.000000,1.000000,0.252787,-0.252787
1.000000,1.000000,0.252443,-0.252443
1.000000,1.000000,0.252099,-0.252099
1.000000,1.000000,0.251754,-0.251754
1.000000,1.000000,0.215751,-0.215751
1.000000,1.000000,0.215406,-0.215406
1.000000,1.000000,0.215062,-0.215062
1.000000,1.000000,0.214717,-0.214717
1.000000,1.000000,0.0803256,-0.0803256
1.000000,1.000000,0.0799398,-0.0799398
1.000000,1.000000,0.0795541,-0.0795541
1.000000,1.000000,0.0791682,-0.0791682
1.000000,1.000000,0.258891,-0.258891
1.000000,1.000000,0.25856,-0.25856
1.000000,1.000000,0.258228,-0.258228
1.000000,1.000000,0.257896,-0.257896
1.000000,1.000000,0.257564,-0.257564
1.000000,1.000000,0.213104,-0.213104
1.000000,1.000000,0.212759,-0.212759
1.000000,1.000000,0.212414,-0.212414
1.000000,1.000000,0.212068,-0.212068
1.000000,1.000000,0.228882,-0.228882
1.000000,1.000000,0.228542,-0.228542
1.000000,1.000000,0.228201,-0.228201
1.000000,1.000000,0.22786,-0.22786
1.000000,1.000000,0.166593,-0.166593
1.000000,1.000000,0.166234,-0.166234
1.000000,1.000000,0.165875,-0.165875
1.000000,1.000000,0.165515,-0.165515
1.000000,1.000000,0.165156,-0.165156
1.000000,1.000000,0.131259,-0.131259
1.000000,1.000000,0.130889,-0.130889
1.000000,1.000000,0.13052,-0.13052
1.000000,1.000000,0.130149,-0.130149
1.000000,1.000000,0.0998545,-0.0998545
1.000000,1.000000,0.0994753,-0.0994753
1.000000,1.000000,0.0990959,-0.0990959
1.000000,1.000000,0.0987165,-0.0987165
1.000000,1.000000,0,-0
1.000000,1.000000,0,-0
1.000000,1.000000,0,-0
1.000000,1.000000,0,-0
1.000000,1.000000,0,-0
1.000000,1.000000,0.053869,-0.053869
1.000000,1.000000,0.0534761,-0.0534761
1.000000,1.000000,0.0530829,-0.0530829
1.000000,1.000000,0.0526898,-0.0526898
1.000000,1.000000,0.112207,-0.112207
1.000000,1.000000,0.111832,-0.111832
1.000000,1.000000,0.111457,-0.111457
1.000000,1.000000,0.111081,-0.111081
1.000000,1.000000,0.235633,-0.235633
1.000000,1.000000,0.235295,-0.235295
1.000000,1.000000,0.234957,-0.234957
1.000000,1.000000,0.234619,-0.234619
1.000000,1.000000,0.234281,-0.234281
1.000000,1.000000,0.19772,-0.19772
1.000000,1.000000,0.197382,-0.197382
1.000000,1.000000,0.197044,-0.197044
1.000000,1.000000,0.196707,-0.196707
1.000000,1.000000,0.0602059,-0.0602059
1.000000,1.000000,0.0598282,-0.0598282
1.000000,1.000000,0.0594503,-0.0594503
1.000000,1.000000,0.0590723,-0.0590723
1.000000,1.000000,0.24164,-0.24164
1.000000,1.000000,0.241315,-0.241315
1.000000,1.000000,0.24099,-0.24099
1.000000,1.000000,0.240665,-0.240665
1.000000,1.000000,0.24034,-0.24034
1.000000,1.000000,0.195194,-0.195194
1.000000,1.000000,0.194856,-0.194856
1.000000,1.000000,0.194518,-0.194518
1.000000,1.000000,0.194179,-0.194179
1.000000,1.000000,0.211269,-0.211269
1.000000,1.000000,0.210936,-0.210936
1.000000,1.000000,0.210602,-0.210602
1.000000,1.000000,0.210268,-0.210268
1.000000,1.000000,0.148058,-0.148058
1.000000,1.000000,0.147706,-0.147706
1.000000,1.000000,0.147354,-0.147354
1.000000,1.000000,0.147002,-0.147002
1.000000,1.000000,0.14665,-0.14665
1.000000,1.000000,0.112239,-0.112239
1.000000,1.000000,0.111877,-0.111877
1.000000,1.000000,0.111515,-0.111515
1.000000,1.000000,0.111153,-0.111153
1.000000,1.000000,0.0804013,-0.0804013
1.000000,1.000000,0.08003,-0.08003
1.000000,1.000000,0.0796585,-0.0796585
1.000000,1.000000,0.0792869,-0.0792869
1.000000,1.000000,0,-0
1.000000,1.000000,0,-0
1.000000,1.000000,0,-0
1.000000,1.000000,0,-0
1.000000,1.000000,0,-0
1.000000,1.000000,0.033831,-0.033831
1.000000,1.000000,0.0334462,-0.0334462
1.000000,1.000000,0.0330613,-0.0330613
1.000000,1.000000,0.0326763,-0.0326763
1.000000,1.000000,0.0931225,-0.0931225
1.000000,1.000000,0.0927551,-0.0927551
1.000000,1.000000,0.0923876,-0.0923876
1.000000,1.000000,0.09202,-0.09202
1.000000,1.000000,0.218493,-0.218493
1.000000,1.000000,0.218163,-0.218163
1.000000,1.000000,0.217832,-0.217832
1.000000,1.000000,0.217501,-0.217501
1.000000,1.000000,0.21717,-0.21717
1.000000,1.000000,0.180063,-0.180063
1.000000,1.000000,0.179733,-0.179733
1.000000,1.000000,0.179403,-0.179403
1.000000,1.000000,0.179072,-0.179072
1.000000,1.000000,0.0405068,-0.0405068
1.000000,1.000000,0.0401375,-0.0401375
1.000000,1.000000,0.0397682,-0.0397682
1.000000,1.000000,0.0393988,-0.0393988
1.000000,1.000000,0.224751,-0.224751
1.000000,1.000000,0.224434,-0.224434
1.000000,1.000000,0.224116,-0.224116
1.000000,1.000000,0.223799,-0.223799
1.000000,1.000000,0.223481,-0.223481
1.000000,1.000000,0.177665,-0.177665
1.000000,1.000000,0.177334,-0.177334
1.000000,1.000000,0.177004,-0.177004
1.000000,1.000000,0.176673,-0.176673
1.000000,1.000000,0.194033,-0.194033
1.000000,1.000000,0.193707,-0.193707
1.000000,1.000000,0.193381,-0.193381
1.000000,1.000000,0.193055,-0.193055
1.000000,1.000000,0.129922,-0.129922
1.000000,1.000000,0.129578,-0.129578
1.000000,1.000000,0.129234,-0.129234
1.000000,1.000000,0.12889,-0.12889
1.000000,1.000000,0.128546,-0.128546
1.000000,1.000000,0.0936333,-0.0936333
1.000000,1.000000,0.0932794,-0.0932794
1.000000,1.000000,0.0929254,-0.0929254
1.000000,1.000000,0.0925713,-0.0925713
1.000000,1.000000,0.0613744,-0.0613744
1.000000,1.000000,0.0610114,-0.0610114
1.000000,1.000000,0.0606484,-0.0606484
1.000000,1.000000,0.0602853,-0.0602853
1.000000,1.000000,0,-0
1.000000,1.000000,0,-0
1.000000,1.000000,0,-0
1.000000,1.000000,0,-0
1.000000,1.000000,0,-0
1.000000,1.000000,0.0142391,-0.0142391
1.000000,1.000000,0.0138632,-0.0138632
1.000000,1.000000,0.0134871,-0.0134871
1.000000,1.000000,0.0131109,-0.0131109
1.000000,1.000000,0.0744656,-0.0744656
1.000000,1.000000,0.0741067,-0.0741067
1.000000,1.000000,0.0737476,-0.0737476
1.000000,1.000000,0.0733885,-0.0733885
1.000000,1.000000,0.201741,-0.201741
1.000000,1.000000,0.201418,-0.201418
1.000000,1.000000,0.201094,-0.201094
1.000000,1.000000,0.200771,-0.200771
1.000000,1.000000,0.200448,-0.200448
1.000000,1.000000,0.162808,-0.162808
1.000000,1.000000,0.162486,-0.162486
1.000000,1.000000,0.162164,-0.162164
1.000000,1.000000,0.161842,-0.161842
1.000000,1.000000,0.0212588,-0.0212588
1.000000,1.000000,0.0208986,-0.0208986
1.000000,1.000000,0.0205382,-0.0205382
1.000000,1.000000,0.0201777,-0.0201777
1.000000,1.000000,0.208252,-0.208252
1.000000,1.000000,0.207942,-0.207942
1.000000,1.000000,0.207632,-0.207632
1.000000,1.000000,0.207322,-0.207322
1.000000,1.000000,0.207012,-0.207012
1.000000,1.000000,0.160542,-0.160542
1.000000,1.000000,0.16022,-0.16022
1.000000,1.000000,0.159897,-0.159897
1.000000,1.000000,0.159574,-0.159574
1.000000,1.000000,0.177199,-0.177199
1.000000,1.000000,0.176881,-0.176881
1.000000,1.000000,0.176563,-0.176563
1.000000,1.000000,0.176245,-0.176245
1.000000,1.000000,0.112211,-0.112211
1.000000,1.000000,0.111876,-0.111876
1.000000,1.000000,0.11154,-0.11154
1.000000,1.000000,0.111205,-0.111205
1.000000,1.000000,0.110869,-0.110869
1.000000,1.000000,0.0754666,-0.0754666
1.000000,1.000000,0.0751214,-0.0751214
1.000000,1.000000,0.0747761,-0.0747761
1.000000,1.000000,0.0744306,-0.0744306
1.000000,1.000000,0.0427992,-0.0427992
1.000000,1.000000,0.0424453,-0.0424453
1.000000,1.000000,0.0420911,-0.0420911
1.000000,1.000000,0.041737,-0.041737
1.000000,1.000000,0,-0
1.000000,1.000000,0,-0
1.000000,1.000000,0,-0
1.000000,1.000000,0,-0
1.000000,1.000000,0,-0
1.000000,1.000000,0,-0
1.000000,1.000000,0,-0
1.000000,1.000000,0,-0
1.000000,1.000000,0,-0
1.000000,1.000000,0.0562599,-0.0562599
1.000000,1.000000,0.0559098,-0.0559098
1.000000,1.000000,0.0555594,-0.0555594
1.000000,1.000000,0.0552092,-0.0552092
1.000000,1.000000,0.185396,-0.185396
1.000000,1.000000,0.18508,-0.18508
1.000000,1.000000,0.184765,-0.184765
1.000000,1.000000,0.18445,-0.18445
1.000000,1.000000,0.184134,-0.184134
1.000000,1.000000,0.145975,-0.145975
1.000000,1.000000,0.145661,-0.145661
1.000000,1.000000,0.145347,-0.145347
1.000000,1.000000,0.145033,-0.145033
1.000000,1.000000,0.00248384,-0.00248384
1.000000,1.000000,0.00213277,-0.00213277
1.000000,1.000000,0.0017817,-0.0017817
1.000000,1.000000,0.00143039,-0.00143039
1.000000,1.000000,0.192159,-0.192159
1.000000,1.000000,0.191857,-0.191857
1.000000,1.000000,0.191556,-0.191556
1.000000,1.000000,0.191254,-0.191254
1.000000,1.000000,0.190952,-0.190952
1.000000,1.000000,0.143844,-0.143844
1.000000,1.000000,0.14353,-0.14353
1.000000,1.000000,0.143215,-0.143215
1.000000,1.000000,0.142901,-0.142901
1.000000,1.000000,0.160784,-0.160784
1.000000,1.000000,0.160475,-0.160475
1.000000,1.000000,0.160165,-0.160165
1.000000,1.000000,0.159855,-0.159855
1.000000,1.000000,0.0949433,-0.0949433
1.000000,1.000000,0.0946165,-0.0946165
1.000000,1.000000,0.0942897,-0.0942897
1.000000,1.000000,0.0939627,-0.0939627
1.000000,1.000000,0.0936357,-0.0936357
1.000000,1.000000,0.0577565,-0.0577565
1.000000,1.000000,0.0574201,-0.0574201
1.000000,1.000000,0.0570837,-0.0570837
1.000000,1.000000,0.0567472,-0.0567472
1.000000,1.000000,0.024693,-0.024693
1.000000,1.000000,0.0243481,-0.0243481
1.000000,1.000000,0.0240031,-0.0240031
1.000000,1.000000,0.023658,-0.023658
1.000000,1.000000,0,-0
1.000000,1.000000,0,-0
1.000000,1.000000,0,-0
1.000000,1.000000,0,-0
1.000000,1.000000,0,-0
1.000000,1.000000,0,-0
1.000000,1.000000,0,-0
1.000000,1.000000,0,-0
1.000000,1.000000,0,-0
1.000000,1.000000,0.0385197,-0.0385197
1.000000,1.000000,0.0381787,-0.0381787
1.000000,1.000000,0.0378375,-0.0378375
1.000000,1.000000,0.0374962,-0.0374962
1.000000,1.000000,0.16947,-0.16947
1.000000,1.000000,0.169163,-0.169163
1.000000,1.000000,0.168856,-0.168856
1.000000,1.000000,0.168549,-0.168549
1.000000,1.000000,0.168242,-0.168242
1.000000,1.000000,0.168242,-0.168242
1.000000,1.000000,0.129577,-0.129577
1.000000,1.000000,0.129272,-0.129272
1.000000,1.000000,0.128967,-0.128967
1.000000,1.000000,0.128661,-0.128661
1.000000,1.000000,0,-0
1.000000,1.000000,0,-0
1.000000,1.000000,0,-0
1.000000,1.000000,0,-0
1.000000,1.000000,0.176486,-0.176486
1.000000,1.000000,0.176193,-0.176193
1.000000,1.000000,0.175899,-0.175899
1.000000,1.000000,0.175606,-0.175606
1.000000,1.000000,0.175312,-0.175312
1.000000,1.000000,0.127584,-0.127584
1.000000,1.000000,0.127278,-0.127278
1.000000,1.000000,0.126972,-0.126972
1.000000,1.000000,0.126667,-0.126667
1.000000,1.000000,0.144802,-0.144802
1.000000,1.000000,0.144501,-0.144501
1.000000,1.000000,0.1442,-0.1442
1.000000,1.000000,0.143898,-0.143898
1.000000,1.000000,0.0781331,-0.0781331
1.000000,1.000000,0.0778152,-0.0778152
1.000000,1.000000,0.0774974,-0.0774974
1.000000,1.000000,0.0771793,-0.0771793
1.000000,1.000000,0.0768614,-0.0768614
1.000000,1.000000,0.0405185,-0.0405185
1.000000,1.000000,0.0401914,-0.0401914
1.000000,1.000000,0.0398642,-0.0398642
1.000000,1.000000,0.039537,-0.039537
1.000000,1.000000,0.00707173,-0.00707173
1.000000,1.000000,0.00673628,-0.00673628
1.000000,1.000000,0.00640082,-0.00640082
1.000000,1.000000,0.00606525,-0.00606525
1.000000,1.000000,0,-0
1.000000,1.000000,0,-0
1.000000,1.000000,0,-0
1.000000,1.000000,0,-0
1.000000,1.000000,0,-0
1.000000,1.000000,0,-0
1.000000,1.000000,0,-0
1.000000,1.000000,0,-0
1.000000,1.000000,0,-0
1.000000,1.000000,0.0212624,-0.0212624
1.000000,1.000000,0.0209308,-0.0209308
1.000000,1.000000,0.020599,-0.020599
1.000000,1.000000,0.0202672,-0.0202672
1.000000,1.000000,0.15398,-0.15398
1.000000,1.000000,0.153682,-0.153682
1.000000,1.000000,0.153383,-0.153383
1.000000,1.000000,0.153084,-0.153084
1.000000,1.000000,0.152786,-0.152786
1.000000,1.000000,0.11363,-0.11363
1.000000,1.000000,0.113334,-0.113334
1.000000,1.000000,0.113038,-0.113038
1.000000,1.000000,0.112741,-0.112741
1.000000,1.000000,0,-0
1.000000,1.000000,0,-0
1.000000,1.000000,0,-0
1.000000,1.000000,0,-0
1.000000,1.000000,0.16125,-0.16125
1.000000,1.000000,0.160965,-0.160965
1.000000,1.000000,0.16068,-0.16068
1.000000,1.000000,0.160395,-0.160395
1.000000,1.000000,0.16011,-0.16011
1.000000,1.000000,0.111779,-0.111779
1.000000,1.000000,0.111482,-0.111482
1.000000,1.000000,0.111186,-0.111186
1.000000,1.000000,0.110889,-0.110889
1.000000,1.000000,0.129271,-0.129271
1.000000,1.000000,0.128978,-0.128978
1.000000,1.000000,0.128686,-0.128686
1.000000,1.000000,0.128393,-0.128393
1.000000,1.000000,0.061799,-0.061799
1.000000,1.000000,0.0614905,-0.0614905
1.000000,1.000000,0.061182,-0.061182
1.000000,1.000000,0.0608735,-0.0608735
1.000000,1.000000,0.0605649,-0.0605649
1.000000,1.000000,0.0237722,-0.0237722
1.000000,1.000000,0.0234548,-0.0234548
1.000000,1.000000,0.0231373,-0.0231373
1.000000,1.000000,0.0228196,-0.0228196
1.000000,1.000000,0,-0
1.000000,1.000000,0,-0
1.000000,1.000000,0,-0
1.000000,1.000000,0,-0
1.000000,1.000000,0,-0
1.000000,1.000000,0,-0
1.000000,1.000000,0,-0
1.000000,1.000000,0,-0
1.000000,1.000000,0,-0
1.000000,1.000000,0,-0
1.000000,1.000000,0,-0
1.000000,1.000000,0,-0
1.000000,1.000000,0,-0
1.000000,1.000000,0.00450909,-0.00450909
1.000000,1.000000,0.00418723,-0.00418723
1.000000,1.000000,0.00386536,-0.00386536
1.000000,1.000000,0.00354338,-0.00354338
1.000000,1.000000,0.138945,-0.138945
1.000000,1.000000,0.138655,-0.138655
1.000000,1.000000,0.138366,-0.138366
1.000000,1.000000,0.138076,-0.138076
1.000000,1.000000,0.137786,-0.137786
1.000000,1.000000,0.0981549,-0.0981549
1.000000,1.000000,0.0978676,-0.0978676
1.000000,1.000000,0.0975804,-0.0975804
1.000000,1.000000,0.0972931,-0.0972931
1.000000,1.000000,0,-0
1.000000,1.000000,0,-0
1.000000,1.000000,0,-0
1.000000,1.000000,0,-0
1.000000,1.000000,0.146467,-0.146467
1.000000,1.000000,0.146191,-0.146191
1.000000,1.000000,0.145915,-0.145915
1.000000,1.000000,0.145639,-0.145639
1.000000,1.000000,0.145362,-0.145362
1.000000,1.000000,0.0964476,-0.0964476
1.000000,1.000000,0.0961602,-0.0961602
1.000000,1.000000,0.0958726,-0.0958726
1.000000,1.000000,0.0955851,-0.0955851
1.000000,1.000000,0.114205,-0.114205
1.000000,1.000000,0.113922,-0.113922
1.000000,1.000000,0.113639,-0.113639
1.000000,1.000000,0.113355,-0.113355
1.000000,1.000000,0.0459578,-0.0459578
1.000000,1.000000,0.0456589,-0.0456589
1.000000,1.000000,0.04536,-0.04536
1.000000,1.000000,0.045061,-0.045061
1.000000,1.000000,0.044762,-0.044762
1.000000,1.000000,0.00753379,-0.00753379
1.000000,1.000000,0.00722623,-0.00722623
1.000000,1.000000,0.00691855,-0.00691855
1.000000,1.000000,0.00661087,-0.00661087
1.000000,1.000000,0,-0
1.000000,1.000000,0,-0
1.000000,1.000000,0,-0
1.000000,1.000000,0,-0
1.000000,1.000000,0,-0
1.000000,1.000000,0,-0
1.000000,1.000000,0,-0
1.000000,1.000000,0,-0
1.000000,1.000000,0,-0
1.000000,1.000000,0,-0
1.000000,1.000000,0,-0
1.000000,1.000000,0,-0
1.000000,1.000000,0,-0
1.000000,1.000000,0,-0
1.000000,1.000000,0,-0
1.000000,1.000000,0,-0
1.000000,1.000000,0,-0
1.000000,1.000000,0.124376,-0.124376
1.000000,1.000000,0.124095,-0.124095
1.000000,1.000000,0.123814,-0.123814
1.000000,1.000000,0.123533,-0.123533
1.000000,1.000000,0.123253,-0.123253
1.000000,1.000000,0.0831608,-0.0831608
1.000000,1.000000,0.0828829,-0.0828829
1.000000,1.000000,0.0826049,-0.0826049
1.000000,1.000000,0.0823269,-0.0823269
1.000000,1.000000,0,-0
1.000000,1.000000,0,-0
1.000000,1.000000,0,-0
1.000000,1.000000,0,-0
1.000000,1.000000,0.132147,-0.132147
1.000000,1.000000,0.13188,-0.13188
1.000000,1.000000,0.131613,-0.131613
1.000000,1.000000,0.131346,-0.131346
1.000000,1.000000,0.131079,-0.131079
1.000000,1.000000,0.0815986,-0.0815986
1.000000,1.000000,0.0813205,-0.0813205
1.000000,1.000000,0.0810423,-0.0810423
1.000000,1.000000,0.0807642,-0.0807642
1.000000,1.000000,0.0996163,-0.0996163
1.000000,1.000000,0.0993422,-0.0993422
1.000000,1.000000,0.099068,-0.099068
1.000000,1.000000,0.0987937,-0.0987937
1.000000,1.000000,0.0306187,-0.0306187
1.000000,1.000000,0.0303295,-0.0303295
1.000000,1.000000,0.0300403,-0.0300403
1.000000,1.000000,0.0297511,-0.0297511
1.000000,1.000000,0.0294617,-0.0294617
1.000000,1.000000,0,-0
1.000000,1.000000,0,-0
1.000000,1.000000,0,-0
1.000000,1.000000,0,-0
1.000000,1.000000,0,-0
1.000000,1.000000,0,-0
1.000000,1.000000,0,-0
1.000000,1.000000,0,-0
1.000000,1.000000,0,-0
1.000000,1.000000,0,-0
1.000000,1.000000,0,-0
1.000000,1.000000,0,-0
1.000000,1.000000,0,-0
1.000000,1.000000,0,-0
1.000000,1.000000,0,-0
1.000000,1.000000,0,-0
1.000000,1.000000,0,-0
1.000000,1.000000,0,-0
1.000000,1.000000,0,-0
1.000000,1.000000,0,-0
1.000000,1.000000,0,-0
1.000000,1.000000,0.110278,-0.110278
1.000000,1.000000,0.110007,-0.110007
1.000000,1.000000,0.109735,-0.109735
1.000000,1.000000,0.109464,-0.109464
1.000000,1.000000,0.109192,-0.109192
1.000000,1.000000,0.0686545,-0.0686545
1.000000,1.000000,0.0683855,-0.0683855
1.000000,1.000000,0.0681163,-0.0681163
1.000000,1.000000,0.0678471,-0.0678471
1.000000,1.000000,0,-0
1.000000,1.000000,0,-0
1.000000,1.000000,0,-0
1.000000,1.000000,0,-0
1.000000,1.000000,0.118292,-0.118292
1.000000,1.000000,0.118034,-0.118034
1.000000,1.000000,0.117775,-0.117775
1.000000,1.000000,0.117516,-0.117516
1.000000,1.000000,0.117258,-0.117258
1.000000,1.000000,0.0672306,-0.0672306
1.000000,1.000000,0.0669614,-0.0669614
1.000000,1.000000,0.0666921,-0.0666921
1.000000,1.000000,0.0664227,-0.0664227
1.000000,1.000000,0.085499,-0.085499
1.000000,1.000000,0.0852336,-0.0852336
1.000000,1.000000,0.0849682,-0.0849682
1.000000,1.000000,0.0847027,-0.0847027
1.000000,1.000000,0.015775,-0.015775
1.000000,1.000000,0.0154951,-0.0154951
1.000000,1.000000,0.015215,-0.015215
1.000000,1.000000,0.014935,-0.014935
1.000000,1.000000,0.014655,-0.014655
1.000000,1.000000,0,-0
1.000000,1.000000,0,-0
1.000000,1.000000,0,-0
1.000000,1.000000,0,-0
1.000000,1.000000,0,-0
1.000000,1.000000,0,-0
1.000000,1.000000,0,-0
0.977988,0.977988,0,-0
0.977988,0.977988,0,-0
0.977988,0.977988,0,-0
0.977988,0.977988,0,-0
0.977988,0.977988,0,-0
1.000000,1.000000,0,-0
1.000000,1.000000,0,-0
1.000000,1.000000,0,-0
1.000000,1.000000,0,-0
1.000000,1.000000,0,-0
1.000000,1.000000,0,-0
1.000000,1.000000,0,-0
1.000000,1.000000,0,-0
1.000000,1.000000,0,-0
1.000000,1.000000,0.0966322,-0.0966322
1.000000,1.000000,0.0963695,-0.0963695
1.000000,1.000000,0.0961066,-0.0961066
1.000000,1.000000,0.0958438,-0.0958438
1.000000,1.000000,0.0955808,-0.0955808
1.000000,1.000000,0.0546116,-0.0546116
1.000000,1.000000,0.054351,-0.054351
1.000000,1.000000,0.0540903,-0.0540903
1.000000,1.000000,0.0538296,-0.0538296
1.000000,1.000000,0,-0
1.000000,1.000000,0,-0
1.000000,1.000000,0,-0
1.000000,1.000000,0,-0
1.000000,1.000000,0.104879,-0.104879
1.000000,1.000000,0.104629,-0.104629
1.000000,1.000000,0.104378,-0.104378
1.000000,1.000000,0.104128,-0.104128
1.000000,1.000000,0.103877,-0.103877
1.000000,1.000000,0.0533204,-0.0533204
1.000000,1.000000,0.0530597,-0.0530597
1.000000,1.000000,0.0527989,-0.0527989
1.000000,1.000000,0.052538,-0.052538
1.000000,1.000000,0.0718312,-0.0718312
1.000000,1.000000,0.0715742,-0.0715742
1.000000,1.000000,0.0713172,-0.0713172
1.000000,1.000000,0.0710601,-0.0710601
1.000000,1.000000,0.00140357,-0.00140357
1.000000,1.000000,0.00113249,-0.00113249
1.000000,1.000000,0.000861407,-0.000861407
1.000000,1.000000,0.000590205,-0.000590205
1.000000,1.000000,0.000319004,-0.000319004
1.000000,1.000000,0,-0
1.000000,1.000000,0,-0
1.000000,1.000000,0,-0
1.000000,1.000000,0,-0
1.000000,1.000000,0,-0
1.000000,1.000000,0,-0
1.000000,1.000000,0,-0
0.977988,0.977988,0,-0
0.977988,0.977988,0,-0
0.977988,0.977988,0,-0
0.977988,0.977988,0,-0
0.977988,0.977988,0,-0
1.000000,1.000000,0,-0
1.000000,1.000000,0,-0
1.000000,1.000000,0,-0
1.000000,1.000000,0,-0
1.000000,1.000000,0,-0
1.000000,1.000000,0,-0
1.000000,1.000000,0,-0
1.000000,1.000000,0,-0
1.000000,1.000000,0,-0
1.000000,1.000000,0.0834181,-0.0834181
1.000000,1.000000,0.0831637,-0.0831637
1.000000,1.000000,0.0829093,-0.0829093
1.000000,1.000000,0.0826548,-0.0826548
1.000000,1.000000,0.0824002,-0.0824002
1.000000,1.000000,0.0824002,-0.0824002
1.000000,1.000000,0.0410134,-0.0410134
1.000000,1.000000,0.0407614,-0.0407614
1.000000,1.000000,0.0405093,-0.0405093
1.000000,1.000000,0.0402573,-0.0402573
1.000000,1.000000,0,-0
1.000000,1.000000,0,-0
1.000000,1.000000,0,-0
1.000000,1.000000,0,-0
1.000000,1.000000,0.0918941,-0.0918941
1.000000,1.000000,0.091652,-0.091652
1.000000,1.000000,0.0914099,-0.0914099
1.000000,1.000000,0.0911677,-0.0911677
1.000000,1.000000,0.0909255,-0.0909255
1.000000,1.000000,0.0398566,-0.0398566
1.000000,1.000000,0.0396044,-0.0396044
1.000000,1.000000,0.0393523,-0.0393523
1.000000,1.000000,0.0391002,-0.0391002
1.000000,1.000000,0.0586036,-0.0586036
1.000000,1.000000,0.0583552,-0.0583552
1.000000,1.000000,0.0581067,-0.0581067
1.000000,1.000000,0.0578582,-0.0578582
1.000000,1.000000,0,-0
1.000000,1.000000,0,-0
1.000000,1.000000,0,-0
1.000000,1.000000,0,-0
1.000000,1.000000,0,-0
1.000000,1.000000,0,-0
1.000000,1.000000,0,-0
1.000000,1.000000,0,-0
1.000000,1.000000,0,-0
1.000000,1.000000,0,-0
1.000000,1.000000,0,-0
1.000000,1.000000,0,-0
0.977988,0.977988,0,-0
0.977988,0.977988,0,-0
0.977988,0.977988,0,-0
0.977988,0.977988,0,-0
0.977988,0.977988,0,-0
1.000000,1.000000,0,-0
1.000000,1.000000,0,-0
1.000000,1.000000,0,-0
1.000000,1.000000,0,-0
1.000000,1.000000,0,-0
1.000000,1.000000,0,-0
1.000000,1.000000,0,-0
1.000000,1.000000,0,-0
1.000000,1.000000,0,-0
1.000000,1.000000,0.0706427,-0.0706427
1.000000,1.000000,0.0703968,-0.0703968
1.000000,1.000000,0.0701509,-0.0701509
1.000000,1.000000,0.0699049,-0.0699049
1.000000,1.000000,0.0696589,-0.0696589
1.000000,1.000000,0.0278686,-0.0278686
1.000000,1.000000,0.0276254,-0.0276254
1.000000,1.000000,0.0273823,-0.0273823
1.000000,1.000000,0.0271389,-0.0271389
1.000000,1.000000,0,-0
1.000000,1.000000,0,-0
1.000000,1.000000,0,-0
1.000000,1.000000,0,-0
1.000000,1.000000,0.0793453,-0.0793453
1.000000,1.000000,0.0791117,-0.0791117
1.000000,1.000000,0.0788779,-0.0788779
1.000000,1.000000,0.0786442,-0.0786442
1.000000,1.000000,0.0784103,-0.0784103
1.000000,1.000000,0.0268468,-0.0268468
1.000000,1.000000,0.0266035,-0.0266035
1.000000,1.000000,0.0263602,-0.0263602
1.000000,1.000000,0.0261167,-0.0261167
1.000000,1.000000,0.0458239,-0.0458239
1.000000,1.000000,0.0455841,-0.0455841
1.000000,1.000000,0.0453442,-0.0453442
1.000000,1.000000,0.0451044,-0.0451044
1.000000,1.000000,0,-0
1.000000,1.000000,0,-0
1.000000,1.000000,0,-0
1.000000,1.000000,0,-0
1.000000,1.000000,0,-0
1.000000,1.000000,0,-0
1.000000,1.000000,0,-0
1.000000,1.000000,0,-0
1.000000,1.000000,0,-0
1.000000,1.000000,0,-0
1.000000,1.000000,0,-0
1.000000,1.000000,0,-0
0.977988,0.977988,0,-0
0.977988,0.977988,0,-0
0.977988,0.977988,0,-0
0.977988,0.977988,0,-0
0.977988,0.977988,0,-0
1.000000,1.000000,0,-0
1.000000,1.000000,0,-0
1.000000,1.000000,0,-0
1.000000,1.000000,0,-0
1.000000,1.000000,0,-0
1.000000,1.000000,0,-0
1.000000,1.000000,0,-0
1.000000,1.000000,0,-0
1.000000,1.000000,0,-0
1.000000,1.000000,0.0583112,-0.0583112
1.000000,1.000000,0.0580739,-0.0580739
1.000000,1.000000,0.0578365,-0.0578365
1.000000,1.000000,0.0575992,-0.0575992
1.000000,1.000000,0.0573618,-0.0573618
1.000000,1.000000,0.0151829,-0.0151829
1.000000,1.000000,0.0149486,-0.0149486
1.000000,1.000000,0.0147144,-0.0147144
1.000000,1.000000,0.01448,-0.01448
1.000000,1.000000,0,-0
1.000000,1.000000,0,-0
1.000000,1.000000,0,-0
1.000000,1.000000,0,-0
1.000000,1.000000,0.0672385,-0.0672385
1.000000,1.000000,0.0670134,-0.0670134
1.000000,1.000000,0.0667882,-0.0667882
1.000000,1.000000,0.066563,-0.066563
1.000000,1.000000,0.0663378,-0.0663378
1.000000,1.000000,0.0142977,-0.0142977
1.000000,1.000000,0.0140635,-0.0140635
0.889942,0.889942,0.0138291,-0.0138291
1.000000,1.000000,0.0135946,-0.0135946
1.000000,1.000000,0.0334986,-0.0334986
1.000000,1.000000,0.0332677,-0.0332677
1.000000,1.000000,0.0330367,-0.0330367
1.000000,1.000000,0.0328057,-0.0328057
1.000000,1.000000,0,-0
1.000000,1.000000,0,-0
1.000000,1.000000,0,-0
1.000000,1.000000,0,-0
1.000000,1.000000,0,-0
1.000000,1.000000,0,-0
1.000000,1.000000,0,-0
1.000000,1.000000,0,-0
1.000000,1.000000,0,-0
1.000000,1.000000,0,-0
1.000000,1.000000,0,-0
1.000000,1.000000,0,-0
0.977988,0.977988,0,-0
0.977988,0.977988,0,-0
0.977988,0.977988,0,-0
0.977988,0.977988,0,-0
0.977988,0.977988,0,-0
1.000000,1.000000,0,-0
1.000000,1.000000,0,-0
1.000000,1.000000,0,-0
1.000000,1.000000,0,-0
1.000000,1.000000,0,-0
1.000000,1.000000,0,-0
1.000000,1.000000,0,-0
1.000000,1.000000,0,-0
1.000000,1.000000,0,-0
1.000000,1.000000,0.0464331,-0.0464331
1.000000,1.000000,0.0462047,-0.0462047
1.000000,1.000000,0.0459762,-0.0459762
1.000000,1.000000,0.0457475,-0.0457475
1.000000,1.000000,0.045519,-0.045519
1.000000,1.000000,0.0029664,-0.0029664
1.000000,1.000000,0.00274146,-0.00274146
1.000000,1.000000,0.00251651,-0.00251651
1.000000,1.000000,0.00229156,-0.00229156
1.000000,1.000000,0,-0
1.000000,1.000000,0,-0
1.000000,1.000000,0,-0
1.000000,1.000000,0,-0
1.000000,1.000000,0.0555851,-0.0555851
1.000000,1.000000,0.055369,-0.055369
1.000000,1.000000,0.0551529,-0.0551529
1.000000,1.000000,0.0549368,-0.0549368
1.000000,1.000000,0.0547205,-0.0547205
1.000000,1.000000,0.00222266,-0.00222266
1.000000,1.000000,0.00199759,-0.00199759
1.000000,1.000000,0.00177264,-0.00177264
1.000000,1.000000,0.00154758,-0.00154758
1.000000,1.000000,0.0216417,-0.0216417
1.000000,1.000000,0.02142,-0.02142
1.000000,1.000000,0.0211983,-0.0211983
1.000000,1.000000,0.0209765,-0.0209765
1.000000,1.000000,0,-0
1.000000,1.000000,0,-0
1.000000,1.000000,0,-0
1.000000,1.000000,0,-0
1.000000,1.000000,0,-0
1.000000,1.000000,0,-0
1.000000,1.000000,0,-0
1.000000,1.000000,0,-0
1.000000,1.000000,0,-0
1.000000,1.000000,0,-0
1.000000,1.000000,0,-0
1.000000,1.000000,0,-0
0.977988,0.977988,0,-0
0.977988,0.977988,0,-0
0.977988,0.977988,0,-0
0.977988,0.977988,0,-0
0.977988,0.977988,0,-0
0.977988,0.977988,0,-0
0.977988,0.977988,0,-0
0.977988,0.977988,0,-0
0.977988,0.977988,0,-0
1.000000,1.000000,0,-0
1.000000,1.000000,0,-0
1.000000,1.000000,0,-0
1.000000,1.000000,0,-0
1.000000,1.000000,0,-0
1.000000,1.000000,0.0350282,-0.0350282
1.000000,1.000000,0.0348089,-0.0348089
1.000000,1.000000,0.0345895,-0.0345895
1.000000,1.000000,0.0343702,-0.0343702
1.000000,1.000000,0.0341508,-0.0341508
1.000000,1.000000,0,-0
1.000000,1.000000,0,-0
1.000000,1.000000,0,-0
0.977988,0.977988,0,-0
0.977988,0.977988,0,-0
0.977988,0.977988,0,-0
0.977988,0.977988,0,-0
1.000000,1.000000,0,-0
1.000000,1.000000,0.0444055,-0.0444055
1.000000,1.000000,0.0441988,-0.0441988
1.000000,1.000000,0.043992,-0.043992
1.000000,1.000000,0.0437852,-0.0437852
1.000000,1.000000,0.0435784,-0.0435784
1.000000,1.000000,0,-0
1.000000,1.000000,0,-0
1.000000,1.000000,0,-0
1.000000,1.000000,0,-0
1.000000,1.000000,0.0102736,-0.0102736
1.000000,1.000000,0.0100615,-0.0100615
1.000000,1.000000,0.00984943,-0.00984943
1.000000,1.000000,0.00963724,-0.00963724
1.000000,1.000000,0,-0
1.000000,1.000000,0,-0
1.000000,1.000000,0,-0
1.000000,1.000000,0,-0
1.000000,1.000000,0,-0
1.000000,1.000000,0,-0
1.000000,1.000000,0,-0
1.000000,1.000000,0,-0
1.000000,1.000000,0,-0
1.000000,1.000000,0,-0
1.000000,1.000000,0,-0
1.000000,1.000000,0,-0
0.977988,0.977988,0,-0
0.977988,0.977988,0,-0
0.977988,0.977988,0,-0
0.977988,0.977988,0,-0
0.977988,0.977988,0,-0
0.977988,0.977988,0,-0
0.977988,0.977988,0,-0
0.977988,0.977988,0,-0
0.977988,0.977988,0,-0
1.000000,1.000000,0,-0
1.000000,1.000000,0,-0
1.000000,1.000000,0,-0
1.000000,1.000000,0,-0
1.000000,1.000000,0,-0
1.000000,1.000000,0.0241158,-0.0241158
1.000000,1.000000,0.0239061,-0.0239061
1.000000,1.000000,0.0236963,-0.0236963
1.000000,1.000000,0.0234865,-0.0234865
1.000000,1.000000,0.0232767,-0.0232767
1.000000,1.000000,0,-0
1.000000,1.000000,0,-0
1.000000,1.000000,0,-0
0.977988,0.977988,0,-0
0.977988,0.977988,0,-0
0.977988,0.977988,0,-0
0.977988,0.977988,0,-0
1.000000,1.000000,0,-0
1.000000,1.000000,0.0337166,-0.0337166
1.000000,1.000000,0.0335193,-0.0335193
1.000000,1.000000,0.033322,-0.033322
1.000000,1.000000,0.0331247,-0.0331247
1.000000,1.000000,0.0329274,-0.0329274
1.000000,1.000000,0,-0
1.000000,1.000000,0,-0
1.000000,1.000000,0,-0
1.000000,1.000000,0,-0
1.000000,1.000000,0,-0
1.000000,1.000000,0,-0
1.000000,1.000000,0,-0
1.000000,1.000000,0,-0
1.000000,1.000000,0,-0
1.000000,1.000000,0,-0
1.000000,1.000000,0,-0
1.000000,1.000000,0,-0
1.000000,1.000000,0,-0
1.000000,1.000000,0,-0
1.000000,1.000000,0,-0
1.000000,1.000000,0,-0
1.000000,1.000000,0,-0
1.000000,1.000000,0,-0
1.000000,1.000000,0,-0
1.000000,1.000000,0,-0
0.977988,0.977988,0,-0
0.977988,0.977988,0,-0
0.977988,0.977988,0,-0
0.977988,0.977988,0,-0
0.977988,0.977988,0,-0
0.977988,0.977988,0,-0
0.977988,0.977988,0,-0
0.977988,0.977988,0,-0
0.977988,0.977988,0,-0
1.000000,1.000000,0,-0
1.000000,1.000000,0,-0
1.000000,1.000000,0,-0
1.000000,1.000000,0,-0
1.000000,1.000000,0,-0
1.000000,1.000000,0.0137038,-0.0137038
1.000000,1.000000,0.0135037,-0.0135037
1.000000,1.000000,0.0133036,-0.0133036
1.000000,1.000000,0.0131036,-0.0131036
1.000000,1.000000,0.0129035,-0.0129035
1.000000,1.000000,0.0129035,-0.0129035
1.000000,1.000000,0,-0
1.000000,1.000000,0,-0
1.000000,1.000000,0,-0
0.977988,0.977988,0,-0
0.977988,0.977988,0,-0
0.977988,0.977988,0,-0
0.977988,0.977988,0,-0
1.000000,1.000000,0,-0
1.000000,1.000000,0.0235245,-0.0235245
1.000000,1.000000,0.0233369,-0.0233369
1.000000,1.000000,0.0231491,-0.0231491
1.000000,1.000000,0.0229615,-0.0229615
1.000000,1.000000,0.0227737,-0.0227737
1.000000,1.000000,0,-0
1.000000,1.000000,0,-0
1.000000,1.000000,0,-0
1.000000,1.000000,0,-0
1.000000,1.000000,0,-0
1.000000,1.000000,0,-0
1.000000,1.000000,0,-0
1.000000,1.000000,0,-0
1.000000,1.000000,0,-0
1.000000,1.000000,0,-0
1.000000,1.000000,0,-0
1.000000,1.000000,0,-0
1.000000,1.000000,0,-0
1.000000,1.000000,0,-0
1.000000,1.000000,0,-0
1.000000,1.000000,0,-0
1.000000,1.000000,0,-0
1.000000,1.000000,0,-0
1.000000,1.000000,0,-0
1.000000,1.000000,0,-0
0.977988,0.977988,0,-0
0.977988,0.977988,0,-0
0.977988,0.977988,0,-0
0.977988,0.977988,0,-0
0.977988,0.977988,0,-0
0.977988,0.977988,0,-0
0.977988,0.977988,0,-0
0.977988,0.977988,0,-0
0.977988,0.977988,0,-0
1.000000,1.000000,0,-0
1.000000,1.000000,0,-0
1.000000,1.000000,0,-0
1.000000,1.000000,0,-0
1.000000,1.000000,0,-0
1.000000,1.000000,0.0037961,-0.0037961
1.000000,1.000000,0.00360584,-0.00360584
1.000000,1.000000,0.00341558,-0.00341558
1.000000,1.000000,0.00322521,-0.00322521
1.000000,1.000000,0.00303483,-0.00303483
1.000000,1.000000,0,-0
1.000000,1.000000,0,-0
1.000000,1.000000,0,-0
0.977988,0.977988,0,-0
0.977988,0.977988,0,-0
0.977988,0.977988,0,-0
0.977988,0.977988,0,-0
1.000000,1.000000,0,-0
1.000000,1.000000,0.0138338,-0.0138338
1.000000,1.000000,0.0136558,-0.0136558
1.000000,1.000000,0.0134778,-0.0134778
1.000000,1.000000,0.0132998,-0.0132998
0.977988,0.977988,0.0131218,-0.0131218
0.977988,0.977988,0,-0
0.889942,0.889942,0,-0
1.000000,1.000000,0,-0
1.000000,1.000000,0,-0
1.000000,1.000000,0,-0
1.000000,1.000000,0,-0
1.000000,1.000000,0,-0
1.000000,1.000000,0,-0
1.000000,1.000000,0,-0
1.000000,1.000000,0,-0
1.000000,1.000000,0,-0
1.000000,1.000000,0,-0
1.000000,1.000000,0,-0
1.000000,1.000000,0,-0
1.000000,1.000000,0,-0
1.000000,1.000000,0,-0
0.977988,0.977988,0,-0
0.977988,0.977988,0,-0
0.977988,0.977988,0,-0
0.977988,0.977988,0,-0
0.977988,0.977988,0,-0
0.977988,0.977988,0,-0
0.977988,0.977988,0,-0
0.977988,0.977988,0,-0
0.977988,0.977988,0,-0
0.977988,0.977988,0,-0
0.977988,0.977988,0,-0
0.977988,0.977988,0,-0
0.977988,0.977988,0,-0
1.000000,1.000000,0,-0
1.000000,1.000000,0,-0
1.000000,1.000000,0,-0
1.000000,1.000000,0,-0
1.000000,1.000000,0,-0
1.000000,1.000000,0,-0
1.000000,1.000000,0,-0
1.000000,1.000000,0,-0
1.000000,1.000000,0,-0
1.000000,1.000000,0,-0
1.000000,1.000000,0,-0
1.000000,1.000000,0,-0
1.000000,1.000000,0,-0
0.977988,0.977988,0,-0
0.977988,0.977988,0,-0
0.977988,0.977988,0,-0
0.977988,0.977988,0,-0
1.000000,1.000000,0,-0
1.000000,1.000000,0.00465262,-0.00465262
1.000000,1.000000,0.00448465,-0.00448465
1.000000,1.000000,0.00431669,-0.00431669
1.000000,1.000000,0.00414872,-0.00414872
0.977988,0.977988,0.00398076,-0.00398076
0.889942,0.889942,0,-0
0.889942,0.889942,0,-0
0.889942,0.889942,0,-0
0.977988,0.977988,0,-0
0.889942,0.889942,0,-0
1.000000,1.000000,0,-0
1.000000,1.000000,0,-0
1.000000,1.000000,0,-0
1.000000,1.000000,0,-0
1.000000,1.000000,0,-0
1.000000,1.000000,0,-0
1.000000,1.000000,0,-0
1.000000,1.000000,0,-0
1.000000,1.000000,0,-0
1.000000,1.000000,0,-0
1.000000,1.000000,0,-0
0.977988,0.977988,0,-0
0.977988,0.977988,0,-0
0.977988,0.977988,0,-0
0.977988,0.977988,0,-0
0.977988,0.977988,0,-0
0.977988,0.977988,0,-0
0.977988,0.977988,0,-0
0.977988,0.977988,0,-0
0.977988,0.977988,0,-0
0.977988,0.977988,0,-0
0.977988,0.977988,0,-0
0.977988,0.977988,0,-0
0.977988,0.977988,0,-0
1.000000,1.000000,0,-0
1.000000,1.000000,0,-0
1.000000,1.000000,0,-0
1.000000,1.000000,0,-0
1.000000,1.000000,0,-0
1.000000,1.000000,0,-0
1.000000,1.000000,0,-0
1.000000,1.000000,0,-0
1.000000,1.000000,0,-0
1.000000,1.000000,0,-0
1.000000,1.000000,0,-0
1.000000,1.000000,0,-0
1.000000,1.000000,0,-0
0.977988,0.977988,0,-0
0.977988,0.977988,0,-0
0.977988,0.977988,0,-0
0.977988,0.977988,0,-0
1.000000,1.000000,0,-0
1.000000,1.000000,0,-0
1.000000,1.000000,0,-0
1.000000,1.000000,0,-0
0.977988,0.977988,0,-0
0.889942,0.889942,0,-0
0.889942,0.889942,0,-0
0.889942,0.889942,0,-0
0.889942,0.889942,0,-0
0.889942,0.889942,0,-0
0.889942,0.889942,0,-0
0.889942,0.889942,0,-0
1.000000,1.000000,0,-0
1.000000,1.000000,0,-0
1.000000,1.000000,0,-0
1.000000,1.000000,0,-0
1.000000,1.000000,0,-0
1.000000,1.000000,0,-0
1.000000,1.000000,0,-0
1.000000,1.000000,0,-0
1.000000,1.000000,0,-0
1.000000,1.000000,0,-0
0.977988,0.977988,0,-0
0.977988,0.977988,0,-0
0.977988,0.977988,0,-0
0.977988,0.977988,0,-0
0.977988,0.977988,0,-0
0.977988,0.977988,0,-0
0.977988,0.977988,0,-0
0.977988,0.977988,0,-0
0.977988,0.977988,0,-0
0.977988,0.977988,0,-0
0.977988,0.977988,0,-0
0.977988,0.977988,0,-0
0.977988,0.977988,0,-0
0.977988,0.977988,0,-0
0.977988,0.977988,0,-0
0.977988,0.977988,0,-0
0.977988,0.977988,0,-0
1.000000,1.000000,0,-0
1.000000,1.000000,0,-0
1.000000,1.000000,0,-0
1.000000,1.000000,0,-0
1.000000,1.000000,0,-0
1.000000,1.000000,0,-0
1.000000,1.000000,0,-0
1.000000,1.000000,0,-0
1.000000,1.000000,0,-0
0.977988,0.977988,0,-0
0.977988,0.977988,0,-0
0.977988,0.977988,0,-0
0.977988,0.977988,0,-0
1.000000,1.000000,0,-0
1.000000,1.000000,0,-0
1.000000,1.000000,0,-0
1.000000,1.000000,0,-0
0.889942,0.889942,0,-0
0.889942,0.889942,0,-0
0.889942,0.889942,0,-0
0.889942,0.889942,0,-0
0.889942,0.889942,0,-0
0.889942,0.889942,0,-0
0.889942,0.889942,0,-0
0.889942,0.889942,0,-0
0.977988,0.977988,0,-0
1.000000,1.000000,0,-0
1.000000,1.000000,0,-0
1.000000,1.000000,0,-0
1.000000,1.000000,0,-0
1.000000,1.000000,0,-0
1.000000,1.000000,0,-0
1.000000,1.000000,0,-0
1.000000,1.000000,0,-0
1.000000,1.000000,0,-0
0.977988,0.977988,0,-0
0.977988,0.977988,0,-0
0.977988,0.977988,0,-0
0.977988,0.977988,0,-0
0.977988,0.977988,0,-0
0.977988,0.977988,0,-0
0.977988,0.977988,0,-0
0.977988,0.977988,0,-0
0.977988,0.977988,0,-0
0.977988,0.977988,0,-0
0.977988,0.977988,0,-0
0.977988,0.977988,0,-0
0.977988,0.977988,0,-0
0.977988,0.977988,0,-0
0.977988,0.977988,0,-0
0.977988,0.977988,0,-0
0.977988,0.977988,0,-0
1.000000,1.000000,0,-0
1.000000,1.000000,0,-0
1.000000,1.000000,0,-0
1.000000,1.000000,0,-0
1.000000,1.000000,0,-0
1.000000,1.000000,0,-0
1.000000,1.000000,0,-0
1.000000,1.000000,0,-0
1.000000,1.000000,0,-0
0.977988,0.977988,0,-0
0.977988,0.977988,0,-0
0.977988,0.977988,0,-0
0.977988,0.977988,0,-0
1.000000,1.000000,0,-0
1.000000,1.000000,0,-0
1.000000,1.000000,0,-0
0.977988,0.977988,0,-0
0.889942,0.889942,0,-0
0.889942,0.889942,0,-0
0.889942,0.889942,0,-0
0.889942,0.889942,0,-0
0.889942,0.889942,0,-0
0.889942,0.889942,0,-0
0.889942,0.889942,0,-0
0.889942,0.889942,0,-0
0.889942,0.889942,0,-0
1.000000,1.000000,0,-0
1.000000,1.000000,0,-0
1.000000,1.000000,0,-0
1.000000,1.000000,0,-0
1.000000,1.000000,0,-0
0.977988,0.977988,0,-0
0.977988,0.977988,0,-0
0.977988,0.977988,0,-0
0.977988,0.977988,0,-0
0.977988,0.977988,0,-0
0.977988,0.977988,0,-0
0.977988,0.977988,0,-0
0.977988,0.977988,0,-0
0.977988,0.977988,0,-0
0.977988,0.977988,0,-0
0.977988,0.977988,0,-0
0.977988,0.977988,0,-0
0.977988,0.977988,0,-0
0.977988,0.977988,0,-0
0.977988,0.977988,0,-0
0.977988,0.977988,0,-0
0.977988,0.977988,0,-0
0.977988,0.977988,0,-0
0.977988,0.977988,0,-0
0.977988,0.977988,0,-0
0.977988,0.977988,0,-0
1.000000,1.000000,0,-0
1.000000,1.000000,0,-0
1.000000,1.000000,0,-0
1.000000,1.000000,0,-0
1.000000,1.000000,0,-0
1.000000,1.000000,0,-0
1.000000,1.000000,0,-0
1.000000,1.000000,0,-0
1.000000,1.000000,0,-0
1.000000,1.000000,0,-0
0.977988,0.977988,0,-0
0.977988,0.977988,0,-0
0.977988,0.977988,0,-0
0.977988,0.977988,0,-0
1.000000,1.000000,0,-0
1.000000,1.000000,0,-0
0.977988,0.977988,0,-0
0.889942,0.889942,0,-0
0.889942,0.889942,0,-0
0.889942,0.889942,0,-0
0.889942,0.889942,0,-0
0.889942,0.889942,0,-0
0.889942,0.889942,0,-0
0.889942,0.889942,0,-0
0.889942,0.889942,0,-0
0.889942,0.889942,0,-0
1.000000,1.000000,0,-0
1.000000,1.000000,0,-0
1.000000,1.000000,0,-0
1.000000,1.000000,0,-0
1.000000,1.000000,0,-0
1.000000,1.000000,0,-0
0.977988,0.977988,0,-0
0.977988,0.977988,0,-0
0.977988,0.977988,0,-0
0.977988,0.977988,0,-0
0.977988,0.977988,0,-0
0.977988,0.977988,0,-0
0.977988,0.977988,0,-0
0.977988,0.977988,0,-0
0.977988,0.977988,0,-0
0.977988,0.977988,0,-0
0.977988,0.977988,0,-0
0.977988,0.977988,0,-0
0.977988,0.977988,0,-0
0.977988,0.977988,0,-0
0.977988,0.977988,0,-0
0.977988,0.977988,0,-0
0.977988,0.977988,0,-0
0.977988,0.977988,0,-0
0.977988,0.977988,0,-0
0.977988,0.977988,0,-0
0.977988,0.977988,0,-0
1.000000,1.000000,0,-0
1.000000,1.000000,0,-0
1.000000,1.000000,0,-0
1.000000,1.000000,0,-0
1.000000,1.000000,0,-0
1.000000,1.000000,0,-0
1.000000,1.000000,0,-0
1.000000,1.000000,0,-0
1.000000,1.000000,0,-0
0.977988,0.977988,0,-0
0.977988,0.977988,0,-0
0.977988,0.977988,0,-0
0.977988,0.977988,0,-0
1.000000,1.000000,0,-0
0.977988,0.977988,0,-0
0.889942,0.889942,0,-0
0.889942,0.889942,0,-0
0.889942,0.889942,0,-0
0.889942,0.889942,0,-0
0.889942,0.889942,0,-0
0.889942,0.889942,0,-0
0.889942,0.889942,0,-0
0.889942,0.889942,0,-0
0.889942,0.889942,0,-0
0.889942,0.889942,0,-0
1.000000,1.000000,0,-0
1.000000,1.000000,0,-0
1.000000,1.000000,0,-0
1.000000,1.000000,0,-0
1.000000,1.000000,0,-0
1.000000,1.000000,0,-0
0.977988,0.977988,0,-0
0.977988,0.977988,0,-0
0.977988,0.977988,0,-0
0.977988,0.977988,0,-0
0.977988,0.977988,0,-0
0.977988,0.977988,0,-0
0.977988,0.977988,0,-0
0.977988,0.977988,0,-0
0.977988,0.977988,0,-0
0.977988,0.977988,0,-0
0.977988,0.977988,0,-0
0.977988,0.977988,0,-0
0.977988,0.977988,0,-0
0.977988,0.977988,0,-0
0.977988,0.977988,0,-0
0.977988,0.977988,0,-0
0.977988,0.977988,0,-0
0.977988,0.977988,0,-0
0.977988,0.977988,0,-0
0.977988,0.977988,0,-0
0.977988,0.977988,0,-0
1.000000,1.000000,0,-0
1.000000,1.000000,0,-0
1.000000,1.000000,0,-0
0.889942,0.889942,0,-0
0.977988,0.977988,0,-0
0.889942,0.889942,0,-0
1.000000,1.000000,0,-0
0.977988,0.977988,0,-0
1.000000,1.000000,0,-0
0.977988,0.977988,0,-0
0.977988,0.977988,0,-0
0.977988,0.977988,0,-0
0.977988,0.977988,0,-0
1.000000,1.000000,0,-0
1.000000,1.000000,0,-0
0.889942,0.889942,0,-0
0.889942,0.889942,0,-0
0.889942,0.889942,0,-0
0.889942,0.889942,0,-0
0.889942,0.889942,0,-0
0.889942,0.889942,0,-0
0.889942,0.889942,0,-0
0.889942,0.889942,0,-0
0.889942,0.889942,0,-0
0.889942,0.889942,0,-0
1.000000,1.000000,0,-0
1.000000,1.000000,0,-0
1.000000,1.000000,0,-0
1.000000,1.000000,0,-0
1.000000,1.000000,0,-0
1.000000,1.000000,0,-0
0.977988,0.977988,0,-0
0.977988,0.977988,0,-0
0.977988,0.977988,0,-0
0.977988,0.977988,0,-0
0.977988,0.977988,0,-0
0.977988,0.977988,0,-0
0.977988,0.977988,0,-0
0.977988,0.977988,0,-0
0.977988,0.977988,0,-0
0.977988,0.977988,0,-0
0.977988,0.977988,0,-0
0.977988,0.977988,0,-0
0.977988,0.977988,0,-0
0.977988,0.977988,0,-0
0.977988,0.977988,0,-0
0.977988,0.977988,0,-0
0.977988,0.977988,0,-0
0.977988,0.977988,0,-0
0.977988,0.977988,0,-0
0.977988,0.977988,0,-0
0.977988,0.977988,0,-0
1.000000,1.000000,0,-0
1.000000,1.000000,0,-0
1.000000,1.000000,0,-0
1.000000,1.000000,0,-0
1.000000,1.000000,0,-0
1.000000,1.000000,0,-0
1.000000,1.000000,0,-0
1.000000,1.000000,0,-0
1.000000,1.000000,0,-0
0.977988,0.977988,0,-0
0.977988,0.977988,0,-0
0.977988,0.977988,0,-0
0.977988,0.977988,0,-0
0.977988,0.977988,0,-0
0.977988,0.977988,0,-0
0.889942,0.889942,0,-0
0.889942,0.889942,0,-0
0.889942,0.889942,0,-0
0.889942,0.889942,0,-0
0.889942,0.889942,0,-0
0.889942,0.889942,0,-0
0.889942,0.889942,0,-0
0.889942,0.889942,0,-0
0.889942,0.889942,0,-0
0.889942,0.889942,0,-0
1.000000,1.000000,0,-0
1.000000,1.000000,0,-0
1.000000,1.000000,0,-0
1.000000,1.000000,0,-0
1.000000,1.000000,0,-0
1.000000,1.000000,0,-0
0.977988,0.977988,0,-0
0.977988,0.977988,0,-0
0.977988,0.977988,0,-0
0.977988,0.977988,0,-0
0.977988,0.977988,0,-0
0.977988,0.977988,0,-0
0.977988,0.977988,0,-0
0.977988,0.977988,0,-0
0.977988,0.977988,0,-0
0.977988,0.977988,0,-0
0.977988,0.977988,0,-0
0.977988,0.977988,0,-0
0.977988,0.977988,0,-0
0.977988,0.977988,0,-0
0.977988,0.977988,0,-0
0.977988,0.977988,0,-0
0.977988,0.977988,0,-0
0.977988,0.977988,0,-0
0.977988,0.977988,0,-0
0.977988,0.977988,0,-0
0.977988,0.977988,0,-0
1.000000,1.000000,0,-0
1.000000,1.000000,0,-0
1.000000,1.000000,0,-0
1.000000,1.000000,0,-0
1.000000,1.000000,0,-0
1.000000,1.000000,0,-0
1.000000,1.000000,0,-0
1.000000,1.000000,0,-0
1.000000,1.000000,0,-0
0.977988,0.977988,0,-0
0.977988,0.977988,0,-0
0.977988,0.977988,0,-0
0.977988,0.977988,0,-0
1.000000,1.000000,0,-0
1.000000,1.000000,0,-0
0.889942,0.889942,0,-0
0.889942,0.889942,0,-0
0.889942,0.889942,0,-0
0.889942,0.889942,0,-0
0.889942,0.889942,0,-0
0.889942,0.889942,0,-0
0.889942,0.889942,0,-0
0.889942,0.889942,0,-0
0.889942,0.889942,0,-0
0.889942,0.889942,0,-0
1.000000,1.000000,0,-0
1.000000,1.000000,0,-0
1.000000,1.000000,0,-0
1.000000,1.000000,0,-0
1.000000,1.000000,0,-0
1.000000,1.000000,0,-0
0.977988,0.977988,0,-0
0.977988,0.977988,0,-0
0.977988,0.977988,0,-0
0.977988,0.977988,0,-0
0.977988,0.977988,0,-0
0.977988,0.977988,0,-0
0.977988,0.977988,0,-0
0.977988,0.977988,0,-0
0.977988,0.977988,0,-0
0.977988,0.977988,0,-0
0.977988,0.977988,0,-0
0.977988,0.977988,0,-0
0.977988,0.977988,0,-0
0.977988,0.977988,0,-0
0.977988,0.977988,0,-0
0.977988,0.977988,0,-0
0.977988,0.977988,0,-0
0.977988,0.977988,0,-0
0.977988,0.977988,0,-0
0.977988,0.977988,0,-0
0.977988,0.977988,0,-0
1.000000,1.000000,0,-0
1.000000,1.000000,0,-0
1.000000,1.000000,0,-0
1.000000,1.000000,0,-0
1.000000,1.000000,0,-0
1.000000,1.000000,0,-0
1.000000,1.000000,0,-0
1.000000,1.000000,0,-0
1.000000,1.000000,0,-0
0.977988,0.977988,0,-0
0.977988,0.977988,0,-0
0.977988,0.977988,0,-0
0.977988,0.977988,0,-0
1.000000,1.000000,0,-0
1.000000,1.000000,0,-0
0.889942,0.889942,0,-0
0.889942,0.889942,0,-0
0.889942,0.889942,0,-0
0.889942,0.889942,0,-0
0.889942,0.889942,0,-0
0.889942,0.889942,0,-0
0.889942,0.889942,0,-0
0.889942,0.889942,0,-0
0.889942,0.889942,0,-0
0.889942,0.889942,0,-0
0.889942,0.889942,0,-0
1.000000,1.000000,0,-0
1.000000,1.000000,0,-0
1.000000,1.000000,0,-0
1.000000,1.000000,0,-0
1.000000,1.000000,0,-0
0.977988,0.977988,0,-0
0.977988,0.977988,0,-0
0.977988,0.977988,0,-0
0.977988,0.977988,0,-0
0.977988,0.977988,0,-0
0.977988,0.977988,0,-0
0.977988,0.977988,0,-0
0.977988,0.977988,0,-0
0.977988,0.977988,0,-0
0.977988,0.977988,0,-0
0.977988,0.977988,0,-0
0.977988,0.977988,0,-0
0.977988,0.977988,0,-0
0.977988,0.977988,0,-0
0.977988,0.977988,0,-0
0.977988,0.977988,0,-0
0.977988,0.977988,0,-0
0.977988,0.977988,0,-0
0.977988,0.977988,0,-0
0.977988,0.977988,0,-0
0.977988,0.977988,0,-0
1.000000,1.000000,0,-0
1.000000,1.000000,0,-0
1.000000,1.000000,0,-0
1.000000,1.000000,0,-0
1.000000,1.000000,0,-0
1.000000,1.000000,0,-0
1.000000,1.000000,0,-0
1.000000,1.000000,0,-0
1.000000,1.000000,0,-0
1.000000,1.000000,0,-0
0.977988,0.977988,0,-0
0.977988,0.977988,0,-0
0.977988,0.977988,0,-0
0.977988,0.977988,0,-0
0.977988,0.977988,0,-0
0.889942,0.889942,0,-0
0.889942,0.889942,0,-0
0.889942,0.889942,0,-0
0.889942,0.889942,0,-0
0.889942,0.889942,0,-0
0.889942,0.889942,0,-0
0.889942,0.889942,0,-0
0.889942,0.889942,0,-0
0.889942,0.889942,0,-0
0.889942,0.889942,0,-0
0.889942,0.889942,0,-0
1.000000,1.000000,0,-0
0.977988,0.977988,0,-0
0.977988,0.977988,0,-0
0.977988,0.977988,0,-0
0.977988,0.977988,0,-0
0.977988,0.977988,0,-0
0.977988,0.977988,0,-0
0.977988,0.977988,0,-0
0.977988,0.977988,0,-0
0.977988,0.977988,0,-0
0.977988,0.977988,0,-0
0.977988,0.977988,0,-0
0.977988,0.977988,0,-0
0.977988,0.977988,0,-0
0.977988,0.977988,0,-0
0.977988,0.977988,0,-0
0.977988,0.977988,0,-0
0.977988,0.977988,0,-0
0.977988,0.977988,0,-0
0.977988,0.977988,0,-0
0.977988,0.977988,0,-0
0.977988,0.977988,0,-0
0.977988,0.977988,0,-0
0.977988,0.977988,0,-0
0.977988,0.977988,0,-0
0.977988,0.977988,0,-0
0.977988,0.977988,0,-0
1.000000,1.000000,0,-0
1.000000,1.000000,0,-0
1.000000,1.000000,0,-0
1.000000,1.000000,0,-0
1.000000,1.000000,0,-0
1.000000,1.000000,0,-0
1.000000,1.000000,0,-0
1.000000,1.000000,0,-0
1.000000,1.000000,0,-0
0.977988,0.977988,0,-0
0.977988,0.977988,0,-0
0.977988,0.977988,0,-0
0.977988,0.977988,0,-0
0.977988,0.977988,0,-0
0.889942,0.889942,0,-0
0.889942,0.889942,0,-0
0.889942,0.889942,0,-0
0.889942,0.889942,0,-0
0.889942,0.889942,0,-0
0.889942,0.889942,0,-0
0.889942,0.889942,0,-0
0.889942,0.889942,0,-0
0.889942,0.889942,0,-0
0.889942,0.889942,0,-0
0.889942,0.889942,0,-0
1.000000,1.000000,0,-0
0.977988,0.977988,0,-0
0.977988,0.977988,0,-0
0.977988,0.977988,0,-0
0.977988,0.977988,0,-0
0.977988,0.977988,0,-0
0.977988,0.977988,0,-0
0.977988,0.977988,0,-0
0.977988,0.977988,0,-0
0.977988,0.977988,0,-0
0.977988,0.977988,0,-0
0.977988,0.977988,0,-0
0.977988,0.977988,0,-0
0.977988,0.977988,0,-0
0.977988,0.977988,0,-0
0.977988,0.977988,0,-0
0.977988,0.977988,0,-0
0.977988,0.977988,0,-0
0.977988,0.977988,0,-0
0.977988,0.977988,0,-0
0.977988,0.977988,0,-0
0.977988,0.977988,0,-0
0.977988,0.977988,0,-0
0.977988,0.977988,0,-0
0.977988,0.977988,0,-0
0.977988,0.977988,0,-0
0.977988,0.977988,0,-0
1.000000,1.000000,0,-0
1.000000,1.000000,0,-0
1.000000,1.000000,0,-0
1.000000,1.000000,0,-0
1.000000,1.000000,0,-0
1.000000,1.000000,0,-0
1.000000,1.000000,0,-0
1.000000,1.000000,0,-0
1.000000,1.000000,0,-0
0.977988,0.977988,0,-0
0.977988,0.977988,0,-0
0.977988,0.977988,0,-0
0.977988,0.977988,0,-0
0.977988,0.977988,0,-0
0.889942,0.889942,0,-0
0.889942,0.889942,0,-0
0.889942,0.889942,0,-0
0.889942,0.889942,0,-0
0.889942,0.889942,0,-0
0.889942,0.889942,0,-0
0.889942,0.889942,0,-0
0.889942,0.889942,0,-0
0.889942,0.889942,0,-0
0.889942,0.889942,0,-0
0.889942,0.889942,0,-0
1.000000,1.000000,0,-0
0.977988,0.977988,0,-0
0.977988,0.977988,0,-0
0.977988,0.977988,0,-0
0.977988,0.977988,0,-0
0.977988,0.977988,0,-0
0.977988,0.977988,0,-0
0.977988,0.977988,0,-0
0.977988,0.977988,0,-0
0.977988,0.977988,0,-0
0.977988,0.977988,0,-0
0.977988,0.977988,0,-0
0.977988,0.977988,0,-0
0.977988,0.977988,0,-0
0.977988,0.977988,0,-0
0.977988,0.977988,0,-0
0.977988,0.977988,0,-0
0.977988,0.977988,0,-0
0.977988,0.977988,0,-0
0.977988,0.977988,0,-0
0.977988,0.977988,0,-0
0.977988,0.977988,0,-0
0.977988,0.977988,0,-0
0.977988,0.977988,0,-0
0.977988,0.977988,0,-0
0.977988,0.977988,0,-0
0.977988,0.977988,0,-0
1.000000,1.000000,0,-0
1.000000,1.000000,0,-0
1.000000,1.000000,0,-0
1.000000,1.000000,0,-0
1.000000,1.000000,0,-0
1.000000,1.000000,0,-0
1.000000,1.000000,0,-0
1.000000,1.000000,0,-0
1.000000,1.000000,0,-0
0.977988,0.977988,0,-0
0.977988,0.977988,0,-0
0.977988,0.977988,0,-0
0.977988,0.977988,0,-0
1.000000,1.000000,0,-0
0.889942,0.889942,0,-0
0.889942,0.889942,0,-0
0.889942,0.889942,0,-0
0.889942,0.889942,0,-0
0.889942,0.889942,0,-0
0.889942,0.889942,0,-0
0.889942,0.889942,0,-0
0.889942,0.889942,0,-0
0.889942,0.889942,0,-0
0.889942,0.889942,0,-0
0.889942,0.889942,0,-0
1.000000,1.000000,0,-0
0.977988,0.977988,0,-0
0.977988,0.977988,0,-0
0.977988,0.977988,0,-0
0.977988,0.977988,0,-0
0.977988,0.977988,0,-0
0.977988,0.977988,0,-0
0.977988,0.977988,0,-0
0.977988,0.977988,0,-0
0.977988,0.977988,0,-0
0.977988,0.977988,0,-0
0.977988,0.977988,0,-0
0.977988,0.977988,0,-0
0.977988,0.977988,0,-0
0.977988,0.977988,0,-0
0.977988,0.977988,0,-0
0.977988,0.977988,0,-0
0.977988,0.977988,0,-0
0.977988,0.977988,0,-0
0.977988,0.977988,0,-0
0.977988,0.977988,0,-0
0.977988,0.977988,0,-0
0.977988,0.977988,0,-0
0.977988,0.977988,0,-0
0.977988,0.977988,0,-0
0.977988,0.977988,0,-0
0.977988,0.977988,0,-0
1.000000,1.000000,0,-0
1.000000,1.000000,0,-0
1.000000,1.000000,0,-0
1.000000,1.000000,0,-0
1.000000,1.000000,0,-0
1.000000,1.000000,0,-0
1.000000,1.000000,0,-0
1.000000,1.000000,0,-0
1.000000,1.000000,0,-0
0.977988,0.977988,0,-0
0.977988,0.977988,0,-0
0.977988,0.977988,0,-0
0.977988,0.977988,0,-0
1.000000,1.000000,0,-0
0.889942,0.889942,0,-0
0.889942,0.889942,0,-0
0.889942,0.889942,0,-0
0.889942,0.889942,0,-0
0.889942,0.889942,0,-0
0.889942,0.889942,0,-0
0.889942,0.889942,0,-0
0.889942,0.889942,0,-0
0.889942,0.889942,0,-0
0.889942,0.889942,0,-0
0.889942,0.889942,0,-0
1.000000,1.000000,0,-0
0.977988,0.977988,0,-0
0.977988,0.977988,0,-0
0.977988,0.977988,0,-0
0.977988,0.977988,0,-0
0.977988,0.977988,0,-0
0.977988,0.977988,0,-0
0.977988,0.977988,0,-0
0.977988,0.977988,0,-0
0.977988,0.977988,0,-0
0.977988,0.977988,0,-0
0.977988,0.977988,0,-0
0.977988,0.977988,0,-0
0.977988,0.977988,0,-0
0.977988,0.977988,0,-0
0.977988,0.977988,0,-0
0.977988,0.977988,0,-0
0.977988,0.977988,0,-0
0.977988,0.977988,0,-0
0.977988,0.977988,0,-0
0.977988,0.977988,0,-0
0.977988,0.977988,0,-0
0.977988,0.977988,0,-0
0.977988,0.977988,0,-0
0.977988,0.977988,0,-0
0.977988,0.977988,0,-0
0.977988,0.977988,0,-0
1.000000,1.000000,0,-0
1.000000,1.000000,0,-0
1.000000,1.000000,0,-0
1.000000,1.000000,0,-0
1.000000,1.000000,0,-0
1.000000,1.000000,0,-0
1.000000,1.000000,0,-0
1.000000,1.000000,0,-0
1.000000,1.000000,0,-0
0.977988,0.977988,0,-0
0.977988,0.977988,0,-0
0.977988,0.977988,0,-0
0.977988,0.977988,0,-0
1.000000,1.000000,0,-0
0.889942,0.889942,0,-0
0.889942,0.889942,0,-0
0.889942,0.889942,0,-0
0.889942,0.889942,0,-0
0.889942,0.889942,0,-0
0.889942,0.889942,0,-0
0.889942,0.889942,0,-0
0.889942,0.889942,0,-0
0.889942,0.889942,0,-0
0.889942,0.889942,0,-0
0.889942,0.889942,0,-0
1.000000,1.000000,0,-0
0.977988,0.977988,0,-0
0.977988,0.977988,0,-0
0.977988,0.977988,0,-0
0.977988,0.977988,0,-0
0.977988,0.977988,0,-0
0.977988,0.977988,0,-0
0.977988,0.977988,0,-0
0.977988,0.977988,0,-0
0.977988,0.977988,0,-0
0.977988,0.977988,0,-0
0.977988,0.977988,0,-0
0.977988,0.977988,0,-0
0.977988,0.977988,0,-0
0.977988,0.977988,0,-0
0.977988,0.977988,0,-0
0.977988,0.977988,0,-0
0.977988,0.977988,0,-0
0.977988,0.977988,0,-0
0.977988,0.977988,0,-0
0.977988,0.977988,0,-0
0.977988,0.977988,0,-0
0.977988,0.977988,0,-0
0.977988,0.977988,0,-0
0.977988,0.977988,0,-0
0.977988,0.977988,0,-0
0.977988,0.977988,0,-0
1.000000,1.000000,0,-0
1.000000,1.000000,0,-0
1.000000,1.000000,0,-0
1.000000,1.000000,0,-0
1.000000,1.000000,0,-0
1.000000,1.000000,0,-0
1.000000,1.000000,0,-0
1.000000,1.000000,0,-0
1.000000,1.000000,0,-0
1.000000,1.000000,0,-0
0.977988,0.977988,0,-0
0.977988,0.977988,0,-0
0.977988,0.977988,0,-0
0.889942,0.889942,0,-0
0.889942,0.889942,0,-0
0.889942,0.889942,0,-0
0.889942,0.889942,0,-0
0.889942,0.889942,0,-0
0.889942,0.889942,0,-0
0.889942,0.889942,0,-0
0.889942,0.889942,0,-0
0.889942,0.889942,0,-0
0.889942,0.889942,0,-0
0.889942,0.889942,0,-0
0.977988,0.977988,0,-0
1.000000,1.000000,0,-0
1.000000,1.000000,0,-0
0.977988,0.977988,0,-0
0.977988,0.977988,0,-0
0.977988,0.977988,0,-0
0.977988,0.977988,0,-0
0.977988,0.977988,0,-0
0.977988,0.977988,0,-0
0.977988,0.977988,0,-0
0.977988,0.977988,0,-0
0.977988,0.977988,0,-0
0.977988,0.977988,0,-0
0.977988,0.977988,0,-0
0.977988,0.977988,0,-0
0.977988,0.977988,0,-0
0.977988,0.977988,0,-0
0.977988,0.977988,0,-0
0.977988,0.977988,0,-0
0.977988,0.977988,0,-0
0.977988,0.977988,0,-0
0.977988,0.977988,0,-0
0.977988,0.977988,0,-0
0.977988,0.977988,0,-0
0.977988,0.977988,0,-0
0.977988,0.977988,0,-0
0.977988,0.977988,0,-0
0.977988,0.977988,0,-0
0.977988,0.977988,0,-0
0.977988,0.977988,0,-0
1.000000,1.000000,0,-0
1.000000,1.000000,0,-0
0.889942,0.889942,0,-0
0.889942,0.889942,0,-0
0.889942,0.889942,0,-0
0.889942,0.889942,0,-0
0.889942,0.889942,0,-0
0.889942,0.889942,0,-0
0.889942,0.889942,0,-0
0.889942,0.889942,0,-0
0.889942,0.889942,0,-0
0.889942,0.889942,0,-0
0.977988,0.977988,0,-0
0.889942,0.889942,0,-0
0.889942,0.889942,0,-0
0.889942,0.889942,0,-0
0.889942,0.889942,0,-0
0.889942,0.889942,0,-0
0.889942,0.889942,0,-0
0.889942,0.889942,0,-0
0.889942,0.889942,0,-0
0.889942,0.889942,0,-0
1.000000,1.000000,0,-0
1.000000,1.000000,0,-0
1.000000,1.000000,0,-0
0.977988,0.977988,0,-0
0.977988,0.977988,0,-0
0.977988,0.977988,0,-0
0.977988,0.977988,0,-0
0.977988,0.977988,0,-0
0.977988,0.977988,0,-0
0.977988,0.977988,0,-0
0.977988,0.977988,0,-0
0.977988,0.977988,0,-0
0.977988,0.977988,0,-0
0.977988,0.977988,0,-0
0.977988,0.977988,0,-0
0.977988,0.977988,0,-0
0.977988,0.977988,0,-0
0.977988,0.977988,0,-0
0.977988,0.977988,0,-0
0.977988,0.977988,0,-0
0.977988,0.977988,0,-0
0.977988,0.977988,0,-0
0.977988,0.977988,0,-0
0.977988,0.977988,0,-0
0.977988,0.977988,0,-0
0.977988,0.977988,0,-0
0.977988,0.977988,0,-0
0.977988,0.977988,0,-0
0.977988,0.977988,0,-0
0.889942,0.889942,0,-0
1.000000,1.000000,0,-0
1.000000,1.000000,0,-0
0.889942,0.889942,0,-0
0.889942,0.889942,0,-0
0.977988,0.977988,0,-0
0.889942,0.889942,0,-0
0.889942,0.889942,0,-0
0.889942,0.889942,0,-0
0.889942,0.889942,0,-0
0.889942,0.889942,0,-0
0.889942,0.889942,0,-0
0.889942,0.889942,0,-0
0.889942,0.889942,0,-0
0.889942,0.889942,0,-0
0.889942,0.889942,0,-0
0.889942,0.889942,0,-0
0.889942,0.889942,0,-0
0.889942,0.889942,0,-0
0.889942,0.889942,0,-0
0.889942,0.889942,0,-0
0.889942,0.889942,0,-0
0.889942,0.889942,0,-0
1.000000,1.000000,0,-0
1.000000,1.000000,0,-0
1.000000,1.000000,0,-0
0.977988,0.977988,0,-0
0.977988,0.977988,0,-0
0.977988,0.977988,0,-0
0.977988,0.977988,0,-0
0.977988,0.977988,0,-0
0.977988,0.977988,0,-0
0.977988,0.977988,0,-0
0.977988,0.977988,0,-0
0.977988,0.977988,0,-0
0.977988,0.977988,0,-0
0.977988,0.977988,0,-0
0.977988,0.977988,0,-0
0.977988,0.977988,0,-0
0.977988,0.977988,0,-0
0.977988,0.977988,0,-0
0.977988,0.977988,0,-0
0.977988,0.977988,0,-0
0.977988,0.977988,0,-0
0.977988,0.977988,0,-0
0.977988,0.977988,0,-0
0.977988,0.977988,0,-0
0.977988,0.977988,0,-0
0.977988,0.977988,0,-0
0.977988,0.977988,0,-0
0.977988,0.977988,0,-0
0.977988,0.977988,0,-0
1.000000,1.000000,0,-0
1.000000,1.000000,0,-0
1.000000,1.000000,0,-0
1.000000,1.000000,0,-0
1.000000,1.000000,0,-0
1.000000,1.000000,0,-0
1.000000,1.000000,0,-0
1.000000,1.000000,0,-0
1.000000,1.000000,0,-0
0.977988,0.977988,0,-0
0.977988,0.977988,0,-0
0.977988,0.977988,0,-0
0.977988,0.977988,0,-0
1.000000,1.000000,0,-0
0.889942,0.889942,0,-0
0.889942,0.889942,0,-0
0.889942,0.889942,0,-0
0.889942,0.889942,0,-0
0.889942,0.889942,0,-0
0.889942,0.889942,0,-0
0.889942,0.889942,0,-0
0.889942,0.889942,0,-0
0.889942,0.889942,0,-0
1.000000,1.000000,0,-0
1.000000,1.000000,0,-0
1.000000,1.000000,0,-0
0.977988,0.977988,0,-0
0.977988,0.977988,0,-0
0.977988,0.977988,0,-0
0.977988,0.977988,0,-0
0.977988,0.977988,0,-0
0.977988,0.977988,0,-0
0.977988,0.977988,0,-0
0.977988,0.977988,0,-0
0.977988,0.977988,0,-0
0.977988,0.977988,0,-0
0.977988,0.977988,0,-0
0.977988,0.977988,0,-0
0.977988,0.977988,0,-0
0.977988,0.977988,0,-0
0.977988,0.977988,0,-0
0.977988,0.977988,0,-0
0.977988,0.977988,0,-0
0.977988,0.977988,0,-0
0.977988,0.977988,0,-0
0.977988,0.977988,0,-0
0.977988,0.977988,0,-0
0.977988,0.977988,0,-0
0.977988,0.977988,0,-0
0.977988,0.977988,0,-0
0.977988,0.977988,0,-0
