0rest_m,1rest_m,0transf,1transf
1.000000,1.000000,0.6048,-0.6048
1.000000,1.000000,0.234118,-0.234118
1.000000,1.000000,0.233837,-0.233837
1.000000,1.000000,0.233555,-0.233555
1.000000,1.000000,0.233274,-0.233274
1.000000,1.000000,0.101136,-0.101136
1.000000,1.000000,0.100822,-0.100822
1.000000,1.000000,0.100507,-0.100507
1.000000,1.000000,0.100192,-0.100192
1.000000,1.000000,0.277008,-0.277008
1.000000,1.000000,0.276738,-0.276738
1.000000,1.000000,0.276467,-0.276467
1.000000,1.000000,0.276197,-0.276197
1.000000,1.000000,0.275926,-0.275926
1.000000,1.000000,0.232268,-0.232268
1.000000,1.000000,0.231987,-0.231987
1.000000,1.000000,0.231705,-0.231705
1.000000,1.000000,0.231423,-0.231423
1.000000,1.000000,0.24801,-0.24801
1.000000,1.000000,0.247732,-0.247732
1.000000,1.000000,0.247454,-0.247454
1.000000,1.000000,0.247176,-0.247176
1.000000,1.000000,0.18702,-0.18702
1.000000,1.000000,0.186727,-0.186727
1.000000,1.000000,0.186434,-0.186434
1.000000,1.000000,0.18614,-0.18614
1.000000,1.000000,0.185847,-0.185847
1.000000,1.000000,0.152602,-0.152602
1.000000,1.000000,0.152301,-0.152301
1.000000,1.000000,0.151999,-0.151999
1.000000,1.000000,0.151697,-0.151697
1.000000,1.000000,0.121999,-0.121999
1.000000,1.000000,0.121689,-0.121689
1.000000,1.000000,0.12138,-0.12138
1.000000,1.000000,0.121071,-0.121071
1.000000,1.000000,0.0145478,-0.0145478
1.000000,1.000000,0.0142115,-0.0142115
1.000000,1.000000,0.0138751,-0.0138751
1.000000,1.000000,0.0135387,-0.0135387
1.000000,1.000000,0.0132021,-0.0132021
1.000000,1.000000,0.0774138,-0.0774138
1.000000,1.000000,0.0770932,-0.0770932
1.000000,1.000000,0.0767727,-0.0767727
1.000000,1.000000,0.076452,-0.076452
1.000000,1.000000,0.134945,-0.134945
1.000000,1.000000,0.134639,-0.134639
1.000000,1.000000,0.134333,-0.134333
1.000000,1.000000,0.134027,-0.134027
1.000000,1.000000,0.256336,-0.256336
1.000000,1.000000,0.25606,-0.25606
1.000000,1.000000,0.255785,-0.255785
1.000000,1.000000,0.255509,-0.255509
1.000000,1.000000,0.255233,-0.255233
1.000000,1.000000,0.219411,-0.219411
1.000000,1.000000,0.219135,-0.219135
1.000000,1.000000,0.218859,-0.218859
1.000000,1.000000,0.218583,-0.218583
1.000000,1.000000,0.0847232,-0.0847232
1.000000,1.000000,0.0844145,-0.0844145
1.000000,1.000000,0.0841055,-0.0841055
1.000000,1.000000,0.0837965,-0.0837965
1.000000,1.000000,0.262932,-0.262932
1.000000,1.000000,0.262667,-0.262667
1.000000,1.000000,0.262401,-0.262401
1.000000,1.000000,0.262136,-0.262136
1.000000,1.000000,0.26187,-0.26187
1.000000,1.000000,0.217652,-0.217652
1.000000,1.000000,0.217375,-0.217375
1.000000,1.000000,0.217099,-0.217099
1.000000,1.000000,0.216822,-0.216822
1.000000,1.000000,0.233632,-0.233632
1.000000,1.000000,0.23336,-0.23336
1.000000,1.000000,0.233087,-0.233087
1.000000,1.000000,0.232814,-0.232814
1.000000,1.000000,0.171887,-0.171887
1.000000,1.000000,0.171599,-0.171599
1.000000,1.000000,0.171311,-0.171311
1.000000,1.000000,0.171023,-0.171023
1.000000,1.000000,0.170735,-0.170735
1.000000,1.000000,0.13707,-0.13707
1.000000,1.000000,0.136774,-0.136774
1.000000,1.000000,0.136478,-0.136478
1.000000,1.000000,0.136181,-0.136181
1.000000,1.000000,0.106109,-0.106109
1.000000,1.000000,0.105806,-0.105806
1.000000,1.000000,0.105502,-0.105502
1.000000,1.000000,0.105198,-0.105198
1.000000,1.000000,0,-0
1.000000,1.000000,0,-0
1.000000,1.000000,0,-0
1.000000,1.000000,0,-0
1.000000,1.000000,0,-0
1.000000,1.000000,0.0610394,-0.0610394
1.000000,1.000000,0.0607247,-0.0607247
1.000000,1.000000,0.06041,-0.06041
1.000000,1.000000,0.0600952,-0.0600952
1.000000,1.000000,0.119347,-0.119347
1.000000,1.000000,0.119046,-0.119046
1.000000,1.000000,0.118746,-0.118746
1.000000,1.000000,0.118445,-0.118445
1.000000,1.000000,0.242325,-0.242325
1.000000,1.000000,0.242054,-0.242054
1.000000,1.000000,0.241783,-0.241783
1.000000,1.000000,0.241513,-0.241513
1.000000,1.000000,0.241242,-0.241242
1.000000,1.000000,0.204973,-0.204973
1.000000,1.000000,0.204703,-0.204703
1.000000,1.000000,0.204432,-0.204432
1.000000,1.000000,0.204162,-0.204162
1.000000,1.000000,0.0686131,-0.0686131
1.000000,1.000000,0.0683105,-0.0683105
1.000000,1.000000,0.0680079,-0.0680079
1.000000,1.000000,0.0677053,-0.0677053
1.000000,1.000000,0.249118,-0.249118
1.000000,1.000000,0.248858,-0.248858
1.000000,1.000000,0.248598,-0.248598
1.000000,1.000000,0.248338,-0.248338
1.000000,1.000000,0.248078,-0.248078
1.000000,1.000000,0.203311,-0.203311
1.000000,1.000000,0.20304,-0.20304
1.000000,1.000000,0.202769,-0.202769
1.000000,1.000000,0.202498,-0.202498
1.000000,1.000000,0.219529,-0.219529
1.000000,1.000000,0.219262,-0.219262
1.000000,1.000000,0.218995,-0.218995
1.000000,1.000000,0.218728,-0.218728
1.000000,1.000000,0.157045,-0.157045
1.000000,1.000000,0.156763,-0.156763
1.000000,1.000000,0.156481,-0.156481
1.000000,1.000000,0.156199,-0.156199
1.000000,1.000000,0.155917,-0.155917
1.000000,1.000000,0.12184,-0.12184
1.000000,1.000000,0.12155,-0.12155
1.000000,1.000000,0.12126,-0.12126
1.000000,1.000000,0.12097,-0.12097
1.000000,1.000000,0.0905328,-0.0905328
1.000000,1.000000,0.0902354,-0.0902354
1.000000,1.000000,0.0899379,-0.0899379
1.000000,1.000000,0.0896404,-0.0896404
1.000000,1.000000,0,-0
1.000000,1.000000,0,-0
1.000000,1.000000,0,-0
1.000000,1.000000,0,-0
1.000000,1.000000,0,-0
1.000000,1.000000,0.0449945,-0.0449945
1.000000,1.000000,0.0446864,-0.0446864
1.000000,1.000000,0.0443783,-0.0443783
1.000000,1.000000,0.04407,-0.04407
1.000000,1.000000,0.104065,-0.104065
1.000000,1.000000,0.103771,-0.103771
1.000000,1.000000,0.103477,-0.103477
1.000000,1.000000,0.103182,-0.103182
1.000000,1.000000,0.228601,-0.228601
1.000000,1.000000,0.228336,-0.228336
1.000000,1.000000,0.228071,-0.228071
1.000000,1.000000,0.227806,-0.227806
1.000000,1.000000,0.22754,-0.22754
1.000000,1.000000,0.190835,-0.190835
1.000000,1.000000,0.19057,-0.19057
1.000000,1.000000,0.190306,-0.190306
1.000000,1.000000,0.190042,-0.190042
1.000000,1.000000,0.0528395,-0.0528395
1.000000,1.000000,0.0525438,-0.0525438
1.000000,1.000000,0.052248,-0.052248
1.000000,1.000000,0.0519522,-0.0519522
1.000000,1.000000,0.235595,-0.235595
1.000000,1.000000,0.235341,-0.235341
1.000000,1.000000,0.235087,-0.235087
1.000000,1.000000,0.234833,-0.234833
1.000000,1.000000,0.234578,-0.234578
1.000000,1.000000,0.189274,-0.189274
1.000000,1.000000,0.18901,-0.18901
1.000000,1.000000,0.188745,-0.188745
1.000000,1.000000,0.18848,-0.18848
1.000000,1.000000,0.205728,-0.205728
1.000000,1.000000,0.205467,-0.205467
1.000000,1.000000,0.205206,-0.205206
1.000000,1.000000,0.204945,-0.204945
1.000000,1.000000,0.142523,-0.142523
1.000000,1.000000,0.142247,-0.142247
1.000000,1.000000,0.141972,-0.141972
1.000000,1.000000,0.141697,-0.141697
1.000000,1.000000,0.141421,-0.141421
1.000000,1.000000,0.106942,-0.106942
1.000000,1.000000,0.106659,-0.106659
1.000000,1.000000,0.106375,-0.106375
1.000000,1.000000,0.106092,-0.106092
1.000000,1.000000,0.0752975,-0.0752975
1.000000,1.000000,0.0750068,-0.0750068
1.000000,1.000000,0.0747162,-0.0747162
1.000000,1.000000,0.0744255,-0.0744255
1.000000,1.000000,0,-0
1.000000,1.000000,0,-0
1.000000,1.000000,0,-0
1.000000,1.000000,0,-0
1.000000,1.000000,0,-0
1.000000,1.000000,0.0293069,-0.0293069
1.000000,1.000000,0.0290059,-0.0290059
1.000000,1.000000,0.0287048,-0.0287048
1.000000,1.000000,0.0284035,-0.0284035
1.000000,1.000000,0.0891262,-0.0891262
1.000000,1.000000,0.0888387,-0.0888387
1.000000,1.000000,0.0885512,-0.0885512
1.000000,1.000000,0.0882636,-0.0882636
1.000000,1.000000,0.215186,-0.215186
1.000000,1.000000,0.214928,-0.214928
1.000000,1.000000,0.214669,-0.214669
1.000000,1.000000,0.21441,-0.21441
1.000000,1.000000,0.214151,-0.214151
1.000000,1.000000,0.177019,-0.177019
1.000000,1.000000,0.176761,-0.176761
1.000000,1.000000,0.176503,-0.176503
1.000000,1.000000,0.176244,-0.176244
1.000000,1.000000,0.0374273,-0.0374273
1.000000,1.000000,0.0371387,-0.0371387
1.000000,1.000000,0.0368502,-0.0368502
1.000000,1.000000,0.0365615,-0.0365615
1.000000,1.000000,0.222384,-0.222384
1.000000,1.000000,0.222136,-0.222136
1.000000,1.000000,0.221888,-0.221888
1.000000,1.000000,0.22164,-0.22164
1.000000,1.000000,0.221392,-0.221392
1.000000,1.000000,0.175564,-0.175564
1.000000,1.000000,0.175306,-0.175306
1.000000,1.000000,0.175047,-0.175047
1.000000,1.000000,0.174789,-0.174789
1.000000,1.000000,0.192249,-0.192249
1.000000,1.000000,0.191994,-0.191994
1.000000,1.000000,0.191739,-0.191739
1.000000,1.000000,0.191485,-0.191485
1.000000,1.000000,0.128342,-0.128342
1.000000,1.000000,0.128073,-0.128073
1.000000,1.000000,0.127804,-0.127804
1.000000,1.000000,0.127536,-0.127536
1.000000,1.000000,0.127267,-0.127267
1.000000,1.000000,0.0923955,-0.0923955
1.000000,1.000000,0.0921191,-0.0921191
1.000000,1.000000,0.0918425,-0.0918425
1.000000,1.000000,0.091566,-0.091566
1.000000,1.000000,0.060424,-0.060424
1.000000,1.000000,0.0601405,-0.0601405
1.000000,1.000000,0.0598569,-0.0598569
1.000000,1.000000,0.0595733,-0.0595733
1.000000,1.000000,0,-0
1.000000,1.000000,0,-0
1.000000,1.000000,0,-0
1.000000,1.000000,0,-0
1.000000,1.000000,0,-0
1.000000,1.000000,0.0139965,-0.0139965
1.000000,1.000000,0.0137028,-0.0137028
1.000000,1.000000,0.013409,-0.013409
1.000000,1.000000,0.0131153,-0.0131153
1.000000,1.000000,0.0745484,-0.0745484
1.000000,1.000000,0.074268,-0.074268
1.000000,1.000000,0.0739875,-0.0739875
1.000000,1.000000,0.073707,-0.073707
1.000000,1.000000,0.202098,-0.202098
1.000000,1.000000,0.201846,-0.201846
1.000000,1.000000,0.201593,-0.201593
1.000000,1.000000,0.201341,-0.201341
1.000000,1.000000,0.201088,-0.201088
1.000000,1.000000,0.16354,-0.16354
1.000000,1.000000,0.163289,-0.163289
1.000000,1.000000,0.163037,-0.163037
1.000000,1.000000,0.162786,-0.162786
1.000000,1.000000,0.0223937,-0.0223937
1.000000,1.000000,0.0221126,-0.0221126
1.000000,1.000000,0.0218314,-0.0218314
1.000000,1.000000,0.0215502,-0.0215502
1.000000,1.000000,0.209498,-0.209498
1.000000,1.000000,0.209257,-0.209257
1.000000,1.000000,0.209015,-0.209015
1.000000,1.000000,0.208773,-0.208773
1.000000,1.000000,0.208531,-0.208531
1.000000,1.000000,0.162193,-0.162193
1.000000,1.000000,0.161942,-0.161942
1.000000,1.000000,0.16169,-0.16169
1.000000,1.000000,0.161438,-0.161438
1.000000,1.000000,0.179105,-0.179105
1.000000,1.000000,0.178857,-0.178857
1.000000,1.000000,0.178609,-0.178609
1.000000,1.000000,0.178361,-0.178361
1.000000,1.000000,0.114515,-0.114515
1.000000,1.000000,0.114253,-0.114253
1.000000,1.000000,0.113991,-0.113991
1.000000,1.000000,0.11373,-0.11373
1.000000,1.000000,0.113468,-0.113468
1.000000,1.000000,0.0782148,-0.0782148
1.000000,1.000000,0.0779454,-0.0779454
1.000000,1.000000,0.0776759,-0.0776759
1.000000,1.000000,0.0774065,-0.0774065
1.000000,1.000000,0.0459259,-0.0459259
1.000000,1.000000,0.0456496,-0.0456496
1.000000,1.000000,0.0453734,-0.0453734
1.000000,1.000000,0.0450972,-0.0450972
1.000000,1.000000,0,-0
1.000000,1.000000,0,-0
1.000000,1.000000,0,-0
1.000000,1.000000,0,-0
1.000000,1.000000,0,-0
1.000000,1.000000,0,-0
1.000000,1.000000,0,-0
1.000000,1.000000,0,-0
1.000000,1.000000,0,-0
1.000000,1.000000,0.0603435,-0.0603435
1.000000,1.000000,0.0600704,-0.0600704
1.000000,1.000000,0.0597972,-0.0597972
1.000000,1.000000,0.0595239,-0.0595239
1.000000,1.000000,0.189347,-0.189347
1.000000,1.000000,0.189101,-0.189101
1.000000,1.000000,0.188855,-0.188855
1.000000,1.000000,0.188609,-0.188609
1.000000,1.000000,0.188363,-0.188363
1.000000,1.000000,0.188363,-0.188363
1.000000,1.000000,0.15041,-0.15041
1.000000,1.000000,0.150165,-0.150165
1.000000,1.000000,0.149921,-0.149921
1.000000,1.000000,0.149676,-0.149676
1.000000,1.000000,0.00775015,-0.00775015
1.000000,1.000000,0.00747681,-0.00747681
1.000000,1.000000,0.00720334,-0.00720334
1.000000,1.000000,0.00692976,-0.00692976
1.000000,1.000000,0.196949,-0.196949
1.000000,1.000000,0.196714,-0.196714
1.000000,1.000000,0.196479,-0.196479
1.000000,1.000000,0.196244,-0.196244
1.000000,1.000000,0.196008,-0.196008
1.000000,1.000000,0.149173,-0.149173
1.000000,1.000000,0.148929,-0.148929
1.000000,1.000000,0.148684,-0.148684
1.000000,1.000000,0.148439,-0.148439
1.000000,1.000000,0.166308,-0.166308
1.000000,1.000000,0.166067,-0.166067
1.000000,1.000000,0.165825,-0.165825
1.000000,1.000000,0.165584,-0.165584
1.000000,1.000000,0.101054,-0.101054
1.000000,1.000000,0.1008,-0.1008
1.000000,1.000000,0.100545,-0.100545
1.000000,1.000000,0.100291,-0.100291
1.000000,1.000000,0.100036,-0.100036
1.000000,1.000000,0.0644119,-0.0644119
1.000000,1.000000,0.06415,-0.06415
1.000000,1.000000,0.063888,-0.063888
1.000000,1.000000,0.0636259,-0.0636259
1.000000,1.000000,0.0318161,-0.0318161
1.000000,1.000000,0.0315475,-0.0315475
1.000000,1.000000,0.031279,-0.031279
1.000000,1.000000,0.0310103,-0.0310103
1.000000,1.000000,0,-0
1.000000,1.000000,0,-0
1.000000,1.000000,0,-0
1.000000,1.000000,0,-0
1.000000,1.000000,0,-0
1.000000,1.000000,0,-0
1.000000,1.000000,0,-0
1.000000,1.000000,0,-0
1.000000,1.000000,0,-0
1.000000,1.000000,0.0465252,-0.0465252
1.000000,1.000000,0.0462596,-0.0462596
1.000000,1.000000,0.0459939,-0.0459939
1.000000,1.000000,0.0457283,-0.0457283
1.000000,1.000000,0.176943,-0.176943
1.000000,1.000000,0.176704,-0.176704
1.000000,1.000000,0.176465,-0.176465
1.000000,1.000000,0.176226,-0.176226
1.000000,1.000000,0.175987,-0.175987
1.000000,1.000000,0.137641,-0.137641
1.000000,1.000000,0.137404,-0.137404
1.000000,1.000000,0.137166,-0.137166
1.000000,1.000000,0.136929,-0.136929
1.000000,1.000000,0,-0
1.000000,1.000000,0,-0
1.000000,1.000000,0,-0
1.000000,1.000000,0,-0
1.000000,1.000000,0.184749,-0.184749
1.000000,1.000000,0.18452,-0.18452
1.000000,1.000000,0.184292,-0.184292
1.000000,1.000000,0.184064,-0.184064
1.000000,1.000000,0.183836,-0.183836
1.000000,1.000000,0.136518,-0.136518
1.000000,1.000000,0.136281,-0.136281
1.000000,1.000000,0.136043,-0.136043
1.000000,1.000000,0.135805,-0.135805
1.000000,1.000000,0.153871,-0.153871
1.000000,1.000000,0.153637,-0.153637
1.000000,1.000000,0.153403,-0.153403
1.000000,1.000000,0.153169,-0.153169
1.000000,1.000000,0.0879755,-0.0879755
1.000000,1.000000,0.0877285,-0.0877285
1.000000,1.000000,0.0874814,-0.0874814
1.000000,1.000000,0.0872344,-0.0872344
1.000000,1.000000,0.0869873,-0.0869873
1.000000,1.000000,0.0510027,-0.0510027
1.000000,1.000000,0.0507486,-0.0507486
1.000000,1.000000,0.0504943,-0.0504943
1.000000,1.000000,0.05024,-0.05024
1.000000,1.000000,0.018111,-0.018111
1.000000,1.000000,0.0178504,-0.0178504
1.000000,1.000000,0.0175898,-0.0175898
1.000000,1.000000,0.0173291,-0.0173291
1.000000,1.000000,0,-0
1.000000,1.000000,0,-0
1.000000,1.000000,0,-0
1.000000,1.000000,0,-0
1.000000,1.000000,0,-0
1.000000,1.000000,0,-0
1.000000,1.000000,0,-0
1.000000,1.000000,0,-0
1.000000,1.000000,0,-0
1.000000,1.000000,0.0331104,-0.0331104
1.000000,1.000000,0.0328526,-0.0328526
1.000000,1.000000,0.0325949,-0.0325949
1.000000,1.000000,0.0323372,-0.0323372
1.000000,1.000000,0.164904,-0.164904
1.000000,1.000000,0.164672,-0.164672
1.000000,1.000000,0.16444,-0.16444
1.000000,1.000000,0.164208,-0.164208
1.000000,1.000000,0.163976,-0.163976
1.000000,1.000000,0.125249,-0.125249
1.000000,1.000000,0.125019,-0.125019
1.000000,1.000000,0.124789,-0.124789
1.000000,1.000000,0.124559,-0.124559
1.000000,1.000000,0,-0
1.000000,1.000000,0,-0
1.000000,1.000000,0,-0
1.000000,1.000000,0,-0
1.000000,1.000000,0.172912,-0.172912
1.000000,1.000000,0.172691,-0.172691
1.000000,1.000000,0.172469,-0.172469
1.000000,1.000000,0.172248,-0.172248
1.000000,1.000000,0.172027,-0.172027
1.000000,1.000000,0.124242,-0.124242
1.000000,1.000000,0.124012,-0.124012
1.000000,1.000000,0.123782,-0.123782
1.000000,1.000000,0.123551,-0.123551
1.000000,1.000000,0.141808,-0.141808
1.000000,1.000000,0.141581,-0.141581
1.000000,1.000000,0.141355,-0.141355
1.000000,1.000000,0.141128,-0.141128
1.000000,1.000000,0.075291,-0.075291
1.000000,1.000000,0.0750518,-0.0750518
1.000000,1.000000,0.0748124,-0.0748124
1.000000,1.000000,0.0745729,-0.0745729
1.000000,1.000000,0.0743335,-0.0743335
1.000000,1.000000,0.0380002,-0.0380002
1.000000,1.000000,0.0377539,-0.0377539
1.000000,1.000000,0.0375077,-0.0375077
1.000000,1.000000,0.0372612,-0.0372612
1.000000,1.000000,0.00482321,-0.00482321
1.000000,1.000000,0.00457072,-0.00457072
1.000000,1.000000,0.00431812,-0.00431812
1.000000,1.000000,0.00406551,-0.00406551
1.000000,1.000000,0,-0
1.000000,1.000000,0,-0
1.000000,1.000000,0,-0
1.000000,1.000000,0,-0
1.000000,1.000000,0,-0
1.000000,1.000000,0,-0
1.000000,1.000000,0,-0
1.000000,1.000000,0,-0
1.000000,1.000000,0,-0
1.000000,1.000000,0.0201093,-0.0201093
1.000000,1.000000,0.0198596,-0.0198596
1.000000,1.000000,0.0196099,-0.0196099
1.000000,1.000000,0.0193602,-0.0193602
1.000000,1.000000,0.153238,-0.153238
1.000000,1.000000,0.153013,-0.153013
1.000000,1.000000,0.152789,-0.152789
1.000000,1.000000,0.152564,-0.152564
1.000000,1.000000,0.152339,-0.152339
1.000000,1.000000,0.113243,-0.113243
1.000000,1.000000,0.113021,-0.113021
1.000000,1.000000,0.112798,-0.112798
1.000000,1.000000,0.112576,-0.112576
1.000000,1.000000,0,-0
1.000000,1.000000,0,-0
1.000000,1.000000,0,-0
1.000000,1.000000,0,-0
1.000000,1.000000,0.161445,-0.161445
1.000000,1.000000,0.161232,-0.161232
1.000000,1.000000,0.161018,-0.161018
1.000000,1.000000,0.160804,-0.160804
1.000000,1.000000,0.16059,-0.16059
1.000000,1.000000,0.112352,-0.112352
1.000000,1.000000,0.112129,-0.112129
1.000000,1.000000,0.111907,-0.111907
1.000000,1.000000,0.111684,-0.111684
1.000000,1.000000,0.130126,-0.130126
1.000000,1.000000,0.129907,-0.129907
1.000000,1.000000,0.129687,-0.129687
1.000000,1.000000,0.129468,-0.129468
1.000000,1.000000,0.0630087,-0.0630087
1.000000,1.000000,0.0627772,-0.0627772
1.000000,1.000000,0.0625455,-0.0625455
1.000000,1.000000,0.0623139,-0.0623139
1.000000,1.000000,0.0620823,-0.0620823
1.000000,1.000000,0.0254116,-0.0254116
1.000000,1.000000,0.0251734,-0.0251734
1.000000,1.000000,0.024935,-0.024935
1.000000,1.000000,0.0246967,-0.0246967
1.000000,1.000000,0,-0
1.000000,1.000000,0,-0
1.000000,1.000000,0,-0
1.000000,1.000000,0,-0
1.000000,1.000000,0,-0
1.000000,1.000000,0,-0
1.000000,1.000000,0,-0
1.000000,1.000000,0,-0
1.000000,1.000000,0,-0
1.000000,1.000000,0,-0
1.000000,1.000000,0,-0
1.000000,1.000000,0,-0
1.000000,1.000000,0,-0
1.000000,1.000000,0.00752831,-0.00752831
1.000000,1.000000,0.00728679,-0.00728679
1.000000,1.000000,0.00704527,-0.00704527
1.000000,1.000000,0.00680363,-0.00680363
1.000000,1.000000,0.14195,-0.14195
1.000000,1.000000,0.141733,-0.141733
1.000000,1.000000,0.141515,-0.141515
1.000000,1.000000,0.141298,-0.141298
1.000000,1.000000,0.14108,-0.14108
1.000000,1.000000,0.101628,-0.101628
1.000000,1.000000,0.101412,-0.101412
1.000000,1.000000,0.101197,-0.101197
1.000000,1.000000,0.100981,-0.100981
1.000000,1.000000,0,-0
1.000000,1.000000,0,-0
1.000000,1.000000,0,-0
1.000000,1.000000,0,-0
1.000000,1.000000,0.150352,-0.150352
1.000000,1.000000,0.150144,-0.150144
1.000000,1.000000,0.149937,-0.149937
1.000000,1.000000,0.14973,-0.14973
1.000000,1.000000,0.149523,-0.149523
1.000000,1.000000,0.100847,-0.100847
1.000000,1.000000,0.100632,-0.100632
1.000000,1.000000,0.100416,-0.100416
1.000000,1.000000,0.1002,-0.1002
1.000000,1.000000,0.118822,-0.118822
1.000000,1.000000,0.11861,-0.11861
1.000000,1.000000,0.118397,-0.118397
1.000000,1.000000,0.118185,-0.118185
1.000000,1.000000,0.051123,-0.051123
1.000000,1.000000,0.0508988,-0.0508988
1.000000,1.000000,0.0506747,-0.0506747
1.000000,1.000000,0.0504504,-0.0504504
1.000000,1.000000,0.0502262,-0.0502262
1.000000,1.000000,0.0132289,-0.0132289
1.000000,1.000000,0.0129982,-0.0129982
1.000000,1.000000,0.0127676,-0.0127676
1.000000,1.000000,0.0125368,-0.0125368
1.000000,1.000000,0,-0
1.000000,1.000000,0,-0
1.000000,1.000000,0,-0
1.000000,1.000000,0,-0
1.000000,1.000000,0,-0
1.000000,1.000000,0,-0
1.000000,1.000000,0,-0
1.000000,1.000000,0,-0
1.000000,1.000000,0,-0
1.000000,1.000000,0,-0
1.000000,1.000000,0,-0
1.000000,1.000000,0,-0
1.000000,1.000000,0,-0
1.000000,1.000000,0,-0
1.000000,1.000000,0,-0
1.000000,1.000000,0,-0
1.000000,1.000000,0,-0
1.000000,1.000000,0.131024,-0.131024
1.000000,1.000000,0.130813,-0.130813
1.000000,1.000000,0.130603,-0.130603
1.000000,1.000000,0.130392,-0.130392
1.000000,1.000000,0.130182,-0.130182
1.000000,1.000000,0.0903832,-0.0903832
1.000000,1.000000,0.0901746,-0.0901746
1.000000,1.000000,0.0899658,-0.0899658
1.000000,1.000000,0.0897571,-0.0897571
1.000000,1.000000,0,-0
1.000000,1.000000,0,-0
1.000000,1.000000,0,-0
1.000000,1.000000,0,-0
1.000000,1.000000,0.139611,-0.139611
1.000000,1.000000,0.139411,-0.139411
1.000000,1.000000,0.13921,-0.13921
1.000000,1.000000,0.139009,-0.139009
1.000000,1.000000,0.138809,-0.138809
1.000000,1.000000,0.0897092,-0.0897092
1.000000,1.000000,0.0895003,-0.0895003
1.000000,1.000000,0.0892915,-0.0892915
1.000000,1.000000,0.0890826,-0.0890826
1.000000,1.000000,0.107878,-0.107878
1.000000,1.000000,0.107672,-0.107672
1.000000,1.000000,0.107467,-0.107467
1.000000,1.000000,0.107261,-0.107261
1.000000,1.000000,0.0396155,-0.0396155
1.000000,1.000000,0.0393984,-0.0393984
1.000000,1.000000,0.0391814,-0.0391814
1.000000,1.000000,0.0389643,-0.0389643
1.000000,1.000000,0.0387471,-0.0387471
1.000000,1.000000,0.00143349,-0.00143349
1.000000,1.000000,0.00121009,-0.00121009
1.000000,1.000000,0.000986696,-0.000986696
1.000000,1.000000,0.000763297,-0.000763297
1.000000,1.000000,0,-0
1.000000,1.000000,0,-0
1.000000,1.000000,0,-0
1.000000,1.000000,0,-0
1.000000,1.000000,0,-0
1.000000,1.000000,0,-0
1.000000,1.000000,0,-0
1.000000,1.000000,0,-0
1.000000,1.000000,0,-0
1.000000,1.000000,0,-0
1.000000,1.000000,0,-0
1.000000,1.000000,0,-0
1.000000,1.000000,0,-0
1.000000,1.000000,0,-0
1.000000,1.000000,0,-0
1.000000,1.000000,0,-0
1.000000,1.000000,0,-0
1.000000,1.000000,0.120443,-0.120443
1.000000,1.000000,0.120239,-0.120239
1.000000,1.000000,0.120035,-0.120035
1.000000,1.000000,0.119831,-0.119831
1.000000,1.000000,0.119628,-0.119628
1.000000,1.000000,0.119628,-0.119628
1.000000,1.000000,0.0794948,-0.0794948
1.000000,1.000000,0.079293,-0.079293
1.000000,1.000000,0.0790913,-0.0790913
1.000000,1.000000,0.0788895,-0.0788895
1.000000,1.000000,0,-0
1.000000,1.000000,0,-0
1.000000,1.000000,0,-0
1.000000,1.000000,0,-0
1.000000,1.000000,0.129214,-0.129214
1.000000,1.000000,0.12902,-0.12902
1.000000,1.000000,0.128826,-0.128826
1.000000,1.000000,0.128632,-0.128632
1.000000,1.000000,0.128438,-0.128438
1.000000,1.000000,0.0789282,-0.0789282
1.000000,1.000000,0.0787264,-0.0787264
1.000000,1.000000,0.0785246,-0.0785246
1.000000,1.000000,0.0783226,-0.0783226
1.000000,1.000000,0.0972867,-0.0972867
1.000000,1.000000,0.0970877,-0.0970877
1.000000,1.000000,0.0968888,-0.0968888
1.000000,1.000000,0.0966897,-0.0966897
1.000000,1.000000,0.0284802,-0.0284802
1.000000,1.000000,0.0282704,-0.0282704
1.000000,1.000000,0.0280604,-0.0280604
1.000000,1.000000,0.0278506,-0.0278506
1.000000,1.000000,0.0276407,-0.0276407
1.000000,1.000000,0,-0
1.000000,1.000000,0,-0
1.000000,1.000000,0,-0
1.000000,1.000000,0,-0
1.000000,1.000000,0,-0
1.000000,1.000000,0,-0
1.000000,1.000000,0,-0
1.000000,1.000000,0,-0
1.000000,1.000000,0,-0
1.000000,1.000000,0,-0
1.000000,1.000000,0,-0
1.000000,1.000000,0,-0
1.000000,1.000000,0,-0
1.000000,1.000000,0,-0
1.000000,1.000000,0,-0
1.000000,1.000000,0,-0
1.000000,1.000000,0,-0
1.000000,1.000000,0,-0
1.000000,1.000000,0,-0
1.000000,1.000000,0,-0
1.000000,1.000000,0,-0
1.000000,1.000000,0.110213,-0.110213
1.000000,1.000000,0.110016,-0.110016
1.000000,1.000000,0.109819,-0.109819
1.000000,1.000000,0.109622,-0.109622
1.000000,1.000000,0.109425,-0.109425
1.000000,1.000000,0.0689696,-0.0689696
1.000000,1.000000,0.0687748,-0.0687748
1.000000,1.000000,0.06858,-0.06858
1.000000,1.000000,0.0683852,-0.0683852
1.000000,1.000000,0,-0
1.000000,1.000000,0,-0
1.000000,1.000000,0,-0
1.000000,1.000000,0,-0
1.000000,1.000000,0.119166,-0.119166
1.000000,1.000000,0.118979,-0.118979
1.000000,1.000000,0.118791,-0.118791
1.000000,1.000000,0.118604,-0.118604
1.000000,1.000000,0.118417,-0.118417
1.000000,1.000000,0.0685111,-0.0685111
1.000000,1.000000,0.0683163,-0.0683163
1.000000,1.000000,0.0681214,-0.0681214
1.000000,1.000000,0.0679265,-0.0679265
1.000000,1.000000,0.0870535,-0.0870535
1.000000,1.000000,0.0868616,-0.0868616
1.000000,1.000000,0.0866696,-0.0866696
1.000000,1.000000,0.0864775,-0.0864775
1.000000,1.000000,0.0177231,-0.0177231
1.000000,1.000000,0.0175205,-0.0175205
1.000000,1.000000,0.017318,-0.017318
1.000000,1.000000,0.0171155,-0.0171155
1.000000,1.000000,0.0169128,-0.0169128
1.000000,1.000000,0,-0
1.000000,1.000000,0,-0
1.000000,1.000000,0,-0
1.000000,1.000000,0,-0
1.000000,1.000000,0,-0
1.000000,1.000000,0,-0
1.000000,1.000000,0,-0
0.979349,0.979349,0,-0
0.979349,0.979349,0,-0
0.979349,0.979349,0,-0
0.979349,0.979349,0,-0
0.979349,0.979349,0,-0
1.000000,1.000000,0,-0
1.000000,1.000000,0,-0
1.000000,1.000000,0,-0
1.000000,1.000000,0,-0
1.000000,1.000000,0,-0
1.000000,1.000000,0,-0
1.000000,1.000000,0,-0
1.000000,1.000000,0,-0
1.000000,1.000000,0,-0
1.000000,1.000000,0.100339,-0.100339
1.000000,1.000000,0.100149,-0.100149
1.000000,1.000000,0.099959,-0.099959
1.000000,1.000000,0.0997689,-0.0997689
1.000000,1.000000,0.0995789,-0.0995789
1.000000,1.000000,0.0588118,-0.0588118
1.000000,1.000000,0.0586241,-0.0586241
1.000000,1.000000,0.0584366,-0.0584366
1.000000,1.000000,0.058249,-0.058249
1.000000,1.000000,0,-0
1.000000,1.000000,0,-0
1.000000,1.000000,0,-0
1.000000,1.000000,0,-0
1.000000,1.000000,0.109472,-0.109472
1.000000,1.000000,0.109291,-0.109291
1.000000,1.000000,0.109111,-0.109111
1.000000,1.000000,0.108931,-0.108931
1.000000,1.000000,0.10875,-0.10875
1.000000,1.000000,0.0584629,-0.0584629
1.000000,1.000000,0.0582752,-0.0582752
1.000000,1.000000,0.0580875,-0.0580875
1.000000,1.000000,0.0578998,-0.0578998
1.000000,1.000000,0.0771846,-0.0771846
1.000000,1.000000,0.0769995,-0.0769995
1.000000,1.000000,0.0768147,-0.0768147
1.000000,1.000000,0.0766296,-0.0766296
1.000000,1.000000,0.00735033,-0.00735033
1.000000,1.000000,0.0071553,-0.0071553
1.000000,1.000000,0.00696015,-0.00696015
1.000000,1.000000,0.00676513,-0.00676513
1.000000,1.000000,0.00656998,-0.00656998
1.000000,1.000000,0,-0
1.000000,1.000000,0,-0
1.000000,1.000000,0,-0
1.000000,1.000000,0,-0
1.000000,1.000000,0,-0
1.000000,1.000000,0,-0
1.000000,1.000000,0,-0
0.979349,0.979349,0,-0
0.979349,0.979349,0,-0
0.979349,0.979349,0,-0
0.979349,0.979349,0,-0
0.979349,0.979349,0,-0
1.000000,1.000000,0,-0
1.000000,1.000000,0,-0
1.000000,1.000000,0,-0
1.000000,1.000000,0,-0
1.000000,1.000000,0,-0
1.000000,1.000000,0,-0
1.000000,1.000000,0,-0
1.000000,1.000000,0,-0
1.000000,1.000000,0,-0
1.000000,1.000000,0.0908279,-0.0908279
1.000000,1.000000,0.090645,-0.090645
1.000000,1.000000,0.090462,-0.090462
1.000000,1.000000,0.090279,-0.090279
1.000000,1.000000,0.090096,-0.090096
1.000000,1.000000,0.0490298,-0.0490298
1.000000,1.000000,0.0488497,-0.0488497
1.000000,1.000000,0.0486696,-0.0486696
1.000000,1.000000,0.0484895,-0.0484895
1.000000,1.000000,0,-0
1.000000,1.000000,0,-0
1.000000,1.000000,0,-0
1.000000,1.000000,0,-0
1.000000,1.000000,0.10014,-0.10014
1.000000,1.000000,0.0999675,-0.0999675
1.000000,1.000000,0.0997944,-0.0997944
1.000000,1.000000,0.0996213,-0.0996213
1.000000,1.000000,0.0994481,-0.0994481
1.000000,1.000000,0.0487939,-0.0487939
1.000000,1.000000,0.0486138,-0.0486138
1.000000,1.000000,0.0484337,-0.0484337
1.000000,1.000000,0.0482535,-0.0482535
1.000000,1.000000,0.0676904,-0.0676904
1.000000,1.000000,0.0675129,-0.0675129
1.000000,1.000000,0.0673354,-0.0673354
1.000000,1.000000,0.0671577,-0.0671577
1.000000,1.000000,0,-0
1.000000,1.000000,0,-0
1.000000,1.000000,0,-0
1.000000,1.000000,0,-0
1.000000,1.000000,0,-0
1.000000,1.000000,0,-0
1.000000,1.000000,0,-0
1.000000,1.000000,0,-0
1.000000,1.000000,0,-0
1.000000,1.000000,0,-0
1.000000,1.000000,0,-0
1.000000,1.000000,0,-0
0.979349,0.979349,0,-0
0.979349,0.979349,0,-0
0.979349,0.979349,0,-0
0.979349,0.979349,0,-0
0.979349,0.979349,0,-0
1.000000,1.000000,0,-0
1.000000,1.000000,0,-0
1.000000,1.000000,0,-0
1.000000,1.000000,0,-0
1.000000,1.000000,0,-0
1.000000,1.000000,0,-0
1.000000,1.000000,0,-0
1.000000,1.000000,0,-0
1.000000,1.000000,0,-0
1.000000,1.000000,0.0816958,-0.0816958
1.000000,1.000000,0.0815202,-0.0815202
1.000000,1.000000,0.0813446,-0.0813446
1.000000,1.000000,0.0811689,-0.0811689
1.000000,1.000000,0.0809933,-0.0809933
1.000000,1.000000,0.0396405,-0.0396405
1.000000,1.000000,0.0394682,-0.0394682
1.000000,1.000000,0.0392959,-0.0392959
1.000000,1.000000,0.0391235,-0.0391235
1.000000,1.000000,0,-0
1.000000,1.000000,0,-0
1.000000,1.000000,0,-0
1.000000,1.000000,0,-0
1.000000,1.000000,0.0911887,-0.0911887
1.000000,1.000000,0.0910232,-0.0910232
1.000000,1.000000,0.0908576,-0.0908576
1.000000,1.000000,0.090692,-0.090692
1.000000,1.000000,0.0905263,-0.0905263
1.000000,1.000000,0.0395212,-0.0395212
1.000000,1.000000,0.0393488,-0.0393488
1.000000,1.000000,0.0391765,-0.0391765
1.000000,1.000000,0.0390042,-0.0390042
1.000000,1.000000,0.0585877,-0.0585877
1.000000,1.000000,0.0584179,-0.0584179
1.000000,1.000000,0.058248,-0.058248
1.000000,1.000000,0.0580782,-0.0580782
1.000000,1.000000,0,-0
1.000000,1.000000,0,-0
1.000000,1.000000,0,-0
1.000000,1.000000,0,-0
1.000000,1.000000,0,-0
1.000000,1.000000,0,-0
1.000000,1.000000,0,-0
1.000000,1.000000,0,-0
1.000000,1.000000,0,-0
1.000000,1.000000,0,-0
1.000000,1.000000,0,-0
1.000000,1.000000,0,-0
0.979349,0.979349,0,-0
0.979349,0.979349,0,-0
0.979349,0.979349,0,-0
0.979349,0.979349,0,-0
0.979349,0.979349,0,-0
1.000000,1.000000,0,-0
1.000000,1.000000,0,-0
1.000000,1.000000,0,-0
1.000000,1.000000,0,-0
1.000000,1.000000,0,-0
1.000000,1.000000,0,-0
1.000000,1.000000,0,-0
1.000000,1.000000,0,-0
1.000000,1.000000,0,-0
1.000000,1.000000,0.072958,-0.072958
1.000000,1.000000,0.07279,-0.07279
1.000000,1.000000,0.0726221,-0.0726221
1.000000,1.000000,0.0724541,-0.0724541
1.000000,1.000000,0.0722861,-0.0722861
1.000000,1.000000,0.0306597,-0.0306597
1.000000,1.000000,0.0304953,-0.0304953
1.000000,1.000000,0.0303309,-0.0303309
1.000000,1.000000,0.0301664,-0.0301664
1.000000,1.000000,0,-0
1.000000,1.000000,0,-0
1.000000,1.000000,0,-0
1.000000,1.000000,0,-0
1.000000,1.000000,0.0826298,-0.0826298
1.000000,1.000000,0.0824718,-0.0824718
1.000000,1.000000,0.0823139,-0.0823139
1.000000,1.000000,0.0821559,-0.0821559
1.000000,1.000000,0.0819979,-0.0819979
1.000000,1.000000,0.0306576,-0.0306576
1.000000,1.000000,0.0304933,-0.0304933
1.000000,1.000000,0.0303289,-0.0303289
1.000000,1.000000,0.0301644,-0.0301644
1.000000,1.000000,0.0498885,-0.0498885
1.000000,1.000000,0.0497265,-0.0497265
1.000000,1.000000,0.0495645,-0.0495645
1.000000,1.000000,0.0494024,-0.0494024
1.000000,1.000000,0,-0
1.000000,1.000000,0,-0
1.000000,1.000000,0,-0
1.000000,1.000000,0,-0
1.000000,1.000000,0,-0
1.000000,1.000000,0,-0
1.000000,1.000000,0,-0
1.000000,1.000000,0,-0
1.000000,1.000000,0,-0
1.000000,1.000000,0,-0
1.000000,1.000000,0,-0
1.000000,1.000000,0,-0
0.979349,0.979349,0,-0
0.979349,0.979349,0,-0
0.979349,0.979349,0,-0
0.979349,0.979349,0,-0
0.979349,0.979349,0,-0
1.000000,1.000000,0,-0
1.000000,1.000000,0,-0
1.000000,1.000000,0,-0
1.000000,1.000000,0,-0
1.000000,1.000000,0,-0
1.000000,1.000000,0,-0
1.000000,1.000000,0,-0
1.000000,1.000000,0,-0
1.000000,1.000000,0,-0
1.000000,1.000000,0.0646209,-0.0646209
1.000000,1.000000,0.0644606,-0.0644606
1.000000,1.000000,0.0643004,-0.0643004
1.000000,1.000000,0.0641402,-0.0641402
1.000000,1.000000,0.06398,-0.06398
1.000000,1.000000,0.06398,-0.06398
1.000000,1.000000,0.0220929,-0.0220929
1.000000,1.000000,0.0219365,-0.0219365
1.000000,1.000000,0.0217801,-0.0217801
1.000000,1.000000,0.0216236,-0.0216236
1.000000,1.000000,0,-0
1.000000,1.000000,0,-0
1.000000,1.000000,0,-0
1.000000,1.000000,0,-0
1.000000,1.000000,0.0744689,-0.0744689
1.000000,1.000000,0.0743185,-0.0743185
1.000000,1.000000,0.0741683,-0.0741683
1.000000,1.000000,0.074018,-0.074018
1.000000,1.000000,0.0738677,-0.0738677
1.000000,1.000000,0.0222083,-0.0222083
1.000000,1.000000,0.0220519,-0.0220519
1.000000,1.000000,0.0218955,-0.0218955
1.000000,1.000000,0.021739,-0.021739
1.000000,1.000000,0.0415976,-0.0415976
1.000000,1.000000,0.0414435,-0.0414435
1.000000,1.000000,0.0412892,-0.0412892
1.000000,1.000000,0.0411351,-0.0411351
1.000000,1.000000,0,-0
1.000000,1.000000,0,-0
1.000000,1.000000,0,-0
1.000000,1.000000,0,-0
1.000000,1.000000,0,-0
1.000000,1.000000,0,-0
1.000000,1.000000,0,-0
1.000000,1.000000,0,-0
1.000000,1.000000,0,-0
1.000000,1.000000,0,-0
1.000000,1.000000,0,-0
1.000000,1.000000,0,-0
0.979349,0.979349,0,-0
0.979349,0.979349,0,-0
0.979349,0.979349,0,-0
0.979349,0.979349,0,-0
0.979349,0.979349,0,-0
1.000000,1.000000,0,-0
1.000000,1.000000,0,-0
1.000000,1.000000,0,-0
1.000000,1.000000,0,-0
1.000000,1.000000,0,-0
1.000000,1.000000,0,-0
1.000000,1.000000,0,-0
1.000000,1.000000,0,-0
1.000000,1.000000,0,-0
1.000000,1.000000,0.0566876,-0.0566876
1.000000,1.000000,0.0565352,-0.0565352
1.000000,1.000000,0.0563828,-0.0563828
1.000000,1.000000,0.0562304,-0.0562304
1.000000,1.000000,0.056078,-0.056078
1.000000,1.000000,0.0139436,-0.0139436
1.000000,1.000000,0.0137951,-0.0137951
1.000000,1.000000,0.0136468,-0.0136468
1.000000,1.000000,0.0134984,-0.0134984
1.000000,1.000000,0,-0
1.000000,1.000000,0,-0
1.000000,1.000000,0,-0
1.000000,1.000000,0,-0
1.000000,1.000000,0.0667093,-0.0667093
1.000000,1.000000,0.0665667,-0.0665667
1.000000,1.000000,0.0664243,-0.0664243
1.000000,1.000000,0.0662817,-0.0662817
1.000000,1.000000,0.0661391,-0.0661391
1.000000,1.000000,0.0141771,-0.0141771
1.000000,1.000000,0.0140288,-0.0140288
1.000000,1.000000,0.0138805,-0.0138805
1.000000,1.000000,0.0137321,-0.0137321
1.000000,1.000000,0.0337188,-0.0337188
1.000000,1.000000,0.0335727,-0.0335727
1.000000,1.000000,0.0334265,-0.0334265
1.000000,1.000000,0.0332804,-0.0332804
1.000000,1.000000,0,-0
1.000000,1.000000,0,-0
1.000000,1.000000,0,-0
1.000000,1.000000,0,-0
1.000000,1.000000,0,-0
1.000000,1.000000,0,-0
1.000000,1.000000,0,-0
1.000000,1.000000,0,-0
1.000000,1.000000,0,-0
1.000000,1.000000,0,-0
1.000000,1.000000,0,-0
1.000000,1.000000,0,-0
0.979349,0.979349,0,-0
0.979349,0.979349,0,-0
0.979349,0.979349,0,-0
0.979349,0.979349,0,-0
0.979349,0.979349,0,-0
1.000000,1.000000,0,-0
1.000000,1.000000,0,-0
1.000000,1.000000,0,-0
1.000000,1.000000,0,-0
1.000000,1.000000,0,-0
1.000000,1.000000,0,-0
1.000000,1.000000,0,-0
1.000000,1.000000,0,-0
1.000000,1.000000,0,-0
1.000000,1.000000,0.0491636,-0.0491636
1.000000,1.000000,0.0490191,-0.0490191
1.000000,1.000000,0.0488746,-0.0488746
1.000000,1.000000,0.0487301,-0.0487301
1.000000,1.000000,0.0485857,-0.0485857
1.000000,1.000000,0.00621724,-0.00621724
1.000000,1.000000,0.00607717,-0.00607717
1.000000,1.000000,0.00593722,-0.00593722
1.000000,1.000000,0.00579715,-0.00579715
1.000000,1.000000,0,-0
1.000000,1.000000,0,-0
1.000000,1.000000,0,-0
1.000000,1.000000,0,-0
1.000000,1.000000,0.0593576,-0.0593576
1.000000,1.000000,0.0592232,-0.0592232
1.000000,1.000000,0.0590887,-0.0590887
1.000000,1.000000,0.0589542,-0.0589542
1.000000,1.000000,0.0588197,-0.0588197
1.000000,1.000000,0.00657165,-0.00657165
1.000000,1.000000,0.0064317,-0.0064317
1.000000,1.000000,0.00629163,-0.00629163
1.000000,1.000000,0.00615168,-0.00615168
1.000000,1.000000,0.0262605,-0.0262605
1.000000,1.000000,0.0261226,-0.0261226
1.000000,1.000000,0.0259846,-0.0259846
1.000000,1.000000,0.0258466,-0.0258466
1.000000,1.000000,0,-0
1.000000,1.000000,0,-0
1.000000,1.000000,0,-0
1.000000,1.000000,0,-0
1.000000,1.000000,0,-0
1.000000,1.000000,0,-0
1.000000,1.000000,0,-0
1.000000,1.000000,0,-0
1.000000,1.000000,0,-0
1.000000,1.000000,0,-0
1.000000,1.000000,0,-0
1.000000,1.000000,0,-0
0.979349,0.979349,0,-0
0.979349,0.979349,0,-0
0.979349,0.979349,0,-0
0.979349,0.979349,0,-0
0.979349,0.979349,0,-0
0.979349,0.979349,0,-0
0.979349,0.979349,0,-0
0.979349,0.979349,0,-0
0.979349,0.979349,0,-0
1.000000,1.000000,0,-0
1.000000,1.000000,0,-0
1.000000,1.000000,0,-0
1.000000,1.000000,0,-0
1.000000,1.000000,0,-0
1.000000,1.000000,0.0420609,-0.0420609
1.000000,1.000000,0.0419245,-0.0419245
1.000000,1.000000,0.0417882,-0.0417882
1.000000,1.000000,0.041652,-0.041652
1.000000,1.000000,0.0415156,-0.0415156
1.000000,1.000000,0,-0
1.000000,1.000000,0,-0
1.000000,1.000000,0,-0
1.000000,1.000000,0,-0
1.000000,1.000000,0,-0
1.000000,1.000000,0,-0
1.000000,1.000000,0,-0
1.000000,1.000000,0,-0
1.000000,1.000000,0.0524254,-0.0524254
1.000000,1.000000,0.052299,-0.052299
1.000000,1.000000,0.0521727,-0.0521727
1.000000,1.000000,0.0520463,-0.0520463
1.000000,1.000000,0.0519198,-0.0519198
1.000000,1.000000,0,-0
1.000000,1.000000,0,-0
1.000000,1.000000,0,-0
1.000000,1.000000,0,-0
1.000000,1.000000,0.0192325,-0.0192325
1.000000,1.000000,0.0191029,-0.0191029
1.000000,1.000000,0.0189734,-0.0189734
1.000000,1.000000,0.0188437,-0.0188437
1.000000,1.000000,0,-0
1.000000,1.000000,0,-0
1.000000,1.000000,0,-0
1.000000,1.000000,0,-0
1.000000,1.000000,0,-0
1.000000,1.000000,0,-0
1.000000,1.000000,0,-0
1.000000,1.000000,0,-0
1.000000,1.000000,0,-0
1.000000,1.000000,0,-0
1.000000,1.000000,0,-0
1.000000,1.000000,0,-0
0.979349,0.979349,0,-0
0.979349,0.979349,0,-0
0.979349,0.979349,0,-0
0.979349,0.979349,0,-0
0.979349,0.979349,0,-0
0.979349,0.979349,0,-0
0.979349,0.979349,0,-0
0.979349,0.979349,0,-0
0.979349,0.979349,0,-0
1.000000,1.000000,0,-0
1.000000,1.000000,0,-0
1.000000,1.000000,0,-0
1.000000,1.000000,0,-0
1.000000,1.000000,0,-0
1.000000,1.000000,0.0353849,-0.0353849
1.000000,1.000000,0.0352569,-0.0352569
1.000000,1.000000,0.0351288,-0.0351288
1.000000,1.000000,0.0350007,-0.0350007
1.000000,1.000000,0.0348727,-0.0348727
1.000000,1.000000,0,-0
1.000000,1.000000,0,-0
0.896747,0.896747,0,-0
0.896747,0.896747,0,-0
1.000000,1.000000,0,-0
1.000000,1.000000,0,-0
1.000000,1.000000,0,-0
1.000000,1.000000,0,-0
0.896747,0.896747,0.045915,-0.045915
0.896747,0.896747,0.0457966,-0.0457966
0.896747,0.896747,0.0456781,-0.0456781
0.896747,0.896747,0.0455598,-0.0455598
0.896747,0.896747,0.0454413,-0.0454413
0.896747,0.896747,0,-0
0.896747,0.896747,0,-0
0.896747,0.896747,0,-0
0.896747,0.896747,0,-0
0.896747,0.896747,0.0126355,-0.0126355
0.896747,0.896747,0.012514,-0.012514
0.896747,0.896747,0.0123925,-0.0123925
0.979349,0.979349,0.0122712,-0.0122712
1.000000,1.000000,0,-0
1.000000,1.000000,0,-0
1.000000,1.000000,0,-0
1.000000,1.000000,0,-0
1.000000,1.000000,0,-0
1.000000,1.000000,0,-0
1.000000,1.000000,0,-0
1.000000,1.000000,0,-0
1.000000,1.000000,0,-0
1.000000,1.000000,0,-0
1.000000,1.000000,0,-0
1.000000,1.000000,0,-0
0.979349,0.979349,0,-0
0.979349,0.979349,0,-0
0.979349,0.979349,0,-0
0.979349,0.979349,0,-0
0.979349,0.979349,0,-0
0.979349,0.979349,0,-0
0.979349,0.979349,0,-0
0.979349,0.979349,0,-0
0.979349,0.979349,0,-0
1.000000,1.000000,0,-0
1.000000,1.000000,0,-0
1.000000,1.000000,0,-0
1.000000,1.000000,0,-0
1.000000,1.000000,0,-0
1.000000,1.000000,0.0291287,-0.0291287
1.000000,1.000000,0.0290087,-0.0290087
1.000000,1.000000,0.0288888,-0.0288888
1.000000,1.000000,0.0287689,-0.0287689
1.000000,1.000000,0.028649,-0.028649
1.000000,1.000000,0,-0
1.000000,1.000000,0,-0
1.000000,1.000000,0,-0
0.979349,0.979349,0,-0
0.979349,0.979349,0,-0
0.979349,0.979349,0,-0
0.979349,0.979349,0,-0
1.000000,1.000000,0,-0
1.000000,1.000000,0.0398191,-0.0398191
1.000000,1.000000,0.0397086,-0.0397086
1.000000,1.000000,0.0395981,-0.0395981
1.000000,1.000000,0.0394875,-0.0394875
1.000000,1.000000,0.039377,-0.039377
1.000000,1.000000,0,-0
1.000000,1.000000,0,-0
1.000000,1.000000,0,-0
1.000000,1.000000,0,-0
1.000000,1.000000,0.00646234,-0.00646234
1.000000,1.000000,0.00634897,-0.00634897
1.000000,1.000000,0.0062356,-0.0062356
1.000000,1.000000,0.00612223,-0.00612223
1.000000,1.000000,0,-0
1.000000,1.000000,0,-0
1.000000,1.000000,0,-0
1.000000,1.000000,0,-0
1.000000,1.000000,0,-0
1.000000,1.000000,0,-0
1.000000,1.000000,0,-0
1.000000,1.000000,0,-0
1.000000,1.000000,0,-0
1.000000,1.000000,0,-0
1.000000,1.000000,0,-0
1.000000,1.000000,0,-0
0.979349,0.979349,0,-0
0.979349,0.979349,0,-0
0.979349,0.979349,0,-0
0.979349,0.979349,0,-0
0.979349,0.979349,0,-0
0.979349,0.979349,0,-0
0.979349,0.979349,0,-0
0.979349,0.979349,0,-0
0.979349,0.979349,0,-0
1.000000,1.000000,0,-0
1.000000,1.000000,0,-0
1.000000,1.000000,0,-0
1.000000,1.000000,0,-0
1.000000,1.000000,0,-0
1.000000,1.000000,0.0232874,-0.0232874
0.979349,0.979349,0.0231755,-0.0231755
0.896747,0.896747,0.0230635,-0.0230635
0.979349,0.979349,0.0229516,-0.0229516
0.896747,0.896747,0.0228397,-0.0228397
0.896747,0.896747,0.0228397,-0.0228397
0.979349,0.979349,0,-0
0.896747,0.896747,0,-0
0.979349,0.979349,0,-0
0.979349,0.979349,0,-0
0.979349,0.979349,0,-0
0.979349,0.979349,0,-0
0.979349,0.979349,0,-0
1.000000,1.000000,0,-0
1.000000,1.000000,0.0341339,-0.0341339
1.000000,1.000000,0.0340312,-0.0340312
1.000000,1.000000,0.0339285,-0.0339285
1.000000,1.000000,0.0338259,-0.0338259
1.000000,1.000000,0.0337231,-0.0337231
1.000000,1.000000,0,-0
1.000000,1.000000,0,-0
1.000000,1.000000,0,-0
1.000000,1.000000,0,-0
1.000000,1.000000,0.000709653,-0.000709653
1.000000,1.000000,0.000604391,-0.000604391
1.000000,1.000000,0.00049913,-0.00049913
1.000000,1.000000,0.000393868,-0.000393868
1.000000,1.000000,0,-0
1.000000,1.000000,0,-0
1.000000,1.000000,0,-0
1.000000,1.000000,0,-0
1.000000,1.000000,0,-0
1.000000,1.000000,0,-0
1.000000,1.000000,0,-0
1.000000,1.000000,0,-0
1.000000,1.000000,0,-0
1.000000,1.000000,0,-0
1.000000,1.000000,0,-0
1.000000,1.000000,0,-0
0.979349,0.979349,0,-0
0.979349,0.979349,0,-0
0.979349,0.979349,0,-0
0.979349,0.979349,0,-0
0.979349,0.979349,0,-0
0.979349,0.979349,0,-0
0.979349,0.979349,0,-0
0.979349,0.979349,0,-0
0.979349,0.979349,0,-0
1.000000,1.000000,0,-0
1.000000,1.000000,0,-0
1.000000,1.000000,0,-0
1.000000,1.000000,0,-0
1.000000,1.000000,0,-0
1.000000,1.000000,0.0178598,-0.0178598
1.000000,1.000000,0.0177559,-0.0177559
1.000000,1.000000,0.0176519,-0.0176519
1.000000,1.000000,0.017548,-0.017548
1.000000,1.000000,0.017444,-0.017444
1.000000,1.000000,0,-0
1.000000,1.000000,0,-0
1.000000,1.000000,0,-0
0.979349,0.979349,0,-0
0.979349,0.979349,0,-0
0.979349,0.979349,0,-0
0.979349,0.979349,0,-0
1.000000,1.000000,0,-0
1.000000,1.000000,0.0288585,-0.0288585
1.000000,1.000000,0.0287637,-0.0287637
1.000000,1.000000,0.0286689,-0.0286689
0.979349,0.979349,0.0285741,-0.0285741
0.979349,0.979349,0.0284792,-0.0284792
1.000000,1.000000,0,-0
1.000000,1.000000,0,-0
1.000000,1.000000,0,-0
1.000000,1.000000,0,-0
1.000000,1.000000,0,-0
1.000000,1.000000,0,-0
1.000000,1.000000,0,-0
1.000000,1.000000,0,-0
1.000000,1.000000,0,-0
1.000000,1.000000,0,-0
1.000000,1.000000,0,-0
1.000000,1.000000,0,-0
1.000000,1.000000,0,-0
1.000000,1.000000,0,-0
1.000000,1.000000,0,-0
1.000000,1.000000,0,-0
1.000000,1.000000,0,-0
1.000000,1.000000,0,-0
1.000000,1.000000,0,-0
1.000000,1.000000,0,-0
0.979349,0.979349,0,-0
0.979349,0.979349,0,-0
0.979349,0.979349,0,-0
0.979349,0.979349,0,-0
0.979349,0.979349,0,-0
0.979349,0.979349,0,-0
0.979349,0.979349,0,-0
0.979349,0.979349,0,-0
0.979349,0.979349,0,-0
1.000000,1.000000,0,-0
1.000000,1.000000,0,-0
1.000000,1.000000,0,-0
1.000000,1.000000,0,-0
1.000000,1.000000,0,-0
1.000000,1.000000,0.0128464,-0.0128464
1.000000,1.000000,0.0127504,-0.0127504
1.000000,1.000000,0.0126544,-0.0126544
0.896747,0.896747,0.0125585,-0.0125585
1.000000,1.000000,0.0124625,-0.0124625
1.000000,1.000000,0,-0
1.000000,1.000000,0,-0
1.000000,1.000000,0,-0
0.979349,0.979349,0,-0
0.979349,0.979349,0,-0
0.979349,0.979349,0,-0
0.979349,0.979349,0,-0
1.000000,1.000000,0,-0
1.000000,1.000000,0.0239933,-0.0239933
1.000000,1.000000,0.0239062,-0.0239062
1.000000,1.000000,0.0238193,-0.0238193
0.979349,0.979349,0.0237323,-0.0237323
1.000000,1.000000,0.0236453,-0.0236453
1.000000,1.000000,0,-0
1.000000,1.000000,0,-0
1.000000,1.000000,0,-0
1.000000,1.000000,0,-0
1.000000,1.000000,0,-0
1.000000,1.000000,0,-0
1.000000,1.000000,0,-0
1.000000,1.000000,0,-0
1.000000,1.000000,0,-0
1.000000,1.000000,0,-0
1.000000,1.000000,0,-0
1.000000,1.000000,0,-0
1.000000,1.000000,0,-0
1.000000,1.000000,0,-0
1.000000,1.000000,0,-0
1.000000,1.000000,0,-0
1.000000,1.000000,0,-0
1.000000,1.000000,0,-0
1.000000,1.000000,0,-0
1.000000,1.000000,0,-0
0.979349,0.979349,0,-0
0.979349,0.979349,0,-0
0.979349,0.979349,0,-0
0.979349,0.979349,0,-0
0.979349,0.979349,0,-0
0.979349,0.979349,0,-0
0.979349,0.979349,0,-0
0.979349,0.979349,0,-0
0.979349,0.979349,0,-0
1.000000,1.000000,0,-0
1.000000,1.000000,0,-0
1.000000,1.000000,0,-0
1.000000,1.000000,0,-0
1.000000,1.000000,0,-0
1.000000,1.000000,0.00824535,-0.00824535
1.000000,1.000000,0.00815737,-0.00815737
1.000000,1.000000,0.00806928,-0.00806928
1.000000,1.000000,0.0079813,-0.0079813
1.000000,1.000000,0.00789332,-0.00789332
1.000000,1.000000,0,-0
1.000000,1.000000,0,-0
1.000000,1.000000,0,-0
0.979349,0.979349,0,-0
0.979349,0.979349,0,-0
0.979349,0.979349,0,-0
0.979349,0.979349,0,-0
1.000000,1.000000,0,-0
1.000000,1.000000,0.0195355,-0.0195355
1.000000,1.000000,0.0194563,-0.0194563
1.000000,1.000000,0.019377,-0.019377
0.979349,0.979349,0.0192978,-0.0192978
1.000000,1.000000,0.0192186,-0.0192186
1.000000,1.000000,0,-0
1.000000,1.000000,0,-0
1.000000,1.000000,0,-0
1.000000,1.000000,0,-0
1.000000,1.000000,0,-0
1.000000,1.000000,0,-0
1.000000,1.000000,0,-0
1.000000,1.000000,0,-0
1.000000,1.000000,0,-0
1.000000,1.000000,0,-0
1.000000,1.000000,0,-0
1.000000,1.000000,0,-0
1.000000,1.000000,0,-0
1.000000,1.000000,0,-0
1.000000,1.000000,0,-0
1.000000,1.000000,0,-0
1.000000,1.000000,0,-0
1.000000,1.000000,0,-0
1.000000,1.000000,0,-0
1.000000,1.000000,0,-0
0.979349,0.979349,0,-0
0.979349,0.979349,0,-0
0.979349,0.979349,0,-0
0.979349,0.979349,0,-0
0.979349,0.979349,0,-0
0.979349,0.979349,0,-0
0.979349,0.979349,0,-0
0.979349,0.979349,0,-0
0.979349,0.979349,0,-0
1.000000,1.000000,0,-0
1.000000,1.000000,0,-0
1.000000,1.000000,0,-0
1.000000,1.000000,0,-0
1.000000,1.000000,0,-0
1.000000,1.000000,0.00405157,-0.00405157
1.000000,1.000000,0.00397134,-0.00397134
1.000000,1.000000,0.00389123,-0.00389123
1.000000,1.000000,0.003811,-0.003811
1.000000,1.000000,0.00373089,-0.00373089
1.000000,1.000000,0,-0
1.000000,1.000000,0,-0
1.000000,1.000000,0,-0
0.979349,0.979349,0,-0
0.979349,0.979349,0,-0
0.979349,0.979349,0,-0
0.979349,0.979349,0,-0
1.000000,1.000000,0,-0
1.000000,1.000000,0.015481,-0.015481
1.000000,1.000000,0.0154095,-0.0154095
1.000000,1.000000,0.0153379,-0.0153379
1.000000,1.000000,0.0152665,-0.0152665
1.000000,1.000000,0.015195,-0.015195
1.000000,1.000000,0,-0
1.000000,1.000000,0,-0
1.000000,1.000000,0,-0
1.000000,1.000000,0,-0
1.000000,1.000000,0,-0
1.000000,1.000000,0,-0
1.000000,1.000000,0,-0
1.000000,1.000000,0,-0
1.000000,1.000000,0,-0
1.000000,1.000000,0,-0
1.000000,1.000000,0,-0
1.000000,1.000000,0,-0
1.000000,1.000000,0,-0
1.000000,1.000000,0,-0
1.000000,1.000000,0,-0
1.000000,1.000000,0,-0
0.979349,0.979349,0,-0
0.979349,0.979349,0,-0
0.979349,0.979349,0,-0
0.979349,0.979349,0,-0
0.979349,0.979349,0,-0
0.979349,0.979349,0,-0
0.979349,0.979349,0,-0
0.979349,0.979349,0,-0
0.979349,0.979349,0,-0
0.979349,0.979349,0,-0
0.979349,0.979349,0,-0
0.979349,0.979349,0,-0
0.979349,0.979349,0,-0
1.000000,1.000000,0,-0
1.000000,1.000000,0,-0
1.000000,1.000000,0,-0
1.000000,1.000000,0,-0
1.000000,1.000000,0,-0
1.000000,1.000000,0.000265002,-0.000265002
1.000000,1.000000,0.000192762,-0.000192762
1.000000,1.000000,0.000120402,-0.000120402
0.896747,0.896747,4.81608e-05,-4.81608e-05
1.000000,1.000000,0,-0
1.000000,1.000000,0,-0
1.000000,1.000000,0,-0
1.000000,1.000000,0,-0
0.979349,0.979349,0,-0
0.979349,0.979349,0,-0
0.979349,0.979349,0,-0
0.979349,0.979349,0,-0
1.000000,1.000000,0,-0
1.000000,1.000000,0.0118307,-0.0118307
1.000000,1.000000,0.011767,-0.011767
1.000000,1.000000,0.0117034,-0.0117034
1.000000,1.000000,0.0116397,-0.0116397
1.000000,1.000000,0.0115761,-0.0115761
1.000000,1.000000,0,-0
1.000000,1.000000,0,-0
1.000000,1.000000,0,-0
1.000000,1.000000,0,-0
1.000000,1.000000,0,-0
1.000000,1.000000,0,-0
1.000000,1.000000,0,-0
1.000000,1.000000,0,-0
1.000000,1.000000,0,-0
1.000000,1.000000,0,-0
1.000000,1.000000,0,-0
1.000000,1.000000,0,-0
1.000000,1.000000,0,-0
1.000000,1.000000,0,-0
1.000000,1.000000,0,-0
1.000000,1.000000,0,-0
0.979349,0.979349,0,-0
0.979349,0.979349,0,-0
0.979349,0.979349,0,-0
0.979349,0.979349,0,-0
0.979349,0.979349,0,-0
0.979349,0.979349,0,-0
0.979349,0.979349,0,-0
0.979349,0.979349,0,-0
0.979349,0.979349,0,-0
0.979349,0.979349,0,-0
0.979349,0.979349,0,-0
0.979349,0.979349,0,-0
0.979349,0.979349,0,-0
1.000000,1.000000,0,-0
1.000000,1.000000,0,-0
1.000000,1.000000,0,-0
1.000000,1.000000,0,-0
1.000000,1.000000,0,-0
1.000000,1.000000,0,-0
1.000000,1.000000,0,-0
1.000000,1.000000,0,-0
1.000000,1.000000,0,-0
1.000000,1.000000,0,-0
1.000000,1.000000,0,-0
1.000000,1.000000,0,-0
1.000000,1.000000,0,-0
1.000000,1.000000,0,-0
0.979349,0.979349,0,-0
0.979349,0.979349,0,-0
0.979349,0.979349,0,-0
0.979349,0.979349,0,-0
1.000000,1.000000,0,-0
1.000000,1.000000,0.00858784,-0.00858784
1.000000,1.000000,0.00853205,-0.00853205
0.979349,0.979349,0.00847614,-0.00847614
0.979349,0.979349,0.00842035,-0.00842035
0.979349,0.979349,0.00836444,-0.00836444
1.000000,1.000000,0,-0
1.000000,1.000000,0,-0
1.000000,1.000000,0,-0
1.000000,1.000000,0,-0
1.000000,1.000000,0,-0
1.000000,1.000000,0,-0
1.000000,1.000000,0,-0
1.000000,1.000000,0,-0
1.000000,1.000000,0,-0
1.000000,1.000000,0,-0
1.000000,1.000000,0,-0
1.000000,1.000000,0,-0
1.000000,1.000000,0,-0
1.000000,1.000000,0,-0
1.000000,1.000000,0,-0
1.000000,1.000000,0,-0
0.979349,0.979349,0,-0
0.979349,0.979349,0,-0
0.979349,0.979349,0,-0
0.979349,0.979349,0,-0
0.979349,0.979349,0,-0
0.979349,0.979349,0,-0
0.979349,0.979349,0,-0
0.979349,0.979349,0,-0
0.979349,0.979349,0,-0
0.979349,0.979349,0,-0
0.979349,0.979349,0,-0
0.979349,0.979349,0,-0
0.979349,0.979349,0,-0
1.000000,1.000000,0,-0
1.000000,1.000000,0,-0
1.000000,1.000000,0,-0
1.000000,1.000000,0,-0
1.000000,1.000000,0,-0
1.000000,1.000000,0,-0
1.000000,1.000000,0,-0
1.000000,1.000000,0,-0
1.000000,1.000000,0,-0
1.000000,1.000000,0,-0
1.000000,1.000000,0,-0
1.000000,1.000000,0,-0
1.000000,1.000000,0,-0
0.979349,0.979349,0,-0
0.979349,0.979349,0,-0
0.979349,0.979349,0,-0
0.979349,0.979349,0,-0
1.000000,1.000000,0,-0
1.000000,1.000000,0.00575185,-0.00575185
1.000000,1.000000,0.00570381,-0.00570381
0.979349,0.979349,0.00565565,-0.00565565
0.896747,0.896747,0.00560761,-0.00560761
0.896747,0.896747,0.00555944,-0.00555944
1.000000,1.000000,0,-0
1.000000,1.000000,0,-0
1.000000,1.000000,0,-0
1.000000,1.000000,0,-0
1.000000,1.000000,0,-0
1.000000,1.000000,0,-0
1.000000,1.000000,0,-0
1.000000,1.000000,0,-0
1.000000,1.000000,0,-0
1.000000,1.000000,0,-0
1.000000,1.000000,0,-0
1.000000,1.000000,0,-0
1.000000,1.000000,0,-0
1.000000,1.000000,0,-0
1.000000,1.000000,0,-0
1.000000,1.000000,0,-0
0.979349,0.979349,0,-0
0.979349,0.979349,0,-0
0.979349,0.979349,0,-0
0.979349,0.979349,0,-0
0.979349,0.979349,0,-0
0.979349,0.979349,0,-0
0.979349,0.979349,0,-0
0.979349,0.979349,0,-0
0.979349,0.979349,0,-0
0.979349,0.979349,0,-0
0.979349,0.979349,0,-0
0.979349,0.979349,0,-0
0.979349,0.979349,0,-0
1.000000,1.000000,0,-0
1.000000,1.000000,0,-0
1.000000,1.000000,0,-0
1.000000,1.000000,0,-0
1.000000,1.000000,0,-0
1.000000,1.000000,0,-0
1.000000,1.000000,0,-0
1.000000,1.000000,0,-0
1.000000,1.000000,0,-0
1.000000,1.000000,0,-0
1.000000,1.000000,0,-0
1.000000,1.000000,0,-0
1.000000,1.000000,0,-0
0.979349,0.979349,0,-0
0.979349,0.979349,0,-0
0.979349,0.979349,0,-0
0.979349,0.979349,0,-0
1.000000,1.000000,0,-0
1.000000,1.000000,0.00331914,-0.00331914
1.000000,1.000000,0.00327873,-0.00327873
1.000000,1.000000,0.00323844,-0.00323844
0.896747,0.896747,0.00319815,-0.00319815
0.896747,0.896747,0.00315774,-0.00315774
1.000000,1.000000,0,-0
1.000000,1.000000,0,-0
1.000000,1.000000,0,-0
1.000000,1.000000,0,-0
1.000000,1.000000,0,-0
1.000000,1.000000,0,-0
1.000000,1.000000,0,-0
1.000000,1.000000,0,-0
1.000000,1.000000,0,-0
1.000000,1.000000,0,-0
1.000000,1.000000,0,-0
1.000000,1.000000,0,-0
1.000000,1.000000,0,-0
1.000000,1.000000,0,-0
1.000000,1.000000,0,-0
1.000000,1.000000,0,-0
0.979349,0.979349,0,-0
0.979349,0.979349,0,-0
0.979349,0.979349,0,-0
0.979349,0.979349,0,-0
0.979349,0.979349,0,-0
0.979349,0.979349,0,-0
0.979349,0.979349,0,-0
0.979349,0.979349,0,-0
0.979349,0.979349,0,-0
0.979349,0.979349,0,-0
0.979349,0.979349,0,-0
0.979349,0.979349,0,-0
0.979349,0.979349,0,-0
1.000000,1.000000,0,-0
1.000000,1.000000,0,-0
1.000000,1.000000,0,-0
1.000000,1.000000,0,-0
1.000000,1.000000,0,-0
1.000000,1.000000,0,-0
1.000000,1.000000,0,-0
1.000000,1.000000,0,-0
1.000000,1.000000,0,-0
1.000000,1.000000,0,-0
1.000000,1.000000,0,-0
1.000000,1.000000,0,-0
1.000000,1.000000,0,-0
0.979349,0.979349,0,-0
0.979349,0.979349,0,-0
0.979349,0.979349,0,-0
0.979349,0.979349,0,-0
1.000000,1.000000,0,-0
1.000000,1.000000,0.00129128,-0.00129128
1.000000,1.000000,0.00125885,-0.00125885
1.000000,1.000000,0.00122631,-0.00122631
0.896747,0.896747,0.00119388,-0.00119388
0.896747,0.896747,0.00116146,-0.00116146
1.000000,1.000000,0,-0
1.000000,1.000000,0,-0
1.000000,1.000000,0,-0
1.000000,1.000000,0,-0
1.000000,1.000000,0,-0
1.000000,1.000000,0,-0
1.000000,1.000000,0,-0
1.000000,1.000000,0,-0
1.000000,1.000000,0,-0
1.000000,1.000000,0,-0
1.000000,1.000000,0,-0
1.000000,1.000000,0,-0
1.000000,1.000000,0,-0
1.000000,1.000000,0,-0
1.000000,1.000000,0,-0
1.000000,1.000000,0,-0
0.979349,0.979349,0,-0
0.979349,0.979349,0,-0
0.979349,0.979349,0,-0
0.979349,0.979349,0,-0
0.979349,0.979349,0,-0
0.979349,0.979349,0,-0
0.979349,0.979349,0,-0
0.979349,0.979349,0,-0
0.979349,0.979349,0,-0
0.979349,0.979349,0,-0
0.979349,0.979349,0,-0
0.979349,0.979349,0,-0
0.979349,0.979349,0,-0
1.000000,1.000000,0,-0
1.000000,1.000000,0,-0
1.000000,1.000000,0,-0
1.000000,1.000000,0,-0
1.000000,1.000000,0,-0
1.000000,1.000000,0,-0
1.000000,1.000000,0,-0
1.000000,1.000000,0,-0
1.000000,1.000000,0,-0
1.000000,1.000000,0,-0
1.000000,1.000000,0,-0
1.000000,1.000000,0,-0
1.000000,1.000000,0,-0
0.979349,0.979349,0,-0
0.979349,0.979349,0,-0
0.979349,0.979349,0,-0
0.979349,0.979349,0,-0
1.000000,1.000000,0,-0
1.000000,1.000000,0,-0
1.000000,1.000000,0,-0
0.979349,0.979349,0,-0
0.896747,0.896747,0,-0
0.896747,0.896747,0,-0
0.896747,0.896747,0,-0
1.000000,1.000000,0,-0
1.000000,1.000000,0,-0
1.000000,1.000000,0,-0
1.000000,1.000000,0,-0
1.000000,1.000000,0,-0
1.000000,1.000000,0,-0
1.000000,1.000000,0,-0
1.000000,1.000000,0,-0
1.000000,1.000000,0,-0
1.000000,1.000000,0,-0
1.000000,1.000000,0,-0
1.000000,1.000000,0,-0
1.000000,1.000000,0,-0
1.000000,1.000000,0,-0
1.000000,1.000000,0,-0
0.979349,0.979349,0,-0
0.979349,0.979349,0,-0
0.979349,0.979349,0,-0
0.979349,0.979349,0,-0
0.979349,0.979349,0,-0
0.979349,0.979349,0,-0
0.979349,0.979349,0,-0
0.979349,0.979349,0,-0
0.979349,0.979349,0,-0
0.979349,0.979349,0,-0
0.979349,0.979349,0,-0
0.979349,0.979349,0,-0
0.979349,0.979349,0,-0
1.000000,1.000000,0,-0
1.000000,1.000000,0,-0
1.000000,1.000000,0,-0
1.000000,1.000000,0,-0
1.000000,1.000000,0,-0
1.000000,1.000000,0,-0
1.000000,1.000000,0,-0
1.000000,1.000000,0,-0
1.000000,1.000000,0,-0
1.000000,1.000000,0,-0
1.000000,1.000000,0,-0
1.000000,1.000000,0,-0
1.000000,1.000000,0,-0
0.979349,0.979349,0,-0
0.979349,0.979349,0,-0
0.979349,0.979349,0,-0
0.979349,0.979349,0,-0
1.000000,1.000000,0,-0
1.000000,1.000000,0,-0
1.000000,1.000000,0,-0
0.896747,0.896747,0,-0
0.896747,0.896747,0,-0
0.896747,0.896747,0,-0
0.896747,0.896747,0,-0
0.979349,0.979349,0,-0
1.000000,1.000000,0,-0
1.000000,1.000000,0,-0
1.000000,1.000000,0,-0
1.000000,1.000000,0,-0
1.000000,1.000000,0,-0
1.000000,1.000000,0,-0
1.000000,1.000000,0,-0
1.000000,1.000000,0,-0
1.000000,1.000000,0,-0
1.000000,1.000000,0,-0
1.000000,1.000000,0,-0
1.000000,1.000000,0,-0
1.000000,1.000000,0,-0
1.000000,1.000000,0,-0
0.979349,0.979349,0,-0
0.979349,0.979349,0,-0
0.979349,0.979349,0,-0
0.979349,0.979349,0,-0
0.979349,0.979349,0,-0
0.979349,0.979349,0,-0
0.979349,0.979349,0,-0
0.979349,0.979349,0,-0
0.979349,0.979349,0,-0
0.979349,0.979349,0,-0
0.979349,0.979349,0,-0
0.979349,0.979349,0,-0
0.979349,0.979349,0,-0
1.000000,1.000000,0,-0
1.000000,1.000000,0,-0
1.000000,1.000000,0,-0
1.000000,1.000000,0,-0
0.896747,0.896747,0,-0
0.896747,0.896747,0,-0
0.896747,0.896747,0,-0
0.896747,0.896747,0,-0
0.896747,0.896747,0,-0
0.896747,0.896747,0,-0
0.896747,0.896747,0,-0
0.896747,0.896747,0,-0
0.896747,0.896747,0,-0
0.896747,0.896747,0,-0
0.896747,0.896747,0,-0
0.896747,0.896747,0,-0
0.896747,0.896747,0,-0
0.896747,0.896747,0,-0
0.896747,0.896747,0,-0
0.896747,0.896747,0,-0
0.896747,0.896747,0,-0
0.896747,0.896747,0,-0
0.896747,0.896747,0,-0
0.896747,0.896747,0,-0
0.896747,0.896747,0,-0
0.896747,0.896747,0,-0
0.896747,0.896747,0,-0
1.000000,1.000000,0,-0
1.000000,1.000000,0,-0
1.000000,1.000000,0,-0
1.000000,1.000000,0,-0
1.000000,1.000000,0,-0
1.000000,1.000000,0,-0
1.000000,1.000000,0,-0
1.000000,1.000000,0,-0
1.000000,1.000000,0,-0
1.000000,1.000000,0,-0
1.000000,1.000000,0,-0
1.000000,1.000000,0,-0
1.000000,1.000000,0,-0
0.979349,0.979349,0,-0
0.979349,0.979349,0,-0
0.979349,0.979349,0,-0
0.979349,0.979349,0,-0
0.979349,0.979349,0,-0
0.979349,0.979349,0,-0
0.979349,0.979349,0,-0
0.979349,0.979349,0,-0
0.979349,0.979349,0,-0
0.979349,0.979349,0,-0
0.979349,0.979349,0,-0
0.979349,0.979349,0,-0
0.979349,0.979349,0,-0
1.000000,1.000000,0,-0
0.896747,0.896747,0,-0
0.896747,0.896747,0,-0
0.896747,0.896747,0,-0
0.896747,0.896747,0,-0
0.896747,0.896747,0,-0
0.896747,0.896747,0,-0
0.896747,0.896747,0,-0
0.896747,0.896747,0,-0
0.896747,0.896747,0,-0
0.896747,0.896747,0,-0
0.896747,0.896747,0,-0
0.896747,0.896747,0,-0
0.896747,0.896747,0,-0
0.896747,0.896747,0,-0
0.896747,0.896747,0,-0
0.896747,0.896747,0,-0
0.896747,0.896747,0,-0
0.896747,0.896747,0,-0
0.896747,0.896747,0,-0
1.000000,1.000000,0,-0
0.896747,0.896747,0,-0
0.896747,0.896747,0,-0
0.979349,0.979349,0,-0
1.000000,1.000000,0,-0
1.000000,1.000000,0,-0
1.000000,1.000000,0,-0
1.000000,1.000000,0,-0
1.000000,1.000000,0,-0
1.000000,1.000000,0,-0
1.000000,1.000000,0,-0
1.000000,1.000000,0,-0
1.000000,1.000000,0,-0
1.000000,1.000000,0,-0
1.000000,1.000000,0,-0
1.000000,1.000000,0,-0
1.000000,1.000000,0,-0
1.000000,1.000000,0,-0
1.000000,1.000000,0,-0
0.979349,0.979349,0,-0
0.979349,0.979349,0,-0
0.979349,0.979349,0,-0
0.979349,0.979349,0,-0
0.979349,0.979349,0,-0
0.979349,0.979349,0,-0
0.979349,0.979349,0,-0
0.979349,0.979349,0,-0
0.979349,0.979349,0,-0
0.979349,0.979349,0,-0
0.979349,0.979349,0,-0
0.979349,0.979349,0,-0
0.979349,0.979349,0,-0
1.000000,1.000000,0,-0
1.000000,1.000000,0,-0
1.000000,1.000000,0,-0
1.000000,1.000000,0,-0
1.000000,1.000000,0,-0
1.000000,1.000000,0,-0
1.000000,1.000000,0,-0
1.000000,1.000000,0,-0
1.000000,1.000000,0,-0
1.000000,1.000000,0,-0
1.000000,1.000000,0,-0
1.000000,1.000000,0,-0
1.000000,1.000000,0,-0
0.979349,0.979349,0,-0
0.979349,0.979349,0,-0
0.979349,0.979349,0,-0
0.979349,0.979349,0,-0
1.000000,1.000000,0,-0
1.000000,1.000000,0,-0
0.979349,0.979349,0,-0
0.896747,0.896747,0,-0
0.896747,0.896747,0,-0
0.896747,0.896747,0,-0
0.896747,0.896747,0,-0
0.979349,0.979349,0,-0
1.000000,1.000000,0,-0
1.000000,1.000000,0,-0
1.000000,1.000000,0,-0
1.000000,1.000000,0,-0
1.000000,1.000000,0,-0
1.000000,1.000000,0,-0
1.000000,1.000000,0,-0
1.000000,1.000000,0,-0
1.000000,1.000000,0,-0
1.000000,1.000000,0,-0
1.000000,1.000000,0,-0
1.000000,1.000000,0,-0
1.000000,1.000000,0,-0
1.000000,1.000000,0,-0
0.979349,0.979349,0,-0
0.979349,0.979349,0,-0
0.979349,0.979349,0,-0
0.979349,0.979349,0,-0
0.979349,0.979349,0,-0
0.979349,0.979349,0,-0
0.979349,0.979349,0,-0
0.979349,0.979349,0,-0
0.979349,0.979349,0,-0
0.979349,0.979349,0,-0
0.979349,0.979349,0,-0
0.979349,0.979349,0,-0
0.979349,0.979349,0,-0
1.000000,1.000000,0,-0
1.000000,1.000000,0,-0
1.000000,1.000000,0,-0
1.000000,1.000000,0,-0
1.000000,1.000000,0,-0
1.000000,1.000000,0,-0
1.000000,1.000000,0,-0
1.000000,1.000000,0,-0
1.000000,1.000000,0,-0
1.000000,1.000000,0,-0
1.000000,1.000000,0,-0
1.000000,1.000000,0,-0
1.000000,1.000000,0,-0
0.979349,0.979349,0,-0
0.979349,0.979349,0,-0
0.979349,0.979349,0,-0
0.979349,0.979349,0,-0
1.000000,1.000000,0,-0
1.000000,1.000000,0,-0
0.896747,0.896747,0,-0
0.896747,0.896747,0,-0
0.896747,0.896747,0,-0
0.896747,0.896747,0,-0
0.896747,0.896747,0,-0
0.979349,0.979349,0,-0
1.000000,1.000000,0,-0
1.000000,1.000000,0,-0
1.000000,1.000000,0,-0
1.000000,1.000000,0,-0
1.000000,1.000000,0,-0
1.000000,1.000000,0,-0
1.000000,1.000000,0,-0
1.000000,1.000000,0,-0
1.000000,1.000000,0,-0
1.000000,1.000000,0,-0
1.000000,1.000000,0,-0
1.000000,1.000000,0,-0
1.000000,1.000000,0,-0
1.000000,1.000000,0,-0
0.979349,0.979349,0,-0
0.979349,0.979349,0,-0
0.979349,0.979349,0,-0
0.979349,0.979349,0,-0
0.979349,0.979349,0,-0
0.979349,0.979349,0,-0
0.979349,0.979349,0,-0
0.979349,0.979349,0,-0
0.979349,0.979349,0,-0
0.979349,0.979349,0,-0
0.979349,0.979349,0,-0
0.979349,0.979349,0,-0
0.979349,0.979349,0,-0
1.000000,1.000000,0,-0
1.000000,1.000000,0,-0
1.000000,1.000000,0,-0
