0st_vol,0capacity,0net_inf,0st_rof,0lt_rof,0rest_demand,0unrest_demand,0unfulf_demand,0wastewater,0treat_capacity,0agg_price,0res_price,0gross_rev,0drought_cost,0cont_contrib,0debt_serv,0infra_npv,1st_vol,1capacity,1net_inf,1st_rof,1lt_rof,1rest_demand,1unrest_demand,1unfulf_demand,1wastewater,1treat_capacity,1agg_price,1res_price,1gross_rev,1drought_cost,1cont_contrib,1debt_serv,1infra_npv
103.622,103.622,2.74719,0.08,0,1.86497,2.46977,0,0,4.89888,4.14015e+06,2.70226e+06,7.72127e+06,0,0,0,0,62.3362,61.308,2.90019,0,1,1.69344,1.12031,0.0316663,0,1.69344,8.60408e+06,3.61194e+06,1.45705e+07,0,0,0,0
103.473,103.622,2.32708,0.07,0,2.23668,2.4708,0,0.349496,4.89888,4.14015e+06,2.70226e+06,9.26019e+06,0,0,0,0,62.2709,61.308,2.52584,0,1,1.35489,1.12077,0,1.30835,1.69344,8.60408e+06,3.61194e+06,1.16576e+07,0,0,0,0
103.067,103.622,2.03801,0.07,0,2.23817,2.47182,0,0.419154,4.89888,4.14015e+06,2.70226e+06,9.26636e+06,0,0,0,0,62.2926,61.308,2.24951,0,1,1.35489,1.12124,0,1.04679,1.69344,8.60408e+06,3.61194e+06,1.16576e+07,0,0,0,0
102.615,103.622,2.03479,0.06,0,2.23966,2.47285,0,0.419433,4.89888,4.14015e+06,2.70226e+06,9.27253e+06,0,0,0,0,62.3362,61.308,2.19764,0,1,1.35489,1.1217,0,1.04679,1.69344,8.60408e+06,3.61194e+06,1.16576e+07,0,0,0,0
102.333,103.622,2.40947,0.06,0,2.48245,2.71517,0,0.419712,4.89888,4.14015e+06,2.70226e+06,1.02777e+07,0,0,0,0,62.3362,61.308,3.13481,0,1,1.48683,1.25411,0,1.04679,1.69344,8.60408e+06,3.61194e+06,1.27928e+07,0,0,0,0
103.123,103.622,3.87658,0.05,0,2.61598,2.7163,0,0.46521,4.89888,4.14015e+06,2.70226e+06,1.08306e+07,0,0,0,0,62.3362,61.308,3.73776,0,1,1.35494,1.25463,0,1.14873,1.69344,8.60408e+06,3.61194e+06,1.1658e+07,0,0,0,0
103.622,103.622,4.1326,0.05,0,2.61763,2.71742,0,0.490235,4.89888,4.14015e+06,2.70226e+06,1.08374e+07,0,0,0,0,62.3362,61.308,4.86755,0,1,1.35494,1.25515,0,1.04683,1.69344,8.60408e+06,3.61194e+06,1.1658e+07,0,0,0,0
103.622,103.622,3.98565,0.05,0,2.61927,2.71855,0,0.490543,4.89888,4.14015e+06,2.70226e+06,1.08442e+07,0,0,0,0,62.3362,61.308,4.24047,0,1,1.35494,1.25567,0,1.04683,1.69344,8.60408e+06,3.61194e+06,1.1658e+07,0,0,0,0
103.622,103.622,6.57476,0.05,0,2.27618,2.37494,0,0.490852,4.89888,4.14015e+06,2.70226e+06,9.42375e+06,0,0,0,0,62.3362,61.308,5.43945,0,1,1.17758,1.07883,0,1.04683,1.69344,8.60408e+06,3.61194e+06,1.0132e+07,0,0,0,0
103.622,103.622,9.4481,0.05,0,2.10033,2.37592,0,0.426557,4.89888,4.14015e+06,2.70226e+06,8.69567e+06,0,0,0,0,62.3362,61.308,6.26351,0,1,1.35487,1.07927,0,0.9098,1.69344,8.60408e+06,3.61194e+06,1.16574e+07,0,0,0,0
103.622,103.622,8.99071,0.08,0,2.10176,2.37691,0,0.393601,4.89888,4.14015e+06,2.70226e+06,8.70159e+06,0,0,0,0,62.3362,61.308,6.53835,0,1,1.35487,1.07972,0,1.04677,1.69344,8.60408e+06,3.61194e+06,1.16574e+07,0,0,0,0
103.622,103.622,9.26702,0.08,0,2.10319,2.37789,0,0.393869,4.89888,4.14015e+06,2.70226e+06,8.70752e+06,0,0,0,0,62.3362,61.308,7.70979,0,1,1.35487,1.08017,0,1.04677,1.69344,8.60408e+06,3.61194e+06,1.16574e+07,0,0,0,0
103.622,103.622,11.8653,0.08,0,2.10462,2.37888,0,0.394138,4.89888,4.14015e+06,2.70226e+06,8.71345e+06,0,0,0,0,62.3362,61.308,10.6862,0,1,1.35487,1.08062,0,1.04677,1.69344,8.60408e+06,3.61194e+06,1.16574e+07,0,0,0,0
103.622,103.622,8.17226,0.08,0,2.19301,2.46682,0,0.394406,4.89888,4.14015e+06,2.70226e+06,9.07939e+06,0,0,0,0,62.3362,61.308,9.0726,0,1,1.39835,1.12454,0,1.04677,1.69344,8.60408e+06,3.61194e+06,1.20315e+07,0,0,0,0
103.622,103.622,7.23562,0.08,0,2.23796,2.46784,0,0.41097,4.89888,4.14015e+06,2.70226e+06,9.26548e+06,0,0,0,0,62.3362,61.308,8.15277,0,1,1.35489,1.12501,0,1.08037,1.69344,8.60408e+06,3.61194e+06,1.16576e+07,0,0,0,0
103.622,103.622,11.2268,0.07,0,2.23944,2.46886,0,0.419393,4.89888,4.14015e+06,2.70226e+06,9.27164e+06,0,0,0,0,62.3362,61.308,10.2803,0,1,1.35489,1.12547,0,1.04679,1.69344,8.60408e+06,3.61194e+06,1.16576e+07,0,0,0,0
103.622,103.622,7.52328,0.07,0,2.24093,2.46988,0,0.419672,4.89888,4.14015e+06,2.70226e+06,9.2778e+06,0,0,0,0,62.3362,61.308,8.68525,0,1,1.35489,1.12594,0,1.04679,1.69344,8.60408e+06,3.61194e+06,1.16576e+07,0,0,0,0
103.622,103.622,5.78102,0.07,0,2.20837,2.43685,0,0.419951,4.89888,4.14015e+06,2.70226e+06,9.14297e+06,0,0,0,0,62.3362,61.308,6.04369,0,1,1.33798,1.10949,0,1.04679,1.69344,8.60408e+06,3.61194e+06,1.1512e+07,0,0,0,0
103.622,103.622,4.54018,0.07,0,2.19292,2.43786,0,0.413848,4.89888,4.14015e+06,2.70226e+06,9.07904e+06,0,0,0,0,62.3362,61.308,4.52261,0,1,1.35488,1.10995,0,1.03372,1.69344,8.60408e+06,3.61194e+06,1.16575e+07,0,0,0,0
103.622,103.622,3.86066,0.07,0,2.19439,2.43887,0,0.410954,4.89888,4.14015e+06,2.70226e+06,9.08512e+06,0,0,0,0,62.3362,61.308,4.08419,0,1,1.35488,1.11041,0,1.04678,1.69344,8.60408e+06,3.61194e+06,1.16575e+07,0,0,0,0
103.622,103.622,3.56704,0.07,0,2.19586,2.43987,0,0.411229,4.89888,4.14015e+06,2.70226e+06,9.0912e+06,0,0,0,0,62.3362,61.308,3.25196,0,1,1.35488,1.11087,0,1.04678,1.69344,8.60408e+06,3.61194e+06,1.16575e+07,0,0,0,0
103.622,103.622,4.22544,0.06,0,2.31312,2.55667,0,0.411504,4.89888,4.14015e+06,2.70226e+06,9.57666e+06,0,0,0,0,62.3362,61.308,3.4715,0,1,1.41497,1.17141,0,1.04678,1.69344,8.60408e+06,3.61194e+06,1.21745e+07,0,0,0,0
103.622,103.622,3.13539,0.06,0,2.37472,2.55773,0,0.433478,4.89888,4.14015e+06,2.70226e+06,9.83169e+06,0,0,0,0,62.3362,61.308,3.12298,0,1,1.35491,1.1719,0,1.0932,1.69344,8.60408e+06,3.61194e+06,1.16577e+07,0,0,0,0
103.622,103.622,3.11151,0.05,0,2.37626,2.55879,0,0.445022,4.89888,4.14015e+06,2.70226e+06,9.83808e+06,0,0,0,0,62.3362,61.308,3.1343,0,1,1.35491,1.17238,0,1.0468,1.69344,8.60408e+06,3.61194e+06,1.16577e+07,0,0,0,0
103.622,103.622,2.90656,0.04,0,2.3778,2.55984,0,0.445311,4.89888,4.14015e+06,2.70226e+06,9.84446e+06,0,0,0,0,62.3362,61.308,3.01083,0,1,1.35491,1.17287,0,1.0468,1.69344,8.60408e+06,3.61194e+06,1.16577e+07,0,0,0,0
103.622,103.622,2.71049,0.04,0,2.37934,2.5609,0,0.4456,4.89888,4.14015e+06,2.70226e+06,9.85085e+06,0,0,0,0,62.3362,61.308,2.74447,0,1,1.35491,1.17335,0,1.0468,1.69344,8.60408e+06,3.61194e+06,1.16577e+07,0,0,0,0
103.622,103.622,2.44505,0.03,0,2.35794,2.53901,0,0.445889,4.89888,4.14015e+06,2.70226e+06,9.76224e+06,0,0,0,0,62.3362,61.308,2.37857,0,1,1.388,1.20693,0,1.0468,1.69344,8.60408e+06,3.61194e+06,1.19425e+07,0,0,0,0
103.418,103.622,2.24588,0.03,0,2.39257,2.54006,0,0.441878,4.89888,4.14015e+06,2.70226e+06,9.9056e+06,0,0,0,0,62.3362,61.308,2.37384,0,1,1.35492,1.20743,0,1.07237,1.69344,8.60408e+06,3.61194e+06,1.16579e+07,0,0,0,0
103.028,103.622,2.04056,0.03,0,2.39412,2.54111,0,0.448367,4.89888,4.14015e+06,2.70226e+06,9.912e+06,0,0,0,0,62.3362,61.308,2.11573,0,1,1.35492,1.20793,0,1.04681,1.69344,8.60408e+06,3.61194e+06,1.16579e+07,0,0,0,0
102.584,103.622,1.93799,0.03,0,2.39566,2.54216,0,0.448657,4.89888,4.14015e+06,2.70226e+06,9.91842e+06,0,0,0,0,62.3007,61.308,2.08805,0,1,1.35492,1.20842,0,1.04681,1.69344,8.60408e+06,3.61194e+06,1.16579e+07,0,0,0,0
101.937,103.622,1.75556,0.03,0,2.45657,2.60257,0,0.448948,4.89888,4.14015e+06,2.70226e+06,1.01706e+07,0,0,0,0,62.1987,61.308,2.00358,0,1,1.38446,1.23846,0,1.04681,1.69344,8.60408e+06,3.61194e+06,1.1912e+07,0,0,0,0
101.234,103.622,1.7109,0.03,0,2.48768,2.60364,0,0.460361,4.89888,4.14015e+06,2.70226e+06,1.02994e+07,0,0,0,0,62.1297,61.308,2.06804,0,1,1.35494,1.23898,0,1.06964,1.69344,8.60408e+06,3.61194e+06,1.1658e+07,0,0,0,0
100.362,103.622,1.5347,0.03,0,2.48927,2.60472,0,0.466191,4.89888,4.14015e+06,2.70226e+06,1.03059e+07,0,0,0,0,62.0265,61.308,1.95661,0,1,1.35494,1.23949,0,1.04682,1.69344,8.60408e+06,3.61194e+06,1.1658e+07,0,0,0,0
99.379,103.622,1.41029,0.03,0,2.49085,2.60579,0,0.466489,4.89888,4.14015e+06,2.70226e+06,1.03125e+07,0,0,0,0,61.9055,61.308,1.82622,0,1,1.35494,1.24,0,1.04682,1.69344,8.60408e+06,3.61194e+06,1.1658e+07,0,0,0,0
98.1397,103.622,1.27165,0.03,0,2.66654,2.78097,0,0.466786,4.89888,4.14015e+06,2.70226e+06,1.10399e+07,0,0,0,0,61.6135,61.308,1.75994,0,1,1.46174,1.34731,0,1.04682,1.69344,8.60408e+06,3.61194e+06,1.25769e+07,0,0,0,0
96.7743,103.622,1.19025,0.03,0,2.77501,2.78212,0,0.49971,4.89888,4.14015e+06,2.70226e+06,1.14889e+07,0,0,0,0,61.4307,61.308,1.63691,0,1,1.35498,1.34787,0,1.12934,1.69344,8.60408e+06,3.61194e+06,1.16584e+07,0,0,0,0
95.482,103.622,1.28552,0.03,0,2.77671,2.78326,0,0.520036,4.89888,4.14015e+06,2.70226e+06,1.1496e+07,0,0,0,0,61.1319,61.308,2.01646,0,1,1.35498,1.34843,0,1.04686,1.69344,8.60408e+06,3.61194e+06,1.16584e+07,0,0,0,0
93.9999,103.622,1.06488,0.04,0,2.77841,2.78441,0,0.520355,4.89888,4.14015e+06,2.70226e+06,1.15031e+07,0,0,0,0,60.905,61.308,1.40182,0,1,1.35498,1.34898,0,1.04686,1.69344,8.60408e+06,3.61194e+06,1.16584e+07,0,0,0,0
92.7482,103.622,1.33253,0.04,0,2.78012,2.78556,0,0.520675,4.89888,4.14015e+06,2.70226e+06,1.15101e+07,0,0,0,0,60.9605,61.308,2.67646,0,1,1.35498,1.34954,0,1.04686,1.69344,8.60408e+06,3.61194e+06,1.16584e+07,0,0,0,0
91.5328,103.622,1.3993,0.04,0,2.6968,2.70168,0,0.520994,4.89888,4.14015e+06,2.70226e+06,1.11652e+07,0,0,0,0,60.8367,61.308,1.67553,0,1,1.29002,1.28514,0,1.04686,1.69344,8.60408e+06,3.61194e+06,1.10994e+07,0,0,0,0
91.2056,103.622,2.28369,0.04,0,2.63351,2.7028,0,0.50538,4.89888,4.14015e+06,2.70226e+06,1.09031e+07,0,0,0,0,60.8755,61.308,2.98556,0,1,1.35495,1.28567,0,0.996671,1.69344,8.60408e+06,3.61194e+06,1.16581e+07,0,0,0,0
89.8661,103.622,1.19601,0.04,0,2.63515,2.70391,0,0.49352,4.89888,4.14015e+06,2.70226e+06,1.09099e+07,0,0,0,0,60.6257,61.308,1.80888,0,1,1.35495,1.2862,0,1.04684,1.69344,8.60408e+06,3.61194e+06,1.16581e+07,0,0,0,0
88.5621,103.622,1.16373,0.04,0,2.6368,2.70503,0,0.493828,4.89888,4.14015e+06,2.70226e+06,1.09167e+07,0,0,0,0,60.4499,61.308,1.63382,0,1,1.35495,1.28673,0,1.04684,1.69344,8.60408e+06,3.61194e+06,1.16581e+07,0,0,0,0
87.6674,103.622,1.71684,0.05,0,2.56854,2.63624,0,0.494136,4.89888,4.14015e+06,2.70226e+06,1.06341e+07,0,0,0,0,60.4741,61.308,1.89021,0,1,1.29573,1.22803,0,1.04684,1.69344,8.60408e+06,3.61194e+06,1.11485e+07,0,0,0,0
87.4941,103.622,2.40738,0.05,0,2.51093,2.63732,0,0.481344,4.89888,4.14015e+06,2.70226e+06,1.03956e+07,0,0,0,0,60.8759,61.308,3.12358,0,1,1.35493,1.22854,0,1.00108,1.69344,8.60408e+06,3.61194e+06,1.16579e+07,0,0,0,0
86.5155,103.622,1.59117,0.05,0,2.51252,2.63841,0,0.470548,4.89888,4.14015e+06,2.70226e+06,1.04022e+07,0,0,0,0,60.9648,61.308,2.40162,0,1,1.35493,1.22904,0,1.04682,1.69344,8.60408e+06,3.61194e+06,1.16579e+07,0,0,0,0
88.0093,103.622,4.37552,0.05,0,2.51411,2.6395,0,0.470846,4.89888,4.14015e+06,2.70226e+06,1.04088e+07,0,0,0,0,61.2575,61.308,2.88396,0,1,1.35493,1.22955,0,1.04682,1.69344,8.60408e+06,3.61194e+06,1.16579e+07,0,0,0,0
89.3522,103.622,3.96864,0.04,0,2.31684,2.44172,0,0.471145,4.89888,4.14015e+06,2.70226e+06,9.59207e+06,0,0,0,0,61.5328,61.308,3.18556,0,1,1.23138,1.1065,0,1.04682,1.69344,8.60408e+06,3.61194e+06,1.05949e+07,0,0,0,0
91.8069,103.622,5.08355,0.03,0,2.1948,2.44272,0,0.434176,4.89888,4.14015e+06,2.70226e+06,9.0868e+06,0,0,0,0,62.3362,61.308,5.1918,0,1,1.35488,1.10696,0,0.951361,1.69344,8.60408e+06,3.61194e+06,1.16575e+07,0,0,0,0
92.2527,103.622,2.94648,0.02,0,2.19626,2.44373,0,0.411305,4.89888,4.14015e+06,2.70226e+06,9.09285e+06,0,0,0,0,62.3362,61.308,3.32272,0,1,1.35488,1.10741,0,1.04678,1.69344,8.60408e+06,3.61194e+06,1.16575e+07,0,0,0,0
92.0993,103.622,2.30005,0.02,0,2.19772,2.44473,0,0.411579,4.89888,4.14015e+06,2.70226e+06,9.0989e+06,0,0,0,0,62.3155,61.308,2.24211,0,1,1.35488,1.10787,0,1.04678,1.69344,8.60408e+06,3.61194e+06,1.16575e+07,0,0,0,0
93.1913,103.622,3.68183,0.03,0,2.19918,2.44574,0,0.411853,4.89888,4.14015e+06,2.70226e+06,9.10495e+06,0,0,0,0,62.3362,61.308,3.58705,0,1,1.35488,1.10832,0,1.04678,1.69344,8.60408e+06,3.61194e+06,1.16575e+07,0,0,0,0
98.517,103.622,8.53793,0.03,0,2.27727,2.52338,0,0.412127,4.89888,4.14015e+06,2.70226e+06,9.42826e+06,0,0,0,0,62.3362,61.308,6.83344,0,1,1.39072,1.14462,0,1.04678,1.69344,8.60408e+06,3.61194e+06,1.19659e+07,0,0,0,0
102.632,103.622,7.50996,0.03,0,2.31458,2.52438,0,0.426761,4.89888,4.14015e+06,2.70226e+06,9.58271e+06,0,0,0,0,62.3362,61.308,5.53372,0,1,1.35488,1.14508,0,1.07447,1.69344,8.60408e+06,3.61194e+06,1.16575e+07,0,0,0,0
103.622,103.622,7.98496,0.03,0,2.31604,2.52539,0,0.433752,4.89888,4.14015e+06,2.70226e+06,9.58876e+06,0,0,0,0,62.3362,61.308,5.10185,0,1,1.35488,1.14553,0,1.04678,1.69344,8.60408e+06,3.61194e+06,1.16575e+07,0,0,0,0
103.622,103.622,8.0024,0.04,0,2.3175,2.52639,0,0.434026,4.89888,4.14015e+06,2.70226e+06,9.59482e+06,0,0,0,0,62.3362,61.308,6.50271,0,1,1.35488,1.14599,0,1.04678,1.69344,8.60408e+06,3.61194e+06,1.16575e+07,0,0,0,0
103.622,103.622,8.24245,0.05,0,2.56549,2.77392,0,0.4343,4.89888,4.14015e+06,2.70226e+06,1.06215e+07,0,0,0,0,62.3362,61.308,5.30372,0,1,1.48968,1.28125,0,1.04678,1.69344,8.60408e+06,3.61194e+06,1.28173e+07,0,0,0,0
103.622,103.622,22.8512,0.04,0,2.70185,2.77502,0,0.480772,4.89888,4.14015e+06,2.70226e+06,1.11861e+07,0,0,0,0,62.3362,61.308,11.308,0,1,1.35493,1.28176,0,1.15093,1.69344,8.60408e+06,3.61194e+06,1.1658e+07,0,0,0,0
103.622,103.622,9.56838,0.06,0,2.70346,2.77613,0,0.506326,4.89888,4.14015e+06,2.70226e+06,1.11927e+07,0,0,0,0,62.3362,61.308,5.64557,0,1,1.35493,1.28227,0,1.04682,1.69344,8.60408e+06,3.61194e+06,1.1658e+07,0,0,0,0
103.622,103.622,7.47575,0.08,0,2.70508,2.77724,0,0.506629,4.89888,4.14015e+06,2.70226e+06,1.11994e+07,0,0,0,0,62.3362,61.308,5.29416,0,1,1.35493,1.28278,0,1.04682,1.69344,8.60408e+06,3.61194e+06,1.1658e+07,0,0,0,0
103.622,103.622,7.29202,0.08,0,2.35452,2.42617,0,0.506932,4.89888,4.14015e+06,2.70226e+06,9.74809e+06,0,0,0,0,62.3362,61.308,6.76281,0,1,1.17375,1.1021,0,1.04682,1.69344,8.60408e+06,3.61194e+06,1.0099e+07,0,0,0,0
103.622,103.622,6.21143,0.08,0,2.17481,2.42714,0,0.441238,4.89888,4.14015e+06,2.70226e+06,9.00405e+06,0,0,0,0,62.3362,61.308,4.19624,0,1,1.35486,1.10254,0,0.906836,1.69344,8.60408e+06,3.61194e+06,1.16573e+07,0,0,0,0
103.622,103.622,6.69716,0.08,0,2.17622,2.4281,0,0.40756,4.89888,4.14015e+06,2.70226e+06,9.00987e+06,0,0,0,0,62.3362,61.308,5.5707,0,1,1.35486,1.10298,0,1.04677,1.69344,8.60408e+06,3.61194e+06,1.16573e+07,0,0,0,0
103.622,103.622,6.42748,0.08,0,2.17762,2.42907,0,0.407823,4.89888,4.14015e+06,2.70226e+06,9.01569e+06,0,0,0,0,62.3362,61.308,5.08366,0,1,1.35486,1.10342,0,1.04677,1.69344,8.60408e+06,3.61194e+06,1.16574e+07,0,0,0,0
103.622,103.622,7.32041,0.08,0,2.17903,2.43004,0,0.408087,4.89888,4.14015e+06,2.70226e+06,9.02152e+06,0,0,0,0,62.3362,61.308,7.86688,0,1,1.35486,1.10386,0,1.04677,1.69344,8.60408e+06,3.61194e+06,1.16574e+07,0,0,0,0
103.622,103.622,9.77741,0.08,0,2.26926,2.51983,0,0.40835,4.89888,4.14015e+06,2.70226e+06,9.39508e+06,0,0,0,0,62.3362,61.308,6.51078,0,1,1.39928,1.14871,0,1.04677,1.69344,8.60408e+06,3.61194e+06,1.20395e+07,0,0,0,0
103.622,103.622,6.4763,0.08,0,2.31512,2.52083,0,0.425259,4.89888,4.14015e+06,2.70226e+06,9.58493e+06,0,0,0,0,62.3362,61.308,4.94471,0,1,1.35488,1.14917,0,1.08108,1.69344,8.60408e+06,3.61194e+06,1.16575e+07,0,0,0,0
103.622,103.622,7.2656,0.07,0,2.31658,2.52183,0,0.433853,4.89888,4.14015e+06,2.70226e+06,9.59098e+06,0,0,0,0,62.3362,61.308,5.458,0,1,1.35488,1.14962,0,1.04678,1.69344,8.60408e+06,3.61194e+06,1.16575e+07,0,0,0,0
103.622,103.622,6.51548,0.07,0,2.31804,2.52284,0,0.434126,4.89888,4.14015e+06,2.70226e+06,9.59703e+06,0,0,0,0,62.3362,61.308,5.26964,0,1,1.35488,1.15008,0,1.04678,1.69344,8.60408e+06,3.61194e+06,1.16575e+07,0,0,0,0
103.622,103.622,5.15718,0.07,0,2.28471,2.48906,0,0.4344,4.89888,4.14015e+06,2.70226e+06,9.45906e+06,0,0,0,0,62.3362,61.308,4.49917,0,1,1.3376,1.13326,0,1.04678,1.69344,8.60408e+06,3.61194e+06,1.15089e+07,0,0,0,0
103.622,103.622,4.34231,0.07,0,2.26888,2.49005,0,0.428155,4.89888,4.14015e+06,2.70226e+06,9.39352e+06,0,0,0,0,62.3362,61.308,4.19601,0,1,1.35487,1.13371,0,1.03343,1.69344,8.60408e+06,3.61194e+06,1.16574e+07,0,0,0,0
103.622,103.622,4.94028,0.07,0,2.27032,2.49104,0,0.425189,4.89888,4.14015e+06,2.70226e+06,9.39949e+06,0,0,0,0,62.3362,61.308,3.76083,0,1,1.35487,1.13416,0,1.04678,1.69344,8.60408e+06,3.61194e+06,1.16575e+07,0,0,0,0
103.622,103.622,4.16289,0.07,0,2.27177,2.49203,0,0.425459,4.89888,4.14015e+06,2.70226e+06,9.40546e+06,0,0,0,0,62.3362,61.308,3.81625,0,1,1.35487,1.13461,0,1.04678,1.69344,8.60408e+06,3.61194e+06,1.16575e+07,0,0,0,0
103.622,103.622,3.71578,0.07,0,2.39147,2.61128,0,0.425729,4.89888,4.14015e+06,2.70226e+06,9.90105e+06,0,0,0,0,62.3362,61.308,3.50101,0,1,1.41624,1.19643,0,1.04678,1.69344,8.60408e+06,3.61194e+06,1.21855e+07,0,0,0,0
103.622,103.622,3.35672,0.06,0,2.45433,2.61232,0,0.448161,4.89888,4.14015e+06,2.70226e+06,1.01613e+07,0,0,0,0,62.3362,61.308,3.52701,0,1,1.3549,1.19691,0,1.09419,1.69344,8.60408e+06,3.61194e+06,1.16577e+07,0,0,0,0
103.622,103.622,3.12987,0.06,0,2.45584,2.61336,0,0.459941,4.89888,4.14015e+06,2.70226e+06,1.01676e+07,0,0,0,0,62.3362,61.308,3.17616,0,1,1.3549,1.19738,0,1.0468,1.69344,8.60408e+06,3.61194e+06,1.16577e+07,0,0,0,0
103.622,103.622,3.06562,0.05,0,2.45735,2.61439,0,0.460224,4.89888,4.14015e+06,2.70226e+06,1.01738e+07,0,0,0,0,62.3362,61.308,3.22026,0,1,1.3549,1.19786,0,1.0468,1.69344,8.60408e+06,3.61194e+06,1.16577e+07,0,0,0,0
103.622,103.622,2.75855,0.05,0,2.45887,2.61543,0,0.460508,4.89888,4.14015e+06,2.70226e+06,1.01801e+07,0,0,0,0,62.3362,61.308,3.27615,0,1,1.3549,1.19834,0,1.0468,1.69344,8.60408e+06,3.61194e+06,1.16577e+07,0,0,0,0
103.622,103.622,3.61863,0.04,0,2.43695,2.59304,0,0.460792,4.89888,4.14015e+06,2.70226e+06,1.00893e+07,0,0,0,0,62.3362,61.308,3.04508,0,1,1.3887,1.23261,0,1.0468,1.69344,8.60408e+06,3.61194e+06,1.19484e+07,0,0,0,0
103.622,103.622,3.43105,0.03,0,2.47225,2.59407,0,0.456684,4.89888,4.14015e+06,2.70226e+06,1.02355e+07,0,0,0,0,62.3362,61.308,3.02923,0,1,1.35491,1.2331,0,1.07291,1.69344,8.60408e+06,3.61194e+06,1.16578e+07,0,0,0,0
103.622,103.622,3.16356,0.03,0,2.47377,2.5951,0,0.4633,4.89888,4.14015e+06,2.70226e+06,1.02418e+07,0,0,0,0,62.3362,61.308,2.97677,0,1,1.35491,1.23359,0,1.04681,1.69344,8.60408e+06,3.61194e+06,1.16578e+07,0,0,0,0
103.622,103.622,2.96587,0.03,0,2.47529,2.59613,0,0.463585,4.89888,4.14015e+06,2.70226e+06,1.02481e+07,0,0,0,0,62.3362,61.308,3.06973,0,1,1.35491,1.23408,0,1.04681,1.69344,8.60408e+06,3.61194e+06,1.16578e+07,0,0,0,0
103.622,103.622,2.86615,0.03,0,2.53743,2.65777,0,0.46387,4.89888,4.14015e+06,2.70226e+06,1.05053e+07,0,0,0,0,62.3362,61.308,2.83523,0,1,1.38508,1.26473,0,1.04681,1.69344,8.60408e+06,3.61194e+06,1.19173e+07,0,0,0,0
103.622,103.622,3.00579,0.03,0,2.56914,2.65883,0,0.475513,4.89888,4.14015e+06,2.70226e+06,1.06366e+07,0,0,0,0,62.3362,61.308,3.06562,0,1,1.35493,1.26524,0,1.07011,1.69344,8.60408e+06,3.61194e+06,1.16579e+07,0,0,0,0
103.622,103.622,2.77025,0.03,0,2.57069,2.65988,0,0.481456,4.89888,4.14015e+06,2.70226e+06,1.06431e+07,0,0,0,0,62.3362,61.308,2.9202,0,1,1.35493,1.26574,0,1.04682,1.69344,8.60408e+06,3.61194e+06,1.16579e+07,0,0,0,0
103.511,103.622,2.52285,0.03,0,2.57225,2.66094,0,0.481748,4.89888,4.14015e+06,2.70226e+06,1.06495e+07,0,0,0,0,62.3362,61.308,2.55186,0,1,1.35493,1.26624,0,1.04682,1.69344,8.60408e+06,3.61194e+06,1.16579e+07,0,0,0,0
103.53,103.622,2.9135,0.03,0,2.75159,2.83978,0,0.48204,4.89888,4.14015e+06,2.70226e+06,1.1392e+07,0,0,0,0,62.3362,61.308,3.3119,0,1,1.46399,1.3758,0,1.04682,1.69344,8.60408e+06,3.61194e+06,1.25963e+07,0,0,0,0
103.622,103.622,3.11882,0.03,0,2.8409,2.8409,0,0.515649,4.89888,4.14015e+06,2.70226e+06,1.17618e+07,0,0,0,0,62.3362,61.308,3.31544,0,1,1.37635,1.37635,0,1.13108,1.69344,8.60408e+06,3.61194e+06,1.18422e+07,0,0,0,0
103.315,103.622,2.65867,0.03,0,2.84203,2.84203,0,0.532385,4.89888,4.14015e+06,2.70226e+06,1.17664e+07,0,0,0,0,62.3362,61.308,2.91479,0,1,1.3769,1.3769,0,1.06337,1.69344,8.60408e+06,3.61194e+06,1.18469e+07,0,0,0,0
103.24,103.622,2.91483,0.03,0,2.84316,2.84316,0,0.532597,4.89888,4.14015e+06,2.70226e+06,1.17711e+07,0,0,0,0,62.3362,61.308,3.8785,0,1,1.37744,1.37744,0,1.06379,1.69344,8.60408e+06,3.61194e+06,1.18516e+07,0,0,0,0
102.99,103.622,2.78134,0.03,0,2.84429,2.84429,0,0.532808,4.89888,4.14015e+06,2.70226e+06,1.17758e+07,0,0,0,0,62.3362,61.308,3.41488,0,1,1.37799,1.37799,0,1.06421,1.69344,8.60408e+06,3.61194e+06,1.18563e+07,0,0,0,0
103.103,103.622,3.17775,0.03,0,2.7586,2.7586,0,0.533019,4.89888,4.14015e+06,2.70226e+06,1.1421e+07,0,0,0,0,62.3362,61.308,3.3203,0,1,1.31221,1.31221,0,1.06463,1.69344,8.60408e+06,3.61194e+06,1.12903e+07,0,0,0,0
103.622,103.622,4.29263,0.03,0,2.71747,2.75969,0,0.516961,4.89888,4.14015e+06,2.70226e+06,1.12508e+07,0,0,0,0,62.3362,61.308,4.41646,0,1,1.35494,1.31273,0,1.01381,1.69344,8.60408e+06,3.61194e+06,1.1658e+07,0,0,0,0
103.622,103.622,5.62889,0.03,0,2.71909,2.76078,0,0.509255,4.89888,4.14015e+06,2.70226e+06,1.12574e+07,0,0,0,0,62.3362,61.308,6.62488,0,1,1.35494,1.31325,0,1.04683,1.69344,8.60408e+06,3.61194e+06,1.1658e+07,0,0,0,0
103.622,103.622,4.89332,0.03,0,2.7207,2.76188,0,0.509557,4.89888,4.14015e+06,2.70226e+06,1.12641e+07,0,0,0,0,62.3362,61.308,4.43646,0,1,1.35494,1.31377,0,1.04683,1.69344,8.60408e+06,3.61194e+06,1.1658e+07,0,0,0,0
103.622,103.622,3.13118,0.03,0,2.65094,2.6916,0,0.50986,4.89888,4.14015e+06,2.70226e+06,1.09753e+07,0,0,0,0,62.3362,61.308,3.38558,0,1,1.29447,1.25382,0,1.04683,1.69344,8.60408e+06,3.61194e+06,1.11378e+07,0,0,0,0
103.622,103.622,3.5802,0.03,0,2.59206,2.69266,0,0.496787,4.89888,4.14015e+06,2.70226e+06,1.07315e+07,0,0,0,0,62.3362,61.308,3.19046,0,1,1.35492,1.25432,0,1.00011,1.69344,8.60408e+06,3.61194e+06,1.16578e+07,0,0,0,0
103.622,103.622,5.59732,0.03,0,2.59362,2.69373,0,0.485752,4.89888,4.14015e+06,2.70226e+06,1.0738e+07,0,0,0,0,62.3362,61.308,4.64003,0,1,1.35492,1.25481,0,1.04681,1.69344,8.60408e+06,3.61194e+06,1.16578e+07,0,0,0,0
103.622,103.622,5.54905,0.04,0,2.59519,2.6948,0,0.486045,4.89888,4.14015e+06,2.70226e+06,1.07445e+07,0,0,0,0,62.3362,61.308,4.06731,0,1,1.35492,1.25531,0,1.04681,1.69344,8.60408e+06,3.61194e+06,1.16578e+07,0,0,0,0
103.622,103.622,7.84142,0.03,0,2.39372,2.49284,0,0.486338,4.89888,4.14015e+06,2.70226e+06,9.91037e+06,0,0,0,0,62.3362,61.308,5.7462,0,1,1.22878,1.12967,0,1.04681,1.69344,8.60408e+06,3.61194e+06,1.05725e+07,0,0,0,0
103.622,103.622,8.93723,0.05,0,2.26906,2.49382,0,0.448583,4.89888,4.14015e+06,2.70226e+06,9.39427e+06,0,0,0,0,62.3362,61.308,3.44281,0,1,1.35487,1.13011,0,0.949355,1.69344,8.60408e+06,3.61194e+06,1.16574e+07,0,0,0,0
103.622,103.622,8.30112,0.07,0,2.2705,2.49481,0,0.425223,4.89888,4.14015e+06,2.70226e+06,9.40021e+06,0,0,0,0,62.3362,61.308,4.03398,0,1,1.35487,1.13056,0,1.04677,1.69344,8.60408e+06,3.61194e+06,1.16574e+07,0,0,0,0
103.622,103.622,6.92752,0.08,0,2.27193,2.4958,0,0.425491,4.89888,4.14015e+06,2.70226e+06,9.40615e+06,0,0,0,0,62.3362,61.308,5.49059,0,1,1.35487,1.13101,0,1.04677,1.69344,8.60408e+06,3.61194e+06,1.16574e+07,0,0,0,0
103.622,103.622,7.45387,0.08,0,2.27337,2.49679,0,0.42576,4.89888,4.14015e+06,2.70226e+06,9.41209e+06,0,0,0,0,62.3362,61.308,6.89278,0,1,1.35487,1.13146,0,1.04677,1.69344,8.60408e+06,3.61194e+06,1.16574e+07,0,0,0,0
103.622,103.622,6.12821,0.08,0,2.35303,2.576,0,0.426029,4.89888,4.14015e+06,2.70226e+06,9.7419e+06,0,0,0,0,62.3362,61.308,4.2612,0,1,1.39146,1.16849,0,1.04677,1.69344,8.60408e+06,3.61194e+06,1.19722e+07,0,0,0,6.53183e+07
103.622,103.622,18.3541,0.08,0,2.39105,2.57699,0,0.440958,4.89888,4.14015e+06,2.70226e+06,9.89932e+06,0,0,0,0,62.3362,61.308,10.72,0,1,1.35487,1.16894,0,1.07504,1.69344,8.60408e+06,3.61194e+06,1.16574e+07,0,0,0,6.53183e+07
103.622,103.622,21.17,0.08,0,2.39249,2.57797,0,0.448083,4.89888,4.14015e+06,2.70226e+06,9.90525e+06,0,0,0,0,62.3362,61.308,17.2859,0,1,1.35487,1.16939,0,1.04677,1.69344,8.60408e+06,3.61194e+06,1.16574e+07,0,0,0,6.53183e+07
103.622,103.622,11.2647,0.08,0,2.39392,2.57896,0,0.448352,4.89888,4.14015e+06,2.70226e+06,9.91119e+06,0,0,0,0,62.3362,61.308,9.44571,0,1,1.35487,1.16983,0,1.04677,1.69344,8.60408e+06,3.61194e+06,1.16574e+07,0,0,0,6.53183e+07
103.622,103.622,11.4839,0.08,0,2.64699,2.83159,0,0.44862,4.89888,4.14015e+06,2.70226e+06,1.0959e+07,0,0,0,0,62.3362,61.308,7.23888,0,1,1.49247,1.30788,0,1.04677,1.69344,8.60408e+06,3.61194e+06,1.28413e+07,0,0,0,6.53183e+07
103.622,103.622,10.7423,0.09,0,2.78612,2.83267,0,0.496047,4.89888,4.14015e+06,2.70226e+06,1.1535e+07,0,0,0,0,62.3362,61.308,9.22421,0,1,1.35492,1.30838,0,1.15308,1.69344,8.60408e+06,3.61194e+06,1.16579e+07,0,0,0,6.53183e+07
103.622,103.622,16.2046,0.09,0,2.78771,2.83375,0,0.52212,4.89888,4.14015e+06,2.70226e+06,1.15415e+07,0,0,0,0,62.3362,61.308,11.6234,0,1,1.35492,1.30888,0,1.04681,1.69344,8.60408e+06,3.61194e+06,1.16579e+07,0,0,0,6.53183e+07
103.622,103.622,6.74619,0.09,0,2.78929,2.83483,0,0.522416,4.89888,4.14015e+06,2.70226e+06,1.15481e+07,0,0,0,0,62.3362,61.308,6.00364,0,1,1.35492,1.30938,0,1.04681,1.69344,8.60408e+06,3.61194e+06,1.16579e+07,0,0,0,6.53183e+07
103.622,103.622,7.20423,0.09,0,2.4314,2.47645,0,0.522713,4.89888,4.14015e+06,2.70226e+06,1.00664e+07,0,0,0,0,62.3362,61.308,7.29612,0,1,1.16998,1.12494,0,1.04681,1.69344,8.60408e+06,3.61194e+06,1.00666e+07,0,0,0,6.53183e+07
103.622,103.622,9.96724,0.09,0,2.24791,2.47739,0,0.455645,4.89888,4.14015e+06,2.70226e+06,9.30668e+06,0,0,0,0,62.3362,61.308,10.9871,0,1,1.35485,1.12537,0,0.903927,1.69344,8.60408e+06,3.61194e+06,1.16573e+07,0,0,0,6.53183e+07
103.622,103.622,10.5731,0.09,0,2.24928,2.47834,0,0.421258,4.89888,4.14015e+06,2.70226e+06,9.31238e+06,0,0,0,0,62.3362,61.308,10.9056,0,1,1.35485,1.1258,0,1.04676,1.69344,8.60408e+06,3.61194e+06,1.16573e+07,0,0,0,6.53183e+07
103.622,103.622,18.3264,0.09,0,2.25066,2.47929,0,0.421516,4.89888,4.14015e+06,2.70226e+06,9.31808e+06,0,0,0,0,62.3362,61.308,17.6718,0,1,1.35485,1.12623,0,1.04676,1.69344,8.60408e+06,3.61194e+06,1.16573e+07,0,0,0,6.53183e+07
103.622,103.622,11.572,0.09,0,2.25204,2.48023,0,0.421774,4.89888,4.14015e+06,2.70226e+06,9.32378e+06,0,0,0,0,62.3362,61.308,9.71193,0,1,1.35485,1.12666,0,1.04676,1.69344,8.60408e+06,3.61194e+06,1.16573e+07,0,0,0,6.53183e+07
103.622,103.622,12.7359,0.09,0,2.34407,2.57184,0,0.422032,4.89888,4.14015e+06,2.70226e+06,9.70482e+06,0,0,0,0,62.3362,61.308,10.2301,0,1,1.40018,1.17242,0,1.04676,1.69344,8.60408e+06,3.61194e+06,1.20473e+07,0,0,0,6.53183e+07
103.622,103.622,10.4294,0.09,0,2.39082,2.57282,0,0.439279,4.89888,4.14015e+06,2.70226e+06,9.89835e+06,0,0,0,0,62.3362,61.308,9.69157,0,1,1.35487,1.17287,0,1.08178,1.69344,8.60408e+06,3.61194e+06,1.16574e+07,0,0,0,6.53183e+07
103.622,103.622,10.0417,0.09,0,2.39225,2.5738,0,0.448039,4.89888,4.14015e+06,2.70226e+06,9.90427e+06,0,0,0,0,62.3362,61.308,10.4824,0,1,1.35487,1.17332,0,1.04677,1.69344,8.60408e+06,3.61194e+06,1.16574e+07,0,0,0,6.53183e+07
103.622,103.622,9.19651,0.09,0,2.39368,2.57479,0,0.448307,4.89888,4.14015e+06,2.70226e+06,9.91019e+06,0,0,0,0,62.3362,61.308,9.74623,0,1,1.35487,1.17376,0,1.04677,1.69344,8.60408e+06,3.61194e+06,1.16574e+07,0,0,0,6.53183e+07
103.622,103.622,8.08071,0.08,0,2.35961,2.54027,0,0.448575,4.89888,4.14015e+06,2.70226e+06,9.76914e+06,0,0,0,0,62.3362,61.308,6.73934,0,1,1.33724,1.15658,0,1.04677,1.69344,8.60408e+06,3.61194e+06,1.15057e+07,0,0,0,6.53183e+07
103.622,103.622,6.74055,0.07,0,2.34339,2.54124,0,0.442191,4.89888,4.14015e+06,2.70226e+06,9.702e+06,0,0,0,0,62.3362,61.308,4.86191,0,1,1.35487,1.15702,0,1.03315,1.69344,8.60408e+06,3.61194e+06,1.16574e+07,0,0,0,6.53183e+07
103.622,103.622,7.23555,0.07,0,2.3448,2.54221,0,0.439152,4.89888,4.14015e+06,2.70226e+06,9.70785e+06,0,0,0,0,62.3362,61.308,6.35453,0,1,1.35487,1.15746,0,1.04677,1.69344,8.60408e+06,3.61194e+06,1.16574e+07,0,0,0,6.53183e+07
103.622,103.622,6.2385,0.07,0,2.34622,2.54318,0,0.439416,4.89888,4.14015e+06,2.70226e+06,9.71369e+06,0,0,0,0,62.3362,61.308,5.53447,0,1,1.35487,1.1579,0,1.04677,1.69344,8.60408e+06,3.61194e+06,1.16574e+07,0,0,0,6.53183e+07
103.622,103.622,5.71928,0.07,0,2.46831,2.66484,0,0.439681,4.89888,4.14015e+06,2.70226e+06,1.02192e+07,0,0,0,0,62.3362,61.308,4.92611,0,1,1.41749,1.22097,0,1.04677,1.69344,8.60408e+06,3.61194e+06,1.21962e+07,0,0,0,6.53183e+07
103.622,103.622,4.91742,0.07,0,2.5324,2.66585,0,0.462562,4.89888,4.14015e+06,2.70226e+06,1.04845e+07,0,0,0,0,62.3362,61.308,3.86902,0,1,1.35489,1.22144,0,1.09515,1.69344,8.60408e+06,3.61194e+06,1.16576e+07,0,0,0,6.53183e+07
103.622,103.622,4.4203,0.07,0,2.53388,2.66687,0,0.474572,4.89888,4.14015e+06,2.70226e+06,1.04907e+07,0,0,0,0,62.3362,61.308,3.38965,0,1,1.35489,1.2219,0,1.04679,1.69344,8.60408e+06,3.61194e+06,1.16576e+07,0,0,0,6.53183e+07
103.622,103.622,4.23324,0.05,0,2.53536,2.66789,0,0.474849,4.89888,4.14015e+06,2.70226e+06,1.04968e+07,0,0,0,0,62.3362,61.308,3.35534,0,1,1.35489,1.22237,0,1.04679,1.69344,8.60408e+06,3.61194e+06,1.16576e+07,0,0,0,6.53183e+07
103.622,103.622,4.04327,0.05,0,2.53685,2.6689,0,0.475127,4.89888,4.14015e+06,2.70226e+06,1.05029e+07,0,0,0,0,62.3362,61.308,3.5477,0,1,1.35489,1.22284,0,1.04679,1.69344,8.60408e+06,3.61194e+06,1.16576e+07,0,0,0,6.53183e+07
103.622,103.622,4.61183,0.05,0,2.51442,2.64601,0,0.475405,4.89888,4.14015e+06,2.70226e+06,1.04101e+07,0,0,0,0,62.3362,61.308,3.55901,0,1,1.38938,1.25779,0,1.04679,1.69344,8.60408e+06,3.61194e+06,1.19543e+07,0,0,0,6.53183e+07
103.622,103.622,4.533,0.04,0,2.55038,2.64702,0,0.471202,4.89888,4.14015e+06,2.70226e+06,1.0559e+07,0,0,0,0,62.3362,61.308,3.51479,0,1,1.3549,1.25827,0,1.07343,1.69344,8.60408e+06,3.61194e+06,1.16577e+07,0,0,0,6.53183e+07
103.622,103.622,4.30465,0.03,0,2.55187,2.64803,0,0.477941,4.89888,4.14015e+06,2.70226e+06,1.05651e+07,0,0,0,0,62.3362,61.308,3.46411,0,1,1.3549,1.25875,0,1.0468,1.69344,8.60408e+06,3.61194e+06,1.16577e+07,0,0,0,6.53183e+07
103.622,103.622,3.98406,0.04,0,2.55336,2.64903,0,0.47822,4.89888,4.14015e+06,2.70226e+06,1.05713e+07,0,0,0,0,62.3362,61.308,3.41672,0,1,1.3549,1.25923,0,1.0468,1.69344,8.60408e+06,3.61194e+06,1.16577e+07,0,0,0,6.53183e+07
103.622,103.622,3.83994,0.04,0,2.61669,2.71189,0,0.478499,4.89888,4.14015e+06,2.70226e+06,1.08335e+07,0,0,0,0,62.3362,61.308,3.27545,0,1,1.38569,1.29049,0,1.0468,1.69344,8.60408e+06,3.61194e+06,1.19225e+07,0,0,0,6.53183e+07
103.622,103.622,3.77908,0.04,0,2.64899,2.71292,0,0.490368,4.89888,4.14015e+06,2.70226e+06,1.09672e+07,0,0,0,0,62.3362,61.308,3.35019,0,1,1.35492,1.29098,0,1.07058,1.69344,8.60408e+06,3.61194e+06,1.16578e+07,0,0,0,6.53183e+07
103.622,103.622,3.43872,0.04,0,2.65051,2.71396,0,0.49642,4.89888,4.14015e+06,2.70226e+06,1.09735e+07,0,0,0,0,62.3362,61.308,3.20218,0,1,1.35492,1.29147,0,1.04681,1.69344,8.60408e+06,3.61194e+06,1.16578e+07,0,0,0,6.53183e+07
103.622,103.622,3.13988,0.04,0,2.65204,2.71499,0,0.496706,4.89888,4.14015e+06,2.70226e+06,1.09798e+07,0,0,0,0,62.3362,61.308,2.96843,0,1,1.35492,1.29196,0,1.04681,1.69344,8.60408e+06,3.61194e+06,1.16578e+07,0,0,0,6.53183e+07
103.502,103.622,2.7683,0.04,0,2.83496,2.89742,0,0.496992,4.89888,4.14015e+06,2.70226e+06,1.17371e+07,0,0,0,0,62.3362,61.308,2.94419,0,1,1.46619,1.40373,0,1.04681,1.69344,8.60408e+06,3.61194e+06,1.26152e+07,0,0,0,6.53183e+07
103.089,103.622,2.48741,0.04,0,2.89852,2.89852,0,0.531271,4.89888,4.14015e+06,2.70226e+06,1.20003e+07,0,0,0,0,62.3362,61.308,3.27032,0,1,1.40426,1.40426,0,1.13278,1.69344,8.60408e+06,3.61194e+06,1.20824e+07,0,0,0,6.53183e+07
102.459,103.622,2.2487,0.04,0,2.89962,2.89962,0,0.543183,4.89888,4.14015e+06,2.70226e+06,1.20049e+07,0,0,0,0,62.3362,61.308,3.02258,0,1,1.4048,1.4048,0,1.08493,1.69344,8.60408e+06,3.61194e+06,1.2087e+07,0,0,0,6.53183e+07
102.203,103.622,2.64779,0.04,0,2.90073,2.90073,0,0.543389,4.89888,4.14015e+06,2.70226e+06,1.20095e+07,0,0,0,0,62.3362,61.308,3.26941,0,1,1.40533,1.40533,0,1.08535,1.69344,8.60408e+06,3.61194e+06,1.20916e+07,0,0,0,6.53183e+07
103.527,103.622,4.36473,0.04,0,2.90183,2.90183,0,0.543596,4.89888,4.14015e+06,2.70226e+06,1.2014e+07,0,0,0,0,62.3362,61.308,3.95245,0,1,1.40587,1.40587,0,1.08576,1.69344,8.60408e+06,3.61194e+06,1.20962e+07,0,0,0,6.53183e+07
103.622,103.622,3.24076,0.04,0,2.81436,2.81436,0,0.543803,4.89888,4.14015e+06,2.70226e+06,1.16519e+07,0,0,0,0,62.3362,61.308,2.59324,0,1,1.33874,1.33874,0,1.08617,1.69344,8.60408e+06,3.61194e+06,1.15186e+07,0,0,0,6.53183e+07
103.622,103.622,4.36153,0.04,0,2.79975,2.81543,0,0.527412,4.89888,4.14015e+06,2.70226e+06,1.15914e+07,0,0,0,0,62.119,61.308,3.39778,0,1,1.35493,1.33924,0,1.03431,1.69344,8.60408e+06,3.61194e+06,1.1658e+07,0,0,0,6.53183e+07
102.815,103.622,2.07766,0.04,0,2.80133,2.81651,0,0.524672,4.89888,4.14015e+06,2.70226e+06,1.15979e+07,0,0,0,0,62.0587,61.308,1.91214,0,1,1.35493,1.33975,0,1.04682,1.69344,8.60408e+06,3.61194e+06,1.1658e+07,0,0,0,6.53183e+07
102.23,103.622,2.29534,0.04,0,2.80291,2.81758,0,0.524969,4.89888,4.14015e+06,2.70226e+06,1.16045e+07,0,0,0,0,62.3362,61.308,2.00419,0,1,1.35493,1.34026,0,1.04682,1.69344,8.60408e+06,3.61194e+06,1.1658e+07,0,0,0,6.53183e+07
103.622,103.622,5.51352,0.04,0,2.73168,2.74584,0,0.525265,4.89888,4.14015e+06,2.70226e+06,1.13096e+07,0,0,0,0,62.3362,61.308,4.15791,0,1,1.29324,1.27908,0,1.04682,1.69344,8.60408e+06,3.61194e+06,1.11272e+07,0,0,0,6.53183e+07
103.622,103.622,4.42702,0.05,0,2.67154,2.74688,0,0.511916,4.89888,4.14015e+06,2.70226e+06,1.10606e+07,0,0,0,0,62.3362,61.308,3.93227,0,1,1.35491,1.27957,0,0.999161,1.69344,8.60408e+06,3.61194e+06,1.16578e+07,0,0,0,6.53183e+07
103.622,103.622,3.3178,0.06,0,2.67307,2.74792,0,0.500647,4.89888,4.14015e+06,2.70226e+06,1.10669e+07,0,0,0,0,62.3362,61.308,4.24042,0,1,1.35491,1.28006,0,1.0468,1.69344,8.60408e+06,3.61194e+06,1.16578e+07,0,0,0,6.53183e+07
103.622,103.622,4.4743,0.05,0,2.6746,2.74897,0,0.500934,4.89888,4.14015e+06,2.70226e+06,1.10733e+07,0,0,0,0,62.3362,61.308,3.14942,0,1,1.35491,1.28054,0,1.0468,1.69344,8.60408e+06,3.61194e+06,1.16578e+07,0,0,0,6.53183e+07
103.622,103.622,9.30247,0.05,0,2.46903,2.54291,0,0.501221,4.89888,4.14015e+06,2.70226e+06,1.02221e+07,0,0,0,0,62.3362,61.308,5.55383,0,1,1.22624,1.15236,0,1.0468,1.69344,8.60408e+06,3.61194e+06,1.05506e+07,0,0,0,6.53183e+07
103.622,103.622,4.86193,0.08,0,2.3418,2.54387,0,0.462696,4.89888,4.14015e+06,2.70226e+06,9.69543e+06,0,0,0,0,62.3362,61.308,8.35359,0,1,1.35486,1.15279,0,0.947389,1.69344,8.60408e+06,3.61194e+06,1.16573e+07,0,0,0,6.53183e+07
103.622,103.622,10.1889,0.08,0,2.34321,2.54484,0,0.438854,4.89888,4.14015e+06,2.70226e+06,9.70124e+06,0,0,0,0,62.3362,61.308,11.2098,0,1,1.35486,1.15323,0,1.04677,1.69344,8.60408e+06,3.61194e+06,1.16573e+07,0,0,0,6.53183e+07
103.622,103.622,7.6314,0.09,0,2.34461,2.54581,0,0.439117,4.89888,4.14015e+06,2.70226e+06,9.70706e+06,0,0,0,0,62.3362,61.308,6.86292,0,1,1.35486,1.15367,0,1.04677,1.69344,8.60408e+06,3.61194e+06,1.16573e+07,0,0,0,6.53183e+07
103.622,103.622,6.78491,0.09,0,2.34602,2.54677,0,0.439381,4.89888,4.14015e+06,2.70226e+06,9.71288e+06,0,0,0,0,62.3362,61.308,7.78135,0,1,1.35486,1.15411,0,1.04677,1.69344,8.60408e+06,3.61194e+06,1.16573e+07,0,0,0,6.53183e+07
103.622,103.622,8.45102,0.09,0,2.42722,2.62753,0,0.439644,4.89888,4.14015e+06,2.70226e+06,1.0049e+07,0,0,0,0,62.3362,61.308,7.95052,0,1,1.39218,1.19187,0,1.04677,1.69344,8.60408e+06,3.61194e+06,1.19785e+07,0,0,0,6.53183e+07
103.622,103.622,11.7849,0.1,0,2.46594,2.62849,0,0.45486,4.89888,4.14015e+06,2.70226e+06,1.02094e+07,0,0,0,0,62.3362,61.308,7.5272,0,1,1.35486,1.1923,0,1.0756,1.69344,8.60408e+06,3.61194e+06,1.16573e+07,0,0,0,6.53183e+07
103.622,103.622,8.56168,0.1,0,2.46734,2.62946,0,0.462117,4.89888,4.14015e+06,2.70226e+06,1.02152e+07,0,0,0,0,62.3362,61.308,7.35241,0,1,1.35486,1.19274,0,1.04677,1.69344,8.60408e+06,3.61194e+06,1.16573e+07,0,0,0,6.53183e+07
103.622,103.622,10.4725,0.11,0,2.46874,2.63042,0,0.462379,4.89888,4.14015e+06,2.70226e+06,1.0221e+07,0,0,0,0,62.3362,61.308,7.39616,0,1,1.35486,1.19318,0,1.04677,1.69344,8.60408e+06,3.61194e+06,1.16573e+07,0,0,0,6.53183e+07
103.622,103.622,10.2779,0.11,0,2.7268,2.88805,0,0.462642,4.89888,4.14015e+06,2.70226e+06,1.12894e+07,0,0,0,0,62.3362,61.308,7.604,0,1,1.49521,1.33396,0,1.04677,1.69344,8.60408e+06,3.61194e+06,1.28649e+07,0,0,0,6.53183e+07
103.622,103.622,4.53146,0.1,0,2.86864,2.8891,0,0.511002,4.89888,4.14015e+06,2.70226e+06,1.18766e+07,0,0,0,0,62.3292,61.308,3.91592,0,1,1.35491,1.33445,0,1.1552,1.69344,8.60408e+06,3.61194e+06,1.16578e+07,0,0,0,6.53183e+07
103.622,103.622,3.69499,0.1,0,2.87019,2.89016,0,0.537583,4.89888,4.14015e+06,2.70226e+06,1.1883e+07,0,0,0,0,62.3362,61.308,2.80297,0,1,1.35491,1.33494,0,1.04681,1.69344,8.60408e+06,3.61194e+06,1.16578e+07,0,0,0,6.53183e+07
103.622,103.622,6.37485,0.1,0,2.87174,2.89122,0,0.537873,4.89888,4.14015e+06,2.70226e+06,1.18894e+07,0,0,0,0,62.3362,61.308,5.39286,0,1,1.35491,1.33543,0,1.04681,1.69344,8.60408e+06,3.61194e+06,1.16578e+07,0,0,0,6.53183e+07
103.622,103.622,7.04131,0.11,0,2.50667,2.52567,0,0.538163,4.89888,4.14015e+06,2.70226e+06,1.0378e+07,0,0,0,0,62.3362,61.308,8.61931,0,1,1.16629,1.1473,0,1.04681,1.69344,8.60408e+06,3.61194e+06,1.00349e+07,0,0,0,6.53183e+07
103.622,103.622,9.91053,0.11,0,2.31946,2.52659,0,0.46975,4.89888,4.14015e+06,2.70226e+06,9.60293e+06,0,0,0,0,62.3362,61.308,13.0736,0,1,1.35484,1.14772,0,0.901079,1.69344,8.60408e+06,3.61194e+06,1.16572e+07,0,0,0,6.53183e+07
103.622,103.622,8.36144,0.11,0,2.32081,2.52752,0,0.434667,4.89888,4.14015e+06,2.70226e+06,9.6085e+06,0,0,0,0,62.3362,61.308,9.8991,0,1,1.35484,1.14814,0,1.04675,1.69344,8.60408e+06,3.61194e+06,1.16572e+07,0,0,0,6.53183e+07
103.622,103.622,8.2376,0.11,0,2.32215,2.52844,0,0.43492,4.89888,4.14015e+06,2.70226e+06,9.61407e+06,0,0,0,0,62.3362,61.308,9.01587,0,1,1.35484,1.14856,0,1.04675,1.69344,8.60408e+06,3.61194e+06,1.16572e+07,0,0,0,6.53183e+07
103.622,103.622,8.26546,0.11,0,2.3235,2.52937,0,0.435172,4.89888,4.14015e+06,2.70226e+06,9.61965e+06,0,0,0,0,62.3362,61.308,8.77163,0,1,1.35484,1.14898,0,1.04675,1.69344,8.60408e+06,3.61194e+06,1.16572e+07,0,0,0,6.53183e+07
103.622,103.622,9.36973,0.11,0,2.4173,2.62275,0,0.435424,4.89888,4.14015e+06,2.70226e+06,1.0008e+07,0,0,0,0,62.3362,61.308,9.04909,0,1,1.40107,1.19563,0,1.04675,1.69344,8.60408e+06,3.61194e+06,1.20549e+07,0,0,0,6.53183e+07
103.622,103.622,6.3659,0.11,0,2.46491,2.6237,0,0.453002,4.89888,4.14015e+06,2.70226e+06,1.02051e+07,0,0,0,0,62.3362,61.308,7.16137,0,1,1.35486,1.19606,0,1.08247,1.69344,8.60408e+06,3.61194e+06,1.16573e+07,0,0,0,6.53183e+07
103.622,103.622,5.39158,0.11,0,2.4663,2.62467,0,0.461924,4.89888,4.14015e+06,2.70226e+06,1.02109e+07,0,0,0,0,62.3362,61.308,6.62183,0,1,1.35486,1.1965,0,1.04677,1.69344,8.60408e+06,3.61194e+06,1.16573e+07,0,0,0,6.53183e+07
103.622,103.622,4.87242,0.11,0,2.4677,2.62563,0,0.462185,4.89888,4.14015e+06,2.70226e+06,1.02167e+07,0,0,0,0,62.3362,61.308,6.10368,0,1,1.35486,1.19694,0,1.04677,1.69344,8.60408e+06,3.61194e+06,1.16573e+07,0,0,0,6.53183e+07
103.622,103.622,5.51693,0.11,0,2.4329,2.59039,0,0.462448,4.89888,4.14015e+06,2.70226e+06,1.00726e+07,0,0,0,0,62.3362,61.308,5.21193,0,1,1.33688,1.1794,0,1.04677,1.69344,8.60408e+06,3.61194e+06,1.15026e+07,0,0,0,6.53183e+07
103.622,103.622,5.04605,0.11,0,2.41631,2.59133,0,0.455926,4.89888,4.14015e+06,2.70226e+06,1.00039e+07,0,0,0,0,62.3362,61.308,4.0679,0,1,1.35486,1.17983,0,1.03287,1.69344,8.60408e+06,3.61194e+06,1.16573e+07,0,0,0,6.53183e+07
103.622,103.622,4.78589,0.1,0,2.41768,2.59228,0,0.452816,4.89888,4.14015e+06,2.70226e+06,1.00096e+07,0,0,0,0,62.3362,61.308,3.64266,0,1,1.35486,1.18026,0,1.04676,1.69344,8.60408e+06,3.61194e+06,1.16573e+07,0,0,0,6.53183e+07
103.622,103.622,4.35335,0.09,0,2.41906,2.59323,0,0.453074,4.89888,4.14015e+06,2.70226e+06,1.00153e+07,0,0,0,0,62.3362,61.308,3.52418,0,1,1.35486,1.18069,0,1.04676,1.69344,8.60408e+06,3.61194e+06,1.16573e+07,0,0,0,6.53183e+07
103.622,103.622,4.18042,0.09,0,2.5435,2.71724,0,0.453333,4.89888,4.14015e+06,2.70226e+06,1.05305e+07,0,0,0,0,62.3362,61.308,4.12843,0,1,1.41871,1.24498,0,1.04676,1.69344,8.60408e+06,3.61194e+06,1.22067e+07,0,0,0,6.53183e+07
103.622,103.622,4.56774,0.09,0,2.60879,2.71823,0,0.476653,4.89888,4.14015e+06,2.70226e+06,1.08008e+07,0,0,0,0,62.3362,61.308,3.60931,0,1,1.35488,1.24544,0,1.0961,1.69344,8.60408e+06,3.61194e+06,1.16575e+07,0,0,0,6.53183e+07
103.622,103.622,3.85525,0.08,0,2.61024,2.71922,0,0.488887,4.89888,4.14015e+06,2.70226e+06,1.08068e+07,0,0,0,0,62.3362,61.308,3.27819,0,1,1.35488,1.24589,0,1.04678,1.69344,8.60408e+06,3.61194e+06,1.16575e+07,0,0,0,6.53183e+07
103.622,103.622,3.67167,0.08,0,2.61169,2.72022,0,0.489158,4.89888,4.14015e+06,2.70226e+06,1.08128e+07,0,0,0,0,62.3362,61.308,3.08556,0,1,1.35488,1.24635,0,1.04678,1.69344,8.60408e+06,3.61194e+06,1.16575e+07,0,0,0,6.53183e+07
103.622,103.622,3.54243,0.06,0,2.61313,2.72121,0,0.48943,4.89888,4.14015e+06,2.70226e+06,1.08188e+07,0,0,0,0,62.3362,61.308,3.30585,0,1,1.35488,1.2468,0,1.04678,1.69344,8.60408e+06,3.61194e+06,1.16575e+07,0,0,0,6.53183e+07
103.622,103.622,3.58875,0.06,0,2.5902,2.69783,0,0.489701,4.89888,4.14015e+06,2.70226e+06,1.07238e+07,0,0,0,0,62.3362,61.308,3.12605,0,1,1.39004,1.28242,0,1.04678,1.69344,8.60408e+06,3.61194e+06,1.196e+07,0,0,0,6.53183e+07
103.622,103.622,3.53664,0.05,0,2.62681,2.69881,0,0.485404,4.89888,4.14015e+06,2.70226e+06,1.08754e+07,0,0,0,0,62.3362,61.308,3.15241,0,1,1.35489,1.28289,0,1.07395,1.69344,8.60408e+06,3.61194e+06,1.16576e+07,0,0,0,6.53183e+07
103.622,103.622,3.26905,0.04,0,2.62826,2.6998,0,0.492263,4.89888,4.14015e+06,2.70226e+06,1.08814e+07,0,0,0,0,62.3362,61.308,3.04486,0,1,1.35489,1.28336,0,1.04679,1.69344,8.60408e+06,3.61194e+06,1.16576e+07,0,0,0,6.53183e+07
103.622,103.622,3.05626,0.04,0,2.62972,2.70078,0,0.492536,4.89888,4.14015e+06,2.70226e+06,1.08874e+07,0,0,0,0,62.3362,61.308,3.14543,0,1,1.35489,1.28382,0,1.04679,1.69344,8.60408e+06,3.61194e+06,1.16576e+07,0,0,0,6.53183e+07
103.622,103.622,2.90175,0.04,0,2.69422,2.76482,0,0.492809,4.89888,4.14015e+06,2.70226e+06,1.11545e+07,0,0,0,0,62.3362,61.308,2.96152,0,1,1.38628,1.31568,0,1.04679,1.69344,8.60408e+06,3.61194e+06,1.19276e+07,0,0,0,6.53183e+07
103.622,103.622,3.31114,0.04,0,2.72709,2.76583,0,0.504898,4.89888,4.14015e+06,2.70226e+06,1.12905e+07,0,0,0,0,62.3362,61.308,3.3428,0,1,1.3549,1.31616,0,1.07104,1.69344,8.60408e+06,3.61194e+06,1.16577e+07,0,0,0,6.53183e+07
103.622,103.622,3.08266,0.04,0,2.72858,2.76684,0,0.511056,4.89888,4.14015e+06,2.70226e+06,1.12967e+07,0,0,0,0,62.3362,61.308,3.3145,0,1,1.3549,1.31664,0,1.0468,1.69344,8.60408e+06,3.61194e+06,1.16577e+07,0,0,0,6.53183e+07
103.622,103.622,2.84399,0.04,0,2.73007,2.76785,0,0.511335,4.89888,4.14015e+06,2.70226e+06,1.13029e+07,0,0,0,0,62.3362,61.308,2.97076,0,1,1.3549,1.31712,0,1.0468,1.69344,8.60408e+06,3.61194e+06,1.16577e+07,0,0,0,6.53183e+07
103.61,103.622,2.93638,0.04,0,2.91648,2.95378,0,0.511614,4.89888,4.14015e+06,2.70226e+06,1.20747e+07,0,0,0,0,62.3362,61.308,3.34412,0,1,1.46834,1.43104,0,1.0468,1.69344,8.60408e+06,3.61194e+06,1.26338e+07,0,0,0,6.53183e+07
103.622,103.622,3.00249,0.04,0,2.95486,2.95486,0,0.546548,4.89888,4.14015e+06,2.70226e+06,1.22336e+07,0,0,0,0,62.3362,61.308,3.13884,0,1,1.43156,1.43156,0,1.13444,1.69344,8.60408e+06,3.61194e+06,1.23173e+07,0,0,0,6.53183e+07
103.622,103.622,3.30612,0.04,0,2.95594,2.95594,0,0.553741,4.89888,4.14015e+06,2.70226e+06,1.2238e+07,0,0,0,0,62.3362,61.308,3.74947,0,1,1.43208,1.43208,0,1.10602,1.69344,8.60408e+06,3.61194e+06,1.23218e+07,0,0,0,6.53183e+07
103.356,103.622,2.6752,0.04,0,2.95702,2.95702,0,0.553943,4.89888,4.14015e+06,2.70226e+06,1.22425e+07,0,0,0,0,62.3362,61.308,2.81536,0,1,1.43261,1.43261,0,1.10643,1.69344,8.60408e+06,3.61194e+06,1.23263e+07,0,0,0,6.53183e+07
103.59,103.622,3.22636,0.04,0,2.9581,2.9581,0,0.554145,4.89888,4.14015e+06,2.70226e+06,1.2247e+07,0,0,0,0,62.3362,61.308,4.61264,0,1,1.43313,1.43313,0,1.10683,1.69344,8.60408e+06,3.61194e+06,1.23307e+07,0,0,0,6.53183e+07
103.18,103.622,2.46991,0.04,0,2.86889,2.86889,0,0.554348,4.89888,4.14015e+06,2.70226e+06,1.18776e+07,0,0,0,0,62.3362,61.308,3.283,0,1,1.36467,1.36467,0,1.10723,1.69344,8.60408e+06,3.61194e+06,1.17417e+07,0,0,0,6.53183e+07
103.622,103.622,3.49629,0.05,0,2.86994,2.86994,0,0.53763,4.89888,4.14015e+06,2.70226e+06,1.1882e+07,0,0,0,0,62.3362,61.308,4.20529,0,1,1.36517,1.36517,0,1.05435,1.69344,8.60408e+06,3.61194e+06,1.1746e+07,0,0,0,6.53183e+07
103.622,103.622,4.87345,0.05,0,2.87098,2.87098,0,0.537826,4.89888,4.14015e+06,2.70226e+06,1.18863e+07,0,0,0,0,62.3362,61.308,6.82008,0,1,1.36567,1.36567,0,1.05473,1.69344,8.60408e+06,3.61194e+06,1.17503e+07,0,0,0,6.53183e+07
103.622,103.622,4.15374,0.05,0,2.87203,2.87203,0,0.538022,4.89888,4.14015e+06,2.70226e+06,1.18906e+07,0,0,0,0,62.3362,61.308,4.83496,0,1,1.36617,1.36617,0,1.05511,1.69344,8.60408e+06,3.61194e+06,1.17546e+07,0,0,0,6.53183e+07
103.622,103.622,3.50661,0.06,0,2.79886,2.79886,0,0.538218,4.89888,4.14015e+06,2.70226e+06,1.15877e+07,0,0,0,0,62.3362,61.308,3.8639,0,1,1.30378,1.30378,0,1.0555,1.69344,8.60408e+06,3.61194e+06,1.12179e+07,0,0,0,6.53183e+07
103.622,103.622,5.68643,0.06,0,2.74924,2.79988,0,0.524506,4.89888,4.14015e+06,2.70226e+06,1.13823e+07,0,0,0,0,62.3362,61.308,7.55324,0,1,1.3549,1.30426,0,1.0073,1.69344,8.60408e+06,3.61194e+06,1.16577e+07,0,0,0,6.53183e+07
103.622,103.622,4.49344,0.08,0,2.75073,2.8009,0,0.515207,4.89888,4.14015e+06,2.70226e+06,1.13885e+07,0,0,0,0,62.3362,61.308,5.65628,0,1,1.3549,1.30473,0,1.0468,1.69344,8.60408e+06,3.61194e+06,1.16577e+07,0,0,0,6.53183e+07
103.622,103.622,5.53688,0.07,0,2.75223,2.80192,0,0.515487,4.89888,4.14015e+06,2.70226e+06,1.13946e+07,0,0,0,0,62.3362,61.308,6.61107,0,1,1.3549,1.30521,0,1.0468,1.69344,8.60408e+06,3.61194e+06,1.16577e+07,0,0,0,6.53183e+07
103.622,103.622,4.42986,0.07,0,2.54263,2.59185,0,0.515768,4.89888,4.14015e+06,2.70226e+06,1.05269e+07,0,0,0,0,62.3362,61.308,4.18975,0,1,1.22375,1.17453,0,1.0468,1.69344,8.60408e+06,3.61194e+06,1.05292e+07,0,0,0,6.53183e+07
103.622,103.622,4.05133,0.08,0,2.4129,2.59279,0,0.476489,4.89888,4.14015e+06,2.70226e+06,9.98977e+06,0,0,0,0,62.3362,61.308,3.94219,0,1,1.35485,1.17496,0,0.945468,1.69344,8.60408e+06,3.61194e+06,1.16573e+07,0,0,0,6.53183e+07
103.622,103.622,4.01917,0.08,0,2.41427,2.59374,0,0.452177,4.89888,4.14015e+06,2.70226e+06,9.99546e+06,0,0,0,0,62.3362,61.308,4.95385,0,1,1.35485,1.17539,0,1.04676,1.69344,8.60408e+06,3.61194e+06,1.16573e+07,0,0,0,6.53183e+07
103.622,103.622,4.73932,0.1,0,2.41565,2.59468,0,0.452435,4.89888,4.14015e+06,2.70226e+06,1.00011e+07,0,0,0,0,62.3362,61.308,5.44611,0,1,1.35485,1.17582,0,1.04676,1.69344,8.60408e+06,3.61194e+06,1.16573e+07,0,0,0,6.53183e+07
103.622,103.622,4.93524,0.09,0,2.41702,2.59563,0,0.452692,4.89888,4.14015e+06,2.70226e+06,1.00068e+07,0,0,0,0,62.3362,61.308,5.12169,0,1,1.35485,1.17625,0,1.04676,1.69344,8.60408e+06,3.61194e+06,1.16573e+07,0,0,0,6.53183e+07
103.622,103.622,6.8166,0.1,0,2.49971,2.67789,0,0.452949,4.89888,4.14015e+06,2.70226e+06,1.03492e+07,0,0,0,0,62.3362,61.308,6.17917,0,1,1.39289,1.21471,0,1.04676,1.69344,8.60408e+06,3.61194e+06,1.19845e+07,0,0,0,6.53183e+07
103.622,103.622,6.07443,0.12,0,2.53912,2.67883,0,0.468446,4.89888,4.14015e+06,2.70226e+06,1.05123e+07,0,0,0,0,62.3362,61.308,6.74934,0,1,1.35485,1.21514,0,1.07615,1.69344,8.60408e+06,3.61194e+06,1.16572e+07,0,0,0,6.53183e+07
103.622,103.622,6.7961,0.12,0,2.54048,2.67977,0,0.47583,4.89888,4.14015e+06,2.70226e+06,1.0518e+07,0,0,0,0,62.3362,61.308,5.89955,0,1,1.35485,1.21556,0,1.04676,1.69344,8.60408e+06,3.61194e+06,1.16572e+07,0,0,0,6.53183e+07
103.622,103.622,9.71574,0.12,0,2.54185,2.68071,0,0.476086,4.89888,4.14015e+06,2.70226e+06,1.05236e+07,0,0,0,0,62.3362,61.308,6.34205,0,1,1.35485,1.21599,0,1.04676,1.69344,8.60408e+06,3.61194e+06,1.16572e+07,0,0,0,6.53183e+07
103.622,103.622,13.6769,0.12,0,2.80478,2.94321,0,0.476343,4.89888,4.14015e+06,2.70226e+06,1.16122e+07,0,0,0,0,62.3362,61.308,14.2011,0,1,1.49788,1.35944,0,1.04676,1.69344,8.60408e+06,3.61194e+06,1.28878e+07,0,0,0,6.53183e+07
103.622,103.622,6.81933,0.13,0,2.94425,2.94425,0,0.525616,4.89888,4.14015e+06,2.70226e+06,1.21896e+07,0,0,0,0,62.3362,61.308,10.1788,0,1,1.35992,1.35992,0,1.15726,1.69344,8.60408e+06,3.61194e+06,1.17008e+07,0,0,0,6.53183e+07
103.622,103.622,9.01232,0.13,0,2.94528,2.94528,0,0.551752,4.89888,4.14015e+06,2.70226e+06,1.21939e+07,0,0,0,0,62.3362,61.308,8.64933,0,1,1.36039,1.36039,0,1.05067,1.69344,8.60408e+06,3.61194e+06,1.17049e+07,0,0,0,6.53183e+07
103.622,103.622,12.8909,0.12,0,2.94631,2.94631,0,0.551945,4.89888,4.14015e+06,2.70226e+06,1.21982e+07,0,0,0,0,62.3362,61.308,13.2464,0,1,1.36087,1.36087,0,1.05104,1.69344,8.60408e+06,3.61194e+06,1.1709e+07,0,0,0,6.53183e+07
103.622,103.622,8.3212,0.12,0,2.57375,2.57375,0,0.552139,4.89888,4.14015e+06,2.70226e+06,1.06557e+07,0,0,0,0,62.3362,61.308,7.22553,0,1,1.16914,1.16914,0,1.05141,1.69344,8.60408e+06,3.61194e+06,1.00594e+07,0,0,0,6.53183e+07
103.622,103.622,8.61756,0.12,0,2.38937,2.57465,0,0.482321,4.89888,4.14015e+06,2.70226e+06,9.89235e+06,0,0,0,0,62.3362,61.308,14.3901,0,1,1.35483,1.16955,0,0.903277,1.69344,8.60408e+06,3.61194e+06,1.16571e+07,0,0,0,6.53183e+07
103.622,103.622,8.17088,0.12,0,2.39068,2.57556,0,0.447768,4.89888,4.14015e+06,2.70226e+06,9.89778e+06,0,0,0,0,62.3362,61.308,14.6268,0,1,1.35483,1.16996,0,1.04674,1.69344,8.60408e+06,3.61194e+06,1.16571e+07,0,0,0,6.53183e+07
103.622,103.622,11.791,0.12,0,2.39199,2.57646,0,0.448014,4.89888,4.14015e+06,2.70226e+06,9.90322e+06,0,0,0,0,62.3362,61.308,16.8201,0,1,1.35483,1.17037,0,1.04674,1.69344,8.60408e+06,3.61194e+06,1.16571e+07,0,0,0,6.53183e+07
103.622,103.622,11.6549,0.12,0,2.39331,2.57736,0,0.44826,4.89888,4.14015e+06,2.70226e+06,9.90866e+06,0,0,0,0,62.3362,61.308,16.3151,0,1,1.35483,1.17078,0,1.04674,1.69344,8.60408e+06,3.61194e+06,1.16571e+07,0,0,0,6.53183e+07
103.622,103.622,13.6085,0.12,0,2.48883,2.67247,0,0.448506,4.89888,4.14015e+06,2.70226e+06,1.03041e+07,0,0,0,0,62.3362,61.308,21.2565,0,1,1.40194,1.21829,0,1.04674,1.69344,8.60408e+06,3.61194e+06,1.20624e+07,0,0,0,6.53183e+07
103.622,103.622,8.94938,0.12,0,2.53728,2.67341,0,0.466406,4.89888,4.14015e+06,2.70226e+06,1.05047e+07,0,0,0,0,62.3362,61.308,18.8402,0,1,1.35485,1.21872,0,1.08314,1.69344,8.60408e+06,3.61194e+06,1.16572e+07,0,0,0,6.53183e+07
103.622,103.622,12.6684,0.11,0,2.53864,2.67434,0,0.475486,4.89888,4.14015e+06,2.70226e+06,1.05104e+07,0,0,0,0,62.3362,61.308,23.648,0,1,1.35485,1.21915,0,1.04676,1.69344,8.60408e+06,3.61194e+06,1.16572e+07,0,0,0,6.53183e+07
103.622,103.622,11.0502,0.11,0,2.54,2.67528,0,0.475741,4.89888,4.14015e+06,2.70226e+06,1.0516e+07,0,0,0,0,62.3362,61.308,30.2131,0,1,1.35485,1.21958,0,1.04676,1.69344,8.60408e+06,3.61194e+06,1.16572e+07,0,0,0,6.53183e+07
103.622,103.622,8.70322,0.11,0,2.50448,2.63933,0,0.475997,4.89888,4.14015e+06,2.70226e+06,1.03689e+07,0,0,0,0,62.3362,61.308,15.9611,0,1,1.33653,1.20168,0,1.04676,1.69344,8.60408e+06,3.61194e+06,1.14996e+07,0,0,0,6.53183e+07
103.622,103.622,7.06139,0.11,0,2.48752,2.64026,0,0.46934,4.89888,4.14015e+06,2.70226e+06,1.02987e+07,0,0,0,0,62.3362,61.308,8.24321,0,1,1.35484,1.2021,0,1.0326,1.69344,8.60408e+06,3.61194e+06,1.16572e+07,0,0,0,6.53183e+07
103.622,103.622,6.29631,0.11,0,2.48886,2.64118,0,0.46616,4.89888,4.14015e+06,2.70226e+06,1.03043e+07,0,0,0,0,62.3362,61.308,6.95761,0,1,1.35485,1.20252,0,1.04675,1.69344,8.60408e+06,3.61194e+06,1.16572e+07,0,0,0,6.53183e+07
103.622,103.622,5.89881,0.1,0,2.49021,2.64211,0,0.466413,4.89888,4.14015e+06,2.70226e+06,1.03098e+07,0,0,0,0,62.3362,61.308,5.95638,0,1,1.35485,1.20295,0,1.04675,1.69344,8.60408e+06,3.61194e+06,1.16572e+07,0,0,0,6.53183e+07
103.622,103.622,5.37948,0.09,0,2.61693,2.76841,0,0.466665,4.89888,4.14015e+06,2.70226e+06,1.08345e+07,0,0,0,0,62.3362,61.308,5.71469,0,1,1.41991,1.26843,0,1.04675,1.69344,8.60408e+06,3.61194e+06,1.2217e+07,0,0,0,6.53183e+07
103.622,103.622,5.53939,0.09,0,2.68338,2.76938,0,0.490413,4.89888,4.14015e+06,2.70226e+06,1.11096e+07,0,0,0,0,62.3362,61.308,6.20809,0,1,1.35487,1.26887,0,1.09702,1.69344,8.60408e+06,3.61194e+06,1.16574e+07,0,0,0,6.53183e+07
103.622,103.622,5.33237,0.09,0,2.6848,2.77035,0,0.502866,4.89888,4.14015e+06,2.70226e+06,1.11155e+07,0,0,0,0,62.3362,61.308,5.39061,0,1,1.35487,1.26932,0,1.04677,1.69344,8.60408e+06,3.61194e+06,1.16574e+07,0,0,0,6.53183e+07
103.622,103.622,4.94365,0.09,0,2.68621,2.77132,0,0.503131,4.89888,4.14015e+06,2.70226e+06,1.11213e+07,0,0,0,0,62.3362,61.308,4.78662,0,1,1.35487,1.26976,0,1.04677,1.69344,8.60408e+06,3.61194e+06,1.16574e+07,0,0,0,6.53183e+07
103.622,103.622,4.64581,0.08,0,2.68762,2.77229,0,0.503396,4.89888,4.14015e+06,2.70226e+06,1.11272e+07,0,0,0,0,62.3362,61.308,4.409,0,1,1.35487,1.2702,0,1.04677,1.69344,8.60408e+06,3.61194e+06,1.16574e+07,0,0,0,6.53183e+07
103.622,103.622,3.91116,0.06,0,2.6642,2.74842,0,0.503661,4.89888,4.14015e+06,2.70226e+06,1.10302e+07,0,0,0,0,62.3362,61.308,4.23244,0,1,1.39069,1.30647,0,1.04677,1.69344,8.60408e+06,3.61194e+06,1.19656e+07,0,0,0,6.53183e+07
103.622,103.622,3.27107,0.06,0,2.70143,2.74938,0,0.499271,4.89888,4.14015e+06,2.70226e+06,1.11843e+07,0,0,0,0,62.3362,61.308,4.11171,0,1,1.35488,1.30693,0,1.07445,1.69344,8.60408e+06,3.61194e+06,1.16575e+07,0,0,0,6.53183e+07
103.622,103.622,3.1483,0.05,0,2.70285,2.75034,0,0.506247,4.89888,4.14015e+06,2.70226e+06,1.11902e+07,0,0,0,0,62.3362,61.308,3.67937,0,1,1.35488,1.30738,0,1.04678,1.69344,8.60408e+06,3.61194e+06,1.16575e+07,0,0,0,6.53183e+07
103.622,103.622,3.02582,0.04,0,2.70426,2.75131,0,0.506513,4.89888,4.14015e+06,2.70226e+06,1.11961e+07,0,0,0,0,62.3362,61.308,3.49283,0,1,1.35488,1.30784,0,1.04678,1.69344,8.60408e+06,3.61194e+06,1.16575e+07,0,0,0,6.53183e+07
103.622,103.622,3.21241,0.04,0,2.76992,2.8165,0,0.506779,4.89888,4.14015e+06,2.70226e+06,1.14679e+07,0,0,0,0,62.3362,61.308,3.88976,0,1,1.38685,1.34027,0,1.04678,1.69344,8.60408e+06,3.61194e+06,1.19326e+07,0,0,0,6.53183e+07
103.622,103.622,2.90203,0.04,0,2.80333,2.81748,0,0.519082,4.89888,4.14015e+06,2.70226e+06,1.16062e+07,0,0,0,0,62.3362,61.308,3.38222,0,1,1.35489,1.34074,0,1.07148,1.69344,8.60408e+06,3.61194e+06,1.16576e+07,0,0,0,6.53183e+07
103.576,103.622,2.7585,0.04,0,2.80478,2.81847,0,0.525344,4.89888,4.14015e+06,2.70226e+06,1.16122e+07,0,0,0,0,62.3362,61.308,3.51516,0,1,1.35489,1.3412,0,1.04679,1.69344,8.60408e+06,3.61194e+06,1.16576e+07,0,0,0,6.53183e+07
103.372,103.622,2.56963,0.04,0,2.80624,2.81946,0,0.525616,4.89888,4.14015e+06,2.70226e+06,1.16182e+07,0,0,0,0,62.3362,61.308,3.22246,0,1,1.35489,1.34167,0,1.04679,1.69344,8.60408e+06,3.61194e+06,1.16576e+07,0,0,0,6.53183e+07
102.977,103.622,2.55227,0.04,0,2.99606,3.00881,0,0.525889,4.89888,4.14015e+06,2.70226e+06,1.24041e+07,0,0,0,0,62.3362,61.308,3.45132,0,1,1.47045,1.4577,0,1.04679,1.69344,8.60408e+06,3.61194e+06,1.26518e+07,0,0,0,6.53183e+07
102.56,103.622,2.50854,0.04,0,3.00986,3.00986,0,0.561461,4.89888,4.14015e+06,2.70226e+06,1.24613e+07,0,0,0,0,62.3362,61.308,3.75104,0,1,1.4582,1.4582,0,1.13607,1.69344,8.60408e+06,3.61194e+06,1.25465e+07,0,0,0,6.53183e+07
101.889,103.622,2.21955,0.04,0,3.01091,3.01091,0,0.564047,4.89888,4.14015e+06,2.70226e+06,1.24656e+07,0,0,0,0,62.3362,61.308,3.52658,0,1,1.45871,1.45871,0,1.12661,1.69344,8.60408e+06,3.61194e+06,1.25509e+07,0,0,0,6.53183e+07
101.493,103.622,2.55807,0.04,0,3.01196,3.01196,0,0.564244,4.89888,4.14015e+06,2.70226e+06,1.247e+07,0,0,0,0,62.3362,61.308,3.77129,0,1,1.45922,1.45922,0,1.127,1.69344,8.60408e+06,3.61194e+06,1.25553e+07,0,0,0,6.53183e+07
101.075,103.622,2.48113,0.05,0,3.01301,3.01301,0,0.564442,4.89888,4.14015e+06,2.70226e+06,1.24743e+07,0,0,0,0,62.3362,61.308,3.70128,0,1,1.45973,1.45973,0,1.1274,1.69344,8.60408e+06,3.61194e+06,1.25597e+07,0,0,0,6.53183e+07
100.057,103.622,1.75697,0.05,0,2.9221,2.9221,0,0.564639,4.89888,4.14015e+06,2.70226e+06,1.2098e+07,0,0,0,0,62.3362,61.308,3.33951,0,1,1.38998,1.38998,0,1.12779,1.69344,8.60408e+06,3.61194e+06,1.19595e+07,0,0,0,6.53183e+07
98.63,103.622,1.29182,0.05,0,2.92312,2.92312,0,0.547602,4.89888,4.14015e+06,2.70226e+06,1.21022e+07,0,0,0,0,62.2463,61.308,2.72511,0,1,1.39047,1.39047,0,1.0739,1.69344,8.60408e+06,3.61194e+06,1.19637e+07,0,0,0,6.53183e+07
97.2373,103.622,1.33618,0.05,0,2.92415,2.92415,0,0.547793,4.89888,4.14015e+06,2.70226e+06,1.21064e+07,0,0,0,0,62.1506,61.308,2.63795,0,1,1.39096,1.39096,0,1.07428,1.69344,8.60408e+06,3.61194e+06,1.19679e+07,0,0,0,6.53183e+07
97.8663,103.622,3.84537,0.05,0,2.92517,2.92517,0,0.547985,4.89888,4.14015e+06,2.70226e+06,1.21106e+07,0,0,0,0,62.3362,61.308,4.50059,0,1,1.39144,1.39144,0,1.07465,1.69344,8.60408e+06,3.61194e+06,1.19721e+07,0,0,0,6.53183e+07
97.6917,103.622,2.78983,0.05,0,2.8506,2.8506,0,0.548176,4.89888,4.14015e+06,2.70226e+06,1.18019e+07,0,0,0,0,62.3362,61.308,4.13356,0,1,1.32789,1.32789,0,1.07503,1.69344,8.60408e+06,3.61194e+06,1.14252e+07,0,0,0,6.53183e+07
96.4525,103.622,1.452,0.06,0,2.82505,2.85159,0,0.534202,4.89888,4.14015e+06,2.70226e+06,1.16962e+07,0,0,0,0,62.3362,61.308,2.33368,0,1,1.35489,1.32835,0,1.02592,1.69344,8.60408e+06,3.61194e+06,1.16576e+07,0,0,0,6.53183e+07
95.4849,103.622,1.84683,0.09,0,2.82651,2.85259,0,0.529415,4.89888,4.14015e+06,2.70226e+06,1.17022e+07,0,0,0,0,62.3362,61.308,1.96806,0,1,1.35489,1.32881,0,1.04679,1.69344,8.60408e+06,3.61194e+06,1.16576e+07,0,0,0,6.53183e+07
94.2835,103.622,1.60987,0.09,0,2.82797,2.85358,0,0.529688,4.89888,4.14015e+06,2.70226e+06,1.17082e+07,0,0,0,0,62.3362,61.308,2.35605,0,1,1.35489,1.32928,0,1.04679,1.69344,8.60408e+06,3.61194e+06,1.16576e+07,0,0,0,6.53183e+07
96.0801,103.622,4.85746,0.09,0,2.61445,2.6396,0,0.529962,4.89888,4.14015e+06,2.70226e+06,1.08242e+07,0,0,0,0,62.3362,61.308,7.53626,0,1,1.22132,1.19617,0,1.04679,1.69344,8.60408e+06,3.61194e+06,1.05083e+07,0,0,0,6.53183e+07
97.1373,103.622,4.29638,0.1,0,2.48227,2.64052,0,0.489948,4.89888,4.14015e+06,2.70226e+06,1.0277e+07,0,0,0,0,62.3362,61.308,7.42929,0,1,1.35484,1.19659,0,0.943592,1.69344,8.60408e+06,3.61194e+06,1.16572e+07,0,0,0,6.53183e+07
97.3523,103.622,3.23375,0.04,0,2.4836,2.64144,0,0.465177,4.89888,4.14015e+06,2.70226e+06,1.02825e+07,0,0,0,0,62.3362,61.308,6.99395,0,1,1.35484,1.19701,0,1.04675,1.69344,8.60408e+06,3.61194e+06,1.16572e+07,0,0,0,6.53183e+07
99.199,103.622,5.17977,0.05,0,2.48494,2.64236,0,0.465428,4.89888,4.14015e+06,2.70226e+06,1.0288e+07,0,0,0,0,62.3362,61.308,7.43094,0,1,1.35484,1.19742,0,1.04675,1.69344,8.60408e+06,3.61194e+06,1.16572e+07,0,0,0,6.53183e+07
99.7882,103.622,3.79299,0.06,0,2.48628,2.64328,0,0.465678,4.89888,4.14015e+06,2.70226e+06,1.02936e+07,0,0,0,0,62.3362,61.308,6.8722,0,1,1.35484,1.19784,0,1.04675,1.69344,8.60408e+06,3.61194e+06,1.16572e+07,0,0,0,6.53183e+07
102.043,103.622,5.75541,0.04,0,2.57043,2.72702,0,0.465929,4.89888,4.14015e+06,2.70226e+06,1.0642e+07,0,0,0,0,62.3362,61.308,7.19122,0,1,1.39358,1.23699,0,1.04675,1.69344,8.60408e+06,3.61194e+06,1.19904e+07,0,0,0,6.53183e+07
103.622,103.622,5.0219,0.05,0,2.6105,2.72793,0,0.481699,5.7456,4.14015e+06,2.70226e+06,1.08079e+07,0,0,0,0,62.3362,61.308,4.38486,0,1,1.35484,1.23741,0,1.07668,1.69344,8.60408e+06,3.61194e+06,1.16571e+07,0,0,0,6.53183e+07
103.622,103.622,4.23959,0.05,0,2.61183,2.72885,0,0.489208,5.7456,4.14015e+06,2.70226e+06,1.08134e+07,0,0,0,0,62.3362,61.308,3.75874,0,1,1.35484,1.23782,0,1.04675,1.69344,8.60408e+06,3.61194e+06,1.16571e+07,0,0,0,6.53183e+07
103.622,103.622,4.07905,0.07,0,2.61317,2.72976,0,0.489458,5.7456,4.14015e+06,2.70226e+06,1.08189e+07,0,0,0,0,62.3362,61.308,3.81591,0,1,1.35484,1.23824,0,1.04675,1.69344,8.60408e+06,3.61194e+06,1.16571e+07,0,0,0,6.53183e+07
103.622,103.622,4.34442,0.07,0,2.88084,2.99703,0,0.489707,5.7456,4.14015e+06,2.70226e+06,1.19271e+07,0,0,0,0,62.3362,61.308,3.69029,0,1,1.50048,1.3843,0,1.04675,1.69344,8.60408e+06,3.61194e+06,1.29102e+07,0,0,0,6.53183e+07
103.622,103.622,8.38335,0.07,0,2.99803,2.99803,0,0.53987,5.7456,4.14015e+06,2.70226e+06,1.24123e+07,0,0,0,0,62.3362,61.308,4.85921,0,1,1.38476,1.38476,0,1.15927,1.69344,8.60408e+06,3.61194e+06,1.19146e+07,0,0,0,6.53183e+07
103.622,103.622,8.60766,0.07,0,2.99904,2.99904,0,0.561831,5.7456,4.14015e+06,2.70226e+06,1.24165e+07,0,0,0,0,62.3362,61.308,4.59562,0,1,1.38523,1.38523,0,1.06987,1.69344,8.60408e+06,3.61194e+06,1.19186e+07,0,0,0,6.53183e+07
103.622,103.622,9.79468,0.07,0,3.00005,3.00005,0,0.56202,5.7456,4.14015e+06,2.70226e+06,1.24206e+07,0,0,0,0,62.3362,61.308,5.74189,0,1,1.38569,1.38569,0,1.07023,1.69344,8.60408e+06,3.61194e+06,1.19226e+07,0,0,0,6.53183e+07
103.622,103.622,8.04915,0.08,0,2.62065,2.62065,0,0.562208,5.7456,4.14015e+06,2.70226e+06,1.08499e+07,0,0,0,0,62.3362,61.308,5.79706,0,1,1.19044,1.19044,0,1.07058,1.69344,8.60408e+06,3.61194e+06,1.02427e+07,0,0,0,6.53183e+07
103.622,103.622,4.08417,0.08,0,2.45755,2.62153,0,0.49111,5.7456,4.14015e+06,2.70226e+06,1.01746e+07,0,0,0,0,62.3362,61.308,3.14117,0,1,1.35482,1.19084,0,0.919736,1.69344,8.60408e+06,3.61194e+06,1.1657e+07,0,0,0,6.53183e+07
103.622,103.622,5.32543,0.08,0,2.45883,2.62241,0,0.460544,5.7456,4.14015e+06,2.70226e+06,1.01799e+07,0,0,0,0,62.3362,61.308,2.83348,0,1,1.35482,1.19124,0,1.04674,1.69344,8.60408e+06,3.61194e+06,1.1657e+07,0,0,0,6.53183e+07
103.622,103.622,8.88813,0.08,0,2.46011,2.62329,0,0.460784,5.7456,4.14015e+06,2.70226e+06,1.01852e+07,0,0,0,0,62.3362,61.308,7.07778,0,1,1.35482,1.19164,0,1.04674,1.69344,8.60408e+06,3.61194e+06,1.1657e+07,0,0,0,6.53183e+07
103.622,103.622,5.02901,0.13,0,2.46139,2.62417,0,0.461024,5.7456,4.14015e+06,2.70226e+06,1.01905e+07,0,0,0,0,62.3362,61.308,3.06983,0,1,1.35482,1.19204,0,1.04674,1.69344,8.60408e+06,3.61194e+06,1.1657e+07,0,0,0,6.53183e+07
103.622,103.622,5.32555,0.13,0,2.55858,2.72096,0,0.461264,5.7456,4.14015e+06,2.70226e+06,1.05929e+07,0,0,0,0,62.3362,61.308,4.1372,0,1,1.40278,1.2404,0,1.04674,1.69344,8.60408e+06,3.61194e+06,1.20697e+07,0,0,0,6.53183e+07
103.622,103.622,7.04522,0.13,0,2.60785,2.72187,0,0.479478,5.7456,4.14015e+06,2.70226e+06,1.07969e+07,0,0,0,0,62.3362,61.308,5.32214,0,1,1.35484,1.24082,0,1.08379,1.69344,8.60408e+06,3.61194e+06,1.16572e+07,0,0,0,6.53183e+07
103.622,103.622,6.15991,0.12,0,2.60918,2.72279,0,0.488711,5.7456,4.14015e+06,2.70226e+06,1.08024e+07,0,0,0,0,62.3362,61.308,5.18658,0,1,1.35484,1.24123,0,1.04675,1.69344,8.60408e+06,3.61194e+06,1.16572e+07,0,0,0,6.53183e+07
103.622,103.622,4.63367,0.12,0,2.61051,2.7237,0,0.48896,5.7456,4.14015e+06,2.70226e+06,1.08079e+07,0,0,0,0,62.3362,61.308,4.67599,0,1,1.35484,1.24165,0,1.04675,1.69344,8.60408e+06,3.61194e+06,1.16572e+07,0,0,0,6.53183e+07
103.622,103.622,3.95956,0.11,0,2.57429,2.68706,0,0.489209,5.7456,4.14015e+06,2.70226e+06,1.06579e+07,0,0,0,0,62.3362,61.308,3.73243,0,1,1.33619,1.22341,0,1.04675,1.69344,8.60408e+06,3.61194e+06,1.14967e+07,0,0,0,6.53183e+07
103.622,103.622,4.09323,0.1,0,2.55695,2.68796,0,0.482421,5.7456,4.14015e+06,2.70226e+06,1.05862e+07,0,0,0,0,62.3362,61.308,3.52397,0,1,1.35483,1.22382,0,1.03234,1.69344,8.60408e+06,3.61194e+06,1.16571e+07,0,0,0,6.53183e+07
103.622,103.622,3.72083,0.09,0,2.55826,2.68886,0,0.479173,5.7456,4.14015e+06,2.70226e+06,1.05916e+07,0,0,0,0,62.3362,61.308,3.45208,0,1,1.35483,1.22423,0,1.04674,1.69344,8.60408e+06,3.61194e+06,1.16571e+07,0,0,0,6.53183e+07
103.622,103.622,3.35438,0.09,0,2.55957,2.68976,0,0.479418,5.7456,4.14015e+06,2.70226e+06,1.0597e+07,0,0,0,0,62.3362,61.308,3.70091,0,1,1.35483,1.22464,0,1.04674,1.69344,8.60408e+06,3.61194e+06,1.16571e+07,0,0,0,6.53183e+07
103.622,103.622,3.52593,0.08,0,2.68852,2.8183,0,0.479664,5.7456,4.14015e+06,2.70226e+06,1.11309e+07,0,0,0,0,62.3362,61.308,3.10186,0,1,1.42107,1.29129,0,1.04674,1.69344,8.60408e+06,3.61194e+06,1.2227e+07,0,0,0,6.53183e+07
103.622,103.622,3.10893,0.07,0,2.75611,2.81925,0,0.503829,5.7456,4.14015e+06,2.70226e+06,1.14107e+07,0,0,0,0,62.3362,61.308,2.81022,0,1,1.35486,1.29172,0,1.09792,1.69344,8.60408e+06,3.61194e+06,1.16573e+07,0,0,0,6.53183e+07
103.437,103.622,2.70587,0.07,0,2.75749,2.82019,0,0.516495,5.7456,4.14015e+06,2.70226e+06,1.14164e+07,0,0,0,0,62.3362,61.308,2.61823,0,1,1.35486,1.29215,0,1.04676,1.69344,8.60408e+06,3.61194e+06,1.16573e+07,0,0,0,6.53183e+07
103.17,103.622,2.55881,0.07,0,2.75886,2.82114,0,0.516753,5.7456,4.14015e+06,2.70226e+06,1.14221e+07,0,0,0,0,62.3362,61.308,2.63274,0,1,1.35486,1.29258,0,1.04676,1.69344,8.60408e+06,3.61194e+06,1.16573e+07,0,0,0,6.53183e+07
102.854,103.622,2.47049,0.07,0,2.76024,2.82208,0,0.517011,5.7456,4.14015e+06,2.70226e+06,1.14278e+07,0,0,0,0,62.3362,61.308,2.66488,0,1,1.35486,1.29302,0,1.04676,1.69344,8.60408e+06,3.61194e+06,1.16573e+07,0,0,0,6.53183e+07
102.533,103.622,2.4367,0.05,0,2.73634,2.79774,0,0.517269,5.7456,4.14015e+06,2.70226e+06,1.13288e+07,0,0,0,0,62.3362,61.308,2.45858,0,1,1.39132,1.32991,0,1.04676,1.69344,8.60408e+06,3.61194e+06,1.1971e+07,0,0,0,6.53183e+07
102.112,103.622,2.38075,0.04,0,2.77417,2.79868,0,0.512789,5.7456,4.14015e+06,2.70226e+06,1.14855e+07,0,0,0,0,62.3362,61.308,2.26863,0,1,1.35487,1.33036,0,1.07493,1.69344,8.60408e+06,3.61194e+06,1.16574e+07,0,0,0,6.53183e+07
101.616,103.622,2.26585,0.03,0,2.77555,2.79962,0,0.519879,5.7456,4.14015e+06,2.70226e+06,1.14912e+07,0,0,0,0,62.3353,61.308,2.22405,0,1,1.35487,1.33081,0,1.04677,1.69344,8.60408e+06,3.61194e+06,1.16574e+07,0,0,0,6.53183e+07
101.006,103.622,2.14157,0.03,0,2.77693,2.80055,0,0.520138,5.7456,4.14015e+06,2.70226e+06,1.14969e+07,0,0,0,0,62.3212,61.308,2.25228,0,1,1.35487,1.33125,0,1.04677,1.69344,8.60408e+06,3.61194e+06,1.16574e+07,0,0,0,6.53183e+07
100.216,103.622,1.97507,0.02,0,2.8437,2.86687,0,0.520397,5.7456,4.14015e+06,2.70226e+06,1.17733e+07,0,0,0,0,62.0734,61.308,2.13219,0,1,1.38741,1.36424,0,1.04677,1.69344,8.60408e+06,3.61194e+06,1.19374e+07,0,0,0,6.53183e+07
99.2877,103.622,1.78427,0.02,0,2.86783,2.86783,0,0.532909,5.7456,4.14015e+06,2.70226e+06,1.18733e+07,0,0,0,0,61.8576,61.308,1.63558,0,1,1.36469,1.36469,0,1.07191,1.69344,8.60408e+06,3.61194e+06,1.17419e+07,0,0,0,6.53183e+07
98.2897,103.622,1.6981,0.02,0,2.86879,2.86879,0,0.537432,5.7456,4.14015e+06,2.70226e+06,1.18772e+07,0,0,0,0,61.5156,61.308,1.68833,0,1,1.36515,1.36515,0,1.05436,1.69344,8.60408e+06,3.61194e+06,1.17459e+07,0,0,0,6.53183e+07
97.2085,103.622,1.57974,0.03,0,2.86975,2.86975,0,0.537611,5.7456,4.14015e+06,2.70226e+06,1.18812e+07,0,0,0,0,61.2136,61.308,1.54836,0,1,1.36561,1.36561,0,1.05472,1.69344,8.60408e+06,3.61194e+06,1.17498e+07,0,0,0,6.53183e+07
95.9898,103.622,1.57314,0.03,0,3.06243,3.06243,0,0.537791,5.7456,4.14015e+06,2.70226e+06,1.26789e+07,0,0,0,0,60.8725,61.308,1.65905,0,1,1.48368,1.48368,0,1.05507,1.69344,8.60408e+06,3.61194e+06,1.27657e+07,0,0,0,6.53183e+07
94.9291,103.622,1.73876,0.06,0,3.06346,3.06346,0,0.5739,5.7456,4.14015e+06,2.70226e+06,1.26832e+07,0,0,0,0,60.5739,61.308,1.72492,0,1,1.48417,1.48417,0,1.14629,1.69344,8.60408e+06,3.61194e+06,1.27699e+07,0,0,0,6.53183e+07
94.0237,103.622,1.87932,0.06,0,3.06448,3.06448,0,0.574092,5.7456,4.14015e+06,2.70226e+06,1.26874e+07,0,0,0,0,60.2454,61.308,1.98386,0,1,1.48467,1.48467,0,1.14667,1.69344,8.60408e+06,3.61194e+06,1.27742e+07,0,0,0,6.53183e+07
92.8155,103.622,1.5569,0.06,0,3.06551,3.06551,0,0.574284,5.7456,4.14015e+06,2.70226e+06,1.26917e+07,0,0,0,0,59.8938,61.308,1.5824,0,1,1.48517,1.48517,0,1.14706,1.69344,8.60408e+06,3.61194e+06,1.27785e+07,0,0,0,6.53183e+07
91.8543,103.622,1.82418,0.07,0,3.06653,3.06653,0,0.574476,5.7456,4.14015e+06,2.70226e+06,1.26959e+07,0,0,0,0,59.779,61.308,2.39033,0,1,1.48566,1.48566,0,1.14744,1.69344,8.60408e+06,3.61194e+06,1.27828e+07,0,0,0,6.53183e+07
90.8192,103.622,1.70769,0.07,0,2.97396,2.97396,0,0.574668,5.7456,4.14015e+06,2.70226e+06,1.23127e+07,0,0,0,0,59.6148,61.308,2.24814,0,1,1.41465,1.41465,0,1.14782,1.69344,8.60408e+06,3.61194e+06,1.21718e+07,0,0,0,6.53183e+07
90.0349,103.622,1.97395,0.07,0,2.97496,2.97496,0,0.557321,5.7456,4.14015e+06,2.70226e+06,1.23168e+07,0,0,0,0,59.5622,61.308,2.81844,0,1,1.41513,1.41513,0,1.09296,1.69344,8.60408e+06,3.61194e+06,1.21759e+07,0,0,0,6.53183e+07
89.7742,103.622,2.6566,0.07,0,2.97595,2.97595,0,0.557507,5.7456,4.14015e+06,2.70226e+06,1.23209e+07,0,0,0,0,59.6915,61.308,3.85006,0,1,1.4156,1.4156,0,1.09333,1.69344,8.60408e+06,3.61194e+06,1.21799e+07,0,0,0,6.53183e+07
90.1515,103.622,3.53162,0.09,0,2.97695,2.97695,0,0.557693,5.7456,4.14015e+06,2.70226e+06,1.2325e+07,0,0,0,0,60.1471,61.308,5.40549,0,1,1.41607,1.41607,0,1.09369,1.69344,8.60408e+06,3.61194e+06,1.2184e+07,0,0,0,6.53183e+07
90.0718,103.622,2.83126,0.07,0,2.90101,2.90101,0,0.55788,5.7456,4.14015e+06,2.70226e+06,1.20106e+07,0,0,0,0,60.2891,61.308,3.42179,0,1,1.35137,1.35137,0,1.09406,1.69344,8.60408e+06,3.61194e+06,1.16273e+07,0,0,0,6.53183e+07
91.4078,103.622,4.35914,0.08,0,2.89893,2.90198,0,0.54365,5.7456,4.14015e+06,2.70226e+06,1.2002e+07,0,0,0,0,60.8955,61.308,4.1217,0,1,1.35488,1.35182,0,1.04407,1.69344,8.60408e+06,3.61194e+06,1.16575e+07,0,0,0,6.53183e+07
94.7185,103.622,6.64768,0.09,0,2.90035,2.90295,0,0.543259,5.7456,4.14015e+06,2.70226e+06,1.20079e+07,0,0,0,0,62.3362,61.308,7.1165,0,1,1.35488,1.35227,0,1.04678,1.69344,8.60408e+06,3.61194e+06,1.16575e+07,0,0,0,6.53183e+07
99.0779,103.622,7.92421,0.09,0,2.90177,2.90392,0,0.543526,5.7456,4.14015e+06,2.70226e+06,1.20138e+07,0,0,0,0,62.3362,61.308,8.266,0,1,1.35488,1.35273,0,1.04678,1.69344,8.60408e+06,3.61194e+06,1.16575e+07,0,0,0,6.53183e+07
101.186,103.622,5.60179,0.05,0,2.68442,2.68612,0,0.543792,5.7456,4.14015e+06,2.70226e+06,1.11139e+07,0,0,0,0,62.3362,61.308,5.8244,0,1,1.21895,1.21725,0,1.04678,1.69344,8.60408e+06,3.61194e+06,1.0488e+07,0,0,0,6.53183e+07
103.622,103.622,8.67356,0.05,0,2.54985,2.68702,0,0.503061,5.7456,4.14015e+06,2.70226e+06,1.05568e+07,0,0,0,0,62.3362,61.308,8.49329,0,1,1.35483,1.21766,0,0.941764,1.69344,8.60408e+06,3.61194e+06,1.16571e+07,0,0,0,6.53183e+07
103.622,103.622,10.0155,0.05,0,2.55115,2.68792,0,0.477842,5.7456,4.14015e+06,2.70226e+06,1.05622e+07,0,0,0,0,62.3362,61.308,10.6914,0,1,1.35483,1.21807,0,1.04674,1.69344,8.60408e+06,3.61194e+06,1.16571e+07,0,0,0,6.53183e+07
103.622,103.622,8.36672,0.06,0,2.55246,2.68881,0,0.478086,5.7456,4.14015e+06,2.70226e+06,1.05676e+07,0,0,0,0,62.3362,61.308,10.4952,0,1,1.35483,1.21847,0,1.04674,1.69344,8.60408e+06,3.61194e+06,1.16571e+07,0,0,0,6.53183e+07
103.622,103.622,7.51474,0.08,0,2.55376,2.68971,0,0.47833,5.7456,4.14015e+06,2.70226e+06,1.0573e+07,0,0,0,0,62.3362,61.308,8.6095,0,1,1.35483,1.21888,0,1.04674,1.69344,8.60408e+06,3.61194e+06,1.16571e+07,0,0,0,6.53183e+07
103.622,103.622,6.91734,0.08,0,2.55417,2.68971,0,0.478575,5.7456,4.14015e+06,2.70226e+06,1.05746e+07,0,0,0,0,62.3362,61.308,6.7783,0,1,1.35442,1.21888,0,1.04674,1.69344,8.60408e+06,3.61194e+06,1.16536e+07,0,0,0,6.53183e+07
103.622,103.622,11.976,0.08,0,2.63933,2.77487,0,0.478651,5.7456,4.14015e+06,2.70226e+06,1.09272e+07,0,0,0,0,62.3362,61.308,12.6208,0,1,1.39424,1.2587,0,1.04643,1.69344,8.60408e+06,3.61194e+06,1.19962e+07,0,0,0,6.53183e+07
103.622,103.622,7.54833,0.11,0,2.68004,2.77576,0,0.494611,5.7456,4.14015e+06,2.70226e+06,1.10958e+07,0,0,0,0,62.3362,61.308,7.02702,0,1,1.35483,1.25911,0,1.07719,1.69344,8.60408e+06,3.61194e+06,1.1657e+07,0,0,0,6.53183e+07
103.622,103.622,6.00865,0.15,0,2.68134,2.77666,0,0.50224,5.7456,4.14015e+06,2.70226e+06,1.11011e+07,0,0,0,0,62.3362,61.308,4.80203,0,1,1.35483,1.25951,0,1.04674,1.69344,8.60408e+06,3.61194e+06,1.1657e+07,0,0,0,6.53183e+07
103.622,103.622,6.42823,0.15,0,2.68263,2.77755,0,0.502483,5.7456,4.14015e+06,2.70226e+06,1.11065e+07,0,0,0,0,62.3362,61.308,5.74485,0,1,1.35483,1.25992,0,1.04674,1.69344,8.60408e+06,3.61194e+06,1.16571e+07,0,0,0,6.53183e+07
103.622,103.622,14.6377,0.15,0,2.95493,3.04944,0,0.502726,5.7456,4.14015e+06,2.70226e+06,1.22339e+07,0,0,0,0,62.3362,61.308,10.6201,0,1,1.50302,1.40851,0,1.04674,1.69344,8.60408e+06,3.61194e+06,1.29321e+07,0,0,0,6.53183e+07
103.622,103.622,10.2992,0.15,0,3.05042,3.05042,0,0.553754,5.7456,4.14015e+06,2.70226e+06,1.26292e+07,0,0,0,0,62.3362,61.308,8.04705,0,1,1.40896,1.40896,0,1.16123,1.69344,8.60408e+06,3.61194e+06,1.21228e+07,0,0,0,6.53183e+07
103.622,103.622,6.1933,0.15,0,3.0514,3.0514,0,0.571649,5.7456,4.14015e+06,2.70226e+06,1.26333e+07,0,0,0,0,62.3362,61.308,5.70582,0,1,1.40941,1.40941,0,1.08856,1.69344,8.60408e+06,3.61194e+06,1.21267e+07,0,0,0,6.53183e+07
103.622,103.622,5.68473,0.15,0,3.05238,3.05238,0,0.571832,5.7456,4.14015e+06,2.70226e+06,1.26373e+07,0,0,0,0,62.3362,61.308,7.19282,0,1,1.40986,1.40986,0,1.08891,1.69344,8.60408e+06,3.61194e+06,1.21306e+07,0,0,0,6.53183e+07
103.622,103.622,4.63746,0.15,0,2.66633,2.66633,0,0.572016,5.7456,4.14015e+06,2.70226e+06,1.1039e+07,0,0,0,0,62.3362,61.308,6.54001,0,1,1.21119,1.21119,0,1.08926,1.69344,8.60408e+06,3.61194e+06,1.04212e+07,0,0,0,6.53183e+07
103.622,103.622,4.88848,0.15,0,2.52395,2.66718,0,0.499669,5.7456,4.14015e+06,2.70226e+06,1.04495e+07,0,0,0,0,62.3362,61.308,4.84866,0,1,1.35481,1.21158,0,0.935766,1.69344,8.60408e+06,3.61194e+06,1.16569e+07,0,0,0,6.53183e+07
103.622,103.622,7.44231,0.15,0,2.52519,2.66804,0,0.472988,5.7456,4.14015e+06,2.70226e+06,1.04547e+07,0,0,0,0,62.3362,61.308,9.0397,0,1,1.35481,1.21197,0,1.04673,1.69344,8.60408e+06,3.61194e+06,1.16569e+07,0,0,0,6.53183e+07
103.622,103.622,5.25309,0.15,0,2.52644,2.66889,0,0.473221,5.7456,4.14015e+06,2.70226e+06,1.04598e+07,0,0,0,0,62.3362,61.308,5.57804,0,1,1.35481,1.21236,0,1.04673,1.69344,8.60408e+06,3.61194e+06,1.16569e+07,0,0,0,6.53183e+07
103.622,103.622,4.872,0.15,0,2.52768,2.66975,0,0.473454,5.7456,4.14015e+06,2.70226e+06,1.0465e+07,0,0,0,0,62.3362,61.308,5.39902,0,1,1.35481,1.21275,0,1.04673,1.69344,8.60408e+06,3.61194e+06,1.16569e+07,0,0,0,6.53183e+07
103.622,103.622,5.4416,0.15,0,2.6265,2.76818,0,0.473687,5.7456,4.14015e+06,2.70226e+06,1.08741e+07,0,0,0,0,62.3362,61.308,8.64302,0,1,1.4036,1.26193,0,1.04673,1.69344,8.60408e+06,3.61194e+06,1.20767e+07,0,0,0,6.53183e+07
103.622,103.622,3.9862,0.15,0,2.67657,2.76907,0,0.492207,5.7456,4.14015e+06,2.70226e+06,1.10814e+07,0,0,0,0,62.3362,61.308,6.07306,0,1,1.35483,1.26233,0,1.08442,1.69344,8.60408e+06,3.61194e+06,1.16571e+07,0,0,0,6.53183e+07
103.622,103.622,3.33737,0.15,0,2.67786,2.76996,0,0.50159,5.7456,4.14015e+06,2.70226e+06,1.10868e+07,0,0,0,0,62.3362,61.308,5.10479,0,1,1.35483,1.26274,0,1.04674,1.69344,8.60408e+06,3.61194e+06,1.16571e+07,0,0,0,6.53183e+07
103.445,103.622,3.03568,0.14,0,2.67916,2.77085,0,0.501832,5.7456,4.14015e+06,2.70226e+06,1.10921e+07,0,0,0,0,62.3362,61.308,4.63848,0,1,1.35483,1.26314,0,1.04674,1.69344,8.60408e+06,3.61194e+06,1.16571e+07,0,0,0,6.53183e+07
103.141,103.622,2.67548,0.11,0,2.64225,2.73353,0,0.502074,5.7456,4.14015e+06,2.70226e+06,1.09393e+07,0,0,0,0,62.3362,61.308,3.75325,0,1,1.33585,1.24457,0,1.04674,1.69344,8.60408e+06,3.61194e+06,1.14938e+07,0,0,0,6.53183e+07
102.713,103.622,2.42827,0.11,0,2.62455,2.73441,0,0.495157,5.7456,4.14015e+06,2.70226e+06,1.08661e+07,0,0,0,0,62.3362,61.308,3.33135,0,1,1.35482,1.24497,0,1.03208,1.69344,8.60408e+06,3.61194e+06,1.1657e+07,0,0,0,6.53183e+07
102.26,103.622,2.39743,0.11,0,2.62583,2.73528,0,0.491842,5.7456,4.14015e+06,2.70226e+06,1.08713e+07,0,0,0,0,62.3362,61.308,3.5815,0,1,1.35482,1.24537,0,1.04674,1.69344,8.60408e+06,3.61194e+06,1.1657e+07,0,0,0,6.53183e+07
101.678,103.622,2.22471,0.1,0,2.6271,2.73616,0,0.49208,5.7456,4.14015e+06,2.70226e+06,1.08766e+07,0,0,0,0,62.3362,61.308,3.26713,0,1,1.35482,1.24577,0,1.04674,1.69344,8.60408e+06,3.61194e+06,1.1657e+07,0,0,0,6.53183e+07
101.099,103.622,2.34578,0.08,0,2.75822,2.86687,0,0.492319,5.7456,4.14015e+06,2.70226e+06,1.14194e+07,0,0,0,0,62.3362,61.308,3.69516,0,1,1.4222,1.31354,0,1.04674,1.69344,8.60408e+06,3.61194e+06,1.22367e+07,0,0,0,6.53183e+07
100.52,103.622,2.29732,0.07,0,2.82691,2.86779,0,0.51689,5.7456,4.14015e+06,2.70226e+06,1.17038e+07,0,0,0,0,62.3362,61.308,3.57518,0,1,1.35484,1.31396,0,1.09879,1.69344,8.60408e+06,3.61194e+06,1.16572e+07,0,0,0,6.53183e+07
99.7407,103.622,2.03284,0.07,0,2.82825,2.86871,0,0.529763,5.7456,4.14015e+06,2.70226e+06,1.17094e+07,0,0,0,0,62.3362,61.308,2.99112,0,1,1.35484,1.31438,0,1.04675,1.69344,8.60408e+06,3.61194e+06,1.16572e+07,0,0,0,6.53183e+07
98.9084,103.622,1.9504,0.07,0,2.82959,2.86963,0,0.530014,5.7456,4.14015e+06,2.70226e+06,1.17149e+07,0,0,0,0,62.3362,61.308,2.63101,0,1,1.35484,1.3148,0,1.04675,1.69344,8.60408e+06,3.61194e+06,1.16572e+07,0,0,0,6.53183e+07
98.0885,103.622,1.9443,0.07,0,2.83093,2.87055,0,0.530265,5.7456,4.14015e+06,2.70226e+06,1.17205e+07,0,0,0,0,62.3362,61.308,2.7287,0,1,1.35485,1.31522,0,1.04675,1.69344,8.60408e+06,3.61194e+06,1.16572e+07,0,0,0,6.53183e+07
97.3609,103.622,1.98582,0.05,0,2.80655,2.84575,0,0.530516,5.7456,4.14015e+06,2.70226e+06,1.16195e+07,0,0,0,0,62.3362,61.308,3.03769,0,1,1.39193,1.35274,0,1.04675,1.69344,8.60408e+06,3.61194e+06,1.19763e+07,0,0,0,6.53183e+07
96.4738,103.622,1.8221,0.04,0,2.84497,2.84666,0,0.525947,5.7456,4.14015e+06,2.70226e+06,1.17786e+07,0,0,0,0,62.3362,61.308,2.92696,0,1,1.35486,1.35317,0,1.07541,1.69344,8.60408e+06,3.61194e+06,1.16573e+07,0,0,0,6.53183e+07
95.5209,103.622,1.73105,0.08,0,2.84632,2.84757,0,0.533148,5.7456,4.14015e+06,2.70226e+06,1.17842e+07,0,0,0,0,62.3362,61.308,2.62234,0,1,1.35486,1.3536,0,1.04676,1.69344,8.60408e+06,3.61194e+06,1.16573e+07,0,0,0,6.53183e+07
94.5321,103.622,1.67161,0.07,0,2.84766,2.84848,0,0.5334,5.7456,4.14015e+06,2.70226e+06,1.17897e+07,0,0,0,0,62.3362,61.308,2.50037,0,1,1.35486,1.35403,0,1.04676,1.69344,8.60408e+06,3.61194e+06,1.16573e+07,0,0,0,6.53183e+07
93.4997,103.622,1.61897,0.06,0,2.9155,2.91589,0,0.533652,5.7456,4.14015e+06,2.70226e+06,1.20706e+07,0,0,0,0,62.3362,61.308,2.32158,0,1,1.38795,1.38756,0,1.04676,1.69344,8.60408e+06,3.61194e+06,1.19421e+07,0,0,0,6.53183e+07
92.4248,103.622,1.57173,0.06,0,2.91683,2.91683,0,0.546366,5.7456,4.14015e+06,2.70226e+06,1.20761e+07,0,0,0,0,62.3362,61.308,2.29872,0,1,1.38801,1.38801,0,1.07233,1.69344,8.60408e+06,3.61194e+06,1.19425e+07,0,0,0,6.53183e+07
91.2789,103.622,1.45942,0.06,0,2.91776,2.91776,0,0.546613,5.7456,4.14015e+06,2.70226e+06,1.208e+07,0,0,0,0,62.3362,61.308,2.1736,0,1,1.38845,1.38845,0,1.07238,1.69344,8.60408e+06,3.61194e+06,1.19464e+07,0,0,0,6.53183e+07
90.0472,103.622,1.34828,0.06,0,2.91869,2.91869,0,0.546788,5.7456,4.14015e+06,2.70226e+06,1.20838e+07,0,0,0,0,62.3362,61.308,2.05054,0,1,1.3889,1.3889,0,1.07272,1.69344,8.60408e+06,3.61194e+06,1.19502e+07,0,0,0,6.53183e+07
88.681,103.622,1.35101,0.06,0,3.11462,3.11462,0,0.546963,5.7456,4.14015e+06,2.70226e+06,1.2895e+07,0,0,0,0,62.2052,61.308,2.37807,0,1,1.50896,1.50896,0,1.07306,1.69344,8.60408e+06,3.61194e+06,1.29832e+07,0,0,0,6.53183e+07
86.8922,103.622,0.821035,0.11,0,3.11561,3.11561,0,0.583679,5.7456,4.14015e+06,2.70226e+06,1.28991e+07,0,0,0,0,61.9687,61.308,1.79331,0,1,1.50944,1.50944,0,1.16582,1.69344,8.60408e+06,3.61194e+06,1.29873e+07,0,0,0,6.53183e+07
85.1794,103.622,0.879293,0.1,0,3.11661,3.11661,0,0.583866,5.7456,4.14015e+06,2.70226e+06,1.29032e+07,0,0,0,0,61.8399,61.308,1.80962,0,1,1.50992,1.50992,0,1.16619,1.69344,8.60408e+06,3.61194e+06,1.29915e+07,0,0,0,6.53183e+07
83.8424,103.622,1.29594,0.1,0,3.11761,3.11761,0,0.584053,5.7456,4.14015e+06,2.70226e+06,1.29074e+07,0,0,0,0,61.8515,61.308,2.17198,0,1,1.51041,1.51041,0,1.16657,1.69344,8.60408e+06,3.61194e+06,1.29957e+07,0,0,0,6.53183e+07
83.0411,103.622,1.87324,0.1,0,3.1186,3.1186,0,0.584239,5.7456,4.14015e+06,2.70226e+06,1.29115e+07,0,0,0,0,62.2795,61.308,2.90174,0,1,1.51089,1.51089,0,1.16694,1.69344,8.60408e+06,3.61194e+06,1.29998e+07,0,0,0,6.53183e+07
82.7171,103.622,2.37425,0.11,0,3.02442,3.02442,0,0.584426,5.7456,4.14015e+06,2.70226e+06,1.25215e+07,0,0,0,0,62.3362,61.308,5.30725,0,1,1.43865,1.43865,0,1.16731,1.69344,8.60408e+06,3.61194e+06,1.23783e+07,0,0,0,6.53183e+07
82.2772,103.622,2.3852,0.12,0,3.02538,3.02538,0,0.566776,5.7456,4.14015e+06,2.70226e+06,1.25256e+07,0,0,0,0,62.3362,61.308,6.2921,0,1,1.43911,1.43911,0,1.1115,1.69344,8.60408e+06,3.61194e+06,1.23822e+07,0,0,0,6.53183e+07
81.9909,103.622,2.60779,0.12,0,3.02635,3.02635,0,0.566957,5.7456,4.14015e+06,2.70226e+06,1.25296e+07,0,0,0,0,62.3362,61.308,6.95484,0,1,1.43957,1.43957,0,1.11186,1.69344,8.60408e+06,3.61194e+06,1.23862e+07,0,0,0,6.53183e+07
81.7452,103.622,2.73877,0.12,0,3.02732,3.02732,0,0.567138,5.7456,4.14015e+06,2.70226e+06,1.25336e+07,0,0,0,0,62.3362,61.308,7.28435,0,1,1.44003,1.44003,0,1.11221,1.69344,8.60408e+06,3.61194e+06,1.23902e+07,0,0,0,6.53183e+07
82.4576,103.622,3.93694,0.11,0,2.95006,2.95006,0,0.567319,5.7456,4.14015e+06,2.70226e+06,1.22137e+07,0,0,0,0,62.3362,61.308,9.10466,0,1,1.37422,1.37422,0,1.11257,1.69344,8.60408e+06,3.61194e+06,1.18239e+07,0,0,0,6.53183e+07
85.2741,103.622,6.12498,0.11,0,2.951,2.951,0,0.552841,5.7456,4.14015e+06,2.70226e+06,1.22176e+07,0,0,0,0,62.3362,61.308,9.75955,0,1,1.37466,1.37466,0,1.06172,1.69344,8.60408e+06,3.61194e+06,1.18276e+07,0,0,0,6.53183e+07
88.1931,103.622,6.14811,0.1,0,2.95194,2.95194,0,0.553017,5.7456,4.14015e+06,2.70226e+06,1.22215e+07,0,0,0,0,62.3362,61.308,9.54265,0,1,1.37509,1.37509,0,1.06206,1.69344,8.60408e+06,3.61194e+06,1.18314e+07,0,0,0,6.53183e+07
89.518,103.622,4.44765,0.1,0,2.95289,2.95289,0,0.553194,5.7456,4.14015e+06,2.70226e+06,1.22254e+07,0,0,0,0,62.3362,61.308,6.96741,0,1,1.37553,1.37553,0,1.0624,1.69344,8.60408e+06,3.61194e+06,1.18352e+07,0,0,0,6.53183e+07
93.4627,103.622,7.2219,0.1,0,2.73137,2.73137,0,0.553371,5.7456,4.14015e+06,2.70226e+06,1.13083e+07,0,0,0,0,62.3362,61.308,10.3577,0,1,1.23776,1.23776,0,1.06274,1.69344,8.60408e+06,3.61194e+06,1.06498e+07,0,0,0,6.53183e+07
97.6714,103.622,7.66478,0.09,0,2.61558,2.73224,0,0.511859,5.7456,4.14015e+06,2.70226e+06,1.08289e+07,0,0,0,0,62.3362,61.308,13.6354,0,1,1.35482,1.23816,0,0.956294,1.69344,8.60408e+06,3.61194e+06,1.1657e+07,0,0,0,6.53183e+07
101.455,103.622,7.03258,0.07,0,2.61685,2.73312,0,0.49016,5.7456,4.14015e+06,2.70226e+06,1.08342e+07,0,0,0,0,62.3362,61.308,13.0397,0,1,1.35482,1.23855,0,1.04673,1.69344,8.60408e+06,3.61194e+06,1.1657e+07,0,0,0,6.53183e+07
103.622,103.622,11.8821,0.07,0,2.61812,2.73399,0,0.490398,5.7456,4.14015e+06,2.70226e+06,1.08394e+07,0,0,0,0,62.3362,61.308,14.0153,0,1,1.35482,1.23895,0,1.04673,1.69344,8.60408e+06,3.61194e+06,1.1657e+07,0,0,0,6.53183e+07
103.622,103.622,8.54193,0.07,0,2.61939,2.73486,0,0.490635,5.7456,4.14015e+06,2.70226e+06,1.08447e+07,0,0,0,0,62.3362,61.308,12.0179,0,1,1.35482,1.23934,0,1.04673,1.69344,8.60408e+06,3.61194e+06,1.1657e+07,0,0,0,6.53183e+07
103.622,103.622,5.91785,0.07,0,2.70633,2.82141,0,0.490873,5.7456,4.14015e+06,2.70226e+06,1.12046e+07,0,0,0,0,62.3362,61.308,7.82768,0,1,1.39489,1.27981,0,1.04673,1.69344,8.60408e+06,3.61194e+06,1.20018e+07,0,0,0,6.53183e+07
103.622,103.622,3.91711,0.08,0,2.74767,2.82228,0,0.507167,5.7456,4.14015e+06,2.70226e+06,1.13758e+07,0,0,0,0,62.3362,61.308,6.7818,0,1,1.35482,1.28021,0,1.0777,1.69344,8.60408e+06,3.61194e+06,1.16569e+07,0,0,0,6.53183e+07
103.622,103.622,6.48857,0.09,0,2.74893,2.82314,0,0.514913,5.7456,4.14015e+06,2.70226e+06,1.1381e+07,0,0,0,0,62.3362,61.308,4.48334,0,1,1.35482,1.2806,0,1.04673,1.69344,8.60408e+06,3.61194e+06,1.16569e+07,0,0,0,6.53183e+07
103.622,103.622,6.12365,0.09,0,2.75018,2.82401,0,0.515149,5.7456,4.14015e+06,2.70226e+06,1.13862e+07,0,0,0,0,62.3362,61.308,5.72266,0,1,1.35482,1.28099,0,1.04673,1.69344,8.60408e+06,3.61194e+06,1.16569e+07,0,0,0,6.53183e+07
103.622,103.622,7.37671,0.09,0,3.02697,3.10041,0,0.515385,5.7456,4.14015e+06,2.70226e+06,1.25321e+07,0,0,0,0,62.3362,61.308,6.78795,0,1,1.50548,1.43205,0,1.04673,1.69344,8.60408e+06,3.61194e+06,1.29533e+07,0,0,0,6.53183e+07
103.622,103.622,6.62115,0.09,0,3.10136,3.10136,0,0.567255,5.7456,4.14015e+06,2.70226e+06,1.28401e+07,0,0,0,0,62.3362,61.308,6.46963,0,1,1.43249,1.43249,0,1.16313,1.69344,8.60408e+06,3.61194e+06,1.23252e+07,0,0,0,6.53183e+07
103.622,103.622,6.3156,0.09,0,3.10231,3.10231,0,0.581194,5.7456,4.14015e+06,2.70226e+06,1.2844e+07,0,0,0,0,62.3362,61.308,6.27862,0,1,1.43292,1.43292,0,1.10674,1.69344,8.60408e+06,3.61194e+06,1.2329e+07,0,0,0,6.53183e+07
103.622,103.622,5.706,0.09,0,3.10326,3.10326,0,0.581372,5.7456,4.14015e+06,2.70226e+06,1.2848e+07,0,0,0,0,62.3362,61.308,5.87225,0,1,1.43336,1.43336,0,1.10708,1.69344,8.60408e+06,3.61194e+06,1.23328e+07,0,0,0,6.53183e+07
103.622,103.622,6.79259,0.1,0,2.71073,2.71073,0,0.58155,5.7456,4.14015e+06,2.70226e+06,1.12228e+07,0,0,0,0,62.3362,61.308,6.01188,0,1,1.23136,1.23136,0,1.10742,1.69344,8.60408e+06,3.61194e+06,1.05947e+07,0,0,0,6.53183e+07
103.622,103.622,7.45645,0.1,0,2.5885,2.71156,0,0.507991,5.7456,4.14015e+06,2.70226e+06,1.07168e+07,0,0,0,0,62.3362,61.308,9.63435,0,1,1.3548,1.23174,0,0.951351,1.69344,8.60408e+06,3.61194e+06,1.16568e+07,0,0,0,6.53183e+07
103.622,103.622,6.84732,0.12,0,2.58971,2.71239,0,0.485085,5.7456,4.14015e+06,2.70226e+06,1.07218e+07,0,0,0,0,62.3362,61.308,9.89233,0,1,1.3548,1.23212,0,1.04672,1.69344,8.60408e+06,3.61194e+06,1.16568e+07,0,0,0,6.53183e+07
103.622,103.622,7.51481,0.13,0,2.59091,2.71322,0,0.485311,5.7456,4.14015e+06,2.70226e+06,1.07268e+07,0,0,0,0,62.3362,61.308,12.4766,0,1,1.3548,1.23249,0,1.04672,1.69344,8.60408e+06,3.61194e+06,1.16568e+07,0,0,0,6.53183e+07
103.622,103.622,12.6248,0.15,0,2.59212,2.71405,0,0.485537,5.7456,4.14015e+06,2.70226e+06,1.07318e+07,0,0,0,0,62.3362,61.308,16.4588,0,1,1.3548,1.23287,0,1.04672,1.69344,8.60408e+06,3.61194e+06,1.16568e+07,0,0,0,6.53183e+07
103.622,103.622,7.62914,0.16,0,2.69253,2.81408,0,0.485764,5.7456,4.14015e+06,2.70226e+06,1.11475e+07,0,0,0,0,62.3362,61.308,10.5007,0,1,1.4044,1.28285,0,1.04672,1.69344,8.60408e+06,3.61194e+06,1.20836e+07,0,0,0,6.53183e+07
103.622,103.622,5.39744,0.16,0,2.74337,2.81494,0,0.504579,5.7456,4.14015e+06,2.70226e+06,1.13579e+07,0,0,0,0,62.3362,61.308,6.25992,0,1,1.35482,1.28324,0,1.08504,1.69344,8.60408e+06,3.61194e+06,1.1657e+07,0,0,0,6.53183e+07
103.622,103.622,4.98481,0.16,0,2.74462,2.8158,0,0.514107,5.7456,4.14015e+06,2.70226e+06,1.13631e+07,0,0,0,0,62.3362,61.308,6.59111,0,1,1.35482,1.28363,0,1.04673,1.69344,8.60408e+06,3.61194e+06,1.1657e+07,0,0,0,6.53183e+07
103.622,103.622,4.77593,0.16,0,2.74587,2.81666,0,0.514342,5.7456,4.14015e+06,2.70226e+06,1.13683e+07,0,0,0,0,62.3362,61.308,6.91915,0,1,1.35482,1.28403,0,1.04673,1.69344,8.60408e+06,3.61194e+06,1.1657e+07,0,0,0,6.53183e+07
103.622,103.622,4.30738,0.16,0,2.7083,2.77869,0,0.514577,5.7456,4.14015e+06,2.70226e+06,1.12128e+07,0,0,0,0,62.3362,61.308,3.91785,0,1,1.33553,1.26513,0,1.04673,1.69344,8.60408e+06,3.61194e+06,1.1491e+07,0,0,0,6.53183e+07
103.622,103.622,4.25261,0.14,0,2.69025,2.77954,0,0.507535,5.7456,4.14015e+06,2.70226e+06,1.11381e+07,0,0,0,0,62.3362,61.308,3.55602,0,1,1.35481,1.26552,0,1.03183,1.69344,8.60408e+06,3.61194e+06,1.16569e+07,0,0,0,6.53183e+07
103.622,103.622,3.70368,0.12,0,2.69149,2.78039,0,0.504153,5.7456,4.14015e+06,2.70226e+06,1.11432e+07,0,0,0,0,62.3362,61.308,3.18768,0,1,1.35481,1.26591,0,1.04673,1.69344,8.60408e+06,3.61194e+06,1.16569e+07,0,0,0,6.53183e+07
103.622,103.622,3.48452,0.11,0,2.69273,2.78124,0,0.504385,5.7456,4.14015e+06,2.70226e+06,1.11483e+07,0,0,0,0,62.3362,61.308,3.58255,0,1,1.35481,1.26629,0,1.04673,1.69344,8.60408e+06,3.61194e+06,1.16569e+07,0,0,0,6.53183e+07
103.622,103.622,3.59085,0.11,0,2.82594,2.91407,0,0.504617,5.7456,4.14015e+06,2.70226e+06,1.16998e+07,0,0,0,0,62.3362,61.308,3.2662,0,1,1.42329,1.33516,0,1.04673,1.69344,8.60408e+06,3.61194e+06,1.22461e+07,0,0,0,6.53183e+07
103.622,103.622,3.439,0.08,0,2.8957,2.91496,0,0.529581,5.7456,4.14015e+06,2.70226e+06,1.19886e+07,0,0,0,0,62.3362,61.308,3.08724,0,1,1.35483,1.33557,0,1.09964,1.69344,8.60408e+06,3.61194e+06,1.16571e+07,0,0,0,6.53183e+07
103.622,103.622,3.38405,0.08,0,2.897,2.91585,0,0.542654,5.7456,4.14015e+06,2.70226e+06,1.1994e+07,0,0,0,0,62.3362,61.308,3.1411,0,1,1.35483,1.33598,0,1.04674,1.69344,8.60408e+06,3.61194e+06,1.16571e+07,0,0,0,6.53183e+07
103.622,103.622,3.14937,0.07,0,2.8983,2.91674,0,0.542898,5.7456,4.14015e+06,2.70226e+06,1.19994e+07,0,0,0,0,62.3362,61.308,2.89832,0,1,1.35483,1.33639,0,1.04674,1.69344,8.60408e+06,3.61194e+06,1.16571e+07,0,0,0,6.53183e+07
103.622,103.622,2.83785,0.07,0,2.8996,2.91763,0,0.543142,5.7456,4.14015e+06,2.70226e+06,1.20048e+07,0,0,0,0,62.2347,61.308,2.73882,0,1,1.35483,1.3368,0,1.04674,1.69344,8.60408e+06,3.61194e+06,1.16571e+07,0,0,0,6.53183e+07
102.881,103.622,1.93103,0.06,0,2.87476,2.89239,0,0.543385,5.7456,4.14015e+06,2.70226e+06,1.1902e+07,0,0,0,0,62.0461,61.308,1.80197,0,1,1.39253,1.3749,0,1.04674,1.69344,8.60408e+06,3.61194e+06,1.19814e+07,0,0,0,6.53183e+07
102.024,103.622,1.82398,0.06,0,2.89327,2.89327,0,0.53873,5.7456,4.14015e+06,2.70226e+06,1.19786e+07,0,0,0,0,61.8317,61.308,1.69953,0,1,1.37532,1.37532,0,1.07587,1.69344,8.60408e+06,3.61194e+06,1.18334e+07,0,0,0,6.53183e+07
101.028,103.622,1.67158,0.05,0,2.89416,2.89416,0,0.542199,5.7456,4.14015e+06,2.70226e+06,1.19822e+07,0,0,0,0,61.4752,61.308,1.67103,0,1,1.37575,1.37575,0,1.06258,1.69344,8.60408e+06,3.61194e+06,1.1837e+07,0,0,0,6.53183e+07
99.9058,103.622,1.521,0.05,0,2.89504,2.89504,0,0.542365,5.7456,4.14015e+06,2.70226e+06,1.19859e+07,0,0,0,0,61.1557,61.308,1.50967,0,1,1.37617,1.37617,0,1.0629,1.69344,8.60408e+06,3.61194e+06,1.18406e+07,0,0,0,6.53183e+07
98.9351,103.622,1.71093,0.04,0,2.96351,2.96351,0,0.542531,5.7456,4.14015e+06,2.70226e+06,1.22694e+07,0,0,0,0,60.8847,61.308,1.69484,0,1,1.41022,1.41022,0,1.06323,1.69344,8.60408e+06,3.61194e+06,1.21337e+07,0,0,0,6.53183e+07
97.8853,103.622,1.60667,0.04,0,2.96442,2.96442,0,0.555362,5.7456,4.14015e+06,2.70226e+06,1.22731e+07,0,0,0,0,60.431,61.308,1.64314,0,1,1.41065,1.41065,0,1.08954,1.69344,8.60408e+06,3.61194e+06,1.21374e+07,0,0,0,6.53183e+07
96.7394,103.622,1.48294,0.05,0,2.96532,2.96532,0,0.555532,5.7456,4.14015e+06,2.70226e+06,1.22769e+07,0,0,0,0,60.0712,61.308,1.46914,0,1,1.41109,1.41109,0,1.08987,1.69344,8.60408e+06,3.61194e+06,1.21411e+07,0,0,0,6.53183e+07
95.6382,103.622,1.52902,0.05,0,2.96623,2.96623,0,0.555701,5.7456,4.14015e+06,2.70226e+06,1.22806e+07,0,0,0,0,59.7834,61.308,1.65542,0,1,1.41152,1.41152,0,1.0902,1.69344,8.60408e+06,3.61194e+06,1.21448e+07,0,0,0,6.53183e+07
94.4559,103.622,1.51577,0.09,0,3.10815,3.1653,0,0.555871,5.7456,4.14015e+06,2.83324e+06,1.28682e+07,0,0,0,0,59.2151,61.308,1.69573,1,1,1.50582,1.53351,0,1.09054,1.69344,8.60408e+06,3.78701e+06,1.29562e+07,0,0,0,6.53183e+07
92.9156,103.622,1.07873,0.09,0,3.1091,3.16626,0,0.582467,5.7456,4.14015e+06,2.83324e+06,1.28721e+07,0,0,0,0,58.5382,61.308,1.40034,1,1,1.50628,1.53398,0,1.1634,1.69344,8.60408e+06,3.78701e+06,1.29602e+07,0,0,0,6.53183e+07
91.4111,103.622,1.09451,0.08,0,3.11005,3.16723,0,0.582645,5.7456,4.14015e+06,2.83324e+06,1.28761e+07,0,0,0,0,58.0191,61.308,1.34255,1,1,1.50674,1.53445,0,1.16375,1.69344,8.60408e+06,3.78701e+06,1.29641e+07,0,0,0,6.53183e+07
90.3784,103.622,1.58193,0.09,0,3.111,3.1682,0,0.582823,5.7456,4.14015e+06,2.83324e+06,1.288e+07,0,0,0,0,57.639,61.308,1.60754,1,1,1.5072,1.53492,0,1.16411,1.69344,8.60408e+06,3.78701e+06,1.29681e+07,0,0,0,6.53183e+07
89.9321,103.622,2.22704,0.09,0,3.11195,3.16916,0,0.583001,5.7456,4.14015e+06,2.83324e+06,1.28839e+07,0,0,0,0,57.2903,61.308,1.82141,1,1,1.50766,1.53538,0,1.16447,1.69344,8.60408e+06,3.78701e+06,1.29721e+07,0,0,0,6.53183e+07
89.0503,103.622,1.59287,0.09,0,3.07341,3.07341,0,0.583179,5.7456,4.14015e+06,2.70226e+06,1.27244e+07,0,0,0,0,56.7437,61.308,1.44786,0,1,1.46196,1.46196,0,1.16482,1.69344,8.60408e+06,3.61194e+06,1.25788e+07,0,0,0,6.53183e+07
87.9719,103.622,1.49858,0.12,0,3.07434,3.07434,0,0.575956,5.7456,4.14015e+06,2.70226e+06,1.27283e+07,0,0,0,0,56.5657,61.308,1.56468,0,1,1.4624,1.4624,0,1.12951,1.69344,8.60408e+06,3.61194e+06,1.25826e+07,0,0,0,6.53183e+07
87.1086,103.622,1.74682,0.12,0,3.07528,3.07528,0,0.576132,5.7456,4.14015e+06,2.70226e+06,1.27321e+07,0,0,0,0,56.5421,61.308,1.94852,0,1,1.46285,1.46285,0,1.12985,1.69344,8.60408e+06,3.61194e+06,1.25865e+07,0,0,0,6.53183e+07
86.2088,103.622,1.72886,0.1,0,3.07622,3.07622,0,0.576308,5.7456,4.14015e+06,2.70226e+06,1.2736e+07,0,0,0,0,56.542,61.308,1.93799,0,1,1.4633,1.4633,0,1.1302,1.69344,8.60408e+06,3.61194e+06,1.25903e+07,0,0,0,6.53183e+07
85.1687,103.622,1.53421,0.11,0,2.99767,2.99767,0,0.576484,5.7456,4.14015e+06,2.70226e+06,1.24108e+07,0,0,0,0,56.6098,61.308,1.98786,0,1,1.3964,1.3964,0,1.13054,1.69344,8.60408e+06,3.61194e+06,1.20147e+07,0,0,0,6.53183e+07
85.2749,103.622,2.73367,0.1,0,2.99858,2.99858,0,0.561763,5.7456,4.14015e+06,2.70226e+06,1.24146e+07,0,0,0,0,56.6909,61.308,2.03489,0,1,1.39682,1.39682,0,1.07886,1.69344,8.60408e+06,3.61194e+06,1.20184e+07,0,0,0,6.53183e+07
86.572,103.622,3.99439,0.11,0,2.9995,2.9995,0,0.561935,5.7456,4.14015e+06,2.70226e+06,1.24184e+07,0,0,0,0,57.049,61.308,2.53205,0,1,1.39725,1.39725,0,1.07918,1.69344,8.60408e+06,3.61194e+06,1.2022e+07,0,0,0,6.53183e+07
88.4669,103.622,4.87615,0.11,0,3.00041,3.00041,0,0.562106,5.7456,4.14015e+06,2.70226e+06,1.24222e+07,0,0,0,0,57.6251,61.308,3.72978,0,1,1.39767,1.39767,0,1.07951,1.69344,8.60408e+06,3.61194e+06,1.20257e+07,0,0,0,6.53183e+07
89.6158,103.622,3.88195,0.11,0,2.77529,2.77529,0,0.562278,5.7456,4.14015e+06,2.70226e+06,1.14901e+07,0,0,0,0,57.9802,61.308,2.90527,0,1,1.25767,1.25767,0,1.07984,1.69344,8.60408e+06,3.61194e+06,1.08211e+07,0,0,0,6.53183e+07
90.4732,103.622,3.55048,0.12,0,2.67938,2.77614,0,0.52009,5.7456,4.14015e+06,2.70226e+06,1.10931e+07,0,0,0,0,58.0451,61.308,2.05485,0,1,1.35481,1.25805,0,0.971672,1.69344,8.60408e+06,3.61194e+06,1.16569e+07,0,0,0,6.53183e+07
91.4674,103.622,3.78105,0.11,0,2.68061,2.77699,0,0.502116,5.7456,4.14015e+06,2.70226e+06,1.10981e+07,0,0,0,0,58.4492,61.308,3.13517,0,1,1.35481,1.25843,0,1.04672,1.69344,8.60408e+06,3.61194e+06,1.16569e+07,0,0,0,6.53183e+07
92.4011,103.622,3.74512,0.11,0,2.68184,2.77783,0,0.502347,5.7456,4.14015e+06,2.70226e+06,1.11032e+07,0,0,0,0,58.7567,61.308,2.67412,0,1,1.35481,1.25882,0,1.04672,1.69344,8.60408e+06,3.61194e+06,1.16569e+07,0,0,0,6.53183e+07
98.5087,103.622,9.27469,0.11,0,2.68307,2.77868,0,0.502577,5.7456,4.14015e+06,2.70226e+06,1.11083e+07,0,0,0,0,60.0344,61.308,4.84666,0,1,1.35481,1.2592,0,1.04672,1.69344,8.60408e+06,3.61194e+06,1.16569e+07,0,0,0,6.53183e+07
103.289,103.622,8.09758,0.09,0,2.77136,2.86658,0,0.502808,5.7456,4.14015e+06,2.70226e+06,1.14738e+07,0,0,0,0,61.4388,61.308,5.90166,0,1,1.39552,1.3003,0,1.04672,1.69344,8.60408e+06,3.61194e+06,1.20072e+07,0,0,0,6.53183e+07
103.622,103.622,7.79917,0.09,0,2.81329,2.86742,0,0.519352,5.7456,4.14015e+06,2.70226e+06,1.16475e+07,0,0,0,0,62.3362,61.308,4.8256,0,1,1.3548,1.30068,0,1.07818,1.69344,8.60408e+06,3.61194e+06,1.16568e+07,0,0,0,6.53183e+07
103.622,103.622,6.66882,0.09,0,2.81451,2.86826,0,0.527211,5.7456,4.14015e+06,2.70226e+06,1.16525e+07,0,0,0,0,62.3362,61.308,4.79314,0,1,1.3548,1.30106,0,1.04672,1.69344,8.60408e+06,3.61194e+06,1.16568e+07,0,0,0,6.53183e+07
103.622,103.622,5.91199,0.1,0,2.81573,2.86909,0,0.52744,5.7456,4.14015e+06,2.70226e+06,1.16576e+07,0,0,0,0,62.3362,61.308,4.15314,0,1,1.3548,1.30144,0,1.04672,1.69344,8.60408e+06,3.61194e+06,1.16568e+07,0,0,0,6.53183e+07
103.622,103.622,6.22909,0.1,0,3.09688,3.14986,0,0.527668,5.7456,4.14015e+06,2.70226e+06,1.28215e+07,0,0,0,0,62.3362,61.308,4.46087,0,1,1.50787,1.45489,0,1.04672,1.69344,8.60408e+06,3.61194e+06,1.29738e+07,0,0,0,6.53183e+07
103.622,103.622,6.09616,0.09,0,3.15078,3.15078,0,0.580355,5.7456,4.14015e+06,2.70226e+06,1.30447e+07,0,0,0,0,62.3362,61.308,4.48199,0,1,1.45531,1.45531,0,1.16498,1.69344,8.60408e+06,3.61194e+06,1.25216e+07,0,0,0,6.53183e+07
103.622,103.622,7.67601,0.11,0,3.1517,3.1517,0,0.590456,5.7456,4.14015e+06,2.70226e+06,1.30485e+07,0,0,0,0,62.3362,61.308,5.07689,0,1,1.45574,1.45574,0,1.12438,1.69344,8.60408e+06,3.61194e+06,1.25253e+07,0,0,0,6.53183e+07
103.622,103.622,9.79662,0.11,0,3.15262,3.15262,0,0.590629,5.7456,4.14015e+06,2.70226e+06,1.30523e+07,0,0,0,0,62.3362,61.308,6.01925,0,1,1.45616,1.45616,0,1.1247,1.69344,8.60408e+06,3.61194e+06,1.2529e+07,0,0,0,6.53183e+07
103.622,103.622,9.15344,0.11,0,2.75381,2.75381,0,0.590801,5.7456,4.14015e+06,2.70226e+06,1.14012e+07,0,0,0,0,62.3362,61.308,5.67257,0,1,1.25093,1.25093,0,1.12503,1.69344,8.60408e+06,3.61194e+06,1.07631e+07,0,0,0,6.53183e+07
103.622,103.622,10.381,0.12,0,2.65113,2.75462,0,0.516064,5.7456,4.14015e+06,2.70226e+06,1.09761e+07,0,0,0,0,62.3362,61.308,7.00644,0,1,1.35479,1.2513,0,0.966471,1.69344,8.60408e+06,3.61194e+06,1.16567e+07,0,0,0,6.53183e+07
103.622,103.622,13.3,0.17,0,2.6523,2.75542,0,0.496821,5.7456,4.14015e+06,2.70226e+06,1.09809e+07,0,0,0,0,62.3362,61.308,10.008,0,1,1.35479,1.25166,0,1.04671,1.69344,8.60408e+06,3.61194e+06,1.16567e+07,0,0,0,6.53183e+07
103.622,103.622,9.92008,0.21,0,2.65347,2.75623,0,0.49704,5.7456,4.14015e+06,2.70226e+06,1.09858e+07,0,0,0,0,62.3362,61.308,7.1277,0,1,1.35479,1.25203,0,1.04671,1.69344,8.60408e+06,3.61194e+06,1.16567e+07,0,0,0,6.53183e+07
103.622,103.622,10.0839,0.21,0,2.65464,2.75703,0,0.497259,5.7456,4.14015e+06,2.70226e+06,1.09906e+07,0,0,0,0,62.3362,61.308,6.53861,0,1,1.35479,1.25239,0,1.04671,1.69344,8.60408e+06,3.61194e+06,1.16567e+07,0,0,0,6.53183e+07
103.622,103.622,11.9953,0.2,0,2.75657,2.8586,0,0.497479,5.7456,4.14015e+06,2.70226e+06,1.14126e+07,0,0,0,0,62.3362,61.308,7.95163,0,1,1.40517,1.30315,0,1.04671,1.69344,8.60408e+06,3.61194e+06,1.20902e+07,0,0,0,6.53183e+07
103.622,103.622,12.2375,0.2,0,2.80816,2.85944,0,0.516582,5.7456,4.14015e+06,2.70226e+06,1.16262e+07,0,0,0,0,62.3362,61.308,7.76474,0,1,1.3548,1.30353,0,1.08564,1.69344,8.60408e+06,3.61194e+06,1.16568e+07,0,0,0,6.53183e+07
103.622,103.622,10.8619,0.2,0,2.80937,2.86027,0,0.526249,5.7456,4.14015e+06,2.70226e+06,1.16312e+07,0,0,0,0,62.3362,61.308,7.3556,0,1,1.3548,1.30391,0,1.04672,1.69344,8.60408e+06,3.61194e+06,1.16568e+07,0,0,0,6.53183e+07
103.622,103.622,9.5496,0.2,0,2.81059,2.86111,0,0.526477,5.7456,4.14015e+06,2.70226e+06,1.16363e+07,0,0,0,0,62.3362,61.308,6.79595,0,1,1.3548,1.30429,0,1.04672,1.69344,8.60408e+06,3.61194e+06,1.16568e+07,0,0,0,6.53183e+07
103.622,103.622,8.58588,0.19,0,2.77236,2.8225,0,0.526704,5.7456,4.14015e+06,2.70226e+06,1.1478e+07,0,0,0,0,62.3362,61.308,6.64051,0,1,1.33521,1.28508,0,1.04672,1.69344,8.60408e+06,3.61194e+06,1.14883e+07,0,0,0,6.53183e+07
103.622,103.622,7.60097,0.17,0,2.75397,2.82332,0,0.51954,5.7456,4.14015e+06,2.70226e+06,1.14019e+07,0,0,0,0,62.3362,61.308,5.90302,0,1,1.3548,1.28545,0,1.03159,1.69344,8.60408e+06,3.61194e+06,1.16568e+07,0,0,0,6.53183e+07
103.622,103.622,6.99531,0.15,0,2.75517,2.82414,0,0.516095,5.7456,4.14015e+06,2.70226e+06,1.14068e+07,0,0,0,0,62.3362,61.308,4.95196,0,1,1.3548,1.28583,0,1.04672,1.69344,8.60408e+06,3.61194e+06,1.16568e+07,0,0,0,6.53183e+07
103.622,103.622,6.48691,0.14,0,2.75637,2.82497,0,0.516319,5.7456,4.14015e+06,2.70226e+06,1.14118e+07,0,0,0,0,62.3362,61.308,4.50578,0,1,1.3548,1.2862,0,1.04672,1.69344,8.60408e+06,3.61194e+06,1.16568e+07,0,0,0,6.53183e+07
103.622,103.622,5.96133,0.12,0,2.89162,2.95984,0,0.516544,5.7456,4.14015e+06,2.70226e+06,1.19717e+07,0,0,0,0,62.3362,61.308,4.25236,0,1,1.42436,1.35614,0,1.04672,1.69344,8.60408e+06,3.61194e+06,1.22553e+07,0,0,0,6.53183e+07
103.622,103.622,5.67593,0.09,0,2.9607,2.9607,0,0.541889,5.7456,4.14015e+06,2.70226e+06,1.22578e+07,0,0,0,0,62.3362,61.308,3.8309,0,1,1.35653,1.35653,0,1.10046,1.69344,8.60408e+06,3.61194e+06,1.16717e+07,0,0,0,6.53183e+07
103.622,103.622,5.43568,0.08,0,2.96157,2.96157,0,0.554836,5.7456,4.14015e+06,2.70226e+06,1.22613e+07,0,0,0,0,62.3362,61.308,3.80032,0,1,1.35693,1.35693,0,1.04806,1.69344,8.60408e+06,3.61194e+06,1.16751e+07,0,0,0,6.53183e+07
103.622,103.622,5.19219,0.08,0,2.96243,2.96243,0,0.554998,5.7456,4.14015e+06,2.70226e+06,1.22649e+07,0,0,0,0,62.3362,61.308,4.04817,0,1,1.35732,1.35732,0,1.04836,1.69344,8.60408e+06,3.61194e+06,1.16785e+07,0,0,0,6.53183e+07
103.622,103.622,4.79898,0.07,0,2.9633,2.9633,0,0.55516,5.7456,4.14015e+06,2.70226e+06,1.22685e+07,0,0,0,0,62.3362,61.308,3.88448,0,1,1.35772,1.35772,0,1.04867,1.69344,8.60408e+06,3.61194e+06,1.16819e+07,0,0,0,6.53183e+07
103.622,103.622,5.73199,0.08,0,2.93761,2.93761,0,0.555322,5.7456,4.14015e+06,2.70226e+06,1.21622e+07,0,0,0,0,62.3362,61.308,3.45282,0,1,1.3964,1.3964,0,1.04897,1.69344,8.60408e+06,3.61194e+06,1.20148e+07,0,0,0,6.53183e+07
103.622,103.622,5.06824,0.07,0,2.93847,2.93847,0,0.550508,5.7456,4.14015e+06,2.70226e+06,1.21657e+07,0,0,0,0,62.3362,61.308,3.10579,0,1,1.39681,1.39681,0,1.07886,1.69344,8.60408e+06,3.61194e+06,1.20183e+07,0,0,0,6.53183e+07
103.622,103.622,4.70848,0.07,0,2.93932,2.93932,0,0.550669,5.7456,4.14015e+06,2.70226e+06,1.21693e+07,0,0,0,0,62.3362,61.308,2.8939,0,1,1.39722,1.39722,0,1.07917,1.69344,8.60408e+06,3.61194e+06,1.20218e+07,0,0,0,6.53183e+07
103.622,103.622,4.56396,0.06,0,2.94018,2.94018,0,0.550829,5.7456,4.14015e+06,2.70226e+06,1.21728e+07,0,0,0,0,62.3362,61.308,2.66521,0,1,1.39762,1.39762,0,1.07949,1.69344,8.60408e+06,3.61194e+06,1.20253e+07,0,0,0,6.53183e+07
103.622,103.622,4.0134,0.06,0,3.00968,3.00968,0,0.55099,5.7456,4.14015e+06,2.70226e+06,1.24605e+07,0,0,0,0,62.3362,61.308,2.45277,0,1,1.43219,1.43219,0,1.0798,1.69344,8.60408e+06,3.61194e+06,1.23227e+07,0,0,0,6.53183e+07
103.622,103.622,4.13134,0.06,0,3.01055,3.01055,0,0.564013,5.7456,4.14015e+06,2.70226e+06,1.24642e+07,0,0,0,0,62.3362,61.308,2.8167,0,1,1.43261,1.43261,0,1.10651,1.69344,8.60408e+06,3.61194e+06,1.23263e+07,0,0,0,6.53183e+07
103.622,103.622,3.92272,0.06,0,3.01143,3.01143,0,0.564178,5.7456,4.14015e+06,2.70226e+06,1.24678e+07,0,0,0,0,62.3362,61.308,2.91845,0,1,1.43303,1.43303,0,1.10683,1.69344,8.60408e+06,3.61194e+06,1.23299e+07,0,0,0,6.53183e+07
103.622,103.622,3.65759,0.06,0,3.01231,3.01231,0,0.564342,5.7456,4.14015e+06,2.70226e+06,1.24714e+07,0,0,0,0,62.3203,61.308,2.67589,0,1,1.43345,1.43345,0,1.10716,1.69344,8.60408e+06,3.61194e+06,1.23335e+07,0,0,0,6.53183e+07
103.622,103.622,3.33697,0.07,0,3.15639,3.21443,0,0.564507,5.7456,4.14015e+06,2.83324e+06,1.30679e+07,0,0,0,0,62.1785,61.308,2.46397,1,1,1.5292,1.55731,0,1.10748,1.69344,8.60408e+06,3.78701e+06,1.31573e+07,0,0,0,6.53183e+07
103.622,103.622,3.65707,0.07,0,3.15731,3.21536,0,0.591508,5.7456,4.14015e+06,2.83324e+06,1.30717e+07,0,0,0,0,61.9959,61.308,2.42053,1,1,1.52964,1.55777,0,1.18146,1.69344,8.60408e+06,3.78701e+06,1.31612e+07,0,0,0,6.53183e+07
103.622,103.622,2.94434,0.07,0,3.15823,3.2163,0,0.59168,5.7456,4.14015e+06,2.83324e+06,1.30756e+07,0,0,0,0,61.653,61.308,1.81764,1,1,1.53009,1.55822,0,1.1818,1.69344,8.60408e+06,3.78701e+06,1.3165e+07,0,0,0,6.53183e+07
103.622,103.622,3.5544,0.07,0,3.15915,3.21724,0,0.591852,5.7456,4.14015e+06,2.83324e+06,1.30794e+07,0,0,0,0,61.6034,61.308,2.98934,1,1,1.53053,1.55867,0,1.18215,1.69344,8.60408e+06,3.78701e+06,1.31688e+07,0,0,0,6.53183e+07
103.618,103.622,2.90786,0.08,0,3.16007,3.21817,0,0.592025,5.7456,4.14015e+06,2.83324e+06,1.30832e+07,0,0,0,0,61.1792,61.308,2.15451,1,1,1.53098,1.55913,0,1.18249,1.69344,8.60408e+06,3.78701e+06,1.31727e+07,0,0,0,6.53183e+07
102.829,103.622,2.10191,0.08,0,3.12089,3.12089,0,0.592197,5.7456,4.14015e+06,2.70226e+06,1.2921e+07,0,0,0,0,60.5644,61.308,1.54131,0,1,1.48454,1.48454,0,1.18283,1.69344,8.60408e+06,3.61194e+06,1.27731e+07,0,0,0,6.53183e+07
102.052,103.622,2.09701,0.09,0,3.1218,3.1218,0,0.584855,5.7456,4.14015e+06,2.70226e+06,1.29247e+07,0,0,0,0,60.2689,61.308,1.38915,0,1,1.48498,1.48498,0,1.14696,1.69344,8.60408e+06,3.61194e+06,1.27769e+07,0,0,0,6.53183e+07
102.322,103.622,3.30314,0.09,0,3.12271,3.12271,0,0.585025,5.7456,4.14015e+06,2.70226e+06,1.29285e+07,0,0,0,0,60.2755,61.308,2.36345,0,1,1.48541,1.48541,0,1.14729,1.69344,8.60408e+06,3.61194e+06,1.27806e+07,0,0,0,6.53183e+07
102.356,103.622,3.13001,0.09,0,3.12362,3.12362,0,0.585196,5.7456,4.14015e+06,2.70226e+06,1.29323e+07,0,0,0,0,59.9621,61.308,2.15565,0,1,1.48584,1.48584,0,1.14763,1.69344,8.60408e+06,3.61194e+06,1.27843e+07,0,0,0,6.53183e+07
101.531,103.622,2.12519,0.09,0,3.04381,3.04381,0,0.585366,5.7456,4.14015e+06,2.70226e+06,1.26019e+07,0,0,0,0,59.3616,61.308,1.4405,0,1,1.41789,1.41789,0,1.14796,1.69344,8.60408e+06,3.61194e+06,1.21996e+07,0,0,0,6.53183e+07
99.6789,103.622,1.0822,0.09,0,3.0447,3.0447,0,0.570411,5.7456,4.14015e+06,2.70226e+06,1.26055e+07,0,0,0,0,58.7916,61.308,1.16929,0,1,1.4183,1.4183,0,1.09546,1.69344,8.60408e+06,3.61194e+06,1.22032e+07,0,0,0,6.53183e+07
98.6386,103.622,2.03249,0.09,0,3.04559,3.04559,0,0.570577,5.7456,4.14015e+06,2.70226e+06,1.26092e+07,0,0,0,0,58.7313,61.308,1.52217,0,1,1.41872,1.41872,0,1.09578,1.69344,8.60408e+06,3.61194e+06,1.22067e+07,0,0,0,6.53183e+07
98.457,103.622,2.98366,0.1,0,3.04647,3.04647,0,0.570743,5.7456,4.14015e+06,2.70226e+06,1.26129e+07,0,0,0,0,59.1518,61.308,2.82974,0,1,1.41913,1.41913,0,1.0961,1.69344,8.60408e+06,3.61194e+06,1.22103e+07,0,0,0,6.53183e+07
97.5316,103.622,2.05765,0.1,0,2.81786,2.81786,0,0.570909,5.7456,4.14015e+06,2.70226e+06,1.16664e+07,0,0,0,0,59.4211,61.308,2.40937,0,1,1.27695,1.27695,0,1.09642,1.69344,8.60408e+06,3.61194e+06,1.0987e+07,0,0,0,6.53183e+07
97.4947,103.622,2.98772,0.09,0,2.74121,2.81868,0,0.528067,5.7456,4.14015e+06,2.70226e+06,1.1349e+07,0,0,0,0,60.3952,61.308,3.70014,0,1,1.3548,1.27733,0,0.986574,1.69344,8.60408e+06,3.61194e+06,1.16568e+07,0,0,0,6.53183e+07
99.1335,103.622,4.8636,0.1,0,2.7424,2.8195,0,0.513702,5.7456,4.14015e+06,2.70226e+06,1.13539e+07,0,0,0,0,60.9396,61.308,3.33101,0,1,1.3548,1.2777,0,1.04672,1.69344,8.60408e+06,3.61194e+06,1.16568e+07,0,0,0,6.53183e+07
99.4039,103.622,3.38442,0.1,0,2.74359,2.82032,0,0.513926,5.7456,4.14015e+06,2.70226e+06,1.13589e+07,0,0,0,0,61.031,61.308,2.56271,0,1,1.3548,1.27807,0,1.04672,1.69344,8.60408e+06,3.61194e+06,1.16568e+07,0,0,0,6.53183e+07
99.4642,103.622,3.30374,0.1,0,2.74478,2.82114,0,0.514149,5.7456,4.14015e+06,2.70226e+06,1.13638e+07,0,0,0,0,61.5373,61.308,3.60647,0,1,1.3548,1.27844,0,1.04672,1.69344,8.60408e+06,3.61194e+06,1.16568e+07,0,0,0,6.53183e+07
100.373,103.622,4.24346,0.1,0,2.83436,2.91034,0,0.514372,5.7456,4.14015e+06,2.70226e+06,1.17347e+07,0,0,0,0,61.9958,61.308,3.19385,0,1,1.39613,1.32015,0,1.04672,1.69344,8.60408e+06,3.61194e+06,1.20124e+07,0,0,0,6.53183e+07
99.9336,103.622,2.61309,0.1,0,2.87688,2.91115,0,0.531158,5.7456,4.14015e+06,2.70226e+06,1.19107e+07,0,0,0,0,62.3362,61.308,2.30917,0,1,1.35479,1.32052,0,1.07865,1.69344,8.60408e+06,3.61194e+06,1.16567e+07,0,0,0,6.53183e+07
101.495,103.622,4.93859,0.11,0,2.87806,2.91196,0,0.539127,5.7456,4.14015e+06,2.70226e+06,1.19156e+07,0,0,0,0,62.3362,61.308,4.372,0,1,1.35479,1.32089,0,1.04671,1.69344,8.60408e+06,3.61194e+06,1.16567e+07,0,0,0,6.53183e+07
103.622,103.622,8.12988,0.11,0,2.87924,2.91277,0,0.539348,5.7456,4.14015e+06,2.70226e+06,1.19205e+07,0,0,0,0,62.3362,61.308,7.64359,0,1,1.35479,1.32125,0,1.04671,1.69344,8.60408e+06,3.61194e+06,1.16567e+07,0,0,0,6.53183e+07
103.622,103.622,6.40216,0.1,0,3.1646,3.19777,0,0.539569,5.7456,4.14015e+06,2.70226e+06,1.31019e+07,0,0,0,0,62.3362,61.308,5.63811,0,1,1.51019,1.47702,0,1.04671,1.69344,8.60408e+06,3.61194e+06,1.29938e+07,0,0,0,6.53183e+07
103.622,103.622,7.68027,0.11,0,3.19866,3.19866,0,0.593046,5.7456,4.14015e+06,2.70226e+06,1.32429e+07,0,0,0,0,62.3362,61.308,6.74463,0,1,1.47743,1.47743,0,1.16677,1.69344,8.60408e+06,3.61194e+06,1.27119e+07,0,0,0,6.53183e+07
103.622,103.622,5.74048,0.11,0,3.19955,3.19955,0,0.599429,5.7456,4.14015e+06,2.70226e+06,1.32466e+07,0,0,0,0,62.3362,61.308,3.71646,0,1,1.47784,1.47784,0,1.14146,1.69344,8.60408e+06,3.61194e+06,1.27155e+07,0,0,0,6.53183e+07
103.622,103.622,4.78705,0.11,0,3.20044,3.20044,0,0.599596,5.7456,4.14015e+06,2.70226e+06,1.32503e+07,0,0,0,0,62.3362,61.308,3.15114,0,1,1.47825,1.47825,0,1.14178,1.69344,8.60408e+06,3.61194e+06,1.2719e+07,0,0,0,6.53183e+07
103.622,103.622,6.16176,0.12,0,2.79554,2.79554,0,0.599763,5.7456,4.14015e+06,2.70226e+06,1.1574e+07,0,0,0,0,62.3362,61.308,5.10863,0,1,1.26989,1.26989,0,1.1421,1.69344,8.60408e+06,3.61194e+06,1.09262e+07,0,0,0,6.53183e+07
103.622,103.622,6.02006,0.14,0,2.71179,2.79632,0,0.523885,5.7456,4.14015e+06,2.70226e+06,1.12272e+07,0,0,0,0,62.3362,61.308,6.12859,0,1,1.35478,1.27024,0,0.981117,1.69344,8.60408e+06,3.61194e+06,1.16566e+07,0,0,0,6.53183e+07
103.622,103.622,6.21877,0.16,0,2.71292,2.7971,0,0.508189,5.7456,4.14015e+06,2.70226e+06,1.12319e+07,0,0,0,0,62.3362,61.308,6.39585,0,1,1.35478,1.2706,0,1.0467,1.69344,8.60408e+06,3.61194e+06,1.16566e+07,0,0,0,6.53183e+07
103.622,103.622,8.21407,0.17,0,2.71405,2.79788,0,0.508401,5.7456,4.14015e+06,2.70226e+06,1.12366e+07,0,0,0,0,62.3362,61.308,7.14298,0,1,1.35478,1.27095,0,1.0467,1.69344,8.60408e+06,3.61194e+06,1.16566e+07,0,0,0,6.53183e+07
103.622,103.622,9.29823,0.2,0,2.71519,2.79866,0,0.508614,5.7456,4.14015e+06,2.70226e+06,1.12413e+07,0,0,0,0,62.3362,61.308,7.43523,0,1,1.35478,1.2713,0,1.0467,1.69344,8.60408e+06,3.61194e+06,1.16566e+07,0,0,0,6.53183e+07
103.622,103.622,6.81539,0.24,0,2.8186,2.90172,0,0.508826,5.7456,4.14015e+06,2.70226e+06,1.16694e+07,0,0,0,0,62.3362,61.308,5.76519,0,1,1.40592,1.3228,0,1.0467,1.69344,8.60408e+06,3.61194e+06,1.20967e+07,0,0,0,6.53183e+07
103.622,103.622,4.89684,0.24,0,2.87091,2.90253,0,0.528206,5.7456,4.14015e+06,2.70226e+06,1.1886e+07,0,0,0,0,62.3362,61.308,4.31533,0,1,1.35479,1.32317,0,1.08622,1.69344,8.60408e+06,3.61194e+06,1.16567e+07,0,0,0,6.53183e+07
103.622,103.622,4.50847,0.22,0,2.87209,2.90334,0,0.538009,5.7456,4.14015e+06,2.70226e+06,1.18909e+07,0,0,0,0,62.3362,61.308,4.31534,0,1,1.35479,1.32354,0,1.04671,1.69344,8.60408e+06,3.61194e+06,1.16567e+07,0,0,0,6.53183e+07
103.622,103.622,4.82769,0.21,0,2.87326,2.90415,0,0.538229,5.7456,4.14015e+06,2.70226e+06,1.18957e+07,0,0,0,0,62.3362,61.308,4.82398,0,1,1.35479,1.32391,0,1.04671,1.69344,8.60408e+06,3.61194e+06,1.16567e+07,0,0,0,6.53183e+07
103.622,103.622,4.1244,0.21,0,2.8344,2.86492,0,0.538449,5.7456,4.14015e+06,2.70226e+06,1.17349e+07,0,0,0,0,62.3362,61.308,3.03713,0,1,1.33491,1.30439,0,1.04671,1.69344,8.60408e+06,3.61194e+06,1.14856e+07,0,0,0,6.53183e+07
103.622,103.622,3.46151,0.2,0,2.81568,2.86571,0,0.531167,5.7456,4.14015e+06,2.70226e+06,1.16573e+07,0,0,0,0,62.3362,61.308,3.18801,0,1,1.35479,1.30475,0,1.03135,1.69344,8.60408e+06,3.61194e+06,1.16567e+07,0,0,0,6.53183e+07
103.622,103.622,3.09649,0.19,0,2.81684,2.86651,0,0.527659,5.7456,4.14015e+06,2.70226e+06,1.16621e+07,0,0,0,0,62.3362,61.308,2.82759,0,1,1.35479,1.30512,0,1.04671,1.69344,8.60408e+06,3.61194e+06,1.16567e+07,0,0,0,6.53183e+07
103.593,103.622,2.8623,0.15,0,2.818,2.86731,0,0.527876,5.7456,4.14015e+06,2.70226e+06,1.1667e+07,0,0,0,0,62.3362,61.308,2.67769,0,1,1.35479,1.30548,0,1.04671,1.69344,8.60408e+06,3.61194e+06,1.16567e+07,0,0,0,6.53183e+07
103.435,103.622,2.82722,0.14,0,2.95522,3.00416,0,0.528093,5.7456,4.14015e+06,2.70226e+06,1.2235e+07,0,0,0,0,62.3362,61.308,2.99983,0,1,1.42539,1.37644,0,1.04671,1.69344,8.60408e+06,3.61194e+06,1.22642e+07,0,0,0,6.53183e+07
103.274,103.622,2.86516,0.12,0,3.005,3.005,0,0.553807,5.7456,4.14015e+06,2.70226e+06,1.24411e+07,0,0,0,0,62.3362,61.308,2.77172,0,1,1.37683,1.37683,0,1.10125,1.69344,8.60408e+06,3.61194e+06,1.18463e+07,0,0,0,6.53183e+07
102.975,103.622,2.66564,0.09,0,3.00583,3.00583,0,0.563136,5.7456,4.14015e+06,2.70226e+06,1.24446e+07,0,0,0,0,62.3362,61.308,2.48098,0,1,1.37721,1.37721,0,1.06374,1.69344,8.60408e+06,3.61194e+06,1.18496e+07,0,0,0,6.53183e+07
102.552,103.622,2.49276,0.08,0,3.00667,3.00667,0,0.563293,5.7456,4.14015e+06,2.70226e+06,1.24481e+07,0,0,0,0,62.3362,61.308,2.6471,0,1,1.37759,1.37759,0,1.06403,1.69344,8.60408e+06,3.61194e+06,1.18529e+07,0,0,0,6.53183e+07
102.046,103.622,2.37903,0.09,0,3.0075,3.0075,0,0.56345,5.7456,4.14015e+06,2.70226e+06,1.24515e+07,0,0,0,0,62.3362,61.308,2.56453,0,1,1.37797,1.37797,0,1.06433,1.69344,8.60408e+06,3.61194e+06,1.18562e+07,0,0,0,6.53183e+07
101.777,103.622,2.60988,0.09,0,2.9814,2.9814,0,0.563606,5.7456,4.14015e+06,2.70226e+06,1.23434e+07,0,0,0,0,62.3362,61.308,2.96431,0,1,1.41721,1.41721,0,1.06462,1.69344,8.60408e+06,3.61194e+06,1.21938e+07,0,0,0,6.53183e+07
101.458,103.622,2.53706,0.08,0,2.98222,2.98222,0,0.558714,5.7456,4.14015e+06,2.70226e+06,1.23469e+07,0,0,0,0,62.3362,61.308,2.9603,0,1,1.41761,1.41761,0,1.09494,1.69344,8.60408e+06,3.61194e+06,1.21972e+07,0,0,0,6.53183e+07
101.021,103.622,2.39477,0.09,0,2.98305,2.98305,0,0.558869,5.7456,4.14015e+06,2.70226e+06,1.23503e+07,0,0,0,0,62.3362,61.308,2.77199,0,1,1.418,1.418,0,1.09524,1.69344,8.60408e+06,3.61194e+06,1.22006e+07,0,0,0,6.53183e+07
100.446,103.622,2.23493,0.08,0,2.98388,2.98388,0,0.559024,5.7456,4.14015e+06,2.70226e+06,1.23537e+07,0,0,0,0,62.3362,61.308,2.59572,0,1,1.4184,1.4184,0,1.09555,1.69344,8.60408e+06,3.61194e+06,1.2204e+07,0,0,0,6.53183e+07
99.8484,103.622,2.2388,0.08,0,3.05437,3.05437,0,0.55918,5.7456,4.14015e+06,2.70226e+06,1.26456e+07,0,0,0,0,62.3362,61.308,2.5688,0,1,1.45346,1.45346,0,1.09585,1.69344,8.60408e+06,3.61194e+06,1.25057e+07,0,0,0,6.53183e+07
99.1444,103.622,2.11557,0.07,0,3.05522,3.05522,0,0.572389,5.7456,4.14015e+06,2.70226e+06,1.26491e+07,0,0,0,0,62.3362,61.308,2.48692,0,1,1.45386,1.45386,0,1.12294,1.69344,8.60408e+06,3.61194e+06,1.25092e+07,0,0,0,6.53183e+07
98.2833,103.622,1.93229,0.08,0,3.05607,3.05607,0,0.572548,5.7456,4.14015e+06,2.70226e+06,1.26526e+07,0,0,0,0,62.3362,61.308,2.29926,0,1,1.45427,1.45427,0,1.12326,1.69344,8.60408e+06,3.61194e+06,1.25126e+07,0,0,0,6.53183e+07
97.2221,103.622,1.70546,0.08,0,3.05692,3.05692,0,0.572707,5.7456,4.14015e+06,2.70226e+06,1.26561e+07,0,0,0,0,62.3362,61.308,2.27978,0,1,1.45467,1.45467,0,1.12357,1.69344,8.60408e+06,3.61194e+06,1.25161e+07,0,0,0,6.53183e+07
95.8604,103.622,1.4879,0.08,0,3.20309,3.26198,0,0.572866,5.7456,4.14015e+06,2.83324e+06,1.32613e+07,0,0,0,0,62.2946,61.308,2.21566,1,1,1.55182,1.58035,0,1.12388,1.69344,8.60408e+06,3.78701e+06,1.3352e+07,0,0,0,6.53183e+07
94.8478,103.622,1.87557,0.12,0,3.20398,3.26289,0,0.600259,5.7456,4.14015e+06,2.83324e+06,1.3265e+07,0,0,0,0,62.2083,61.308,2.58339,1,1,1.55225,1.58079,0,1.19894,1.69344,8.60408e+06,3.78701e+06,1.33557e+07,0,0,0,6.53183e+07
93.5314,103.622,1.5295,0.12,0,3.20487,3.26379,0,0.600425,5.7456,4.14015e+06,2.83324e+06,1.32686e+07,0,0,0,0,62.0846,61.308,1.82233,1,1,1.55268,1.58123,0,1.19927,1.69344,8.60408e+06,3.78701e+06,1.33594e+07,0,0,0,6.53183e+07
92.5462,103.622,1.89641,0.12,0,3.20576,3.2647,0,0.600592,5.7456,4.14015e+06,2.83324e+06,1.32723e+07,0,0,0,0,62.3362,61.308,3.31625,1,1,1.55311,1.58167,0,1.1996,1.69344,8.60408e+06,3.78701e+06,1.33631e+07,0,0,0,6.53183e+07
91.2621,103.622,1.5642,0.12,0,3.20665,3.2656,0,0.600759,5.7456,4.14015e+06,2.83324e+06,1.3276e+07,0,0,0,0,62.3362,61.308,2.31605,1,1,1.55354,1.58211,0,1.19994,1.69344,8.60408e+06,3.78701e+06,1.33668e+07,0,0,0,6.53183e+07
90.1765,103.622,1.7762,0.12,0,3.16685,3.16685,0,0.600926,5.7456,4.14015e+06,2.70226e+06,1.31112e+07,0,0,0,0,62.3362,61.308,2.88311,0,1,1.5064,1.5064,0,1.20027,1.69344,8.60408e+06,3.61194e+06,1.29612e+07,0,0,0,6.53183e+07
89.8882,103.622,2.541,0.12,0,3.16773,3.16773,0,0.593467,5.7456,4.14015e+06,2.70226e+06,1.31149e+07,0,0,0,0,62.3362,61.308,2.79701,0,1,1.50682,1.50682,0,1.16385,1.69344,8.60408e+06,3.61194e+06,1.29648e+07,0,0,0,6.53183e+07
89.1119,103.622,2.05255,0.12,0,3.16861,3.16861,0,0.593632,5.7456,4.14015e+06,2.70226e+06,1.31185e+07,0,0,0,0,62.3362,61.308,2.89535,0,1,1.50724,1.50724,0,1.16417,1.69344,8.60408e+06,3.61194e+06,1.29684e+07,0,0,0,6.53183e+07
87.8204,103.622,1.47972,0.13,0,3.16948,3.16948,0,0.593797,5.7456,4.14015e+06,2.70226e+06,1.31221e+07,0,0,0,0,62.3362,61.308,2.24215,0,1,1.50766,1.50766,0,1.16449,1.69344,8.60408e+06,3.61194e+06,1.2972e+07,0,0,0,6.53183e+07
87.8575,103.622,2.98563,0.13,0,3.08847,3.08847,0,0.593961,5.7456,4.14015e+06,2.70226e+06,1.27867e+07,0,0,0,0,62.3362,61.308,3.29234,0,1,1.43869,1.43869,0,1.16482,1.69344,8.60408e+06,3.61194e+06,1.23786e+07,0,0,0,6.53183e+07
88.8034,103.622,3.92839,0.12,0,3.08932,3.08932,0,0.578779,5.7456,4.14015e+06,2.70226e+06,1.27903e+07,0,0,0,0,62.3362,61.308,3.3838,0,1,1.43909,1.43909,0,1.11153,1.69344,8.60408e+06,3.61194e+06,1.2382e+07,0,0,0,6.53183e+07
90.9117,103.622,5.26403,0.11,0,3.09018,3.09018,0,0.578939,5.7456,4.14015e+06,2.70226e+06,1.27938e+07,0,0,0,0,62.3362,61.308,4.29043,0,1,1.43949,1.43949,0,1.11184,1.69344,8.60408e+06,3.61194e+06,1.23855e+07,0,0,0,6.53183e+07
93.1122,103.622,5.4283,0.11,0,3.09104,3.09104,0,0.5791,5.7456,4.14015e+06,2.70226e+06,1.27974e+07,0,0,0,0,62.3362,61.308,5.15805,0,1,1.43989,1.43989,0,1.11215,1.69344,8.60408e+06,3.61194e+06,1.23889e+07,0,0,0,6.53183e+07
94.9078,103.622,4.86955,0.11,0,2.85904,2.85904,0,0.57926,5.7456,4.14015e+06,2.70226e+06,1.18369e+07,0,0,0,0,62.3362,61.308,4.24387,0,1,1.29562,1.29562,0,1.11246,1.69344,8.60408e+06,3.61194e+06,1.11476e+07,0,0,0,6.53183e+07
96.0946,103.622,4.37507,0.11,0,2.80103,2.85983,0,0.535784,5.7456,4.14015e+06,2.70226e+06,1.15967e+07,0,0,0,0,62.3362,61.308,4.34518,0,1,1.35478,1.29598,0,1.00099,1.69344,8.60408e+06,3.61194e+06,1.16567e+07,0,0,0,6.53183e+07
100.663,103.622,8.48819,0.11,0,2.80218,2.86063,0,0.524912,5.7456,4.14015e+06,2.70226e+06,1.16014e+07,0,0,0,0,62.3362,61.308,6.48569,0,1,1.35478,1.29634,0,1.04671,1.69344,8.60408e+06,3.61194e+06,1.16567e+07,0,0,0,6.53183e+07
103.538,103.622,6.65481,0.11,0,2.80333,2.86142,0,0.525128,5.7456,4.14015e+06,2.70226e+06,1.16062e+07,0,0,0,0,62.3362,61.308,7.68078,0,1,1.35478,1.29669,0,1.04671,1.69344,8.60408e+06,3.61194e+06,1.16567e+07,0,0,0,6.53183e+07
103.622,103.622,5.57969,0.11,0,2.80448,2.86221,0,0.525344,5.7456,4.14015e+06,2.70226e+06,1.1611e+07,0,0,0,0,62.3362,61.308,4.88398,0,1,1.35478,1.29705,0,1.04671,1.69344,8.60408e+06,3.61194e+06,1.16567e+07,0,0,0,6.53183e+07
103.622,103.622,8.78083,0.12,0,2.89531,2.95268,0,0.52556,5.7456,4.14015e+06,2.70226e+06,1.1987e+07,0,0,0,0,62.3362,61.308,8.1095,0,1,1.39672,1.33935,0,1.04671,1.69344,8.60408e+06,3.61194e+06,1.20175e+07,0,0,0,6.53183e+07
103.622,103.622,4.68491,0.11,0,2.93839,2.95346,0,0.54258,5.7456,4.14015e+06,2.70226e+06,1.21654e+07,0,0,0,0,62.3362,61.308,4.75218,0,1,1.35478,1.33971,0,1.07911,1.69344,8.60408e+06,3.61194e+06,1.16566e+07,0,0,0,6.53183e+07
103.622,103.622,4.01529,0.11,0,2.93953,2.95425,0,0.550655,5.7456,4.14015e+06,2.70226e+06,1.21701e+07,0,0,0,0,62.3362,61.308,3.53192,0,1,1.35478,1.34007,0,1.0467,1.69344,8.60408e+06,3.61194e+06,1.16566e+07,0,0,0,6.53183e+07
103.622,103.622,7.1898,0.11,0,2.94068,2.95503,0,0.550869,5.7456,4.14015e+06,2.70226e+06,1.21748e+07,0,0,0,0,62.3362,61.308,4.23881,0,1,1.35478,1.34042,0,1.0467,1.69344,8.60408e+06,3.61194e+06,1.16566e+07,0,0,0,6.53183e+07
103.622,103.622,3.89378,0.12,0,3.23012,3.24412,0,0.551083,5.7456,4.14015e+06,2.70226e+06,1.33732e+07,0,0,0,0,62.3362,61.308,3.84366,0,1,1.51243,1.49843,0,1.0467,1.69344,8.60408e+06,3.61194e+06,1.3013e+07,0,0,0,6.53183e+07
103.622,103.622,4.22206,0.12,0,3.24498,3.24498,0,0.605325,5.7456,4.14015e+06,2.70226e+06,1.34347e+07,0,0,0,0,62.3362,61.308,3.04756,0,1,1.49883,1.49883,0,1.1685,1.69344,8.60408e+06,3.61194e+06,1.2896e+07,0,0,0,6.53183e+07
103.622,103.622,5.30069,0.11,0,3.24585,3.24585,0,0.60811,5.7456,4.14015e+06,2.70226e+06,1.34383e+07,0,0,0,0,62.3362,61.308,4.89029,0,1,1.49922,1.49922,0,1.15799,1.69344,8.60408e+06,3.61194e+06,1.28994e+07,0,0,0,6.53183e+07
103.622,103.622,5.56959,0.13,0,3.24671,3.24671,0,0.608272,5.7456,4.14015e+06,2.70226e+06,1.34419e+07,0,0,0,0,62.3362,61.308,4.48408,0,1,1.49962,1.49962,0,1.1583,1.69344,8.60408e+06,3.61194e+06,1.29029e+07,0,0,0,6.53183e+07
103.622,103.622,5.4464,0.14,0,2.83592,2.83592,0,0.608433,5.7456,4.14015e+06,2.70226e+06,1.17411e+07,0,0,0,0,62.3362,61.308,5.69246,0,1,1.28823,1.28823,0,1.15861,1.69344,8.60408e+06,3.61194e+06,1.1084e+07,0,0,0,6.53183e+07
103.622,103.622,3.96128,0.15,0,2.77048,2.83668,0,0.531452,5.7456,4.14015e+06,2.70226e+06,1.14702e+07,0,0,0,0,62.3362,61.308,4.51835,0,1,1.35477,1.28857,0,0.995288,1.69344,8.60408e+06,3.61194e+06,1.16565e+07,0,0,0,6.53183e+07
103.622,103.622,5.12451,0.16,0,2.77158,2.83743,0,0.519189,5.7456,4.14015e+06,2.70226e+06,1.14748e+07,0,0,0,0,62.3362,61.308,4.73546,0,1,1.35477,1.28892,0,1.04669,1.69344,8.60408e+06,3.61194e+06,1.16565e+07,0,0,0,6.53183e+07
103.622,103.622,5.1544,0.2,0,2.77268,2.83818,0,0.519394,5.7456,4.14015e+06,2.70226e+06,1.14793e+07,0,0,0,0,62.3362,61.308,5.51432,0,1,1.35477,1.28926,0,1.04669,1.69344,8.60408e+06,3.61194e+06,1.16565e+07,0,0,0,6.53183e+07
103.622,103.622,5.84816,0.2,0,2.77377,2.83894,0,0.5196,5.7456,4.14015e+06,2.70226e+06,1.14838e+07,0,0,0,0,62.3362,61.308,4.14939,0,1,1.35477,1.2896,0,1.04669,1.69344,8.60408e+06,3.61194e+06,1.16565e+07,0,0,0,6.53183e+07
103.622,103.622,4.80656,0.22,0,2.87863,2.94345,0,0.519805,5.7456,4.14015e+06,2.70226e+06,1.19179e+07,0,0,0,0,62.3362,61.308,4.25248,0,1,1.40665,1.34182,0,1.04669,1.69344,8.60408e+06,3.61194e+06,1.21029e+07,0,0,0,6.53183e+07
103.622,103.622,5.39141,0.23,0,2.93163,2.94423,0,0.539454,5.7456,4.14015e+06,2.70226e+06,1.21374e+07,0,0,0,0,62.3362,61.308,4.08065,0,1,1.35478,1.34218,0,1.08678,1.69344,8.60408e+06,3.61194e+06,1.16566e+07,0,0,0,6.53183e+07
103.622,103.622,4.81833,0.23,0,2.93277,2.94501,0,0.549388,5.7456,4.14015e+06,2.70226e+06,1.21421e+07,0,0,0,0,62.3362,61.308,3.93689,0,1,1.35478,1.34254,0,1.0467,1.69344,8.60408e+06,3.61194e+06,1.16566e+07,0,0,0,6.53183e+07
103.622,103.622,3.63302,0.25,0,2.93391,2.94579,0,0.549601,5.7456,4.14015e+06,2.70226e+06,1.21468e+07,0,0,0,0,62.3362,61.308,3.53803,0,1,1.35478,1.34289,0,1.0467,1.69344,8.60408e+06,3.61194e+06,1.16566e+07,0,0,0,6.53183e+07
103.622,103.622,3.53611,0.23,0,2.89444,2.90597,0,0.549814,5.7456,4.14015e+06,2.70226e+06,1.19834e+07,0,0,0,0,62.3362,61.308,3.52865,0,1,1.33461,1.32308,0,1.0467,1.69344,8.60408e+06,3.61194e+06,1.14831e+07,0,0,0,6.53183e+07
103.622,103.622,3.35454,0.21,0,2.87539,2.90674,0,0.542417,5.7456,4.14015e+06,2.70226e+06,1.19046e+07,0,0,0,0,62.3362,61.308,3.31124,0,1,1.35478,1.32343,0,1.03112,1.69344,8.60408e+06,3.61194e+06,1.16566e+07,0,0,0,6.53183e+07
103.538,103.622,2.85248,0.2,0,2.87652,2.90751,0,0.538849,5.7456,4.14015e+06,2.70226e+06,1.19092e+07,0,0,0,0,62.3362,61.308,2.99984,0,1,1.35478,1.32378,0,1.0467,1.69344,8.60408e+06,3.61194e+06,1.16566e+07,0,0,0,6.53183e+07
103.237,103.622,2.63614,0.18,0,2.87764,2.90828,0,0.539059,5.7456,4.14015e+06,2.70226e+06,1.19139e+07,0,0,0,0,62.3362,61.308,2.41974,0,1,1.35478,1.32413,0,1.0467,1.69344,8.60408e+06,3.61194e+06,1.16566e+07,0,0,0,6.53183e+07
103.449,103.622,3.22216,0.16,0,3.01676,3.04705,0,0.53927,5.7456,4.14015e+06,2.70226e+06,1.24898e+07,0,0,0,0,62.3362,61.308,2.83423,0,1,1.42638,1.39609,0,1.0467,1.69344,8.60408e+06,3.61194e+06,1.22727e+07,0,0,0,6.53183e+07
103.084,103.622,2.58591,0.15,0,3.04786,3.04786,0,0.565341,5.7456,4.14015e+06,2.70226e+06,1.26186e+07,0,0,0,0,62.3362,61.308,2.57344,0,1,1.39646,1.39646,0,1.10202,1.69344,8.60408e+06,3.61194e+06,1.20153e+07,0,0,0,6.53183e+07
102.53,103.622,2.37138,0.12,0,3.04867,3.04867,0,0.571169,5.7456,4.14015e+06,2.70226e+06,1.26219e+07,0,0,0,0,62.3362,61.308,2.33285,0,1,1.39683,1.39683,0,1.07891,1.69344,8.60408e+06,3.61194e+06,1.20185e+07,0,0,0,6.53183e+07
101.877,103.622,2.19999,0.11,0,3.04948,3.04948,0,0.57132,5.7456,4.14015e+06,2.70226e+06,1.26253e+07,0,0,0,0,62.3064,61.308,2.24502,0,1,1.39721,1.39721,0,1.07919,1.69344,8.60408e+06,3.61194e+06,1.20217e+07,0,0,0,6.53183e+07
101.123,103.622,2.08636,0.1,0,3.05029,3.05029,0,0.571472,5.7456,4.14015e+06,2.70226e+06,1.26286e+07,0,0,0,0,62.3362,61.308,2.10996,0,1,1.39758,1.39758,0,1.07948,1.69344,8.60408e+06,3.61194e+06,1.20249e+07,0,0,0,6.53183e+07
100.149,103.622,1.79808,0.1,0,3.02377,3.02377,0,0.571624,5.7456,4.14015e+06,2.70226e+06,1.25189e+07,0,0,0,0,62.2765,61.308,2.19563,0,1,1.43736,1.43736,0,1.07977,1.69344,8.60408e+06,3.61194e+06,1.23671e+07,0,0,0,6.53183e+07
98.9708,103.622,1.54312,0.09,0,3.02457,3.02457,0,0.566654,5.7456,4.14015e+06,2.70226e+06,1.25222e+07,0,0,0,0,62.1212,61.308,1.9843,0,1,1.43774,1.43774,0,1.1105,1.69344,8.60408e+06,3.61194e+06,1.23704e+07,0,0,0,6.53183e+07
97.6872,103.622,1.41357,0.1,0,3.02537,3.02537,0,0.566805,5.7456,4.14015e+06,2.70226e+06,1.25255e+07,0,0,0,0,61.8434,61.308,1.9099,0,1,1.43812,1.43812,0,1.1108,1.69344,8.60408e+06,3.61194e+06,1.23737e+07,0,0,0,6.53183e+07
96.3554,103.622,1.3426,0.09,0,3.02618,3.02618,0,0.566955,5.7456,4.14015e+06,2.70226e+06,1.25288e+07,0,0,0,0,61.5269,61.308,1.70533,0,1,1.4385,1.4385,0,1.11109,1.69344,8.60408e+06,3.61194e+06,1.2377e+07,0,0,0,6.53183e+07
94.9856,103.622,1.32741,0.14,0,3.09762,3.09762,0,0.567105,5.7456,4.14015e+06,2.70226e+06,1.28246e+07,0,0,0,0,61.2802,61.308,1.71529,0,1,1.47404,1.47404,0,1.11139,1.69344,8.60408e+06,3.61194e+06,1.26828e+07,0,0,0,6.53183e+07
93.6517,103.622,1.33699,0.14,0,3.09844,3.09844,0,0.580494,5.7456,4.14015e+06,2.70226e+06,1.2828e+07,0,0,0,0,61.0855,61.308,1.90568,0,1,1.47443,1.47443,0,1.13885,1.69344,8.60408e+06,3.61194e+06,1.26861e+07,0,0,0,6.53183e+07
92.2332,103.622,1.23484,0.14,0,3.09927,3.09927,0,0.580648,5.7456,4.14015e+06,2.70226e+06,1.28314e+07,0,0,0,0,60.7634,61.308,1.84567,0,1,1.47482,1.47482,0,1.13915,1.69344,8.60408e+06,3.61194e+06,1.26895e+07,0,0,0,6.53183e+07
90.7301,103.622,1.12309,0.13,0,3.10009,3.10009,0,0.580802,5.7456,4.14015e+06,2.70226e+06,1.28348e+07,0,0,0,0,60.3983,61.308,1.6891,0,1,1.47522,1.47522,0,1.13945,1.69344,8.60408e+06,3.61194e+06,1.26929e+07,0,0,0,6.53183e+07
89.0405,103.622,0.999758,0.13,0,3.24828,3.30801,0,0.580956,5.7456,4.14015e+06,2.83324e+06,1.34484e+07,0,0,0,0,59.8423,61.308,1.6668,1,1,1.57372,1.60265,0,1.13975,1.69344,8.60408e+06,3.78701e+06,1.35404e+07,0,0,0,6.53183e+07
87.6964,103.622,1.35091,0.15,0,3.24914,3.30888,0,0.608728,5.7456,4.14015e+06,2.83324e+06,1.34519e+07,0,0,0,0,59.5644,61.308,1.66865,1,1,1.57413,1.60308,0,1.21585,1.69344,8.60408e+06,3.78701e+06,1.3544e+07,0,0,0,6.53183e+07
86.3647,103.622,1.36564,0.15,0,3.25,3.30976,0,0.608889,5.7456,4.14015e+06,2.83324e+06,1.34555e+07,0,0,0,0,59.3042,61.308,1.98074,1,1,1.57455,1.6035,0,1.21617,1.69344,8.60408e+06,3.78701e+06,1.35476e+07,0,0,0,6.53183e+07
84.9797,103.622,1.28655,0.15,0,3.25087,3.31064,0,0.609051,5.7456,4.14015e+06,2.83324e+06,1.34591e+07,0,0,0,0,59.0295,61.308,2.27067,1,1,1.57497,1.60393,0,1.2165,1.69344,8.60408e+06,3.78701e+06,1.35511e+07,0,0,0,6.53183e+07
83.5785,103.622,1.24563,0.15,0,3.25173,3.31151,0,0.609212,5.7456,4.14015e+06,2.83324e+06,1.34626e+07,0,0,0,0,58.7496,61.308,2.2394,1,1,1.57538,1.60435,0,1.21682,1.69344,8.60408e+06,3.78701e+06,1.35547e+07,0,0,0,6.53183e+07
82.1435,103.622,1.08463,0.15,0,3.15335,3.21133,0,0.609374,5.7456,4.14015e+06,2.83324e+06,1.30553e+07,0,0,0,0,58.4771,61.308,2.31812,1,1,1.49998,1.52756,0,1.21714,1.69344,8.60408e+06,3.78701e+06,1.2906e+07,0,0,0,6.53183e+07
80.5223,103.622,0.833233,0.17,0,3.15418,3.21218,0,0.590938,5.7456,4.14015e+06,2.83324e+06,1.30588e+07,0,0,0,0,58.1071,61.308,2.00031,1,1,1.50038,1.52797,0,1.15889,1.69344,8.60408e+06,3.78701e+06,1.29094e+07,0,0,0,6.53183e+07
79.0169,103.622,0.96085,0.17,0,3.15502,3.21303,0,0.591094,5.7456,4.14015e+06,2.83324e+06,1.30623e+07,0,0,0,0,57.7731,61.308,2.04721,1,1,1.50078,1.52837,0,1.15919,1.69344,8.60408e+06,3.78701e+06,1.29128e+07,0,0,0,6.53183e+07
78.9629,103.622,2.71297,0.17,0,3.15586,3.21388,0,0.591251,5.7456,4.14015e+06,2.83324e+06,1.30657e+07,0,0,0,0,58.0834,61.308,3.67353,1,1,1.50118,1.52878,0,1.1595,1.69344,8.60408e+06,3.78701e+06,1.29162e+07,0,0,0,6.53183e+07
78.025,103.622,1.65317,0.17,0,3.13169,3.13169,0,0.591408,5.7456,4.14015e+06,2.70226e+06,1.29657e+07,0,0,0,0,58.0046,61.308,2.70375,0,1,1.45882,1.45882,0,1.15981,1.69344,8.60408e+06,3.61194e+06,1.25518e+07,0,0,0,6.53183e+07
76.7682,103.622,1.27769,0.17,0,3.13252,3.13252,0,0.586878,5.7456,4.14015e+06,2.70226e+06,1.29691e+07,0,0,0,0,57.732,61.308,1.63937,0,1,1.45921,1.45921,0,1.12709,1.69344,8.60408e+06,3.61194e+06,1.25552e+07,0,0,0,6.53183e+07
77.8499,103.622,3.87059,0.16,0,3.13335,3.13335,0,0.587034,5.7456,4.14015e+06,2.70226e+06,1.29725e+07,0,0,0,0,58.3659,61.308,5.24381,0,1,1.4596,1.4596,0,1.12739,1.69344,8.60408e+06,3.61194e+06,1.25585e+07,0,0,0,6.53183e+07
78.271,103.622,3.15822,0.15,0,3.13418,3.13418,0,0.587189,5.7456,4.14015e+06,2.70226e+06,1.2976e+07,0,0,0,0,58.8272,61.308,2.83798,0,1,1.45998,1.45998,0,1.12769,1.69344,8.60408e+06,3.61194e+06,1.25618e+07,0,0,0,6.53183e+07
78.2744,103.622,2.56485,0.15,0,2.89891,2.89891,0,0.587345,5.7456,4.14015e+06,2.70226e+06,1.20019e+07,0,0,0,0,59.2719,61.308,3.06221,0,1,1.31368,1.31368,0,1.12798,1.69344,8.60408e+06,3.61194e+06,1.1303e+07,0,0,0,6.53183e+07
79.2871,103.622,3.69621,0.15,0,2.85893,2.89967,0,0.543255,5.7456,4.14015e+06,2.70226e+06,1.18364e+07,0,0,0,0,60.1944,61.308,4.07621,0,1,1.35477,1.31403,0,1.01495,1.69344,8.60408e+06,3.61194e+06,1.16566e+07,0,0,0,6.53183e+07
79.977,103.622,3.47874,0.15,0,2.86005,2.90044,0,0.535764,5.7456,4.14015e+06,2.70226e+06,1.1841e+07,0,0,0,0,61.5642,61.308,5.47112,0,1,1.35477,1.31438,0,1.0467,1.69344,8.60408e+06,3.61194e+06,1.16566e+07,0,0,0,6.53183e+07
79.857,103.622,2.47597,0.16,0,2.86116,2.90121,0,0.535973,5.7456,4.14015e+06,2.70226e+06,1.18456e+07,0,0,0,0,61.8569,61.308,3.27688,0,1,1.35477,1.31473,0,1.0467,1.69344,8.60408e+06,3.61194e+06,1.16566e+07,0,0,0,6.53183e+07
80.5594,103.622,3.40746,0.2,0,2.86228,2.90198,0,0.536182,5.7456,4.14015e+06,2.70226e+06,1.18503e+07,0,0,0,0,62.2208,61.308,3.3457,0,1,1.35477,1.31507,0,1.0467,1.69344,8.60408e+06,3.61194e+06,1.16566e+07,0,0,0,6.53183e+07
82.2269,103.622,4.6037,0.23,0,2.95431,2.99366,0,0.536391,5.7456,4.14015e+06,2.70226e+06,1.22313e+07,0,0,0,0,62.3362,61.308,6.05298,0,1,1.3973,1.35795,0,1.0467,1.69344,8.60408e+06,3.61194e+06,1.20224e+07,0,0,0,6.53183e+07
85.5949,103.622,6.41061,0.23,0,2.99442,2.99442,0,0.553638,6.16896,4.14015e+06,2.70226e+06,1.23974e+07,0,0,0,0,62.3362,61.308,5.45219,0,1,1.35829,1.35829,0,1.07955,1.69344,8.60408e+06,3.61194e+06,1.16868e+07,0,0,0,6.53183e+07
86.7618,103.622,4.06303,0.2,0,2.99518,2.99518,0,0.561155,6.16896,4.14015e+06,2.70226e+06,1.24005e+07,0,0,0,0,62.3362,61.308,3.88017,0,1,1.35864,1.35864,0,1.04942,1.69344,8.60408e+06,3.61194e+06,1.16898e+07,0,0,0,6.53183e+07
87.1709,103.622,3.32252,0.21,0,2.99594,2.99594,0,0.561297,6.16896,4.14015e+06,2.70226e+06,1.24037e+07,0,0,0,0,62.3362,61.308,3.70063,0,1,1.35898,1.35898,0,1.04968,1.69344,8.60408e+06,3.61194e+06,1.16928e+07,0,0,0,6.53183e+07
89.0078,103.622,5.49886,0.22,0,3.289,3.289,0,0.56144,6.16896,4.14015e+06,2.70226e+06,1.36169e+07,0,0,0,0,62.3362,61.308,6.61939,0,1,1.51915,1.51915,0,1.04995,1.69344,8.60408e+06,3.61194e+06,1.30709e+07,0,0,0,6.53183e+07
90.3187,103.622,4.58803,0.25,0,3.28983,3.28983,0,0.616358,6.16896,4.14015e+06,2.70226e+06,1.36204e+07,0,0,0,0,62.2425,61.308,4.24319,0,1,1.51954,1.51954,0,1.1737,1.69344,8.60408e+06,3.61194e+06,1.30742e+07,0,0,0,6.53183e+07
92.9501,103.622,6.14502,0.19,0,3.29067,3.29067,0,0.616514,6.16896,4.14015e+06,2.70226e+06,1.36239e+07,0,0,0,0,62.3362,61.308,4.90879,0,1,1.51993,1.51993,0,1.174,1.69344,8.60408e+06,3.61194e+06,1.30776e+07,0,0,0,6.53183e+07
98.2593,103.622,8.92337,0.2,0,3.2915,3.2915,0,0.616671,6.16896,4.14015e+06,2.70226e+06,1.36273e+07,0,0,0,0,62.3362,61.308,6.33323,0,1,1.52031,1.52031,0,1.17429,1.69344,8.60408e+06,3.61194e+06,1.30809e+07,0,0,0,6.53183e+07
100.971,103.622,5.96197,0.16,0,2.87501,2.87501,0,0.616827,6.16896,4.14015e+06,2.70226e+06,1.1903e+07,0,0,0,0,62.3362,61.308,4.43172,0,1,1.30599,1.30599,0,1.17459,1.69344,8.60408e+06,3.61194e+06,1.12368e+07,0,0,0,6.53183e+07
101.18,103.622,3.17932,0.17,0,2.82731,2.87574,0,0.538777,6.16896,4.14015e+06,2.70226e+06,1.17055e+07,0,0,0,0,62.3362,61.308,2.86442,0,1,1.35476,1.30632,0,1.00901,1.69344,8.60408e+06,3.61194e+06,1.16564e+07,0,0,0,6.53183e+07
101.859,103.622,3.7537,0.18,0,2.82837,2.87647,0,0.529837,6.16896,4.14015e+06,2.70226e+06,1.17099e+07,0,0,0,0,62.3362,61.308,3.06099,0,1,1.35476,1.30665,0,1.04668,1.69344,8.60408e+06,3.61194e+06,1.16564e+07,0,0,0,6.53183e+07
103.622,103.622,5.22911,0.22,0,2.82943,2.8772,0,0.530036,6.16896,4.14015e+06,2.70226e+06,1.17143e+07,0,0,0,0,62.3362,61.308,5.02635,0,1,1.35476,1.30698,0,1.04668,1.69344,8.60408e+06,3.61194e+06,1.16564e+07,0,0,0,6.53183e+07
103.622,103.622,4.4139,0.23,0,2.83049,2.87793,0,0.530235,6.16896,4.14015e+06,2.70226e+06,1.17187e+07,0,0,0,0,62.3362,61.308,3.35489,0,1,1.35476,1.30732,0,1.04668,1.69344,8.60408e+06,3.61194e+06,1.16564e+07,0,0,0,6.53183e+07
103.622,103.622,4.53001,0.25,0,2.93674,2.98384,0,0.530434,6.16896,4.14015e+06,2.70226e+06,1.21585e+07,0,0,0,0,62.3362,61.308,4.39817,0,1,1.40735,1.36024,0,1.04668,1.69344,8.60408e+06,3.61194e+06,1.21089e+07,0,0,0,6.53183e+07
103.622,103.622,3.82199,0.25,0,2.9846,2.9846,0,0.550344,6.16896,4.14015e+06,2.70226e+06,1.23567e+07,0,0,0,0,62.3362,61.308,3.05837,0,1,1.36058,1.36058,0,1.08732,1.69344,8.60408e+06,3.61194e+06,1.17066e+07,0,0,0,6.53183e+07
103.622,103.622,5.60261,0.26,0,2.98536,2.98536,0,0.559314,6.16896,4.14015e+06,2.70226e+06,1.23598e+07,0,0,0,0,62.3362,61.308,4.97528,0,1,1.36093,1.36093,0,1.05119,1.69344,8.60408e+06,3.61194e+06,1.17095e+07,0,0,0,6.53183e+07
103.622,103.622,4.10974,0.27,0,2.98612,2.98612,0,0.559456,6.16896,4.14015e+06,2.70226e+06,1.2363e+07,0,0,0,0,62.3362,61.308,3.11319,0,1,1.36128,1.36128,0,1.05145,1.69344,8.60408e+06,3.61194e+06,1.17125e+07,0,0,0,6.53183e+07
103.622,103.622,3.63135,0.25,0,2.94571,2.94571,0,0.559598,6.16896,4.14015e+06,2.70226e+06,1.21957e+07,0,0,0,0,62.3362,61.308,3.10459,0,1,1.34117,1.34117,0,1.05172,1.69344,8.60408e+06,3.61194e+06,1.15396e+07,0,0,0,6.53183e+07
103.622,103.622,3.51471,0.25,0,2.9332,2.94645,0,0.552025,6.16896,4.14015e+06,2.70226e+06,1.21439e+07,0,0,0,0,62.3362,61.308,2.94649,0,1,1.35476,1.34151,0,1.03619,1.69344,8.60408e+06,3.61194e+06,1.16565e+07,0,0,0,6.53183e+07
103.622,103.622,3.49594,0.24,0,2.93429,2.9472,0,0.549682,6.16896,4.14015e+06,2.70226e+06,1.21484e+07,0,0,0,0,62.3362,61.308,2.74942,0,1,1.35476,1.34185,0,1.04669,1.69344,8.60408e+06,3.61194e+06,1.16565e+07,0,0,0,6.53183e+07
103.551,103.622,2.99271,0.22,0,2.93538,2.94795,0,0.549886,6.16896,4.14015e+06,2.70226e+06,1.21529e+07,0,0,0,0,62.3362,61.308,2.97854,0,1,1.35476,1.34219,0,1.04669,1.69344,8.60408e+06,3.61194e+06,1.16565e+07,0,0,0,6.53183e+07
103.034,103.622,2.54233,0.17,0,3.07634,3.08857,0,0.55009,6.16896,4.14015e+06,2.70226e+06,1.27365e+07,0,0,0,0,62.273,61.308,2.86158,0,1,1.42735,1.41512,0,1.04669,1.69344,8.60408e+06,3.61194e+06,1.2281e+07,0,0,0,6.53183e+07
102.568,103.622,2.60403,0.16,0,3.08936,3.08936,0,0.576507,6.16896,4.14015e+06,2.70226e+06,1.27904e+07,0,0,0,0,62.3362,61.308,2.76731,0,1,1.41548,1.41548,0,1.10277,1.69344,8.60408e+06,3.61194e+06,1.21789e+07,0,0,0,6.53183e+07
101.982,103.622,2.43897,0.16,0,3.09014,3.09014,0,0.578946,6.16896,4.14015e+06,2.70226e+06,1.27937e+07,0,0,0,0,62.2817,61.308,2.51333,0,1,1.41584,1.41584,0,1.0936,1.69344,8.60408e+06,3.61194e+06,1.2182e+07,0,0,0,6.53183e+07
101.25,103.622,2.23234,0.13,0,3.09092,3.09092,0,0.579092,6.16896,4.14015e+06,2.70226e+06,1.27969e+07,0,0,0,0,62.2187,61.308,2.50824,0,1,1.4162,1.4162,0,1.09388,1.69344,8.60408e+06,3.61194e+06,1.21851e+07,0,0,0,6.53183e+07
100.487,103.622,2.20147,0.11,0,3.09171,3.09171,0,0.579239,6.16896,4.14015e+06,2.70226e+06,1.28001e+07,0,0,0,0,62.1994,61.308,2.51497,0,1,1.41656,1.41656,0,1.09415,1.69344,8.60408e+06,3.61194e+06,1.21882e+07,0,0,0,6.53183e+07
99.6985,103.622,2.07684,0.12,0,3.06479,3.06479,0,0.579386,6.16896,4.14015e+06,2.70226e+06,1.26887e+07,0,0,0,0,62.0223,61.308,2.02166,0,1,1.45686,1.45686,0,1.09443,1.69344,8.60408e+06,3.61194e+06,1.25349e+07,0,0,0,6.53183e+07
98.938,103.622,2.06068,0.12,0,3.06557,3.06557,0,0.574342,6.16896,4.14015e+06,2.70226e+06,1.26919e+07,0,0,0,0,61.8099,61.308,1.7778,0,1,1.45723,1.45723,0,1.12557,1.69344,8.60408e+06,3.61194e+06,1.25381e+07,0,0,0,6.53183e+07
98.1095,103.622,1.96226,0.11,0,3.06635,3.06635,0,0.574488,6.16896,4.14015e+06,2.70226e+06,1.26951e+07,0,0,0,0,61.4747,61.308,1.7488,0,1,1.4576,1.4576,0,1.12585,1.69344,8.60408e+06,3.61194e+06,1.25413e+07,0,0,0,6.53183e+07
97.0711,103.622,1.71968,0.1,0,3.06713,3.06713,0,0.574634,6.16896,4.14015e+06,2.70226e+06,1.26984e+07,0,0,0,0,61.1033,61.308,1.63249,0,1,1.45797,1.45797,0,1.12614,1.69344,8.60408e+06,3.61194e+06,1.25445e+07,0,0,0,6.53183e+07
95.9349,103.622,1.64183,0.11,0,3.1395,3.1395,0,0.574779,6.16896,4.14015e+06,2.70226e+06,1.2998e+07,0,0,0,0,60.4856,61.308,1.63305,0,1,1.49397,1.49397,0,1.12642,1.69344,8.60408e+06,3.61194e+06,1.28542e+07,0,0,0,6.53183e+07
94.785,103.622,1.58321,0.15,0,3.1403,3.1403,0,0.588342,6.16896,4.14015e+06,2.70226e+06,1.30013e+07,0,0,0,0,59.9516,61.308,1.4551,0,1,1.49435,1.49435,0,1.15424,1.69344,8.60408e+06,3.61194e+06,1.28575e+07,0,0,0,6.53183e+07
93.5503,103.622,1.47357,0.15,0,3.14109,3.14109,0,0.588492,6.16896,4.14015e+06,2.70226e+06,1.30046e+07,0,0,0,0,59.2606,61.308,1.48032,0,1,1.49473,1.49473,0,1.15453,1.69344,8.60408e+06,3.61194e+06,1.28608e+07,0,0,0,6.53183e+07
92.2301,103.622,1.36025,0.14,0,3.14189,3.14189,0,0.588641,6.16896,4.14015e+06,2.70226e+06,1.30079e+07,0,0,0,0,58.6739,61.308,1.31865,0,1,1.49511,1.49511,0,1.15483,1.69344,8.60408e+06,3.61194e+06,1.2864e+07,0,0,0,6.53183e+07
90.8583,103.622,1.40127,0.14,0,3.29204,3.35257,0,0.58879,6.16896,4.14015e+06,2.83324e+06,1.36296e+07,0,0,0,0,57.9675,61.308,1.48806,1,1,1.59492,1.62424,0,1.15512,1.69344,8.60408e+06,3.78701e+06,1.37228e+07,0,0,0,6.53183e+07
89.3747,103.622,1.2365,0.14,0,3.29288,3.35342,0,0.616929,6.16896,4.14015e+06,2.83324e+06,1.3633e+07,0,0,0,0,57.1419,61.308,1.36286,1,1,1.59532,1.62465,0,1.23223,1.69344,8.60408e+06,3.78701e+06,1.37263e+07,0,0,0,6.53183e+07
87.7182,103.622,1.01595,0.16,0,3.29371,3.35427,0,0.617085,6.16896,4.14015e+06,2.83324e+06,1.36365e+07,0,0,0,0,56.2888,61.308,1.21857,1,1,1.59572,1.62506,0,1.23254,1.69344,8.60408e+06,3.78701e+06,1.37297e+07,0,0,0,6.53183e+07
86.1601,103.622,1.09452,0.16,0,3.29454,3.35512,0,0.617241,6.16896,4.14015e+06,2.83324e+06,1.36399e+07,0,0,0,0,55.6326,61.308,1.22879,1,1,1.59613,1.62548,0,1.23286,1.69344,8.60408e+06,3.78701e+06,1.37332e+07,0,0,0,6.53183e+07
85.1345,103.622,1.65591,0.16,0,3.29538,3.35597,0,0.617398,6.16896,4.14015e+06,2.83324e+06,1.36434e+07,0,0,0,0,54.9539,61.308,1.47401,1,1,1.59653,1.62589,0,1.23317,1.69344,8.60408e+06,3.78701e+06,1.37367e+07,0,0,0,6.53183e+07
84.4647,103.622,1.9262,0.16,0,3.19564,3.2544,0,0.617554,6.16896,4.14015e+06,2.83324e+06,1.32304e+07,0,0,0,0,54.2728,61.308,1.42303,1,1,1.5201,1.54805,0,1.23348,1.69344,8.60408e+06,3.78701e+06,1.30791e+07,0,0,0,6.53183e+07
83.0499,103.622,1.14677,0.16,0,3.19645,3.25522,0,0.598863,6.16896,4.14015e+06,2.83324e+06,1.32338e+07,0,0,0,0,53.7054,61.308,1.24068,1,1,1.52049,1.54844,0,1.17443,1.69344,8.60408e+06,3.78701e+06,1.30824e+07,0,0,0,6.53183e+07
81.5385,103.622,1.06636,0.16,0,3.19726,3.25605,0,0.599015,6.16896,4.14015e+06,2.83324e+06,1.32371e+07,0,0,0,0,53.3608,61.308,1.49282,1,1,1.52087,1.54883,0,1.17473,1.69344,8.60408e+06,3.78701e+06,1.30857e+07,0,0,0,6.53183e+07
80.1685,103.622,1.21209,0.19,0,3.19807,3.25687,0,0.599167,6.16896,4.14015e+06,2.83324e+06,1.32405e+07,0,0,0,0,53.1839,61.308,2.07123,1,1,1.52126,1.54923,0,1.17503,1.69344,8.60408e+06,3.78701e+06,1.3089e+07,0,0,0,6.53183e+07
78.7164,103.622,1.06426,0.19,0,3.17354,3.17354,0,0.599318,6.16896,4.14015e+06,2.70226e+06,1.31389e+07,0,0,0,0,52.9328,61.308,1.66198,0,1,1.47832,1.47832,0,1.17532,1.69344,8.60408e+06,3.61194e+06,1.27196e+07,0,0,0,6.53183e+07
77.9397,103.622,1.99352,0.19,0,3.17434,3.17434,0,0.594721,6.16896,4.14015e+06,2.70226e+06,1.31423e+07,0,0,0,0,52.957,61.308,2.95156,0,1,1.47869,1.47869,0,1.14215,1.69344,8.60408e+06,3.61194e+06,1.27228e+07,0,0,0,6.53183e+07
76.8458,103.622,1.61183,0.19,0,3.17515,3.17515,0,0.594872,6.16896,4.14015e+06,2.70226e+06,1.31456e+07,0,0,0,0,52.796,61.308,1.68866,0,1,1.47907,1.47907,0,1.14244,1.69344,8.60408e+06,3.61194e+06,1.2726e+07,0,0,0,6.53183e+07
77.3289,103.622,3.30151,0.17,0,3.17595,3.17595,0,0.595023,6.16896,4.14015e+06,2.70226e+06,1.31489e+07,0,0,0,0,53.1621,61.308,3.70782,0,1,1.47944,1.47944,0,1.14273,1.69344,8.60408e+06,3.61194e+06,1.27292e+07,0,0,0,6.53183e+07
80.958,103.622,6.64731,0.17,0,2.93751,2.93751,0,0.595173,6.16896,4.14015e+06,2.70226e+06,1.21617e+07,0,0,0,0,54.6223,61.308,7.84646,0,1,1.33118,1.33118,0,1.14302,1.69344,8.60408e+06,3.61194e+06,1.14535e+07,0,0,0,6.53183e+07
82.8337,103.622,4.80348,0.17,0,2.915,2.93825,0,0.550489,6.16896,4.14015e+06,2.70226e+06,1.20686e+07,0,0,0,0,56.0476,61.308,6.22255,0,1,1.35476,1.33151,0,1.02847,1.69344,8.60408e+06,3.61194e+06,1.16565e+07,0,0,0,6.53183e+07
87.9615,103.622,8.29771,0.17,0,2.91608,2.93899,0,0.546271,6.16896,4.14015e+06,2.70226e+06,1.2073e+07,0,0,0,0,59.1874,61.308,9.56172,0,1,1.35476,1.33185,0,1.04669,1.69344,8.60408e+06,3.61194e+06,1.16565e+07,0,0,0,6.53183e+07
90.9391,103.622,5.95371,0.16,0,2.91716,2.93974,0,0.546474,6.16896,4.14015e+06,2.70226e+06,1.20775e+07,0,0,0,0,60.2277,61.308,5.32153,0,1,1.35476,1.33219,0,1.04669,1.69344,8.60408e+06,3.61194e+06,1.16565e+07,0,0,0,6.53183e+07
93.0057,103.622,5.22564,0.14,0,2.91824,2.94048,0,0.546676,6.16896,4.14015e+06,2.70226e+06,1.2082e+07,0,0,0,0,60.7887,61.308,4.38283,0,1,1.35476,1.33252,0,1.04669,1.69344,8.60408e+06,3.61194e+06,1.16565e+07,0,0,0,6.53183e+07
95.5619,103.622,5.72613,0.14,0,2.91858,2.94048,0,0.546879,6.16896,4.14015e+06,2.70226e+06,1.20834e+07,0,0,0,0,61.3026,61.308,4.57854,0,1,1.35442,1.33252,0,1.04669,1.69344,8.60408e+06,3.61194e+06,1.16536e+07,0,0,0,6.53183e+07
103.622,103.622,12.712,0.17,0,3.01145,3.03335,0,0.546942,6.16896,4.14015e+06,2.70226e+06,1.24678e+07,0,0,0,0,62.3362,61.308,8.05983,0,1,1.39785,1.37595,0,1.04643,1.69344,8.60408e+06,3.61194e+06,1.20272e+07,0,0,0,1.26659e+08
103.622,103.622,6.51313,0.12,0,3.03408,3.03408,0,0.564345,6.16896,4.14015e+06,2.70226e+06,1.25616e+07,0,0,0,0,62.3362,61.308,5.15436,0,1,1.37628,1.37628,0,1.07998,1.69344,8.60408e+06,3.61194e+06,1.18416e+07,0,0,0,1.26659e+08
103.622,103.622,6.45513,0.11,0,3.03482,3.03482,0,0.568587,6.16896,4.14015e+06,2.70226e+06,1.25646e+07,0,0,0,0,62.3362,61.308,10.0545,0,1,1.37661,1.37661,0,1.06331,1.69344,8.60408e+06,3.61194e+06,1.18445e+07,0,0,0,1.26659e+08
103.622,103.622,6.39331,0.13,0,3.03555,3.03555,0,0.568725,6.16896,4.14015e+06,2.70226e+06,1.25677e+07,0,0,0,0,62.3362,61.308,7.26369,0,1,1.37695,1.37695,0,1.06357,1.69344,8.60408e+06,3.61194e+06,1.18474e+07,0,0,0,1.26659e+08
103.622,103.622,6.48648,0.14,0,3.27228,3.33244,0,0.568863,6.16896,4.14015e+06,2.83324e+06,1.35477e+07,0,0,0,0,62.3362,61.308,5.41526,1,1,1.51143,1.53922,0,1.06383,1.69344,8.60408e+06,3.78701e+06,1.30045e+07,0,0,0,1.26659e+08
103.622,103.622,7.77732,0.15,0,3.27307,3.33325,0,0.613225,6.16896,4.14015e+06,2.83324e+06,1.3551e+07,0,0,0,0,62.3362,61.308,8.58578,1,1,1.5118,1.53959,0,1.16773,1.69344,8.60408e+06,3.78701e+06,1.30076e+07,0,0,0,1.26659e+08
103.622,103.622,6.39638,0.15,0,3.27386,3.33406,0,0.613373,6.16896,4.14015e+06,2.83324e+06,1.35543e+07,0,0,0,0,62.3362,61.308,5.89092,1,1,1.51216,1.53997,0,1.16802,1.69344,8.60408e+06,3.78701e+06,1.30108e+07,0,0,0,1.26659e+08
103.622,103.622,4.52505,0.18,0,3.27466,3.33487,0,0.613522,6.16896,4.14015e+06,2.83324e+06,1.35576e+07,0,0,0,0,62.3362,61.308,3.38977,1,1,1.51253,1.54034,0,1.1683,1.69344,8.60408e+06,3.78701e+06,1.30139e+07,0,0,0,1.26659e+08
103.622,103.622,4.64045,0.19,0,2.91286,2.91286,0,0.613671,6.16896,4.14015e+06,2.70226e+06,1.20597e+07,0,0,0,0,62.3362,61.308,3.81571,0,1,1.32318,1.32318,0,1.16858,1.69344,8.60408e+06,3.61194e+06,1.13847e+07,0,0,0,1.26659e+08
103.622,103.622,5.40241,0.23,0,2.88232,2.91356,0,0.545869,6.16896,4.14015e+06,2.70226e+06,1.19332e+07,0,0,0,0,62.3362,61.308,4.56173,0,1,1.35474,1.3235,0,1.02229,1.69344,8.60408e+06,3.61194e+06,1.16563e+07,0,0,0,1.26659e+08
103.622,103.622,8.08102,0.24,0,2.88334,2.91427,0,0.540146,6.16896,4.14015e+06,2.70226e+06,1.19375e+07,0,0,0,0,62.3362,61.308,7.14672,0,1,1.35474,1.32382,0,1.04668,1.69344,8.60408e+06,3.61194e+06,1.16563e+07,0,0,0,1.26659e+08
103.622,103.622,10.2935,0.26,0,2.88437,2.91497,0,0.540338,6.16896,4.14015e+06,2.70226e+06,1.19417e+07,0,0,0,0,62.3362,61.308,9.22774,0,1,1.35474,1.32414,0,1.04668,1.69344,8.60408e+06,3.61194e+06,1.16563e+07,0,0,0,1.26659e+08
103.622,103.622,5.74953,0.27,0,2.8854,2.91568,0,0.540531,6.16896,4.14015e+06,2.70226e+06,1.1946e+07,0,0,0,0,62.3362,61.308,4.819,0,1,1.35474,1.32446,0,1.04668,1.69344,8.60408e+06,3.61194e+06,1.16563e+07,0,0,0,1.26659e+08
103.622,103.622,7.45981,0.27,0,2.99298,3.02294,0,0.540723,6.16896,4.14015e+06,2.70226e+06,1.23914e+07,0,0,0,0,62.3362,61.308,6.87848,0,1,1.40803,1.37806,0,1.04668,1.69344,8.60408e+06,3.61194e+06,1.21148e+07,0,0,0,1.26659e+08
103.622,103.622,9.53482,0.3,0,3.02368,3.02368,0,0.560885,6.16896,4.14015e+06,2.70226e+06,1.25185e+07,0,0,0,0,62.3362,61.308,9.9063,0,1,1.3784,1.3784,0,1.08784,1.69344,8.60408e+06,3.61194e+06,1.18598e+07,0,0,0,1.26659e+08
103.622,103.622,6.83076,0.3,0,3.02441,3.02441,0,0.566637,6.16896,4.14015e+06,2.70226e+06,1.25215e+07,0,0,0,0,62.3362,61.308,6.79914,0,1,1.37873,1.37873,0,1.06495,1.69344,8.60408e+06,3.61194e+06,1.18627e+07,0,0,0,1.26659e+08
103.622,103.622,5.95257,0.29,0,3.02514,3.02514,0,0.566774,6.16896,4.14015e+06,2.70226e+06,1.25245e+07,0,0,0,0,62.3362,61.308,6.04249,0,1,1.37907,1.37907,0,1.06521,1.69344,8.60408e+06,3.61194e+06,1.18656e+07,0,0,0,1.26659e+08
103.622,103.622,5.69137,0.26,0,2.98417,2.98417,0,0.566911,6.16896,4.14015e+06,2.70226e+06,1.23549e+07,0,0,0,0,62.3362,61.308,5.87461,0,1,1.35868,1.35868,0,1.06547,1.69344,8.60408e+06,3.61194e+06,1.16902e+07,0,0,0,1.26659e+08
103.622,103.622,4.80582,0.27,0,2.98489,2.98489,0,0.559233,6.16896,4.14015e+06,2.70226e+06,1.23579e+07,0,0,0,0,62.3362,61.308,5.33949,0,1,1.35901,1.35901,0,1.04972,1.69344,8.60408e+06,3.61194e+06,1.16931e+07,0,0,0,1.26659e+08
103.622,103.622,4.24768,0.27,0,2.98561,2.98561,0,0.559368,6.16896,4.14015e+06,2.70226e+06,1.23609e+07,0,0,0,0,62.3362,61.308,4.70599,0,1,1.35934,1.35934,0,1.04997,1.69344,8.60408e+06,3.61194e+06,1.16959e+07,0,0,0,1.26659e+08
103.622,103.622,3.87302,0.22,0,2.98634,2.98634,0,0.559504,6.16896,4.14015e+06,2.70226e+06,1.23639e+07,0,0,0,0,62.3362,61.308,4.29677,0,1,1.35967,1.35967,0,1.05023,1.69344,8.60408e+06,3.61194e+06,1.16987e+07,0,0,0,1.26659e+08
103.622,103.622,3.7248,0.19,0,3.12876,3.12876,0,0.559639,6.16896,4.14015e+06,2.70226e+06,1.29535e+07,0,0,0,0,62.3362,61.308,4.50581,0,1,1.43353,1.43353,0,1.05048,1.69344,8.60408e+06,3.61194e+06,1.23342e+07,0,0,0,1.26659e+08
103.622,103.622,3.82644,0.17,0,3.12951,3.12951,0,0.586329,6.16896,4.14015e+06,2.70226e+06,1.29567e+07,0,0,0,0,62.3362,61.308,4.69651,0,1,1.43388,1.43388,0,1.10754,1.69344,8.60408e+06,3.61194e+06,1.23372e+07,0,0,0,1.26659e+08
103.622,103.622,3.36091,0.15,0,3.13027,3.13027,0,0.586471,6.16896,4.14015e+06,2.70226e+06,1.29598e+07,0,0,0,0,62.3362,61.308,3.96955,0,1,1.43422,1.43422,0,1.10781,1.69344,8.60408e+06,3.61194e+06,1.23402e+07,0,0,0,1.26659e+08
103.622,103.622,3.19853,0.14,0,3.13103,3.13103,0,0.586613,6.16896,4.14015e+06,2.70226e+06,1.29629e+07,0,0,0,0,62.3362,61.308,3.43305,0,1,1.43457,1.43457,0,1.10808,1.69344,8.60408e+06,3.61194e+06,1.23432e+07,0,0,0,1.26659e+08
103.622,103.622,3.40278,0.12,0,3.13178,3.13178,0,0.586754,6.16896,4.14015e+06,2.70226e+06,1.29661e+07,0,0,0,0,62.3362,61.308,3.99681,0,1,1.43492,1.43492,0,1.10835,1.69344,8.60408e+06,3.61194e+06,1.23461e+07,0,0,0,1.26659e+08
103.622,103.622,3.67518,0.12,0,3.10449,3.10449,0,0.586896,6.16896,4.14015e+06,2.70226e+06,1.2853e+07,0,0,0,0,62.3362,61.308,4.70362,0,1,1.47573,1.47573,0,1.10862,1.69344,8.60408e+06,3.61194e+06,1.26973e+07,0,0,0,1.26659e+08
103.622,103.622,3.39529,0.13,0,3.10524,3.10524,0,0.581781,6.16896,4.14015e+06,2.70226e+06,1.28562e+07,0,0,0,0,62.3362,61.308,4.72536,0,1,1.47608,1.47608,0,1.14015,1.69344,8.60408e+06,3.61194e+06,1.27003e+07,0,0,0,1.26659e+08
103.622,103.622,3.11931,0.13,0,3.10599,3.10599,0,0.581921,6.16896,4.14015e+06,2.70226e+06,1.28593e+07,0,0,0,0,62.3362,61.308,4.15822,0,1,1.47644,1.47644,0,1.14042,1.69344,8.60408e+06,3.61194e+06,1.27034e+07,0,0,0,1.26659e+08
103.465,103.622,2.87485,0.12,0,3.10674,3.10674,0,0.582062,6.16896,4.14015e+06,2.70226e+06,1.28624e+07,0,0,0,0,62.3362,61.308,4.08718,0,1,1.4768,1.4768,0,1.1407,1.69344,8.60408e+06,3.61194e+06,1.27065e+07,0,0,0,1.26659e+08
103.235,103.622,2.76903,0.12,0,3.18001,3.18001,0,0.582203,6.16896,4.14015e+06,2.70226e+06,1.31657e+07,0,0,0,0,62.3362,61.308,3.84618,0,1,1.51325,1.51325,0,1.14097,1.69344,8.60408e+06,3.61194e+06,1.30201e+07,0,0,0,1.26659e+08
102.79,103.622,2.5098,0.13,0,3.18078,3.18078,0,0.595935,6.16896,4.14015e+06,2.70226e+06,1.31689e+07,0,0,0,0,62.3362,61.308,3.67779,0,1,1.51362,1.51362,0,1.16914,1.69344,8.60408e+06,3.61194e+06,1.30233e+07,0,0,0,1.26659e+08
102.149,103.622,2.28169,0.13,0,3.18155,3.18155,0,0.596079,6.16896,4.14015e+06,2.70226e+06,1.31721e+07,0,0,0,0,62.3362,61.308,3.19641,0,1,1.51398,1.51398,0,1.16942,1.69344,8.60408e+06,3.61194e+06,1.30264e+07,0,0,0,1.26659e+08
101.7,103.622,2.53147,0.13,0,3.18232,3.18232,0,0.596223,6.16896,4.14015e+06,2.70226e+06,1.31753e+07,0,0,0,0,62.3362,61.308,3.94975,0,1,1.51435,1.51435,0,1.1697,1.69344,8.60408e+06,3.61194e+06,1.30296e+07,0,0,0,1.26659e+08
101.206,103.622,2.53111,0.12,0,3.33437,3.39568,0,0.596367,6.16896,4.14015e+06,2.83324e+06,1.38048e+07,0,0,0,0,62.3362,61.308,3.85017,1,1,1.61542,1.64512,0,1.16998,1.69344,8.60408e+06,3.78701e+06,1.38992e+07,0,0,0,1.26659e+08
100.871,103.622,2.66957,0.12,0,3.33517,3.3965,0,0.624861,6.16896,4.14015e+06,2.83324e+06,1.38081e+07,0,0,0,0,62.3362,61.308,4.19012,1,1,1.61581,1.64552,0,1.24808,1.69344,8.60408e+06,3.78701e+06,1.39026e+07,0,0,0,1.26659e+08
100.065,103.622,2.18536,0.12,0,3.33598,3.39732,0,0.625012,6.16896,4.14015e+06,2.83324e+06,1.38115e+07,0,0,0,0,62.2663,61.308,3.34422,1,1,1.6162,1.64592,0,1.24838,1.69344,8.60408e+06,3.78701e+06,1.39059e+07,0,0,0,1.26659e+08
99.621,103.622,2.57258,0.12,0,3.33679,3.39814,0,0.625163,6.16896,4.14015e+06,2.83324e+06,1.38148e+07,0,0,0,0,62.3362,61.308,5.04938,1,1,1.61659,1.64632,0,1.24868,1.69344,8.60408e+06,3.78701e+06,1.39093e+07,0,0,0,1.26659e+08
98.7879,103.622,2.221,0.12,0,3.33759,3.39896,0,0.625314,6.16896,4.14015e+06,2.83324e+06,1.38181e+07,0,0,0,0,62.3362,61.308,4.45194,1,1,1.61698,1.64672,0,1.24898,1.69344,8.60408e+06,3.78701e+06,1.39127e+07,0,0,0,1.26659e+08
98.1396,103.622,2.41953,0.12,0,3.23654,3.29605,0,0.625465,6.16896,4.14015e+06,2.83324e+06,1.33998e+07,0,0,0,0,62.3362,61.308,6.56436,1,1,1.53956,1.56786,0,1.24928,1.69344,8.60408e+06,3.78701e+06,1.32465e+07,0,0,0,1.26659e+08
97.2468,103.622,2.12946,0.12,0,3.23732,3.29685,0,0.606528,6.16896,4.14015e+06,2.83324e+06,1.3403e+07,0,0,0,0,62.3362,61.308,5.50494,1,1,1.53993,1.56824,0,1.18946,1.69344,8.60408e+06,3.78701e+06,1.32497e+07,0,0,0,1.26659e+08
96.247,103.622,2.09211,0.1,0,3.23811,3.29764,0,0.606675,6.16896,4.14015e+06,2.83324e+06,1.34063e+07,0,0,0,0,62.3362,61.308,5.01577,1,1,1.5403,1.56862,0,1.18975,1.69344,8.60408e+06,3.78701e+06,1.32529e+07,0,0,0,1.26659e+08
98.3293,103.622,5.37893,0.15,0,3.23889,3.29844,0,0.606821,6.16896,4.14015e+06,2.83324e+06,1.34095e+07,0,0,0,0,62.3362,61.308,8.11068,1,1,1.54067,1.569,0,1.19004,1.69344,8.60408e+06,3.78701e+06,1.32561e+07,0,0,0,1.26659e+08
98.7461,103.622,3.56908,0.1,0,3.21401,3.21401,0,0.606968,6.16896,4.14015e+06,2.70226e+06,1.33065e+07,0,0,0,0,62.3362,61.308,5.29603,0,1,1.49717,1.49717,0,1.19032,1.69344,8.60408e+06,3.61194e+06,1.28818e+07,0,0,0,1.26659e+08
98.7198,103.622,3.54296,0.11,0,3.21479,3.21479,0,0.602305,6.16896,4.14015e+06,2.70226e+06,1.33097e+07,0,0,0,0,62.3362,61.308,6.04847,0,1,1.49753,1.49753,0,1.15672,1.69344,8.60408e+06,3.61194e+06,1.28849e+07,0,0,0,1.26659e+08
99.2336,103.622,4.26916,0.1,0,3.21556,3.21556,0,0.602451,6.16896,4.14015e+06,2.70226e+06,1.33129e+07,0,0,0,0,62.3362,61.308,8.01504,0,1,1.4979,1.4979,0,1.15699,1.69344,8.60408e+06,3.61194e+06,1.2888e+07,0,0,0,1.26659e+08
100.526,103.622,4.9481,0.11,0,3.21634,3.21634,0,0.602596,6.16896,4.14015e+06,2.70226e+06,1.33161e+07,0,0,0,0,62.3362,61.308,8.0472,0,1,1.49826,1.49826,0,1.15727,1.69344,8.60408e+06,3.61194e+06,1.28911e+07,0,0,0,1.26659e+08
103.622,103.622,7.43138,0.11,0,2.97483,2.97483,0,0.602742,6.16896,4.14015e+06,2.70226e+06,1.23162e+07,0,0,0,0,62.3362,61.308,8.51515,0,1,1.34809,1.34809,0,1.15755,1.69344,8.60408e+06,3.61194e+06,1.15991e+07,0,0,0,1.26659e+08
103.622,103.622,4.83385,0.11,0,2.96921,2.97555,0,0.557483,6.16896,4.14015e+06,2.70226e+06,1.2293e+07,0,0,0,0,62.3362,61.308,7.69889,0,1,1.35475,1.34841,0,1.04153,1.69344,8.60408e+06,3.61194e+06,1.16564e+07,0,0,0,1.26659e+08
103.622,103.622,5.01134,0.12,0,2.97026,2.97627,0,0.55643,6.16896,4.14015e+06,2.70226e+06,1.22973e+07,0,0,0,0,62.3362,61.308,7.3756,0,1,1.35475,1.34874,0,1.04668,1.69344,8.60408e+06,3.61194e+06,1.16564e+07,0,0,0,1.26659e+08
103.622,103.622,4.54635,0.12,0,2.9713,2.97699,0,0.556626,6.16896,4.14015e+06,2.70226e+06,1.23016e+07,0,0,0,0,62.3362,61.308,6.97532,0,1,1.35475,1.34906,0,1.04668,1.69344,8.60408e+06,3.61194e+06,1.16564e+07,0,0,0,1.26659e+08
103.622,103.622,4.83662,0.13,0,2.97234,2.9777,0,0.556822,6.16896,4.14015e+06,2.70226e+06,1.2306e+07,0,0,0,0,62.3362,61.308,6.0757,0,1,1.35475,1.34939,0,1.04668,1.69344,8.60408e+06,3.61194e+06,1.16564e+07,0,0,0,1.26659e+08
103.622,103.622,8.5472,0.14,0,3.06668,3.07171,0,0.557017,6.16896,4.14015e+06,2.70226e+06,1.26965e+07,0,0,0,0,62.3362,61.308,8.13467,0,1,1.39838,1.39335,0,1.04668,1.69344,8.60408e+06,3.61194e+06,1.20318e+07,0,0,0,1.26659e+08
103.622,103.622,8.78403,0.15,0,3.07242,3.07242,0,0.574695,6.16896,4.14015e+06,2.70226e+06,1.27203e+07,0,0,0,0,62.3362,61.308,7.95563,0,1,1.39367,1.39367,0,1.08039,1.69344,8.60408e+06,3.61194e+06,1.19913e+07,0,0,0,1.26659e+08
103.622,103.622,10.5366,0.15,0,3.07313,3.07313,0,0.575771,6.16896,4.14015e+06,2.70226e+06,1.27232e+07,0,0,0,0,62.3362,61.308,10.9416,0,1,1.39399,1.39399,0,1.07675,1.69344,8.60408e+06,3.61194e+06,1.1994e+07,0,0,0,1.26659e+08
103.622,103.622,15.9115,0.16,0,3.07384,3.07384,0,0.575904,6.16896,4.14015e+06,2.70226e+06,1.27262e+07,0,0,0,0,62.3362,61.308,14.4241,0,1,1.39432,1.39432,0,1.077,1.69344,8.60408e+06,3.61194e+06,1.19968e+07,0,0,0,1.26659e+08
103.622,103.622,10.707,0.16,0,3.31351,3.37443,0,0.576038,6.16896,4.14015e+06,2.83324e+06,1.37184e+07,0,0,0,0,62.3362,61.308,10.0887,1,1,1.53048,1.55862,0,1.07725,1.69344,8.60408e+06,3.78701e+06,1.31683e+07,0,0,0,1.26659e+08
103.622,103.622,8.48226,0.16,0,3.31428,3.37521,0,0.620952,6.16896,4.14015e+06,2.83324e+06,1.37216e+07,0,0,0,0,62.3362,61.308,6.96591,1,1,1.53083,1.55898,0,1.18245,1.69344,8.60408e+06,3.78701e+06,1.31714e+07,0,0,0,1.26659e+08
103.622,103.622,6.28049,0.19,0,3.31504,3.37599,0,0.621095,6.16896,4.14015e+06,2.83324e+06,1.37248e+07,0,0,0,0,62.3362,61.308,6.31615,1,1,1.53118,1.55934,0,1.18272,1.69344,8.60408e+06,3.78701e+06,1.31744e+07,0,0,0,1.26659e+08
103.622,103.622,9.11391,0.21,0,3.31581,3.37677,0,0.621239,6.16896,4.14015e+06,2.83324e+06,1.37279e+07,0,0,0,0,62.3362,61.308,7.25422,1,1,1.53154,1.5597,0,1.18299,1.69344,8.60408e+06,3.78701e+06,1.31775e+07,0,0,0,1.26659e+08
103.622,103.622,7.79244,0.22,0,2.94943,2.94943,0,0.621382,6.16896,4.14015e+06,2.70226e+06,1.22111e+07,0,0,0,0,62.3362,61.308,7.75549,0,1,1.33979,1.33979,0,1.18327,1.69344,8.60408e+06,3.61194e+06,1.15277e+07,0,0,0,1.26659e+08
103.622,103.622,6.46639,0.25,0,2.93548,2.95011,0,0.552723,6.16896,4.14015e+06,2.70226e+06,1.21533e+07,0,0,0,0,62.3362,61.308,8.15761,0,1,1.35473,1.3401,0,1.03512,1.69344,8.60408e+06,3.61194e+06,1.16562e+07,0,0,0,1.26659e+08
103.622,103.622,9.30933,0.26,0,2.93647,2.95079,0,0.550108,6.16896,4.14015e+06,2.70226e+06,1.21574e+07,0,0,0,0,62.3362,61.308,9.40041,0,1,1.35473,1.34041,0,1.04667,1.69344,8.60408e+06,3.61194e+06,1.16562e+07,0,0,0,1.26659e+08
103.622,103.622,9.22605,0.27,0,2.93746,2.95147,0,0.550294,6.16896,4.14015e+06,2.70226e+06,1.21615e+07,0,0,0,0,62.3362,61.308,9.11456,0,1,1.35473,1.34072,0,1.04667,1.69344,8.60408e+06,3.61194e+06,1.16562e+07,0,0,0,1.26659e+08
103.622,103.622,13.67,0.28,0,2.93845,2.95215,0,0.550479,6.16896,4.14015e+06,2.70226e+06,1.21656e+07,0,0,0,0,62.3362,61.308,13.0404,0,1,1.35473,1.34103,0,1.04667,1.69344,8.60408e+06,3.61194e+06,1.16562e+07,0,0,0,1.26659e+08
103.622,103.622,7.75267,0.32,0,3.04733,3.06072,0,0.550665,6.16896,4.14015e+06,2.70226e+06,1.26164e+07,0,0,0,0,62.3362,61.308,11.4948,0,1,1.40868,1.39529,0,1.04667,1.69344,8.60408e+06,3.61194e+06,1.21204e+07,0,0,0,1.26659e+08
103.622,103.622,6.90491,0.31,0,3.06143,3.06143,0,0.57107,6.16896,4.14015e+06,2.70226e+06,1.26748e+07,0,0,0,0,62.3362,61.308,8.6475,0,1,1.39561,1.39561,0,1.08835,1.69344,8.60408e+06,3.61194e+06,1.20079e+07,0,0,0,1.26659e+08
103.622,103.622,5.98208,0.33,0,3.06214,3.06214,0,0.573712,6.16896,4.14015e+06,2.70226e+06,1.26777e+07,0,0,0,0,62.3362,61.308,7.04271,0,1,1.39593,1.39593,0,1.07825,1.69344,8.60408e+06,3.61194e+06,1.20107e+07,0,0,0,1.26659e+08
103.622,103.622,5.42525,0.34,0,3.06284,3.06284,0,0.573844,6.16896,4.14015e+06,2.70226e+06,1.26806e+07,0,0,0,0,62.3362,61.308,7.85028,0,1,1.39625,1.39625,0,1.0785,1.69344,8.60408e+06,3.61194e+06,1.20135e+07,0,0,0,1.26659e+08
103.622,103.622,4.71974,0.33,0,3.02133,3.02133,0,0.573977,6.16896,4.14015e+06,2.70226e+06,1.25088e+07,0,0,0,0,62.3362,61.308,4.79828,0,1,1.3756,1.3756,0,1.07875,1.69344,8.60408e+06,3.61194e+06,1.18358e+07,0,0,0,1.26659e+08
103.622,103.622,3.68984,0.28,0,3.02202,3.02202,0,0.566197,6.16896,4.14015e+06,2.70226e+06,1.25116e+07,0,0,0,0,62.3362,61.308,3.87827,0,1,1.37592,1.37592,0,1.06279,1.69344,8.60408e+06,3.61194e+06,1.18385e+07,0,0,0,1.26659e+08
103.622,103.622,3.25806,0.29,0,3.02272,3.02272,0,0.566327,6.16896,4.14015e+06,2.70226e+06,1.25145e+07,0,0,0,0,62.3362,61.308,3.51942,0,1,1.37624,1.37624,0,1.06304,1.69344,8.60408e+06,3.61194e+06,1.18413e+07,0,0,0,1.26659e+08
103.622,103.622,3.53519,0.28,0,3.02342,3.02342,0,0.566458,6.16896,4.14015e+06,2.70226e+06,1.25174e+07,0,0,0,0,62.3353,61.308,3.09863,0,1,1.37656,1.37656,0,1.06328,1.69344,8.60408e+06,3.61194e+06,1.1844e+07,0,0,0,1.26659e+08
103.622,103.622,3.34984,0.23,0,3.16757,3.16757,0,0.566589,6.16896,4.14015e+06,2.70226e+06,1.31142e+07,0,0,0,0,62.3362,61.308,2.82609,0,1,1.45131,1.45131,0,1.06353,1.69344,8.60408e+06,3.61194e+06,1.24872e+07,0,0,0,1.26659e+08
103.426,103.622,2.86584,0.22,0,3.1683,3.1683,0,0.593603,6.16896,4.14015e+06,2.70226e+06,1.31173e+07,0,0,0,0,62.3362,61.308,2.62268,0,1,1.45165,1.45165,0,1.12129,1.69344,8.60408e+06,3.61194e+06,1.24901e+07,0,0,0,1.26659e+08
103.157,103.622,2.79753,0.19,0,3.16903,3.16903,0,0.59374,6.16896,4.14015e+06,2.70226e+06,1.31203e+07,0,0,0,0,62.3362,61.308,2.6793,0,1,1.45198,1.45198,0,1.12154,1.69344,8.60408e+06,3.61194e+06,1.2493e+07,0,0,0,1.26659e+08
102.765,103.622,2.64772,0.17,0,3.16976,3.16976,0,0.593877,6.16896,4.14015e+06,2.70226e+06,1.31233e+07,0,0,0,0,62.2976,61.308,2.5832,0,1,1.45232,1.45232,0,1.1218,1.69344,8.60408e+06,3.61194e+06,1.24959e+07,0,0,0,1.26659e+08
102.162,103.622,2.41307,0.16,0,3.1705,3.1705,0,0.594014,6.16896,4.14015e+06,2.70226e+06,1.31263e+07,0,0,0,0,62.3362,61.308,2.39751,0,1,1.45265,1.45265,0,1.12206,1.69344,8.60408e+06,3.61194e+06,1.24988e+07,0,0,0,1.26659e+08
101.309,103.622,2.12082,0.16,0,3.14282,3.14282,0,0.594151,6.16896,4.14015e+06,2.70226e+06,1.30118e+07,0,0,0,0,62.2848,61.308,2.33559,0,1,1.49395,1.49395,0,1.12232,1.69344,8.60408e+06,3.61194e+06,1.28541e+07,0,0,0,1.26659e+08
100.298,103.622,1.93931,0.15,0,3.14355,3.14355,0,0.588965,6.16896,4.14015e+06,2.70226e+06,1.30148e+07,0,0,0,0,62.234,61.308,2.14766,0,1,1.49429,1.49429,0,1.15423,1.69344,8.60408e+06,3.61194e+06,1.2857e+07,0,0,0,1.26659e+08
99.1681,103.622,1.78108,0.15,0,3.14427,3.14427,0,0.589101,6.16896,4.14015e+06,2.70226e+06,1.30178e+07,0,0,0,0,62.2132,61.308,2.05298,0,1,1.49464,1.49464,0,1.15449,1.69344,8.60408e+06,3.61194e+06,1.286e+07,0,0,0,1.26659e+08
97.9888,103.622,1.67711,0.15,0,3.145,3.145,0,0.589237,6.16896,4.14015e+06,2.70226e+06,1.30208e+07,0,0,0,0,61.9897,61.308,1.9744,0,1,1.49498,1.49498,0,1.15476,1.69344,8.60408e+06,3.61194e+06,1.2863e+07,0,0,0,1.26659e+08
96.5983,103.622,1.41791,0.15,0,3.16102,3.21914,0,0.589373,6.16896,4.14015e+06,2.83324e+06,1.30871e+07,0,0,0,0,61.9023,61.308,1.92282,1,1,1.50421,1.53187,0,1.15502,1.69344,8.60408e+06,3.78701e+06,1.29424e+07,0,0,0,1.26659e+08
95.2005,103.622,1.4241,0.17,0,3.16175,3.21988,0,0.592375,6.16896,4.14015e+06,2.83324e+06,1.30901e+07,0,0,0,0,61.7699,61.308,1.93864,1,1,1.50456,1.53222,0,1.16215,1.69344,8.60408e+06,3.78701e+06,1.29453e+07,0,0,0,1.26659e+08
93.7427,103.622,1.31478,0.17,0,3.16248,3.22062,0,0.592512,6.16896,4.14015e+06,2.83324e+06,1.30931e+07,0,0,0,0,61.4125,61.308,1.8596,1,1,1.5049,1.53257,0,1.16242,1.69344,8.60408e+06,3.78701e+06,1.29483e+07,0,0,0,1.26659e+08
92.2021,103.622,1.19981,0.16,0,3.16321,3.22137,0,0.592648,6.16896,4.14015e+06,2.83324e+06,1.30962e+07,0,0,0,0,61.3567,61.308,1.65384,1,1,1.50525,1.53293,0,1.16269,1.69344,8.60408e+06,3.78701e+06,1.29513e+07,0,0,0,1.26659e+08
90.5007,103.622,1.18259,0.16,0,3.37524,3.4373,0,0.592785,6.16896,4.14015e+06,2.83324e+06,1.3974e+07,0,0,0,0,61.1241,61.308,2.14134,1,1,1.63522,1.66529,0,1.16296,1.69344,8.60408e+06,3.78701e+06,1.40696e+07,0,0,0,1.26659e+08
88.4357,103.622,0.74703,0.16,0,3.37602,3.43809,0,0.63252,6.16896,4.14015e+06,2.83324e+06,1.39772e+07,0,0,0,0,60.7394,61.308,1.7366,1,1,1.6356,1.66567,0,1.26337,1.69344,8.60408e+06,3.78701e+06,1.40728e+07,0,0,0,1.26659e+08
86.4492,103.622,0.801851,0.19,0,3.3768,3.43888,0,0.632666,6.16896,4.14015e+06,2.83324e+06,1.39805e+07,0,0,0,0,60.4944,61.308,1.75233,1,1,1.63598,1.66606,0,1.26367,1.69344,8.60408e+06,3.78701e+06,1.40761e+07,0,0,0,1.26659e+08
84.8224,103.622,1.18403,0.19,0,3.37758,3.43968,0,0.632812,6.16896,4.14015e+06,2.83324e+06,1.39837e+07,0,0,0,0,60.385,61.308,2.10324,1,1,1.63636,1.66644,0,1.26396,1.69344,8.60408e+06,3.78701e+06,1.40793e+07,0,0,0,1.26659e+08
83.5134,103.622,1.50196,0.19,0,3.37835,3.44047,0,0.632958,6.16896,4.14015e+06,2.83324e+06,1.39869e+07,0,0,0,0,60.4513,61.308,2.28582,1,1,1.63673,1.66683,0,1.26425,1.69344,8.60408e+06,3.78701e+06,1.40826e+07,0,0,0,1.26659e+08
81.6344,103.622,0.799432,0.19,0,3.27603,3.33626,0,0.633103,6.16896,4.14015e+06,2.83324e+06,1.35633e+07,0,0,0,0,60.3237,61.308,2.19147,1,1,1.55834,1.58699,0,1.26454,1.69344,8.60408e+06,3.78701e+06,1.34081e+07,0,0,0,1.26659e+08
79.6521,103.622,0.643845,0.2,0,3.27679,3.33703,0,0.613928,6.16896,4.14015e+06,2.83324e+06,1.35664e+07,0,0,0,0,59.8534,61.308,1.67603,1,1,1.5587,1.58736,0,1.20397,1.69344,8.60408e+06,3.78701e+06,1.34112e+07,0,0,0,1.26659e+08
77.7435,103.622,0.723719,0.2,0,3.27754,3.3378,0,0.61407,6.16896,4.14015e+06,2.83324e+06,1.35695e+07,0,0,0,0,59.6656,61.308,1.60443,1,1,1.55906,1.58772,0,1.20425,1.69344,8.60408e+06,3.78701e+06,1.34143e+07,0,0,0,1.26659e+08
77.4365,103.622,2.45908,0.2,0,3.2783,3.33857,0,0.614211,6.16896,4.14015e+06,2.83324e+06,1.35726e+07,0,0,0,0,60.1711,61.308,3.22199,1,1,1.55942,1.58809,0,1.20453,1.69344,8.60408e+06,3.78701e+06,1.34174e+07,0,0,0,1.26659e+08
76.5104,103.622,1.8566,0.21,0,3.25308,3.25308,0,0.614353,6.16896,4.14015e+06,2.70226e+06,1.34682e+07,0,0,0,0,60.4114,61.308,2.59316,0,1,1.51537,1.51537,0,1.20481,1.69344,8.60408e+06,3.61194e+06,1.30384e+07,0,0,0,1.26659e+08
75.0015,103.622,1.20804,0.21,0,3.25383,3.25383,0,0.609627,6.16896,4.14015e+06,2.70226e+06,1.34713e+07,0,0,0,0,60.3313,61.308,1.91714,0,1,1.51572,1.51572,0,1.17078,1.69344,8.60408e+06,3.61194e+06,1.30414e+07,0,0,0,1.26659e+08
73.9577,103.622,1.7856,0.24,0,3.25458,3.25458,0,0.609767,6.16896,4.14015e+06,2.70226e+06,1.34744e+07,0,0,0,0,60.6652,61.308,3.07263,0,1,1.51607,1.51607,0,1.17105,1.69344,8.60408e+06,3.61194e+06,1.30444e+07,0,0,0,1.26659e+08
74.344,103.622,3.42146,0.26,0,3.25532,3.25532,0,0.609907,6.16896,4.14015e+06,2.70226e+06,1.34775e+07,0,0,0,0,61.7649,61.308,4.17071,0,1,1.51642,1.51642,0,1.17131,1.69344,8.60408e+06,3.61194e+06,1.30474e+07,0,0,0,1.26659e+08
75.8522,103.622,4.37381,0.28,0,3.01085,3.01085,0,0.610048,6.16896,4.14015e+06,2.70226e+06,1.24654e+07,0,0,0,0,62.3362,61.308,7.44493,0,1,1.36441,1.36441,0,1.17158,1.69344,8.60408e+06,3.61194e+06,1.17395e+07,0,0,0,1.26659e+08
76.5253,103.622,3.52861,0.28,0,3.01155,3.01155,0,0.564234,6.16896,4.14015e+06,2.70226e+06,1.24683e+07,0,0,0,0,62.3362,61.308,6.50888,0,1,1.36473,1.36473,0,1.05415,1.69344,8.60408e+06,3.61194e+06,1.17422e+07,0,0,0,1.26659e+08
77.3953,103.622,3.75547,0.26,0,3.01224,3.01224,0,0.564364,6.16896,4.14015e+06,2.70226e+06,1.24711e+07,0,0,0,0,62.3362,61.308,7.08025,0,1,1.36504,1.36504,0,1.05439,1.69344,8.60408e+06,3.61194e+06,1.17449e+07,0,0,0,1.26659e+08
79.4428,103.622,5.25488,0.26,0,3.01293,3.01293,0,0.564494,6.16896,4.14015e+06,2.70226e+06,1.2474e+07,0,0,0,0,62.3362,61.308,8.47298,0,1,1.36536,1.36536,0,1.05463,1.69344,8.60408e+06,3.61194e+06,1.17476e+07,0,0,0,1.26659e+08
82.7766,103.622,6.62605,0.27,0,3.01363,3.01363,0,0.564624,6.16896,4.14015e+06,2.70226e+06,1.24769e+07,0,0,0,0,62.3362,61.308,10.1289,0,1,1.36567,1.36567,0,1.05487,1.69344,8.60408e+06,3.61194e+06,1.17503e+07,0,0,0,1.26659e+08
84.3982,103.622,4.73794,0.28,0,3.10873,3.10873,0,0.564754,6.16896,4.14015e+06,2.70226e+06,1.28706e+07,0,0,0,0,62.3362,61.308,4.29972,0,1,1.41014,1.41014,0,1.05512,1.69344,8.60408e+06,3.61194e+06,1.2133e+07,0,0,0,1.26659e+08
86.8902,103.622,5.86387,0.26,0,3.10942,3.10942,0,0.582577,6.16896,4.14015e+06,2.70226e+06,1.28735e+07,0,0,0,0,62.3362,61.308,5.69578,0,1,1.41045,1.41045,0,1.08948,1.69344,8.60408e+06,3.61194e+06,1.21357e+07,0,0,0,1.26659e+08
90.0647,103.622,6.78798,0.25,0,3.1101,3.1101,0,0.582705,6.16896,4.14015e+06,2.70226e+06,1.28763e+07,0,0,0,0,62.3362,61.308,6.9424,0,1,1.41076,1.41076,0,1.08972,1.69344,8.60408e+06,3.61194e+06,1.21383e+07,0,0,0,1.26659e+08
94.2493,103.622,7.83694,0.23,0,3.11078,3.11078,0,0.582833,6.16896,4.14015e+06,2.70226e+06,1.28791e+07,0,0,0,0,62.3362,61.308,8.20678,0,1,1.41107,1.41107,0,1.08996,1.69344,8.60408e+06,3.61194e+06,1.2141e+07,0,0,0,1.26659e+08
100.138,103.622,10.0787,0.26,0,3.3533,3.41495,0,0.582961,6.16896,4.14015e+06,2.83324e+06,1.38832e+07,0,0,0,0,62.3362,61.308,7.06401,1,1,1.54886,1.57733,0,1.0902,1.69344,8.60408e+06,3.78701e+06,1.33265e+07,0,0,0,1.26659e+08
103.622,103.622,8.08148,0.22,0,3.35404,3.41571,0,0.628408,6.16896,4.14015e+06,2.83324e+06,1.38862e+07,0,0,0,0,62.3362,61.308,5.1348,1,1,1.5492,1.57768,0,1.19665,1.69344,8.60408e+06,3.78701e+06,1.33294e+07,0,0,0,1.26659e+08
103.622,103.622,9.17418,0.21,0,3.35477,3.41646,0,0.628547,6.16896,4.14015e+06,2.83324e+06,1.38893e+07,0,0,0,0,62.3362,61.308,6.45191,1,1,1.54954,1.57803,0,1.19691,1.69344,8.60408e+06,3.78701e+06,1.33323e+07,0,0,0,1.26659e+08
103.622,103.622,7.50135,0.24,0,3.35551,3.41721,0,0.628685,6.16896,4.14015e+06,2.83324e+06,1.38923e+07,0,0,0,0,62.3362,61.308,6.47523,1,1,1.54988,1.57837,0,1.19717,1.69344,8.60408e+06,3.78701e+06,1.33353e+07,0,0,0,1.26659e+08
103.622,103.622,6.3932,0.27,0,2.98471,2.98471,0,0.628823,6.16896,4.14015e+06,2.70226e+06,1.23572e+07,0,0,0,0,62.3362,61.308,6.31915,0,1,1.35582,1.35582,0,1.19743,1.69344,8.60408e+06,3.61194e+06,1.16656e+07,0,0,0,1.26659e+08
103.622,103.622,4.94138,0.27,0,2.98537,2.98537,0,0.559335,6.16896,4.14015e+06,2.70226e+06,1.23599e+07,0,0,0,0,62.3362,61.308,6.94295,0,1,1.35612,1.35612,0,1.04751,1.69344,8.60408e+06,3.61194e+06,1.16681e+07,0,0,0,1.26659e+08
103.622,103.622,6.79443,0.29,0,2.98602,2.98602,0,0.559458,6.16896,4.14015e+06,2.70226e+06,1.23626e+07,0,0,0,0,62.3362,61.308,7.84795,0,1,1.35642,1.35642,0,1.04774,1.69344,8.60408e+06,3.61194e+06,1.16707e+07,0,0,0,1.26659e+08
103.622,103.622,5.93659,0.3,0,2.98668,2.98668,0,0.559581,6.16896,4.14015e+06,2.70226e+06,1.23653e+07,0,0,0,0,62.3362,61.308,7.30058,0,1,1.35671,1.35671,0,1.04797,1.69344,8.60408e+06,3.61194e+06,1.16733e+07,0,0,0,1.26659e+08
103.622,103.622,10.8173,0.31,0,2.98733,2.98733,0,0.559704,6.16896,4.14015e+06,2.70226e+06,1.2368e+07,0,0,0,0,62.3362,61.308,10.7739,0,1,1.35701,1.35701,0,1.0482,1.69344,8.60408e+06,3.61194e+06,1.16758e+07,0,0,0,1.26659e+08
103.622,103.622,7.70639,0.34,0,3.09717,3.09717,0,0.559827,6.16896,4.14015e+06,2.70226e+06,1.28227e+07,0,0,0,0,62.3362,61.308,7.84987,0,1,1.4119,1.4119,0,1.04843,1.69344,8.60408e+06,3.61194e+06,1.21481e+07,0,0,0,1.26659e+08
103.622,103.622,7.04955,0.35,0,3.09785,3.09785,0,0.580409,6.16896,4.14015e+06,2.70226e+06,1.28256e+07,0,0,0,0,62.3362,61.308,11.488,0,1,1.41221,1.41221,0,1.09083,1.69344,8.60408e+06,3.61194e+06,1.21508e+07,0,0,0,1.26659e+08
103.622,103.622,6.32298,0.37,0,3.09853,3.09853,0,0.580536,6.16896,4.14015e+06,2.70226e+06,1.28284e+07,0,0,0,0,62.3362,61.308,12.1982,0,1,1.41252,1.41252,0,1.09107,1.69344,8.60408e+06,3.61194e+06,1.21534e+07,0,0,0,1.26659e+08
103.622,103.622,5.80308,0.38,0,3.09921,3.09921,0,0.580664,6.16896,4.14015e+06,2.70226e+06,1.28312e+07,0,0,0,0,62.3362,61.308,6.60293,0,1,1.41283,1.41283,0,1.09131,1.69344,8.60408e+06,3.61194e+06,1.21561e+07,0,0,0,1.26659e+08
103.622,103.622,4.8188,0.39,0,3.00197,3.05716,0,0.580792,6.16896,4.14015e+06,2.83324e+06,1.24286e+07,0,0,0,0,62.3362,61.308,7.44005,0,1,1.36679,1.39192,0,1.09155,1.69344,8.60408e+06,3.78701e+06,1.176e+07,0,0,0,1.26659e+08
103.622,103.622,4.00565,0.37,0,3.05784,3.05784,0,0.562569,6.16896,4.14015e+06,2.70226e+06,1.26599e+07,0,0,0,0,62.3362,61.308,6.16386,0,1,1.39223,1.39223,0,1.05598,1.69344,8.60408e+06,3.61194e+06,1.19788e+07,0,0,0,1.26659e+08
103.622,103.622,3.74146,0.34,0,3.05851,3.05851,0,0.573039,6.16896,4.14015e+06,2.70226e+06,1.26627e+07,0,0,0,0,62.3362,61.308,5.31759,0,1,1.39253,1.39253,0,1.07563,1.69344,8.60408e+06,3.61194e+06,1.19815e+07,0,0,0,1.26659e+08
103.622,103.622,3.40273,0.33,0,3.05918,3.05918,0,0.573164,6.16896,4.14015e+06,2.70226e+06,1.26655e+07,0,0,0,0,62.3362,61.308,5.07428,0,1,1.39284,1.39284,0,1.07587,1.69344,8.60408e+06,3.61194e+06,1.19841e+07,0,0,0,1.26659e+08
103.6,103.622,3.27199,0.3,0,3.205,3.205,0,0.57329,6.16896,4.14015e+06,2.70226e+06,1.32692e+07,0,0,0,0,62.3362,61.308,5.41648,0,1,1.46846,1.46846,0,1.07611,1.69344,8.60408e+06,3.61194e+06,1.26348e+07,0,0,0,1.26659e+08
103.622,103.622,3.32239,0.25,0,3.20571,3.20571,0,0.600617,6.16896,4.14015e+06,2.70226e+06,1.32721e+07,0,0,0,0,62.3362,61.308,4.92516,0,1,1.46879,1.46879,0,1.13454,1.69344,8.60408e+06,3.61194e+06,1.26376e+07,0,0,0,1.26659e+08
103.456,103.622,3.04522,0.22,0,3.20641,3.20641,0,0.600749,6.16896,4.14015e+06,2.70226e+06,1.3275e+07,0,0,0,0,62.3362,61.308,4.11946,0,1,1.46911,1.46911,0,1.13478,1.69344,8.60408e+06,3.61194e+06,1.26403e+07,0,0,0,1.26659e+08
102.995,103.622,2.70356,0.21,0,3.20711,3.20711,0,0.600881,6.16896,4.14015e+06,2.70226e+06,1.32779e+07,0,0,0,0,62.3362,61.308,3.65964,0,1,1.46943,1.46943,0,1.13503,1.69344,8.60408e+06,3.61194e+06,1.26431e+07,0,0,0,1.26659e+08
102.497,103.622,2.64272,0.19,0,3.20782,3.20782,0,0.601013,6.16896,4.14015e+06,2.70226e+06,1.32809e+07,0,0,0,0,62.3362,61.308,4.10569,0,1,1.46975,1.46975,0,1.13528,1.69344,8.60408e+06,3.61194e+06,1.26459e+07,0,0,0,1.26659e+08
102.702,103.622,3.43276,0.17,0,3.17979,3.17979,0,0.601145,6.16896,4.14015e+06,2.70226e+06,1.31648e+07,0,0,0,0,62.3362,61.308,5.33884,0,1,1.51152,1.51152,0,1.13553,1.69344,8.60408e+06,3.61194e+06,1.30052e+07,0,0,0,1.26659e+08
102.77,103.622,3.26658,0.17,0,3.18048,3.18048,0,0.595892,6.16896,4.14015e+06,2.70226e+06,1.31677e+07,0,0,0,0,62.3362,61.308,5.1162,0,1,1.51185,1.51185,0,1.1678,1.69344,8.60408e+06,3.61194e+06,1.30081e+07,0,0,0,1.26659e+08
102.704,103.622,3.0975,0.18,0,3.18118,3.18118,0,0.596023,6.16896,4.14015e+06,2.70226e+06,1.31706e+07,0,0,0,0,62.3362,61.308,4.87528,0,1,1.51218,1.51218,0,1.16806,1.69344,8.60408e+06,3.61194e+06,1.30109e+07,0,0,0,1.26659e+08
102.437,103.622,2.86753,0.18,0,3.18188,3.18188,0,0.596153,6.16896,4.14015e+06,2.70226e+06,1.31735e+07,0,0,0,0,62.3362,61.308,4.54639,0,1,1.51252,1.51252,0,1.16831,1.69344,8.60408e+06,3.61194e+06,1.30138e+07,0,0,0,1.26659e+08
101.78,103.622,2.37554,0.17,0,3.19805,3.25685,0,0.596284,6.16896,4.14015e+06,2.83324e+06,1.32404e+07,0,0,0,0,62.3362,61.308,3.45446,1,1,1.52183,1.54981,0,1.16857,1.69344,8.60408e+06,3.78701e+06,1.3094e+07,0,0,0,1.26659e+08
101.302,103.622,2.58578,0.17,0,3.19875,3.25757,0,0.599315,6.16896,4.14015e+06,2.83324e+06,1.32433e+07,0,0,0,0,62.3362,61.308,3.97529,1,1,1.52217,1.55015,0,1.17577,1.69344,8.60408e+06,3.78701e+06,1.30969e+07,0,0,0,1.26659e+08
100.631,103.622,2.33564,0.16,0,3.19946,3.25828,0,0.599447,6.16896,4.14015e+06,2.83324e+06,1.32462e+07,0,0,0,0,62.3362,61.308,3.8137,1,1,1.5225,1.55049,0,1.17603,1.69344,8.60408e+06,3.78701e+06,1.30997e+07,0,0,0,1.26659e+08
99.7877,103.622,2.12479,0.15,0,3.20016,3.259,0,0.599578,6.16896,4.14015e+06,2.83324e+06,1.32491e+07,0,0,0,0,62.3362,61.308,3.30966,1,1,1.52284,1.55083,0,1.17628,1.69344,8.60408e+06,3.78701e+06,1.31026e+07,0,0,0,1.26659e+08
98.767,103.622,2.10012,0.15,0,3.41463,3.47741,0,0.59971,6.16896,4.14015e+06,2.83324e+06,1.41371e+07,0,0,0,0,62.3362,61.308,4.01567,1,1,1.65431,1.68472,0,1.17654,1.69344,8.60408e+06,3.78701e+06,1.42338e+07,0,0,0,1.26659e+08
97.2906,103.622,1.53825,0.15,0,3.41538,3.47818,0,0.639902,6.16896,4.14015e+06,2.83324e+06,1.41402e+07,0,0,0,0,62.3362,61.308,3.54235,1,1,1.65467,1.68509,0,1.27812,1.69344,8.60408e+06,3.78701e+06,1.42369e+07,0,0,0,1.26659e+08
96.3231,103.622,2.05435,0.16,0,3.41613,3.47894,0,0.640042,6.16896,4.14015e+06,2.83324e+06,1.41433e+07,0,0,0,0,62.3362,61.308,3.99382,1,1,1.65503,1.68546,0,1.2784,1.69344,8.60408e+06,3.78701e+06,1.424e+07,0,0,0,1.26659e+08
96.1534,103.622,2.95859,0.18,0,3.41688,3.4797,0,0.640183,6.16896,4.14015e+06,2.83324e+06,1.41464e+07,0,0,0,0,62.3362,61.308,4.71187,1,1,1.6554,1.68583,0,1.27868,1.69344,8.60408e+06,3.78701e+06,1.42432e+07,0,0,0,1.26659e+08
95.5162,103.622,2.46337,0.17,0,3.41763,3.48047,0,0.640323,6.16896,4.14015e+06,2.83324e+06,1.41495e+07,0,0,0,0,62.3362,61.308,4.26138,1,1,1.65576,1.6862,0,1.27896,1.69344,8.60408e+06,3.78701e+06,1.42463e+07,0,0,0,1.26659e+08
95.7722,103.622,3.41178,0.17,0,3.31408,3.37501,0,0.640464,6.16896,4.14015e+06,2.83324e+06,1.37208e+07,0,0,0,0,62.3362,61.308,7.71463,1,1,1.57644,1.60542,0,1.27924,1.69344,8.60408e+06,3.78701e+06,1.35638e+07,0,0,0,1.26659e+08
95.4549,103.622,2.7049,0.17,0,3.31481,3.37575,0,0.621059,6.16896,4.14015e+06,2.83324e+06,1.37238e+07,0,0,0,0,62.3362,61.308,5.06454,1,1,1.57679,1.60578,0,1.21796,1.69344,8.60408e+06,3.78701e+06,1.35668e+07,0,0,0,1.26659e+08
94.8524,103.622,2.37686,0.17,0,3.31553,3.37649,0,0.621195,6.16896,4.14015e+06,2.83324e+06,1.37268e+07,0,0,0,0,62.3362,61.308,4.14505,1,1,1.57713,1.60613,0,1.21822,1.69344,8.60408e+06,3.78701e+06,1.35698e+07,0,0,0,1.26659e+08
94.3903,103.622,2.68785,0.18,0,3.31626,3.37723,0,0.621331,6.16896,4.14015e+06,2.83324e+06,1.37298e+07,0,0,0,0,62.3362,61.308,7.39581,1,1,1.57748,1.60648,0,1.21849,1.69344,8.60408e+06,3.78701e+06,1.35727e+07,0,0,0,1.26659e+08
95.0385,103.622,3.88205,0.18,0,3.2313,3.29071,0,0.621467,6.16896,4.14015e+06,2.83324e+06,1.33781e+07,0,0,0,0,62.3362,61.308,5.71469,1,1,1.50523,1.5329,0,1.21876,1.69344,8.60408e+06,3.78701e+06,1.29511e+07,0,0,0,1.26659e+08
96.4844,103.622,4.65981,0.17,0,3.23201,3.29144,0,0.605546,6.16896,4.14015e+06,2.83324e+06,1.3381e+07,0,0,0,0,62.3362,61.308,4.28173,1,1,1.50556,1.53324,0,1.16294,1.69344,8.60408e+06,3.78701e+06,1.29539e+07,0,0,0,1.26659e+08
97.8211,103.622,4.62277,0.16,0,3.23272,3.29216,0,0.605679,6.16896,4.14015e+06,2.83324e+06,1.33839e+07,0,0,0,0,62.3362,61.308,4.05588,1,1,1.50589,1.53358,0,1.16319,1.69344,8.60408e+06,3.78701e+06,1.29568e+07,0,0,0,1.26659e+08
99.3699,103.622,4.85572,0.13,0,3.23343,3.29288,0,0.605812,6.16896,4.14015e+06,2.83324e+06,1.33869e+07,0,0,0,0,62.3362,61.308,6.36061,1,1,1.50622,1.53391,0,1.16345,1.69344,8.60408e+06,3.78701e+06,1.29596e+07,0,0,0,1.26659e+08
100.866,103.622,4.85627,0.14,0,3.04555,3.04555,0,0.605944,6.16896,4.14015e+06,2.70226e+06,1.26091e+07,0,0,0,0,62.3362,61.308,5.04472,0,1,1.38014,1.38014,0,1.1637,1.69344,8.60408e+06,3.61194e+06,1.18748e+07,0,0,0,1.26659e+08
103.622,103.622,6.50707,0.14,0,3.04622,3.04622,0,0.570737,6.16896,4.14015e+06,2.70226e+06,1.26118e+07,0,0,0,0,62.3362,61.308,7.28883,0,1,1.38044,1.38044,0,1.06629,1.69344,8.60408e+06,3.61194e+06,1.18774e+07,0,0,0,1.26659e+08
103.622,103.622,5.81575,0.14,0,3.04689,3.04689,0,0.570862,6.16896,4.14015e+06,2.70226e+06,1.26146e+07,0,0,0,0,62.3362,61.308,6.18436,0,1,1.38074,1.38074,0,1.06653,1.69344,8.60408e+06,3.61194e+06,1.188e+07,0,0,0,1.26659e+08
103.622,103.622,6.45423,0.14,0,3.04756,3.04756,0,0.570987,6.16896,4.14015e+06,2.70226e+06,1.26173e+07,0,0,0,0,62.3362,61.308,7.26233,0,1,1.38105,1.38105,0,1.06676,1.69344,8.60408e+06,3.61194e+06,1.18826e+07,0,0,0,1.26659e+08
103.622,103.622,7.24991,0.16,0,3.04822,3.04822,0,0.571112,6.16896,4.14015e+06,2.70226e+06,1.26201e+07,0,0,0,0,62.3362,61.308,6.90386,0,1,1.38135,1.38135,0,1.067,1.69344,8.60408e+06,3.61194e+06,1.18852e+07,0,0,0,1.26659e+08
103.622,103.622,5.76346,0.18,0,3.14439,3.14439,0,0.571237,6.16896,4.14015e+06,2.70226e+06,1.30182e+07,0,0,0,0,62.3362,61.308,5.82568,0,1,1.42632,1.42632,0,1.06723,1.69344,8.60408e+06,3.61194e+06,1.22721e+07,0,0,0,1.26659e+08
103.622,103.622,14.627,0.2,0,3.14504,3.14504,0,0.589258,6.16896,4.14015e+06,2.70226e+06,1.3021e+07,0,0,0,0,62.3362,61.308,16.0738,0,1,1.42661,1.42661,0,1.10197,1.69344,8.60408e+06,3.61194e+06,1.22747e+07,0,0,0,1.26659e+08
103.622,103.622,13.6221,0.19,0,3.1457,3.1457,0,0.589381,6.16896,4.14015e+06,2.70226e+06,1.30237e+07,0,0,0,0,62.3362,61.308,19.7783,0,1,1.42691,1.42691,0,1.1022,1.69344,8.60408e+06,3.61194e+06,1.22773e+07,0,0,0,1.26659e+08
103.622,103.622,7.85945,0.19,0,3.14636,3.14636,0,0.589504,6.16896,4.14015e+06,2.70226e+06,1.30264e+07,0,0,0,0,62.3362,61.308,10.8793,0,1,1.42721,1.42721,0,1.10243,1.69344,8.60408e+06,3.61194e+06,1.22798e+07,0,0,0,1.26659e+08
103.622,103.622,9.91795,0.21,0,3.39161,3.45397,0,0.589627,6.16896,4.14015e+06,2.83324e+06,1.40418e+07,0,0,0,0,62.3362,61.308,10.4976,1,1,1.56655,1.59535,0,1.10266,1.69344,8.60408e+06,3.78701e+06,1.34787e+07,0,0,0,1.26659e+08
103.622,103.622,19.4759,0.24,0,3.39231,3.45469,0,0.635587,6.16896,4.14015e+06,2.83324e+06,1.40447e+07,0,0,0,0,62.3362,61.308,21.0709,1,1,1.56688,1.59568,0,1.21032,1.69344,8.60408e+06,3.78701e+06,1.34815e+07,0,0,0,1.26659e+08
103.622,103.622,8.19361,0.25,0,3.39302,3.45541,0,0.63572,6.16896,4.14015e+06,2.83324e+06,1.40476e+07,0,0,0,0,62.3362,61.308,10.4188,1,1,1.5672,1.59602,0,1.21057,1.69344,8.60408e+06,3.78701e+06,1.34843e+07,0,0,0,1.26659e+08
103.622,103.622,6.39863,0.27,0,3.39373,3.45613,0,0.635852,6.16896,4.14015e+06,2.83324e+06,1.40506e+07,0,0,0,0,62.3362,61.308,9.7614,1,1,1.56753,1.59635,0,1.21082,1.69344,8.60408e+06,3.78701e+06,1.34872e+07,0,0,0,1.26659e+08
103.622,103.622,6.73376,0.27,0,3.01867,3.01867,0,0.635985,6.16896,4.14015e+06,2.70226e+06,1.24978e+07,0,0,0,0,62.3362,61.308,13.0237,0,1,1.37125,1.37125,0,1.21107,1.69344,8.60408e+06,3.61194e+06,1.17983e+07,0,0,0,1.26659e+08
103.622,103.622,5.54684,0.28,0,3.0193,3.0193,0,0.565699,6.16896,4.14015e+06,2.70226e+06,1.25004e+07,0,0,0,0,62.3362,61.308,5.9997,0,1,1.37153,1.37153,0,1.05943,1.69344,8.60408e+06,3.61194e+06,1.18008e+07,0,0,0,1.26659e+08
103.622,103.622,4.87602,0.3,0,3.01993,3.01993,0,0.565817,6.16896,4.14015e+06,2.70226e+06,1.2503e+07,0,0,0,0,62.3362,61.308,6.25164,0,1,1.37182,1.37182,0,1.05965,1.69344,8.60408e+06,3.61194e+06,1.18032e+07,0,0,0,1.26659e+08
103.622,103.622,8.98592,0.31,0,3.02056,3.02056,0,0.565935,6.16896,4.14015e+06,2.70226e+06,1.25056e+07,0,0,0,0,62.3362,61.308,10.2821,0,1,1.37211,1.37211,0,1.05987,1.69344,8.60408e+06,3.61194e+06,1.18057e+07,0,0,0,1.26659e+08
103.622,103.622,8.38608,0.32,0,3.02119,3.02119,0,0.566053,6.16896,4.14015e+06,2.70226e+06,1.25082e+07,0,0,0,0,62.3362,61.308,9.48071,0,1,1.37239,1.37239,0,1.06009,1.69344,8.60408e+06,3.61194e+06,1.18082e+07,0,0,0,1.26659e+08
103.622,103.622,8.03639,0.36,0,3.13223,3.13223,0,0.566171,6.16896,4.14015e+06,2.70226e+06,1.29679e+07,0,0,0,0,62.3362,61.308,7.82059,0,1,1.42789,1.42789,0,1.06031,1.69344,8.60408e+06,3.61194e+06,1.22856e+07,0,0,0,1.26659e+08
103.622,103.622,9.54913,0.4,0,2.85008,3.13289,0,0.58698,6.16896,4.14015e+06,3.39989e+06,1.17997e+07,0,0,0,0,62.3362,61.308,11.1734,0,1,1.29926,1.42818,0,1.10318,1.69344,8.60408e+06,4.54441e+06,1.11789e+07,0,0,0,1.26659e+08
103.622,103.622,6.74248,0.41,0,2.85067,3.13354,0,0.534104,6.16896,4.14015e+06,3.39989e+06,1.18022e+07,0,0,0,0,62.3362,61.308,6.66004,0,1,1.29953,1.42848,0,1.00381,1.69344,8.60408e+06,4.54441e+06,1.11813e+07,0,0,0,1.26659e+08
103.622,103.622,6.04078,0.39,0,3.07761,3.13419,0,0.534216,6.16896,4.14015e+06,2.83324e+06,1.27418e+07,0,0,0,0,62.3362,61.308,5.83539,0,1,1.40298,1.42878,0,1.00402,1.69344,8.60408e+06,3.78701e+06,1.20714e+07,0,0,0,1.26659e+08
103.622,103.622,6.99574,0.4,0,2.81255,3.09164,0,0.576744,6.16896,4.14015e+06,3.39989e+06,1.16444e+07,0,0,0,0,62.3362,61.308,7.3162,0,1,1.28055,1.40762,0,1.08394,1.69344,8.60408e+06,4.54441e+06,1.10179e+07,0,0,0,1.26659e+08
103.622,103.622,5.71689,0.4,0,2.81314,3.09229,0,0.527073,6.16896,4.14015e+06,3.39989e+06,1.16468e+07,0,0,0,0,62.3362,61.308,5.79583,0,1,1.28082,1.40791,0,0.989352,1.69344,8.60408e+06,4.54441e+06,1.10202e+07,0,0,0,1.26659e+08
103.622,103.622,5.01567,0.38,0,3.09293,3.09293,0,0.527182,6.16896,4.14015e+06,2.70226e+06,1.28052e+07,0,0,0,0,62.3362,61.308,5.22477,0,1,1.4082,1.4082,0,0.989559,1.69344,8.60408e+06,3.61194e+06,1.21163e+07,0,0,0,1.26659e+08
103.622,103.622,4.60596,0.37,0,3.09357,3.09357,0,0.579615,6.16896,4.14015e+06,2.70226e+06,1.28079e+07,0,0,0,0,62.3362,61.308,4.45301,0,1,1.4085,1.4085,0,1.08798,1.69344,8.60408e+06,3.61194e+06,1.21188e+07,0,0,0,1.26659e+08
103.622,103.622,4.3352,0.35,0,3.241,3.241,0,0.579736,6.16896,4.14015e+06,2.70226e+06,1.34182e+07,0,0,0,0,62.3362,61.308,4.30711,0,1,1.48496,1.48496,0,1.08821,1.69344,8.60408e+06,3.61194e+06,1.27767e+07,0,0,0,1.26659e+08
103.622,103.622,4.28623,0.31,0,3.24168,3.24168,0,0.607363,6.16896,4.14015e+06,2.70226e+06,1.3421e+07,0,0,0,0,62.3362,61.308,4.60969,0,1,1.48527,1.48527,0,1.14728,1.69344,8.60408e+06,3.61194e+06,1.27794e+07,0,0,0,1.26659e+08
103.622,103.622,3.74758,0.27,0,3.24235,3.24235,0,0.60749,6.16896,4.14015e+06,2.70226e+06,1.34238e+07,0,0,0,0,62.3362,61.308,4.71839,0,1,1.48558,1.48558,0,1.14752,1.69344,8.60408e+06,3.61194e+06,1.2782e+07,0,0,0,1.26659e+08
103.622,103.622,3.72124,0.23,0,3.24303,3.24303,0,0.607617,6.16896,4.14015e+06,2.70226e+06,1.34266e+07,0,0,0,0,62.3362,61.308,3.78721,0,1,1.48589,1.48589,0,1.14776,1.69344,8.60408e+06,3.61194e+06,1.27847e+07,0,0,0,1.26659e+08
103.622,103.622,3.25336,0.2,0,3.2437,3.2437,0,0.607743,6.16896,4.14015e+06,2.70226e+06,1.34294e+07,0,0,0,0,62.3362,61.308,3.48636,0,1,1.4862,1.4862,0,1.148,1.69344,8.60408e+06,3.61194e+06,1.27874e+07,0,0,0,1.26659e+08
103.483,103.622,2.87838,0.2,0,3.15727,3.21532,0,0.60787,6.16896,4.14015e+06,2.83324e+06,1.30716e+07,0,0,0,0,62.3362,61.308,2.45269,1,1,1.50082,1.52841,0,1.14824,1.69344,8.60408e+06,3.78701e+06,1.29132e+07,0,0,0,1.26659e+08
103.184,103.622,2.7227,0.19,0,3.15793,3.21599,0,0.591673,6.16896,4.14015e+06,2.83324e+06,1.30743e+07,0,0,0,0,62.3362,61.308,2.31396,1,1,1.50113,1.52873,0,1.15953,1.69344,8.60408e+06,3.78701e+06,1.29158e+07,0,0,0,1.26659e+08
102.673,103.622,2.49666,0.18,0,3.15859,3.21666,0,0.591796,6.16896,4.14015e+06,2.83324e+06,1.3077e+07,0,0,0,0,62.3362,61.308,2.27441,1,1,1.50144,1.52905,0,1.15977,1.69344,8.60408e+06,3.78701e+06,1.29185e+07,0,0,0,1.26659e+08
101.968,103.622,2.27527,0.18,0,3.15925,3.21733,0,0.591919,6.16896,4.14015e+06,2.83324e+06,1.30798e+07,0,0,0,0,62.2363,61.308,2.05772,1,1,1.50176,1.52937,0,1.16001,1.69344,8.60408e+06,3.78701e+06,1.29212e+07,0,0,0,1.26659e+08
101.141,103.622,2.12238,0.17,0,3.23365,3.2931,0,0.592043,6.16896,4.14015e+06,2.83324e+06,1.33878e+07,0,0,0,0,62.0852,61.308,1.89186,1,1,1.53877,1.56707,0,1.16026,1.69344,8.60408e+06,3.78701e+06,1.32397e+07,0,0,0,1.26659e+08
100.371,103.622,2.20364,0.17,0,3.23432,3.29379,0,0.605986,6.16896,4.14015e+06,2.83324e+06,1.33906e+07,0,0,0,0,61.9533,61.308,1.96577,1,1,1.53909,1.56739,0,1.18886,1.69344,8.60408e+06,3.78701e+06,1.32425e+07,0,0,0,1.26659e+08
99.4792,103.622,2.03266,0.16,0,3.235,3.29448,0,0.606112,6.16896,4.14015e+06,2.83324e+06,1.33934e+07,0,0,0,0,61.5519,61.308,1.87081,1,1,1.53941,1.56772,0,1.1891,1.69344,8.60408e+06,3.78701e+06,1.32452e+07,0,0,0,1.26659e+08
98.4364,103.622,1.85081,0.16,0,3.23567,3.29516,0,0.606238,6.16896,4.14015e+06,2.83324e+06,1.33962e+07,0,0,0,0,61.3046,61.308,1.63635,1,1,1.53973,1.56804,0,1.18935,1.69344,8.60408e+06,3.78701e+06,1.3248e+07,0,0,0,1.26659e+08
97.3621,103.622,2.00172,0.16,0,3.45249,3.51596,0,0.606365,6.16896,4.14015e+06,2.83324e+06,1.42938e+07,0,0,0,0,60.8094,61.308,2.06421,1,1,1.67265,1.7034,0,1.1896,1.69344,8.60408e+06,3.78701e+06,1.43916e+07,0,0,0,1.26659e+08
95.6033,103.622,1.2273,0.16,0,3.45321,3.5167,0,0.646996,6.16896,4.14015e+06,2.83324e+06,1.42968e+07,0,0,0,0,60.08,61.308,1.50856,1,1,1.673,1.70376,0,1.29229,1.69344,8.60408e+06,3.78701e+06,1.43946e+07,0,0,0,1.26659e+08
93.8438,103.622,1.19993,0.19,0,3.45392,3.51743,0,0.647131,6.16896,4.14015e+06,2.83324e+06,1.42998e+07,0,0,0,0,59.4951,61.308,1.41967,1,1,1.67334,1.70411,0,1.29256,1.69344,8.60408e+06,3.78701e+06,1.43976e+07,0,0,0,1.26659e+08
92.5567,103.622,1.6748,0.19,0,3.45464,3.51816,0,0.647265,6.16896,4.14015e+06,2.83324e+06,1.43027e+07,0,0,0,0,59.0555,61.308,1.65936,1,1,1.67369,1.70447,0,1.29283,1.69344,8.60408e+06,3.78701e+06,1.44006e+07,0,0,0,1.26659e+08
91.8957,103.622,2.37765,0.19,0,3.45536,3.51889,0,0.6474,6.16896,4.14015e+06,2.83324e+06,1.43057e+07,0,0,0,0,58.7892,61.308,1.91985,1,1,1.67404,1.70482,0,1.29309,1.69344,8.60408e+06,3.78701e+06,1.44036e+07,0,0,0,1.26659e+08
91.1406,103.622,2.11293,0.19,0,3.35063,3.41224,0,0.647535,6.16896,4.14015e+06,2.83324e+06,1.38721e+07,0,0,0,0,58.2149,61.308,1.94472,1,1,1.59383,1.62313,0,1.29336,1.69344,8.60408e+06,3.78701e+06,1.37134e+07,0,0,0,1.26659e+08
89.4728,103.622,1.12488,0.19,0,3.35133,3.41295,0,0.627909,6.16896,4.14015e+06,2.83324e+06,1.3875e+07,0,0,0,0,57.1999,61.308,1.22878,1,1,1.59416,1.62347,0,1.23139,1.69344,8.60408e+06,3.78701e+06,1.37163e+07,0,0,0,1.26659e+08
87.7593,103.622,0.995204,0.2,0,3.35203,3.41366,0,0.628039,6.16896,4.14015e+06,2.83324e+06,1.38779e+07,0,0,0,0,56.7826,61.308,1.0378,1,1,1.59449,1.62381,0,1.23165,1.69344,8.60408e+06,3.78701e+06,1.37191e+07,0,0,0,1.26659e+08
87.4074,103.622,2.59105,0.2,0,3.35273,3.41437,0,0.62817,6.16896,4.14015e+06,2.83324e+06,1.38808e+07,0,0,0,0,56.2304,61.308,2.35191,1,1,1.59482,1.62415,0,1.2319,1.69344,8.60408e+06,3.78701e+06,1.3722e+07,0,0,0,1.26659e+08
86.2393,103.622,1.67821,0.2,0,3.2668,3.32686,0,0.628301,6.16896,4.14015e+06,2.83324e+06,1.3525e+07,0,0,0,0,55.9317,61.308,1.24376,1,1,1.52176,1.54974,0,1.23216,1.69344,8.60408e+06,3.78701e+06,1.30934e+07,0,0,0,1.26659e+08
84.7327,103.622,1.31373,0.2,0,3.26748,3.32755,0,0.612198,6.16896,4.14015e+06,2.83324e+06,1.35279e+07,0,0,0,0,55.6557,61.308,1.9837,1,1,1.52208,1.55006,0,1.17571,1.69344,8.60408e+06,3.78701e+06,1.30961e+07,0,0,0,1.26659e+08
85.1312,103.622,3.42111,0.2,0,3.26816,3.32825,0,0.612325,6.16896,4.14015e+06,2.83324e+06,1.35307e+07,0,0,0,0,56.0086,61.308,3.96235,1,1,1.5224,1.55039,0,1.17596,1.69344,8.60408e+06,3.78701e+06,1.30988e+07,0,0,0,1.26659e+08
84.2246,103.622,1.99117,0.21,0,3.26884,3.32894,0,0.612453,6.16896,4.14015e+06,2.83324e+06,1.35335e+07,0,0,0,0,55.9759,61.308,1.97866,1,1,1.52271,1.55071,0,1.1762,1.69344,8.60408e+06,3.78701e+06,1.31015e+07,0,0,0,1.26659e+08
84.1997,103.622,2.80396,0.22,0,3.07887,3.07887,0,0.61258,6.16896,4.14015e+06,2.70226e+06,1.2747e+07,0,0,0,0,56.0802,61.308,2.14761,0,1,1.39524,1.39524,0,1.17645,1.69344,8.60408e+06,3.61194e+06,1.20047e+07,0,0,0,1.26659e+08
87.6972,103.622,6.72305,0.22,0,3.07951,3.07951,0,0.576981,6.16896,4.14015e+06,2.70226e+06,1.27497e+07,0,0,0,0,57.2198,61.308,6.35621,0,1,1.39553,1.39553,0,1.07796,1.69344,8.60408e+06,3.61194e+06,1.20072e+07,0,0,0,1.26659e+08
88.4874,103.622,3.91233,0.23,0,3.08015,3.08015,0,0.577101,6.16896,4.14015e+06,2.70226e+06,1.27523e+07,0,0,0,0,57.6612,61.308,4.0677,0,1,1.39582,1.39582,0,1.07818,1.69344,8.60408e+06,3.61194e+06,1.20097e+07,0,0,0,1.26659e+08
88.4743,103.622,3.09797,0.24,0,3.08079,3.08079,0,0.577221,6.16896,4.14015e+06,2.70226e+06,1.2755e+07,0,0,0,0,57.7254,61.308,2.74473,0,1,1.39611,1.39611,0,1.07841,1.69344,8.60408e+06,3.61194e+06,1.20122e+07,0,0,0,1.26659e+08
90.1321,103.622,4.9037,0.24,0,3.08144,3.08144,0,0.577341,6.16896,4.14015e+06,2.70226e+06,1.27576e+07,0,0,0,0,58.2374,61.308,4.39139,0,1,1.3964,1.3964,0,1.07863,1.69344,8.60408e+06,3.61194e+06,1.20147e+07,0,0,0,1.26659e+08
91.7631,103.622,4.90899,0.23,0,3.17861,3.17861,0,0.577461,6.16896,4.14015e+06,2.70226e+06,1.31599e+07,0,0,0,0,58.8007,61.308,3.85537,0,1,1.44184,1.44184,0,1.07886,1.69344,8.60408e+06,3.61194e+06,1.24057e+07,0,0,0,1.26659e+08
94.7342,103.622,6.2768,0.23,0,3.17924,3.17924,0,0.595671,6.16896,4.14015e+06,2.70226e+06,1.31625e+07,0,0,0,0,59.4713,61.308,3.90499,0,1,1.44212,1.44212,0,1.11397,1.69344,8.60408e+06,3.61194e+06,1.24082e+07,0,0,0,1.26659e+08
96.0142,103.622,4.49906,0.23,0,3.17987,3.17987,0,0.595789,6.16896,4.14015e+06,2.70226e+06,1.31651e+07,0,0,0,0,59.8835,61.308,3.04506,0,1,1.44241,1.44241,0,1.11419,1.69344,8.60408e+06,3.61194e+06,1.24106e+07,0,0,0,1.26659e+08
96.953,103.622,4.13461,0.25,0,3.18049,3.18049,0,0.595907,6.16896,4.14015e+06,2.70226e+06,1.31677e+07,0,0,0,0,59.5422,61.308,2.68733,0,1,1.44269,1.44269,0,1.11441,1.69344,8.60408e+06,3.61194e+06,1.24131e+07,0,0,0,1.26659e+08
97.4695,103.622,3.90947,0.23,0,3.42837,3.4914,0,0.596024,6.16896,4.14015e+06,2.83324e+06,1.4194e+07,0,0,0,0,59.4339,61.308,1.52516,1,1,1.58353,1.61264,0,1.11463,1.69344,8.60408e+06,3.78701e+06,1.36248e+07,0,0,0,1.26659e+08
99.363,103.622,5.54066,0.23,0,3.42904,3.49209,0,0.642476,6.16896,4.14015e+06,2.83324e+06,1.41968e+07,0,0,0,0,59.9994,61.308,3.36428,1,1,1.58384,1.61296,0,1.22343,1.69344,8.60408e+06,3.78701e+06,1.36275e+07,0,0,0,1.26659e+08
103.622,103.622,8.77836,0.25,0,3.42972,3.49278,0,0.642603,6.16896,4.14015e+06,2.83324e+06,1.41996e+07,0,0,0,0,61.3277,61.308,5.62309,1,1,1.58415,1.61328,0,1.22368,1.69344,8.60408e+06,3.78701e+06,1.36302e+07,0,0,0,1.26659e+08
103.622,103.622,6.09505,0.26,0,3.4304,3.49347,0,0.64273,6.16896,4.14015e+06,2.83324e+06,1.42024e+07,0,0,0,0,61.8347,61.308,3.76372,1,1,1.58447,1.6136,0,1.22392,1.69344,8.60408e+06,3.78701e+06,1.36329e+07,0,0,0,1.26659e+08
103.622,103.622,4.54205,0.27,0,3.05125,3.05125,0,0.642857,6.16896,4.14015e+06,2.70226e+06,1.26327e+07,0,0,0,0,62.1159,61.308,2.54352,0,1,1.38605,1.38605,0,1.22416,1.69344,8.60408e+06,3.61194e+06,1.19257e+07,0,0,0,1.26659e+08
103.622,103.622,4.76962,0.27,0,3.05186,3.05186,0,0.571805,6.16896,4.14015e+06,2.70226e+06,1.26351e+07,0,0,0,0,62.3362,61.308,2.93258,0,1,1.38632,1.38632,0,1.07086,1.69344,8.60408e+06,3.61194e+06,1.1928e+07,0,0,0,1.26659e+08
103.622,103.622,4.78638,0.29,0,3.05246,3.05246,0,0.571918,6.16896,4.14015e+06,2.70226e+06,1.26376e+07,0,0,0,0,62.3362,61.308,3.44872,0,1,1.38659,1.38659,0,1.07107,1.69344,8.60408e+06,3.61194e+06,1.19304e+07,0,0,0,1.26659e+08
103.622,103.622,6.71988,0.3,0,3.05306,3.05306,0,0.572031,6.16896,4.14015e+06,2.70226e+06,1.26401e+07,0,0,0,0,62.3362,61.308,3.65723,0,1,1.38687,1.38687,0,1.07128,1.69344,8.60408e+06,3.61194e+06,1.19327e+07,0,0,0,1.26659e+08
103.622,103.622,6.60074,0.34,0,3.05366,3.05366,0,0.572144,6.16896,4.14015e+06,2.70226e+06,1.26426e+07,0,0,0,0,62.3362,61.308,3.5336,0,1,1.38714,1.38714,0,1.07149,1.69344,8.60408e+06,3.61194e+06,1.19351e+07,0,0,0,1.26659e+08
103.622,103.622,8.01741,0.38,0,3.16586,3.16586,0,0.572257,6.16896,4.14015e+06,2.70226e+06,1.31072e+07,0,0,0,0,62.3362,61.308,4.31634,0,1,1.44322,1.44322,0,1.07171,1.69344,8.60408e+06,3.61194e+06,1.24175e+07,0,0,0,1.26659e+08
103.622,103.622,6.42898,0.4,0,2.88064,3.16649,0,0.593283,6.16896,4.14015e+06,3.39989e+06,1.19263e+07,0,0,0,0,62.3362,61.308,4.05804,0,1,1.31319,1.4435,0,1.11503,1.69344,8.60408e+06,4.54441e+06,1.12988e+07,0,0,0,1.26659e+08
103.622,103.622,5.30928,0.42,0,2.88121,3.16711,0,0.539833,6.16896,4.14015e+06,3.39989e+06,1.19287e+07,0,0,0,0,62.3362,61.308,3.63079,0,1,1.31345,1.44379,0,1.01457,1.69344,8.60408e+06,4.54441e+06,1.13011e+07,0,0,0,1.26659e+08
103.622,103.622,4.54147,0.4,0,2.88178,3.16774,0,0.539939,6.16896,4.14015e+06,3.39989e+06,1.1931e+07,0,0,0,0,62.3362,61.308,3.22516,0,1,1.31371,1.44407,0,1.01477,1.69344,8.60408e+06,4.54441e+06,1.13033e+07,0,0,0,1.26659e+08
103.622,103.622,4.26162,0.38,0,3.1247,3.1247,0,0.540046,6.16896,4.14015e+06,2.70226e+06,1.29367e+07,0,0,0,0,62.3362,61.308,3.48271,0,1,1.42267,1.42267,0,1.01497,1.69344,8.60408e+06,3.61194e+06,1.22407e+07,0,0,0,1.26659e+08
103.622,103.622,3.62642,0.38,0,3.12531,3.12531,0,0.585568,6.16896,4.14015e+06,2.70226e+06,1.29393e+07,0,0,0,0,62.3362,61.308,3.02958,0,1,1.42295,1.42295,0,1.09915,1.69344,8.60408e+06,3.61194e+06,1.22432e+07,0,0,0,1.26659e+08
103.534,103.622,3.02491,0.39,0,3.06949,3.12593,0,0.585683,6.16896,4.14015e+06,2.83324e+06,1.27082e+07,0,0,0,0,62.3163,61.308,2.77068,0,1,1.39753,1.42323,0,1.09937,1.69344,8.60408e+06,3.78701e+06,1.20245e+07,0,0,0,1.26659e+08
103.15,103.622,2.76565,0.36,0,3.12655,3.12655,0,0.575223,6.16896,4.14015e+06,2.70226e+06,1.29444e+07,0,0,0,0,62.3362,61.308,2.18542,0,1,1.42351,1.42351,0,1.07973,1.69344,8.60408e+06,3.61194e+06,1.2248e+07,0,0,0,1.26659e+08
103.253,103.622,3.35221,0.34,0,3.27551,3.27551,0,0.585915,6.16896,4.14015e+06,2.70226e+06,1.35611e+07,0,0,0,0,62.3362,61.308,2.45363,0,1,1.50077,1.50077,0,1.0998,1.69344,8.60408e+06,3.61194e+06,1.29127e+07,0,0,0,1.26659e+08
102.868,103.622,2.76845,0.31,0,3.27615,3.27615,0,0.61383,6.16896,4.14015e+06,2.70226e+06,1.35638e+07,0,0,0,0,62.3362,61.308,2.52591,0,1,1.50106,1.50106,0,1.15949,1.69344,8.60408e+06,3.61194e+06,1.29153e+07,0,0,0,1.26659e+08
102.283,103.622,2.54046,0.28,0,3.2768,3.2768,0,0.613951,6.16896,4.14015e+06,2.70226e+06,1.35664e+07,0,0,0,0,62.3362,61.308,2.28907,0,1,1.50136,1.50136,0,1.15972,1.69344,8.60408e+06,3.61194e+06,1.29178e+07,0,0,0,1.26659e+08
101.589,103.622,2.3584,0.24,0,3.27744,3.27744,0,0.614072,6.16896,4.14015e+06,2.70226e+06,1.35691e+07,0,0,0,0,62.3246,61.308,2.2033,0,1,1.50166,1.50166,0,1.15995,1.69344,8.60408e+06,3.61194e+06,1.29204e+07,0,0,0,1.26659e+08
100.789,103.622,2.23823,0.21,0,3.27809,3.27809,0,0.614193,6.16896,4.14015e+06,2.70226e+06,1.35718e+07,0,0,0,0,62.3131,61.308,2.06962,0,1,1.50195,1.50195,0,1.16018,1.69344,8.60408e+06,3.61194e+06,1.29229e+07,0,0,0,1.26659e+08
101.573,103.622,3.79792,0.21,0,3.19071,3.24937,0,0.614314,6.16896,4.14015e+06,2.83324e+06,1.321e+07,0,0,0,0,62.3362,61.308,2.67532,1,1,1.51671,1.5446,0,1.16041,1.69344,8.60408e+06,3.78701e+06,1.30499e+07,0,0,0,1.26659e+08
102.261,103.622,3.78306,0.19,0,3.19134,3.25001,0,0.597939,6.16896,4.14015e+06,2.83324e+06,1.32126e+07,0,0,0,0,62.3362,61.308,2.65779,1,1,1.51701,1.5449,0,1.17181,1.69344,8.60408e+06,3.78701e+06,1.30525e+07,0,0,0,1.26659e+08
102.573,103.622,3.41748,0.18,0,3.19197,3.25065,0,0.598056,6.16896,4.14015e+06,2.83324e+06,1.32152e+07,0,0,0,0,62.335,61.308,2.45683,1,1,1.51731,1.54521,0,1.17204,1.69344,8.60408e+06,3.78701e+06,1.30551e+07,0,0,0,1.26659e+08
102.687,103.622,3.20174,0.17,0,3.1926,3.2513,0,0.598174,6.16896,4.14015e+06,2.83324e+06,1.32178e+07,0,0,0,0,62.2985,61.308,2.38362,1,1,1.51761,1.54551,0,1.17227,1.69344,8.60408e+06,3.78701e+06,1.30576e+07,0,0,0,1.26659e+08
102.819,103.622,3.2222,0.16,0,3.26775,3.32783,0,0.598292,6.16896,4.14015e+06,2.83324e+06,1.3529e+07,0,0,0,0,62.1611,61.308,2.26578,1,1,1.555,1.58359,0,1.1725,1.69344,8.60408e+06,3.78701e+06,1.33793e+07,0,0,0,1.26659e+08
103.114,103.622,3.34321,0.16,0,3.26839,3.32849,0,0.612376,6.16896,4.14015e+06,2.83324e+06,1.35316e+07,0,0,0,0,62.0067,61.308,2.31515,1,1,1.55531,1.5839,0,1.20139,1.69344,8.60408e+06,3.78701e+06,1.3382e+07,0,0,0,1.26659e+08
103.059,103.622,2.98888,0.15,0,3.26904,3.32914,0,0.612497,6.16896,4.14015e+06,2.83324e+06,1.35343e+07,0,0,0,0,61.8103,61.308,2.18982,1,1,1.55561,1.58421,0,1.20163,1.69344,8.60408e+06,3.78701e+06,1.33846e+07,0,0,0,1.26659e+08
102.775,103.622,2.74315,0.15,0,3.26968,3.3298,0,0.612618,6.16896,4.14015e+06,2.83324e+06,1.3537e+07,0,0,0,0,61.5922,61.308,2.0463,1,1,1.55592,1.58453,0,1.20187,1.69344,8.60408e+06,3.78701e+06,1.33873e+07,0,0,0,1.26659e+08
102.012,103.622,2.38989,0.15,0,3.48874,3.55288,0,0.612738,6.16896,4.14015e+06,2.83324e+06,1.44439e+07,0,0,0,0,61.2313,61.308,2.02981,1,1,1.69021,1.72129,0,1.2021,1.69344,8.60408e+06,3.78701e+06,1.45427e+07,0,0,0,1.26659e+08
101.762,103.622,2.91393,0.15,0,3.48943,3.55358,0,0.653789,6.16896,4.14015e+06,2.83324e+06,1.44468e+07,0,0,0,0,60.8327,61.308,2.13251,1,1,1.69054,1.72163,0,1.30586,1.69344,8.60408e+06,3.78701e+06,1.45456e+07,0,0,0,1.26659e+08
101.588,103.622,2.96443,0.15,0,3.49011,3.55428,0,0.653918,6.16896,4.14015e+06,2.83324e+06,1.44496e+07,0,0,0,0,60.4774,61.308,2.26747,1,1,1.69088,1.72197,0,1.30611,1.69344,8.60408e+06,3.78701e+06,1.45484e+07,0,0,0,1.26659e+08
100.942,103.622,2.50142,0.15,0,3.4908,3.55498,0,0.654047,6.16896,4.14015e+06,2.83324e+06,1.44524e+07,0,0,0,0,60.0425,61.308,1.99539,1,1,1.69121,1.72231,0,1.30637,1.69344,8.60408e+06,3.78701e+06,1.45513e+07,0,0,0,1.26659e+08
100.537,103.622,2.74339,0.15,0,3.49149,3.55568,0,0.654176,6.16896,4.14015e+06,2.83324e+06,1.44553e+07,0,0,0,0,59.8086,61.308,2.64679,1,1,1.69154,1.72264,0,1.30663,1.69344,8.60408e+06,3.78701e+06,1.45542e+07,0,0,0,1.26659e+08
99.8286,103.622,2.34086,0.15,0,3.38563,3.44788,0,0.654305,6.16896,4.14015e+06,2.83324e+06,1.4017e+07,0,0,0,0,59.534,61.308,2.26467,1,1,1.61047,1.64008,0,1.30689,1.69344,8.60408e+06,3.78701e+06,1.38566e+07,0,0,0,1.26659e+08
98.798,103.622,1.98966,0.15,0,3.38629,3.44856,0,0.634467,6.16896,4.14015e+06,2.83324e+06,1.40198e+07,0,0,0,0,59.2632,61.308,1.9365,1,1,1.61079,1.64041,0,1.24425,1.69344,8.60408e+06,3.78701e+06,1.38594e+07,0,0,0,1.26659e+08
98.6433,103.622,2.90371,0.15,0,3.38696,3.44923,0,0.634592,6.16896,4.14015e+06,2.83324e+06,1.40225e+07,0,0,0,0,59.0945,61.308,2.35489,1,1,1.61111,1.64073,0,1.2445,1.69344,8.60408e+06,3.78701e+06,1.38621e+07,0,0,0,1.26659e+08
99.4185,103.622,4.03153,0.15,0,3.38763,3.44991,0,0.634717,6.16896,4.14015e+06,2.83324e+06,1.40253e+07,0,0,0,0,59.341,61.308,3.82219,1,1,1.61143,1.64105,0,1.24474,1.69344,8.60408e+06,3.78701e+06,1.38648e+07,0,0,0,1.26659e+08
99.108,103.622,2.80689,0.15,0,3.30077,3.36146,0,0.634842,6.16896,4.14015e+06,2.83324e+06,1.36657e+07,0,0,0,0,59.2359,61.308,2.59405,1,1,1.53759,1.56586,0,1.24499,1.69344,8.60408e+06,3.78701e+06,1.32295e+07,0,0,0,1.26659e+08
97.8095,103.622,1.68866,0.15,0,3.30142,3.36212,0,0.618564,6.16896,4.14015e+06,2.83324e+06,1.36684e+07,0,0,0,0,58.9969,61.308,1.57094,1,1,1.53789,1.56617,0,1.18794,1.69344,8.60408e+06,3.78701e+06,1.32321e+07,0,0,0,1.26659e+08
96.5699,103.622,1.77436,0.15,0,3.30207,3.36278,0,0.618686,6.16896,4.14015e+06,2.83324e+06,1.36711e+07,0,0,0,0,58.9616,61.308,2.87473,1,1,1.53819,1.56647,0,1.18817,1.69344,8.60408e+06,3.78701e+06,1.32347e+07,0,0,0,1.26659e+08
98.0913,103.622,4.89645,0.17,0,3.30272,3.36344,0,0.618808,6.16896,4.14015e+06,2.83324e+06,1.36738e+07,0,0,0,0,60.2178,61.308,6.45946,1,1,1.5385,1.56678,0,1.18841,1.69344,8.60408e+06,3.78701e+06,1.32373e+07,0,0,0,1.26659e+08
98.1599,103.622,3.13018,0.14,0,3.11075,3.11075,0,0.61893,6.16896,4.14015e+06,2.70226e+06,1.2879e+07,0,0,0,0,60.8642,61.308,2.76801,0,1,1.40968,1.40968,0,1.18864,1.69344,8.60408e+06,3.61194e+06,1.2129e+07,0,0,0,1.26659e+08
97.3618,103.622,2.22474,0.15,0,3.11136,3.11136,0,0.582955,6.16896,4.14015e+06,2.70226e+06,1.28815e+07,0,0,0,0,61.1422,61.308,2.78039,0,1,1.40996,1.40996,0,1.08912,1.69344,8.60408e+06,3.61194e+06,1.21314e+07,0,0,0,1.26659e+08
98.4691,103.622,4.33961,0.15,0,3.11198,3.11198,0,0.58307,6.16896,4.14015e+06,2.70226e+06,1.28841e+07,0,0,0,0,61.9663,61.308,4.54535,0,1,1.41024,1.41024,0,1.08934,1.69344,8.60408e+06,3.61194e+06,1.21338e+07,0,0,0,1.26659e+08
99.0915,103.622,3.83267,0.17,0,3.11259,3.11259,0,0.583184,6.16896,4.14015e+06,2.70226e+06,1.28866e+07,0,0,0,0,62.3362,61.308,3.15882,0,1,1.41052,1.41052,0,1.08955,1.69344,8.60408e+06,3.61194e+06,1.21362e+07,0,0,0,1.26659e+08
101.296,103.622,5.63017,0.18,0,3.1132,3.1132,0,0.583299,6.16896,4.14015e+06,2.70226e+06,1.28891e+07,0,0,0,0,62.3362,61.308,6.16325,0,1,1.41079,1.41079,0,1.08976,1.69344,8.60408e+06,3.61194e+06,1.21386e+07,0,0,0,1.26659e+08
103.622,103.622,9.87687,0.19,0,3.21134,3.21134,0,0.583414,6.16896,4.14015e+06,2.70226e+06,1.32954e+07,0,0,0,0,62.3362,61.308,8.0872,0,1,1.45669,1.45669,0,1.08998,1.69344,8.60408e+06,3.61194e+06,1.25335e+07,0,0,0,1.26659e+08
103.622,103.622,7.30466,0.2,0,3.21194,3.21194,0,0.601806,6.16896,4.14015e+06,2.70226e+06,1.32979e+07,0,0,0,0,62.3362,61.308,7.54548,0,1,1.45696,1.45696,0,1.12544,1.69344,8.60408e+06,3.61194e+06,1.25358e+07,0,0,0,1.26659e+08
103.622,103.622,9.06254,0.21,0,3.21254,3.21254,0,0.601918,6.16896,4.14015e+06,2.70226e+06,1.33004e+07,0,0,0,0,62.3362,61.308,8.53615,0,1,1.45723,1.45723,0,1.12565,1.69344,8.60408e+06,3.61194e+06,1.25381e+07,0,0,0,1.26659e+08
103.622,103.622,8.10712,0.22,0,3.21314,3.21314,0,0.60203,6.16896,4.14015e+06,2.70226e+06,1.33029e+07,0,0,0,0,62.3362,61.308,9.2097,0,1,1.4575,1.4575,0,1.12586,1.69344,8.60408e+06,3.61194e+06,1.25405e+07,0,0,0,1.26659e+08
103.622,103.622,9.96942,0.24,0,3.46352,3.5272,0,0.602143,6.16896,4.14015e+06,2.83324e+06,1.43395e+07,0,0,0,0,62.3362,61.308,8.49474,1,1,1.59976,1.62918,0,1.12607,1.69344,8.60408e+06,3.78701e+06,1.37645e+07,0,0,0,1.26659e+08
103.622,103.622,16.3702,0.27,0,3.46417,3.52786,0,0.649064,6.16896,4.14015e+06,2.83324e+06,1.43422e+07,0,0,0,0,62.3362,61.308,14.6047,1,1,1.60006,1.62948,0,1.23598,1.69344,8.60408e+06,3.78701e+06,1.37671e+07,0,0,0,1.26659e+08
103.622,103.622,10.409,0.27,0,3.46481,3.52852,0,0.649185,6.16896,4.14015e+06,2.83324e+06,1.43448e+07,0,0,0,0,62.3362,61.308,9.28081,1,1,1.60036,1.62979,0,1.23621,1.69344,8.60408e+06,3.78701e+06,1.37696e+07,0,0,0,1.26659e+08
103.622,103.622,8.54896,0.27,0,3.46546,3.52918,0,0.649306,6.16896,4.14015e+06,2.83324e+06,1.43475e+07,0,0,0,0,62.3362,61.308,9.95634,1,1,1.60066,1.63009,0,1.23644,1.69344,8.60408e+06,3.78701e+06,1.37722e+07,0,0,0,1.26659e+08
103.622,103.622,9.39177,0.27,0,3.0824,3.0824,0,0.649427,6.16896,4.14015e+06,2.70226e+06,1.27616e+07,0,0,0,0,62.3362,61.308,9.80658,0,1,1.4002,1.4002,0,1.23667,1.69344,8.60408e+06,3.61194e+06,1.20474e+07,0,0,0,1.26659e+08
103.622,103.622,11.3558,0.29,0,3.08298,3.08298,0,0.577643,6.16896,4.14015e+06,2.70226e+06,1.2764e+07,0,0,0,0,62.3362,61.308,8.9299,0,1,1.40046,1.40046,0,1.08179,1.69344,8.60408e+06,3.61194e+06,1.20497e+07,0,0,0,1.26659e+08
103.622,103.622,10.2919,0.3,0,3.08355,3.08355,0,0.57775,6.16896,4.14015e+06,2.70226e+06,1.27664e+07,0,0,0,0,62.3362,61.308,7.06086,0,1,1.40072,1.40072,0,1.08199,1.69344,8.60408e+06,3.61194e+06,1.20519e+07,0,0,0,1.26659e+08
103.622,103.622,11.2065,0.35,0,3.08413,3.08413,0,0.577858,6.16896,4.14015e+06,2.70226e+06,1.27688e+07,0,0,0,0,62.3362,61.308,7.74761,0,1,1.40098,1.40098,0,1.0822,1.69344,8.60408e+06,3.61194e+06,1.20542e+07,0,0,0,1.26659e+08
103.622,103.622,9.96769,0.41,0,2.80624,3.0847,0,0.577966,6.16896,4.14015e+06,3.39989e+06,1.16183e+07,0,0,0,0,62.3362,61.308,6.68007,0,1,1.27475,1.40124,0,1.0824,1.69344,8.60408e+06,4.54441e+06,1.0968e+07,0,0,0,1.26659e+08
103.622,103.622,8.49366,0.46,0,2.90932,3.19801,0,0.52589,6.16896,4.14015e+06,3.39989e+06,1.2045e+07,0,0,0,0,62.3362,61.308,6.2399,0,1,1.32627,1.45787,0,0.984872,1.69344,8.60408e+06,4.54441e+06,1.14113e+07,0,0,0,1.26659e+08
103.622,103.622,9.2306,0.46,0,2.90986,3.19861,0,0.545207,6.16896,4.14015e+06,3.39989e+06,1.20473e+07,0,0,0,0,62.3362,61.308,9.02794,0,1,1.32651,1.45814,0,1.02467,1.69344,8.60408e+06,4.54441e+06,1.14134e+07,0,0,0,1.26659e+08
103.622,103.622,7.72248,0.46,0,2.9104,3.1992,0,0.545308,6.16896,4.14015e+06,3.39989e+06,1.20495e+07,0,0,0,0,62.3362,61.308,7.35947,0,1,1.32676,1.45841,0,1.02486,1.69344,8.60408e+06,4.54441e+06,1.14156e+07,0,0,0,1.26659e+08
103.622,103.622,6.13771,0.46,0,2.91095,3.1998,0,0.54541,6.16896,4.14015e+06,3.39989e+06,1.20518e+07,0,0,0,0,62.3362,61.308,5.26186,0,1,1.32701,1.45869,0,1.02506,1.69344,8.60408e+06,4.54441e+06,1.14177e+07,0,0,0,1.26659e+08
103.622,103.622,5.45288,0.43,0,2.87136,3.15628,0,0.545512,6.16896,4.14015e+06,3.39989e+06,1.18879e+07,0,0,0,0,62.3362,61.308,4.4671,0,1,1.30732,1.43705,0,1.02525,1.69344,8.60408e+06,4.54441e+06,1.12483e+07,0,0,0,1.26659e+08
103.622,103.622,5.01516,0.4,0,2.8719,3.15687,0,0.538093,6.16896,4.14015e+06,3.39989e+06,1.18901e+07,0,0,0,0,62.3362,61.308,4.29178,0,1,1.30757,1.43732,0,1.01004,1.69344,8.60408e+06,4.54441e+06,1.12504e+07,0,0,0,1.26659e+08
103.622,103.622,4.69421,0.4,0,2.87243,3.15746,0,0.538194,6.16896,4.14015e+06,3.39989e+06,1.18923e+07,0,0,0,0,62.3362,61.308,4.205,0,1,1.30781,1.43758,0,1.01023,1.69344,8.60408e+06,4.54441e+06,1.12525e+07,0,0,0,1.26659e+08
103.622,103.622,4.56728,0.37,0,3.15805,3.15805,0,0.538294,6.16896,4.14015e+06,2.70226e+06,1.30748e+07,0,0,0,0,62.3362,61.308,5.13644,0,1,1.43785,1.43785,0,1.01042,1.69344,8.60408e+06,3.61194e+06,1.23714e+07,0,0,0,1.26659e+08
103.622,103.622,4.16676,0.36,0,3.30847,3.30847,0,0.591819,6.16896,4.14015e+06,2.70226e+06,1.36976e+07,0,0,0,0,62.3362,61.308,4.23598,0,1,1.51587,1.51587,0,1.11089,1.69344,8.60408e+06,3.61194e+06,1.30427e+07,0,0,0,1.26659e+08
103.622,103.622,3.87979,0.34,0,3.30909,3.30909,0,0.620008,6.16896,4.14015e+06,2.70226e+06,1.37001e+07,0,0,0,0,62.3362,61.308,3.64993,0,1,1.51616,1.51616,0,1.17116,1.69344,8.60408e+06,3.61194e+06,1.30451e+07,0,0,0,1.26659e+08
103.622,103.622,3.94529,0.3,0,3.30971,3.30971,0,0.620124,6.16896,4.14015e+06,2.70226e+06,1.37027e+07,0,0,0,0,62.3362,61.308,4.23112,0,1,1.51644,1.51644,0,1.17138,1.69344,8.60408e+06,3.61194e+06,1.30476e+07,0,0,0,1.26659e+08
103.622,103.622,3.47781,0.28,0,3.31032,3.31032,0,0.620239,6.16896,4.14015e+06,2.70226e+06,1.37052e+07,0,0,0,0,62.3362,61.308,3.55182,0,1,1.51672,1.51672,0,1.1716,1.69344,8.60408e+06,3.61194e+06,1.305e+07,0,0,0,1.26659e+08
103.622,103.622,3.27553,0.25,0,3.31094,3.31094,0,0.620355,6.16896,4.14015e+06,2.70226e+06,1.37078e+07,0,0,0,0,62.3362,61.308,3.06409,0,1,1.517,1.517,0,1.17182,1.69344,8.60408e+06,3.61194e+06,1.30524e+07,0,0,0,1.26659e+08
103.622,103.622,3.30086,0.21,0,3.22265,3.2819,0,0.62047,6.16896,4.14015e+06,2.83324e+06,1.33422e+07,0,0,0,0,62.3362,61.308,2.60454,1,1,1.53189,1.56006,0,1.17204,1.69344,8.60408e+06,3.78701e+06,1.31805e+07,0,0,0,1.26659e+08
103.622,103.622,3.19412,0.2,0,3.22325,3.28251,0,0.603924,6.16896,4.14015e+06,2.83324e+06,1.33447e+07,0,0,0,0,62.3362,61.308,2.57259,1,1,1.53218,1.56035,0,1.18354,1.69344,8.60408e+06,3.78701e+06,1.3183e+07,0,0,0,1.26659e+08
103.416,103.622,2.89092,0.18,0,3.22385,3.28312,0,0.604036,6.16896,4.14015e+06,2.83324e+06,1.33472e+07,0,0,0,0,62.3362,61.308,2.30242,1,1,1.53246,1.56064,0,1.18376,1.69344,8.60408e+06,3.78701e+06,1.31854e+07,0,0,0,1.26659e+08
103.056,103.622,2.70782,0.18,0,3.22445,3.28373,0,0.604149,6.16896,4.14015e+06,2.83324e+06,1.33497e+07,0,0,0,0,62.3362,61.308,2.32942,1,1,1.53275,1.56093,0,1.18398,1.69344,8.60408e+06,3.78701e+06,1.31879e+07,0,0,0,1.26659e+08
102.603,103.622,2.64383,0.18,0,3.30031,3.36099,0,0.604261,6.16896,4.14015e+06,2.83324e+06,1.36638e+07,0,0,0,0,62.105,61.308,2.15628,1,1,1.5705,1.59937,0,1.1842,1.69344,8.60408e+06,3.78701e+06,1.35127e+07,0,0,0,1.26659e+08
102.108,103.622,2.55504,0.17,0,3.30093,3.36162,0,0.618479,6.16896,4.14015e+06,2.83324e+06,1.36663e+07,0,0,0,0,61.9486,61.308,1.81697,1,1,1.57079,1.59967,0,1.21337,1.69344,8.60408e+06,3.78701e+06,1.35152e+07,0,0,0,1.26659e+08
101.521,103.622,2.41432,0.18,0,3.30154,3.36225,0,0.618594,6.16896,4.14015e+06,2.83324e+06,1.36689e+07,0,0,0,0,61.6906,61.308,1.94234,1,1,1.57108,1.59997,0,1.21359,1.69344,8.60408e+06,3.78701e+06,1.35177e+07,0,0,0,1.26659e+08
101.226,103.622,2.73605,0.17,0,3.30216,3.36287,0,0.618709,6.16896,4.14015e+06,2.83324e+06,1.36714e+07,0,0,0,0,61.4373,61.308,2.03322,1,1,1.57137,1.60027,0,1.21382,1.69344,8.60408e+06,3.78701e+06,1.35202e+07,0,0,0,1.26659e+08
100.484,103.622,2.42765,0.17,0,3.52335,3.58813,0,0.618824,6.16896,4.14015e+06,2.83324e+06,1.45872e+07,0,0,0,0,60.6987,61.308,1.74731,1,1,1.69344,1.73837,0.0135401,1.21404,1.69344,8.60408e+06,3.78701e+06,1.45705e+07,0,0,0,1.26659e+08
99.0705,103.622,1.66017,0.17,0,3.52401,3.5888,0,0.660276,6.16896,4.14015e+06,2.83324e+06,1.45899e+07,0,0,0,0,60.0098,61.308,1.37484,1,1,1.69344,1.73869,0.0138579,1.30835,1.69344,8.60408e+06,3.78701e+06,1.45705e+07,0,0,0,1.26659e+08
97.6792,103.622,1.69352,0.17,0,3.52466,3.58947,0,0.660399,6.16896,4.14015e+06,2.83324e+06,1.45926e+07,0,0,0,0,59.0891,61.308,1.63396,1,1,1.69344,1.73901,0.0141757,1.30835,1.69344,8.60408e+06,3.78701e+06,1.45705e+07,0,0,0,1.26659e+08
96.0458,103.622,1.40075,0.17,0,3.52532,3.59014,0,0.660522,6.16896,4.14015e+06,2.83324e+06,1.45954e+07,0,0,0,0,58.5104,61.308,1.14123,1,1,1.69344,1.73934,0.0144937,1.30835,1.69344,8.60408e+06,3.78701e+06,1.45705e+07,0,0,0,1.26659e+08
94.7273,103.622,1.76257,0.18,0,3.52598,3.59081,0,0.660645,6.16896,4.14015e+06,2.83324e+06,1.45981e+07,0,0,0,0,58.2254,61.308,2.15821,1,1,1.69344,1.73966,0.0148116,1.30835,1.69344,8.60408e+06,3.78701e+06,1.45705e+07,0,0,0,1.26659e+08
93.2816,103.622,1.54348,0.18,0,3.41903,3.48189,0,0.660768,6.16896,4.14015e+06,2.83324e+06,1.41553e+07,0,0,0,0,57.9191,61.308,1.92367,1,1,1.62636,1.65627,0,1.30835,1.69344,8.60408e+06,3.78701e+06,1.39934e+07,0,0,0,1.26659e+08
91.7703,103.622,1.45018,0.18,0,3.41967,3.48254,0,0.640726,6.16896,4.14015e+06,2.83324e+06,1.41579e+07,0,0,0,0,57.5309,61.308,1.77062,1,1,1.62667,1.65657,0,1.25653,1.69344,8.60408e+06,3.78701e+06,1.3996e+07,0,0,0,1.26659e+08
90.3119,103.622,1.49881,0.18,0,3.4203,3.48319,0,0.640846,6.16896,4.14015e+06,2.83324e+06,1.41606e+07,0,0,0,0,57.1606,61.308,1.71298,1,1,1.62697,1.65688,0,1.25676,1.69344,8.60408e+06,3.78701e+06,1.39986e+07,0,0,0,1.26659e+08
91.1196,103.622,4.31282,0.18,0,3.42094,3.48384,0,0.640965,6.16896,4.14015e+06,2.83324e+06,1.41632e+07,0,0,0,0,57.5434,61.308,3.03946,1,1,1.62727,1.65719,0,1.257,1.69344,8.60408e+06,3.78701e+06,1.40012e+07,0,0,0,1.26659e+08
91.331,103.622,3.49137,0.18,0,3.33319,3.39447,0,0.641084,6.16896,4.14015e+06,2.83324e+06,1.37999e+07,0,0,0,0,57.7478,61.308,3.01378,1,1,1.55269,1.58124,0,1.25723,1.69344,8.60408e+06,3.78701e+06,1.33595e+07,0,0,0,1.26659e+08
91.773,103.622,3.9832,0.18,0,3.33381,3.39511,0,0.62464,6.16896,4.14015e+06,2.83324e+06,1.38025e+07,0,0,0,0,58.812,61.308,4.9416,1,1,1.55298,1.58153,0,1.19961,1.69344,8.60408e+06,3.78701e+06,1.33619e+07,0,0,0,1.26659e+08
93.3347,103.622,5.17532,0.18,0,3.33443,3.39574,0,0.624756,6.16896,4.14015e+06,2.83324e+06,1.3805e+07,0,0,0,0,59.9069,61.308,5.90812,1,1,1.55327,1.58183,0,1.19983,1.69344,8.60408e+06,3.78701e+06,1.33644e+07,0,0,0,1.26659e+08
93.7746,103.622,3.97241,0.18,0,3.33505,3.39637,0,0.624872,6.16896,4.14015e+06,2.83324e+06,1.38076e+07,0,0,0,0,60.2289,61.308,3.6888,1,1,1.55356,1.58212,0,1.20005,1.69344,8.60408e+06,3.78701e+06,1.33669e+07,0,0,0,1.26659e+08
94.7977,103.622,4.52488,0.19,0,3.14117,3.14117,0,0.624988,6.16896,4.14015e+06,2.70226e+06,1.30049e+07,0,0,0,0,61.0689,61.308,4.70907,0,1,1.42347,1.42347,0,1.20028,1.69344,8.60408e+06,3.61194e+06,1.22476e+07,0,0,0,1.26659e+08
97.5365,103.622,6.45777,0.2,0,3.14175,3.14175,0,0.588655,6.16896,4.14015e+06,2.70226e+06,1.30073e+07,0,0,0,0,62.1189,61.308,4.7307,0,1,1.42373,1.42373,0,1.09977,1.69344,8.60408e+06,3.61194e+06,1.22499e+07,0,0,0,1.26659e+08
100.283,103.622,6.40105,0.18,0,3.14234,3.14234,0,0.588764,6.16896,4.14015e+06,2.70226e+06,1.30098e+07,0,0,0,0,62.3362,61.308,4.97437,0,1,1.424,1.424,0,1.09997,1.69344,8.60408e+06,3.61194e+06,1.22522e+07,0,0,0,1.26659e+08
103.274,103.622,6.63713,0.18,0,3.14292,3.14292,0,0.588874,6.16896,4.14015e+06,2.70226e+06,1.30122e+07,0,0,0,0,62.3362,61.308,4.9765,0,1,1.42426,1.42426,0,1.10018,1.69344,8.60408e+06,3.61194e+06,1.22545e+07,0,0,0,1.26659e+08
103.622,103.622,6.63328,0.2,0,3.14351,3.14351,0,0.588983,6.16896,4.14015e+06,2.70226e+06,1.30146e+07,0,0,0,0,62.3362,61.308,5.98267,0,1,1.42453,1.42453,0,1.10038,1.69344,8.60408e+06,3.61194e+06,1.22567e+07,0,0,0,1.26659e+08
103.622,103.622,5.24959,0.21,0,3.14351,3.14351,0,0.589093,6.16896,4.14015e+06,2.70226e+06,1.30146e+07,0,0,0,0,62.1845,61.308,3.44964,0,1,1.42453,1.42453,0,1.10059,1.69344,8.60408e+06,3.61194e+06,1.22567e+07,0,0,0,1.26659e+08
103.622,103.622,4.87199,0.23,0,3.24257,3.24257,0,0.589093,6.16896,4.14015e+06,2.70226e+06,1.34247e+07,0,0,0,0,61.822,61.308,2.14301,0,1,1.47085,1.47085,0,1.10059,1.69344,8.60408e+06,3.61194e+06,1.26553e+07,0,0,0,1.26659e+08
103.622,103.622,3.73147,0.23,0,3.24314,3.24314,0,0.607657,6.16896,4.14015e+06,2.70226e+06,1.34271e+07,0,0,0,0,61.19,61.308,1.6976,0,1,1.47111,1.47111,0,1.13638,1.69344,8.60408e+06,3.61194e+06,1.26575e+07,0,0,0,1.26659e+08
103.622,103.622,3.3199,0.23,0,3.24371,3.24371,0,0.607764,6.16896,4.14015e+06,2.70226e+06,1.34294e+07,0,0,0,0,60.673,61.308,1.47559,0,1,1.47137,1.47137,0,1.13658,1.69344,8.60408e+06,3.61194e+06,1.26598e+07,0,0,0,1.26659e+08
103.466,103.622,3.13099,0.26,0,3.24428,3.24428,0,0.607871,6.16896,4.14015e+06,2.70226e+06,1.34318e+07,0,0,0,0,60.6479,61.308,1.81399,0,1,1.47163,1.47163,0,1.13678,1.69344,8.60408e+06,3.61194e+06,1.2662e+07,0,0,0,1.26659e+08
102.93,103.622,2.94557,0.28,0,3.49705,3.56134,0,0.607978,6.16896,4.14015e+06,2.83324e+06,1.44783e+07,0,0,0,0,60.6699,61.308,2.13272,1,1,1.61525,1.64495,0,1.13698,1.69344,8.60408e+06,3.78701e+06,1.38977e+07,0,0,0,1.26659e+08
102.676,103.622,3.26295,0.28,0,3.49766,3.56197,0,0.655346,6.16896,4.14015e+06,2.83324e+06,1.44808e+07,0,0,0,0,60.6724,61.308,2.40232,1,1,1.61553,1.64524,0,1.24794,1.69344,8.60408e+06,3.78701e+06,1.39002e+07,0,0,0,1.26659e+08
103.351,103.622,4.30026,0.28,0,3.49828,3.5626,0,0.655462,6.16896,4.14015e+06,2.83324e+06,1.44834e+07,0,0,0,0,60.6399,61.308,2.55252,1,1,1.61582,1.64553,0,1.24816,1.69344,8.60408e+06,3.78701e+06,1.39026e+07,0,0,0,1.26659e+08
103.485,103.622,3.71343,0.29,0,3.49889,3.56322,0,0.655577,6.16896,4.14015e+06,2.83324e+06,1.44859e+07,0,0,0,0,60.7231,61.308,2.51268,1,1,1.6161,1.64582,0,1.24838,1.69344,8.60408e+06,3.78701e+06,1.39051e+07,0,0,0,1.26659e+08
103.622,103.622,4.62803,0.3,0,3.11211,3.11211,0,0.655692,6.16896,4.14015e+06,2.70226e+06,1.28846e+07,0,0,0,0,61.3915,61.308,3.23767,0,1,1.41369,1.41369,0,1.2486,1.69344,8.60408e+06,3.61194e+06,1.21635e+07,0,0,0,1.26659e+08
103.622,103.622,4.27861,0.31,0,3.11265,3.11265,0,0.583209,6.16896,4.14015e+06,2.70226e+06,1.28869e+07,0,0,0,0,62.3362,61.308,3.81978,0,1,1.41394,1.41394,0,1.09222,1.69344,8.60408e+06,3.61194e+06,1.21656e+07,0,0,0,1.26659e+08
103.622,103.622,6.20466,0.35,0,3.1132,3.1132,0,0.583311,6.16896,4.14015e+06,2.70226e+06,1.28891e+07,0,0,0,0,62.3362,61.308,4.5104,0,1,1.41419,1.41419,0,1.09241,1.69344,8.60408e+06,3.61194e+06,1.21678e+07,0,0,0,1.26659e+08
103.622,103.622,7.81018,0.37,0,3.11375,3.11375,0,0.583414,6.16896,4.14015e+06,2.70226e+06,1.28914e+07,0,0,0,0,62.3362,61.308,4.41274,0,1,1.41444,1.41444,0,1.0926,1.69344,8.60408e+06,3.61194e+06,1.21699e+07,0,0,0,1.26659e+08
103.622,103.622,4.78342,0.41,0,2.83316,3.1143,0,0.583516,6.16896,4.14015e+06,3.39989e+06,1.17297e+07,0,0,0,0,62.3362,61.308,3.57293,0,1,1.28698,1.41468,0,1.09279,1.69344,8.60408e+06,4.54441e+06,1.10733e+07,0,0,0,1.26659e+08
103.622,103.622,7.37726,0.43,0,2.9372,3.22865,0,0.530935,6.16896,4.14015e+06,3.39989e+06,1.21604e+07,0,0,0,0,62.3362,61.308,5.57582,0,1,1.33897,1.47184,0,0.99432,1.69344,8.60408e+06,4.54441e+06,1.15206e+07,0,0,0,1.26659e+08
103.622,103.622,6.51532,0.45,0,2.93771,3.22922,0,0.550431,6.16896,4.14015e+06,3.39989e+06,1.21626e+07,0,0,0,0,62.3362,61.308,5.199,0,1,1.33921,1.4721,0,1.03449,1.69344,8.60408e+06,4.54441e+06,1.15227e+07,0,0,0,1.26659e+08
103.622,103.622,4.96337,0.46,0,2.93823,3.22979,0,0.550527,6.16896,4.14015e+06,3.39989e+06,1.21647e+07,0,0,0,0,62.3362,61.308,3.85046,0,1,1.33945,1.47236,0,1.03467,1.69344,8.60408e+06,4.54441e+06,1.15247e+07,0,0,0,1.26659e+08
103.622,103.622,4.18849,0.47,0,2.93875,3.23035,0,0.550624,6.16896,4.14015e+06,3.39989e+06,1.21669e+07,0,0,0,0,62.3362,61.308,3.29108,0,1,1.33968,1.47262,0,1.03486,1.69344,8.60408e+06,4.54441e+06,1.15267e+07,0,0,0,1.26659e+08
103.622,103.622,3.34517,0.44,0,2.89875,3.18639,0,0.550721,6.16896,4.14015e+06,3.39989e+06,1.20013e+07,0,0,0,0,62.3362,61.308,2.63376,0,1,1.31979,1.45076,0,1.03504,1.69344,8.60408e+06,4.54441e+06,1.13556e+07,0,0,0,1.26659e+08
103.622,103.622,4.70178,0.4,0,2.89926,3.18695,0,0.543226,6.16896,4.14015e+06,3.39989e+06,1.20034e+07,0,0,0,0,62.3362,61.308,2.98826,0,1,1.32003,1.45101,0,1.01967,1.69344,8.60408e+06,4.54441e+06,1.13576e+07,0,0,0,1.26659e+08
103.622,103.622,3.58725,0.4,0,2.89977,3.18751,0,0.543321,6.16896,4.14015e+06,3.39989e+06,1.20055e+07,0,0,0,0,62.3362,61.308,2.70374,0,1,1.32026,1.45127,0,1.01985,1.69344,8.60408e+06,4.54441e+06,1.13596e+07,0,0,0,1.26659e+08
103.403,103.622,2.93252,0.37,0,3.18807,3.18807,0,0.543417,6.16896,4.14015e+06,2.70226e+06,1.31991e+07,0,0,0,0,62.3362,61.308,2.36688,0,1,1.45152,1.45152,0,1.02003,1.69344,8.60408e+06,3.61194e+06,1.2489e+07,0,0,0,1.26659e+08
102.897,103.622,2.66883,0.35,0,3.27959,3.33989,0,0.597444,6.16896,4.14015e+06,2.83324e+06,1.3578e+07,0,0,0,0,62.3362,61.308,2.30728,1,1,1.50264,1.53027,0,1.12145,1.69344,8.60408e+06,3.78701e+06,1.29288e+07,0,0,0,1.26659e+08
102.526,103.622,2.71765,0.32,0,3.28017,3.34048,0,0.614595,6.16896,4.14015e+06,2.83324e+06,1.35804e+07,0,0,0,0,62.3362,61.308,2.37516,1,1,1.5029,1.53054,0,1.16094,1.69344,8.60408e+06,3.78701e+06,1.29311e+07,0,0,0,1.26659e+08
101.882,103.622,2.38732,0.3,0,3.28074,3.34106,0,0.614703,6.16896,4.14015e+06,2.83324e+06,1.35828e+07,0,0,0,0,62.1847,61.308,2.01313,1,1,1.50317,1.5308,0,1.16114,1.69344,8.60408e+06,3.78701e+06,1.29334e+07,0,0,0,1.26659e+08
101.144,103.622,2.27216,0.25,0,3.28132,3.34165,0,0.614811,6.16896,4.14015e+06,2.83324e+06,1.35852e+07,0,0,0,0,61.9785,61.308,1.75464,1,1,1.50343,1.53107,0,1.16135,1.69344,8.60408e+06,3.78701e+06,1.29356e+07,0,0,0,1.26659e+08
100.376,103.622,2.25714,0.22,0,3.28189,3.34224,0,0.614919,6.16896,4.14015e+06,2.83324e+06,1.35875e+07,0,0,0,0,61.7581,61.308,1.87004,1,1,1.50369,1.53134,0,1.16155,1.69344,8.60408e+06,3.78701e+06,1.29379e+07,0,0,0,1.26659e+08
99.5132,103.622,2.14221,0.21,0,3.25307,3.31288,0,0.615027,6.16896,4.14015e+06,2.83324e+06,1.34682e+07,0,0,0,0,61.5366,61.308,2.05762,1,1,1.54636,1.57479,0,1.16175,1.69344,8.60408e+06,3.78701e+06,1.3305e+07,0,0,0,1.26659e+08
98.499,103.622,1.96695,0.19,0,3.25364,3.31347,0,0.609626,6.16896,4.14015e+06,2.83324e+06,1.34706e+07,0,0,0,0,61.28,61.308,1.80225,1,1,1.54663,1.57507,0,1.19472,1.69344,8.60408e+06,3.78701e+06,1.33073e+07,0,0,0,1.26659e+08
97.377,103.622,1.81099,0.19,0,3.25421,3.31405,0,0.609733,6.16896,4.14015e+06,2.83324e+06,1.34729e+07,0,0,0,0,60.929,61.308,1.77649,1,1,1.5469,1.57534,0,1.19493,1.69344,8.60408e+06,3.78701e+06,1.33096e+07,0,0,0,1.26659e+08
96.2092,103.622,1.72385,0.19,0,3.25479,3.31463,0,0.60984,6.16896,4.14015e+06,2.83324e+06,1.34753e+07,0,0,0,0,60.5412,61.308,1.7171,1,1,1.54717,1.57562,0,1.19513,1.69344,8.60408e+06,3.78701e+06,1.3312e+07,0,0,0,1.26659e+08
95.0529,103.622,1.75615,0.2,0,3.33133,3.39258,0,0.609947,6.16896,4.14015e+06,2.83324e+06,1.37922e+07,0,0,0,0,60.1114,61.308,1.74464,1,1,1.58526,1.6144,0,1.19534,1.69344,8.60408e+06,3.78701e+06,1.36397e+07,0,0,0,1.26659e+08
93.8121,103.622,1.65655,0.2,0,3.33191,3.39318,0,0.624291,6.16896,4.14015e+06,2.83324e+06,1.37946e+07,0,0,0,0,59.5874,61.308,1.73816,1,1,1.58553,1.61469,0,1.22477,1.69344,8.60408e+06,3.78701e+06,1.36421e+07,0,0,0,1.26659e+08
92.4195,103.622,1.47698,0.19,0,3.3325,3.39377,0,0.624401,6.16896,4.14015e+06,2.83324e+06,1.37971e+07,0,0,0,0,59.004,61.308,1.57721,1,1,1.58581,1.61497,0,1.22498,1.69344,8.60408e+06,3.78701e+06,1.36445e+07,0,0,0,1.26659e+08
90.9306,103.622,1.34972,0.18,0,3.33308,3.39437,0,0.62451,6.16896,4.14015e+06,2.83324e+06,1.37995e+07,0,0,0,0,58.1018,61.308,1.53816,1,1,1.58609,1.61525,0,1.2252,1.69344,8.60408e+06,3.78701e+06,1.36468e+07,0,0,0,1.26659e+08
89.2997,103.622,1.31571,0.18,0,3.55631,3.6217,0,0.62462,6.16896,4.14015e+06,2.83324e+06,1.47237e+07,0,0,0,0,57.0779,61.308,1.203,1,1,1.69344,1.75463,0.0295083,1.22541,1.69344,8.60408e+06,3.78701e+06,1.45705e+07,0,0,0,1.26659e+08
87.6862,103.622,1.33099,0.18,0,3.55694,3.62233,0,0.666453,6.16896,4.14015e+06,2.83324e+06,1.47263e+07,0,0,0,0,56.3553,61.308,1.2207,1,1,1.69344,1.75493,0.0298107,1.30835,1.69344,8.60408e+06,3.78701e+06,1.45705e+07,0,0,0,1.26659e+08
86.0277,103.622,1.25336,0.18,0,3.55756,3.62297,0,0.66657,6.16896,4.14015e+06,2.83324e+06,1.47288e+07,0,0,0,0,55.6061,61.308,1.49159,1,1,1.69344,1.75524,0.0301131,1.30835,1.69344,8.60408e+06,3.78701e+06,1.45705e+07,0,0,0,1.26659e+08
84.3517,103.622,1.2044,0.18,0,3.55818,3.62361,0,0.666687,6.16896,4.14015e+06,2.83324e+06,1.47314e+07,0,0,0,0,54.8809,61.308,1.46602,1,1,1.69344,1.75555,0.0304155,1.30835,1.69344,8.60408e+06,3.78701e+06,1.45705e+07,0,0,0,1.26659e+08
83.003,103.622,1.51239,0.19,0,3.55881,3.62424,0,0.666804,6.16896,4.14015e+06,2.83324e+06,1.4734e+07,0,0,0,0,54.3399,61.308,1.59267,1,1,1.69344,1.75586,0.030718,1.30835,1.69344,8.60408e+06,3.78701e+06,1.45705e+07,0,0,0,1.26659e+08
81.923,103.622,1.71694,0.19,0,3.45083,3.51428,0,0.666921,6.16896,4.14015e+06,2.83324e+06,1.4287e+07,0,0,0,0,54.1858,61.308,2.94614,1,1,1.64149,1.67167,0,1.30835,1.69344,8.60408e+06,3.78701e+06,1.41235e+07,0,0,0,1.26659e+08
80.645,103.622,1.46654,0.22,0,3.45144,3.51489,0,0.646686,6.16896,4.14015e+06,2.83324e+06,1.42895e+07,0,0,0,0,53.6155,61.308,1.63776,1,1,1.64178,1.67196,0,1.26821,1.69344,8.60408e+06,3.78701e+06,1.4126e+07,0,0,0,1.26659e+08
79.4277,103.622,1.51916,0.22,0,3.45204,3.51551,0,0.646799,6.16896,4.14015e+06,2.83324e+06,1.4292e+07,0,0,0,0,53.155,61.308,1.58449,1,1,1.64207,1.67226,0,1.26844,1.69344,8.60408e+06,3.78701e+06,1.41285e+07,0,0,0,1.26659e+08
80.6719,103.622,4.38863,0.23,0,3.45265,3.51613,0,0.646912,6.16896,4.14015e+06,2.83324e+06,1.42945e+07,0,0,0,0,53.3935,61.308,2.81001,1,1,1.64235,1.67255,0,1.26866,1.69344,8.60408e+06,3.78701e+06,1.41309e+07,0,0,0,1.26659e+08
80.9716,103.622,3.31982,0.24,0,3.36405,3.4259,0,0.647026,6.16896,4.14015e+06,2.83324e+06,1.39277e+07,0,0,0,0,53.5742,61.308,2.68931,1,1,1.56706,1.59588,0,1.26888,1.69344,8.60408e+06,3.78701e+06,1.34831e+07,0,0,0,1.26659e+08
81.2022,103.622,3.30821,0.24,0,3.36464,3.4265,0,0.630422,6.16896,4.14015e+06,2.83324e+06,1.39301e+07,0,0,0,0,53.648,61.308,2.5623,1,1,1.56734,1.59616,0,1.21071,1.69344,8.60408e+06,3.78701e+06,1.34855e+07,0,0,0,1.26659e+08
81.5882,103.622,3.46455,0.25,0,3.36523,3.4271,0,0.630533,6.16896,4.14015e+06,2.83324e+06,1.39325e+07,0,0,0,0,54.4433,61.308,3.95071,1,1,1.56761,1.59644,0,1.21093,1.69344,8.60408e+06,3.78701e+06,1.34879e+07,0,0,0,1.26659e+08
81.458,103.622,3.01051,0.25,0,3.36582,3.4277,0,0.630643,6.16896,4.14015e+06,2.83324e+06,1.3935e+07,0,0,0,0,54.9058,61.308,3.2306,1,1,1.56789,1.59672,0,1.21114,1.69344,8.60408e+06,3.78701e+06,1.34902e+07,0,0,0,1.26659e+08
81.8888,103.622,3.59348,0.25,0,3.17011,3.17011,0,0.630754,6.16896,4.14015e+06,2.70226e+06,1.31247e+07,0,0,0,0,56.0323,61.308,4.35408,0,1,1.43658,1.43658,0,1.21135,1.69344,8.60408e+06,3.61194e+06,1.23605e+07,0,0,0,1.26659e+08
83.982,103.622,5.32361,0.26,0,3.17067,3.17067,0,0.594079,6.16896,4.14015e+06,2.70226e+06,1.3127e+07,0,0,0,0,57.6932,61.308,5.55538,0,1,1.43683,1.43683,0,1.1099,1.69344,8.60408e+06,3.61194e+06,1.23626e+07,0,0,0,1.26659e+08
84.7614,103.622,3.81027,0.25,0,3.17122,3.17122,0,0.594183,6.16896,4.14015e+06,2.70226e+06,1.31293e+07,0,0,0,0,58.071,61.308,3.06869,0,1,1.43709,1.43709,0,1.1101,1.69344,8.60408e+06,3.61194e+06,1.23648e+07,0,0,0,1.26659e+08
84.9718,103.622,3.38608,0.27,0,3.17178,3.17178,0,0.594287,6.16896,4.14015e+06,2.70226e+06,1.31316e+07,0,0,0,0,58.1535,61.308,2.51783,0,1,1.43734,1.43734,0,1.11029,1.69344,8.60408e+06,3.61194e+06,1.2367e+07,0,0,0,1.26659e+08
87.0701,103.622,5.52191,0.3,0,3.17234,3.17234,0,0.594391,6.16896,4.14015e+06,2.70226e+06,1.3134e+07,0,0,0,0,58.8041,61.308,3.96867,0,1,1.43759,1.43759,0,1.11049,1.69344,8.60408e+06,3.61194e+06,1.23691e+07,0,0,0,1.26659e+08
96.6395,103.622,14.1003,0.31,0,3.27227,3.27227,0,0.594496,6.16896,4.14015e+06,2.70226e+06,1.35477e+07,0,0,0,0,61.5611,61.308,10.2228,0,1,1.48432,1.48432,0,1.11068,1.69344,8.60408e+06,3.61194e+06,1.27712e+07,0,0,0,1.26659e+08
101.482,103.622,8.90923,0.29,0,3.27281,3.27281,0,0.613224,6.16896,4.14015e+06,2.70226e+06,1.35499e+07,0,0,0,0,62.3362,61.308,6.15884,0,1,1.48457,1.48457,0,1.14679,1.69344,8.60408e+06,3.61194e+06,1.27734e+07,0,0,0,1.26659e+08
103.622,103.622,7.03332,0.25,0,3.27335,3.27335,0,0.613325,6.16896,4.14015e+06,2.70226e+06,1.35522e+07,0,0,0,0,62.3362,61.308,4.03562,0,1,1.48482,1.48482,0,1.14698,1.69344,8.60408e+06,3.61194e+06,1.27755e+07,0,0,0,1.26659e+08
103.622,103.622,7.26458,0.26,0,3.27389,3.27389,0,0.613426,6.16896,4.14015e+06,2.70226e+06,1.35544e+07,0,0,0,0,62.3362,61.308,4.53967,0,1,1.48506,1.48506,0,1.14717,1.69344,8.60408e+06,3.61194e+06,1.27776e+07,0,0,0,1.26659e+08
103.622,103.622,9.70554,0.28,0,3.52893,3.59381,0,0.613527,6.16896,4.14015e+06,2.83324e+06,1.46103e+07,0,0,0,0,62.3362,61.308,9.54665,1,1,1.62998,1.65995,0,1.14736,1.69344,8.60408e+06,3.78701e+06,1.40245e+07,0,0,0,1.26659e+08
103.622,103.622,7.71877,0.29,0,3.52951,3.59441,0,0.661322,6.16896,4.14015e+06,2.83324e+06,1.46127e+07,0,0,0,0,62.3362,61.308,5.77108,1,1,1.63025,1.66022,0,1.25932,1.69344,8.60408e+06,3.78701e+06,1.40268e+07,0,0,0,1.26659e+08
103.622,103.622,8.79813,0.29,0,3.5301,3.595,0,0.661431,6.16896,4.14015e+06,2.83324e+06,1.46151e+07,0,0,0,0,62.3362,61.308,5.80398,1,1,1.63052,1.66049,0,1.25953,1.69344,8.60408e+06,3.78701e+06,1.40291e+07,0,0,0,1.26659e+08
103.622,103.622,9.33276,0.29,0,3.53068,3.5956,0,0.66154,6.16896,4.14015e+06,2.83324e+06,1.46175e+07,0,0,0,0,62.3362,61.308,6.89213,1,1,1.63079,1.66077,0,1.25974,1.69344,8.60408e+06,3.78701e+06,1.40314e+07,0,0,0,1.26659e+08
103.622,103.622,7.27372,0.3,0,3.14035,3.14035,0,0.661649,6.16896,4.14015e+06,2.70226e+06,1.30015e+07,0,0,0,0,62.3362,61.308,6.73375,0,1,1.42652,1.42652,0,1.25994,1.69344,8.60408e+06,3.61194e+06,1.22739e+07,0,0,0,1.26659e+08
103.622,103.622,6.02548,0.32,0,3.14087,3.14087,0,0.588501,6.16896,4.14015e+06,2.70226e+06,1.30037e+07,0,0,0,0,62.3362,61.308,6.45849,0,1,1.42675,1.42675,0,1.10213,1.69344,8.60408e+06,3.61194e+06,1.22759e+07,0,0,0,1.26659e+08
103.622,103.622,5.2835,0.35,0,3.14139,3.14139,0,0.588599,6.16896,4.14015e+06,2.70226e+06,1.30058e+07,0,0,0,0,62.3362,61.308,4.8054,0,1,1.42699,1.42699,0,1.10231,1.69344,8.60408e+06,3.61194e+06,1.22779e+07,0,0,0,1.26659e+08
103.622,103.622,7.57281,0.37,0,3.14191,3.14191,0,0.588696,6.16896,4.14015e+06,2.70226e+06,1.3008e+07,0,0,0,0,62.3362,61.308,8.45239,0,1,1.42723,1.42723,0,1.10249,1.69344,8.60408e+06,3.61194e+06,1.228e+07,0,0,0,1.26659e+08
103.622,103.622,8.17441,0.42,0,2.85875,3.14242,0,0.588793,6.16896,4.14015e+06,3.39989e+06,1.18357e+07,0,0,0,0,62.3362,61.308,8.02459,0,1,1.2986,1.42746,0,1.10267,1.69344,8.60408e+06,4.54441e+06,1.11733e+07,0,0,0,1.26659e+08
103.622,103.622,6.93822,0.45,0,2.9637,3.25778,0,0.53573,6.16896,4.14015e+06,3.39989e+06,1.22701e+07,0,0,0,0,62.3362,61.308,6.81019,0,1,1.35105,1.48512,0,1.0033,1.69344,8.60408e+06,4.54441e+06,1.16246e+07,0,0,0,1.26659e+08
103.622,103.622,4.95479,0.48,0,2.96418,3.25832,0,0.555396,6.16896,4.14015e+06,3.39989e+06,1.22722e+07,0,0,0,0,62.3362,61.308,4.52968,0,1,1.35128,1.48536,0,1.04382,1.69344,8.60408e+06,4.54441e+06,1.16265e+07,0,0,0,1.26659e+08
103.622,103.622,4.35174,0.5,0,2.96467,3.25886,0,0.555488,6.16896,4.14015e+06,3.39989e+06,1.22742e+07,0,0,0,0,62.3362,61.308,3.77462,0,1,1.3515,1.48561,0,1.044,1.69344,8.60408e+06,4.54441e+06,1.16284e+07,0,0,0,1.26659e+08
103.622,103.622,4.21797,0.51,0,2.96516,3.25939,0,0.55558,6.16896,4.14015e+06,3.39989e+06,1.22762e+07,0,0,0,0,62.3362,61.308,4.3818,0,1,1.35172,1.48585,0,1.04417,1.69344,8.60408e+06,4.54441e+06,1.16303e+07,0,0,0,1.26659e+08
103.622,103.622,4.54324,0.47,0,2.92478,3.215,0,0.555672,6.16896,4.14015e+06,3.39989e+06,1.2109e+07,0,0,0,0,62.3362,61.308,3.82341,0,1,1.33165,1.46378,0,1.04434,1.69344,8.60408e+06,4.54441e+06,1.14576e+07,0,0,0,1.26659e+08
103.622,103.622,3.88416,0.44,0,2.92526,3.21553,0,0.548104,6.16896,4.14015e+06,3.39989e+06,1.2111e+07,0,0,0,0,62.3362,61.308,3.4817,0,1,1.33186,1.46402,0,1.02883,1.69344,8.60408e+06,4.54441e+06,1.14595e+07,0,0,0,1.26659e+08
103.622,103.622,3.43777,0.44,0,2.92574,3.21606,0,0.548194,6.16896,4.14015e+06,3.39989e+06,1.2113e+07,0,0,0,0,62.3362,61.308,3.06883,0,1,1.33208,1.46427,0,1.029,1.69344,8.60408e+06,4.54441e+06,1.14614e+07,0,0,0,1.26659e+08
103.554,103.622,3.15581,0.39,0,3.15852,3.21659,0,0.548285,6.16896,4.14015e+06,2.83324e+06,1.30768e+07,0,0,0,0,62.3362,61.308,2.82312,0,1,1.43807,1.46451,0,1.02917,1.69344,8.60408e+06,3.78701e+06,1.23732e+07,0,0,0,1.26659e+08
103.499,103.622,3.19611,0.37,0,3.3089,3.36974,0,0.591907,6.16896,4.14015e+06,2.83324e+06,1.36993e+07,0,0,0,0,62.3362,61.308,3.00673,1,1,1.51607,1.54394,0,1.11105,1.69344,8.60408e+06,3.78701e+06,1.30444e+07,0,0,0,1.26659e+08
103.291,103.622,3.01148,0.34,0,3.30944,3.37029,0,0.620087,6.16896,4.14015e+06,2.83324e+06,1.37016e+07,0,0,0,0,62.3362,61.308,2.83455,1,1,1.51632,1.5442,0,1.17131,1.69344,8.60408e+06,3.78701e+06,1.30465e+07,0,0,0,1.26659e+08
102.867,103.622,2.75962,0.3,0,3.30999,3.37085,0,0.62019,6.16896,4.14015e+06,2.83324e+06,1.37039e+07,0,0,0,0,62.3362,61.308,2.78101,1,1,1.51657,1.54445,0,1.17151,1.69344,8.60408e+06,3.78701e+06,1.30487e+07,0,0,0,1.26659e+08
102.366,103.622,2.64424,0.27,0,3.31054,3.3714,0,0.620292,6.16896,4.14015e+06,2.83324e+06,1.37061e+07,0,0,0,0,62.3362,61.308,2.44109,1,1,1.51682,1.54471,0,1.1717,1.69344,8.60408e+06,3.78701e+06,1.30508e+07,0,0,0,1.26659e+08
101.95,103.622,2.71906,0.23,0,3.31108,3.37196,0,0.620394,6.16896,4.14015e+06,2.83324e+06,1.37084e+07,0,0,0,0,62.3362,61.308,2.44591,1,1,1.51707,1.54496,0,1.17189,1.69344,8.60408e+06,3.78701e+06,1.3053e+07,0,0,0,1.26659e+08
101.745,103.622,2.93307,0.21,0,3.28197,3.34231,0,0.620497,6.16896,4.14015e+06,2.83324e+06,1.35878e+07,0,0,0,0,62.3362,61.308,2.42355,1,1,1.56009,1.58878,0,1.17209,1.69344,8.60408e+06,3.78701e+06,1.34232e+07,0,0,0,1.26659e+08
101.313,103.622,2.69036,0.2,0,3.28251,3.34286,0,0.615041,6.16896,4.14015e+06,2.83324e+06,1.35901e+07,0,0,0,0,62.3362,61.308,2.38271,1,1,1.56035,1.58904,0,1.20533,1.69344,8.60408e+06,3.78701e+06,1.34254e+07,0,0,0,1.26659e+08
100.671,103.622,2.45119,0.19,0,3.28305,3.34341,0,0.615142,6.16896,4.14015e+06,2.83324e+06,1.35923e+07,0,0,0,0,62.2961,61.308,2.15334,1,1,1.56061,1.5893,0,1.20553,1.69344,8.60408e+06,3.78701e+06,1.34276e+07,0,0,0,1.26659e+08
99.9603,103.622,2.31774,0.19,0,3.28359,3.34397,0,0.615244,6.16896,4.14015e+06,2.83324e+06,1.35946e+07,0,0,0,0,62.1341,61.308,2.11404,1,1,1.56087,1.58956,0,1.20573,1.69344,8.60408e+06,3.78701e+06,1.34298e+07,0,0,0,1.26659e+08
99.5993,103.622,2.74637,0.18,0,3.36078,3.42257,0,0.615345,6.16896,4.14015e+06,2.83324e+06,1.39141e+07,0,0,0,0,62.008,61.308,2.29023,1,1,1.59927,1.62867,0,1.20592,1.69344,8.60408e+06,3.78701e+06,1.37602e+07,0,0,0,1.26659e+08
98.9676,103.622,2.46361,0.18,0,3.36133,3.42314,0,0.62981,6.16896,4.14015e+06,2.83324e+06,1.39164e+07,0,0,0,0,61.8357,61.308,2.16551,1,1,1.59953,1.62894,0,1.2356,1.69344,8.60408e+06,3.78701e+06,1.37625e+07,0,0,0,1.26659e+08
98.1613,103.622,2.26392,0.17,0,3.36189,3.4237,0,0.629914,6.16896,4.14015e+06,2.83324e+06,1.39187e+07,0,0,0,0,61.6395,61.308,2.02665,1,1,1.5998,1.62921,0,1.2358,1.69344,8.60408e+06,3.78701e+06,1.37648e+07,0,0,0,1.26659e+08
97.1054,103.622,1.98222,0.17,0,3.36244,3.42427,0,0.630018,6.16896,4.14015e+06,2.83324e+06,1.3921e+07,0,0,0,0,61.4344,61.308,2.01069,1,1,1.60006,1.62948,0,1.236,1.69344,8.60408e+06,3.78701e+06,1.37671e+07,0,0,0,1.26659e+08
95.6623,103.622,1.71325,0.17,0,3.5876,3.65356,0,0.630122,6.16896,4.14015e+06,2.83324e+06,1.48532e+07,0,0,0,0,61.115,61.308,1.96734,1,1,1.69344,1.77006,0.0446661,1.23621,1.69344,8.60408e+06,3.78701e+06,1.45705e+07,0,0,0,1.26659e+08
94.3281,103.622,1.80779,0.18,0,3.58819,3.65416,0,0.672316,6.16896,4.14015e+06,2.83324e+06,1.48557e+07,0,0,0,0,60.8014,61.308,2.01545,1,1,1.69344,1.77036,0.0449527,1.30835,1.69344,8.60408e+06,3.78701e+06,1.45705e+07,0,0,0,1.26659e+08
93.8003,103.622,2.6824,0.18,0,3.58878,3.65477,0,0.672427,6.16896,4.14015e+06,2.83324e+06,1.48581e+07,0,0,0,0,60.6188,61.308,2.41852,1,1,1.69344,1.77065,0.0452394,1.30835,1.69344,8.60408e+06,3.78701e+06,1.45705e+07,0,0,0,1.26659e+08
94.0859,103.622,3.55026,0.18,0,3.58937,3.65537,0,0.672538,6.16896,4.14015e+06,2.83324e+06,1.48606e+07,0,0,0,0,60.6445,61.308,2.66353,1,1,1.69344,1.77094,0.0455262,1.30835,1.69344,8.60408e+06,3.78701e+06,1.45705e+07,0,0,0,1.26659e+08
93.1501,103.622,2.21975,0.18,0,3.58997,3.65597,0,0.672649,6.16896,4.14015e+06,2.83324e+06,1.4863e+07,0,0,0,0,60.0234,61.308,2.03045,1,1,1.69344,1.77123,0.0458129,1.30835,1.69344,8.60408e+06,3.78701e+06,1.45705e+07,0,0,0,1.26659e+08
92.3104,103.622,2.25643,0.18,0,3.48101,3.54501,0,0.672759,6.16896,4.14015e+06,2.83324e+06,1.44119e+07,0,0,0,0,59.618,61.308,1.41141,1,1,1.65584,1.68629,0,1.30835,1.69344,8.60408e+06,3.78701e+06,1.4247e+07,0,0,0,1.26659e+08
91.1776,103.622,1.97363,0.18,0,3.48158,3.54559,0,0.65234,6.16896,4.14015e+06,2.83324e+06,1.44143e+07,0,0,0,0,59.0558,61.308,2.28781,1,1,1.65612,1.68657,0,1.2793,1.69344,8.60408e+06,3.78701e+06,1.42494e+07,0,0,0,1.26659e+08
89.8274,103.622,1.67221,0.19,0,3.48215,3.54618,0,0.652448,6.16896,4.14015e+06,2.83324e+06,1.44166e+07,0,0,0,0,58.1453,61.308,1.27151,1,1,1.65639,1.68684,0,1.27952,1.69344,8.60408e+06,3.78701e+06,1.42517e+07,0,0,0,1.26659e+08
88.5381,103.622,1.72954,0.18,0,3.48273,3.54676,0,0.652555,6.16896,4.14015e+06,2.83324e+06,1.4419e+07,0,0,0,0,57.6327,61.308,1.2299,1,1,1.65666,1.68712,0,1.27973,1.69344,8.60408e+06,3.78701e+06,1.42541e+07,0,0,0,1.26659e+08
88.98,103.622,3.87733,0.2,0,3.39332,3.45571,0,0.652663,6.16896,4.14015e+06,2.83324e+06,1.40489e+07,0,0,0,0,58.0396,61.308,4.09726,1,1,1.5807,1.60976,0,1.27994,1.69344,8.60408e+06,3.78701e+06,1.36005e+07,0,0,0,1.26659e+08
89.424,103.622,3.85954,0.21,0,3.39388,3.45628,0,0.635908,6.16896,4.14015e+06,2.83324e+06,1.40512e+07,0,0,0,0,58.1787,61.308,2.79169,1,1,1.58096,1.61003,0,1.22125,1.69344,8.60408e+06,3.78701e+06,1.36027e+07,0,0,0,1.26659e+08
89.8964,103.622,3.61907,0.22,0,3.39444,3.45685,0,0.636013,6.16896,4.14015e+06,2.83324e+06,1.40535e+07,0,0,0,0,58.0768,61.308,2.17128,1,1,1.58122,1.61029,0,1.22145,1.69344,8.60408e+06,3.78701e+06,1.36049e+07,0,0,0,1.26659e+08
90.3651,103.622,3.68261,0.21,0,3.395,3.45742,0,0.636118,6.16896,4.14015e+06,2.83324e+06,1.40558e+07,0,0,0,0,58.2372,61.308,3.31068,1,1,1.58148,1.61056,0,1.22165,1.69344,8.60408e+06,3.78701e+06,1.36072e+07,0,0,0,1.26659e+08
92.3134,103.622,5.3355,0.21,0,3.19756,3.19756,0,0.636223,6.16896,4.14015e+06,2.70226e+06,1.32384e+07,0,0,0,0,59.1021,61.308,3.24713,0,1,1.44902,1.44902,0,1.22185,1.69344,8.60408e+06,3.61194e+06,1.24675e+07,0,0,0,1.26659e+08
93.9641,103.622,5.35178,0.23,0,3.19809,3.19809,0,0.599223,6.16896,4.14015e+06,2.70226e+06,1.32406e+07,0,0,0,0,60.3575,61.308,4.42043,0,1,1.44926,1.44926,0,1.11951,1.69344,8.60408e+06,3.61194e+06,1.24696e+07,0,0,0,1.26659e+08
95.579,103.622,5.54551,0.24,0,3.19862,3.19862,0,0.599322,6.16896,4.14015e+06,2.70226e+06,1.32428e+07,0,0,0,0,61.8693,61.308,6.68396,0,1,1.4495,1.4495,0,1.1197,1.69344,8.60408e+06,3.61194e+06,1.24716e+07,0,0,0,1.26659e+08
97.0759,103.622,5.34705,0.24,0,3.19914,3.19914,0,0.599421,6.16896,4.14015e+06,2.70226e+06,1.32449e+07,0,0,0,0,62.3362,61.308,6.00687,0,1,1.44974,1.44974,0,1.11988,1.69344,8.60408e+06,3.61194e+06,1.24737e+07,0,0,0,1.26659e+08
99.0353,103.622,5.68083,0.23,0,3.19967,3.19967,0,0.599519,6.16896,4.14015e+06,2.70226e+06,1.32471e+07,0,0,0,0,62.3362,61.308,4.86749,0,1,1.44998,1.44998,0,1.12007,1.69344,8.60408e+06,3.61194e+06,1.24757e+07,0,0,0,1.26659e+08
102.968,103.622,7.9286,0.24,0,3.30043,3.30043,0,0.599618,6.16896,4.14015e+06,2.70226e+06,1.36643e+07,0,0,0,0,62.3362,61.308,5.5529,0,1,1.4971,1.4971,0,1.12025,1.69344,8.60408e+06,3.61194e+06,1.28812e+07,0,0,0,1.26659e+08
103.622,103.622,5.79435,0.24,0,3.30094,3.30094,0,0.618501,6.16896,4.14015e+06,2.70226e+06,1.36664e+07,0,0,0,0,62.3362,61.308,4.99914,0,1,1.49733,1.49733,0,1.15666,1.69344,8.60408e+06,3.61194e+06,1.28831e+07,0,0,0,1.26659e+08
103.622,103.622,5.03083,0.26,0,3.30145,3.30145,0,0.618597,6.16896,4.14015e+06,2.70226e+06,1.36685e+07,0,0,0,0,62.3362,61.308,4.22025,0,1,1.49756,1.49756,0,1.15684,1.69344,8.60408e+06,3.61194e+06,1.28851e+07,0,0,0,1.26659e+08
103.622,103.622,5.57805,0.27,0,3.30196,3.30196,0,0.618692,6.16896,4.14015e+06,2.70226e+06,1.36706e+07,0,0,0,0,62.3362,61.308,3.65809,0,1,1.49779,1.49779,0,1.15702,1.69344,8.60408e+06,3.61194e+06,1.28871e+07,0,0,0,1.26659e+08
103.622,103.622,5.19351,0.29,0,3.55915,3.62459,0,0.618788,6.16896,4.14015e+06,2.83324e+06,1.47354e+07,0,0,0,0,62.3362,61.308,4.04052,1,1,1.64394,1.67416,0,1.1572,1.69344,8.60408e+06,3.78701e+06,1.41445e+07,0,0,0,1.26659e+08
103.622,103.622,6.15101,0.29,0,3.5597,3.62515,0,0.666985,6.16896,4.14015e+06,2.83324e+06,1.47377e+07,0,0,0,0,62.3362,61.308,4.68483,1,1,1.64419,1.67442,0,1.2701,1.69344,8.60408e+06,3.78701e+06,1.41467e+07,0,0,0,1.26659e+08
103.622,103.622,7.82778,0.29,0,3.56025,3.62571,0,0.667088,6.16896,4.14015e+06,2.83324e+06,1.474e+07,0,0,0,0,62.3362,61.308,5.52951,1,1,1.64444,1.67468,0,1.2703,1.69344,8.60408e+06,3.78701e+06,1.41489e+07,0,0,0,1.26659e+08
103.622,103.622,5.53063,0.29,0,3.5608,3.62627,0,0.667191,6.16896,4.14015e+06,2.83324e+06,1.47423e+07,0,0,0,0,62.3362,61.308,4.54697,1,1,1.6447,1.67494,0,1.2705,1.69344,8.60408e+06,3.78701e+06,1.41511e+07,0,0,0,1.26659e+08
103.622,103.622,8.83935,0.3,0,3.16711,3.16711,0,0.667294,6.16896,4.14015e+06,2.70226e+06,1.31123e+07,0,0,0,0,62.3362,61.308,3.74216,0,1,1.43867,1.43867,0,1.27069,1.69344,8.60408e+06,3.61194e+06,1.23785e+07,0,0,0,1.26659e+08
103.622,103.622,10.058,0.33,0,3.1676,3.1676,0,0.593516,6.16896,4.14015e+06,2.70226e+06,1.31143e+07,0,0,0,0,62.3362,61.308,5.03479,0,1,1.4389,1.4389,0,1.11152,1.69344,8.60408e+06,3.61194e+06,1.23804e+07,0,0,0,1.26659e+08
103.622,103.622,9.38508,0.35,0,3.16809,3.16809,0,0.593607,6.16896,4.14015e+06,2.70226e+06,1.31164e+07,0,0,0,0,62.3362,61.308,6.51576,0,1,1.43912,1.43912,0,1.11169,1.69344,8.60408e+06,3.61194e+06,1.23823e+07,0,0,0,1.26659e+08
103.622,103.622,10.1126,0.38,0,3.16857,3.16857,0,0.593699,6.16896,4.14015e+06,2.70226e+06,1.31184e+07,0,0,0,0,62.3362,61.308,6.75518,0,1,1.43934,1.43934,0,1.11186,1.69344,8.60408e+06,3.61194e+06,1.23842e+07,0,0,0,1.26659e+08
103.622,103.622,15.3754,0.43,0,2.88299,3.16906,0,0.593791,6.16896,4.14015e+06,3.39989e+06,1.1936e+07,0,0,0,0,62.3362,61.308,11.0503,0,1,1.30961,1.43956,0,1.11203,1.69344,8.60408e+06,4.54441e+06,1.1268e+07,0,0,0,1.26659e+08
103.622,103.622,14.8072,0.47,0,2.98879,3.28536,0,0.540272,6.16896,4.14015e+06,3.39989e+06,1.2374e+07,0,0,0,0,62.3362,61.308,7.98412,0,1,1.36249,1.49769,0,1.01181,1.69344,8.60408e+06,4.54441e+06,1.1723e+07,0,0,0,1.26659e+08
103.622,103.622,10.2286,0.5,0,2.98925,3.28587,0,0.560099,6.16896,4.14015e+06,3.39989e+06,1.2376e+07,0,0,0,0,62.3362,61.308,5.47593,0,1,1.3627,1.49792,0,1.05266,1.69344,8.60408e+06,4.54441e+06,1.17248e+07,0,0,0,1.26659e+08
103.622,103.622,7.62482,0.53,0,2.98971,3.28638,0,0.560186,6.16896,4.14015e+06,3.39989e+06,1.23779e+07,0,0,0,0,62.3362,61.308,4.44716,0,1,1.36291,1.49816,0,1.05283,1.69344,8.60408e+06,4.54441e+06,1.17266e+07,0,0,0,1.26659e+08
103.622,103.622,6.60648,0.53,0,2.99017,3.28689,0,0.560272,6.16896,4.14015e+06,3.39989e+06,1.23798e+07,0,0,0,0,62.3362,61.308,4.22241,0,1,1.36313,1.49839,0,1.05299,1.69344,8.60408e+06,4.54441e+06,1.17284e+07,0,0,0,1.26659e+08
103.622,103.622,6.8116,0.52,0,2.94942,3.24209,0,0.560359,6.16896,4.14015e+06,3.39989e+06,1.2211e+07,0,0,0,0,62.3362,61.308,4.24189,0,1,1.34286,1.47611,0,1.05315,1.69344,8.60408e+06,4.54441e+06,1.15541e+07,0,0,0,1.26659e+08
103.622,103.622,5.24356,0.48,0,2.94987,3.24259,0,0.552721,6.16896,4.14015e+06,3.39989e+06,1.22129e+07,0,0,0,0,62.3362,61.308,3.2139,0,1,1.34307,1.47634,0,1.0375,1.69344,8.60408e+06,4.54441e+06,1.15559e+07,0,0,0,1.26659e+08
103.622,103.622,4.61301,0.48,0,2.95033,3.24309,0,0.552806,6.16896,4.14015e+06,3.39989e+06,1.22148e+07,0,0,0,0,62.3362,61.308,2.90784,0,1,1.34328,1.47657,0,1.03766,1.69344,8.60408e+06,4.54441e+06,1.15577e+07,0,0,0,1.26659e+08
103.622,103.622,4.13064,0.41,0,2.95078,3.24359,0,0.552892,6.16896,4.14015e+06,3.39989e+06,1.22167e+07,0,0,0,0,62.3362,61.308,2.57914,0,1,1.34349,1.4768,0,1.03782,1.69344,8.60408e+06,4.54441e+06,1.15595e+07,0,0,0,1.26659e+08
103.622,103.622,4.05868,0.39,0,3.33663,3.39798,0,0.552977,6.16896,4.14015e+06,2.83324e+06,1.38142e+07,0,0,0,0,62.3362,61.308,2.67252,1,1,1.52877,1.55688,0,1.03798,1.69344,8.60408e+06,3.78701e+06,1.31537e+07,0,0,0,1.26659e+08
103.622,103.622,4.12383,0.36,0,3.33715,3.3985,0,0.625285,6.16896,4.14015e+06,2.83324e+06,1.38163e+07,0,0,0,0,62.3362,61.308,2.61822,1,1,1.52901,1.55712,0,1.18113,1.69344,8.60408e+06,3.78701e+06,1.31557e+07,0,0,0,1.26659e+08
103.622,103.622,3.64415,0.32,0,3.33766,3.39903,0,0.625381,6.16896,4.14015e+06,2.83324e+06,1.38184e+07,0,0,0,0,62.3362,61.308,2.4404,1,1,1.52925,1.55736,0,1.18131,1.69344,8.60408e+06,3.78701e+06,1.31578e+07,0,0,0,1.26659e+08
103.622,103.622,3.44627,0.3,0,3.33818,3.39955,0,0.625478,6.16896,4.14015e+06,2.83324e+06,1.38206e+07,0,0,0,0,62.3362,61.308,2.33061,1,1,1.52948,1.5576,0,1.1815,1.69344,8.60408e+06,3.78701e+06,1.31598e+07,0,0,0,1.26659e+08
103.524,103.622,3.10318,0.24,0,3.33869,3.40008,0,0.625574,6.16896,4.14015e+06,2.83324e+06,1.38227e+07,0,0,0,0,62.3362,61.308,2.25087,1,1,1.52972,1.55784,0,1.18168,1.69344,8.60408e+06,3.78701e+06,1.31618e+07,0,0,0,1.26659e+08
102.951,103.622,2.51949,0.22,0,3.3093,3.37015,0,0.625671,6.16896,4.14015e+06,2.83324e+06,1.3701e+07,0,0,0,0,62.3006,61.308,2.24639,1,1,1.57309,1.60201,0,1.18186,1.69344,8.60408e+06,3.78701e+06,1.3535e+07,0,0,0,1.26659e+08
102.187,103.622,2.31289,0.2,0,3.30981,3.37067,0,0.620163,6.16896,4.14015e+06,2.83324e+06,1.37031e+07,0,0,0,0,62.2535,61.308,2.25776,1,1,1.57333,1.60226,0,1.21537,1.69344,8.60408e+06,3.78701e+06,1.3537e+07,0,0,0,1.26659e+08
101.232,103.622,2.09664,0.19,0,3.31032,3.37119,0,0.620259,6.16896,4.14015e+06,2.83324e+06,1.37052e+07,0,0,0,0,62.1556,61.308,2.01343,1,1,1.57357,1.6025,0,1.21555,1.69344,8.60408e+06,3.78701e+06,1.35391e+07,0,0,0,1.26659e+08
100.231,103.622,1.99751,0.19,0,3.31083,3.37171,0,0.620354,6.16896,4.14015e+06,2.83324e+06,1.37074e+07,0,0,0,0,61.9653,61.308,1.95915,1,1,1.57381,1.60275,0,1.21574,1.69344,8.60408e+06,3.78701e+06,1.35412e+07,0,0,0,1.26659e+08
99.2376,103.622,2.04533,0.18,0,3.38862,3.45093,0,0.62045,6.16896,4.14015e+06,2.83324e+06,1.40294e+07,0,0,0,0,61.7809,61.308,2.09854,1,1,1.61252,1.64217,0,1.21593,1.69344,8.60408e+06,3.78701e+06,1.38742e+07,0,0,0,1.26659e+08
98.2431,103.622,2.03369,0.18,0,3.38915,3.45146,0,0.635028,6.16896,4.14015e+06,2.83324e+06,1.40316e+07,0,0,0,0,61.604,61.308,2.16241,1,1,1.61277,1.64242,0,1.24583,1.69344,8.60408e+06,3.78701e+06,1.38764e+07,0,0,0,1.26659e+08
97.0287,103.622,1.79282,0.17,0,3.38967,3.45199,0,0.635126,6.16896,4.14015e+06,2.83324e+06,1.40338e+07,0,0,0,0,61.3848,61.308,1.99682,1,1,1.61302,1.64268,0,1.24603,1.69344,8.60408e+06,3.78701e+06,1.38785e+07,0,0,0,1.26659e+08
95.7062,103.622,1.66377,0.17,0,3.39019,3.45253,0,0.635224,6.16896,4.14015e+06,2.83324e+06,1.40359e+07,0,0,0,0,61.1425,61.308,1.91473,1,1,1.61327,1.64293,0,1.24622,1.69344,8.60408e+06,3.78701e+06,1.38807e+07,0,0,0,1.26659e+08
94.0064,103.622,1.38874,0.18,0,3.61717,3.68368,0,0.635322,6.16896,4.14015e+06,2.83324e+06,1.49756e+07,0,0,0,0,60.7175,61.308,1.86763,1,1,1.69344,1.78465,0.0589927,1.24641,1.69344,8.60408e+06,3.78701e+06,1.45705e+07,0,0,0,1.26659e+08
92.1635,103.622,1.21753,0.18,0,3.61773,3.68424,0,0.677858,6.16896,4.14015e+06,2.83324e+06,1.49779e+07,0,0,0,0,60.1743,61.308,1.7213,1,1,1.69344,1.78493,0.0592632,1.30835,1.69344,8.60408e+06,3.78701e+06,1.45705e+07,0,0,0,1.26659e+08
90.3242,103.622,1.19004,0.18,0,3.61829,3.68481,0,0.677962,6.16896,4.14015e+06,2.83324e+06,1.49803e+07,0,0,0,0,59.7183,61.308,1.6198,1,1,1.69344,1.7852,0.0595337,1.30835,1.69344,8.60408e+06,3.78701e+06,1.45705e+07,0,0,0,1.26659e+08
88.9491,103.622,1.65488,0.18,0,3.61884,3.68538,0,0.678067,6.16896,4.14015e+06,2.83324e+06,1.49826e+07,0,0,0,0,59.3392,61.308,1.89309,1,1,1.69344,1.78548,0.0598042,1.30835,1.69344,8.60408e+06,3.78701e+06,1.45705e+07,0,0,0,1.26659e+08
88.0894,103.622,2.23446,0.21,0,3.6194,3.68595,0,0.678171,6.16896,4.14015e+06,2.83324e+06,1.49849e+07,0,0,0,0,59.1192,61.308,2.08263,1,1,1.69344,1.78576,0.0600749,1.30835,1.69344,8.60408e+06,3.78701e+06,1.45705e+07,0,0,0,1.26659e+08
87.0805,103.622,1.92333,0.22,0,3.50951,3.57404,0,0.678276,6.16896,4.14015e+06,2.83324e+06,1.45299e+07,0,0,0,0,58.8017,61.308,2.73317,1,1,1.6694,1.7001,0,1.30835,1.69344,8.60408e+06,3.78701e+06,1.43637e+07,0,0,0,1.26659e+08
85.8372,103.622,1.61831,0.22,0,3.51005,3.57459,0,0.657683,6.16896,4.14015e+06,2.83324e+06,1.45322e+07,0,0,0,0,58.1111,61.308,1.45707,1,1,1.66966,1.70036,0,1.28978,1.69344,8.60408e+06,3.78701e+06,1.43659e+07,0,0,0,1.26659e+08
84.8218,103.622,1.86933,0.22,0,3.5106,3.57514,0,0.657784,6.16896,4.14015e+06,2.83324e+06,1.45344e+07,0,0,0,0,57.694,61.308,1.48952,1,1,1.66992,1.70062,0,1.28998,1.69344,8.60408e+06,3.78701e+06,1.43681e+07,0,0,0,1.26659e+08
86.7017,103.622,5.26798,0.23,0,3.51114,3.57569,0,0.657886,6.16896,4.14015e+06,2.83324e+06,1.45366e+07,0,0,0,0,58.0369,61.308,2.8219,1,1,1.67018,1.70088,0,1.29018,1.69344,8.60408e+06,3.78701e+06,1.43703e+07,0,0,0,1.26659e+08
86.378,103.622,2.66809,0.22,0,3.42096,3.48386,0,0.657987,6.16896,4.14015e+06,2.83324e+06,1.41633e+07,0,0,0,0,57.8464,61.308,1.82834,1,1,1.59358,1.62288,0,1.29038,1.69344,8.60408e+06,3.78701e+06,1.37113e+07,0,0,0,1.26659e+08
87.4094,103.622,4.08885,0.23,0,3.42149,3.4844,0,0.641089,6.16896,4.14015e+06,2.83324e+06,1.41655e+07,0,0,0,0,57.6877,61.308,1.9863,1,1,1.59382,1.62313,0,1.2312,1.69344,8.60408e+06,3.78701e+06,1.37134e+07,0,0,0,1.26659e+08
90.6048,103.622,6.4488,0.24,0,3.42202,3.48494,0,0.641187,6.16896,4.14015e+06,2.83324e+06,1.41677e+07,0,0,0,0,58.1904,61.308,3.63347,1,1,1.59407,1.62338,0,1.23139,1.69344,8.60408e+06,3.78701e+06,1.37155e+07,0,0,0,1.26659e+08
91.6423,103.622,4.25777,0.22,0,3.42255,3.48547,0,0.641286,6.16896,4.14015e+06,2.83324e+06,1.41699e+07,0,0,0,0,58.3701,61.308,2.99734,1,1,1.59431,1.62363,0,1.23158,1.69344,8.60408e+06,3.78701e+06,1.37176e+07,0,0,0,1.26659e+08
95.1346,103.622,7.0992,0.23,0,3.22348,3.22348,0,0.641385,6.16896,4.14015e+06,2.70226e+06,1.33457e+07,0,0,0,0,58.9377,61.308,3.26977,0,1,1.46077,1.46077,0,1.23177,1.69344,8.60408e+06,3.61194e+06,1.25685e+07,0,0,0,1.26659e+08
98.6386,103.622,7.33001,0.24,0,3.22397,3.22397,0,0.604079,6.16896,4.14015e+06,2.70226e+06,1.33477e+07,0,0,0,0,59.9841,61.308,3.25312,0,1,1.46099,1.46099,0,1.12859,1.69344,8.60408e+06,3.61194e+06,1.25705e+07,0,0,0,1.26659e+08
101.768,103.622,6.8323,0.22,0,3.22447,3.22447,0,0.604173,6.16896,4.14015e+06,2.70226e+06,1.33498e+07,0,0,0,0,60.842,61.308,3.8734,0,1,1.46122,1.46122,0,1.12876,1.69344,8.60408e+06,3.61194e+06,1.25724e+07,0,0,0,1.26659e+08
103.622,103.622,5.65879,0.23,0,3.22497,3.22497,0,0.604266,6.16896,4.14015e+06,2.70226e+06,1.33519e+07,0,0,0,0,61.6773,61.308,5.35312,0,1,1.46144,1.46144,0,1.12894,1.69344,8.60408e+06,3.61194e+06,1.25744e+07,0,0,0,1.26659e+08
103.622,103.622,6.04956,0.24,0,3.22547,3.22547,0,0.604359,6.16896,4.14015e+06,2.70226e+06,1.33539e+07,0,0,0,0,62.3362,61.308,6.74207,0,1,1.46167,1.46167,0,1.12911,1.69344,8.60408e+06,3.61194e+06,1.25763e+07,0,0,0,1.26659e+08
103.622,103.622,7.09877,0.25,0,3.327,3.327,0,0.604452,6.16896,4.14015e+06,2.70226e+06,1.37743e+07,0,0,0,0,62.3362,61.308,5.93003,0,1,1.50915,1.50915,0,1.12928,1.69344,8.60408e+06,3.61194e+06,1.29849e+07,0,0,0,1.26659e+08
103.622,103.622,8.81771,0.25,0,3.32748,3.32748,0,0.62348,6.16896,4.14015e+06,2.70226e+06,1.37763e+07,0,0,0,0,62.3362,61.308,6.79937,0,1,1.50937,1.50937,0,1.16597,1.69344,8.60408e+06,3.61194e+06,1.29867e+07,0,0,0,1.26659e+08
103.622,103.622,7.86631,0.26,0,3.32796,3.32796,0,0.62357,6.16896,4.14015e+06,2.70226e+06,1.37783e+07,0,0,0,0,62.3362,61.308,7.67689,0,1,1.50959,1.50959,0,1.16614,1.69344,8.60408e+06,3.61194e+06,1.29886e+07,0,0,0,1.26659e+08
103.622,103.622,5.88514,0.29,0,3.32844,3.32844,0,0.62366,6.16896,4.14015e+06,2.70226e+06,1.37803e+07,0,0,0,0,62.3362,61.308,4.94278,0,1,1.5098,1.5098,0,1.16631,1.69344,8.60408e+06,3.61194e+06,1.29905e+07,0,0,0,1.26659e+08
103.622,103.622,7.00643,0.31,0,3.58765,3.65362,0,0.62375,6.16896,4.14015e+06,2.83324e+06,1.48534e+07,0,0,0,0,62.3362,61.308,5.74305,1,1,1.6571,1.68757,0,1.16648,1.69344,8.60408e+06,3.78701e+06,1.42578e+07,0,0,0,1.26659e+08
103.622,103.622,4.4593,0.3,0,3.58817,3.65414,0,0.672326,6.16896,4.14015e+06,2.83324e+06,1.48556e+07,0,0,0,0,62.3362,61.308,4.26141,1,1,1.65734,1.68781,0,1.28028,1.69344,8.60408e+06,3.78701e+06,1.42599e+07,0,0,0,1.26659e+08
103.622,103.622,5.40585,0.3,0,3.58869,3.65467,0,0.672423,6.16896,4.14015e+06,2.83324e+06,1.48577e+07,0,0,0,0,62.3362,61.308,3.7725,1,1,1.65758,1.68806,0,1.28046,1.69344,8.60408e+06,3.78701e+06,1.42619e+07,0,0,0,1.26659e+08
103.622,103.622,7.07948,0.3,0,3.5892,3.6552,0,0.67252,6.16896,4.14015e+06,2.83324e+06,1.48599e+07,0,0,0,0,62.3362,61.308,5.43785,1,1,1.65782,1.6883,0,1.28065,1.69344,8.60408e+06,3.78701e+06,1.4264e+07,0,0,0,1.26659e+08
103.622,103.622,6.88899,0.32,0,3.19234,3.19234,0,0.672617,6.16896,4.14015e+06,2.70226e+06,1.32168e+07,0,0,0,0,62.3362,61.308,7.38108,0,1,1.45013,1.45013,0,1.28083,1.69344,8.60408e+06,3.61194e+06,1.24771e+07,0,0,0,1.26659e+08
103.622,103.622,5.95585,0.34,0,3.1928,3.1928,0,0.598244,6.16896,4.14015e+06,2.70226e+06,1.32187e+07,0,0,0,0,62.3362,61.308,8.62691,0,1,1.45034,1.45034,0,1.12037,1.69344,8.60408e+06,3.61194e+06,1.24789e+07,0,0,0,1.26659e+08
103.622,103.622,6.93283,0.37,0,3.19326,3.19326,0,0.59833,6.16896,4.14015e+06,2.70226e+06,1.32206e+07,0,0,0,0,62.3362,61.308,9.37164,0,1,1.45055,1.45055,0,1.12054,1.69344,8.60408e+06,3.61194e+06,1.24807e+07,0,0,0,1.26659e+08
103.622,103.622,7.84467,0.41,0,2.90542,3.19372,0,0.598416,6.16896,4.14015e+06,3.39989e+06,1.20289e+07,0,0,0,0,62.3362,61.308,9.73997,0,1,1.3198,1.45076,0,1.1207,1.69344,8.60408e+06,4.54441e+06,1.13557e+07,0,0,0,1.26659e+08
103.622,103.622,10.7195,0.48,0,2.90583,3.19418,0,0.544475,6.16896,4.14015e+06,3.39989e+06,1.20306e+07,0,0,0,0,62.3362,61.308,11.1322,0,1,1.31999,1.45097,0,1.01968,1.69344,8.60408e+06,4.54441e+06,1.13573e+07,0,0,0,1.26659e+08
103.622,103.622,8.25664,0.51,0,3.01244,3.31136,0,0.544553,6.16896,4.14015e+06,3.39989e+06,1.2472e+07,0,0,0,0,62.3362,61.308,8.74831,0,1,1.37328,1.50954,0,1.01982,1.69344,8.60408e+06,4.54441e+06,1.18158e+07,0,0,0,1.26659e+08
103.622,103.622,5.88163,0.54,0,3.01288,3.31184,0,0.564531,6.16896,4.14015e+06,3.39989e+06,1.24738e+07,0,0,0,0,62.3362,61.308,6.70594,0,1,1.37347,1.50976,0,1.06099,1.69344,8.60408e+06,4.54441e+06,1.18175e+07,0,0,0,1.26659e+08
103.622,103.622,4.88017,0.54,0,3.01331,3.31232,0,0.564613,6.16896,4.14015e+06,3.39989e+06,1.24756e+07,0,0,0,0,62.3362,61.308,6.24135,0,1,1.37367,1.50998,0,1.06115,1.69344,8.60408e+06,4.54441e+06,1.18192e+07,0,0,0,1.26659e+08
103.622,103.622,4.63062,0.53,0,3.01374,3.31279,0,0.564694,6.16896,4.14015e+06,3.39989e+06,1.24774e+07,0,0,0,0,62.3362,61.308,6.43601,0,1,1.37387,1.5102,0,1.0613,1.69344,8.60408e+06,4.54441e+06,1.18209e+07,0,0,0,1.26659e+08
103.622,103.622,4.03033,0.54,0,2.97263,3.26761,0,0.564775,6.16896,4.14015e+06,3.39989e+06,1.23072e+07,0,0,0,0,62.3362,61.308,4.64427,0,1,1.35343,1.48773,0,1.06145,1.69344,8.60408e+06,4.54441e+06,1.1645e+07,0,0,0,1.26659e+08
103.622,103.622,4.22813,0.52,0,2.97306,3.26808,0,0.557072,6.16896,4.14015e+06,3.39989e+06,1.23089e+07,0,0,0,0,62.3362,61.308,3.65788,0,1,1.35363,1.48795,0,1.04566,1.69344,8.60408e+06,4.54441e+06,1.16467e+07,0,0,0,1.26659e+08
103.622,103.622,3.42658,0.48,0,2.97349,3.26855,0,0.557152,6.16896,4.14015e+06,3.39989e+06,1.23107e+07,0,0,0,0,62.3362,61.308,3.19562,0,1,1.35382,1.48816,0,1.04581,1.69344,8.60408e+06,4.54441e+06,1.16484e+07,0,0,0,1.26659e+08
103.613,103.622,3.03896,0.46,0,2.97392,3.26902,0,0.557232,6.16896,4.14015e+06,3.39989e+06,1.23125e+07,0,0,0,0,62.3362,61.308,2.4904,0,1,1.35402,1.48838,0,1.04596,1.69344,8.60408e+06,4.54441e+06,1.16501e+07,0,0,0,1.26659e+08
103.404,103.622,2.89973,0.42,0,3.11544,3.42458,0,0.557312,6.16896,4.14015e+06,2.83324e+06,1.28984e+07,0,0,0,0,62.3362,61.308,2.51466,1,1,1.42743,1.56907,0,1.04611,1.69344,8.60408e+06,3.78701e+06,1.22817e+07,0,0,0,1.26659e+08
103.113,103.622,2.95363,0.38,0,3.36324,3.42508,0,0.583834,6.16896,4.14015e+06,2.83324e+06,1.39243e+07,0,0,0,0,62.3362,61.308,2.59691,1,1,1.54097,1.5693,0,1.10283,1.69344,8.60408e+06,3.78701e+06,1.32586e+07,0,0,0,1.26659e+08
102.785,103.622,2.89429,0.35,0,3.36372,3.42557,0,0.630271,6.16896,4.14015e+06,2.83324e+06,1.39263e+07,0,0,0,0,62.3362,61.308,2.63358,1,1,1.54119,1.56952,0,1.19055,1.69344,8.60408e+06,3.78701e+06,1.32605e+07,0,0,0,1.26659e+08
102.183,103.622,2.60325,0.3,0,3.36421,3.42606,0,0.630362,6.16896,4.14015e+06,2.83324e+06,1.39283e+07,0,0,0,0,62.3362,61.308,2.68212,1,1,1.54141,1.56975,0,1.19072,1.69344,8.60408e+06,3.78701e+06,1.32624e+07,0,0,0,1.26659e+08
101.59,103.622,2.59703,0.26,0,3.36469,3.42656,0,0.630452,6.16896,4.14015e+06,2.83324e+06,1.39303e+07,0,0,0,0,62.3362,61.308,2.75172,1,1,1.54163,1.56998,0,1.19089,1.69344,8.60408e+06,3.78701e+06,1.32643e+07,0,0,0,1.26659e+08
101.537,103.622,3.08885,0.22,0,3.33504,3.39636,0,0.630543,6.16896,4.14015e+06,2.83324e+06,1.38076e+07,0,0,0,0,62.3362,61.308,3.28294,1,1,1.58532,1.61447,0,1.19106,1.69344,8.60408e+06,3.78701e+06,1.36402e+07,0,0,0,1.26659e+08
101.355,103.622,2.92913,0.2,0,3.33552,3.39684,0,0.624986,6.16896,4.14015e+06,2.83324e+06,1.38095e+07,0,0,0,0,62.3362,61.308,3.16865,1,1,1.58555,1.6147,0,1.22482,1.69344,8.60408e+06,3.78701e+06,1.36422e+07,0,0,0,1.26659e+08
101.031,103.622,2.76388,0.19,0,3.336,3.39733,0,0.625076,6.16896,4.14015e+06,2.83324e+06,1.38115e+07,0,0,0,0,62.3362,61.308,2.97207,1,1,1.58578,1.61493,0,1.22499,1.69344,8.60408e+06,3.78701e+06,1.36441e+07,0,0,0,1.26659e+08
100.544,103.622,2.57917,0.19,0,3.33648,3.39782,0,0.625166,6.16896,4.14015e+06,2.83324e+06,1.38135e+07,0,0,0,0,62.3362,61.308,2.78482,1,1,1.586,1.61516,0,1.22517,1.69344,8.60408e+06,3.78701e+06,1.36461e+07,0,0,0,1.26659e+08
99.7378,103.622,2.23856,0.2,0,3.41484,3.47762,0,0.625256,6.16896,4.14015e+06,2.83324e+06,1.41379e+07,0,0,0,0,62.3362,61.308,2.57305,1,1,1.62499,1.65487,0,1.22535,1.69344,8.60408e+06,3.78701e+06,1.39816e+07,0,0,0,1.26659e+08
98.9306,103.622,2.26517,0.19,0,3.41533,3.47812,0,0.63994,6.16896,4.14015e+06,2.83324e+06,1.414e+07,0,0,0,0,62.3362,61.308,2.88205,1,1,1.62523,1.65511,0,1.25547,1.69344,8.60408e+06,3.78701e+06,1.39836e+07,0,0,0,1.26659e+08
97.9994,103.622,2.08712,0.18,0,3.41582,3.47862,0,0.640032,6.16896,4.14015e+06,2.83324e+06,1.4142e+07,0,0,0,0,62.2886,61.308,2.74323,1,1,1.62546,1.65535,0,1.25565,1.69344,8.60408e+06,3.78701e+06,1.39856e+07,0,0,0,1.26659e+08
96.9124,103.622,1.90039,0.18,0,3.41631,3.47912,0,0.640124,6.16896,4.14015e+06,2.83324e+06,1.4144e+07,0,0,0,0,62.187,61.308,2.39905,1,1,1.62569,1.65558,0,1.25583,1.69344,8.60408e+06,3.78701e+06,1.39876e+07,0,0,0,1.26659e+08
95.7793,103.622,2.01925,0.18,0,3.645,3.71201,0,0.640216,6.16896,4.14015e+06,2.83324e+06,1.50908e+07,0,0,0,0,62.0037,61.308,2.80737,1,1,1.69344,1.79838,0.0724736,1.25601,1.69344,8.60408e+06,3.78701e+06,1.45705e+07,0,0,0,1.26659e+08
94.2899,103.622,1.56881,0.18,0,3.64552,3.71255,0,0.683072,6.16896,4.14015e+06,2.83324e+06,1.5093e+07,0,0,0,0,61.6973,61.308,1.81939,1,1,1.69344,1.79864,0.0727277,1.30835,1.69344,8.60408e+06,3.78701e+06,1.45705e+07,0,0,0,1.26659e+08
92.9115,103.622,1.69054,0.18,0,3.64604,3.71308,0,0.68317,6.16896,4.14015e+06,2.83324e+06,1.50952e+07,0,0,0,0,61.273,61.308,2.24072,1,1,1.69344,1.7989,0.0729818,1.30835,1.69344,8.60408e+06,3.78701e+06,1.45705e+07,0,0,0,1.26659e+08
91.2854,103.622,1.39945,0.18,0,3.64657,3.71362,0,0.683269,6.16896,4.14015e+06,2.83324e+06,1.50973e+07,0,0,0,0,60.8965,61.308,1.56912,1,1,1.69344,1.79916,0.0732359,1.30835,1.69344,8.60408e+06,3.78701e+06,1.45705e+07,0,0,0,1.26659e+08
89.9861,103.622,1.74381,0.19,0,3.64709,3.71415,0,0.683367,6.16896,4.14015e+06,2.83324e+06,1.50995e+07,0,0,0,0,60.5877,61.308,2.95147,1,1,1.69344,1.79942,0.0734902,1.30835,1.69344,8.60408e+06,3.78701e+06,1.45705e+07,0,0,0,1.26659e+08
89.1707,103.622,2.30963,0.19,0,3.53633,3.60134,0,0.683465,6.16896,4.14015e+06,2.83324e+06,1.46409e+07,0,0,0,0,60.8645,61.308,2.04944,1,1,1.68216,1.71309,0,1.30835,1.69344,8.60408e+06,3.78701e+06,1.44734e+07,0,0,0,1.26659e+08
88.2372,103.622,2.18314,0.22,0,3.53683,3.60186,0,0.662707,6.16896,4.14015e+06,2.83324e+06,1.4643e+07,0,0,0,0,61.378,61.308,3.20668,1,1,1.6824,1.71333,0,1.29963,1.69344,8.60408e+06,3.78701e+06,1.44755e+07,0,0,0,1.26659e+08
87.0999,103.622,1.92315,0.22,0,3.53734,3.60238,0,0.662803,6.16896,4.14015e+06,2.83324e+06,1.46451e+07,0,0,0,0,61.0389,61.308,1.92812,1,1,1.68264,1.71358,0,1.29982,1.69344,8.60408e+06,3.78701e+06,1.44776e+07,0,0,0,1.26659e+08
85.6965,103.622,1.61772,0.23,0,3.53785,3.6029,0,0.662898,6.16896,4.14015e+06,2.83324e+06,1.46472e+07,0,0,0,0,60.4597,61.308,1.70592,1,1,1.68288,1.71383,0,1.30001,1.69344,8.60408e+06,3.78701e+06,1.44797e+07,0,0,0,1.26659e+08
84.2453,103.622,1.4997,0.24,0,3.44696,3.51033,0,0.662993,6.16896,4.14015e+06,2.83324e+06,1.42709e+07,0,0,0,0,60.3524,61.308,1.43102,1,1,1.60569,1.63521,0,1.3002,1.69344,8.60408e+06,3.78701e+06,1.38154e+07,0,0,0,1.26659e+08
83.1807,103.622,1.96797,0.24,0,3.44745,3.51084,0,0.64596,6.16896,4.14015e+06,2.83324e+06,1.4273e+07,0,0,0,0,60.6364,61.308,2.32151,1,1,1.60592,1.63544,0,1.24055,1.69344,8.60408e+06,3.78701e+06,1.38174e+07,0,0,0,1.26659e+08
81.584,103.622,1.31406,0.25,0,3.44795,3.51134,0,0.646052,6.16896,4.14015e+06,2.83324e+06,1.4275e+07,0,0,0,0,60.6026,61.308,2.31695,1,1,1.60615,1.63568,0,1.24073,1.69344,8.60408e+06,3.78701e+06,1.38194e+07,0,0,0,1.26659e+08
80.4766,103.622,2.01925,0.26,0,3.44844,3.51185,0,0.646145,6.16896,4.14015e+06,2.83324e+06,1.42771e+07,0,0,0,0,60.7214,61.308,1.80359,1,1,1.60638,1.63591,0,1.24091,1.69344,8.60408e+06,3.78701e+06,1.38214e+07,0,0,0,1.26659e+08
80.9375,103.622,3.56285,0.26,0,3.24783,3.24783,0,0.646238,6.16896,4.14015e+06,2.70226e+06,1.34465e+07,0,0,0,0,61.0809,61.308,2.55526,0,1,1.4718,1.4718,0,1.24109,1.69344,8.60408e+06,3.61194e+06,1.26635e+07,0,0,0,1.26659e+08
80.3315,103.622,2.34413,0.27,0,3.2483,3.2483,0,0.608644,6.16896,4.14015e+06,2.70226e+06,1.34485e+07,0,0,0,0,61.105,61.308,2.03175,0,1,1.47201,1.47201,0,1.13712,1.69344,8.60408e+06,3.61194e+06,1.26653e+07,0,0,0,1.26659e+08
79.5949,103.622,2.20547,0.3,0,3.24877,3.24877,0,0.608731,6.16896,4.14015e+06,2.70226e+06,1.34504e+07,0,0,0,0,60.9219,61.308,1.88579,0,1,1.47223,1.47223,0,1.13728,1.69344,8.60408e+06,3.61194e+06,1.26672e+07,0,0,0,1.26659e+08
79.833,103.622,3.18336,0.34,0,3.24923,3.24923,0,0.608819,6.16896,4.14015e+06,2.70226e+06,1.34523e+07,0,0,0,0,61.0349,61.308,2.06427,0,1,1.47244,1.47244,0,1.13744,1.69344,8.60408e+06,3.61194e+06,1.2669e+07,0,0,0,1.26659e+08
80.9105,103.622,4.23508,0.37,0,3.2497,3.2497,0,0.608906,6.16896,4.14015e+06,2.70226e+06,1.34543e+07,0,0,0,0,61.3517,61.308,2.33962,0,1,1.47265,1.47265,0,1.13761,1.69344,8.60408e+06,3.61194e+06,1.26708e+07,0,0,0,1.26659e+08
81.0389,103.622,3.42629,0.38,0,3.35197,3.35197,0,0.608994,6.16896,4.14015e+06,2.70226e+06,1.38777e+07,0,0,0,0,62.3362,61.308,3.49997,0,1,1.52048,1.52048,0,1.13777,1.69344,8.60408e+06,3.61194e+06,1.30823e+07,0,0,0,1.26659e+08
84.4404,103.622,6.58913,0.41,0,3.04979,3.35242,0,0.628159,6.16896,4.14015e+06,3.39989e+06,1.26266e+07,0,0,0,0,62.3362,61.308,4.01113,0,1,1.38341,1.52068,0,1.17472,1.69344,8.60408e+06,4.54441e+06,1.19029e+07,0,0,0,1.26659e+08
89.8101,103.622,9.13551,0.39,0,3.29233,3.35287,0,0.571531,6.16896,4.14015e+06,2.83324e+06,1.36308e+07,0,0,0,0,62.3362,61.308,4.816,0,1,1.49343,1.52088,0,1.06882,1.69344,8.60408e+06,3.78701e+06,1.28496e+07,0,0,0,1.26659e+08
94.9988,103.622,9.31524,0.35,0,3.35332,3.35332,0,0.616983,6.16896,4.14015e+06,2.70226e+06,1.38832e+07,0,0,0,0,62.3362,61.308,4.89948,0,1,1.52109,1.52109,0,1.15382,1.69344,8.60408e+06,3.61194e+06,1.30876e+07,0,0,0,1.26659e+08
97.6934,103.622,7.1459,0.37,0,3.61443,3.68088,0,0.628412,6.16896,4.14015e+06,2.83324e+06,1.49643e+07,0,0,0,0,62.3362,61.308,6.7987,1,1,1.66947,1.70016,0,1.17519,1.69344,8.60408e+06,3.78701e+06,1.43642e+07,0,0,0,1.26659e+08
101.179,103.622,7.66134,0.3,0,3.61491,3.68138,0,0.677344,6.16896,4.14015e+06,2.83324e+06,1.49663e+07,0,0,0,0,62.3362,61.308,5.91204,1,1,1.66969,1.70039,0,1.28983,1.69344,8.60408e+06,3.78701e+06,1.43662e+07,0,0,0,1.26659e+08
103.622,103.622,6.72373,0.3,0,3.6154,3.68187,0,0.677435,6.16896,4.14015e+06,2.83324e+06,1.49683e+07,0,0,0,0,62.3362,61.308,5.4466,1,1,1.66992,1.70062,0,1.29,1.69344,8.60408e+06,3.78701e+06,1.43681e+07,0,0,0,1.26659e+08
103.622,103.622,6.67679,0.31,0,3.61588,3.68236,0,0.677526,6.16896,4.14015e+06,2.83324e+06,1.49703e+07,0,0,0,0,62.3362,61.308,5.21962,1,1,1.67014,1.70085,0,1.29018,1.69344,8.60408e+06,3.78701e+06,1.437e+07,0,0,0,1.26659e+08
103.622,103.622,11.0415,0.33,0,3.21603,3.21603,0,0.677616,6.16896,4.14015e+06,2.70226e+06,1.33149e+07,0,0,0,0,62.3362,61.308,14.0368,0,1,1.4609,1.4609,0,1.29035,1.69344,8.60408e+06,3.61194e+06,1.25697e+07,0,0,0,1.26659e+08
103.622,103.622,10.8841,0.34,0,3.21646,3.21646,0,0.602685,6.16896,4.14015e+06,2.70226e+06,1.33166e+07,0,0,0,0,62.3362,61.308,20.2419,0,1,1.46109,1.46109,0,1.12869,1.69344,8.60408e+06,3.61194e+06,1.25714e+07,0,0,0,1.26659e+08
103.622,103.622,10.3705,0.38,0,3.21689,3.21689,0,0.602765,6.16896,4.14015e+06,2.70226e+06,1.33184e+07,0,0,0,0,62.3362,61.308,17.5804,0,1,1.46129,1.46129,0,1.12884,1.69344,8.60408e+06,3.61194e+06,1.25731e+07,0,0,0,1.26659e+08
103.622,103.622,10.7353,0.43,0,2.92689,3.21733,0,0.602846,6.16896,4.14015e+06,3.39989e+06,1.21178e+07,0,0,0,0,62.3362,61.308,16.7346,0,1,1.32956,1.46149,0,1.12899,1.69344,8.60408e+06,4.54441e+06,1.14396e+07,0,0,0,1.26659e+08
103.622,103.622,9.4793,0.5,0,2.92729,3.21776,0,0.5485,6.16896,4.14015e+06,3.39989e+06,1.21194e+07,0,0,0,0,62.3362,61.308,14.9659,0,1,1.32973,1.46168,0,1.02721,1.69344,8.60408e+06,4.54441e+06,1.14411e+07,0,0,0,1.26659e+08
103.622,103.622,12.4154,0.55,0,3.03465,3.33577,0,0.548573,6.16896,4.14015e+06,3.39989e+06,1.25639e+07,0,0,0,0,62.3362,61.308,18.7404,0,1,1.3834,1.52067,0,1.02735,1.69344,8.60408e+06,4.54441e+06,1.19029e+07,0,0,0,1.26659e+08
103.622,103.622,7.67472,0.56,0,3.03506,3.33622,0,0.568693,6.16896,4.14015e+06,3.39989e+06,1.25656e+07,0,0,0,0,62.3362,61.308,13.3238,0,1,1.38359,1.52088,0,1.06881,1.69344,8.60408e+06,4.54441e+06,1.19045e+07,0,0,0,1.26659e+08
103.622,103.622,6.5105,0.57,0,3.03546,3.33667,0,0.568769,6.16896,4.14015e+06,3.39989e+06,1.25673e+07,0,0,0,0,62.3362,61.308,12.17,0,1,1.38377,1.52108,0,1.06896,1.69344,8.60408e+06,4.54441e+06,1.19061e+07,0,0,0,1.26659e+08
103.622,103.622,5.89012,0.55,0,3.03587,3.33711,0,0.568846,6.16896,4.14015e+06,3.39989e+06,1.2569e+07,0,0,0,0,62.3362,61.308,11.2378,0,1,1.38396,1.52128,0,1.0691,1.69344,8.60408e+06,4.54441e+06,1.19077e+07,0,0,0,1.26659e+08
103.622,103.622,5.73772,0.57,0,2.99443,3.29156,0,0.568922,6.16896,4.14015e+06,3.39989e+06,1.23974e+07,0,0,0,0,62.3362,61.308,6.75676,0,1,1.36336,1.49864,0,1.06924,1.69344,8.60408e+06,4.54441e+06,1.17304e+07,0,0,0,1.26659e+08
103.622,103.622,4.40039,0.55,0,2.99483,3.292,0,0.561156,6.16896,4.14015e+06,3.39989e+06,1.2399e+07,0,0,0,0,62.3362,61.308,3.96407,0,1,1.36354,1.49884,0,1.05333,1.69344,8.60408e+06,4.54441e+06,1.1732e+07,0,0,0,1.26659e+08
103.622,103.622,4.44405,0.53,0,2.99523,3.29244,0,0.561231,6.16896,4.14015e+06,3.39989e+06,1.24007e+07,0,0,0,0,62.3362,61.308,3.84893,0,1,1.36372,1.49904,0,1.05347,1.69344,8.60408e+06,4.54441e+06,1.17336e+07,0,0,0,1.26659e+08
103.622,103.622,3.76861,0.51,0,2.99563,3.29288,0,0.561306,6.16896,4.14015e+06,3.39989e+06,1.24024e+07,0,0,0,0,62.3362,61.308,3.89919,0,1,1.3639,1.49924,0,1.05361,1.69344,8.60408e+06,4.54441e+06,1.17351e+07,0,0,0,1.26659e+08
103.622,103.622,3.39701,0.45,0,3.13816,3.44955,0,0.561381,6.16896,4.14015e+06,2.83324e+06,1.29924e+07,0,0,0,0,62.3362,61.308,3.31353,1,1,1.43784,1.58051,0,1.05375,1.69344,8.60408e+06,3.78701e+06,1.23713e+07,0,0,0,1.26659e+08
103.622,103.622,3.60591,0.41,0,3.13858,3.45001,0,0.58809,6.16896,4.14015e+06,2.83324e+06,1.29942e+07,0,0,0,0,62.3362,61.308,2.88103,1,1,1.43803,1.58072,0,1.11087,1.69344,8.60408e+06,3.78701e+06,1.23729e+07,0,0,0,1.26659e+08
103.622,103.622,3.34957,0.37,0,3.38818,3.45047,0,0.588169,6.16896,4.14015e+06,2.83324e+06,1.40276e+07,0,0,0,0,62.3362,61.308,2.90574,1,1,1.55239,1.58093,0,1.11102,1.69344,8.60408e+06,3.78701e+06,1.33569e+07,0,0,0,1.26659e+08
103.577,103.622,3.2609,0.32,0,3.38863,3.45094,0,0.634945,6.16896,4.14015e+06,2.83324e+06,1.40295e+07,0,0,0,0,62.3362,61.308,2.91153,1,1,1.5526,1.58115,0,1.19938,1.69344,8.60408e+06,3.78701e+06,1.33587e+07,0,0,0,1.26659e+08
103.354,103.622,3.04513,0.29,0,3.38909,3.4514,0,0.63503,6.16896,4.14015e+06,2.83324e+06,1.40313e+07,0,0,0,0,62.3362,61.308,2.66576,1,1,1.55281,1.58136,0,1.19954,1.69344,8.60408e+06,3.78701e+06,1.33605e+07,0,0,0,1.26659e+08
103.148,103.622,2.97028,0.24,0,3.35918,3.42095,0,0.635115,6.16896,4.14015e+06,2.83324e+06,1.39075e+07,0,0,0,0,62.3362,61.308,2.60662,1,1,1.5968,1.62616,0,1.1997,1.69344,8.60408e+06,3.78701e+06,1.3739e+07,0,0,0,1.26659e+08
102.791,103.622,2.82757,0.22,0,3.35963,3.4214,0,0.629511,6.16896,4.14015e+06,2.83324e+06,1.39094e+07,0,0,0,0,62.3362,61.308,2.44351,1,1,1.59701,1.62637,0,1.23369,1.69344,8.60408e+06,3.78701e+06,1.37408e+07,0,0,0,1.26659e+08
102.222,103.622,2.60057,0.21,0,3.36008,3.42186,0,0.629595,6.16896,4.14015e+06,2.83324e+06,1.39113e+07,0,0,0,0,62.3362,61.308,2.43605,1,1,1.59722,1.62659,0,1.23385,1.69344,8.60408e+06,3.78701e+06,1.37426e+07,0,0,0,1.26659e+08
101.448,103.622,2.36502,0.2,0,3.36053,3.42232,0,0.629679,6.16896,4.14015e+06,2.83324e+06,1.39131e+07,0,0,0,0,62.2785,61.308,2.18279,1,1,1.59744,1.62681,0,1.23402,1.69344,8.60408e+06,3.78701e+06,1.37445e+07,0,0,0,1.26659e+08
100.506,103.622,2.15328,0.2,0,3.43942,3.50266,0,0.629764,6.16896,4.14015e+06,2.83324e+06,1.42397e+07,0,0,0,0,62.1079,61.308,2.05665,1,1,1.63669,1.66678,0,1.23418,1.69344,8.60408e+06,3.78701e+06,1.40822e+07,0,0,0,1.26659e+08
99.4584,103.622,2.04111,0.19,0,3.43988,3.50313,0,0.644547,6.16896,4.14015e+06,2.83324e+06,1.42416e+07,0,0,0,0,61.7614,61.308,1.89,1,1,1.63691,1.66701,0,1.26451,1.69344,8.60408e+06,3.78701e+06,1.40841e+07,0,0,0,1.26659e+08
98.3118,103.622,1.88754,0.18,0,3.44034,3.5036,0,0.644634,6.16896,4.14015e+06,2.83324e+06,1.42435e+07,0,0,0,0,61.2187,61.308,1.81992,1,1,1.63713,1.66723,0,1.26468,1.69344,8.60408e+06,3.78701e+06,1.4086e+07,0,0,0,1.26659e+08
97.0319,103.622,1.72192,0.18,0,3.4408,3.50407,0,0.64472,6.16896,4.14015e+06,2.83324e+06,1.42454e+07,0,0,0,0,60.8956,61.308,1.60517,1,1,1.63735,1.66745,0,1.26485,1.69344,8.60408e+06,3.78701e+06,1.40879e+07,0,0,0,1.26659e+08
95.7695,103.622,1.93007,0.18,0,3.67109,3.73859,0,0.644806,6.16896,4.14015e+06,2.83324e+06,1.51989e+07,0,0,0,0,60.0599,61.308,2.05268,1,1,1.69344,1.81126,0.0851161,1.26502,1.69344,8.60408e+06,3.78701e+06,1.45705e+07,0,0,0,1.26659e+08
93.7754,103.622,1.07112,0.18,0,3.67158,3.73909,0,0.687962,6.16896,4.14015e+06,2.83324e+06,1.52009e+07,0,0,0,0,59.1439,61.308,1.1345,1,1,1.69344,1.8115,0.085354,1.30835,1.69344,8.60408e+06,3.78701e+06,1.45705e+07,0,0,0,1.26659e+08
91.9192,103.622,1.20009,0.18,0,3.67207,3.73959,0,0.688054,6.16896,4.14015e+06,2.83324e+06,1.52029e+07,0,0,0,0,58.1092,61.308,1.4126,1,1,1.69344,1.81174,0.0855921,1.30835,1.69344,8.60408e+06,3.78701e+06,1.45705e+07,0,0,0,1.26659e+08
89.8747,103.622,0.966118,0.18,0,3.67256,3.74009,0,0.688146,6.16896,4.14015e+06,2.83324e+06,1.5205e+07,0,0,0,0,57.4101,61.308,1.01946,1,1,1.69344,1.81198,0.0858303,1.30835,1.69344,8.60408e+06,3.78701e+06,1.45705e+07,0,0,0,1.26659e+08
88.0515,103.622,1.19257,0.19,0,3.67306,3.74059,0,0.688239,6.16896,4.14015e+06,2.83324e+06,1.5207e+07,0,0,0,0,56.6104,61.308,1.76999,1,1,1.69344,1.81223,0.0860684,1.30835,1.69344,8.60408e+06,3.78701e+06,1.45705e+07,0,0,0,1.26659e+08
86.2845,103.622,1.17728,0.23,0,3.56146,3.62695,0,0.688331,6.16896,4.14015e+06,2.83324e+06,1.4745e+07,0,0,0,0,55.7362,61.308,1.37958,1,1,1.69344,1.72526,0.000675205,1.30835,1.69344,8.60408e+06,3.78701e+06,1.45705e+07,0,0,0,1.26659e+08
84.651,103.622,1.28697,0.24,0,3.56194,3.62743,0,0.667418,6.16896,4.14015e+06,2.83324e+06,1.4747e+07,0,0,0,0,55.3904,61.308,1.34408,1,1,1.69344,1.72549,0.000901828,1.30835,1.69344,8.60408e+06,3.78701e+06,1.45705e+07,0,0,0,1.26659e+08
83.6588,103.622,2.03313,0.24,0,3.56242,3.62792,0,0.667508,6.16896,4.14015e+06,2.83324e+06,1.47489e+07,0,0,0,0,55.3685,61.308,2.27308,1,1,1.69344,1.72573,0.00112868,1.30835,1.69344,8.60408e+06,3.78701e+06,1.45705e+07,0,0,0,1.26659e+08
82.5451,103.622,1.95755,0.24,0,3.56289,3.6284,0,0.667597,6.16896,4.14015e+06,2.83324e+06,1.47509e+07,0,0,0,0,54.9135,61.308,2.07725,1,1,1.69344,1.72596,0.00135542,1.30835,1.69344,8.60408e+06,3.78701e+06,1.45705e+07,0,0,0,1.26659e+08
81.2257,103.622,1.64803,0.28,0,3.47132,3.53514,0,0.667686,6.16896,4.14015e+06,2.83324e+06,1.43718e+07,0,0,0,0,54.7061,61.308,1.34708,1,1,1.61703,1.64677,0,1.30835,1.69344,8.60408e+06,3.78701e+06,1.39131e+07,0,0,0,1.26659e+08
80.3255,103.622,2.17593,0.28,0,3.47178,3.53562,0,0.650525,6.16896,4.14015e+06,2.83324e+06,1.43737e+07,0,0,0,0,54.9264,61.308,2.32469,1,1,1.61725,1.64699,0,1.24932,1.69344,8.60408e+06,3.78701e+06,1.3915e+07,0,0,0,1.26659e+08
81.2719,103.622,4.33403,0.28,0,3.47225,3.53609,0,0.650612,6.16896,4.14015e+06,2.83324e+06,1.43756e+07,0,0,0,0,56.1022,61.308,4.82299,1,1,1.61747,1.64721,0,1.24949,1.69344,8.60408e+06,3.78701e+06,1.39168e+07,0,0,0,1.26659e+08
81.5658,103.622,3.44469,0.26,0,3.47271,3.53656,0,0.650699,6.16896,4.14015e+06,2.83324e+06,1.43776e+07,0,0,0,0,56.882,61.308,3.65439,1,1,1.61768,1.64743,0,1.24966,1.69344,8.60408e+06,3.78701e+06,1.39187e+07,0,0,0,1.26659e+08
81.2107,103.622,2.62477,0.26,0,3.27066,3.27066,0,0.650786,6.16896,4.14015e+06,2.70226e+06,1.3541e+07,0,0,0,0,57.4919,61.308,3.17913,0,1,1.48215,1.48215,0,1.24982,1.69344,8.60408e+06,3.61194e+06,1.27525e+07,0,0,0,1.26659e+08
81.6828,103.622,3.58939,0.28,0,3.27109,3.27109,0,0.612921,6.16896,4.14015e+06,2.70226e+06,1.35428e+07,0,0,0,0,58.1926,61.308,3.84275,0,1,1.48234,1.48234,0,1.14511,1.69344,8.60408e+06,3.61194e+06,1.27542e+07,0,0,0,1.26659e+08
82.4475,103.622,3.95558,0.31,0,3.27153,3.27153,0,0.613003,6.16896,4.14015e+06,2.70226e+06,1.35446e+07,0,0,0,0,58.9936,61.308,3.66129,0,1,1.48254,1.48254,0,1.14526,1.69344,8.60408e+06,3.61194e+06,1.27559e+07,0,0,0,1.26659e+08
82.1199,103.622,2.83282,0.35,0,3.27197,3.27197,0,0.613085,6.16896,4.14015e+06,2.70226e+06,1.35465e+07,0,0,0,0,59.4122,61.308,4.07355,0,1,1.48274,1.48274,0,1.14541,1.69344,8.60408e+06,3.61194e+06,1.27576e+07,0,0,0,1.26659e+08
81.0365,103.622,1.89561,0.37,0,3.27241,3.27241,0,0.613167,6.16896,4.14015e+06,2.70226e+06,1.35483e+07,0,0,0,0,59.332,61.308,2.02461,0,1,1.48294,1.48294,0,1.14557,1.69344,8.60408e+06,3.61194e+06,1.27593e+07,0,0,0,1.26659e+08
83.2507,103.622,5.40851,0.38,0,3.31442,3.37536,0,0.613249,6.16896,4.14015e+06,2.83324e+06,1.37222e+07,0,0,0,0,59.9436,61.308,3.20192,1,1,1.50344,1.53109,0,1.14572,1.69344,8.60408e+06,3.78701e+06,1.29357e+07,0,0,0,1.26659e+08
85.7372,103.622,5.55174,0.38,0,3.31483,3.37578,0,0.621122,6.16896,4.14015e+06,2.83324e+06,1.37239e+07,0,0,0,0,60.4455,61.308,2.93039,1,1,1.50363,1.53128,0,1.16156,1.69344,8.60408e+06,3.78701e+06,1.29373e+07,0,0,0,1.26659e+08
87.5473,103.622,4.70255,0.4,0,3.07142,3.3762,0,0.621199,6.16896,4.14015e+06,2.83324e+06,1.27162e+07,0,0,0,0,60.968,61.308,2.59629,1,1,1.39322,1.53147,0,1.1617,1.69344,8.60408e+06,3.78701e+06,1.19874e+07,0,0,0,1.26659e+08
90.1014,103.622,5.55222,0.42,0,3.0718,3.37662,0,0.575584,6.16896,4.14015e+06,2.83324e+06,1.27177e+07,0,0,0,0,61.8217,61.308,3.22412,1,1,1.39339,1.53166,0,1.0764,1.69344,8.60408e+06,3.78701e+06,1.19889e+07,0,0,0,1.26659e+08
93.4642,103.622,6.82714,0.38,0,3.63951,3.70642,0,0.575656,6.16896,4.14015e+06,2.83324e+06,1.50681e+07,0,0,0,0,62.3362,61.308,4.35546,1,1,1.68105,1.71196,0,1.07653,1.69344,8.60408e+06,3.78701e+06,1.44639e+07,0,0,0,1.26659e+08
101.74,103.622,12.4569,0.37,0,3.63996,3.70688,0,0.682043,6.16896,4.14015e+06,2.83324e+06,1.507e+07,0,0,0,0,62.3362,61.308,6.34395,1,1,1.68126,1.71217,0,1.29878,1.69344,8.60408e+06,3.78701e+06,1.44657e+07,0,0,0,1.26659e+08
103.622,103.622,11.7214,0.3,0,3.64041,3.70734,0,0.682128,6.16896,4.14015e+06,2.83324e+06,1.50719e+07,0,0,0,0,62.3362,61.308,5.81559,1,1,1.68147,1.71238,0,1.29894,1.69344,8.60408e+06,3.78701e+06,1.44675e+07,0,0,0,1.26659e+08
103.622,103.622,6.42312,0.33,0,3.64086,3.7078,0,0.682213,6.16896,4.14015e+06,2.83324e+06,1.50737e+07,0,0,0,0,62.3362,61.308,3.41465,1,1,1.68168,1.7126,0,1.2991,1.69344,8.60408e+06,3.78701e+06,1.44693e+07,0,0,0,1.26659e+08
103.622,103.622,7.12072,0.33,0,3.23822,3.23822,0,0.682298,6.16896,4.14015e+06,2.70226e+06,1.34067e+07,0,0,0,0,62.3362,61.308,4.74781,0,1,1.47098,1.47098,0,1.29926,1.69344,8.60408e+06,3.61194e+06,1.26564e+07,0,0,0,1.26659e+08
103.622,103.622,10.4775,0.36,0,3.23862,3.23862,0,0.606842,6.16896,4.14015e+06,2.70226e+06,1.34084e+07,0,0,0,0,62.3362,61.308,6.67978,0,1,1.47116,1.47116,0,1.13648,1.69344,8.60408e+06,3.61194e+06,1.2658e+07,0,0,0,1.26659e+08
103.622,103.622,8.26408,0.4,0,2.94663,3.23902,0,0.606918,6.16896,4.14015e+06,3.39989e+06,1.21995e+07,0,0,0,0,62.3362,61.308,5.18187,0,1,1.33852,1.47134,0,1.13662,1.69344,8.60408e+06,4.54441e+06,1.15168e+07,0,0,0,1.26659e+08
103.622,103.622,6.71629,0.44,0,2.947,3.23943,0,0.552199,6.16896,4.14015e+06,3.39989e+06,1.2201e+07,0,0,0,0,62.3362,61.308,3.8696,0,1,1.33869,1.47153,0,1.03414,1.69344,8.60408e+06,4.54441e+06,1.15182e+07,0,0,0,1.26659e+08
103.622,103.622,7.55578,0.5,0,2.94736,3.23983,0,0.552268,6.16896,4.14015e+06,3.39989e+06,1.22025e+07,0,0,0,0,62.3362,61.308,5.00625,0,1,1.33886,1.47171,0,1.03427,1.69344,8.60408e+06,4.54441e+06,1.15196e+07,0,0,0,1.26659e+08
103.622,103.622,6.33693,0.56,0,3.05543,3.35862,0,0.552336,6.16896,4.14015e+06,2.83324e+06,1.265e+07,0,0,0,0,62.3362,61.308,4.69776,1,1,1.39288,1.53109,0,1.0344,1.69344,8.60408e+06,3.78701e+06,1.19844e+07,0,0,0,1.26659e+08
103.622,103.622,7.35841,0.59,0,3.05581,3.35904,0,0.572588,6.16896,4.14015e+06,2.83324e+06,1.26515e+07,0,0,0,0,62.3362,61.308,4.59104,1,1,1.39305,1.53128,0,1.07614,1.69344,8.60408e+06,3.78701e+06,1.19859e+07,0,0,0,1.26659e+08
103.622,103.622,8.0465,0.58,0,3.05619,3.35946,0,0.57266,6.16896,4.14015e+06,2.83324e+06,1.26531e+07,0,0,0,0,62.3362,61.308,5.35239,1,1,1.39322,1.53147,0,1.07627,1.69344,8.60408e+06,3.78701e+06,1.19874e+07,0,0,0,1.26659e+08
103.622,103.622,8.27372,0.59,0,3.05657,3.35987,0,0.572731,6.16896,4.14015e+06,2.83324e+06,1.26547e+07,0,0,0,0,62.3362,61.308,6.09285,1,1,1.39339,1.53166,0,1.0764,1.69344,8.60408e+06,3.78701e+06,1.19889e+07,0,0,0,1.26659e+08
103.622,103.622,8.17396,0.59,0,3.01482,3.31398,0,0.572802,6.16896,4.14015e+06,3.39989e+06,1.24818e+07,0,0,0,0,62.3362,61.308,5.67352,0,1,1.37264,1.50885,0,1.07654,1.69344,8.60408e+06,4.54441e+06,1.18103e+07,0,0,0,1.26659e+08
103.622,103.622,4.69702,0.57,0,3.0152,3.31439,0,0.564977,6.16896,4.14015e+06,3.39989e+06,1.24834e+07,0,0,0,0,62.3362,61.308,3.53721,0,1,1.37281,1.50903,0,1.0605,1.69344,8.60408e+06,4.54441e+06,1.18118e+07,0,0,0,1.26659e+08
103.622,103.622,5.12219,0.57,0,3.01557,3.3148,0,0.565048,6.16896,4.14015e+06,3.39989e+06,1.24849e+07,0,0,0,0,62.3362,61.308,3.03218,0,1,1.37298,1.50922,0,1.06063,1.69344,8.60408e+06,4.54441e+06,1.18132e+07,0,0,0,1.26659e+08
103.622,103.622,4.60778,0.53,0,3.01594,3.31521,0,0.565118,6.16896,4.14015e+06,3.39989e+06,1.24865e+07,0,0,0,0,62.3362,61.308,3.09645,0,1,1.37315,1.50941,0,1.06077,1.69344,8.60408e+06,4.54441e+06,1.18147e+07,0,0,0,1.26659e+08
103.622,103.622,3.92993,0.48,0,3.1594,3.47291,0,0.565188,6.16896,4.14015e+06,2.83324e+06,1.30804e+07,0,0,0,0,62.3362,61.308,2.84563,1,1,1.44757,1.59121,0,1.0609,1.69344,8.60408e+06,3.78701e+06,1.2455e+07,0,0,0,1.26659e+08
103.622,103.622,3.83852,0.45,0,3.1598,3.47334,0,0.592072,6.16896,4.14015e+06,2.83324e+06,1.3082e+07,0,0,0,0,62.3362,61.308,2.64757,1,1,1.44775,1.59141,0,1.11839,1.69344,8.60408e+06,3.78701e+06,1.24566e+07,0,0,0,1.26659e+08
103.622,103.622,3.65669,0.39,0,3.41105,3.47377,0,0.592146,6.16896,4.14015e+06,2.83324e+06,1.41223e+07,0,0,0,0,62.3362,61.308,2.49116,1,1,1.56287,1.59161,0,1.11853,1.69344,8.60408e+06,3.78701e+06,1.34471e+07,0,0,0,1.26659e+08
103.622,103.622,3.52958,0.34,0,3.41148,3.4742,0,0.639232,6.16896,4.14015e+06,2.83324e+06,1.4124e+07,0,0,0,0,62.3362,61.308,2.68548,1,1,1.56307,1.59181,0,1.20748,1.69344,8.60408e+06,3.78701e+06,1.34488e+07,0,0,0,1.26659e+08
103.622,103.622,3.24193,0.3,0,3.4119,3.47463,0,0.639311,6.16896,4.14015e+06,2.83324e+06,1.41258e+07,0,0,0,0,62.2142,61.308,2.54969,1,1,1.56326,1.592,0,1.20763,1.69344,8.60408e+06,3.78701e+06,1.34504e+07,0,0,0,1.26659e+08
103.178,103.622,2.61279,0.26,0,3.38176,3.44394,0,0.63939,6.16896,4.14015e+06,2.83324e+06,1.4001e+07,0,0,0,0,61.9296,61.308,1.90547,1,1,1.60753,1.63709,0,1.20778,1.69344,8.60408e+06,3.78701e+06,1.38313e+07,0,0,0,1.26659e+08
102.561,103.622,2.41874,0.25,0,3.38218,3.44437,0,0.633742,6.16896,4.14015e+06,2.83324e+06,1.40027e+07,0,0,0,0,61.7021,61.308,1.85419,1,1,1.60773,1.63729,0,1.24198,1.69344,8.60408e+06,3.78701e+06,1.3833e+07,0,0,0,1.26659e+08
101.94,103.622,2.40866,0.21,0,3.3826,3.4448,0,0.633821,6.16896,4.14015e+06,2.83324e+06,1.40045e+07,0,0,0,0,61.4326,61.308,1.85519,1,1,1.60793,1.63749,0,1.24213,1.69344,8.60408e+06,3.78701e+06,1.38348e+07,0,0,0,1.26659e+08
101.234,103.622,2.29318,0.2,0,3.38302,3.44522,0,0.6339,6.16896,4.14015e+06,2.83324e+06,1.40062e+07,0,0,0,0,60.9414,61.308,1.82316,1,1,1.60813,1.6377,0,1.24229,1.69344,8.60408e+06,3.78701e+06,1.38365e+07,0,0,0,1.26659e+08
100.267,103.622,2.03757,0.2,0,3.46241,3.52607,0,0.633978,6.16896,4.14015e+06,2.83324e+06,1.43349e+07,0,0,0,0,60.4414,61.308,1.57194,1,1,1.64763,1.67792,0,1.24244,1.69344,8.60408e+06,3.78701e+06,1.41763e+07,0,0,0,1.26659e+08
99.701,103.622,2.45641,0.19,0,3.46283,3.5265,0,0.648855,6.16896,4.14015e+06,2.83324e+06,1.43367e+07,0,0,0,0,60.0891,61.308,1.85355,1,1,1.64783,1.67813,0,1.27296,1.69344,8.60408e+06,3.78701e+06,1.41781e+07,0,0,0,1.26659e+08
98.9417,103.622,2.22454,0.19,0,3.46326,3.52694,0,0.648935,6.16896,4.14015e+06,2.83324e+06,1.43384e+07,0,0,0,0,59.4645,61.308,1.75177,1,1,1.64804,1.67834,0,1.27312,1.69344,8.60408e+06,3.78701e+06,1.41799e+07,0,0,0,1.26659e+08
98.008,103.622,2.02367,0.18,0,3.46369,3.52738,0,0.649016,6.16896,4.14015e+06,2.83324e+06,1.43402e+07,0,0,0,0,59.0542,61.308,1.53051,1,1,1.64824,1.67855,0,1.27327,1.69344,8.60408e+06,3.78701e+06,1.41816e+07,0,0,0,1.26659e+08
97.0979,103.622,2.22556,0.18,0,3.69548,3.76342,0,0.649096,6.16896,4.14015e+06,2.83324e+06,1.52998e+07,0,0,0,0,58.2791,61.308,1.88458,1,1,1.69344,1.82329,0.0969316,1.27343,1.69344,8.60408e+06,3.78701e+06,1.45705e+07,0,0,0,1.26659e+08
95.2098,103.622,1.16145,0.18,0,3.69594,3.76389,0,0.692533,6.16896,4.14015e+06,2.83324e+06,1.53017e+07,0,0,0,0,57.2863,61.308,1.27156,1,1,1.69344,1.82352,0.0971539,1.30835,1.69344,8.60408e+06,3.78701e+06,1.45705e+07,0,0,0,1.26659e+08
93.231,103.622,1.03673,0.18,0,3.6964,3.76436,0,0.692619,6.16896,4.14015e+06,2.83324e+06,1.53036e+07,0,0,0,0,56.2932,61.308,1.17606,1,1,1.69344,1.82374,0.097376,1.30835,1.69344,8.60408e+06,3.78701e+06,1.45705e+07,0,0,0,1.26659e+08
91.3861,103.622,1.14975,0.18,0,3.69685,3.76483,0,0.692705,6.16896,4.14015e+06,2.83324e+06,1.53055e+07,0,0,0,0,55.4806,61.308,1.20798,1,1,1.69344,1.82397,0.0975983,1.30835,1.69344,8.60408e+06,3.78701e+06,1.45705e+07,0,0,0,1.26659e+08
90.1516,103.622,1.80154,0.19,0,3.69731,3.76529,0,0.692791,6.16896,4.14015e+06,2.83324e+06,1.53074e+07,0,0,0,0,54.7392,61.308,1.4736,1,1,1.69344,1.8242,0.0978206,1.30835,1.69344,8.60408e+06,3.78701e+06,1.45705e+07,0,0,0,1.26659e+08
88.7795,103.622,1.53867,0.2,0,3.58495,3.65086,0,0.692877,6.16896,4.14015e+06,2.83324e+06,1.48422e+07,0,0,0,0,53.8331,61.308,1.51274,1,1,1.69344,1.73664,0.0118467,1.30835,1.69344,8.60408e+06,3.78701e+06,1.45705e+07,0,0,0,1.26659e+08
86.7134,103.622,0.791151,0.24,0,3.58539,3.65132,0,0.671819,6.16896,4.14015e+06,2.83324e+06,1.48441e+07,0,0,0,0,52.7603,61.308,1.08642,1,1,1.69344,1.73686,0.0120583,1.30835,1.69344,8.60408e+06,3.78701e+06,1.45705e+07,0,0,0,1.26659e+08
84.7625,103.622,0.912451,0.24,0,3.58584,3.65177,0,0.671903,6.16896,4.14015e+06,2.83324e+06,1.48459e+07,0,0,0,0,52.1618,61.308,1.10997,1,1,1.69344,1.73707,0.0122699,1.30835,1.69344,8.60408e+06,3.78701e+06,1.45705e+07,0,0,0,1.26659e+08
84.1969,103.622,2.58154,0.25,0,3.58628,3.65222,0,0.671986,6.16896,4.14015e+06,2.83324e+06,1.48478e+07,0,0,0,0,52.0786,61.308,2.1582,1,1,1.69344,1.73729,0.0124816,1.30835,1.69344,8.60408e+06,3.78701e+06,1.45705e+07,0,0,0,1.26659e+08
82.8792,103.622,1.6445,0.25,0,3.49407,3.55832,0,0.67207,6.16896,4.14015e+06,2.83324e+06,1.4466e+07,0,0,0,0,51.381,61.308,1.54425,1,1,1.62763,1.65756,0,1.30835,1.69344,8.60408e+06,3.78701e+06,1.40043e+07,0,0,0,1.26659e+08
81.0024,103.622,1.03379,0.28,0,3.49451,3.55876,0,0.65479,6.16896,4.14015e+06,2.83324e+06,1.44678e+07,0,0,0,0,50.9257,61.308,1.09798,1,1,1.62784,1.65777,0,1.25751,1.69344,8.60408e+06,3.78701e+06,1.4006e+07,0,0,0,1.26659e+08
79.5981,103.622,1.60997,0.28,0,3.49494,3.5592,0,0.654871,6.16896,4.14015e+06,2.83324e+06,1.44696e+07,0,0,0,0,50.9926,61.308,3.00184,1,1,1.62804,1.65797,0,1.25767,1.69344,8.60408e+06,3.78701e+06,1.40078e+07,0,0,0,1.26659e+08
80.0753,103.622,3.7434,0.28,0,3.49538,3.55964,0,0.654952,6.16896,4.14015e+06,2.83324e+06,1.44714e+07,0,0,0,0,52.1593,61.308,5.31481,1,1,1.62824,1.65818,0,1.25782,1.69344,8.60408e+06,3.78701e+06,1.40095e+07,0,0,0,1.26659e+08
79.3158,103.622,2.18931,0.28,0,3.29197,3.29197,0,0.655033,6.16896,4.14015e+06,2.70226e+06,1.36293e+07,0,0,0,0,52.5015,61.308,2.61264,0,1,1.4918,1.4918,0,1.25798,1.69344,8.60408e+06,3.61194e+06,1.28356e+07,0,0,0,1.26659e+08
77.9489,103.622,1.40408,0.3,0,3.29238,3.29238,0,0.616915,6.16896,4.14015e+06,2.70226e+06,1.36309e+07,0,0,0,0,52.234,61.308,1.60098,0,1,1.49199,1.49199,0,1.15257,1.69344,8.60408e+06,3.61194e+06,1.28372e+07,0,0,0,1.26659e+08
76.6361,103.622,1.48609,0.32,0,3.29279,3.29279,0,0.616991,6.16896,4.14015e+06,2.70226e+06,1.36326e+07,0,0,0,0,52.0948,61.308,2.64809,0,1,1.49217,1.49217,0,1.15271,1.69344,8.60408e+06,3.61194e+06,1.28388e+07,0,0,0,1.26659e+08
76.0138,103.622,2.24805,0.36,0,3.29319,3.29319,0,0.617068,6.16896,4.14015e+06,2.70226e+06,1.36343e+07,0,0,0,0,51.9733,61.308,2.62007,0,1,1.49236,1.49236,0,1.15285,1.69344,8.60408e+06,3.61194e+06,1.28404e+07,0,0,0,1.26659e+08
81.5496,103.622,9.27673,0.37,0,3.2936,3.2936,0,0.617145,6.16896,4.14015e+06,2.70226e+06,1.3636e+07,0,0,0,0,55.3426,61.308,6.44819,0,1,1.49254,1.49254,0,1.153,1.69344,8.60408e+06,3.61194e+06,1.2842e+07,0,0,0,1.26659e+08
86.2582,103.622,8.25622,0.39,0,3.23414,3.2936,0,0.617221,6.16896,4.14015e+06,2.83324e+06,1.33898e+07,0,0,0,0,56.8761,61.308,5.58775,0,1,1.4656,1.49254,0,1.15314,1.69344,8.60408e+06,3.78701e+06,1.26101e+07,0,0,0,1.26659e+08
88.9796,103.622,6.19669,0.38,0,3.33585,3.39719,0,0.606078,6.16896,4.14015e+06,2.83324e+06,1.38109e+07,0,0,0,0,57.5554,61.308,4.60217,1,1,1.51317,1.54099,0,1.13232,1.69344,8.60408e+06,3.78701e+06,1.30194e+07,0,0,0,1.26659e+08
90.2599,103.622,4.47441,0.4,0,3.09087,3.39758,0,0.625139,6.16896,4.14015e+06,2.83324e+06,1.27967e+07,0,0,0,0,58.0983,61.308,3.94724,1,1,1.40204,1.54116,0,1.16907,1.69344,8.60408e+06,3.78701e+06,1.20633e+07,0,0,0,1.26659e+08
91.728,103.622,4.96416,0.37,0,3.33662,3.39796,0,0.579229,6.16896,4.14015e+06,2.83324e+06,1.38141e+07,0,0,0,0,58.6335,61.308,4.42558,1,1,1.51351,1.54134,0,1.08322,1.69344,8.60408e+06,3.78701e+06,1.30224e+07,0,0,0,1.26659e+08
94.7231,103.622,6.6172,0.38,0,3.337,3.39835,0,0.625282,6.16896,4.14015e+06,2.83324e+06,1.38157e+07,0,0,0,0,59.4107,61.308,5.43467,1,1,1.51369,1.54152,0,1.16934,1.69344,8.60408e+06,3.78701e+06,1.30239e+07,0,0,0,1.26659e+08
97.3465,103.622,6.53622,0.38,0,3.6629,3.73025,0,0.625354,6.16896,4.14015e+06,2.83324e+06,1.5165e+07,0,0,0,0,60.0864,61.308,5.39097,1,1,1.69186,1.72296,0,1.16947,1.69344,8.60408e+06,3.78701e+06,1.45569e+07,0,0,0,1.26659e+08
98.3951,103.622,4.84573,0.31,0,3.66332,3.73068,0,0.686428,6.16896,4.14015e+06,2.83324e+06,1.51667e+07,0,0,0,0,60.0745,61.308,3.31466,1,1,1.69205,1.72316,0,1.30713,1.69344,8.60408e+06,3.78701e+06,1.45585e+07,0,0,0,1.26659e+08
99.3443,103.622,4.84772,0.33,0,3.66374,3.73111,0,0.686507,6.16896,4.14015e+06,2.83324e+06,1.51685e+07,0,0,0,0,60.2072,61.308,4.1783,1,1,1.69225,1.72336,0,1.30728,1.69344,8.60408e+06,3.78701e+06,1.45602e+07,0,0,0,1.26659e+08
100.779,103.622,5.2975,0.33,0,3.66416,3.73153,0,0.686586,6.16896,4.14015e+06,2.83324e+06,1.51702e+07,0,0,0,0,61.1397,61.308,4.42206,1,1,1.69244,1.72356,0,1.30743,1.69344,8.60408e+06,3.78701e+06,1.45619e+07,0,0,0,1.26659e+08
100.584,103.622,3.21567,0.37,0,3.25891,3.25891,0,0.686664,6.16896,4.14015e+06,2.70226e+06,1.34924e+07,0,0,0,0,61.5545,61.308,3.0845,0,1,1.48038,1.48038,0,1.30758,1.69344,8.60408e+06,3.61194e+06,1.27373e+07,0,0,0,1.26659e+08
101.567,103.622,4.27669,0.42,0,2.96507,3.25929,0,0.61072,6.16896,4.14015e+06,3.39989e+06,1.22758e+07,0,0,0,0,62.3362,61.308,4.22879,0,1,1.3469,1.48055,0,1.14374,1.69344,8.60408e+06,4.54441e+06,1.15888e+07,0,0,0,1.26659e+08
103.622,103.622,8.47823,0.44,0,2.96541,3.25966,0,0.555653,6.16896,4.14015e+06,3.39989e+06,1.22772e+07,0,0,0,0,62.3362,61.308,5.60081,0,1,1.34705,1.48072,0,1.04061,1.69344,8.60408e+06,4.54441e+06,1.15901e+07,0,0,0,1.26659e+08
103.622,103.622,5.37007,0.51,0,2.96575,3.26003,0,0.555717,6.16896,4.14015e+06,3.39989e+06,1.22786e+07,0,0,0,0,62.3362,61.308,3.93445,0,1,1.3472,1.48089,0,1.04073,1.69344,8.60408e+06,4.54441e+06,1.15915e+07,0,0,0,1.26659e+08
103.622,103.622,4.90577,0.56,0,2.96609,3.26041,0,0.555781,6.16896,4.14015e+06,3.39989e+06,1.228e+07,0,0,0,0,62.3362,61.308,4.27308,0,1,1.34736,1.48106,0,1.04085,1.69344,8.60408e+06,4.54441e+06,1.15928e+07,0,0,0,1.26659e+08
103.622,103.622,3.84352,0.6,0,3.07481,3.37992,0,0.555844,6.16896,4.14015e+06,2.83324e+06,1.27302e+07,0,0,0,0,62.3362,61.308,3.48971,1,1,1.40171,1.5408,0,1.04097,1.69344,8.60408e+06,3.78701e+06,1.20604e+07,0,0,0,1.26659e+08
103.536,103.622,3.21961,0.58,0,3.07516,3.38031,0,0.57622,6.16896,4.14015e+06,2.83324e+06,1.27316e+07,0,0,0,0,62.2346,61.308,2.89674,1,1,1.40187,1.54098,0,1.08296,1.69344,8.60408e+06,3.78701e+06,1.20618e+07,0,0,0,1.26659e+08
103.022,103.622,2.60724,0.59,0,3.07552,3.3807,0,0.576286,6.16896,4.14015e+06,2.83324e+06,1.27331e+07,0,0,0,0,62.2886,61.308,2.42756,1,1,1.40203,1.54115,0,1.08308,1.69344,8.60408e+06,3.78701e+06,1.20632e+07,0,0,0,1.26659e+08
102.433,103.622,2.51693,0.6,0,3.07587,3.38109,0,0.576352,6.16896,4.14015e+06,2.83324e+06,1.27346e+07,0,0,0,0,62.3362,61.308,2.42849,1,1,1.40219,1.54133,0,1.08321,1.69344,8.60408e+06,3.78701e+06,1.20646e+07,0,0,0,1.26659e+08
102.197,103.622,2.84445,0.6,0,3.03382,3.33487,0,0.576418,6.16896,4.14015e+06,3.39989e+06,1.25605e+07,0,0,0,0,62.3362,61.308,2.72545,0,1,1.38129,1.51836,0,1.08333,1.69344,8.60408e+06,4.54441e+06,1.18848e+07,0,0,0,1.26659e+08
101.852,103.622,2.63698,0.59,0,3.03417,3.33525,0,0.568539,6.16896,4.14015e+06,3.39989e+06,1.25619e+07,0,0,0,0,62.3362,61.308,2.50775,0,1,1.38145,1.51853,0,1.06719,1.69344,8.60408e+06,4.54441e+06,1.18861e+07,0,0,0,1.26659e+08
101.458,103.622,2.62027,0.56,0,3.03452,3.33563,0,0.568604,6.16896,4.14015e+06,3.39989e+06,1.25634e+07,0,0,0,0,62.3362,61.308,2.84565,0,1,1.38161,1.51871,0,1.06731,1.69344,8.60408e+06,4.54441e+06,1.18875e+07,0,0,0,1.26659e+08
101.053,103.622,2.5648,0.5,0,3.03487,3.33601,0,0.568669,6.16896,4.14015e+06,3.39989e+06,1.25648e+07,0,0,0,0,62.3362,61.308,2.57319,0,1,1.38177,1.51888,0,1.06743,1.69344,8.60408e+06,4.54441e+06,1.18888e+07,0,0,0,1.26659e+08
100.274,103.622,2.18754,0.47,0,3.1792,3.49467,0,0.568734,6.16896,4.14015e+06,2.83324e+06,1.31624e+07,0,0,0,0,62.3362,61.308,2.47433,1,1,1.45664,1.60118,0,1.06755,1.69344,8.60408e+06,3.78701e+06,1.25331e+07,0,0,0,1.26659e+08
99.3407,103.622,2.00316,0.41,0,3.17956,3.49507,0,0.595782,6.16896,4.14015e+06,2.83324e+06,1.31639e+07,0,0,0,0,62.3362,61.308,2.29036,1,1,1.45681,1.60137,0,1.1254,1.69344,8.60408e+06,3.78701e+06,1.25345e+07,0,0,0,1.26659e+08
98.1566,103.622,1.8952,0.36,0,3.43236,3.49547,0,0.59585,6.16896,4.14015e+06,2.83324e+06,1.42105e+07,0,0,0,0,62.2511,61.308,2.05871,1,1,1.57263,1.60155,0,1.12553,1.69344,8.60408e+06,3.78701e+06,1.35311e+07,0,0,0,1.26659e+08
96.8669,103.622,1.72608,0.32,0,3.43275,3.49587,0,0.643224,6.16896,4.14015e+06,2.83324e+06,1.42121e+07,0,0,0,0,62.1223,61.308,1.98262,1,1,1.57281,1.60173,0,1.21502,1.69344,8.60408e+06,3.78701e+06,1.35326e+07,0,0,0,1.26659e+08
96.0727,103.622,2.31315,0.27,0,3.43315,3.49627,0,0.643298,6.16896,4.14015e+06,2.83324e+06,1.42137e+07,0,0,0,0,62.3362,61.308,3.34546,1,1,1.57299,1.60192,0,1.21516,1.69344,8.60408e+06,3.78701e+06,1.35342e+07,0,0,0,1.26659e+08
95.3898,103.622,2.45268,0.36,0,3.40279,3.46535,0,0.643371,6.16896,4.14015e+06,2.83324e+06,1.40881e+07,0,0,0,0,62.3362,61.308,3.67713,1,1,1.61752,1.64726,0,1.2153,1.69344,8.60408e+06,3.78701e+06,1.39173e+07,0,0,0,1.26659e+08
94.531,103.622,2.25748,0.28,0,3.40318,3.46575,0,0.637682,6.16896,4.14015e+06,2.83324e+06,1.40897e+07,0,0,0,0,62.3362,61.308,3.66917,1,1,1.61771,1.64745,0,1.2497,1.69344,8.60408e+06,3.78701e+06,1.39189e+07,0,0,0,1.26659e+08
93.5042,103.622,2.05581,0.27,0,3.40357,3.46615,0,0.637755,6.16896,4.14015e+06,2.83324e+06,1.40913e+07,0,0,0,0,62.3362,61.308,3.2731,1,1,1.6179,1.64764,0,1.24984,1.69344,8.60408e+06,3.78701e+06,1.39205e+07,0,0,0,1.26659e+08
92.4881,103.622,2.01374,0.25,0,3.40396,3.46654,0,0.637828,6.16896,4.14015e+06,2.83324e+06,1.40929e+07,0,0,0,0,62.3362,61.308,3.40043,1,1,1.61808,1.64783,0,1.24999,1.69344,8.60408e+06,3.78701e+06,1.39221e+07,0,0,0,1.26659e+08
91.5612,103.622,2.14519,0.22,0,3.4838,3.54785,0,0.637901,6.16896,4.14015e+06,2.83324e+06,1.44235e+07,0,0,0,0,62.3362,61.308,3.77772,1,1,1.65781,1.68829,0,1.25013,1.69344,8.60408e+06,3.78701e+06,1.42639e+07,0,0,0,1.26659e+08
90.4929,103.622,1.98953,0.21,0,3.4842,3.54826,0,0.652864,6.16896,4.14015e+06,2.83324e+06,1.44251e+07,0,0,0,0,62.3362,61.308,3.66158,1,1,1.658,1.68848,0,1.28082,1.69344,8.60408e+06,3.78701e+06,1.42656e+07,0,0,0,1.26659e+08
89.2831,103.622,1.81087,0.21,0,3.4846,3.54866,0,0.652938,6.16896,4.14015e+06,2.83324e+06,1.44268e+07,0,0,0,0,62.3362,61.308,3.34724,1,1,1.65819,1.68868,0,1.28097,1.69344,8.60408e+06,3.78701e+06,1.42672e+07,0,0,0,1.26659e+08
87.9157,103.622,1.62145,0.22,0,3.485,3.54907,0,0.653013,6.16896,4.14015e+06,2.83324e+06,1.44284e+07,0,0,0,0,62.3362,61.308,3.30253,1,1,1.65838,1.68887,0,1.28112,1.69344,8.60408e+06,3.78701e+06,1.42688e+07,0,0,0,1.26659e+08
86.2066,103.622,1.43042,0.23,0,3.71817,3.78653,0,0.653088,6.16896,4.14015e+06,2.83324e+06,1.53938e+07,0,0,0,0,62.2851,61.308,4.11258,1,1,1.69344,1.83448,0.107925,1.28126,1.69344,8.60408e+06,3.78701e+06,1.45705e+07,0,0,0,1.26659e+08
84.661,103.622,1.59087,0.24,0,3.71859,3.78697,0,0.696785,6.16896,4.14015e+06,2.83324e+06,1.53955e+07,0,0,0,0,62.2528,61.308,4.39515,1,1,1.69344,1.8347,0.108131,1.30835,1.69344,8.60408e+06,3.78701e+06,1.45705e+07,0,0,0,1.26659e+08
83.8608,103.622,2.40111,0.24,0,3.71902,3.7874,0,0.696865,6.16896,4.14015e+06,2.83324e+06,1.53973e+07,0,0,0,0,62.3362,61.308,5.35282,1,1,1.69344,1.83491,0.108337,1.30835,1.69344,8.60408e+06,3.78701e+06,1.45705e+07,0,0,0,1.26659e+08
83.5718,103.622,2.91558,0.25,0,3.71945,3.78783,0,0.696945,6.16896,4.14015e+06,2.83324e+06,1.53991e+07,0,0,0,0,62.3362,61.308,5.52772,1,1,1.69344,1.83512,0.108544,1.30835,1.69344,8.60408e+06,3.78701e+06,1.45705e+07,0,0,0,1.26659e+08
83.3598,103.622,3.22223,0.25,0,3.71987,3.78827,0,0.697024,6.16896,4.14015e+06,2.83324e+06,1.54008e+07,0,0,0,0,62.3362,61.308,7.83255,1,1,1.69344,1.83533,0.10875,1.30835,1.69344,8.60408e+06,3.78701e+06,1.45705e+07,0,0,0,1.26659e+08
82.6241,103.622,2.58114,0.26,0,3.60679,3.6731,0,0.697104,6.16896,4.14015e+06,2.83324e+06,1.49327e+07,0,0,0,0,62.3362,61.308,6.42998,1,1,1.69344,1.74722,0.0222354,1.30835,1.69344,8.60408e+06,3.78701e+06,1.45705e+07,0,0,0,1.26659e+08
81.9546,103.622,2.47975,0.3,0,3.6072,3.67352,0,0.675912,6.16896,4.14015e+06,2.83324e+06,1.49344e+07,0,0,0,0,62.3362,61.308,5.8632,1,1,1.69344,1.74742,0.0224319,1.30835,1.69344,8.60408e+06,3.78701e+06,1.45705e+07,0,0,0,1.26659e+08
84.7171,103.622,6.91586,0.3,0,3.60761,3.67395,0,0.67599,6.16896,4.14015e+06,2.83324e+06,1.49361e+07,0,0,0,0,62.3362,61.308,13.9626,1,1,1.69344,1.74762,0.0226284,1.30835,1.69344,8.60408e+06,3.78701e+06,1.45705e+07,0,0,0,1.26659e+08
86.0196,103.622,5.07435,0.26,0,3.60803,3.67437,0,0.676067,6.16896,4.14015e+06,2.83324e+06,1.49378e+07,0,0,0,0,62.3362,61.308,7.77259,1,1,1.69344,1.74782,0.022825,1.30835,1.69344,8.60408e+06,3.78701e+06,1.45705e+07,0,0,0,1.26659e+08
90.784,103.622,9.89879,0.26,0,3.51523,3.57986,0,0.676144,6.16896,4.14015e+06,2.83324e+06,1.45536e+07,0,0,0,0,62.3362,61.308,11.2263,1,1,1.63749,1.66759,0,1.30835,1.69344,8.60408e+06,3.78701e+06,1.40891e+07,0,0,0,1.26659e+08
95.2978,103.622,8.9396,0.23,0,3.51563,3.58027,0,0.658753,6.16896,4.14015e+06,2.83324e+06,1.45552e+07,0,0,0,0,62.3362,61.308,9.89332,1,1,1.63767,1.66779,0,1.26512,1.69344,8.60408e+06,3.78701e+06,1.40907e+07,0,0,0,1.26659e+08
98.6859,103.622,7.55286,0.24,0,3.51603,3.58068,0,0.658829,6.16896,4.14015e+06,2.83324e+06,1.45569e+07,0,0,0,0,62.3362,61.308,8.90749,1,1,1.63786,1.66798,0,1.26527,1.69344,8.60408e+06,3.78701e+06,1.40923e+07,0,0,0,1.26659e+08
103.622,103.622,11.2279,0.21,0,3.51643,3.58109,0,0.658904,6.16896,4.14015e+06,2.83324e+06,1.45586e+07,0,0,0,0,62.3362,61.308,16.0604,1,1,1.63805,1.66817,0,1.26541,1.69344,8.60408e+06,3.78701e+06,1.40939e+07,0,0,0,1.26659e+08
103.622,103.622,8.40795,0.22,0,3.31177,3.31177,0,0.65898,6.16896,4.14015e+06,2.70226e+06,1.37112e+07,0,0,0,0,62.3362,61.308,10.9733,0,1,1.50078,1.50078,0,1.26556,1.69344,8.60408e+06,3.61194e+06,1.29128e+07,0,0,0,1.26659e+08
103.622,103.622,8.16426,0.24,0,3.31215,3.31215,0,0.620626,6.16896,4.14015e+06,2.70226e+06,1.37128e+07,0,0,0,0,62.3362,61.308,9.92587,0,1,1.50095,1.50095,0,1.1595,1.69344,8.60408e+06,3.61194e+06,1.29143e+07,0,0,0,1.26659e+08
103.622,103.622,8.79946,0.24,0,3.31253,3.31253,0,0.620697,6.16896,4.14015e+06,2.70226e+06,1.37144e+07,0,0,0,0,62.3362,61.308,13.3624,0,1,1.50112,1.50112,0,1.15963,1.69344,8.60408e+06,3.61194e+06,1.29158e+07,0,0,0,1.26659e+08
103.622,103.622,6.58732,0.25,0,3.31291,3.31291,0,0.620768,6.16896,4.14015e+06,2.70226e+06,1.37159e+07,0,0,0,0,62.3362,61.308,9.02929,0,1,1.50129,1.50129,0,1.15977,1.69344,8.60408e+06,3.61194e+06,1.29172e+07,0,0,0,1.26659e+08
103.622,103.622,10.8293,0.27,0,3.31329,3.31329,0,0.620839,6.16896,4.14015e+06,2.70226e+06,1.37175e+07,0,0,0,0,62.3362,61.308,14.8605,0,1,1.50147,1.50147,0,1.1599,1.69344,8.60408e+06,3.61194e+06,1.29187e+07,0,0,0,1.26659e+08
103.622,103.622,10.6617,0.29,0,3.35576,3.41746,0,0.62091,6.16896,4.14015e+06,2.83324e+06,1.38933e+07,0,0,0,0,62.3362,61.308,13.0626,1,1,1.5222,1.55018,0,1.16003,1.69344,8.60408e+06,3.78701e+06,1.30971e+07,0,0,0,1.26659e+08
103.622,103.622,9.01033,0.3,0,3.35611,3.41782,0,0.628869,6.16896,4.14015e+06,2.83324e+06,1.38948e+07,0,0,0,0,62.3362,61.308,11.6292,1,1,1.52236,1.55035,0,1.17605,1.69344,8.60408e+06,3.78701e+06,1.30985e+07,0,0,0,1.26659e+08
103.622,103.622,6.60047,0.31,0,3.35646,3.41818,0,0.628935,6.16896,4.14015e+06,2.83324e+06,1.38963e+07,0,0,0,0,62.3362,61.308,8.61402,1,1,1.52252,1.55051,0,1.17617,1.69344,8.60408e+06,3.78701e+06,1.30998e+07,0,0,0,1.26659e+08
103.622,103.622,7.57148,0.31,0,3.35682,3.41854,0,0.629002,6.16896,4.14015e+06,2.83324e+06,1.38977e+07,0,0,0,0,62.3362,61.308,10.5909,1,1,1.52268,1.55067,0,1.1763,1.69344,8.60408e+06,3.78701e+06,1.31012e+07,0,0,0,1.26659e+08
103.622,103.622,7.03575,0.33,0,3.68462,3.75237,0,0.629068,6.16896,4.14015e+06,2.83324e+06,1.52549e+07,0,0,0,0,62.3362,61.308,8.5594,1,1,1.69344,1.73318,0.0084499,1.17642,1.69344,8.60408e+06,3.78701e+06,1.45705e+07,0,0,0,1.26659e+08
103.622,103.622,6.06175,0.33,0,3.68501,3.75276,0,0.690498,6.16896,4.14015e+06,2.83324e+06,1.52565e+07,0,0,0,0,62.3362,61.308,9.24235,1,1,1.69344,1.73336,0.008629,1.30835,1.69344,8.60408e+06,3.78701e+06,1.45705e+07,0,0,0,1.26659e+08
103.622,103.622,8.10772,0.33,0,3.6854,3.75316,0,0.690571,6.16896,4.14015e+06,2.83324e+06,1.52581e+07,0,0,0,0,62.3362,61.308,9.24354,1,1,1.69344,1.73355,0.00880821,1.30835,1.69344,8.60408e+06,3.78701e+06,1.45705e+07,0,0,0,1.26659e+08
103.622,103.622,8.38893,0.33,0,3.68579,3.75355,0,0.690644,6.16896,4.14015e+06,2.83324e+06,1.52597e+07,0,0,0,0,62.3362,61.308,11.4078,1,1,1.69344,1.73373,0.00898743,1.30835,1.69344,8.60408e+06,3.78701e+06,1.45705e+07,0,0,0,1.26659e+08
103.622,103.622,13.9563,0.38,0,3.27811,3.27811,0,0.690716,6.16896,4.14015e+06,2.70226e+06,1.35719e+07,0,0,0,0,62.3362,61.308,12.8001,0,1,1.4891,1.4891,0,1.30835,1.69344,8.60408e+06,3.61194e+06,1.28123e+07,0,0,0,1.26659e+08
103.622,103.622,11.9097,0.43,0,2.98251,3.27846,0,0.614318,6.16896,4.14015e+06,3.39989e+06,1.2348e+07,0,0,0,0,62.3362,61.308,9.91024,0,1,1.35482,1.48926,0,1.15048,1.69344,8.60408e+06,4.54441e+06,1.1657e+07,0,0,0,1.26659e+08
103.622,103.622,13.418,0.49,0,2.98282,3.2788,0,0.558922,6.16896,4.14015e+06,3.39989e+06,1.23493e+07,0,0,0,0,62.3362,61.308,10.9323,0,1,1.35496,1.48941,0,1.04673,1.69344,8.60408e+06,4.54441e+06,1.16582e+07,0,0,0,1.26659e+08
103.622,103.622,11.7642,0.53,0,2.98313,3.27915,0,0.55898,6.16896,4.14015e+06,3.39989e+06,1.23506e+07,0,0,0,0,62.3362,61.308,9.3716,0,1,1.3551,1.48957,0,1.04684,1.69344,8.60408e+06,4.54441e+06,1.16594e+07,0,0,0,1.26659e+08
103.622,103.622,12.3237,0.59,0,2.98345,3.27949,0,0.559039,6.16896,4.14015e+06,3.39989e+06,1.23519e+07,0,0,0,0,62.3362,61.308,12.0883,0,1,1.35525,1.48973,0,1.04695,1.69344,8.60408e+06,4.54441e+06,1.16606e+07,0,0,0,1.26659e+08
103.622,103.622,13.07,0.62,0,3.09278,3.39968,0,0.559098,6.16896,4.14015e+06,2.83324e+06,1.28046e+07,0,0,0,0,62.3362,61.308,11.165,1,1,1.4099,1.5498,0,1.04706,1.69344,8.60408e+06,3.78701e+06,1.21309e+07,0,0,0,1.26659e+08
103.622,103.622,10.8691,0.64,0,3.09311,3.40003,0,0.579587,6.16896,4.14015e+06,2.83324e+06,1.28059e+07,0,0,0,0,62.3362,61.308,9.33242,1,1,1.41005,1.54997,0,1.08929,1.69344,8.60408e+06,3.78701e+06,1.21322e+07,0,0,0,1.26659e+08
103.622,103.622,9.97142,0.61,0,3.09343,3.40039,0,0.579648,6.16896,4.14015e+06,2.83324e+06,1.28073e+07,0,0,0,0,62.3362,61.308,8.48477,1,1,1.4102,1.55013,0,1.0894,1.69344,8.60408e+06,3.78701e+06,1.21335e+07,0,0,0,1.26659e+08
103.622,103.622,8.23056,0.6,0,3.09376,3.40075,0,0.579709,6.16896,4.14015e+06,2.83324e+06,1.28086e+07,0,0,0,0,62.3362,61.308,6.91559,1,1,1.41035,1.55029,0,1.08952,1.69344,8.60408e+06,3.78701e+06,1.21347e+07,0,0,0,1.26659e+08
103.622,103.622,6.58954,0.6,0,3.05144,3.35423,0,0.57977,6.16896,4.14015e+06,2.83324e+06,1.26334e+07,0,0,0,0,62.3362,61.308,5.37932,1,1,1.38931,1.52717,0,1.08963,1.69344,8.60408e+06,3.78701e+06,1.19538e+07,0,0,0,1.26659e+08
103.622,103.622,5.97597,0.58,0,3.05176,3.35458,0,0.57184,6.16896,4.14015e+06,2.83324e+06,1.26348e+07,0,0,0,0,62.3362,61.308,4.49641,1,1,1.38946,1.52733,0,1.07338,1.69344,8.60408e+06,3.78701e+06,1.1955e+07,0,0,0,1.26659e+08
103.622,103.622,7.20528,0.55,0,3.05208,3.35494,0,0.5719,6.16896,4.14015e+06,2.83324e+06,1.26361e+07,0,0,0,0,62.3362,61.308,4.56228,1,1,1.38961,1.5275,0,1.0735,1.69344,8.60408e+06,3.78701e+06,1.19563e+07,0,0,0,1.26659e+08
103.622,103.622,5.51923,0.49,0,3.0524,3.35529,0,0.57196,6.16896,4.14015e+06,2.83324e+06,1.26374e+07,0,0,0,0,62.3362,61.308,4.43299,1,1,1.38975,1.52766,0,1.07361,1.69344,8.60408e+06,3.78701e+06,1.19575e+07,0,0,0,1.26659e+08
103.622,103.622,5.74957,0.46,0,3.19754,3.51483,0,0.57202,6.16896,4.14015e+06,2.83324e+06,1.32383e+07,0,0,0,0,62.3362,61.308,4.43815,1,1,1.46504,1.61042,0,1.07372,1.69344,8.60408e+06,3.78701e+06,1.26054e+07,0,0,0,1.26659e+08
103.622,103.622,5.52619,0.39,0,3.45173,3.51519,0,0.599218,6.16896,4.14015e+06,2.83324e+06,1.42907e+07,0,0,0,0,62.3362,61.308,4.17584,1,1,1.58151,1.61059,0,1.13189,1.69344,8.60408e+06,3.78701e+06,1.36074e+07,0,0,0,1.26659e+08
103.622,103.622,5.42831,0.37,0,3.45209,3.51556,0,0.646854,6.16896,4.14015e+06,2.83324e+06,1.42922e+07,0,0,0,0,62.3362,61.308,4.29594,1,1,1.58168,1.61076,0,1.22187,1.69344,8.60408e+06,3.78701e+06,1.36089e+07,0,0,0,1.26659e+08
103.622,103.622,4.88839,0.32,0,3.45246,3.51593,0,0.646922,6.16896,4.14015e+06,2.83324e+06,1.42937e+07,0,0,0,0,62.3362,61.308,4.2446,1,1,1.58184,1.61093,0,1.222,1.69344,8.60408e+06,3.78701e+06,1.36103e+07,0,0,0,1.26659e+08
103.622,103.622,3.8917,0.27,0,3.45282,3.5163,0,0.64699,6.16896,4.14015e+06,2.83324e+06,1.42952e+07,0,0,0,0,62.3362,61.308,3.13152,1,1,1.58201,1.6111,0,1.22213,1.69344,8.60408e+06,3.78701e+06,1.36117e+07,0,0,0,1.26659e+08
103.608,103.622,3.14279,0.25,0,3.42226,3.48518,0,0.647058,6.16896,4.14015e+06,2.83324e+06,1.41687e+07,0,0,0,0,62.3362,61.308,2.37616,1,1,1.62678,1.65669,0,1.22226,1.69344,8.60408e+06,3.78701e+06,1.39969e+07,0,0,0,1.26659e+08
103.581,103.622,3.13264,0.22,0,3.42262,3.48554,0,0.641331,6.16896,4.14015e+06,2.83324e+06,1.41701e+07,0,0,0,0,62.3313,61.308,2.37543,1,1,1.62695,1.65686,0,1.25685,1.69344,8.60408e+06,3.78701e+06,1.39984e+07,0,0,0,1.26659e+08
103.431,103.622,2.98314,0.2,0,3.42298,3.48591,0,0.641398,6.16896,4.14015e+06,2.83324e+06,1.41716e+07,0,0,0,0,62.2819,61.308,2.3341,1,1,1.62712,1.65704,0,1.25698,1.69344,8.60408e+06,3.78701e+06,1.39999e+07,0,0,0,1.26659e+08
102.957,103.622,2.62534,0.2,0,3.42334,3.48628,0,0.641466,6.16896,4.14015e+06,2.83324e+06,1.41731e+07,0,0,0,0,62.1475,61.308,2.15552,1,1,1.62729,1.65721,0,1.25711,1.69344,8.60408e+06,3.78701e+06,1.40014e+07,0,0,0,1.26659e+08
102.548,103.622,2.70291,0.19,0,3.5036,3.56802,0,0.641533,6.16896,4.14015e+06,2.83324e+06,1.45054e+07,0,0,0,0,61.8919,61.308,2.04827,1,1,1.66723,1.69789,0,1.25725,1.69344,8.60408e+06,3.78701e+06,1.4345e+07,0,0,0,1.26659e+08
101.858,103.622,2.41385,0.19,0,3.50397,3.56839,0,0.656574,6.16896,4.14015e+06,2.83324e+06,1.4507e+07,0,0,0,0,61.5269,61.308,1.93636,1,1,1.66741,1.69806,0,1.2881,1.69344,8.60408e+06,3.78701e+06,1.43465e+07,0,0,0,1.26659e+08
100.989,103.622,2.21449,0.18,0,3.50433,3.56877,0,0.656643,6.16896,4.14015e+06,2.83324e+06,1.45085e+07,0,0,0,0,61.1284,61.308,1.81359,1,1,1.66758,1.69824,0,1.28824,1.69344,8.60408e+06,3.78701e+06,1.4348e+07,0,0,0,1.26659e+08
99.8622,103.622,1.92613,0.18,0,3.5047,3.56914,0,0.656712,6.16896,4.14015e+06,2.83324e+06,1.451e+07,0,0,0,0,60.5286,61.308,1.79949,1,1,1.66776,1.69842,0,1.28837,1.69344,8.60408e+06,3.78701e+06,1.43495e+07,0,0,0,1.26659e+08
98.3686,103.622,1.67026,0.18,0,3.73916,3.80791,0,0.656781,6.16896,4.14015e+06,2.83324e+06,1.54807e+07,0,0,0,0,60.0031,61.308,1.51229,1,1,1.69344,1.84484,0.118095,1.28851,1.69344,8.60408e+06,3.78701e+06,1.45705e+07,0,0,0,1.26659e+08
97.005,103.622,1.7987,0.18,0,3.73955,3.80831,0,0.700719,6.16896,4.14015e+06,2.83324e+06,1.54823e+07,0,0,0,0,59.2399,61.308,1.80579,1,1,1.69344,1.84504,0.118285,1.30835,1.69344,8.60408e+06,3.78701e+06,1.45705e+07,0,0,0,1.26659e+08
95.3719,103.622,1.48614,0.18,0,3.73995,3.80871,0,0.700792,6.16896,4.14015e+06,2.83324e+06,1.5484e+07,0,0,0,0,58.7424,61.308,1.26319,1,1,1.69344,1.84523,0.118476,1.30835,1.69344,8.60408e+06,3.78701e+06,1.45705e+07,0,0,0,1.26659e+08
94.0876,103.622,1.86205,0.21,0,3.74034,3.80911,0,0.700866,6.16896,4.14015e+06,2.83324e+06,1.54856e+07,0,0,0,0,58.592,61.308,2.38129,1,1,1.69344,1.84542,0.118666,1.30835,1.69344,8.60408e+06,3.78701e+06,1.45705e+07,0,0,0,1.26659e+08
92.974,103.622,2.09203,0.22,0,3.74073,3.80951,0,0.70094,6.16896,4.14015e+06,2.83324e+06,1.54872e+07,0,0,0,0,58.4728,61.308,2.26113,1,1,1.69344,1.84562,0.118857,1.30835,1.69344,8.60408e+06,3.78701e+06,1.45705e+07,0,0,0,1.26659e+08
91.5564,103.622,1.72811,0.22,0,3.62698,3.69367,0,0.701014,6.16896,4.14015e+06,2.83324e+06,1.50163e+07,0,0,0,0,58.0052,61.308,2.00273,1,1,1.69344,1.757,0.0318407,1.30835,1.69344,8.60408e+06,3.78701e+06,1.45705e+07,0,0,0,1.26659e+08
90.0552,103.622,1.53184,0.22,0,3.62736,3.69406,0,0.679696,6.16896,4.14015e+06,2.83324e+06,1.50178e+07,0,0,0,0,57.7894,61.308,1.7112,1,1,1.69344,1.75719,0.0320221,1.30835,1.69344,8.60408e+06,3.78701e+06,1.45705e+07,0,0,0,1.26659e+08
90.6742,103.622,4.00466,0.23,0,3.62774,3.69444,0,0.679768,6.16896,4.14015e+06,2.83324e+06,1.50194e+07,0,0,0,0,58.1284,61.308,3.82275,1,1,1.69344,1.75737,0.0322036,1.30835,1.69344,8.60408e+06,3.78701e+06,1.45705e+07,0,0,0,1.26659e+08
90.3134,103.622,2.9611,0.22,0,3.62813,3.69483,0,0.679839,6.16896,4.14015e+06,2.83324e+06,1.5021e+07,0,0,0,0,58.1564,61.308,2.35623,1,1,1.69344,1.75756,0.032385,1.30835,1.69344,8.60408e+06,3.78701e+06,1.45705e+07,0,0,0,1.26659e+08
89.5537,103.622,2.50882,0.23,0,3.53477,3.59977,0,0.679911,6.16896,4.14015e+06,2.83324e+06,1.46345e+07,0,0,0,0,58.2157,61.308,3.06724,1,1,1.64659,1.67687,0,1.30835,1.69344,8.60408e+06,3.78701e+06,1.41674e+07,0,0,0,1.26659e+08
90.846,103.622,4.79204,0.27,0,3.53515,3.60014,0,0.662417,6.16896,4.14015e+06,2.83324e+06,1.4636e+07,0,0,0,0,58.9112,61.308,4.19787,1,1,1.64677,1.67704,0,1.27216,1.69344,8.60408e+06,3.78701e+06,1.41689e+07,0,0,0,1.26659e+08
92.8461,103.622,5.62782,0.24,0,3.53552,3.60052,0,0.662486,6.16896,4.14015e+06,2.83324e+06,1.46376e+07,0,0,0,0,60.5781,61.308,7.51745,1,1,1.64694,1.67722,0,1.27229,1.69344,8.60408e+06,3.78701e+06,1.41704e+07,0,0,0,1.26659e+08
93.4346,103.622,4.24976,0.24,0,3.53589,3.6009,0,0.662556,6.16896,4.14015e+06,2.83324e+06,1.46391e+07,0,0,0,0,61.4042,61.308,5.15947,1,1,1.64711,1.6774,0,1.27243,1.69344,8.60408e+06,3.78701e+06,1.41719e+07,0,0,0,1.26659e+08
97.5281,103.622,8.15219,0.25,0,3.33006,3.33006,0,0.662626,6.16896,4.14015e+06,2.70226e+06,1.3787e+07,0,0,0,0,62.3362,61.308,7.37275,0,1,1.50907,1.50907,0,1.27256,1.69344,8.60408e+06,3.61194e+06,1.29841e+07,0,0,0,1.26659e+08
100.121,103.622,6.28354,0.23,0,3.33041,3.33041,0,0.624054,6.16896,4.14015e+06,2.70226e+06,1.37884e+07,0,0,0,0,62.3362,61.308,7.68809,0,1,1.50923,1.50923,0,1.1659,1.69344,8.60408e+06,3.61194e+06,1.29855e+07,0,0,0,1.26659e+08
103.622,103.622,8.87713,0.24,0,3.33076,3.33076,0,0.624119,6.16896,4.14015e+06,2.70226e+06,1.37899e+07,0,0,0,0,62.3362,61.308,7.8475,0,1,1.50938,1.50938,0,1.16603,1.69344,8.60408e+06,3.61194e+06,1.29869e+07,0,0,0,1.26659e+08
103.622,103.622,8.05903,0.25,0,3.33111,3.33111,0,0.624185,6.16896,4.14015e+06,2.70226e+06,1.37913e+07,0,0,0,0,62.3362,61.308,7.78264,0,1,1.50954,1.50954,0,1.16615,1.69344,8.60408e+06,3.61194e+06,1.29882e+07,0,0,0,1.26659e+08
103.622,103.622,8.41376,0.28,0,3.33146,3.33146,0,0.62425,6.16896,4.14015e+06,2.70226e+06,1.37928e+07,0,0,0,0,62.3362,61.308,7.44937,0,1,1.5097,1.5097,0,1.16627,1.69344,8.60408e+06,3.61194e+06,1.29896e+07,0,0,0,1.26659e+08
103.622,103.622,7.72444,0.27,0,3.37413,3.43617,0,0.624316,6.16896,4.14015e+06,2.83324e+06,1.39694e+07,0,0,0,0,62.3362,61.308,6.86245,1,1,1.53053,1.55867,0,1.16639,1.69344,8.60408e+06,3.78701e+06,1.31688e+07,0,0,0,1.26659e+08
103.622,103.622,9.5302,0.3,0,3.37446,3.4365,0,0.632313,6.16896,4.14015e+06,2.83324e+06,1.39708e+07,0,0,0,0,62.3362,61.308,8.27201,1,1,1.53068,1.55882,0,1.18249,1.69344,8.60408e+06,3.78701e+06,1.31701e+07,0,0,0,1.26659e+08
103.622,103.622,8.75969,0.31,0,3.37478,3.43683,0,0.632374,6.16896,4.14015e+06,2.83324e+06,1.39721e+07,0,0,0,0,62.3362,61.308,8.7068,1,1,1.53083,1.55897,0,1.1826,1.69344,8.60408e+06,3.78701e+06,1.31713e+07,0,0,0,1.26659e+08
103.622,103.622,9.10956,0.32,0,3.37511,3.43716,0,0.632434,6.16896,4.14015e+06,2.83324e+06,1.39735e+07,0,0,0,0,62.3362,61.308,6.75855,1,1,1.53097,1.55912,0,1.18272,1.69344,8.60408e+06,3.78701e+06,1.31726e+07,0,0,0,1.26659e+08
103.622,103.622,6.83485,0.32,0,3.70466,3.77278,0,0.632495,6.16896,4.14015e+06,2.83324e+06,1.53379e+07,0,0,0,0,62.3362,61.308,6.00407,1,1,1.69344,1.74261,0.0177063,1.18283,1.69344,8.60408e+06,3.78701e+06,1.45705e+07,0,0,0,1.26659e+08
103.622,103.622,5.27731,0.34,0,3.70502,3.77314,0,0.694254,6.16896,4.14015e+06,2.83324e+06,1.53393e+07,0,0,0,0,62.3362,61.308,5.7127,1,1,1.69344,1.74278,0.0178707,1.30835,1.69344,8.60408e+06,3.78701e+06,1.45705e+07,0,0,0,1.26659e+08
103.622,103.622,9.96608,0.33,0,3.70537,3.7735,0,0.69432,6.16896,4.14015e+06,2.83324e+06,1.53408e+07,0,0,0,0,62.3362,61.308,12.3404,1,1,1.69344,1.74294,0.018035,1.30835,1.69344,8.60408e+06,3.78701e+06,1.45705e+07,0,0,0,1.26659e+08
103.622,103.622,12.7596,0.38,0,3.70573,3.77386,0,0.694387,6.16896,4.14015e+06,2.83324e+06,1.53423e+07,0,0,0,0,62.3362,61.308,18.6795,1,1,1.69344,1.74311,0.0181995,1.30835,1.69344,8.60408e+06,3.78701e+06,1.45705e+07,0,0,0,1.26659e+08
103.622,103.622,10.045,0.41,0,2.9983,3.29582,0,0.694454,6.16896,4.14015e+06,3.39989e+06,1.24134e+07,0,0,0,0,62.3362,61.308,9.59453,0,1,1.36199,1.49714,0,1.30835,1.69344,8.60408e+06,4.54441e+06,1.17187e+07,0,0,0,1.26659e+08
103.622,103.622,7.82787,0.46,0,2.99859,3.29614,0,0.561882,6.16896,4.14015e+06,3.39989e+06,1.24146e+07,0,0,0,0,62.3362,61.308,7.12683,0,1,1.36212,1.49729,0,1.05228,1.69344,8.60408e+06,4.54441e+06,1.17198e+07,0,0,0,1.26659e+08
103.622,103.622,6.36414,0.53,0,2.99888,3.29645,0,0.561936,6.16896,4.14015e+06,3.39989e+06,1.24158e+07,0,0,0,0,62.3362,61.308,5.32454,0,1,1.36225,1.49743,0,1.05238,1.69344,8.60408e+06,4.54441e+06,1.17209e+07,0,0,0,1.26659e+08
103.622,103.622,7.15551,0.6,0,2.99917,3.29677,0,0.56199,6.16896,4.14015e+06,3.39989e+06,1.2417e+07,0,0,0,0,62.3362,61.308,6.88831,0,1,1.36239,1.49757,0,1.05248,1.69344,8.60408e+06,4.54441e+06,1.17221e+07,0,0,0,1.26659e+08
103.622,103.622,7.56319,0.65,0,2.99945,3.29709,0,0.562044,6.16896,4.14015e+06,3.39989e+06,1.24182e+07,0,0,0,0,62.3362,61.308,8.08604,0,1,1.36252,1.49772,0,1.05258,1.69344,8.60408e+06,4.54441e+06,1.17232e+07,0,0,0,1.26659e+08
103.622,103.622,6.67466,0.65,0,3.10935,3.41788,0,0.562098,6.16896,4.14015e+06,2.83324e+06,1.28732e+07,0,0,0,0,62.3362,61.308,8.96626,1,1,1.41745,1.5581,0,1.05268,1.69344,8.60408e+06,3.78701e+06,1.21959e+07,0,0,0,1.26659e+08
103.622,103.622,5.11599,0.66,0,3.10964,3.41821,0,0.582691,6.16896,4.14015e+06,2.83324e+06,1.28744e+07,0,0,0,0,62.3362,61.308,6.87018,1,1,1.41759,1.55825,0,1.09512,1.69344,8.60408e+06,3.78701e+06,1.2197e+07,0,0,0,1.26659e+08
103.622,103.622,4.129,0.64,0,3.10994,3.41854,0,0.582747,6.16896,4.14015e+06,2.83324e+06,1.28756e+07,0,0,0,0,62.3362,61.308,5.54335,1,1,1.41772,1.5584,0,1.09523,1.69344,8.60408e+06,3.78701e+06,1.21982e+07,0,0,0,1.26659e+08
103.622,103.622,3.93567,0.6,0,3.11024,3.41887,0,0.582803,6.16896,4.14015e+06,2.83324e+06,1.28769e+07,0,0,0,0,62.3362,61.308,5.0891,1,1,1.41786,1.55855,0,1.09533,1.69344,8.60408e+06,3.78701e+06,1.21994e+07,0,0,0,1.26659e+08
103.622,103.622,4.00547,0.59,0,3.06767,3.37207,0,0.582859,6.16896,4.14015e+06,2.83324e+06,1.27006e+07,0,0,0,0,62.3362,61.308,4.79939,1,1,1.3967,1.5353,0,1.09544,1.69344,8.60408e+06,3.78701e+06,1.20173e+07,0,0,0,1.26659e+08
103.622,103.622,3.54987,0.56,0,3.06796,3.37239,0,0.574881,6.16896,4.14015e+06,2.83324e+06,1.27018e+07,0,0,0,0,62.3362,61.308,4.33149,1,1,1.39684,1.53544,0,1.07909,1.69344,8.60408e+06,3.78701e+06,1.20185e+07,0,0,0,1.26659e+08
103.622,103.622,3.29099,0.55,0,3.06826,3.37272,0,0.574936,6.16896,4.14015e+06,2.83324e+06,1.27031e+07,0,0,0,0,62.3362,61.308,3.98586,1,1,1.39697,1.53559,0,1.0792,1.69344,8.60408e+06,3.78701e+06,1.20196e+07,0,0,0,1.26659e+08
103.622,103.622,3.26736,0.47,0,3.06855,3.37304,0,0.574992,6.16896,4.14015e+06,2.83324e+06,1.27043e+07,0,0,0,0,62.3362,61.308,4.52333,1,1,1.39711,1.53574,0,1.0793,1.69344,8.60408e+06,3.78701e+06,1.20208e+07,0,0,0,1.26659e+08
103.538,103.622,3.0412,0.45,0,3.21442,3.53339,0,0.575047,6.16896,4.14015e+06,2.83324e+06,1.33082e+07,0,0,0,0,62.3362,61.308,3.64245,1,1,1.47278,1.61892,0,1.0794,1.69344,8.60408e+06,3.78701e+06,1.26719e+07,0,0,0,1.26659e+08
103.044,103.622,2.76886,0.39,0,3.46993,3.53373,0,0.602383,6.16896,4.14015e+06,2.83324e+06,1.4366e+07,0,0,0,0,62.3362,61.308,3.33713,1,1,1.58985,1.61908,0,1.13787,1.69344,8.60408e+06,3.78701e+06,1.36792e+07,0,0,0,1.26659e+08
102.347,103.622,2.53522,0.36,0,3.47026,3.53407,0,0.650265,6.16896,4.14015e+06,2.83324e+06,1.43674e+07,0,0,0,0,62.3362,61.308,3.08915,1,1,1.59,1.61923,0,1.22832,1.69344,8.60408e+06,3.78701e+06,1.36805e+07,0,0,0,1.26659e+08
101.544,103.622,2.39938,0.32,0,3.47059,3.53441,0,0.650327,6.16896,4.14015e+06,2.83324e+06,1.43688e+07,0,0,0,0,62.3362,61.308,2.77693,1,1,1.59015,1.61939,0,1.22843,1.69344,8.60408e+06,3.78701e+06,1.36818e+07,0,0,0,1.26659e+08
100.73,103.622,2.36968,0.27,0,3.47093,3.53475,0,0.650389,6.16896,4.14015e+06,2.83324e+06,1.43702e+07,0,0,0,0,62.3362,61.308,3.39399,1,1,1.59031,1.61955,0,1.22855,1.69344,8.60408e+06,3.78701e+06,1.36831e+07,0,0,0,1.26659e+08
100.007,103.622,2.46968,0.25,0,3.44017,3.50342,0,0.650452,6.16896,4.14015e+06,2.83324e+06,1.42428e+07,0,0,0,0,62.3362,61.308,4.03461,1,1,1.6353,1.66536,0,1.22867,1.69344,8.60408e+06,3.78701e+06,1.40702e+07,0,0,0,1.26659e+08
99.1116,103.622,2.28381,0.24,0,3.4405,3.50376,0,0.644688,6.16896,4.14015e+06,2.83324e+06,1.42442e+07,0,0,0,0,62.3362,61.308,4.06287,1,1,1.63545,1.66552,0,1.26343,1.69344,8.60408e+06,3.78701e+06,1.40716e+07,0,0,0,1.26659e+08
98.0599,103.622,2.09914,0.2,0,3.44083,3.5041,0,0.64475,6.16896,4.14015e+06,2.83324e+06,1.42456e+07,0,0,0,0,62.3362,61.308,3.55719,1,1,1.63561,1.66568,0,1.26355,1.69344,8.60408e+06,3.78701e+06,1.40729e+07,0,0,0,1.26659e+08
96.8964,103.622,1.93475,0.2,0,3.44116,3.50443,0,0.644812,6.16896,4.14015e+06,2.83324e+06,1.42469e+07,0,0,0,0,62.3362,61.308,3.5072,1,1,1.63577,1.66584,0,1.26367,1.69344,8.60408e+06,3.78701e+06,1.40743e+07,0,0,0,1.26659e+08
95.9857,103.622,2.2375,0.19,0,3.52181,3.58656,0,0.644874,6.16896,4.14015e+06,2.83324e+06,1.45808e+07,0,0,0,0,62.3362,61.308,3.7014,1,1,1.6759,1.70671,0,1.26379,1.69344,8.60408e+06,3.78701e+06,1.44196e+07,0,0,0,1.26659e+08
94.9576,103.622,2.06554,0.2,0,3.52215,3.58691,0,0.659987,6.16896,4.14015e+06,2.83324e+06,1.45822e+07,0,0,0,0,62.3362,61.308,3.54234,1,1,1.67606,1.70687,0,1.2948,1.69344,8.60408e+06,3.78701e+06,1.44209e+07,0,0,0,1.26659e+08
93.7812,103.622,1.8808,0.19,0,3.52249,3.58725,0,0.660051,6.16896,4.14015e+06,2.83324e+06,1.45836e+07,0,0,0,0,62.2836,61.308,3.08121,1,1,1.67622,1.70704,0,1.29492,1.69344,8.60408e+06,3.78701e+06,1.44223e+07,0,0,0,1.26659e+08
92.842,103.622,2.17647,0.19,0,3.52282,3.5876,0,0.660114,6.16896,4.14015e+06,2.83324e+06,1.4585e+07,0,0,0,0,62.3362,61.308,4.04254,1,1,1.67638,1.7072,0,1.29505,1.69344,8.60408e+06,3.78701e+06,1.44237e+07,0,0,0,1.26659e+08
91.762,103.622,2.21253,0.2,0,3.75846,3.82756,0,0.660177,6.16896,4.14015e+06,2.83324e+06,1.55606e+07,0,0,0,0,62.3362,61.308,4.28147,1,1,1.69344,1.85436,0.127444,1.29517,1.69344,8.60408e+06,3.78701e+06,1.45705e+07,0,0,0,1.26659e+08
90.8475,103.622,2.39205,0.2,0,3.75882,3.82793,0,0.704335,6.16896,4.14015e+06,2.83324e+06,1.55621e+07,0,0,0,0,62.3362,61.308,4.99667,1,1,1.69344,1.85454,0.127619,1.30835,1.69344,8.60408e+06,3.78701e+06,1.45705e+07,0,0,0,1.26659e+08
89.5956,103.622,2.03608,0.21,0,3.75918,3.8283,0,0.704403,6.16896,4.14015e+06,2.83324e+06,1.55636e+07,0,0,0,0,62.316,61.308,4.39958,1,1,1.69344,1.85472,0.127794,1.30835,1.69344,8.60408e+06,3.78701e+06,1.45705e+07,0,0,0,1.26659e+08
88.5362,103.622,2.24193,0.26,0,3.75954,3.82867,0,0.70447,6.16896,4.14015e+06,2.83324e+06,1.55651e+07,0,0,0,0,62.3362,61.308,5.82522,1,1,1.69344,1.8549,0.127968,1.30835,1.69344,8.60408e+06,3.78701e+06,1.45705e+07,0,0,0,1.26659e+08
87.8676,103.622,2.8392,0.26,0,3.7599,3.82903,0,0.704538,6.16896,4.14015e+06,2.83324e+06,1.55666e+07,0,0,0,0,62.3362,61.308,5.68493,1,1,1.69344,1.85508,0.128143,1.30835,1.69344,8.60408e+06,3.78701e+06,1.45705e+07,0,0,0,1.26659e+08
89.0007,103.622,5.09486,0.26,0,3.64553,3.71256,0,0.704606,6.16896,4.14015e+06,2.83324e+06,1.50931e+07,0,0,0,0,62.3362,61.308,8.54414,1,1,1.69344,1.76599,0.0406652,1.30835,1.69344,8.60408e+06,3.78701e+06,1.45705e+07,0,0,0,1.26659e+08
89.8853,103.622,4.85883,0.26,0,3.64588,3.71292,0,0.683173,6.16896,4.14015e+06,2.83324e+06,1.50945e+07,0,0,0,0,62.3362,61.308,9.66056,1,1,1.69344,1.76616,0.0408316,1.30835,1.69344,8.60408e+06,3.78701e+06,1.45705e+07,0,0,0,1.26659e+08
89.2614,103.622,2.96347,0.23,0,3.64623,3.71327,0,0.683238,6.16896,4.14015e+06,2.83324e+06,1.5096e+07,0,0,0,0,62.3362,61.308,5.84747,1,1,1.69344,1.76633,0.040998,1.30835,1.69344,8.60408e+06,3.78701e+06,1.45705e+07,0,0,0,1.26659e+08
89.441,103.622,4.01012,0.28,0,3.64658,3.71363,0,0.683304,6.16896,4.14015e+06,2.83324e+06,1.50974e+07,0,0,0,0,62.3362,61.308,7.02647,1,1,1.69344,1.7665,0.0411644,1.30835,1.69344,8.60408e+06,3.78701e+06,1.45705e+07,0,0,0,1.26659e+08
90.0227,103.622,4.05845,0.28,0,3.55272,3.61804,0,0.683369,6.16896,4.14015e+06,2.83324e+06,1.47088e+07,0,0,0,0,62.3362,61.308,4.80514,1,1,1.65495,1.68538,0,1.30835,1.69344,8.60408e+06,3.78701e+06,1.42394e+07,0,0,0,1.26659e+08
89.6032,103.622,3.01087,0.25,0,3.55306,3.61839,0,0.66578,6.16896,4.14015e+06,2.83324e+06,1.47102e+07,0,0,0,0,62.1671,61.308,2.27056,1,1,1.65511,1.68554,0,1.27862,1.69344,8.60408e+06,3.78701e+06,1.42407e+07,0,0,0,1.26659e+08
89.2637,103.622,3.24589,0.26,0,3.5534,3.61874,0,0.665844,6.16896,4.14015e+06,2.83324e+06,1.47116e+07,0,0,0,0,62.3061,61.308,4.13974,1,1,1.65527,1.68571,0,1.27874,1.69344,8.60408e+06,3.78701e+06,1.42421e+07,0,0,0,1.26659e+08
93.5249,103.622,8.70491,0.26,0,3.55375,3.61909,0,0.665908,6.16896,4.14015e+06,2.83324e+06,1.4713e+07,0,0,0,0,62.3362,61.308,9.34657,1,1,1.65543,1.68587,0,1.27886,1.69344,8.60408e+06,3.78701e+06,1.42435e+07,0,0,0,1.26659e+08
95.5209,103.622,6.00162,0.25,0,3.34685,3.34685,0,0.665972,6.16896,4.14015e+06,2.70226e+06,1.38565e+07,0,0,0,0,62.3362,61.308,5.99546,0,1,1.51667,1.51667,0,1.27899,1.69344,8.60408e+06,3.61194e+06,1.30496e+07,0,0,0,1.26659e+08
97.0619,103.622,5.41338,0.25,0,3.34717,3.34717,0,0.627199,6.16896,4.14015e+06,2.70226e+06,1.38578e+07,0,0,0,0,62.3362,61.308,5.99194,0,1,1.51682,1.51682,0,1.17178,1.69344,8.60408e+06,3.61194e+06,1.30508e+07,0,0,0,1.26659e+08
100.078,103.622,6.91467,0.24,0,3.34749,3.34749,0,0.627259,6.16896,4.14015e+06,2.70226e+06,1.38591e+07,0,0,0,0,62.3362,61.308,6.16014,0,1,1.51696,1.51696,0,1.17189,1.69344,8.60408e+06,3.61194e+06,1.30521e+07,0,0,0,1.26659e+08
103.622,103.622,9.61964,0.26,0,3.34781,3.34781,0,0.62732,6.16896,4.14015e+06,2.70226e+06,1.38604e+07,0,0,0,0,62.3362,61.308,6.14004,0,1,1.51711,1.51711,0,1.17201,1.69344,8.60408e+06,3.61194e+06,1.30533e+07,0,0,0,1.26659e+08
103.622,103.622,8.38269,0.28,0,3.34813,3.34813,0,0.62738,6.16896,4.14015e+06,2.70226e+06,1.38618e+07,0,0,0,0,62.3362,61.308,12.1951,0,1,1.51726,1.51726,0,1.17212,1.69344,8.60408e+06,3.61194e+06,1.30546e+07,0,0,0,1.26659e+08
103.622,103.622,4.39736,0.29,0,3.39099,3.45334,0,0.62744,6.16896,4.14015e+06,2.83324e+06,1.40392e+07,0,0,0,0,62.3362,61.308,5.57664,1,1,1.53818,1.56646,0,1.17223,1.69344,8.60408e+06,3.78701e+06,1.32346e+07,0,0,0,1.26659e+08
103.622,103.622,5.18917,0.31,0,3.39128,3.45364,0,0.635471,6.16896,4.14015e+06,2.83324e+06,1.40404e+07,0,0,0,0,62.3362,61.308,6.82446,1,1,1.53831,1.56659,0,1.18839,1.69344,8.60408e+06,3.78701e+06,1.32357e+07,0,0,0,1.26659e+08
103.622,103.622,6.84071,0.32,0,3.39158,3.45394,0,0.635526,6.16896,4.14015e+06,2.83324e+06,1.40417e+07,0,0,0,0,62.3362,61.308,8.87748,1,1,1.53844,1.56673,0,1.1885,1.69344,8.60408e+06,3.78701e+06,1.32369e+07,0,0,0,1.26659e+08
103.622,103.622,11.9788,0.33,0,3.39187,3.45424,0,0.635582,6.16896,4.14015e+06,2.83324e+06,1.40429e+07,0,0,0,0,62.3362,61.308,15.1543,1,1,1.53858,1.56687,0,1.1886,1.69344,8.60408e+06,3.78701e+06,1.3238e+07,0,0,0,1.26659e+08
103.622,103.622,8.69004,0.33,0,3.72303,3.79149,0,0.635637,6.16896,4.14015e+06,2.83324e+06,1.54139e+07,0,0,0,0,62.3362,61.308,8.94071,1,1,1.69344,1.75125,0.0261915,1.18871,1.69344,8.60408e+06,3.78701e+06,1.45705e+07,0,0,0,1.26659e+08
103.622,103.622,6.47739,0.34,0,3.72336,3.79182,0,0.697696,6.16896,4.14015e+06,2.83324e+06,1.54153e+07,0,0,0,0,62.3362,61.308,8.94785,1,1,1.69344,1.7514,0.0263413,1.30835,1.69344,8.60408e+06,3.78701e+06,1.45705e+07,0,0,0,1.26659e+08
103.622,103.622,6.33986,0.36,0,3.72368,3.79215,0,0.697757,6.16896,4.14015e+06,2.83324e+06,1.54166e+07,0,0,0,0,62.3362,61.308,10.1095,1,1,1.69344,1.75155,0.0264911,1.30835,1.69344,8.60408e+06,3.78701e+06,1.45705e+07,0,0,0,1.26659e+08
103.622,103.622,5.22342,0.38,0,3.72401,3.79248,0,0.697818,6.16896,4.14015e+06,2.83324e+06,1.5418e+07,0,0,0,0,62.3362,61.308,7.59774,1,1,1.69344,1.75171,0.0266408,1.30835,1.69344,8.60408e+06,3.78701e+06,1.45705e+07,0,0,0,1.26659e+08
103.504,103.622,3.26741,0.4,0,3.01306,3.31204,0,0.697879,6.16896,4.14015e+06,3.39989e+06,1.24745e+07,0,0,0,0,62.3362,61.308,5.65084,0,1,1.3687,1.50451,0,1.30835,1.69344,8.60408e+06,4.54441e+06,1.17764e+07,0,0,0,1.26659e+08
103.276,103.622,3.16291,0.44,0,3.01332,3.31233,0,0.564648,6.16896,4.14015e+06,3.39989e+06,1.24756e+07,0,0,0,0,62.3362,61.308,5.64573,0,1,1.36882,1.50464,0,1.05746,1.69344,8.60408e+06,4.54441e+06,1.17774e+07,0,0,0,1.26659e+08
102.904,103.622,2.95298,0.47,0,3.01359,3.31262,0,0.564697,6.16896,4.14015e+06,3.39989e+06,1.24767e+07,0,0,0,0,62.3362,61.308,5.74425,0,1,1.36894,1.50477,0,1.05755,1.69344,8.60408e+06,4.54441e+06,1.17784e+07,0,0,0,1.26659e+08
103.46,103.622,3.9542,0.55,0,3.01385,3.31291,0,0.564746,6.16896,4.14015e+06,3.39989e+06,1.24778e+07,0,0,0,0,62.3362,61.308,6.64901,0,1,1.36906,1.50491,0,1.05764,1.69344,8.60408e+06,4.54441e+06,1.17795e+07,0,0,0,1.26659e+08
103.622,103.622,4.44906,0.57,0,3.01411,3.3132,0,0.564795,6.16896,4.14015e+06,3.39989e+06,1.24789e+07,0,0,0,0,62.3362,61.308,7.35521,0,1,1.36917,1.50504,0,1.05773,1.69344,8.60408e+06,4.54441e+06,1.17805e+07,0,0,0,1.26659e+08
103.622,103.622,7.11112,0.59,0,3.12451,3.43455,0,0.564844,6.16896,4.14015e+06,2.83324e+06,1.2936e+07,0,0,0,0,62.3362,61.308,8.59864,1,1,1.42437,1.5657,0,1.05782,1.69344,8.60408e+06,3.78701e+06,1.22554e+07,0,0,0,1.26659e+08
103.622,103.622,5.33405,0.61,0,3.12478,3.43485,0,0.585534,6.16896,4.14015e+06,2.83324e+06,1.29371e+07,0,0,0,0,62.3362,61.308,5.94902,1,1,1.42449,1.56584,0,1.10047,1.69344,8.60408e+06,3.78701e+06,1.22564e+07,0,0,0,1.26659e+08
103.622,103.622,5.12607,0.6,0,3.12506,3.43515,0,0.585585,6.16896,4.14015e+06,2.83324e+06,1.29382e+07,0,0,0,0,62.3362,61.308,6.11068,1,1,1.42461,1.56598,0,1.10056,1.69344,8.60408e+06,3.78701e+06,1.22575e+07,0,0,0,1.26659e+08
103.622,103.622,4.66874,0.58,0,3.12533,3.43545,0,0.585636,6.16896,4.14015e+06,2.83324e+06,1.29393e+07,0,0,0,0,62.3362,61.308,5.93184,1,1,1.42474,1.56611,0,1.10066,1.69344,8.60408e+06,3.78701e+06,1.22586e+07,0,0,0,1.26659e+08
103.622,103.622,3.87108,0.57,0,3.08252,3.3884,0,0.585687,6.16896,4.14015e+06,2.83324e+06,1.27621e+07,0,0,0,0,62.3362,61.308,6.32159,1,1,1.40347,1.54273,0,1.10075,1.69344,8.60408e+06,3.78701e+06,1.20755e+07,0,0,0,1.26659e+08
103.622,103.622,3.61402,0.55,0,3.08279,3.38869,0,0.577665,6.16896,4.14015e+06,2.83324e+06,1.27632e+07,0,0,0,0,62.3362,61.308,6.31787,1,1,1.40359,1.54286,0,1.08432,1.69344,8.60408e+06,3.78701e+06,1.20766e+07,0,0,0,1.26659e+08
103.622,103.622,4.45098,0.53,0,3.08306,3.38899,0,0.577715,6.16896,4.14015e+06,2.83324e+06,1.27643e+07,0,0,0,0,62.3362,61.308,6.76483,1,1,1.40371,1.543,0,1.08441,1.69344,8.60408e+06,3.78701e+06,1.20776e+07,0,0,0,1.26659e+08
103.622,103.622,4.07188,0.46,0,3.08333,3.38928,0,0.577765,6.16896,4.14015e+06,2.83324e+06,1.27654e+07,0,0,0,0,62.3362,61.308,6.57109,1,1,1.40383,1.54313,0,1.08451,1.69344,8.60408e+06,3.78701e+06,1.20787e+07,0,0,0,1.26659e+08
103.492,103.622,3.30044,0.44,0,3.22987,3.55037,0,0.577815,6.16896,4.14015e+06,2.83324e+06,1.33722e+07,0,0,0,0,62.3362,61.308,5.92933,1,1,1.47986,1.6267,0,1.0846,1.69344,8.60408e+06,3.78701e+06,1.27328e+07,0,0,0,1.26659e+08
103.139,103.622,3.17399,0.38,0,3.48657,3.55068,0,0.605278,6.16896,4.14015e+06,2.83324e+06,1.44349e+07,0,0,0,0,62.3362,61.308,4.9404,1,1,1.59747,1.62685,0,1.14334,1.69344,8.60408e+06,3.78701e+06,1.37448e+07,0,0,0,1.26659e+08
102.689,103.622,3.04229,0.35,0,3.48688,3.55099,0,0.653384,6.16896,4.14015e+06,2.83324e+06,1.44362e+07,0,0,0,0,62.3362,61.308,4.94125,1,1,1.59761,1.62699,0,1.23421,1.69344,8.60408e+06,3.78701e+06,1.3746e+07,0,0,0,1.26659e+08
102.114,103.622,2.88302,0.3,0,3.48718,3.5513,0,0.653441,6.16896,4.14015e+06,2.83324e+06,1.44375e+07,0,0,0,0,62.3362,61.308,5.23074,1,1,1.59775,1.62713,0,1.23432,1.69344,8.60408e+06,3.78701e+06,1.37472e+07,0,0,0,1.26659e+08
101.578,103.622,2.86552,0.25,0,3.48748,3.5516,0,0.653497,6.16896,4.14015e+06,2.83324e+06,1.44387e+07,0,0,0,0,62.3362,61.308,4.57441,1,1,1.59789,1.62727,0,1.23442,1.69344,8.60408e+06,3.78701e+06,1.37484e+07,0,0,0,1.26659e+08
101.524,103.622,3.19652,0.23,0,3.45655,3.5201,0,0.653554,6.16896,4.14015e+06,2.83324e+06,1.43106e+07,0,0,0,0,62.3362,61.308,3.38469,1,1,1.64308,1.67329,0,1.23453,1.69344,8.60408e+06,3.78701e+06,1.41372e+07,0,0,0,1.26659e+08
101.34,103.622,3.04703,0.22,0,3.45685,3.52041,0,0.647757,6.16896,4.14015e+06,2.83324e+06,1.43119e+07,0,0,0,0,62.3362,61.308,3.26944,1,1,1.64322,1.67344,0,1.26944,1.69344,8.60408e+06,3.78701e+06,1.41384e+07,0,0,0,1.26659e+08
100.995,103.622,2.85924,0.18,0,3.45715,3.52071,0,0.647814,6.16896,4.14015e+06,2.83324e+06,1.43131e+07,0,0,0,0,62.3124,61.308,3.06343,1,1,1.64337,1.67358,0,1.26955,1.69344,8.60408e+06,3.78701e+06,1.41397e+07,0,0,0,1.26659e+08
100.496,103.622,2.68283,0.18,0,3.45745,3.52102,0,0.64787,6.16896,4.14015e+06,2.83324e+06,1.43144e+07,0,0,0,0,62.2275,61.308,2.88319,1,1,1.64351,1.67373,0,1.26966,1.69344,8.60408e+06,3.78701e+06,1.41409e+07,0,0,0,1.26659e+08
99.9142,103.622,2.63208,0.17,0,3.53845,3.60351,0,0.647926,6.16896,4.14015e+06,2.83324e+06,1.46497e+07,0,0,0,0,62.0902,61.308,2.90726,1,1,1.68382,1.71477,0,1.26978,1.69344,8.60408e+06,3.78701e+06,1.44877e+07,0,0,0,1.26659e+08
99.2957,103.622,2.58158,0.17,0,3.53876,3.60382,0,0.663105,6.16896,4.14015e+06,2.83324e+06,1.4651e+07,0,0,0,0,61.9411,61.308,2.97619,1,1,1.68396,1.71492,0,1.30092,1.69344,8.60408e+06,3.78701e+06,1.44889e+07,0,0,0,1.26659e+08
98.426,103.622,2.31491,0.16,0,3.53906,3.60413,0,0.663163,6.16896,4.14015e+06,2.83324e+06,1.46523e+07,0,0,0,0,61.7416,61.308,2.77739,1,1,1.68411,1.71507,0,1.30103,1.69344,8.60408e+06,3.78701e+06,1.44902e+07,0,0,0,1.26659e+08
97.3834,103.622,2.11815,0.16,0,3.53937,3.60445,0,0.663221,6.16896,4.14015e+06,2.83324e+06,1.46535e+07,0,0,0,0,61.5212,61.308,2.62726,1,1,1.68426,1.71522,0,1.30114,1.69344,8.60408e+06,3.78701e+06,1.44915e+07,0,0,0,1.26659e+08
96.2077,103.622,2.09683,0.16,0,3.77608,3.84551,0,0.663278,6.16896,4.14015e+06,2.83324e+06,1.56335e+07,0,0,0,0,61.2588,61.308,2.39066,1,1,1.69344,1.86306,0.135982,1.30126,1.69344,8.60408e+06,3.78701e+06,1.45705e+07,0,0,0,1.26659e+08
95.1984,103.622,2.26509,0.19,0,3.77641,3.84584,0,0.707638,6.16896,4.14015e+06,2.83324e+06,1.56349e+07,0,0,0,0,60.9647,61.308,2.19027,1,1,1.69344,1.86322,0.136141,1.30835,1.69344,8.60408e+06,3.78701e+06,1.45705e+07,0,0,0,1.26659e+08
94.0739,103.622,2.12999,0.19,0,3.77674,3.84618,0,0.707699,6.16896,4.14015e+06,2.83324e+06,1.56363e+07,0,0,0,0,60.6671,61.308,2.82836,1,1,1.69344,1.86338,0.1363,1.30835,1.69344,8.60408e+06,3.78701e+06,1.45705e+07,0,0,0,1.26659e+08
92.876,103.622,2.03236,0.2,0,3.77707,3.84651,0,0.707761,6.16896,4.14015e+06,2.83324e+06,1.56376e+07,0,0,0,0,60.3547,61.308,2.77193,1,1,1.69344,1.86354,0.136459,1.30835,1.69344,8.60408e+06,3.78701e+06,1.45705e+07,0,0,0,1.26659e+08
91.7584,103.622,2.13282,0.2,0,3.7774,3.84685,0,0.707822,6.16896,4.14015e+06,2.83324e+06,1.5639e+07,0,0,0,0,60.0679,61.308,2.81034,1,1,1.69344,1.86371,0.136618,1.30835,1.69344,8.60408e+06,3.78701e+06,1.45705e+07,0,0,0,1.26659e+08
91.3496,103.622,3.00829,0.2,0,3.66246,3.7298,0,0.707884,6.16896,4.14015e+06,2.83324e+06,1.51631e+07,0,0,0,0,60.0829,61.308,3.43538,1,1,1.69344,1.77419,0.0487176,1.30835,1.69344,8.60408e+06,3.78701e+06,1.45705e+07,0,0,0,1.26659e+08
91.2486,103.622,3.21875,0.2,0,3.66278,3.73012,0,0.686345,6.16896,4.14015e+06,2.83324e+06,1.51645e+07,0,0,0,0,60.1086,61.308,3.31093,1,1,1.69344,1.77434,0.0488692,1.30835,1.69344,8.60408e+06,3.78701e+06,1.45705e+07,0,0,0,1.26659e+08
92.6903,103.622,5.09543,0.21,0,3.6631,3.73045,0,0.686405,6.16896,4.14015e+06,2.83324e+06,1.51658e+07,0,0,0,0,60.7819,61.308,5.64016,1,1,1.69344,1.7745,0.0490208,1.30835,1.69344,8.60408e+06,3.78701e+06,1.45705e+07,0,0,0,1.26659e+08
93.7651,103.622,4.78732,0.22,0,3.66342,3.73077,0,0.686465,6.16896,4.14015e+06,2.83324e+06,1.51671e+07,0,0,0,0,61.3229,61.308,5.14218,1,1,1.69344,1.77465,0.0491724,1.30835,1.69344,8.60408e+06,3.78701e+06,1.45705e+07,0,0,0,1.26659e+08
92.7389,103.622,2.22364,0.22,0,3.56909,3.63471,0,0.686524,6.16896,4.14015e+06,2.83324e+06,1.47766e+07,0,0,0,0,61.462,61.308,2.9065,1,1,1.66258,1.69315,0,1.30835,1.69344,8.60408e+06,3.78701e+06,1.4305e+07,0,0,0,1.26659e+08
91.5069,103.622,2.10168,0.23,0,3.5694,3.63503,0,0.668848,6.16896,4.14015e+06,2.83324e+06,1.47779e+07,0,0,0,0,61.4964,61.308,2.35898,1,1,1.66272,1.6933,0,1.28451,1.69344,8.60408e+06,3.78701e+06,1.43062e+07,0,0,0,1.26659e+08
89.9453,103.622,1.70224,0.22,0,3.56971,3.63535,0,0.668906,6.16896,4.14015e+06,2.83324e+06,1.47792e+07,0,0,0,0,61.3309,61.308,1.98833,1,1,1.66287,1.69344,0,1.28462,1.69344,8.60408e+06,3.78701e+06,1.43075e+07,0,0,0,1.26659e+08
89.5852,103.622,3.27499,0.22,0,3.57002,3.63566,0,0.668964,6.16896,4.14015e+06,2.83324e+06,1.47804e+07,0,0,0,0,62.256,61.308,5.8793,1,1,1.66301,1.69359,0,1.28473,1.69344,8.60408e+06,3.78701e+06,1.43087e+07,0,0,0,1.26659e+08
91.1861,103.622,5.4129,0.25,0,3.36215,3.36215,0,0.669022,6.16896,4.14015e+06,2.70226e+06,1.39198e+07,0,0,0,0,62.3362,61.308,6.82333,0,1,1.52361,1.52361,0,1.28484,1.69344,8.60408e+06,3.61194e+06,1.31092e+07,0,0,0,1.26659e+08
91.3806,103.622,3.85977,0.23,0,3.36244,3.36244,0,0.630067,6.16896,4.14015e+06,2.70226e+06,1.3921e+07,0,0,0,0,62.3362,61.308,3.78259,0,1,1.52374,1.52374,0,1.17714,1.69344,8.60408e+06,3.61194e+06,1.31104e+07,0,0,0,1.26659e+08
93.1421,103.622,5.86437,0.25,0,3.36273,3.36273,0,0.630121,6.16896,4.14015e+06,2.70226e+06,1.39222e+07,0,0,0,0,62.3362,61.308,9.09241,0,1,1.52387,1.52387,0,1.17724,1.69344,8.60408e+06,3.61194e+06,1.31115e+07,0,0,0,1.26659e+08
93.3539,103.622,4.13073,0.27,0,3.36303,3.36303,0,0.630176,6.16896,4.14015e+06,2.70226e+06,1.39234e+07,0,0,0,0,62.3362,61.308,6.28182,0,1,1.524,1.524,0,1.17734,1.69344,8.60408e+06,3.61194e+06,1.31127e+07,0,0,0,1.26659e+08
93.9087,103.622,4.46001,0.3,0,3.3026,3.36332,0,0.630231,6.16896,4.14015e+06,2.83324e+06,1.36732e+07,0,0,0,0,62.3362,61.308,4.60648,1,1,1.49662,1.52414,0,1.17745,1.69344,8.60408e+06,3.78701e+06,1.2877e+07,0,0,0,1.26659e+08
95.2504,103.622,5.02687,0.33,0,3.40634,3.46897,0,0.618907,6.16896,4.14015e+06,2.83324e+06,1.41028e+07,0,0,0,0,62.3362,61.308,4.10626,1,1,1.54514,1.57355,0,1.15629,1.69344,8.60408e+06,3.78701e+06,1.32945e+07,0,0,0,1.26659e+08
96.8817,103.622,5.35041,0.36,0,3.4066,3.46924,0,0.638348,6.16896,4.14015e+06,2.83324e+06,1.41039e+07,0,0,0,0,62.3362,61.308,4.04326,1,1,1.54526,1.57367,0,1.19377,1.69344,8.60408e+06,3.78701e+06,1.32955e+07,0,0,0,1.26659e+08
98.4459,103.622,5.35865,0.3,0,3.40687,3.46951,0,0.638398,6.16896,4.14015e+06,2.83324e+06,1.4105e+07,0,0,0,0,62.3362,61.308,4.12795,1,1,1.54538,1.57379,0,1.19387,1.69344,8.60408e+06,3.78701e+06,1.32966e+07,0,0,0,1.26659e+08
99.7471,103.622,5.03489,0.31,0,3.40714,3.46978,0,0.638448,6.16896,4.14015e+06,2.83324e+06,1.41061e+07,0,0,0,0,62.3362,61.308,4.42154,1,1,1.5455,1.57392,0,1.19396,1.69344,8.60408e+06,3.78701e+06,1.32976e+07,0,0,0,1.26659e+08
101.833,103.622,6.28809,0.31,0,3.73975,3.80851,0,0.638498,6.16896,4.14015e+06,2.83324e+06,1.54832e+07,0,0,0,0,62.3362,61.308,4.04948,1,1,1.69344,1.75911,0.0339147,1.19405,1.69344,8.60408e+06,3.78701e+06,1.45705e+07,0,0,0,1.26659e+08
103.237,103.622,5.54854,0.32,0,3.74005,3.80881,0,0.70083,6.16896,4.14015e+06,2.83324e+06,1.54844e+07,0,0,0,0,62.3362,61.308,4.38832,1,1,1.69344,1.75925,0.0340498,1.30835,1.69344,8.60408e+06,3.78701e+06,1.45705e+07,0,0,0,1.26659e+08
103.622,103.622,6.45494,0.33,0,3.74034,3.80911,0,0.700885,6.16896,4.14015e+06,2.83324e+06,1.54856e+07,0,0,0,0,62.3362,61.308,4.5589,1,1,1.69344,1.75939,0.0341849,1.30835,1.69344,8.60408e+06,3.78701e+06,1.45705e+07,0,0,0,1.26659e+08
103.622,103.622,5.23836,0.36,0,3.74063,3.80941,0,0.70094,6.16896,4.14015e+06,2.83324e+06,1.54868e+07,0,0,0,0,62.3362,61.308,3.81882,1,1,1.69344,1.75953,0.0343201,1.30835,1.69344,8.60408e+06,3.78701e+06,1.45705e+07,0,0,0,1.26659e+08
103.622,103.622,4.32489,0.38,0,3.3268,3.3268,0,0.700994,6.16896,4.14015e+06,2.70226e+06,1.37735e+07,0,0,0,0,62.3362,61.308,3.73873,0,1,1.51122,1.51122,0,1.30835,1.69344,8.60408e+06,3.61194e+06,1.30026e+07,0,0,0,1.26659e+08
103.622,103.622,3.95265,0.42,0,3.02672,3.32706,0,0.623443,6.16896,4.14015e+06,3.39989e+06,1.25311e+07,0,0,0,0,62.3362,61.308,3.62111,0,1,1.3749,1.51133,0,1.16757,1.69344,8.60408e+06,4.54441e+06,1.18298e+07,0,0,0,1.26659e+08
103.622,103.622,6.32944,0.45,0,3.02696,3.32732,0,0.567208,6.16896,4.14015e+06,3.39989e+06,1.25321e+07,0,0,0,0,62.3362,61.308,5.54988,0,1,1.37501,1.51145,0,1.06225,1.69344,8.60408e+06,4.54441e+06,1.18307e+07,0,0,0,1.26659e+08
103.622,103.622,6.13884,0.53,0,3.0272,3.32758,0,0.567252,6.16896,4.14015e+06,3.39989e+06,1.25331e+07,0,0,0,0,62.3362,61.308,7.7139,0,1,1.37512,1.51157,0,1.06233,1.69344,8.60408e+06,4.54441e+06,1.18316e+07,0,0,0,1.26659e+08
103.622,103.622,6.75492,0.56,0,3.02743,3.32784,0,0.567297,6.16896,4.14015e+06,3.39989e+06,1.2534e+07,0,0,0,0,62.3362,61.308,6.16121,0,1,1.37523,1.51169,0,1.06242,1.69344,8.60408e+06,4.54441e+06,1.18326e+07,0,0,0,1.26659e+08
103.622,103.622,4.14097,0.57,0,3.13829,3.4497,0,0.567341,6.16896,4.14015e+06,2.83324e+06,1.2993e+07,0,0,0,0,62.3362,61.308,4.13314,1,1,1.43065,1.57261,0,1.0625,1.69344,8.60408e+06,3.78701e+06,1.23094e+07,0,0,0,1.26659e+08
103.622,103.622,3.78777,0.59,0,3.13854,3.44997,0,0.588116,6.16896,4.14015e+06,2.83324e+06,1.2994e+07,0,0,0,0,62.3362,61.308,4.23487,1,1,1.43076,1.57273,0,1.10532,1.69344,8.60408e+06,3.78701e+06,1.23104e+07,0,0,0,1.26659e+08
103.622,103.622,3.7212,0.59,0,3.13879,3.45024,0,0.588162,6.16896,4.14015e+06,2.83324e+06,1.2995e+07,0,0,0,0,62.3362,61.308,5.29823,1,1,1.43087,1.57286,0,1.10541,1.69344,8.60408e+06,3.78701e+06,1.23113e+07,0,0,0,1.26659e+08
103.307,103.622,3.00987,0.57,0,3.13903,3.45051,0,0.588208,6.16896,4.14015e+06,2.83324e+06,1.29961e+07,0,0,0,0,62.3362,61.308,3.68978,1,1,1.43098,1.57298,0,1.10549,1.69344,8.60408e+06,3.78701e+06,1.23123e+07,0,0,0,1.26659e+08
103.059,103.622,2.98902,0.55,0,3.09601,3.40322,0,0.588254,6.16896,4.14015e+06,2.83324e+06,1.28179e+07,0,0,0,0,62.3362,61.308,3.25806,1,1,1.40961,1.54948,0,1.10558,1.69344,8.60408e+06,3.78701e+06,1.21284e+07,0,0,0,1.26659e+08
102.628,103.622,2.7887,0.53,0,3.09625,3.40349,0,0.580192,6.16896,4.14015e+06,2.83324e+06,1.2819e+07,0,0,0,0,62.3362,61.308,3.24362,1,1,1.40972,1.5496,0,1.08906,1.69344,8.60408e+06,3.78701e+06,1.21293e+07,0,0,0,1.26659e+08
102.512,103.622,3.17662,0.51,0,3.09649,3.40376,0,0.580238,6.16896,4.14015e+06,2.83324e+06,1.282e+07,0,0,0,0,62.3362,61.308,2.91184,1,1,1.40983,1.54972,0,1.08915,1.69344,8.60408e+06,3.78701e+06,1.21303e+07,0,0,0,1.26659e+08
102.033,103.622,2.67503,0.45,0,3.09674,3.40402,0,0.580283,6.16896,4.14015e+06,2.83324e+06,1.2821e+07,0,0,0,0,62.3362,61.308,2.96417,1,1,1.40994,1.54984,0,1.08923,1.69344,8.60408e+06,3.78701e+06,1.21312e+07,0,0,0,1.26659e+08
101.391,103.622,2.51515,0.42,0,3.24389,3.56578,0,0.580328,6.16896,4.14015e+06,2.83324e+06,1.34302e+07,0,0,0,0,62.3362,61.308,2.61527,1,1,1.48628,1.63376,0,1.08932,1.69344,8.60408e+06,3.78701e+06,1.27881e+07,0,0,0,1.26659e+08
100.615,103.622,2.63853,0.37,0,3.50167,3.56606,0,0.607905,6.16896,4.14015e+06,2.83324e+06,1.44975e+07,0,0,0,0,62.3362,61.308,2.96668,1,1,1.60439,1.63389,0,1.1483,1.69344,8.60408e+06,3.78701e+06,1.38043e+07,0,0,0,1.26659e+08
99.849,103.622,2.54378,0.33,0,3.50195,3.56633,0,0.656213,6.16896,4.14015e+06,2.83324e+06,1.44986e+07,0,0,0,0,62.3362,61.308,2.8451,1,1,1.60452,1.63402,0,1.23955,1.69344,8.60408e+06,3.78701e+06,1.38054e+07,0,0,0,1.26659e+08
98.8788,103.622,2.28029,0.28,0,3.50222,3.56661,0,0.656265,6.16896,4.14015e+06,2.83324e+06,1.44997e+07,0,0,0,0,62.2574,61.308,2.3715,1,1,1.60464,1.63415,0,1.23965,1.69344,8.60408e+06,3.78701e+06,1.38065e+07,0,0,0,1.26659e+08
97.787,103.622,2.10824,0.23,0,3.50249,3.56689,0,0.656316,6.16896,4.14015e+06,2.83324e+06,1.45009e+07,0,0,0,0,61.4776,61.308,2.01108,1,1,1.60477,1.63427,0,1.23975,1.69344,8.60408e+06,3.78701e+06,1.38076e+07,0,0,0,1.26659e+08
96.2447,103.622,1.50361,0.21,0,3.4714,3.53522,0,0.656367,6.16896,4.14015e+06,2.83324e+06,1.43721e+07,0,0,0,0,60.5202,61.308,1.20924,1,1,1.65014,1.68048,0,1.23984,1.69344,8.60408e+06,3.78701e+06,1.41979e+07,0,0,0,1.26659e+08
94.7156,103.622,1.49935,0.28,0,3.47167,3.5355,0,0.65054,6.16896,4.14015e+06,2.83324e+06,1.43732e+07,0,0,0,0,59.577,61.308,1.21141,1,1,1.65027,1.68061,0,1.2749,1.69344,8.60408e+06,3.78701e+06,1.4199e+07,0,0,0,1.26659e+08
93.1571,103.622,1.42834,0.22,0,3.47194,3.53577,0,0.65059,6.16896,4.14015e+06,2.83324e+06,1.43744e+07,0,0,0,0,58.5476,61.308,1.19073,1,1,1.6504,1.68074,0,1.275,1.69344,8.60408e+06,3.78701e+06,1.42001e+07,0,0,0,1.26659e+08
91.4718,103.622,1.25816,0.22,0,3.47221,3.53605,0,0.650641,6.16896,4.14015e+06,2.83324e+06,1.43755e+07,0,0,0,0,57.5498,61.308,1.11242,1,1,1.65052,1.68087,0,1.2751,1.69344,8.60408e+06,3.78701e+06,1.42012e+07,0,0,0,1.26659e+08
89.8989,103.622,1.39207,0.18,0,3.55352,3.61886,0,0.650692,6.16896,4.14015e+06,2.83324e+06,1.47121e+07,0,0,0,0,56.6046,61.308,1.25957,1,1,1.69099,1.72208,0,1.2752,1.69344,8.60408e+06,3.78701e+06,1.45494e+07,0,0,0,1.26659e+08
88.3883,103.622,1.42874,0.18,0,3.5538,3.61914,0,0.66593,6.16896,4.14015e+06,2.83324e+06,1.47133e+07,0,0,0,0,55.6216,61.308,1.32684,1,1,1.69112,1.72221,0,1.30646,1.69344,8.60408e+06,3.78701e+06,1.45505e+07,0,0,0,1.26659e+08
86.7587,103.622,1.28195,0.23,0,3.55408,3.61942,0,0.665982,6.16896,4.14015e+06,2.83324e+06,1.47144e+07,0,0,0,0,54.5939,61.308,1.23904,1,1,1.69125,1.72235,0,1.30656,1.69344,8.60408e+06,3.78701e+06,1.45517e+07,0,0,0,1.26659e+08
85.0536,103.622,1.17345,0.23,0,3.55436,3.61971,0,0.666034,6.16896,4.14015e+06,2.83324e+06,1.47156e+07,0,0,0,0,53.4992,61.308,1.17562,1,1,1.69138,1.72248,0,1.30666,1.69344,8.60408e+06,3.78701e+06,1.45528e+07,0,0,0,1.26659e+08
83.0846,103.622,1.01833,0.24,0,3.79203,3.86175,0,0.666086,6.16896,4.14015e+06,2.83324e+06,1.56996e+07,0,0,0,0,52.2386,61.308,1.11187,1,1,1.69344,1.87093,0.14371,1.30676,1.69344,8.60408e+06,3.78701e+06,1.45705e+07,0,0,0,1.26659e+08
81.027,103.622,0.9097,0.23,0,3.79233,3.86206,0,0.710627,6.16896,4.14015e+06,2.83324e+06,1.57008e+07,0,0,0,0,50.8963,61.308,0.925872,1,1,1.69344,1.87107,0.143853,1.30835,1.69344,8.60408e+06,3.78701e+06,1.45705e+07,0,0,0,1.26659e+08
78.9666,103.622,0.861031,0.27,0,3.79263,3.86236,0,0.710682,6.16896,4.14015e+06,2.83324e+06,1.5702e+07,0,0,0,0,49.618,61.308,0.861203,1,1,1.69344,1.87122,0.143997,1.30835,1.69344,8.60408e+06,3.78701e+06,1.45705e+07,0,0,0,1.26659e+08
77.2166,103.622,1.14629,0.27,0,3.79292,3.86266,0,0.710738,6.16896,4.14015e+06,2.83324e+06,1.57033e+07,0,0,0,0,48.4531,61.308,0.96766,1,1,1.69344,1.87137,0.14414,1.30835,1.69344,8.60408e+06,3.78701e+06,1.45705e+07,0,0,0,1.26659e+08
75.9273,103.622,1.64893,0.27,0,3.79322,3.86296,0,0.710793,6.16896,4.14015e+06,2.83324e+06,1.57045e+07,0,0,0,0,47.6986,61.308,1.16931,1,1,1.69344,1.87151,0.144284,1.30835,1.69344,8.60408e+06,3.78701e+06,1.45705e+07,0,0,0,1.26659e+08
74.0799,103.622,0.939045,0.3,0,3.67777,3.74539,0,0.710849,6.16896,4.14015e+06,2.83324e+06,1.52265e+07,0,0,0,0,46.7595,61.308,1.43217,1,1,1.69344,1.78161,0.0559998,1.30835,1.69344,8.60408e+06,3.78701e+06,1.45705e+07,0,0,0,1.26659e+08
72.1266,103.622,0.778886,0.31,0,3.67806,3.74568,0,0.689214,6.16896,4.14015e+06,2.83324e+06,1.52277e+07,0,0,0,0,45.914,61.308,1.13993,1,1,1.69344,1.78174,0.0561365,1.30835,1.69344,8.60408e+06,3.78701e+06,1.45705e+07,0,0,0,1.26659e+08
70.5741,103.622,1.24492,0.34,0,3.67834,3.74598,0,0.689268,6.16896,4.14015e+06,2.83324e+06,1.52289e+07,0,0,0,0,45.6743,61.308,1.55163,1,1,1.69344,1.78188,0.0562732,1.30835,1.69344,8.60408e+06,3.78701e+06,1.45705e+07,0,0,0,1.26659e+08
70.3092,103.622,2.78858,0.34,0,3.67863,3.74627,0,0.689322,6.16896,4.14015e+06,2.83324e+06,1.52301e+07,0,0,0,0,45.6097,61.308,2.2842,1,1,1.69344,1.78202,0.0564099,1.30835,1.69344,8.60408e+06,3.78701e+06,1.45705e+07,0,0,0,1.26659e+08
69.1422,103.622,1.60282,0.34,0,3.58388,3.64978,0,0.689376,6.16896,4.14015e+06,2.83324e+06,1.48378e+07,0,0,0,0,45.3828,61.308,1.592,1,1,1.66947,1.70017,0,1.30835,1.69344,8.60408e+06,3.78701e+06,1.43643e+07,0,0,0,1.26659e+08
69.4142,103.622,3.22594,0.35,0,3.58416,3.65006,0,0.67162,6.16896,4.14015e+06,2.83324e+06,1.4839e+07,0,0,0,0,45.7271,61.308,3.28065,1,1,1.6696,1.7003,0,1.28983,1.69344,8.60408e+06,3.78701e+06,1.43654e+07,0,0,0,1.26659e+08
68.7524,103.622,2.15804,0.36,0,3.58444,3.65035,0,0.671672,6.16896,4.14015e+06,2.83324e+06,1.48401e+07,0,0,0,0,46.0307,61.308,3.3055,1,1,1.66973,1.70043,0,1.28993,1.69344,8.60408e+06,3.78701e+06,1.43665e+07,0,0,0,1.26659e+08
69.0637,103.622,3.29356,0.44,0,3.32109,3.65063,0,0.671725,6.16896,4.14015e+06,2.83324e+06,1.37498e+07,0,0,0,0,46.2053,61.308,2.56219,1,1,1.54705,1.70056,0,1.29003,1.69344,8.60408e+06,3.78701e+06,1.3311e+07,0,0,0,1.26659e+08
73.1508,103.622,7.09002,0.46,0,3.07121,3.37596,0,0.622372,6.16896,4.14015e+06,2.83324e+06,1.27153e+07,0,0,0,0,47.144,61.308,4.36264,1,1,1.39176,1.52987,0,1.19525,1.69344,8.60408e+06,3.78701e+06,1.19748e+07,0,0,0,1.26659e+08
75.6542,103.622,5.49984,0.42,0,3.07145,3.37623,0,0.575545,6.16896,4.14015e+06,2.83324e+06,1.27163e+07,0,0,0,0,48.2134,61.308,3.88215,1,1,1.39187,1.52999,0,1.07528,1.69344,8.60408e+06,3.78701e+06,1.19758e+07,0,0,0,1.26659e+08
76.2961,103.622,3.52971,0.43,0,3.07169,3.37649,0,0.57559,6.16896,4.14015e+06,2.83324e+06,1.27173e+07,0,0,0,0,48.8201,61.308,2.87078,1,1,1.39198,1.53011,0,1.07536,1.69344,8.60408e+06,3.78701e+06,1.19767e+07,0,0,0,1.26659e+08
78.4913,103.622,5.43203,0.36,0,3.31579,3.37675,0,0.575635,6.16896,4.14015e+06,2.83324e+06,1.37279e+07,0,0,0,0,49.5957,61.308,3.8395,1,1,1.5026,1.53023,0,1.07544,1.69344,8.60408e+06,3.78701e+06,1.29285e+07,0,0,0,1.26659e+08
81.7602,103.622,6.7193,0.39,0,3.31605,3.37702,0,0.621379,6.16896,4.14015e+06,2.83324e+06,1.37289e+07,0,0,0,0,50.6902,61.308,4.60593,1,1,1.50272,1.53035,0,1.16091,1.69344,8.60408e+06,3.78701e+06,1.29295e+07,0,0,0,1.26659e+08
88.9673,103.622,11.366,0.42,0,3.16865,3.48307,0,0.621427,6.16896,4.14015e+06,2.83324e+06,1.31187e+07,0,0,0,0,53.0478,61.308,7.56939,1,1,1.43732,1.57994,0,1.161,1.69344,8.60408e+06,3.78701e+06,1.23668e+07,0,0,0,1.26659e+08
95.5677,103.622,10.7605,0.4,0,3.16887,3.48331,0,0.593804,6.16896,4.14015e+06,2.83324e+06,1.31196e+07,0,0,0,0,54.9225,61.308,6.28277,1,1,1.43742,1.58005,0,1.11047,1.69344,8.60408e+06,3.78701e+06,1.23677e+07,0,0,0,1.26659e+08
101.781,103.622,10.6696,0.36,0,3.42066,3.48355,0,0.593845,6.16896,4.14015e+06,2.83324e+06,1.4162e+07,0,0,0,0,56.4651,61.308,6.53552,1,1,1.55163,1.58016,0,1.11055,1.69344,8.60408e+06,3.78701e+06,1.33504e+07,0,0,0,1.26659e+08
103.622,103.622,9.49341,0.31,0,3.42089,3.48379,0,0.641031,6.16896,4.14015e+06,2.83324e+06,1.4163e+07,0,0,0,0,58.7285,61.308,6.55806,1,1,1.55174,1.58027,0,1.19879,1.69344,8.60408e+06,3.78701e+06,1.33513e+07,0,0,0,1.26659e+08
103.622,103.622,8.59781,0.3,0,3.75482,3.82386,0,0.641076,6.16896,4.14015e+06,2.83324e+06,1.55455e+07,0,0,0,0,60.0433,61.308,5.29477,1,1,1.69344,1.7662,0.0408742,1.19888,1.69344,8.60408e+06,3.78701e+06,1.45705e+07,0,0,0,1.26659e+08
103.622,103.622,7.33121,0.32,0,3.75508,3.82412,0,0.703654,6.16896,4.14015e+06,2.83324e+06,1.55466e+07,0,0,0,0,60.8506,61.308,4.50045,1,1,1.69344,1.76632,0.0409945,1.30835,1.69344,8.60408e+06,3.78701e+06,1.45705e+07,0,0,0,1.26659e+08
103.622,103.622,6.01726,0.32,0,3.75534,3.82439,0,0.703702,6.16896,4.14015e+06,2.83324e+06,1.55477e+07,0,0,0,0,61.2781,61.308,3.21165,1,1,1.69344,1.76645,0.0411149,1.30835,1.69344,8.60408e+06,3.78701e+06,1.45705e+07,0,0,0,1.26659e+08
103.622,103.622,10.4175,0.36,0,3.7556,3.82465,0,0.703751,6.16896,4.14015e+06,2.83324e+06,1.55488e+07,0,0,0,0,62.3362,61.308,6.19542,1,1,1.69344,1.76657,0.0412352,1.30835,1.69344,8.60408e+06,3.78701e+06,1.45705e+07,0,0,0,1.26659e+08
103.622,103.622,7.53479,0.38,0,3.34009,3.34009,0,0.7038,6.16896,4.14015e+06,2.70226e+06,1.38285e+07,0,0,0,0,62.3362,61.308,5.73614,0,1,1.51725,1.51725,0,1.30835,1.69344,8.60408e+06,3.61194e+06,1.30545e+07,0,0,0,1.26659e+08
103.622,103.622,6.0243,0.42,0,3.03878,3.34032,0,0.625932,6.16896,4.14015e+06,3.39989e+06,1.2581e+07,0,0,0,0,62.3362,61.308,5.38647,0,1,1.38038,1.51736,0,1.17223,1.69344,8.60408e+06,4.54441e+06,1.18769e+07,0,0,0,1.26659e+08
103.622,103.622,9.2983,0.45,0,3.03899,3.34055,0,0.569468,6.16896,4.14015e+06,3.39989e+06,1.25819e+07,0,0,0,0,62.3362,61.308,8.27713,0,1,1.38048,1.51746,0,1.06648,1.69344,8.60408e+06,4.54441e+06,1.18777e+07,0,0,0,1.26659e+08
103.622,103.622,10.1917,0.54,0,3.03921,3.34078,0,0.569508,6.16896,4.14015e+06,3.39989e+06,1.25828e+07,0,0,0,0,62.3362,61.308,8.38981,0,1,1.38057,1.51757,0,1.06656,1.69344,8.60408e+06,4.54441e+06,1.18786e+07,0,0,0,1.26659e+08
103.622,103.622,9.23246,0.56,0,3.03942,3.34101,0,0.569547,6.16896,4.14015e+06,3.39989e+06,1.25836e+07,0,0,0,0,62.3362,61.308,7.70352,0,1,1.38067,1.51767,0,1.06663,1.69344,8.60408e+06,4.54441e+06,1.18794e+07,0,0,0,1.26659e+08
103.622,103.622,7.42723,0.58,0,3.15069,3.46333,0,0.569587,6.16896,4.14015e+06,2.83324e+06,1.30443e+07,0,0,0,0,62.3362,61.308,5.18785,1,1,1.4363,1.57882,0,1.06671,1.69344,8.60408e+06,3.78701e+06,1.2358e+07,0,0,0,1.26659e+08
103.622,103.622,6.65124,0.59,0,3.15091,3.46357,0,0.590439,6.16896,4.14015e+06,2.83324e+06,1.30452e+07,0,0,0,0,62.3362,61.308,5.01136,1,1,1.4364,1.57893,0,1.10968,1.69344,8.60408e+06,3.78701e+06,1.23589e+07,0,0,0,1.26659e+08
103.622,103.622,5.02529,0.59,0,3.15113,3.46381,0,0.59048,6.16896,4.14015e+06,2.83324e+06,1.30461e+07,0,0,0,0,62.3362,61.308,4.49375,1,1,1.4365,1.57904,0,1.10976,1.69344,8.60408e+06,3.78701e+06,1.23597e+07,0,0,0,1.26659e+08
103.622,103.622,4.19075,0.57,0,3.15134,3.46405,0,0.590521,6.16896,4.14015e+06,2.83324e+06,1.3047e+07,0,0,0,0,62.3362,61.308,3.93245,1,1,1.4366,1.57915,0,1.10984,1.69344,8.60408e+06,3.78701e+06,1.23606e+07,0,0,0,1.26659e+08
103.622,103.622,4.1076,0.56,0,3.10813,3.41654,0,0.590562,6.16896,4.14015e+06,2.83324e+06,1.28681e+07,0,0,0,0,62.3362,61.308,3.07669,1,1,1.41512,1.55554,0,1.10992,1.69344,8.60408e+06,3.78701e+06,1.21758e+07,0,0,0,1.26659e+08
103.622,103.622,3.89238,0.53,0,3.10834,3.41678,0,0.582463,6.16896,4.14015e+06,2.83324e+06,1.2869e+07,0,0,0,0,62.3174,61.308,2.70397,1,1,1.41522,1.55565,0,1.09332,1.69344,8.60408e+06,3.78701e+06,1.21767e+07,0,0,0,1.26659e+08
103.622,103.622,4.4214,0.52,0,3.10856,3.41702,0,0.582503,6.16896,4.14015e+06,2.83324e+06,1.28699e+07,0,0,0,0,62.3362,61.308,2.42304,1,1,1.41532,1.55576,0,1.0934,1.69344,8.60408e+06,3.78701e+06,1.21775e+07,0,0,0,1.26659e+08
103.622,103.622,3.7295,0.46,0,3.10877,3.41725,0,0.582544,6.16896,4.14015e+06,2.83324e+06,1.28708e+07,0,0,0,0,62.3323,61.308,2.45773,1,1,1.41542,1.55587,0,1.09348,1.69344,8.60408e+06,3.78701e+06,1.21784e+07,0,0,0,1.26659e+08
103.622,103.622,3.42901,0.44,0,3.25647,3.57961,0,0.582584,6.16896,4.14015e+06,2.83324e+06,1.34823e+07,0,0,0,0,62.3362,61.308,2.25251,1,1,1.49205,1.6401,0,1.09355,1.69344,8.60408e+06,3.78701e+06,1.28377e+07,0,0,0,1.26659e+08
103.622,103.622,3.50875,0.39,0,3.51522,3.57985,0,0.610262,6.16896,4.14015e+06,2.83324e+06,1.45536e+07,0,0,0,0,62.3362,61.308,2.39239,1,1,1.6106,1.64021,0,1.15275,1.69344,8.60408e+06,3.78701e+06,1.38577e+07,0,0,0,1.26659e+08
103.622,103.622,3.42324,0.35,0,3.51547,3.5801,0,0.658753,6.16896,4.14015e+06,2.83324e+06,1.45546e+07,0,0,0,0,62.3362,61.308,2.42772,1,1,1.61071,1.64033,0,1.24435,1.69344,8.60408e+06,3.78701e+06,1.38587e+07,0,0,0,1.26659e+08
103.565,103.622,3.24046,0.3,0,3.51571,3.58035,0,0.658798,6.16896,4.14015e+06,2.83324e+06,1.45556e+07,0,0,0,0,62.3362,61.308,2.33738,1,1,1.61082,1.64044,0,1.24444,1.69344,8.60408e+06,3.78701e+06,1.38597e+07,0,0,0,1.26659e+08
103.33,103.622,3.03362,0.25,0,3.51595,3.5806,0,0.658844,6.16896,4.14015e+06,2.83324e+06,1.45566e+07,0,0,0,0,62.3309,61.308,2.20312,1,1,1.61094,1.64055,0,1.24452,1.69344,8.60408e+06,3.78701e+06,1.38606e+07,0,0,0,1.26659e+08
103.018,103.622,2.89032,0.23,0,3.48471,3.54878,0,0.65889,6.16896,4.14015e+06,2.83324e+06,1.44272e+07,0,0,0,0,62.3362,61.308,2.40324,1,1,1.65646,1.68692,0,1.24461,1.69344,8.60408e+06,3.78701e+06,1.42524e+07,0,0,0,1.26659e+08
102.666,103.622,2.84846,0.21,0,3.48495,3.54902,0,0.653034,6.16896,4.14015e+06,2.83324e+06,1.44282e+07,0,0,0,0,62.3362,61.308,2.51142,1,1,1.65658,1.68704,0,1.27978,1.69344,8.60408e+06,3.78701e+06,1.42533e+07,0,0,0,1.26659e+08
102.237,103.622,2.76028,0.17,0,3.48519,3.54927,0,0.653079,6.16896,4.14015e+06,2.83324e+06,1.44292e+07,0,0,0,0,62.3362,61.308,2.45924,1,1,1.65669,1.68715,0,1.27987,1.69344,8.60408e+06,3.78701e+06,1.42543e+07,0,0,0,1.26659e+08
101.578,103.622,2.48045,0.17,0,3.48543,3.54951,0,0.653124,6.16896,4.14015e+06,2.83324e+06,1.44302e+07,0,0,0,0,62.2673,61.308,2.27914,1,1,1.65681,1.68727,0,1.27996,1.69344,8.60408e+06,3.78701e+06,1.42553e+07,0,0,0,1.26659e+08
100.662,103.622,2.26179,0.16,0,3.56702,3.6326,0,0.65317,6.16896,4.14015e+06,2.83324e+06,1.4768e+07,0,0,0,0,62.0773,61.308,2.0899,1,1,1.69344,1.72862,0.00397165,1.28005,1.69344,8.60408e+06,3.78701e+06,1.45705e+07,0,0,0,1.26659e+08
99.9363,103.622,2.46907,0.16,0,3.56727,3.63286,0,0.66846,6.16896,4.14015e+06,2.83324e+06,1.4769e+07,0,0,0,0,62.0569,61.308,2.37788,1,1,1.69344,1.72874,0.00408941,1.30835,1.69344,8.60408e+06,3.78701e+06,1.45705e+07,0,0,0,1.26659e+08
99.069,103.622,2.29861,0.16,0,3.56752,3.63311,0,0.668506,6.16896,4.14015e+06,2.83324e+06,1.47701e+07,0,0,0,0,61.9079,61.308,2.36302,1,1,1.69344,1.72886,0.00420705,1.30835,1.69344,8.60408e+06,3.78701e+06,1.45705e+07,0,0,0,1.26659e+08
98.0587,103.622,2.12112,0.16,0,3.56776,3.63336,0,0.668552,6.16896,4.14015e+06,2.83324e+06,1.47711e+07,0,0,0,0,61.698,61.308,2.11683,1,1,1.69344,1.72898,0.00432481,1.30835,1.69344,8.60408e+06,3.78701e+06,1.45705e+07,0,0,0,1.26659e+08
96.8124,103.622,2.05179,0.16,0,3.8063,3.87629,0,0.668599,6.16896,4.14015e+06,2.83324e+06,1.57587e+07,0,0,0,0,61.4526,61.308,2.30215,1,1,1.69344,1.87797,0.150623,1.30835,1.69344,8.60408e+06,3.78701e+06,1.45705e+07,0,0,0,1.26659e+08
94.8507,103.622,1.31051,0.16,0,3.80657,3.87655,0,0.713301,6.16896,4.14015e+06,2.83324e+06,1.57598e+07,0,0,0,0,61.0874,61.308,1.80813,1,1,1.69344,1.8781,0.150751,1.30835,1.69344,8.60408e+06,3.78701e+06,1.45705e+07,0,0,0,1.26659e+08
93.0507,103.622,1.45309,0.19,0,3.80683,3.87682,0,0.71335,6.16896,4.14015e+06,2.83324e+06,1.57609e+07,0,0,0,0,60.8062,61.308,1.85718,1,1,1.69344,1.87823,0.150879,1.30835,1.69344,8.60408e+06,3.78701e+06,1.45705e+07,0,0,0,1.26659e+08
92.0087,103.622,2.26222,0.2,0,3.80709,3.87709,0,0.7134,6.16896,4.14015e+06,2.83324e+06,1.57619e+07,0,0,0,0,60.6829,61.308,2.26568,1,1,1.69344,1.87836,0.151007,1.30835,1.69344,8.60408e+06,3.78701e+06,1.45705e+07,0,0,0,1.26659e+08
91.4891,103.622,2.78897,0.2,0,3.80736,3.87736,0,0.713449,6.16896,4.14015e+06,2.83324e+06,1.5763e+07,0,0,0,0,60.547,61.308,2.41943,1,1,1.69344,1.87849,0.151134,1.30835,1.69344,8.60408e+06,3.78701e+06,1.45705e+07,0,0,0,1.26659e+08
89.9261,103.622,1.65976,0.2,0,3.69145,3.75932,0,0.713499,6.16896,4.14015e+06,2.83324e+06,1.52832e+07,0,0,0,0,60.277,61.308,1.72294,1,1,1.69344,1.78823,0.0625056,1.30835,1.69344,8.60408e+06,3.78701e+06,1.45705e+07,0,0,0,1.26659e+08
89.0068,103.622,2.28998,0.2,0,3.6917,3.75958,0,0.691777,6.16896,4.14015e+06,2.83324e+06,1.52842e+07,0,0,0,0,60.2605,61.308,2.03054,1,1,1.69344,1.78835,0.0626273,1.30835,1.69344,8.60408e+06,3.78701e+06,1.45705e+07,0,0,0,1.26659e+08
88.288,103.622,2.64301,0.24,0,3.69196,3.75984,0,0.691825,6.16896,4.14015e+06,2.83324e+06,1.52853e+07,0,0,0,0,60.9344,61.308,3.07058,1,1,1.69344,1.78848,0.062749,1.30835,1.69344,8.60408e+06,3.78701e+06,1.45705e+07,0,0,0,1.26659e+08
87.37,103.622,2.38281,0.26,0,3.69221,3.7601,0,0.691873,6.16896,4.14015e+06,2.83324e+06,1.52863e+07,0,0,0,0,61.5117,61.308,2.89758,1,1,1.69344,1.7886,0.0628708,1.30835,1.69344,8.60408e+06,3.78701e+06,1.45705e+07,0,0,0,1.26659e+08
89.4015,103.622,5.42459,0.26,0,3.59709,3.66322,0,0.691921,6.16896,4.14015e+06,2.83324e+06,1.48925e+07,0,0,0,0,62.2544,61.308,3.65782,1,1,1.67562,1.70643,0,1.30835,1.69344,8.60408e+06,3.78701e+06,1.44172e+07,0,0,0,1.26659e+08
94.8638,103.622,9.19239,0.26,0,3.59733,3.66348,0,0.674094,6.16896,4.14015e+06,2.83324e+06,1.48935e+07,0,0,0,0,62.3362,61.308,6.64071,1,1,1.67574,1.70655,0,1.29458,1.69344,8.60408e+06,3.78701e+06,1.44182e+07,0,0,0,1.26659e+08
99.3066,103.622,8.25642,0.22,0,3.59758,3.66373,0,0.67414,6.16896,4.14015e+06,2.83324e+06,1.48945e+07,0,0,0,0,62.3362,61.308,6.05851,1,1,1.67585,1.70666,0,1.29467,1.69344,8.60408e+06,3.78701e+06,1.44192e+07,0,0,0,1.26659e+08
102.4,103.622,6.95212,0.19,0,3.59783,3.66398,0,0.674187,6.16896,4.14015e+06,2.83324e+06,1.48956e+07,0,0,0,0,62.3362,61.308,4.69898,1,1,1.67597,1.70678,0,1.29476,1.69344,8.60408e+06,3.78701e+06,1.44202e+07,0,0,0,1.26659e+08
103.622,103.622,7.60273,0.2,0,3.32711,3.38828,0,0.674234,6.16896,4.14015e+06,2.83324e+06,1.37747e+07,0,0,0,0,62.3362,61.308,5.39367,1,1,1.50773,1.53545,0,1.29485,1.69344,8.60408e+06,3.78701e+06,1.29726e+07,0,0,0,1.26659e+08
103.622,103.622,10.1883,0.21,0,3.32734,3.38851,0,0.6235,6.16896,4.14015e+06,2.83324e+06,1.37757e+07,0,0,0,0,62.3362,61.308,7.8773,1,1,1.50783,1.53555,0,1.16487,1.69344,8.60408e+06,3.78701e+06,1.29735e+07,0,0,0,1.26659e+08
103.622,103.622,10.627,0.23,0,3.32757,3.38875,0,0.623543,6.16896,4.14015e+06,2.83324e+06,1.37766e+07,0,0,0,0,62.3362,61.308,10.9808,1,1,1.50794,1.53566,0,1.16495,1.69344,8.60408e+06,3.78701e+06,1.29744e+07,0,0,0,1.26659e+08
103.622,103.622,8.87672,0.24,0,3.3278,3.38898,0,0.623586,6.16896,4.14015e+06,2.83324e+06,1.37776e+07,0,0,0,0,62.3362,61.308,8.14511,1,1,1.50804,1.53577,0,1.16503,1.69344,8.60408e+06,3.78701e+06,1.29753e+07,0,0,0,1.26659e+08
103.622,103.622,11.9149,0.26,0,3.32803,3.38922,0,0.623629,6.16896,4.14015e+06,2.83324e+06,1.37785e+07,0,0,0,0,62.3362,61.308,11.7188,1,1,1.50815,1.53587,0,1.16511,1.69344,8.60408e+06,3.78701e+06,1.29762e+07,0,0,0,1.26659e+08
103.622,103.622,7.60425,0.27,0,3.32803,3.38922,0,0.623673,6.16896,4.14015e+06,2.83324e+06,1.37785e+07,0,0,0,0,62.3362,61.308,6.31833,1,1,1.50815,1.53587,0,1.16519,1.69344,8.60408e+06,3.78701e+06,1.29762e+07,0,0,0,1.26659e+08
103.622,103.622,6.26045,0.29,0,3.43251,3.49562,0,0.623673,6.16896,4.14015e+06,2.83324e+06,1.42111e+07,0,0,0,0,62.3362,61.308,4.2067,1,1,1.55701,1.58564,0,1.16519,1.69344,8.60408e+06,3.78701e+06,1.33966e+07,0,0,0,1.26659e+08
103.622,103.622,4.90979,0.3,0,3.43272,3.49583,0,0.643252,6.16896,4.14015e+06,2.83324e+06,1.4212e+07,0,0,0,0,62.3362,61.308,3.46603,1,1,1.5571,1.58573,0,1.20295,1.69344,8.60408e+06,3.78701e+06,1.33975e+07,0,0,0,1.26659e+08
103.622,103.622,4.34425,0.32,0,3.43293,3.49604,0,0.643291,6.16896,4.14015e+06,2.83324e+06,1.42128e+07,0,0,0,0,62.3362,61.308,3.01126,1,1,1.5572,1.58583,0,1.20302,1.69344,8.60408e+06,3.78701e+06,1.33983e+07,0,0,0,1.26659e+08
103.622,103.622,5.98395,0.31,0,3.43313,3.49626,0,0.64333,6.16896,4.14015e+06,2.83324e+06,1.42137e+07,0,0,0,0,62.3362,61.308,4.21743,1,1,1.55729,1.58593,0,1.20309,1.69344,8.60408e+06,3.78701e+06,1.33991e+07,0,0,0,1.26659e+08
103.622,103.622,7.56506,0.32,0,3.76822,3.83751,0,0.643369,6.16896,4.14015e+06,2.83324e+06,1.5601e+07,0,0,0,0,62.3362,61.308,4.98763,1,1,1.69344,1.7725,0.0470635,1.20316,1.69344,8.60408e+06,3.78701e+06,1.45705e+07,0,0,0,1.26659e+08
103.622,103.622,6.28764,0.33,0,3.76845,3.83774,0,0.706165,6.16896,4.14015e+06,2.83324e+06,1.5602e+07,0,0,0,0,62.3362,61.308,4.15451,1,1,1.69344,1.77261,0.0471691,1.30835,1.69344,8.60408e+06,3.78701e+06,1.45705e+07,0,0,0,1.26659e+08
103.622,103.622,8.04156,0.34,0,3.76868,3.83797,0,0.706208,6.16896,4.14015e+06,2.83324e+06,1.56029e+07,0,0,0,0,62.3362,61.308,6.14372,1,1,1.69344,1.77272,0.0472747,1.30835,1.69344,8.60408e+06,3.78701e+06,1.45705e+07,0,0,0,1.26659e+08
103.622,103.622,8.9613,0.36,0,3.76891,3.8382,0,0.70625,6.16896,4.14015e+06,2.83324e+06,1.56038e+07,0,0,0,0,62.3362,61.308,6.39989,1,1,1.69344,1.77283,0.0473801,1.30835,1.69344,8.60408e+06,3.78701e+06,1.45705e+07,0,0,0,1.26659e+08
103.622,103.622,9.47573,0.41,0,3.04931,3.35189,0,0.706293,6.16896,4.14015e+06,3.39989e+06,1.26246e+07,0,0,0,0,62.3362,61.308,6.82866,0,1,1.38516,1.52261,0,1.30835,1.69344,8.60408e+06,4.54441e+06,1.19181e+07,0,0,0,1.26659e+08
103.622,103.622,8.39019,0.45,0,3.04949,3.35209,0,0.571441,6.16896,4.14015e+06,3.39989e+06,1.26254e+07,0,0,0,0,62.3362,61.308,5.62207,0,1,1.38525,1.5227,0,1.07018,1.69344,8.60408e+06,4.54441e+06,1.19188e+07,0,0,0,1.26659e+08
103.622,103.622,6.24927,0.52,0,3.04968,3.3523,0,0.571475,6.16896,4.14015e+06,3.39989e+06,1.26261e+07,0,0,0,0,62.3362,61.308,3.52092,0,1,1.38533,1.5228,0,1.07024,1.69344,8.60408e+06,4.54441e+06,1.19195e+07,0,0,0,1.26659e+08
103.622,103.622,5.3823,0.54,0,3.04986,3.3525,0,0.57151,6.16896,4.14015e+06,3.39989e+06,1.26269e+07,0,0,0,0,62.3362,61.308,2.77365,0,1,1.38542,1.52289,0,1.07031,1.69344,8.60408e+06,4.54441e+06,1.19202e+07,0,0,0,1.26659e+08
103.622,103.622,7.66203,0.58,0,3.05005,3.3527,0,0.571545,6.16896,4.14015e+06,3.39989e+06,1.26277e+07,0,0,0,0,62.3362,61.308,5.53329,0,1,1.3855,1.52298,0,1.07037,1.69344,8.60408e+06,4.54441e+06,1.1921e+07,0,0,0,1.26659e+08
103.622,103.622,6.19866,0.57,0,3.16168,3.47541,0,0.571579,6.16896,4.14015e+06,2.83324e+06,1.30899e+07,0,0,0,0,62.3362,61.308,4.00738,1,1,1.44131,1.58433,0,1.07044,1.69344,8.60408e+06,3.78701e+06,1.24012e+07,0,0,0,1.26659e+08
103.622,103.622,5.42869,0.58,0,3.16188,3.47562,0,0.592499,6.16896,4.14015e+06,2.83324e+06,1.30906e+07,0,0,0,0,62.3362,61.308,3.88706,1,1,1.4414,1.58443,0,1.11356,1.69344,8.60408e+06,3.78701e+06,1.24019e+07,0,0,0,1.26659e+08
103.622,103.622,5.45476,0.58,0,3.16207,3.47584,0,0.592535,6.16896,4.14015e+06,2.83324e+06,1.30914e+07,0,0,0,0,62.3362,61.308,4.24259,1,1,1.44149,1.58452,0,1.11362,1.69344,8.60408e+06,3.78701e+06,1.24027e+07,0,0,0,1.26659e+08
103.622,103.622,5.05163,0.56,0,3.16226,3.47605,0,0.592571,6.16896,4.14015e+06,2.83324e+06,1.30922e+07,0,0,0,0,62.3362,61.308,3.7965,1,1,1.44157,1.58462,0,1.11369,1.69344,8.60408e+06,3.78701e+06,1.24034e+07,0,0,0,1.26659e+08
103.622,103.622,4.31859,0.54,0,3.11886,3.42835,0,0.592607,6.16896,4.14015e+06,2.83324e+06,1.29126e+07,0,0,0,0,62.3362,61.308,3.22983,1,1,1.42001,1.56092,0,1.11376,1.69344,8.60408e+06,3.78701e+06,1.22179e+07,0,0,0,1.26659e+08
103.622,103.622,3.77582,0.52,0,3.11905,3.42855,0,0.584475,6.16896,4.14015e+06,2.83324e+06,1.29134e+07,0,0,0,0,62.3362,61.308,2.93125,1,1,1.4201,1.56101,0,1.0971,1.69344,8.60408e+06,3.78701e+06,1.22186e+07,0,0,0,1.26659e+08
103.622,103.622,3.36968,0.47,0,3.11924,3.42876,0,0.584511,6.16896,4.14015e+06,2.83324e+06,1.29141e+07,0,0,0,0,62.3362,61.308,2.57562,1,1,1.42018,1.56111,0,1.09717,1.69344,8.60408e+06,3.78701e+06,1.22194e+07,0,0,0,1.26659e+08
103.622,103.622,3.14959,0.45,0,3.11943,3.42897,0,0.584546,6.16896,4.14015e+06,2.83324e+06,1.29149e+07,0,0,0,0,62.3362,61.308,2.43681,1,1,1.42027,1.5612,0,1.09723,1.69344,8.60408e+06,3.78701e+06,1.22201e+07,0,0,0,1.26659e+08
103.519,103.622,3.03549,0.4,0,3.26761,3.59185,0,0.584581,6.16896,4.14015e+06,2.83324e+06,1.35284e+07,0,0,0,0,62.2769,61.308,2.23727,1,1,1.49715,1.64571,0,1.0973,1.69344,8.60408e+06,3.78701e+06,1.28816e+07,0,0,0,1.26659e+08
102.964,103.622,2.672,0.35,0,3.52721,3.59206,0,0.612349,6.16896,4.14015e+06,2.83324e+06,1.46032e+07,0,0,0,0,62.0088,61.308,2.14622,1,1,1.61609,1.64581,0,1.1567,1.69344,8.60408e+06,3.78701e+06,1.3905e+07,0,0,0,1.26659e+08
102.345,103.622,2.60039,0.33,0,3.52743,3.59228,0,0.661,6.16896,4.14015e+06,2.83324e+06,1.46041e+07,0,0,0,0,61.7736,61.308,2.16029,1,1,1.61619,1.64591,0,1.24859,1.69344,8.60408e+06,3.78701e+06,1.39058e+07,0,0,0,1.26659e+08
101.613,103.622,2.46271,0.26,0,3.52764,3.5925,0,0.66104,6.16896,4.14015e+06,2.83324e+06,1.4605e+07,0,0,0,0,61.5229,61.308,2.07634,1,1,1.61629,1.64601,0,1.24867,1.69344,8.60408e+06,3.78701e+06,1.39067e+07,0,0,0,1.26659e+08
100.626,103.622,2.23675,0.23,0,3.52785,3.59272,0,0.66108,6.16896,4.14015e+06,2.83324e+06,1.46059e+07,0,0,0,0,61.399,61.308,2.46888,1,1,1.61639,1.64611,0,1.24875,1.69344,8.60408e+06,3.78701e+06,1.39075e+07,0,0,0,1.26659e+08
99.4977,103.622,2.06763,0.21,0,3.49647,3.56076,0,0.66112,6.16896,4.14015e+06,2.83324e+06,1.44759e+07,0,0,0,0,61.2339,61.308,2.52016,1,1,1.66206,1.69262,0,1.24882,1.69344,8.60408e+06,3.78701e+06,1.43005e+07,0,0,0,1.26659e+08
98.2258,103.622,1.8948,0.17,0,3.49668,3.56097,0,0.655238,6.16896,4.14015e+06,2.83324e+06,1.44768e+07,0,0,0,0,61.0243,61.308,2.23112,1,1,1.66216,1.69272,0,1.2841,1.69344,8.60408e+06,3.78701e+06,1.43013e+07,0,0,0,1.26659e+08
96.8553,103.622,1.74443,0.17,0,3.49689,3.56119,0,0.655278,6.16896,4.14015e+06,2.83324e+06,1.44777e+07,0,0,0,0,60.7531,61.308,2.194,1,1,1.66226,1.69282,0,1.28418,1.69344,8.60408e+06,3.78701e+06,1.43022e+07,0,0,0,1.26659e+08
95.5766,103.622,1.81118,0.16,0,3.4971,3.5614,0,0.655318,6.16896,4.14015e+06,2.83324e+06,1.44785e+07,0,0,0,0,60.4261,61.308,2.0995,1,1,1.66236,1.69292,0,1.28426,1.69344,8.60408e+06,3.78701e+06,1.43031e+07,0,0,0,1.26659e+08
94.2732,103.622,1.79848,0.19,0,3.57894,3.64474,0,0.655357,6.16896,4.14015e+06,2.83324e+06,1.48173e+07,0,0,0,0,60.0762,61.308,2.17369,1,1,1.69344,1.7344,0.00964236,1.28434,1.69344,8.60408e+06,3.78701e+06,1.45705e+07,0,0,0,1.26659e+08
92.8716,103.622,1.65902,0.18,0,3.57915,3.64496,0,0.670693,6.16896,4.14015e+06,2.83324e+06,1.48182e+07,0,0,0,0,59.6813,61.308,1.94009,1,1,1.69344,1.7345,0.0097456,1.30835,1.69344,8.60408e+06,3.78701e+06,1.45705e+07,0,0,0,1.26659e+08
91.5242,103.622,1.71491,0.17,0,3.57937,3.64518,0,0.670733,6.16896,4.14015e+06,2.83324e+06,1.48191e+07,0,0,0,0,59.3492,61.308,2.18762,1,1,1.69344,1.73461,0.00984885,1.30835,1.69344,8.60408e+06,3.78701e+06,1.45705e+07,0,0,0,1.26659e+08
90.2649,103.622,1.79004,0.18,0,3.57959,3.6454,0,0.670774,6.16896,4.14015e+06,2.83324e+06,1.482e+07,0,0,0,0,59.0626,61.308,2.30318,1,1,1.69344,1.73471,0.00995209,1.30835,1.69344,8.60408e+06,3.78701e+06,1.45705e+07,0,0,0,1.26659e+08
88.5884,103.622,1.50697,0.19,0,3.81888,3.8891,0,0.670815,6.16896,4.14015e+06,2.83324e+06,1.58108e+07,0,0,0,0,58.8154,61.308,2.57155,1,1,1.69344,1.88418,0.156719,1.30835,1.69344,8.60408e+06,3.78701e+06,1.45705e+07,0,0,0,1.26659e+08
86.8006,103.622,1.35431,0.24,0,3.81912,3.88934,0,0.715659,6.16896,4.14015e+06,2.83324e+06,1.58117e+07,0,0,0,0,58.4917,61.308,2.39207,1,1,1.69344,1.88429,0.156831,1.30835,1.69344,8.60408e+06,3.78701e+06,1.45705e+07,0,0,0,1.26659e+08
85.1353,103.622,1.45422,0.25,0,3.81935,3.88957,0,0.715702,6.16896,4.14015e+06,2.83324e+06,1.58127e+07,0,0,0,0,58.1766,61.308,2.41275,1,1,1.69344,1.8844,0.156943,1.30835,1.69344,8.60408e+06,3.78701e+06,1.45705e+07,0,0,0,1.26659e+08
84.1294,103.622,2.16694,0.25,0,3.81958,3.88981,0,0.715746,6.16896,4.14015e+06,2.83324e+06,1.58136e+07,0,0,0,0,58.0004,61.308,2.89494,1,1,1.69344,1.88452,0.157055,1.30835,1.69344,8.60408e+06,3.78701e+06,1.45705e+07,0,0,0,1.26659e+08
83.559,103.622,2.70018,0.24,0,3.81981,3.89004,0,0.715789,6.16896,4.14015e+06,2.83324e+06,1.58146e+07,0,0,0,0,58.0239,61.308,3.16789,1,1,1.69344,1.88463,0.157167,1.30835,1.69344,8.60408e+06,3.78701e+06,1.45705e+07,0,0,0,1.26659e+08
82.694,103.622,2.35658,0.25,0,3.70349,3.77158,0,0.715832,6.16896,4.14015e+06,2.83324e+06,1.5333e+07,0,0,0,0,58.4518,61.308,5.09432,1,1,1.69344,1.79406,0.0682334,1.30835,1.69344,8.60408e+06,3.78701e+06,1.45705e+07,0,0,0,1.26659e+08
81.6187,103.622,2.06395,0.3,0,3.70371,3.77181,0,0.694034,6.16896,4.14015e+06,2.83324e+06,1.53339e+07,0,0,0,0,58.3094,61.308,3.13392,1,1,1.69344,1.79417,0.0683402,1.30835,1.69344,8.60408e+06,3.78701e+06,1.45705e+07,0,0,0,1.26659e+08
80.2691,103.622,1.74228,0.3,0,3.70394,3.77204,0,0.694076,6.16896,4.14015e+06,2.83324e+06,1.53349e+07,0,0,0,0,58.0736,61.308,2.78016,1,1,1.69344,1.79428,0.0684469,1.30835,1.69344,8.60408e+06,3.78701e+06,1.45705e+07,0,0,0,1.26659e+08
80.8316,103.622,3.878,0.3,0,3.70416,3.77227,0,0.694118,6.16896,4.14015e+06,2.83324e+06,1.53358e+07,0,0,0,0,58.3823,61.308,3.8634,1,1,1.69344,1.79439,0.0685537,1.30835,1.69344,8.60408e+06,3.78701e+06,1.45705e+07,0,0,0,1.26659e+08
80.1031,103.622,2.52791,0.31,0,3.60869,3.67504,0,0.69416,6.16896,4.14015e+06,2.83324e+06,1.49405e+07,0,0,0,0,58.5393,61.308,3.44653,1,1,1.68103,1.71193,0,1.30835,1.69344,8.60408e+06,3.78701e+06,1.44637e+07,0,0,0,1.26659e+08
78.7698,103.622,1.80684,0.3,0,3.60891,3.67527,0,0.676269,6.16896,4.14015e+06,2.83324e+06,1.49414e+07,0,0,0,0,58.359,61.308,2.38676,1,1,1.68113,1.71204,0,1.29876,1.69344,8.60408e+06,3.78701e+06,1.44646e+07,0,0,0,1.26659e+08
78.0958,103.622,2.67824,0.3,0,3.60913,3.67549,0,0.67631,6.16896,4.14015e+06,2.83324e+06,1.49423e+07,0,0,0,0,58.6367,61.308,3.82253,1,1,1.68123,1.71214,0,1.29884,1.69344,8.60408e+06,3.78701e+06,1.44654e+07,0,0,0,1.26659e+08
79.5015,103.622,5.10119,0.32,0,3.60935,3.67571,0,0.676351,6.16896,4.14015e+06,2.83324e+06,1.49433e+07,0,0,0,0,59.759,61.308,5.11053,1,1,1.68133,1.71225,0,1.29892,1.69344,8.60408e+06,3.78701e+06,1.44663e+07,0,0,0,1.26659e+08
80.7466,103.622,4.53384,0.34,0,3.33773,3.39909,0,0.676392,6.16896,4.14015e+06,2.83324e+06,1.38187e+07,0,0,0,0,60.6863,61.308,4.73975,1,1,1.51254,1.54035,0,1.299,1.69344,8.60408e+06,3.78701e+06,1.3014e+07,0,0,0,1.26659e+08
81.9472,103.622,4.685,0.35,0,3.33793,3.3993,0,0.62549,6.16896,4.14015e+06,2.83324e+06,1.38195e+07,0,0,0,0,61.9978,61.308,5.5985,1,1,1.51263,1.54044,0,1.16859,1.69344,8.60408e+06,3.78701e+06,1.30148e+07,0,0,0,1.26659e+08
86.3795,103.622,8.56186,0.36,0,3.33813,3.39951,0,0.625528,6.16896,4.14015e+06,2.83324e+06,1.38204e+07,0,0,0,0,62.3362,61.308,12.1891,1,1,1.51272,1.54054,0,1.16866,1.69344,8.60408e+06,3.78701e+06,1.30156e+07,0,0,0,1.26659e+08
87.8035,103.622,5.16281,0.34,0,3.33833,3.39971,0,0.625566,6.16896,4.14015e+06,2.83324e+06,1.38212e+07,0,0,0,0,62.3362,61.308,6.05151,1,1,1.51281,1.54063,0,1.16873,1.69344,8.60408e+06,3.78701e+06,1.30164e+07,0,0,0,1.26659e+08
90.0903,103.622,5.93022,0.37,0,3.33853,3.39992,0,0.625603,6.16896,4.14015e+06,2.83324e+06,1.3822e+07,0,0,0,0,62.3362,61.308,6.14541,1,1,1.51291,1.54072,0,1.1688,1.69344,8.60408e+06,3.78701e+06,1.30172e+07,0,0,0,1.26659e+08
92.8278,103.622,6.38012,0.36,0,3.44332,3.50662,0,0.625641,6.16896,4.14015e+06,2.83324e+06,1.42558e+07,0,0,0,0,62.3362,61.308,7.77565,1,1,1.56191,1.59063,0,1.16887,1.69344,8.60408e+06,3.78701e+06,1.34388e+07,0,0,0,1.26659e+08
95.0559,103.622,6.02489,0.36,0,3.44349,3.50681,0,0.645277,6.16896,4.14015e+06,2.83324e+06,1.42566e+07,0,0,0,0,62.3362,61.308,6.0221,1,1,1.56199,1.59071,0,1.20673,1.69344,8.60408e+06,3.78701e+06,1.34395e+07,0,0,0,1.26659e+08
96.5919,103.622,5.12681,0.36,0,3.44367,3.50699,0,0.645311,6.16896,4.14015e+06,2.83324e+06,1.42573e+07,0,0,0,0,62.3362,61.308,5.92338,1,1,1.56207,1.5908,0,1.2068,1.69344,8.60408e+06,3.78701e+06,1.34402e+07,0,0,0,1.26659e+08
98.1351,103.622,5.12831,0.37,0,3.44385,3.50717,0,0.645344,6.16896,4.14015e+06,2.83324e+06,1.42581e+07,0,0,0,0,62.3362,61.308,4.9527,1,1,1.56216,1.59088,0,1.20686,1.69344,8.60408e+06,3.78701e+06,1.34409e+07,0,0,0,1.26659e+08
100.024,103.622,5.79959,0.32,0,3.77996,3.84945,0,0.645378,6.16896,4.14015e+06,2.83324e+06,1.56496e+07,0,0,0,0,62.3362,61.308,5.03772,1,1,1.69344,1.77802,0.0524833,1.20692,1.69344,8.60408e+06,3.78701e+06,1.45705e+07,0,0,0,1.26659e+08
102.794,103.622,6.75182,0.33,0,3.78015,3.84966,0,0.708364,6.16896,4.14015e+06,2.83324e+06,1.56504e+07,0,0,0,0,62.3362,61.308,5.36268,1,1,1.69344,1.77812,0.0525741,1.30835,1.69344,8.60408e+06,3.78701e+06,1.45705e+07,0,0,0,1.26659e+08
103.622,103.622,6.24397,0.33,0,3.78035,3.84986,0,0.708401,6.16896,4.14015e+06,2.83324e+06,1.56512e+07,0,0,0,0,62.3362,61.308,5.81155,1,1,1.69344,1.77821,0.052665,1.30835,1.69344,8.60408e+06,3.78701e+06,1.45705e+07,0,0,0,1.26659e+08
103.622,103.622,5.6443,0.36,0,3.78055,3.85006,0,0.708437,6.16896,4.14015e+06,2.83324e+06,1.5652e+07,0,0,0,0,62.3362,61.308,6.07098,1,1,1.69344,1.7783,0.052756,1.30835,1.69344,8.60408e+06,3.78701e+06,1.45705e+07,0,0,0,1.26659e+08
103.622,103.622,5.19476,0.39,0,3.30151,3.36221,0,0.708474,6.16896,4.14015e+06,2.83324e+06,1.36688e+07,0,0,0,0,62.3362,61.308,5.03395,1,1,1.49973,1.5273,0,1.30835,1.69344,8.60408e+06,3.78701e+06,1.29038e+07,0,0,0,1.26659e+08
103.622,103.622,4.27282,0.42,0,3.05886,3.36239,0,0.618703,6.16896,4.14015e+06,2.83324e+06,1.26641e+07,0,0,0,0,62.3362,61.308,3.77806,1,1,1.3895,1.52738,0,1.15869,1.69344,8.60408e+06,3.78701e+06,1.19554e+07,0,0,0,1.26659e+08
103.622,103.622,8.77105,0.5,0,3.05902,3.36256,0,0.57323,6.16896,4.14015e+06,2.83324e+06,1.26648e+07,0,0,0,0,62.3362,61.308,6.33912,1,1,1.38957,1.52746,0,1.07353,1.69344,8.60408e+06,3.78701e+06,1.1956e+07,0,0,0,1.26659e+08
103.622,103.622,8.17845,0.52,0,3.05918,3.36274,0,0.57326,6.16896,4.14015e+06,2.83324e+06,1.26655e+07,0,0,0,0,62.3362,61.308,5.74909,1,1,1.38965,1.52754,0,1.07359,1.69344,8.60408e+06,3.78701e+06,1.19566e+07,0,0,0,1.26659e+08
103.622,103.622,6.75035,0.55,0,3.05934,3.36291,0,0.57329,6.16896,4.14015e+06,2.83324e+06,1.26661e+07,0,0,0,0,62.3362,61.308,5.50944,1,1,1.38972,1.52762,0,1.07364,1.69344,8.60408e+06,3.78701e+06,1.19573e+07,0,0,0,1.26659e+08
103.622,103.622,5.71616,0.56,0,3.17128,3.48597,0,0.57332,6.16896,4.14015e+06,2.83324e+06,1.31296e+07,0,0,0,0,62.3362,61.308,6.55133,1,1,1.44569,1.58914,0,1.0737,1.69344,8.60408e+06,3.78701e+06,1.24388e+07,0,0,0,1.26659e+08
103.622,103.622,5.10553,0.57,0,3.17145,3.48615,0,0.594299,6.16896,4.14015e+06,2.83324e+06,1.31303e+07,0,0,0,0,62.3362,61.308,5.11822,1,1,1.44576,1.58922,0,1.11694,1.69344,8.60408e+06,3.78701e+06,1.24395e+07,0,0,0,1.26659e+08
103.622,103.622,4.40663,0.58,0,3.17161,3.48633,0,0.59433,6.16896,4.14015e+06,2.83324e+06,1.3131e+07,0,0,0,0,62.3362,61.308,4.24498,1,1,1.44584,1.58931,0,1.117,1.69344,8.60408e+06,3.78701e+06,1.24401e+07,0,0,0,1.26659e+08
103.622,103.622,4.55588,0.57,0,3.17178,3.48651,0,0.59436,6.16896,4.14015e+06,2.83324e+06,1.31316e+07,0,0,0,0,62.3362,61.308,5.48173,1,1,1.44591,1.58939,0,1.11705,1.69344,8.60408e+06,3.78701e+06,1.24408e+07,0,0,0,1.26659e+08
103.622,103.622,4.44092,0.55,0,3.12823,3.43864,0,0.594391,6.16896,4.14015e+06,2.83324e+06,1.29513e+07,0,0,0,0,62.3362,61.308,4.61853,1,1,1.42427,1.5656,0,1.11711,1.69344,8.60408e+06,3.78701e+06,1.22546e+07,0,0,0,1.26659e+08
103.622,103.622,3.54757,0.53,0,3.12839,3.43882,0,0.58623,6.16896,4.14015e+06,2.83324e+06,1.2952e+07,0,0,0,0,62.3362,61.308,3.85536,1,1,1.42435,1.56569,0,1.10039,1.69344,8.60408e+06,3.78701e+06,1.22552e+07,0,0,0,1.26659e+08
103.603,103.622,3.16737,0.48,0,3.12855,3.439,0,0.58626,6.16896,4.14015e+06,2.83324e+06,1.29527e+07,0,0,0,0,62.3362,61.308,3.16011,1,1,1.42442,1.56577,0,1.10045,1.69344,8.60408e+06,3.78701e+06,1.22558e+07,0,0,0,1.26659e+08
103.622,103.622,3.7242,0.46,0,3.12872,3.43917,0,0.586291,6.16896,4.14015e+06,2.83324e+06,1.29534e+07,0,0,0,0,62.3362,61.308,3.36083,1,1,1.4245,1.56585,0,1.10051,1.69344,8.60408e+06,3.78701e+06,1.22565e+07,0,0,0,1.26659e+08
103.622,103.622,3.65962,0.4,0,3.2773,3.60251,0,0.586321,6.16896,4.14015e+06,2.83324e+06,1.35685e+07,0,0,0,0,62.3362,61.308,4.06164,1,1,1.50159,1.65059,0,1.10057,1.69344,8.60408e+06,3.78701e+06,1.29198e+07,0,0,0,1.26659e+08
103.513,103.622,3.33456,0.36,0,3.53765,3.60269,0,0.614167,6.16896,4.14015e+06,2.83324e+06,1.46464e+07,0,0,0,0,62.3362,61.308,3.22508,1,1,1.62088,1.65068,0,1.16013,1.69344,8.60408e+06,3.78701e+06,1.39461e+07,0,0,0,1.26659e+08
103.086,103.622,2.97622,0.34,0,3.53783,3.60288,0,0.662956,6.16896,4.14015e+06,2.83324e+06,1.46472e+07,0,0,0,0,62.3362,61.308,2.82756,1,1,1.62096,1.65076,0,1.25229,1.69344,8.60408e+06,3.78701e+06,1.39469e+07,0,0,0,1.26659e+08
102.441,103.622,2.71365,0.25,0,3.53802,3.60307,0,0.66299,6.16896,4.14015e+06,2.83324e+06,1.46479e+07,0,0,0,0,62.3362,61.308,3.05307,1,1,1.62105,1.65085,0,1.25235,1.69344,8.60408e+06,3.78701e+06,1.39476e+07,0,0,0,1.26659e+08
101.423,103.622,2.17688,0.23,0,3.5382,3.60326,0,0.663025,6.16896,4.14015e+06,2.83324e+06,1.46487e+07,0,0,0,0,62.1442,61.308,2.39392,1,1,1.62113,1.65094,0,1.25242,1.69344,8.60408e+06,3.78701e+06,1.39483e+07,0,0,0,1.26659e+08
100.241,103.622,1.94775,0.21,0,3.5067,3.57117,0,0.663059,6.16896,4.14015e+06,2.83324e+06,1.45183e+07,0,0,0,0,61.835,61.308,2.15972,1,1,1.66692,1.69757,0,1.25248,1.69344,8.60408e+06,3.78701e+06,1.43423e+07,0,0,0,1.26659e+08
98.9222,103.622,1.79565,0.17,0,3.50688,3.57136,0,0.657155,6.16896,4.14015e+06,2.83324e+06,1.4519e+07,0,0,0,0,61.5114,61.308,2.17324,1,1,1.667,1.69765,0,1.28786,1.69344,8.60408e+06,3.78701e+06,1.4343e+07,0,0,0,1.26659e+08
97.4827,103.622,1.64777,0.17,0,3.50706,3.57154,0,0.657189,6.16896,4.14015e+06,2.83324e+06,1.45198e+07,0,0,0,0,61.1493,61.308,1.90575,1,1,1.66709,1.69774,0,1.28793,1.69344,8.60408e+06,3.78701e+06,1.43438e+07,0,0,0,1.26659e+08
95.9916,103.622,1.54248,0.16,0,3.50724,3.57173,0,0.657223,6.16896,4.14015e+06,2.83324e+06,1.45205e+07,0,0,0,0,60.7336,61.308,1.86592,1,1,1.66718,1.69783,0,1.28799,1.69344,8.60408e+06,3.78701e+06,1.43445e+07,0,0,0,1.26659e+08
94.5209,103.622,1.57182,0.19,0,3.58928,3.65528,0,0.657257,6.16896,4.14015e+06,2.83324e+06,1.48602e+07,0,0,0,0,60.2906,61.308,1.89935,1,1,1.69344,1.73941,0.0145651,1.28806,1.69344,8.60408e+06,3.78701e+06,1.45705e+07,0,0,0,1.26659e+08
92.9076,103.622,1.40499,0.18,0,3.58947,3.65547,0,0.672631,6.16896,4.14015e+06,2.83324e+06,1.48609e+07,0,0,0,0,59.7676,61.308,1.77246,1,1,1.69344,1.7395,0.014654,1.30835,1.69344,8.60408e+06,3.78701e+06,1.45705e+07,0,0,0,1.26659e+08
91.2013,103.622,1.28325,0.17,0,3.58966,3.65566,0,0.672666,6.16896,4.14015e+06,2.83324e+06,1.48617e+07,0,0,0,0,59.2218,61.308,1.67656,1,1,1.69344,1.73959,0.0147429,1.30835,1.69344,8.60408e+06,3.78701e+06,1.45705e+07,0,0,0,1.26659e+08
89.3605,103.622,1.10456,0.18,0,3.58984,3.65585,0,0.672701,6.16896,4.14015e+06,2.83324e+06,1.48625e+07,0,0,0,0,58.7403,61.308,1.66369,1,1,1.69344,1.73968,0.0148319,1.30835,1.69344,8.60408e+06,3.78701e+06,1.45705e+07,0,0,0,1.26659e+08
87.2421,103.622,0.946078,0.24,0,3.82979,3.90021,0,0.672736,6.16896,4.14015e+06,2.83324e+06,1.58559e+07,0,0,0,0,58.2064,61.308,1.73894,1,1,1.69344,1.88956,0.162003,1.30835,1.69344,8.60408e+06,3.78701e+06,1.45705e+07,0,0,0,1.26659e+08
85.059,103.622,0.837505,0.24,0,3.82999,3.90041,0,0.717703,6.16896,4.14015e+06,2.83324e+06,1.58567e+07,0,0,0,0,57.6565,61.308,1.63626,1,1,1.69344,1.88966,0.1621,1.30835,1.69344,8.60408e+06,3.78701e+06,1.45705e+07,0,0,0,1.26659e+08
82.9999,103.622,0.9288,0.25,0,3.83019,3.90061,0,0.71774,6.16896,4.14015e+06,2.83324e+06,1.58576e+07,0,0,0,0,57.1183,61.308,1.68101,1,1,1.69344,1.88975,0.162196,1.30835,1.69344,8.60408e+06,3.78701e+06,1.45705e+07,0,0,0,1.26659e+08
81.4467,103.622,1.45351,0.24,0,3.83039,3.90082,0,0.717778,6.16896,4.14015e+06,2.83324e+06,1.58584e+07,0,0,0,0,56.6819,61.308,2.04821,1,1,1.69344,1.88985,0.162293,1.30835,1.69344,8.60408e+06,3.78701e+06,1.45705e+07,0,0,0,1.26659e+08
79.9411,103.622,1.43895,0.28,0,3.83059,3.90102,0,0.717815,6.16896,4.14015e+06,2.83324e+06,1.58592e+07,0,0,0,0,56.0339,61.308,1.79557,1,1,1.69344,1.88995,0.16239,1.30835,1.69344,8.60408e+06,3.78701e+06,1.45705e+07,0,0,0,1.26659e+08
77.9305,103.622,0.811438,0.29,0,3.71391,3.78219,0,0.717852,6.16896,4.14015e+06,2.83324e+06,1.53761e+07,0,0,0,0,55.2628,61.308,1.37634,1,1,1.69344,1.79911,0.0731894,1.30835,1.69344,8.60408e+06,3.78701e+06,1.45705e+07,0,0,0,1.26659e+08
76.1626,103.622,1.03815,0.3,0,3.7141,3.78239,0,0.695986,6.16896,4.14015e+06,2.83324e+06,1.53769e+07,0,0,0,0,54.6469,61.308,1.46739,1,1,1.69344,1.7992,0.0732812,1.30835,1.69344,8.60408e+06,3.78701e+06,1.45705e+07,0,0,0,1.26659e+08
74.8465,103.622,1.51109,0.31,0,3.71429,3.78259,0,0.696022,6.16896,4.14015e+06,2.83324e+06,1.53777e+07,0,0,0,0,54.2478,61.308,2.46336,1,1,1.69344,1.7993,0.0733733,1.30835,1.69344,8.60408e+06,3.78701e+06,1.45705e+07,0,0,0,1.26659e+08
73.4765,103.622,1.46401,0.37,0,3.71449,3.78278,0,0.696059,6.16896,4.14015e+06,2.83324e+06,1.53785e+07,0,0,0,0,53.7796,61.308,2.07201,1,1,1.69344,1.79939,0.0734651,1.30835,1.69344,8.60408e+06,3.78701e+06,1.45705e+07,0,0,0,1.26659e+08
72.3787,103.622,1.72623,0.38,0,3.61872,3.68526,0,0.696095,6.16896,4.14015e+06,2.83324e+06,1.49821e+07,0,0,0,0,53.235,61.308,2.07582,1,1,1.6857,1.71669,0,1.30835,1.69344,8.60408e+06,3.78701e+06,1.45039e+07,0,0,0,1.26659e+08
70.8408,103.622,1.20894,0.38,0,3.61891,3.68545,0,0.678148,6.16896,4.14015e+06,2.83324e+06,1.49828e+07,0,0,0,0,52.6791,61.308,1.43903,1,1,1.68579,1.71678,0,1.30237,1.69344,8.60408e+06,3.78701e+06,1.45046e+07,0,0,0,1.26659e+08
69.8167,103.622,1.77234,0.39,0,3.6191,3.68564,0,0.678184,6.16896,4.14015e+06,2.83324e+06,1.49836e+07,0,0,0,0,52.3341,61.308,2.30147,1,1,1.68587,1.71687,0,1.30244,1.69344,8.60408e+06,3.78701e+06,1.45054e+07,0,0,0,1.26659e+08
70.5131,103.622,3.45824,0.4,0,3.35311,3.68583,0,0.678219,6.16896,4.14015e+06,2.83324e+06,1.38824e+07,0,0,0,0,52.5088,61.308,2.98751,1,1,1.56197,1.71696,0,1.30251,1.69344,8.60408e+06,3.78701e+06,1.34393e+07,0,0,0,1.26659e+08
71.5499,103.622,3.63036,0.41,0,3.10074,3.40842,0,0.628372,6.16896,4.14015e+06,2.83324e+06,1.28375e+07,0,0,0,0,52.8797,61.308,3.21024,1,1,1.40515,1.54458,0,1.20678,1.69344,8.60408e+06,3.78701e+06,1.209e+07,0,0,0,1.26659e+08
72.3938,103.622,3.49418,0.41,0,3.1009,3.4086,0,0.581079,6.16896,4.14015e+06,2.83324e+06,1.28382e+07,0,0,0,0,53.2292,61.308,2.80536,1,1,1.40522,1.54466,0,1.08562,1.69344,8.60408e+06,3.78701e+06,1.20906e+07,0,0,0,1.26659e+08
72.4276,103.622,2.70572,0.41,0,3.10106,3.40878,0,0.581109,6.16896,4.14015e+06,2.83324e+06,1.28389e+07,0,0,0,0,53.289,61.308,3.43781,1,1,1.40529,1.54474,0,1.08567,1.69344,8.60408e+06,3.78701e+06,1.20912e+07,0,0,0,1.26659e+08
71.6536,103.622,1.78326,0.43,0,3.10122,3.40895,0,0.581139,6.16896,4.14015e+06,2.83324e+06,1.28395e+07,0,0,0,0,53.1461,61.308,1.76082,1,1,1.40537,1.54482,0,1.08573,1.69344,8.60408e+06,3.78701e+06,1.20919e+07,0,0,0,1.26659e+08
72.6702,103.622,3.74952,0.44,0,3.10139,3.40913,0,0.581169,6.16896,4.14015e+06,2.83324e+06,1.28402e+07,0,0,0,0,52.9955,61.308,2.06852,1,1,1.40544,1.5449,0,1.08579,1.69344,8.60408e+06,3.78701e+06,1.20925e+07,0,0,0,1.26659e+08
74.4082,103.622,4.60324,0.45,0,3.1987,3.5161,0,0.5812,6.16896,4.14015e+06,2.83324e+06,1.32431e+07,0,0,0,0,53.1942,61.308,3.03016,1,1,1.45095,1.59493,0,1.08584,1.69344,8.60408e+06,3.78701e+06,1.24841e+07,0,0,0,1.26659e+08
77.3891,103.622,6.02339,0.48,0,3.19884,3.51625,0,0.599436,6.16896,4.14015e+06,2.83324e+06,1.32437e+07,0,0,0,0,53.8142,61.308,4.00117,1,1,1.45101,1.595,0,1.121,1.69344,8.60408e+06,3.78701e+06,1.24846e+07,0,0,0,1.26659e+08
78.8926,103.622,4.41022,0.45,0,3.19897,3.51641,0,0.599462,6.16896,4.14015e+06,2.83324e+06,1.32442e+07,0,0,0,0,54.5989,61.308,4.58337,1,1,1.45108,1.59507,0,1.12105,1.69344,8.60408e+06,3.78701e+06,1.24852e+07,0,0,0,1.26659e+08
79.1563,103.622,3.12362,0.49,0,3.19911,3.51656,0,0.599488,6.16896,4.14015e+06,2.83324e+06,1.32448e+07,0,0,0,0,54.9312,61.308,3.09067,1,1,1.45114,1.59514,0,1.1211,1.69344,8.60408e+06,3.78701e+06,1.24857e+07,0,0,0,1.26659e+08
80.8499,103.622,4.95055,0.5,0,3.5113,3.85972,0,0.599514,6.16896,4.14015e+06,2.83324e+06,1.45373e+07,0,0,0,0,55.2247,61.308,3.49887,1,1,1.62183,1.78277,0,1.12115,1.69344,8.60408e+06,3.78701e+06,1.39544e+07,0,0,0,1.26659e+08
83.0944,103.622,5.64517,0.53,0,3.51145,3.85989,0,0.658018,6.16896,4.14015e+06,2.83324e+06,1.4538e+07,0,0,0,0,55.655,61.308,4.04991,1,1,1.62191,1.78284,0,1.25303,1.69344,8.60408e+06,3.78701e+06,1.3955e+07,0,0,0,1.26659e+08
86.0475,103.622,6.5785,0.49,0,3.51161,3.86006,0,0.658046,6.16896,4.14015e+06,2.83324e+06,1.45386e+07,0,0,0,0,56.1607,61.308,4.01348,1,1,1.62198,1.78292,0,1.25308,1.69344,8.60408e+06,3.78701e+06,1.39556e+07,0,0,0,1.26659e+08
89.0719,103.622,6.77596,0.53,0,3.51176,3.86023,0,0.658075,6.16896,4.14015e+06,2.83324e+06,1.45392e+07,0,0,0,0,56.5912,61.308,5.35881,1,1,1.62205,1.783,0,1.25314,1.69344,8.60408e+06,3.78701e+06,1.39562e+07,0,0,0,1.26659e+08
89.5405,103.622,3.67941,0.56,0,3.06676,3.37107,0,0.658104,6.16896,4.14015e+06,2.83324e+06,1.26968e+07,0,0,0,0,56.493,61.308,2.09085,1,1,1.39309,1.53132,0,1.25319,1.69344,8.60408e+06,3.78701e+06,1.19862e+07,0,0,0,1.26659e+08
90.8481,103.622,4.56242,0.59,0,3.06689,3.37121,0,0.57471,6.16896,4.14015e+06,2.83324e+06,1.26974e+07,0,0,0,0,56.9154,61.308,2.30254,1,1,1.39315,1.53139,0,1.0763,1.69344,8.60408e+06,3.78701e+06,1.19868e+07,0,0,0,1.26659e+08
92.9095,103.622,5.49443,0.56,0,3.06702,3.37136,0,0.574735,6.16896,4.14015e+06,2.83324e+06,1.26979e+07,0,0,0,0,57.8994,61.308,3.6072,1,1,1.39321,1.53146,0,1.07635,1.69344,8.60408e+06,3.78701e+06,1.19873e+07,0,0,0,1.26659e+08
94.9863,103.622,5.51599,0.58,0,3.06716,3.37151,0,0.57476,6.16896,4.14015e+06,2.83324e+06,1.26985e+07,0,0,0,0,58.9689,61.308,5.87828,1,1,1.39327,1.53152,0,1.07639,1.69344,8.60408e+06,3.78701e+06,1.19878e+07,0,0,0,1.26659e+08
97.8573,103.622,6.65024,0.62,0,3.06729,3.37165,0,0.574785,6.16896,4.14015e+06,2.83324e+06,1.2699e+07,0,0,0,0,60.4156,61.308,5.42959,1,1,1.39333,1.53159,0,1.07644,1.69344,8.60408e+06,3.78701e+06,1.19883e+07,0,0,0,1.26659e+08
99.996,103.622,5.69105,0.56,0,3.1795,3.495,0,0.57481,6.16896,4.14015e+06,2.83324e+06,1.31636e+07,0,0,0,0,61.1204,61.308,4.14429,1,1,1.44943,1.59326,0,1.07649,1.69344,8.60408e+06,3.78701e+06,1.2471e+07,0,0,0,1.26659e+08
101.702,103.622,5.1959,0.57,0,3.17964,3.49515,0,0.595838,6.16896,4.14015e+06,2.83324e+06,1.31642e+07,0,0,0,0,61.6077,61.308,3.5358,1,1,1.4495,1.59333,0,1.11983,1.69344,8.60408e+06,3.78701e+06,1.24716e+07,0,0,0,1.26659e+08
102.965,103.622,4.68992,0.56,0,3.17978,3.4953,0,0.595864,6.16896,4.14015e+06,2.83324e+06,1.31648e+07,0,0,0,0,61.9182,61.308,2.96991,1,1,1.44956,1.5934,0,1.11988,1.69344,8.60408e+06,3.78701e+06,1.24721e+07,0,0,0,1.26659e+08
103.622,103.622,4.00955,0.56,0,3.17992,3.49546,0,0.59589,6.16896,4.14015e+06,2.83324e+06,1.31653e+07,0,0,0,0,62.2784,61.308,3.12487,1,1,1.44962,1.59347,0,1.11993,1.69344,8.60408e+06,3.78701e+06,1.24727e+07,0,0,0,1.26659e+08
103.622,103.622,3.70017,0.54,0,3.13622,3.44743,0,0.595916,6.16896,4.14015e+06,2.83324e+06,1.29844e+07,0,0,0,0,62.3362,61.308,3.31361,1,1,1.42792,1.56961,0,1.11998,1.69344,8.60408e+06,3.78701e+06,1.22859e+07,0,0,0,1.26659e+08
103.622,103.622,3.58732,0.53,0,3.13636,3.44758,0,0.587729,6.16896,4.14015e+06,2.83324e+06,1.2985e+07,0,0,0,0,62.3362,61.308,2.86293,1,1,1.42798,1.56967,0,1.10321,1.69344,8.60408e+06,3.78701e+06,1.22864e+07,0,0,0,1.26659e+08
103.528,103.622,3.10884,0.48,0,3.1365,3.44773,0,0.587754,6.16896,4.14015e+06,2.83324e+06,1.29856e+07,0,0,0,0,62.3362,61.308,2.9185,1,1,1.42804,1.56974,0,1.10326,1.69344,8.60408e+06,3.78701e+06,1.2287e+07,0,0,0,1.26659e+08
103.105,103.622,2.67179,0.43,0,3.13663,3.44788,0,0.58778,6.16896,4.14015e+06,2.83324e+06,1.29861e+07,0,0,0,0,62.3362,61.308,2.93664,1,1,1.4281,1.56981,0,1.1033,1.69344,8.60408e+06,3.78701e+06,1.22875e+07,0,0,0,1.26659e+08
102.432,103.622,2.7175,0.39,0,3.54639,3.61159,0,0.587805,6.16896,4.14015e+06,2.83324e+06,1.46826e+07,0,0,0,0,62.3362,61.308,2.90182,1,1,1.62488,1.65476,0,1.10335,1.69344,8.60408e+06,3.78701e+06,1.39806e+07,0,0,0,1.26659e+08
101.701,103.622,2.58586,0.36,0,3.54654,3.61175,0,0.664593,6.16896,4.14015e+06,2.83324e+06,1.46832e+07,0,0,0,0,62.2673,61.308,2.55561,1,1,1.62495,1.65483,0,1.25538,1.69344,8.60408e+06,3.78701e+06,1.39812e+07,0,0,0,1.26659e+08
100.945,103.622,2.53419,0.31,0,3.5467,3.61191,0,0.664622,6.16896,4.14015e+06,2.83324e+06,1.46839e+07,0,0,0,0,62.1997,61.308,2.59233,1,1,1.62502,1.6549,0,1.25544,1.69344,8.60408e+06,3.78701e+06,1.39818e+07,0,0,0,1.26659e+08
99.9535,103.622,2.2789,0.25,0,3.54685,3.61207,0,0.664651,6.16896,4.14015e+06,2.83324e+06,1.46845e+07,0,0,0,0,62.1047,61.308,2.6428,1,1,1.62509,1.65497,0,1.25549,1.69344,8.60408e+06,3.78701e+06,1.39824e+07,0,0,0,1.26659e+08
99.4858,103.622,2.77349,0.23,0,3.54701,3.61222,0,0.66468,6.16896,4.14015e+06,2.83324e+06,1.46851e+07,0,0,0,0,61.9852,61.308,2.46218,1,1,1.62516,1.65504,0,1.25555,1.69344,8.60408e+06,3.78701e+06,1.3983e+07,0,0,0,1.26659e+08
99.3924,103.622,3.10584,0.21,0,3.51539,3.58003,0,0.664709,6.16896,4.14015e+06,2.83324e+06,1.45543e+07,0,0,0,0,61.844,61.308,2.47753,1,1,1.67105,1.70178,0,1.2556,1.69344,8.60408e+06,3.78701e+06,1.43779e+07,0,0,0,1.26659e+08
99.0053,103.622,2.81026,0.16,0,3.51554,3.58018,0,0.658784,6.16896,4.14015e+06,2.83324e+06,1.45549e+07,0,0,0,0,61.6113,61.308,2.22064,1,1,1.67112,1.70185,0,1.29105,1.69344,8.60408e+06,3.78701e+06,1.43785e+07,0,0,0,1.26659e+08
98.4691,103.622,2.63049,0.17,0,3.5157,3.58034,0,0.658813,6.16896,4.14015e+06,2.83324e+06,1.45555e+07,0,0,0,0,61.3853,61.308,2.24707,1,1,1.6712,1.70192,0,1.29111,1.69344,8.60408e+06,3.78701e+06,1.43791e+07,0,0,0,1.26659e+08
97.8345,103.622,2.49273,0.16,0,3.51585,3.58049,0,0.658842,6.16896,4.14015e+06,2.83324e+06,1.45562e+07,0,0,0,0,61.0638,61.308,2.03493,1,1,1.67127,1.702,0,1.29117,1.69344,8.60408e+06,3.78701e+06,1.43797e+07,0,0,0,1.26659e+08
96.9666,103.622,2.29393,0.16,0,3.59806,3.66422,0,0.658871,6.16896,4.14015e+06,2.83324e+06,1.48965e+07,0,0,0,0,60.7112,61.308,1.90674,1,1,1.69344,1.74366,0.0187426,1.29122,1.69344,8.60408e+06,3.78701e+06,1.45705e+07,0,0,0,1.26659e+08
96.0041,103.622,2.18226,0.15,0,3.59822,3.66438,0,0.674277,6.16896,4.14015e+06,2.83324e+06,1.48972e+07,0,0,0,0,60.2954,61.308,1.96944,1,1,1.69344,1.74374,0.0188172,1.30835,1.69344,8.60408e+06,3.78701e+06,1.45705e+07,0,0,0,1.26659e+08
94.9293,103.622,2.03197,0.16,0,3.59837,3.66453,0,0.674306,6.16896,4.14015e+06,2.83324e+06,1.48978e+07,0,0,0,0,59.8397,61.308,1.80609,1,1,1.69344,1.74382,0.0188917,1.30835,1.69344,8.60408e+06,3.78701e+06,1.45705e+07,0,0,0,1.26659e+08
93.8443,103.622,2.02035,0.17,0,3.59853,3.66469,0,0.674335,6.16896,4.14015e+06,2.83324e+06,1.48985e+07,0,0,0,0,59.426,61.308,1.9351,1,1,1.69344,1.74389,0.0189662,1.30835,1.69344,8.60408e+06,3.78701e+06,1.45705e+07,0,0,0,1.26659e+08
92.6009,103.622,1.97688,0.18,0,3.83903,3.90961,0,0.674365,6.16896,4.14015e+06,2.83324e+06,1.58942e+07,0,0,0,0,58.9518,61.308,1.84409,1,1,1.69344,1.89411,0.166478,1.30835,1.69344,8.60408e+06,3.78701e+06,1.45705e+07,0,0,0,1.26659e+08
91.1375,103.622,1.70472,0.19,0,3.8392,3.90978,0,0.719434,6.16896,4.14015e+06,2.83324e+06,1.58949e+07,0,0,0,0,58.4,61.308,1.67023,1,1,1.69344,1.8942,0.166559,1.30835,1.69344,8.60408e+06,3.78701e+06,1.45705e+07,0,0,0,1.26659e+08
89.7266,103.622,1.73304,0.19,0,3.83936,3.90995,0,0.719465,6.16896,4.14015e+06,2.83324e+06,1.58955e+07,0,0,0,0,57.9078,61.308,1.6015,1,1,1.69344,1.89428,0.16664,1.30835,1.69344,8.60408e+06,3.78701e+06,1.45705e+07,0,0,0,1.26659e+08
89.0772,103.622,2.51249,0.24,0,3.83953,3.91012,0,0.719497,6.16896,4.14015e+06,2.83324e+06,1.58962e+07,0,0,0,0,57.5,61.308,1.92006,1,1,1.69344,1.89436,0.166721,1.30835,1.69344,8.60408e+06,3.78701e+06,1.45705e+07,0,0,0,1.26659e+08
89.7201,103.622,3.96345,0.24,0,3.8397,3.91029,0,0.719528,6.16896,4.14015e+06,2.83324e+06,1.58969e+07,0,0,0,0,57.4655,61.308,2.67988,1,1,1.69344,1.89444,0.166802,1.30835,1.69344,8.60408e+06,3.78701e+06,1.45705e+07,0,0,0,1.26659e+08
89.5111,103.622,3.05835,0.24,0,3.72271,3.79115,0,0.719559,6.16896,4.14015e+06,2.83324e+06,1.54126e+07,0,0,0,0,57.4411,61.308,2.95512,1,1,1.69344,1.80337,0.0773747,1.30835,1.69344,8.60408e+06,3.78701e+06,1.45705e+07,0,0,0,1.26659e+08
91.6304,103.622,5.58254,0.24,0,3.72287,3.79132,0,0.697635,6.16896,4.14015e+06,2.83324e+06,1.54132e+07,0,0,0,0,58.0403,61.308,5.42897,1,1,1.69344,1.80345,0.0774518,1.30835,1.69344,8.60408e+06,3.78701e+06,1.45705e+07,0,0,0,1.26659e+08
90.9952,103.622,2.613,0.21,0,3.72303,3.79148,0,0.697665,6.16896,4.14015e+06,2.83324e+06,1.54139e+07,0,0,0,0,57.9909,61.308,2.85924,1,1,1.69344,1.80353,0.0775289,1.30835,1.69344,8.60408e+06,3.78701e+06,1.45705e+07,0,0,0,1.26659e+08
90.904,103.622,3.20495,0.21,0,3.72319,3.79165,0,0.697696,6.16896,4.14015e+06,2.83324e+06,1.54146e+07,0,0,0,0,58.1695,61.308,3.17501,1,1,1.69344,1.80361,0.077606,1.30835,1.69344,8.60408e+06,3.78701e+06,1.45705e+07,0,0,0,1.26659e+08
90.2951,103.622,2.66792,0.21,0,3.62717,3.69386,0,0.697726,6.16896,4.14015e+06,2.83324e+06,1.5017e+07,0,0,0,0,58.2811,61.308,3.47419,1,1,1.68963,1.7207,0,1.30835,1.69344,8.60408e+06,3.78701e+06,1.45377e+07,0,0,0,1.26659e+08
90.3239,103.622,3.35332,0.21,0,3.62733,3.69402,0,0.679732,6.16896,4.14015e+06,2.83324e+06,1.50177e+07,0,0,0,0,58.6953,61.308,3.70007,1,1,1.68971,1.72077,0,1.30541,1.69344,8.60408e+06,3.78701e+06,1.45384e+07,0,0,0,1.26659e+08
91.3078,103.622,4.40594,0.2,0,3.62749,3.69418,0,0.679761,6.16896,4.14015e+06,2.83324e+06,1.50183e+07,0,0,0,0,59.0738,61.308,4.02721,1,1,1.68978,1.72085,0,1.30547,1.69344,8.60408e+06,3.78701e+06,1.4539e+07,0,0,0,1.26659e+08
92.0039,103.622,4.37882,0.21,0,3.62764,3.69434,0,0.679791,6.16896,4.14015e+06,2.83324e+06,1.5019e+07,0,0,0,0,60.4806,61.308,5.12763,1,1,1.68985,1.72092,0,1.30552,1.69344,8.60408e+06,3.78701e+06,1.45396e+07,0,0,0,1.26659e+08
93.8964,103.622,5.42234,0.2,0,3.35459,3.41627,0,0.679821,6.16896,4.14015e+06,2.83324e+06,1.38885e+07,0,0,0,0,62.3362,61.308,7.65341,1,1,1.52018,1.54813,0,1.30558,1.69344,8.60408e+06,3.78701e+06,1.30798e+07,0,0,0,1.26659e+08
94.2754,103.622,3.78127,0.21,0,3.35473,3.41641,0,0.62865,6.16896,4.14015e+06,2.83324e+06,1.38891e+07,0,0,0,0,62.3362,61.308,5.51315,1,1,1.52025,1.5482,0,1.17449,1.69344,8.60408e+06,3.78701e+06,1.30803e+07,0,0,0,1.26659e+08
93.8949,103.622,3.01973,0.23,0,3.35488,3.41656,0,0.628677,6.16896,4.14015e+06,2.83324e+06,1.38897e+07,0,0,0,0,62.3362,61.308,3.66202,1,1,1.52031,1.54827,0,1.17454,1.69344,8.60408e+06,3.78701e+06,1.30809e+07,0,0,0,1.26659e+08
95.1086,103.622,4.7382,0.27,0,3.35503,3.41671,0,0.628704,6.16896,4.14015e+06,2.83324e+06,1.38903e+07,0,0,0,0,62.3362,61.308,5.99117,1,1,1.52038,1.54833,0,1.17459,1.69344,8.60408e+06,3.78701e+06,1.30815e+07,0,0,0,1.26659e+08
97.3944,103.622,6.18785,0.3,0,3.35517,3.41686,0,0.628732,6.16896,4.14015e+06,2.83324e+06,1.38909e+07,0,0,0,0,62.3362,61.308,6.85164,1,1,1.52045,1.5484,0,1.17464,1.69344,8.60408e+06,3.78701e+06,1.3082e+07,0,0,0,1.26659e+08
103.622,103.622,11.7006,0.25,0,3.46042,3.52404,0,0.628759,6.16896,4.14015e+06,2.83324e+06,1.43266e+07,0,0,0,0,62.3362,61.308,13.128,1,1,1.56967,1.59853,0,1.1747,1.69344,8.60408e+06,3.78701e+06,1.35056e+07,0,0,0,1.26659e+08
103.622,103.622,9.36908,0.26,0,3.46054,3.52416,0,0.648482,6.16896,4.14015e+06,2.83324e+06,1.43271e+07,0,0,0,0,62.3362,61.308,12.1341,1,1,1.56972,1.59858,0,1.21273,1.69344,8.60408e+06,3.78701e+06,1.3506e+07,0,0,0,1.26659e+08
103.622,103.622,10.3965,0.28,0,3.46066,3.52429,0,0.648504,6.16896,4.14015e+06,2.83324e+06,1.43276e+07,0,0,0,0,62.3362,61.308,13.8097,1,1,1.56978,1.59864,0,1.21277,1.69344,8.60408e+06,3.78701e+06,1.35065e+07,0,0,0,1.26659e+08
103.622,103.622,11.3845,0.28,0,3.46078,3.52441,0,0.648527,6.16896,4.14015e+06,2.83324e+06,1.43281e+07,0,0,0,0,62.3362,61.308,14.1446,1,1,1.56983,1.5987,0,1.21281,1.69344,8.60408e+06,3.78701e+06,1.3507e+07,0,0,0,1.26659e+08
103.622,103.622,9.57774,0.29,0,3.79847,3.86831,0,0.64855,6.16896,4.14015e+06,2.83324e+06,1.57262e+07,0,0,0,0,62.3362,61.308,10.2209,1,1,1.69344,1.78673,0.0610336,1.21285,1.69344,8.60408e+06,3.78701e+06,1.45705e+07,0,0,0,1.26659e+08
103.622,103.622,9.76895,0.29,0,3.7986,3.86844,0,0.711833,6.16896,4.14015e+06,2.83324e+06,1.57268e+07,0,0,0,0,62.3362,61.308,11.519,1,1,1.69344,1.78679,0.0610949,1.30835,1.69344,8.60408e+06,3.78701e+06,1.45705e+07,0,0,0,1.26659e+08
103.622,103.622,9.49648,0.31,0,3.79873,3.86858,0,0.711858,6.16896,4.14015e+06,2.83324e+06,1.57273e+07,0,0,0,0,62.3362,61.308,12.8896,1,1,1.69344,1.78686,0.0611564,1.30835,1.69344,8.60408e+06,3.78701e+06,1.45705e+07,0,0,0,1.26659e+08
103.622,103.622,8.65501,0.33,0,3.79887,3.86871,0,0.711883,6.16896,4.14015e+06,2.83324e+06,1.57279e+07,0,0,0,0,62.3362,61.308,10.5999,1,1,1.69344,1.78692,0.0612177,1.30835,1.69344,8.60408e+06,3.78701e+06,1.45705e+07,0,0,0,1.26659e+08
103.622,103.622,8.1571,0.36,0,3.31745,3.37845,0,0.711907,6.16896,4.14015e+06,2.83324e+06,1.37348e+07,0,0,0,0,62.3362,61.308,6.77269,1,1,1.50697,1.53468,0,1.30835,1.69344,8.60408e+06,3.78701e+06,1.29661e+07,0,0,0,1.26659e+08
103.622,103.622,7.93484,0.39,0,3.31757,3.37856,0,0.62169,6.16896,4.14015e+06,2.83324e+06,1.37352e+07,0,0,0,0,62.3362,61.308,7.45889,1,1,1.50702,1.53473,0,1.16428,1.69344,8.60408e+06,3.78701e+06,1.29665e+07,0,0,0,1.26659e+08
103.622,103.622,8.58499,0.48,0,3.07368,3.37868,0,0.621712,6.16896,4.14015e+06,2.83324e+06,1.27255e+07,0,0,0,0,62.3362,61.308,9.24459,1,1,1.39624,1.53478,0,1.16432,1.69344,8.60408e+06,3.78701e+06,1.20133e+07,0,0,0,1.26659e+08
103.622,103.622,7.83567,0.5,0,3.07379,3.3788,0,0.576008,6.16896,4.14015e+06,2.83324e+06,1.2726e+07,0,0,0,0,62.3362,61.308,7.8007,1,1,1.39629,1.53484,0,1.07873,1.69344,8.60408e+06,3.78701e+06,1.20137e+07,0,0,0,1.26659e+08
103.622,103.622,7.96569,0.52,0,3.0739,3.37892,0,0.576029,6.16896,4.14015e+06,2.83324e+06,1.27264e+07,0,0,0,0,62.3362,61.308,11.2842,1,1,1.39633,1.53489,0,1.07877,1.69344,8.60408e+06,3.78701e+06,1.20142e+07,0,0,0,1.26659e+08
103.622,103.622,6.74438,0.54,0,3.18632,3.5025,0,0.576049,6.16896,4.14015e+06,2.83324e+06,1.31919e+07,0,0,0,0,62.3362,61.308,7.42157,1,1,1.45254,1.59668,0,1.07881,1.69344,8.60408e+06,3.78701e+06,1.24978e+07,0,0,0,1.26659e+08
103.622,103.622,8.32709,0.55,0,3.18644,3.50262,0,0.597117,6.16896,4.14015e+06,2.83324e+06,1.31923e+07,0,0,0,0,62.3362,61.308,7.70716,1,1,1.45259,1.59673,0,1.12224,1.69344,8.60408e+06,3.78701e+06,1.24982e+07,0,0,0,1.26659e+08
103.622,103.622,7.70697,0.56,0,3.18655,3.50275,0,0.597138,6.16896,4.14015e+06,2.83324e+06,1.31928e+07,0,0,0,0,62.3362,61.308,8.44862,1,1,1.45265,1.59679,0,1.12227,1.69344,8.60408e+06,3.78701e+06,1.24987e+07,0,0,0,1.26659e+08
103.622,103.622,5.97405,0.55,0,3.18666,3.50287,0,0.597159,6.16896,4.14015e+06,2.83324e+06,1.31933e+07,0,0,0,0,62.3362,61.308,6.89195,1,1,1.4527,1.59685,0,1.12231,1.69344,8.60408e+06,3.78701e+06,1.24991e+07,0,0,0,1.26659e+08
103.622,103.622,5.55026,0.52,0,3.14285,3.45471,0,0.59718,6.16896,4.14015e+06,2.83324e+06,1.30119e+07,0,0,0,0,62.3362,61.308,5.28886,1,1,1.43093,1.57292,0,1.12235,1.69344,8.60408e+06,3.78701e+06,1.23118e+07,0,0,0,1.26659e+08
103.622,103.622,5.23783,0.51,0,3.14296,3.45483,0,0.58897,6.16896,4.14015e+06,2.83324e+06,1.30123e+07,0,0,0,0,62.3362,61.308,5.1655,1,1,1.43098,1.57298,0,1.10554,1.69344,8.60408e+06,3.78701e+06,1.23123e+07,0,0,0,1.26659e+08
103.622,103.622,5.05277,0.46,0,3.14307,3.45495,0,0.58899,6.16896,4.14015e+06,2.83324e+06,1.30128e+07,0,0,0,0,62.3362,61.308,6.24638,1,1,1.43103,1.57303,0,1.10558,1.69344,8.60408e+06,3.78701e+06,1.23127e+07,0,0,0,1.26659e+08
103.622,103.622,4.64655,0.43,0,3.14318,3.45507,0,0.589011,6.16896,4.14015e+06,2.83324e+06,1.30132e+07,0,0,0,0,62.3362,61.308,5.30164,1,1,1.43108,1.57309,0,1.10562,1.69344,8.60408e+06,3.78701e+06,1.23131e+07,0,0,0,1.26659e+08
103.622,103.622,4.64338,0.38,0,3.55376,3.6191,0,0.589032,6.16896,4.14015e+06,2.83324e+06,1.47131e+07,0,0,0,0,62.3362,61.308,5.52879,1,1,1.62826,1.65819,0,1.10565,1.69344,8.60408e+06,3.78701e+06,1.40096e+07,0,0,0,1.26659e+08
103.622,103.622,4.42342,0.34,0,3.55388,3.61922,0,0.665974,6.16896,4.14015e+06,2.83324e+06,1.47136e+07,0,0,0,0,62.3362,61.308,4.8817,1,1,1.62831,1.65825,0,1.25799,1.69344,8.60408e+06,3.78701e+06,1.40101e+07,0,0,0,1.26659e+08
103.622,103.622,4.30026,0.32,0,3.55401,3.61935,0,0.665997,6.16896,4.14015e+06,2.83324e+06,1.47141e+07,0,0,0,0,62.3362,61.308,4.38301,1,1,1.62837,1.65831,0,1.25803,1.69344,8.60408e+06,3.78701e+06,1.40106e+07,0,0,0,1.26659e+08
103.622,103.622,3.95687,0.23,0,3.55413,3.61948,0,0.666021,6.16896,4.14015e+06,2.83324e+06,1.47146e+07,0,0,0,0,62.3362,61.308,4.28493,1,1,1.62843,1.65837,0,1.25808,1.69344,8.60408e+06,3.78701e+06,1.40111e+07,0,0,0,1.26659e+08
103.622,103.622,4.00382,0.21,0,3.55425,3.6196,0,0.666044,6.16896,4.14015e+06,2.83324e+06,1.47152e+07,0,0,0,0,62.3362,61.308,4.67631,1,1,1.62848,1.65843,0,1.25812,1.69344,8.60408e+06,3.78701e+06,1.40116e+07,0,0,0,1.26659e+08
103.622,103.622,4.22089,0.19,0,3.52254,3.58731,0,0.666067,6.16896,4.14015e+06,2.83324e+06,1.45839e+07,0,0,0,0,62.3362,61.308,5.29669,1,1,1.67445,1.70524,0,1.25817,1.69344,8.60408e+06,3.78701e+06,1.44071e+07,0,0,0,1.26659e+08
103.622,103.622,3.92029,0.15,0,3.52267,3.58744,0,0.660125,6.16896,4.14015e+06,2.83324e+06,1.45844e+07,0,0,0,0,62.3362,61.308,5.08658,1,1,1.67451,1.7053,0,1.29368,1.69344,8.60408e+06,3.78701e+06,1.44076e+07,0,0,0,1.26659e+08
103.622,103.622,3.65788,0.15,0,3.52279,3.58756,0,0.660148,6.16896,4.14015e+06,2.83324e+06,1.45849e+07,0,0,0,0,62.3362,61.308,5.23675,1,1,1.67457,1.70536,0,1.29373,1.69344,8.60408e+06,3.78701e+06,1.44081e+07,0,0,0,1.26659e+08
103.622,103.622,3.44696,0.15,0,3.52291,3.58769,0,0.660171,6.16896,4.14015e+06,2.83324e+06,1.45854e+07,0,0,0,0,62.3362,61.308,5.13564,1,1,1.67463,1.70542,0,1.29377,1.69344,8.60408e+06,3.78701e+06,1.44086e+07,0,0,0,1.26659e+08
103.622,103.622,3.43869,0.15,0,3.60526,3.67154,0,0.660194,6.16896,4.14015e+06,2.83324e+06,1.49263e+07,0,0,0,0,62.3362,61.308,4.66315,1,1,1.69344,1.74715,0.0221671,1.29382,1.69344,8.60408e+06,3.78701e+06,1.45705e+07,0,0,0,1.26659e+08
103.524,103.622,3.27001,0.16,0,3.60538,3.67167,0,0.675625,6.16896,4.14015e+06,2.83324e+06,1.49268e+07,0,0,0,0,62.3362,61.308,4.73742,1,1,1.69344,1.74721,0.0222272,1.30835,1.69344,8.60408e+06,3.78701e+06,1.45705e+07,0,0,0,1.26659e+08
103.242,103.622,3.04517,0.16,0,3.60551,3.6718,0,0.675649,6.16896,4.14015e+06,2.83324e+06,1.49274e+07,0,0,0,0,62.3362,61.308,4.34866,1,1,1.69344,1.74727,0.0222871,1.30835,1.69344,8.60408e+06,3.78701e+06,1.45705e+07,0,0,0,1.26659e+08
102.927,103.622,3.02665,0.16,0,3.60564,3.67193,0,0.675672,6.16896,4.14015e+06,2.83324e+06,1.49279e+07,0,0,0,0,62.3362,61.308,4.66427,1,1,1.69344,1.74733,0.022347,1.30835,1.69344,8.60408e+06,3.78701e+06,1.45705e+07,0,0,0,1.26659e+08
102.985,103.622,3.59555,0.16,0,3.84657,3.9173,0,0.675696,6.16896,4.14015e+06,2.83324e+06,1.59254e+07,0,0,0,0,62.3362,61.308,5.01168,1,1,1.69344,1.89784,0.170134,1.30835,1.69344,8.60408e+06,3.78701e+06,1.45705e+07,0,0,0,1.26659e+08
103.52,103.622,4.12877,0.16,0,3.84671,3.91744,0,0.720848,6.16896,4.14015e+06,2.83324e+06,1.5926e+07,0,0,0,0,62.3362,61.308,6.49511,1,1,1.69344,1.8979,0.170199,1.30835,1.69344,8.60408e+06,3.78701e+06,1.45705e+07,0,0,0,1.26659e+08
103.406,103.622,3.41661,0.17,0,3.84684,3.91757,0,0.720873,6.16896,4.14015e+06,2.83324e+06,1.59265e+07,0,0,0,0,62.3362,61.308,4.54317,1,1,1.69344,1.89797,0.170264,1.30835,1.69344,8.60408e+06,3.78701e+06,1.45705e+07,0,0,0,1.26659e+08
103.622,103.622,4.27368,0.17,0,3.84698,3.91771,0,0.720899,6.16896,4.14015e+06,2.83324e+06,1.59271e+07,0,0,0,0,62.3362,61.308,8.56563,1,1,1.69344,1.89804,0.17033,1.30835,1.69344,8.60408e+06,3.78701e+06,1.45705e+07,0,0,0,1.26659e+08
103.358,103.622,3.29959,0.17,0,3.84711,3.91785,0,0.720924,6.16896,4.14015e+06,2.83324e+06,1.59276e+07,0,0,0,0,62.3362,61.308,5.35839,1,1,1.69344,1.8981,0.170395,1.30835,1.69344,8.60408e+06,3.78701e+06,1.45705e+07,0,0,0,1.26659e+08
102.955,103.622,3.00631,0.17,0,3.72986,3.79844,0,0.720949,6.16896,4.14015e+06,2.83324e+06,1.54422e+07,0,0,0,0,62.3362,61.308,4.7233,1,1,1.69344,1.80684,0.0807795,1.30835,1.69344,8.60408e+06,3.78701e+06,1.45705e+07,0,0,0,1.26659e+08
103.345,103.622,3.77798,0.16,0,3.72999,3.79857,0,0.698976,6.16896,4.14015e+06,2.83324e+06,1.54427e+07,0,0,0,0,62.3362,61.308,5.02831,1,1,1.69344,1.8069,0.0808415,1.30835,1.69344,8.60408e+06,3.78701e+06,1.45705e+07,0,0,0,1.26659e+08
103.622,103.622,5.54316,0.17,0,3.73012,3.79871,0,0.699001,6.16896,4.14015e+06,2.83324e+06,1.54433e+07,0,0,0,0,62.3362,61.308,8.42363,1,1,1.69344,1.80697,0.0809035,1.30835,1.69344,8.60408e+06,3.78701e+06,1.45705e+07,0,0,0,1.26659e+08
103.622,103.622,4.6704,0.16,0,3.73025,3.79884,0,0.699025,6.16896,4.14015e+06,2.83324e+06,1.54438e+07,0,0,0,0,62.3362,61.308,6.39555,1,1,1.69344,1.80703,0.0809656,1.30835,1.69344,8.60408e+06,3.78701e+06,1.45705e+07,0,0,0,1.26659e+08
103.622,103.622,6.27072,0.17,0,3.63402,3.70084,0,0.69905,6.16896,4.14015e+06,2.83324e+06,1.50454e+07,0,0,0,0,62.3362,61.308,8.3753,1,1,1.69282,1.72395,0,1.30835,1.69344,8.60408e+06,3.78701e+06,1.45652e+07,0,0,0,1.26659e+08
103.622,103.622,6.34204,0.18,0,3.63415,3.70097,0,0.681015,6.16896,4.14015e+06,2.83324e+06,1.50459e+07,0,0,0,0,62.3362,61.308,13.4796,1,1,1.69288,1.72401,0,1.30788,1.69344,8.60408e+06,3.78701e+06,1.45657e+07,0,0,0,1.26659e+08
103.622,103.622,6.36334,0.17,0,3.63427,3.70109,0,0.681039,6.16896,4.14015e+06,2.83324e+06,1.50464e+07,0,0,0,0,62.3362,61.308,9.62664,1,1,1.69294,1.72407,0,1.30792,1.69344,8.60408e+06,3.78701e+06,1.45662e+07,0,0,0,1.26659e+08
103.622,103.622,6.71863,0.18,0,3.6344,3.70122,0,0.681063,6.16896,4.14015e+06,2.83324e+06,1.5047e+07,0,0,0,0,62.3362,61.308,8.36528,1,1,1.693,1.72413,0,1.30797,1.69344,8.60408e+06,3.78701e+06,1.45667e+07,0,0,0,1.26659e+08
103.622,103.622,5.04357,0.19,0,3.36081,3.4226,0,0.681087,6.16896,4.14015e+06,2.83324e+06,1.39142e+07,0,0,0,0,62.3362,61.308,8.9411,1,1,1.523,1.551,0,1.30801,1.69344,8.60408e+06,3.78701e+06,1.3104e+07,0,0,0,1.26659e+08
103.622,103.622,5.95634,0.2,0,3.36092,3.42272,0,0.629815,6.16896,4.14015e+06,2.83324e+06,1.39147e+07,0,0,0,0,62.3362,61.308,12.8966,1,1,1.52305,1.55106,0,1.17667,1.69344,8.60408e+06,3.78701e+06,1.31045e+07,0,0,0,1.26659e+08
103.622,103.622,6.26702,0.2,0,3.36104,3.42284,0,0.629837,6.16896,4.14015e+06,2.83324e+06,1.39152e+07,0,0,0,0,62.3362,61.308,13.2195,1,1,1.52311,1.55111,0,1.17671,1.69344,8.60408e+06,3.78701e+06,1.31049e+07,0,0,0,1.26659e+08
103.622,103.622,5.9251,0.22,0,3.36116,3.42296,0,0.629859,6.16896,4.14015e+06,2.83324e+06,1.39157e+07,0,0,0,0,62.3362,61.308,11.4837,1,1,1.52316,1.55116,0,1.17675,1.69344,8.60408e+06,3.78701e+06,1.31054e+07,0,0,0,1.26659e+08
103.622,103.622,6.02216,0.25,0,3.36128,3.42308,0,0.629881,6.16896,4.14015e+06,2.83324e+06,1.39162e+07,0,0,0,0,62.3362,61.308,10.8841,1,1,1.52321,1.55122,0,1.17679,1.69344,8.60408e+06,3.78701e+06,1.31058e+07,0,0,0,1.26659e+08
103.622,103.622,8.74663,0.26,0,3.46668,3.53042,0,0.629903,6.16896,4.14015e+06,2.83324e+06,1.43526e+07,0,0,0,0,62.3362,61.308,9.7058,1,1,1.57251,1.60142,0,1.17683,1.69344,8.60408e+06,3.78701e+06,1.353e+07,0,0,0,1.26659e+08
103.622,103.622,11.1488,0.28,0,3.46677,3.53051,0,0.649656,6.16896,4.14015e+06,2.83324e+06,1.4353e+07,0,0,0,0,62.3362,61.308,11.4748,1,1,1.57255,1.60147,0,1.21492,1.69344,8.60408e+06,3.78701e+06,1.35304e+07,0,0,0,1.26659e+08
103.622,103.622,8.09303,0.3,0,3.46686,3.53061,0,0.649673,6.16896,4.14015e+06,2.83324e+06,1.43533e+07,0,0,0,0,62.3362,61.308,11.1447,1,1,1.57259,1.60151,0,1.21495,1.69344,8.60408e+06,3.78701e+06,1.35307e+07,0,0,0,1.26659e+08
103.622,103.622,9.90882,0.3,0,3.46696,3.5307,0,0.64969,6.16896,4.14015e+06,2.83324e+06,1.43537e+07,0,0,0,0,62.3362,61.308,11.2269,1,1,1.57264,1.60155,0,1.21499,1.69344,8.60408e+06,3.78701e+06,1.35311e+07,0,0,0,1.26659e+08
103.622,103.622,8.46718,0.3,0,3.80522,3.87518,0,0.649708,6.16896,4.14015e+06,2.83324e+06,1.57542e+07,0,0,0,0,62.3362,61.308,9.01507,1,1,1.69344,1.78991,0.0641507,1.21502,1.69344,8.60408e+06,3.78701e+06,1.45705e+07,0,0,0,1.26659e+08
103.622,103.622,9.69107,0.31,0,3.80532,3.87528,0,0.713097,6.16896,4.14015e+06,2.83324e+06,1.57546e+07,0,0,0,0,62.3362,61.308,10.1832,1,1,1.69344,1.78995,0.064197,1.30835,1.69344,8.60408e+06,3.78701e+06,1.45705e+07,0,0,0,1.26659e+08
103.622,103.622,8.63915,0.31,0,3.80542,3.87538,0,0.713116,6.16896,4.14015e+06,2.83324e+06,1.5755e+07,0,0,0,0,62.3362,61.308,9.16935,1,1,1.69344,1.79,0.0642434,1.30835,1.69344,8.60408e+06,3.78701e+06,1.45705e+07,0,0,0,1.26659e+08
103.622,103.622,8.40916,0.34,0,3.80552,3.87549,0,0.713135,6.16896,4.14015e+06,2.83324e+06,1.57554e+07,0,0,0,0,62.3362,61.308,8.98671,1,1,1.69344,1.79005,0.0642899,1.30835,1.69344,8.60408e+06,3.78701e+06,1.45705e+07,0,0,0,1.26659e+08
103.622,103.622,4.8866,0.37,0,3.32323,3.38433,0,0.713154,6.16896,4.14015e+06,2.83324e+06,1.37587e+07,0,0,0,0,62.3362,61.308,4.74081,1,1,1.50959,1.53735,0,1.30835,1.69344,8.60408e+06,3.78701e+06,1.29887e+07,0,0,0,1.26659e+08
103.622,103.622,5.21243,0.4,0,3.07891,3.38442,0,0.622774,6.16896,4.14015e+06,2.83324e+06,1.27471e+07,0,0,0,0,62.3362,61.308,7.74416,1,1,1.39861,1.53739,0,1.16631,1.69344,8.60408e+06,3.78701e+06,1.20337e+07,0,0,0,1.26659e+08
103.622,103.622,4.33313,0.46,0,3.07899,3.38451,0,0.576987,6.16896,4.14015e+06,2.83324e+06,1.27475e+07,0,0,0,0,62.3362,61.308,4.78977,1,1,1.39864,1.53743,0,1.08056,1.69344,8.60408e+06,3.78701e+06,1.20341e+07,0,0,0,1.26659e+08
103.622,103.622,4.1491,0.48,0,3.07907,3.3846,0,0.577002,6.16896,4.14015e+06,2.83324e+06,1.27478e+07,0,0,0,0,62.3362,61.308,4.6561,1,1,1.39868,1.53747,0,1.08059,1.69344,8.60408e+06,3.78701e+06,1.20344e+07,0,0,0,1.26659e+08
103.622,103.622,4.34491,0.53,0,3.07915,3.38469,0,0.577017,6.16896,4.14015e+06,2.83324e+06,1.27481e+07,0,0,0,0,62.3362,61.308,4.76916,1,1,1.39872,1.53751,0,1.08062,1.69344,8.60408e+06,3.78701e+06,1.20347e+07,0,0,0,1.26659e+08
103.622,103.622,7.00242,0.52,0,3.19174,3.50845,0,0.577033,6.16896,4.14015e+06,2.83324e+06,1.32143e+07,0,0,0,0,62.3362,61.308,9.74088,1,1,1.45501,1.59939,0,1.08065,1.69344,8.60408e+06,3.78701e+06,1.2519e+07,0,0,0,1.26659e+08
103.622,103.622,4.73118,0.53,0,3.19182,3.50854,0,0.598132,6.16896,4.14015e+06,2.83324e+06,1.32146e+07,0,0,0,0,62.3362,61.308,4.86764,1,1,1.45505,1.59943,0,1.12414,1.69344,8.60408e+06,3.78701e+06,1.25194e+07,0,0,0,1.26659e+08
103.622,103.622,6.70858,0.54,0,3.19191,3.50864,0,0.598148,6.16896,4.14015e+06,2.83324e+06,1.3215e+07,0,0,0,0,62.3362,61.308,8.10403,1,1,1.45509,1.59948,0,1.12417,1.69344,8.60408e+06,3.78701e+06,1.25197e+07,0,0,0,1.26659e+08
103.622,103.622,5.31405,0.53,0,3.19199,3.50873,0,0.598163,6.16896,4.14015e+06,2.83324e+06,1.32153e+07,0,0,0,0,62.3362,61.308,5.14416,1,1,1.45513,1.59952,0,1.1242,1.69344,8.60408e+06,3.78701e+06,1.252e+07,0,0,0,1.26659e+08
103.622,103.622,4.46801,0.51,0,3.14808,3.46046,0,0.598179,6.16896,4.14015e+06,2.83324e+06,1.30335e+07,0,0,0,0,62.3362,61.308,4.70758,1,1,1.43331,1.57554,0,1.12423,1.69344,8.60408e+06,3.78701e+06,1.23323e+07,0,0,0,1.26659e+08
103.622,103.622,4.0232,0.49,0,3.14816,3.46055,0,0.58995,6.16896,4.14015e+06,2.83324e+06,1.30339e+07,0,0,0,0,62.3362,61.308,4.92231,1,1,1.43335,1.57558,0,1.10738,1.69344,8.60408e+06,3.78701e+06,1.23327e+07,0,0,0,1.26659e+08
103.622,103.622,3.66594,0.45,0,3.14825,3.46064,0,0.589966,6.16896,4.14015e+06,2.83324e+06,1.30342e+07,0,0,0,0,62.3362,61.308,4.77443,1,1,1.43339,1.57562,0,1.10741,1.69344,8.60408e+06,3.78701e+06,1.2333e+07,0,0,0,1.26659e+08
103.622,103.622,4.18318,0.43,0,3.14833,3.46074,0,0.589982,6.16896,4.14015e+06,2.83324e+06,1.30346e+07,0,0,0,0,62.3362,61.308,4.28084,1,1,1.43343,1.57567,0,1.10744,1.69344,8.60408e+06,3.78701e+06,1.23333e+07,0,0,0,1.26659e+08
103.622,103.622,3.84281,0.37,0,3.55955,3.625,0,0.589997,6.16896,4.14015e+06,2.83324e+06,1.47371e+07,0,0,0,0,62.3362,61.308,4.55429,1,1,1.63091,1.6609,0,1.10747,1.69344,8.60408e+06,3.78701e+06,1.40325e+07,0,0,0,1.26659e+08
103.622,103.622,3.67959,0.33,0,3.55965,3.62509,0,0.66706,6.16896,4.14015e+06,2.83324e+06,1.47375e+07,0,0,0,0,62.3362,61.308,4.32787,1,1,1.63095,1.66094,0,1.26004,1.69344,8.60408e+06,3.78701e+06,1.40329e+07,0,0,0,1.26659e+08
103.622,103.622,3.6023,0.31,0,3.55974,3.62519,0,0.667078,6.16896,4.14015e+06,2.83324e+06,1.47379e+07,0,0,0,0,62.3362,61.308,4.38437,1,1,1.631,1.66099,0,1.26008,1.69344,8.60408e+06,3.78701e+06,1.40332e+07,0,0,0,1.26659e+08
103.36,103.622,3.24346,0.23,0,3.55983,3.62529,0,0.667095,6.16896,4.14015e+06,2.83324e+06,1.47383e+07,0,0,0,0,62.3362,61.308,4.44421,1,1,1.63104,1.66103,0,1.26011,1.69344,8.60408e+06,3.78701e+06,1.40336e+07,0,0,0,1.26659e+08
102.863,103.622,2.93844,0.21,0,3.55993,3.62538,0,0.667113,6.16896,4.14015e+06,2.83324e+06,1.47386e+07,0,0,0,0,62.3362,61.308,3.95702,1,1,1.63108,1.66107,0,1.26014,1.69344,8.60408e+06,3.78701e+06,1.4034e+07,0,0,0,1.26659e+08
102.035,103.622,2.41549,0.19,0,3.52814,3.59301,0,0.66713,6.16896,4.14015e+06,2.83324e+06,1.4607e+07,0,0,0,0,62.3362,61.308,2.83119,1,1,1.67711,1.70795,0,1.26018,1.69344,8.60408e+06,3.78701e+06,1.443e+07,0,0,0,1.26659e+08
101.123,103.622,2.30289,0.15,0,3.52823,3.5931,0,0.661173,6.16896,4.14015e+06,2.83324e+06,1.46074e+07,0,0,0,0,62.3362,61.308,2.73487,1,1,1.67715,1.70799,0,1.29573,1.69344,8.60408e+06,3.78701e+06,1.44304e+07,0,0,0,1.26659e+08
100.099,103.622,2.16085,0.15,0,3.52832,3.5932,0,0.66119,6.16896,4.14015e+06,2.83324e+06,1.46078e+07,0,0,0,0,62.3362,61.308,2.54233,1,1,1.6772,1.70804,0,1.29577,1.69344,8.60408e+06,3.78701e+06,1.44307e+07,0,0,0,1.26659e+08
98.9677,103.622,2.02774,0.15,0,3.52842,3.59329,0,0.661208,6.16896,4.14015e+06,2.83324e+06,1.46082e+07,0,0,0,0,62.2599,61.308,2.39,1,1,1.67724,1.70808,0,1.2958,1.69344,8.60408e+06,3.78701e+06,1.44311e+07,0,0,0,1.26659e+08
97.6413,103.622,1.83112,0.15,0,3.61086,3.67725,0,0.661225,6.16896,4.14015e+06,2.83324e+06,1.49495e+07,0,0,0,0,61.8688,61.308,2.01938,1,1,1.69344,1.74986,0.0248322,1.29584,1.69344,8.60408e+06,3.78701e+06,1.45705e+07,0,0,0,1.26659e+08
96.214,103.622,1.68819,0.16,0,3.61095,3.67734,0,0.676675,6.16896,4.14015e+06,2.83324e+06,1.49499e+07,0,0,0,0,61.4769,61.308,1.79727,1,1,1.69344,1.74991,0.0248775,1.30835,1.69344,8.60408e+06,3.78701e+06,1.45705e+07,0,0,0,1.26659e+08
94.7851,103.622,1.67861,0.17,0,3.61105,3.67744,0,0.676693,6.16896,4.14015e+06,2.83324e+06,1.49503e+07,0,0,0,0,61.2334,61.308,1.92821,1,1,1.69344,1.74996,0.0249228,1.30835,1.69344,8.60408e+06,3.78701e+06,1.45705e+07,0,0,0,1.26659e+08
93.507,103.622,1.82926,0.18,0,3.61114,3.67754,0,0.67671,6.16896,4.14015e+06,2.83324e+06,1.49507e+07,0,0,0,0,61.0468,61.308,2.09442,1,1,1.69344,1.75,0.0249682,1.30835,1.69344,8.60408e+06,3.78701e+06,1.45705e+07,0,0,0,1.26659e+08
91.8552,103.622,1.56881,0.19,0,3.85242,3.92325,0,0.676728,6.16896,4.14015e+06,2.83324e+06,1.59496e+07,0,0,0,0,60.7207,61.308,1.93208,1,1,1.69344,1.90072,0.172965,1.30835,1.69344,8.60408e+06,3.78701e+06,1.45705e+07,0,0,0,1.26659e+08
89.914,103.622,1.25448,0.19,0,3.85252,3.92335,0,0.721943,6.16896,4.14015e+06,2.83324e+06,1.595e+07,0,0,0,0,60.2368,61.308,1.78664,1,1,1.69344,1.90077,0.173014,1.30835,1.69344,8.60408e+06,3.78701e+06,1.45705e+07,0,0,0,1.26659e+08
87.9804,103.622,1.226,0.21,0,3.85262,3.92346,0,0.721962,6.16896,4.14015e+06,2.83324e+06,1.59504e+07,0,0,0,0,59.8438,61.308,1.68105,1,1,1.69344,1.90082,0.173063,1.30835,1.69344,8.60408e+06,3.78701e+06,1.45705e+07,0,0,0,1.26659e+08
86.5504,103.622,1.72006,0.25,0,3.85272,3.92356,0,0.721981,6.16896,4.14015e+06,2.83324e+06,1.59509e+07,0,0,0,0,59.5345,61.308,1.96392,1,1,1.69344,1.90087,0.173113,1.30835,1.69344,8.60408e+06,3.78701e+06,1.45705e+07,0,0,0,1.26659e+08
85.5905,103.622,2.23978,0.24,0,3.85282,3.92366,0,0.722,6.16896,4.14015e+06,2.83324e+06,1.59513e+07,0,0,0,0,59.3765,61.308,2.17018,1,1,1.69344,1.90092,0.173162,1.30835,1.69344,8.60408e+06,3.78701e+06,1.45705e+07,0,0,0,1.26659e+08
84.2575,103.622,1.70873,0.25,0,3.73537,3.80405,0,0.722019,6.16896,4.14015e+06,2.83324e+06,1.5465e+07,0,0,0,0,59.0048,61.308,1.80457,1,1,1.69344,1.80951,0.0833985,1.30835,1.69344,8.60408e+06,3.78701e+06,1.45705e+07,0,0,0,1.26659e+08
82.6486,103.622,1.44099,0.26,0,3.73547,3.80415,0,0.700008,6.16896,4.14015e+06,2.83324e+06,1.54654e+07,0,0,0,0,58.7596,61.308,1.99438,1,1,1.69344,1.80956,0.0834453,1.30835,1.69344,8.60408e+06,3.78701e+06,1.45705e+07,0,0,0,1.26659e+08
81.3212,103.622,1.73801,0.31,0,3.73557,3.80425,0,0.700027,6.16896,4.14015e+06,2.83324e+06,1.54658e+07,0,0,0,0,58.8677,61.308,2.85763,1,1,1.69344,1.8096,0.0834922,1.30835,1.69344,8.60408e+06,3.78701e+06,1.45705e+07,0,0,0,1.26659e+08
79.9095,103.622,1.59896,0.32,0,3.73566,3.80435,0,0.700045,6.16896,4.14015e+06,2.83324e+06,1.54662e+07,0,0,0,0,58.8251,61.308,2.66253,1,1,1.69344,1.80965,0.0835391,1.30835,1.69344,8.60408e+06,3.78701e+06,1.45705e+07,0,0,0,1.26659e+08
77.9122,103.622,0.888328,0.33,0,3.63926,3.70617,0,0.700064,6.16896,4.14015e+06,2.83324e+06,1.50671e+07,0,0,0,0,58.2774,61.308,1.93843,1,1,1.69344,1.72643,0.00182517,1.30835,1.69344,8.60408e+06,3.78701e+06,1.45705e+07,0,0,0,1.26659e+08
76.4454,103.622,1.42694,0.31,0,3.63936,3.70627,0,0.681997,6.16896,4.14015e+06,2.83324e+06,1.50675e+07,0,0,0,0,57.8847,61.308,1.44352,1,1,1.69344,1.72648,0.00186989,1.30835,1.69344,8.60408e+06,3.78701e+06,1.45705e+07,0,0,0,1.26659e+08
76.3206,103.622,2.86396,0.31,0,3.63945,3.70637,0,0.682015,6.16896,4.14015e+06,2.83324e+06,1.50679e+07,0,0,0,0,58.0043,61.308,3.16817,1,1,1.69344,1.72653,0.00191472,1.30835,1.69344,8.60408e+06,3.78701e+06,1.45705e+07,0,0,0,1.26659e+08
75.3293,103.622,1.90916,0.32,0,3.63955,3.70647,0,0.682033,6.16896,4.14015e+06,2.83324e+06,1.50683e+07,0,0,0,0,58.0914,61.308,3.20373,1,1,1.69344,1.72657,0.00195944,1.30835,1.69344,8.60408e+06,3.78701e+06,1.45705e+07,0,0,0,1.26659e+08
75.4672,103.622,2.77071,0.41,0,3.11802,3.42742,0,0.682051,6.16896,4.14015e+06,2.83324e+06,1.29091e+07,0,0,0,0,58.0891,61.308,2.14053,1,1,1.41298,1.55318,0,1.30835,1.69344,8.60408e+06,3.78701e+06,1.21574e+07,0,0,0,1.26659e+08
77.4907,103.622,4.84038,0.41,0,3.1181,3.42751,0,0.584317,6.16896,4.14015e+06,2.83324e+06,1.29094e+07,0,0,0,0,58.3221,61.308,3.43539,1,1,1.41301,1.55323,0,1.09167,1.69344,8.60408e+06,3.78701e+06,1.21577e+07,0,0,0,1.26659e+08
79.2584,103.622,4.69041,0.35,0,3.36571,3.4276,0,0.584332,6.16896,4.14015e+06,2.83324e+06,1.39346e+07,0,0,0,0,58.3368,61.308,2.91019,1,1,1.52522,1.55327,0,1.09169,1.69344,8.60408e+06,3.78701e+06,1.31231e+07,0,0,0,1.26659e+08
80.4846,103.622,4.21737,0.36,0,3.3658,3.42769,0,0.630735,6.16896,4.14015e+06,2.83324e+06,1.39349e+07,0,0,0,0,58.3695,61.308,2.94992,1,1,1.52526,1.55331,0,1.17839,1.69344,8.60408e+06,3.78701e+06,1.31235e+07,0,0,0,1.26659e+08
84.2174,103.622,6.73792,0.38,0,3.36589,3.42778,0,0.630751,6.16896,4.14015e+06,2.83324e+06,1.39353e+07,0,0,0,0,58.3987,61.308,3.34711,1,1,1.5253,1.55335,0,1.17842,1.69344,8.60408e+06,3.78701e+06,1.31238e+07,0,0,0,1.26659e+08
84.6355,103.622,3.55702,0.36,0,3.47141,3.53524,0,0.630768,6.16896,4.14015e+06,2.83324e+06,1.43722e+07,0,0,0,0,58.3428,61.308,2.44053,1,1,1.57466,1.60361,0,1.17845,1.69344,8.60408e+06,3.78701e+06,1.35485e+07,0,0,0,1.26659e+08
85.2315,103.622,3.81743,0.37,0,3.47147,3.5353,0,0.650543,6.16896,4.14015e+06,2.83324e+06,1.43724e+07,0,0,0,0,58.5012,61.308,2.9156,1,1,1.57469,1.60364,0,1.21658,1.69344,8.60408e+06,3.78701e+06,1.35487e+07,0,0,0,1.26659e+08
85.0857,103.622,2.9334,0.37,0,3.47154,3.53537,0,0.650554,6.16896,4.14015e+06,2.83324e+06,1.43727e+07,0,0,0,0,58.6332,61.308,3.42794,1,1,1.57471,1.60367,0,1.2166,1.69344,8.60408e+06,3.78701e+06,1.3549e+07,0,0,0,1.26659e+08
84.2766,103.622,2.0787,0.4,0,3.21628,3.53543,0,0.650566,6.16896,4.14015e+06,2.83324e+06,1.33159e+07,0,0,0,0,58.0679,61.308,2.01236,1,1,1.45893,1.6037,0,1.21662,1.69344,8.60408e+06,3.78701e+06,1.25527e+07,0,0,0,1.26659e+08
83.2067,103.622,2.09731,0.42,0,3.53005,3.88034,0,0.602731,6.16896,4.14015e+06,2.83324e+06,1.4615e+07,0,0,0,0,57.8638,61.308,1.55732,1,1,1.6305,1.79229,0,1.12717,1.69344,8.60408e+06,3.78701e+06,1.40289e+07,0,0,0,1.26659e+08
84.7145,103.622,4.80779,0.46,0,3.53012,3.88041,0,0.661532,6.16896,4.14015e+06,2.83324e+06,1.46152e+07,0,0,0,0,58.1672,61.308,3.31773,1,1,1.63052,1.79232,0,1.25972,1.69344,8.60408e+06,3.78701e+06,1.40292e+07,0,0,0,1.26659e+08
84.9633,103.622,3.44445,0.47,0,3.53018,3.88048,0,0.661544,6.16896,4.14015e+06,2.83324e+06,1.46155e+07,0,0,0,0,57.3604,61.308,2.08889,1,1,1.63055,1.79235,0,1.25974,1.69344,8.60408e+06,3.78701e+06,1.40294e+07,0,0,0,1.26659e+08
84.0557,103.622,2.14861,0.5,0,3.53024,3.88054,0,0.661556,6.16896,4.14015e+06,2.83324e+06,1.46157e+07,0,0,0,0,56.88,61.308,1.42355,1,1,1.63058,1.79238,0,1.25977,1.69344,8.60408e+06,3.78701e+06,1.40297e+07,0,0,0,1.26659e+08
84.3888,103.622,3.25437,0.53,0,3.08282,3.38872,0,0.661567,6.16896,4.14015e+06,2.83324e+06,1.27633e+07,0,0,0,0,57.0383,61.308,2.15298,1,1,1.40038,1.53934,0,1.25979,1.69344,8.60408e+06,3.78701e+06,1.2049e+07,0,0,0,1.26659e+08
84.6016,103.622,3.25305,0.55,0,3.08287,3.38878,0,0.57772,6.16896,4.14015e+06,2.83324e+06,1.27636e+07,0,0,0,0,57.2849,61.308,2.4036,1,1,1.40041,1.53937,0,1.08194,1.69344,8.60408e+06,3.78701e+06,1.20492e+07,0,0,0,1.26659e+08
85.1869,103.622,3.69649,0.58,0,3.08293,3.38884,0,0.57773,6.16896,4.14015e+06,2.83324e+06,1.27638e+07,0,0,0,0,57.7897,61.308,2.98121,1,1,1.40043,1.5394,0,1.08196,1.69344,8.60408e+06,3.78701e+06,1.20495e+07,0,0,0,1.26659e+08
86.789,103.622,4.81793,0.64,0,3.08298,3.3889,0,0.577741,6.16896,4.14015e+06,2.83324e+06,1.2764e+07,0,0,0,0,58.5224,61.308,3.56975,1,1,1.40046,1.53943,0,1.08198,1.69344,8.60408e+06,3.78701e+06,1.20497e+07,0,0,0,1.26659e+08
88.7713,103.622,5.1415,0.67,0,3.08304,3.38896,0,0.577751,6.16896,4.14015e+06,2.83324e+06,1.27642e+07,0,0,0,0,59.2992,61.308,4.33446,1,1,1.40049,1.53945,0,1.082,1.69344,8.60408e+06,3.78701e+06,1.20499e+07,0,0,0,1.26659e+08
89.3233,103.622,3.62393,0.7,0,3.19574,3.51285,0,0.577761,6.16896,4.14015e+06,2.83324e+06,1.32309e+07,0,0,0,0,59.389,61.308,2.16022,1,1,1.45684,1.6014,0,1.08201,1.69344,8.60408e+06,3.78701e+06,1.25347e+07,0,0,0,1.26659e+08
89.4676,103.622,3.20105,0.7,0,3.1958,3.51292,0,0.598882,6.16896,4.14015e+06,2.83324e+06,1.32311e+07,0,0,0,0,59.5469,61.308,2.43128,1,1,1.45686,1.60143,0,1.12555,1.69344,8.60408e+06,3.78701e+06,1.2535e+07,0,0,0,1.26659e+08
89.6731,103.622,3.27165,0.7,0,3.19586,3.51298,0,0.598893,6.16896,4.14015e+06,2.83324e+06,1.32313e+07,0,0,0,0,59.5225,61.308,2.6879,1,1,1.45689,1.60146,0,1.12557,1.69344,8.60408e+06,3.78701e+06,1.25352e+07,0,0,0,1.26659e+08
89.2687,103.622,2.55486,0.7,0,3.19591,3.51304,0,0.598904,6.16896,4.14015e+06,2.83324e+06,1.32316e+07,0,0,0,0,59.3978,61.308,2.00776,1,1,1.45692,1.60148,0,1.12559,1.69344,8.60408e+06,3.78701e+06,1.25354e+07,0,0,0,1.26659e+08
88.8671,103.622,2.48078,0.69,0,3.15192,3.46469,0,0.598914,6.16896,4.14015e+06,2.83324e+06,1.30494e+07,0,0,0,0,59.2054,61.308,2.1303,1,1,1.43506,1.57746,0,1.12561,1.69344,8.60408e+06,3.78701e+06,1.23474e+07,0,0,0,1.26659e+08
88.1846,103.622,2.1499,0.66,0,3.15198,3.46475,0,0.59067,6.16896,4.14015e+06,2.83324e+06,1.30497e+07,0,0,0,0,58.687,61.308,1.91581,1,1,1.43509,1.57749,0,1.10873,1.69344,8.60408e+06,3.78701e+06,1.23476e+07,0,0,0,1.26659e+08
87.1527,103.622,1.74557,0.64,0,3.15204,3.46481,0,0.590681,6.16896,4.14015e+06,2.83324e+06,1.30499e+07,0,0,0,0,58.0777,61.308,1.59692,1,1,1.43511,1.57752,0,1.10875,1.69344,8.60408e+06,3.78701e+06,1.23478e+07,0,0,0,1.26659e+08
86.0106,103.622,1.52695,0.64,0,3.15209,3.46487,0,0.590692,6.16896,4.14015e+06,2.83324e+06,1.30501e+07,0,0,0,0,57.3541,61.308,1.41543,1,1,1.43514,1.57755,0,1.10877,1.69344,8.60408e+06,3.78701e+06,1.23481e+07,0,0,0,1.26659e+08
84.6138,103.622,1.35314,0.6,0,3.30168,3.6293,0,0.590702,6.16896,4.14015e+06,2.83324e+06,1.36694e+07,0,0,0,0,56.4912,61.308,1.292,1,1,1.51276,1.66287,0,1.10879,1.69344,8.60408e+06,3.78701e+06,1.30159e+07,0,0,0,1.26659e+08
83.0953,103.622,1.18587,0.55,0,3.30174,3.62936,0,0.618734,6.16896,4.14015e+06,2.83324e+06,1.36697e+07,0,0,0,0,55.5758,61.308,1.25094,1,1,1.51279,1.6629,0,1.16876,1.69344,8.60408e+06,3.78701e+06,1.30161e+07,0,0,0,1.26659e+08
81.5884,103.622,1.17664,0.5,0,3.3018,3.62943,0,0.618745,6.16896,4.14015e+06,2.83324e+06,1.36699e+07,0,0,0,0,54.7663,61.308,1.26549,1,1,1.51281,1.66293,0,1.16878,1.69344,8.60408e+06,3.78701e+06,1.30164e+07,0,0,0,1.26659e+08
80.0403,103.622,1.09921,0.61,0,3.30185,3.62949,0,0.618757,6.16896,4.14015e+06,2.83324e+06,1.36702e+07,0,0,0,0,53.9196,61.308,1.21241,1,1,1.51284,1.66296,0,1.1688,1.69344,8.60408e+06,3.78701e+06,1.30166e+07,0,0,0,1.26659e+08
78.523,103.622,1.08988,0.55,0,3.30191,3.62956,0,0.618768,6.16896,4.14015e+06,2.83324e+06,1.36704e+07,0,0,0,0,53.3004,61.308,1.18811,1,1,1.51287,1.66299,0,1.16882,1.69344,8.60408e+06,3.78701e+06,1.30168e+07,0,0,0,1.26659e+08
77.3573,103.622,1.39643,0.5,0,3.2724,3.59712,0,0.618779,6.16896,4.14015e+06,2.83324e+06,1.35482e+07,0,0,0,0,52.5922,61.308,1.47953,1,1,1.55554,1.7099,0,1.16884,1.69344,8.60408e+06,3.78701e+06,1.3384e+07,0,0,0,1.26659e+08
76.1328,103.622,1.31882,0.47,0,3.27246,3.59718,0,0.613248,6.16896,4.14015e+06,2.83324e+06,1.35485e+07,0,0,0,0,51.8916,61.308,1.39487,1,1,1.55557,1.70993,0,1.20181,1.69344,8.60408e+06,3.78701e+06,1.33843e+07,0,0,0,1.26659e+08
74.8246,103.622,1.20811,0.41,0,3.27252,3.59725,0,0.613259,6.16896,4.14015e+06,2.83324e+06,1.35487e+07,0,0,0,0,51.0719,61.308,1.37204,1,1,1.5556,1.70996,0,1.20184,1.69344,8.60408e+06,3.78701e+06,1.33845e+07,0,0,0,1.26659e+08
73.4427,103.622,1.0998,0.55,0,3.27258,3.59731,0,0.61327,6.16896,4.14015e+06,2.83324e+06,1.3549e+07,0,0,0,0,50.087,61.308,1.23717,1,1,1.55563,1.70999,0,1.20186,1.69344,8.60408e+06,3.78701e+06,1.33847e+07,0,0,0,1.26659e+08
71.9146,103.622,0.930706,0.49,0,3.34901,3.68133,0,0.613281,6.16896,4.14015e+06,2.83324e+06,1.38654e+07,0,0,0,0,48.9252,61.308,1.04791,1,1,1.59367,1.75181,0,1.20188,1.69344,8.60408e+06,3.78701e+06,1.37121e+07,0,0,0,1.26659e+08
70.3646,103.622,0.872591,0.44,0,3.34907,3.6814,0,0.627605,6.16896,4.14015e+06,2.83324e+06,1.38657e+07,0,0,0,0,47.7037,61.308,0.980998,1,1,1.5937,1.75184,0,1.23127,1.69344,8.60408e+06,3.78701e+06,1.37123e+07,0,0,0,1.26659e+08
68.7481,103.622,0.768734,0.41,0,3.34913,3.68146,0,0.627616,6.16896,4.14015e+06,2.83324e+06,1.38659e+07,0,0,0,0,46.4687,61.308,0.905512,1,1,1.59373,1.75187,0,1.23129,1.69344,8.60408e+06,3.78701e+06,1.37125e+07,0,0,0,1.26659e+08
67.1151,103.622,0.712957,0.49,0,3.34919,3.68153,0,0.627627,6.16896,4.14015e+06,2.83324e+06,1.38662e+07,0,0,0,0,45.1751,61.308,0.86784,1,1,1.59375,1.7519,0,1.23131,1.69344,8.60408e+06,3.78701e+06,1.37128e+07,0,0,0,1.26659e+08
65.2423,103.622,0.532145,0.46,0,3.57293,3.92747,0,0.627638,6.16896,4.14015e+06,2.83324e+06,1.47925e+07,0,0,0,0,43.5959,61.308,0.783805,1,1,1.69344,1.90277,0.0375612,1.23133,1.69344,8.60408e+06,3.78701e+06,1.45705e+07,0,0,0,1.26659e+08
62.4989,103.622,0.306913,0.41,0,3.573,3.92754,0,0.669568,6.16896,4.14015e+06,2.83324e+06,1.47928e+07,0,0,0,0,41.989,61.308,0.545245,1,1,1.69344,1.9028,0.0375922,1.30835,1.69344,8.60408e+06,3.78701e+06,1.45705e+07,0,0,0,1.26659e+08
59.8498,103.622,0.359751,0.4,0,3.57306,3.92761,0,0.66958,6.16896,4.14015e+06,2.83324e+06,1.4793e+07,0,0,0,0,40.4887,61.308,0.590131,1,1,1.69344,1.90283,0.0376232,1.30835,1.69344,8.60408e+06,3.78701e+06,1.45705e+07,0,0,0,1.26659e+08
57.4513,103.622,0.583551,0.45,0,3.57313,3.92768,0,0.669592,6.16896,4.14015e+06,2.83324e+06,1.47933e+07,0,0,0,0,39.0245,61.308,0.709468,1,1,1.69344,1.90287,0.0376542,1.30835,1.69344,8.60408e+06,3.78701e+06,1.45705e+07,0,0,0,1.26659e+08
55.0931,103.622,0.564898,0.45,0,3.57319,3.92775,0,0.669604,6.16896,4.14015e+06,2.83324e+06,1.47935e+07,0,0,0,0,37.7381,61.308,0.692586,1,1,1.69344,1.9029,0.0376853,1.30835,1.69344,8.60408e+06,3.78701e+06,1.45705e+07,0,0,0,1.26659e+08
52.6058,103.622,0.29757,0.47,0,3.46423,3.80798,0,0.669616,6.16896,4.14015e+06,2.83324e+06,1.43424e+07,0,0,0,0,36.194,61.308,0.844092,1,1,1.64786,1.81138,0,1.30835,1.69344,8.60408e+06,3.78701e+06,1.41783e+07,0,0,0,1.26659e+08
50.1363,103.622,0.25183,0.48,0,3.46429,3.80805,0,0.649197,6.16896,4.14015e+06,2.83324e+06,1.43427e+07,0,0,0,0,34.5404,61.308,0.449545,1,1,1.64789,1.81141,0,1.27314,1.69344,8.60408e+06,3.78701e+06,1.41786e+07,0,0,0,1.26659e+08
47.7453,103.622,0.290918,0.47,0,3.46435,3.80812,0,0.649208,6.16896,4.14015e+06,2.83324e+06,1.43429e+07,0,0,0,0,33.1275,61.308,0.459708,1,1,1.64792,1.81144,0,1.27316,1.69344,8.60408e+06,3.78701e+06,1.41788e+07,0,0,0,1.26659e+08
45.866,103.622,0.822369,0.5,0,3.46442,3.80819,0,0.64922,6.16896,4.14015e+06,2.83324e+06,1.43432e+07,0,0,0,0,32.0263,61.308,0.857464,1,1,1.64795,1.81148,0,1.27318,1.69344,8.60408e+06,3.78701e+06,1.41791e+07,0,0,0,1.26659e+08
43.8883,103.622,0.596204,0.51,0,3.37498,3.70988,0,0.649231,6.16896,4.14015e+06,2.83324e+06,1.39729e+07,0,0,0,0,30.9432,61.308,0.841921,1,1,1.57216,1.72816,0,1.27321,1.69344,8.60408e+06,3.78701e+06,1.3527e+07,0,0,0,1.26659e+08
48.6346,103.622,1.08612,0.52,0,3.37504,3.70994,0,0.632471,6.16896,4.14015e+06,2.83324e+06,1.39732e+07,0,0,0,0,30.5325,61.308,0.861504,1,1,1.57219,1.72819,0,1.21465,1.69344,8.60408e+06,3.78701e+06,1.35272e+07,0,0,0,1.26659e+08
48.8297,103.622,2.14233,0.49,0,3.3751,3.71001,0,0.632483,6.16896,4.14015e+06,2.83324e+06,1.39734e+07,0,0,0,0,30.4932,61.308,2.06959,1,1,1.57221,1.72822,0,1.21467,1.69344,8.60408e+06,3.78701e+06,1.35275e+07,0,0,0,1.26659e+08
48.2725,103.622,1.35256,0.51,0,3.37516,3.71008,0,0.632494,6.16896,4.14015e+06,2.83324e+06,1.39737e+07,0,0,0,0,30.3715,61.308,1.83844,1,1,1.57224,1.72825,0,1.21469,1.69344,8.60408e+06,3.78701e+06,1.35277e+07,0,0,0,1.26659e+08
49.2341,103.622,2.87205,0.57,0,3.12103,3.43073,0,0.632505,6.16896,4.14015e+06,2.83324e+06,1.29215e+07,0,0,0,0,30.4062,61.308,1.8992,1,1,1.41434,1.55468,0,1.21471,1.69344,8.60408e+06,3.78701e+06,1.21691e+07,0,0,0,1.26659e+08
51.9252,103.622,4.75407,0.55,0,3.12109,3.43079,0,0.584881,6.16896,4.14015e+06,2.83324e+06,1.29218e+07,0,0,0,0,30.5825,61.308,2.89252,1,1,1.41437,1.55471,0,1.09272,1.69344,8.60408e+06,3.78701e+06,1.21693e+07,0,0,0,1.26659e+08
52.2207,103.622,2.31333,0.56,0,3.12114,3.43085,0,0.584892,6.16896,4.14015e+06,2.83324e+06,1.2922e+07,0,0,0,0,30.6415,61.308,1.71767,1,1,1.41439,1.55474,0,1.09274,1.69344,8.60408e+06,3.78701e+06,1.21695e+07,0,0,0,1.26659e+08
54.1051,103.622,3.91709,0.57,0,3.1212,3.43091,0,0.584902,6.16896,4.14015e+06,2.83324e+06,1.29222e+07,0,0,0,0,30.7203,61.308,2.27934,1,1,1.41442,1.55477,0,1.09276,1.69344,8.60408e+06,3.78701e+06,1.21698e+07,0,0,0,1.26659e+08
57.271,103.622,5.47436,0.59,0,3.12125,3.43097,0,0.584912,6.16896,4.14015e+06,2.83324e+06,1.29225e+07,0,0,0,0,31.0581,61.308,3.3292,1,1,1.41444,1.5548,0,1.09278,1.69344,8.60408e+06,3.78701e+06,1.217e+07,0,0,0,1.26659e+08
60.937,103.622,6.44905,0.57,0,3.12125,3.43097,0,0.584923,6.16896,4.14015e+06,2.83324e+06,1.29225e+07,0,0,0,0,32.2613,61.308,4.12998,1,1,1.41444,1.5548,0,1.0928,1.69344,8.60408e+06,3.78701e+06,1.217e+07,0,0,0,1.26659e+08
65.2265,103.622,7.39389,0.6,0,3.21908,3.5385,0,0.584923,6.16896,4.14015e+06,2.83324e+06,1.33275e+07,0,0,0,0,34.4948,61.308,5.99358,1,1,1.4602,1.60509,0,1.0928,1.69344,8.60408e+06,3.78701e+06,1.25636e+07,0,0,0,1.26659e+08
69.1454,103.622,7.06798,0.57,0,3.21911,3.53854,0,0.603255,6.16896,4.14015e+06,2.83324e+06,1.33276e+07,0,0,0,0,36.5215,61.308,5.436,1,1,1.46021,1.60511,0,1.12815,1.69344,8.60408e+06,3.78701e+06,1.25638e+07,0,0,0,1.26659e+08
72.6212,103.622,6.68975,0.54,0,3.21914,3.53857,0,0.603261,6.16896,4.14015e+06,2.83324e+06,1.33277e+07,0,0,0,0,38.591,61.308,5.62855,1,1,1.46022,1.60512,0,1.12816,1.69344,8.60408e+06,3.78701e+06,1.25639e+07,0,0,0,1.26659e+08
74.4794,103.622,4.94629,0.54,0,3.21917,3.53861,0,0.603267,6.16896,4.14015e+06,2.83324e+06,1.33279e+07,0,0,0,0,40.2876,61.308,4.80219,1,1,1.46024,1.60514,0,1.12817,1.69344,8.60408e+06,3.78701e+06,1.2564e+07,0,0,0,1.26659e+08
77.683,103.622,6.61789,0.6,0,3.5332,3.88379,0,0.603273,6.16896,4.14015e+06,2.83324e+06,1.4628e+07,0,0,0,0,42.3486,61.308,6.11404,1,1,1.63195,1.79388,0,1.12818,1.69344,8.60408e+06,3.78701e+06,1.40414e+07,0,0,0,1.26659e+08
82.2529,103.622,8.34595,0.56,0,3.53323,3.88383,0,0.662121,6.16896,4.14015e+06,2.83324e+06,1.46281e+07,0,0,0,0,45.5341,61.308,7.32671,1,1,1.63196,1.7939,0,1.26084,1.69344,8.60408e+06,3.78701e+06,1.40415e+07,0,0,0,1.26659e+08
85.9971,103.622,7.78241,0.57,0,3.53326,3.88386,0,0.662127,6.16896,4.14015e+06,2.83324e+06,1.46282e+07,0,0,0,0,47.8922,61.308,6.53708,1,1,1.63198,1.79392,0,1.26085,1.69344,8.60408e+06,3.78701e+06,1.40417e+07,0,0,0,1.26659e+08
89.5155,103.622,7.41225,0.53,0,3.5333,3.8839,0,0.662133,6.16896,4.14015e+06,2.83324e+06,1.46284e+07,0,0,0,0,49.7877,61.308,6.1317,1,1,1.63199,1.79394,0,1.26087,1.69344,8.60408e+06,3.78701e+06,1.40418e+07,0,0,0,1.26659e+08
94.5587,103.622,8.62563,0.56,0,3.08546,3.39163,0,0.66214,6.16896,4.14015e+06,2.83324e+06,1.27743e+07,0,0,0,0,51.8857,61.308,6.89195,1,1,1.40158,1.54066,0,1.26088,1.69344,8.60408e+06,3.78701e+06,1.20593e+07,0,0,0,1.26659e+08
98.7359,103.622,7.73378,0.54,0,3.08549,3.39166,0,0.578215,6.16896,4.14015e+06,2.83324e+06,1.27744e+07,0,0,0,0,53.6812,61.308,6.77972,1,1,1.4016,1.54068,0,1.08286,1.69344,8.60408e+06,3.78701e+06,1.20595e+07,0,0,0,1.26659e+08
103.622,103.622,10.6686,0.48,0,3.08552,3.39169,0,0.57822,6.16896,4.14015e+06,2.83324e+06,1.27745e+07,0,0,0,0,55.8474,61.308,7.67095,1,1,1.40161,1.54069,0,1.08287,1.69344,8.60408e+06,3.78701e+06,1.20596e+07,0,0,0,1.26659e+08
103.622,103.622,9.28654,0.51,0,3.08555,3.39172,0,0.578226,6.16896,4.14015e+06,2.83324e+06,1.27746e+07,0,0,0,0,57.7231,61.308,7.12408,1,1,1.40162,1.54071,0,1.08288,1.69344,8.60408e+06,3.78701e+06,1.20597e+07,0,0,0,1.26659e+08
103.622,103.622,9.18574,0.54,0,3.08558,3.39176,0,0.578231,6.16896,4.14015e+06,2.83324e+06,1.27748e+07,0,0,0,0,59.8674,61.308,6.05731,1,1,1.40164,1.54072,0,1.0829,1.69344,8.60408e+06,3.78701e+06,1.20598e+07,0,0,0,1.26659e+08
103.622,103.622,6.86965,0.54,0,3.19835,3.51572,0,0.578237,6.16896,4.14015e+06,2.83324e+06,1.32416e+07,0,0,0,0,60.9337,61.308,4.09971,1,1,1.45802,1.6027,0,1.08291,1.69344,8.60408e+06,3.78701e+06,1.2545e+07,0,0,0,1.26659e+08
103.622,103.622,6.56652,0.54,0,3.19838,3.51575,0,0.59937,6.16896,4.14015e+06,2.83324e+06,1.32418e+07,0,0,0,0,62.1378,61.308,4.25367,1,1,1.45804,1.60272,0,1.12647,1.69344,8.60408e+06,3.78701e+06,1.25451e+07,0,0,0,1.26659e+08
103.622,103.622,5.92347,0.53,0,3.19841,3.51578,0,0.599376,6.16896,4.14015e+06,2.83324e+06,1.32419e+07,0,0,0,0,62.3362,61.308,4.10628,1,1,1.45805,1.60273,0,1.12648,1.69344,8.60408e+06,3.78701e+06,1.25452e+07,0,0,0,1.26659e+08
103.622,103.622,5.36797,0.51,0,3.19844,3.51582,0,0.599382,6.16896,4.14015e+06,2.83324e+06,1.3242e+07,0,0,0,0,62.3362,61.308,3.81719,1,1,1.45807,1.60275,0,1.12649,1.69344,8.60408e+06,3.78701e+06,1.25453e+07,0,0,0,1.26659e+08
103.622,103.622,5.09703,0.5,0,3.15439,3.46739,0,0.599388,6.16896,4.14015e+06,2.83324e+06,1.30596e+07,0,0,0,0,62.3362,61.308,3.66197,1,1,1.43619,1.5787,0,1.1265,1.69344,8.60408e+06,3.78701e+06,1.23571e+07,0,0,0,1.26659e+08
103.622,103.622,4.73639,0.46,0,3.15442,3.46743,0,0.591132,6.16896,4.14015e+06,2.83324e+06,1.30598e+07,0,0,0,0,62.3362,61.308,3.99213,1,1,1.4362,1.57871,0,1.1096,1.69344,8.60408e+06,3.78701e+06,1.23572e+07,0,0,0,1.26659e+08
103.622,103.622,4.51248,0.42,0,3.15445,3.46746,0,0.591138,6.16896,4.14015e+06,2.83324e+06,1.30599e+07,0,0,0,0,62.3362,61.308,4.21786,1,1,1.43621,1.57873,0,1.10961,1.69344,8.60408e+06,3.78701e+06,1.23573e+07,0,0,0,1.26659e+08
103.622,103.622,4.0265,0.39,0,3.40489,3.46749,0,0.591143,6.16896,4.14015e+06,2.83324e+06,1.40968e+07,0,0,0,0,62.1817,61.308,3.4456,1,1,1.55024,1.57874,0,1.10962,1.69344,8.60408e+06,3.78701e+06,1.33384e+07,0,0,0,1.26659e+08
103.622,103.622,3.41572,0.35,0,3.56644,3.63202,0,0.638076,6.16896,4.14015e+06,2.83324e+06,1.47656e+07,0,0,0,0,62.1347,61.308,2.72138,1,1,1.63407,1.66411,0,1.19771,1.69344,8.60408e+06,3.78701e+06,1.40597e+07,0,0,0,1.26659e+08
103.622,103.622,3.26324,0.3,0,3.56648,3.63205,0,0.668351,6.16896,4.14015e+06,2.83324e+06,1.47658e+07,0,0,0,0,62.3362,61.308,2.60978,1,1,1.63408,1.66413,0,1.26248,1.69344,8.60408e+06,3.78701e+06,1.40598e+07,0,0,0,1.26659e+08
103.507,103.622,3.12326,0.26,0,3.56651,3.63209,0,0.668358,6.16896,4.14015e+06,2.83324e+06,1.47659e+07,0,0,0,0,62.3172,61.308,2.78167,1,1,1.6341,1.66414,0,1.26249,1.69344,8.60408e+06,3.78701e+06,1.40599e+07,0,0,0,1.26659e+08
103.14,103.622,2.87826,0.24,0,3.56654,3.63212,0,0.668364,6.16896,4.14015e+06,2.83324e+06,1.4766e+07,0,0,0,0,62.3362,61.308,2.62542,1,1,1.63412,1.66416,0,1.26251,1.69344,8.60408e+06,3.78701e+06,1.40601e+07,0,0,0,1.26659e+08
102.925,103.622,3.16575,0.2,0,3.56658,3.63215,0,0.66837,6.16896,4.14015e+06,2.83324e+06,1.47662e+07,0,0,0,0,62.3362,61.308,3.45038,1,1,1.63413,1.66418,0,1.26252,1.69344,8.60408e+06,3.78701e+06,1.40602e+07,0,0,0,1.26659e+08
102.605,103.622,3.00369,0.18,0,3.53467,3.59966,0,0.668377,6.16896,4.14015e+06,2.83324e+06,1.46341e+07,0,0,0,0,62.3362,61.308,3.31792,1,1,1.68021,1.71111,0,1.26253,1.69344,8.60408e+06,3.78701e+06,1.44567e+07,0,0,0,1.26659e+08
102.157,103.622,2.84976,0.19,0,3.5347,3.59969,0,0.662397,6.16896,4.14015e+06,2.83324e+06,1.46342e+07,0,0,0,0,62.3362,61.308,3.12193,1,1,1.68023,1.71112,0,1.29813,1.69344,8.60408e+06,3.78701e+06,1.44568e+07,0,0,0,1.26659e+08
101.535,103.622,2.64418,0.19,0,3.53474,3.59973,0,0.662403,6.16896,4.14015e+06,2.83324e+06,1.46343e+07,0,0,0,0,62.3362,61.308,2.90572,1,1,1.68025,1.71114,0,1.29815,1.69344,8.60408e+06,3.78701e+06,1.4457e+07,0,0,0,1.26659e+08
100.818,103.622,2.509,0.19,0,3.53477,3.59976,0,0.66241,6.16896,4.14015e+06,2.83324e+06,1.46345e+07,0,0,0,0,62.3362,61.308,2.73263,1,1,1.68026,1.71116,0,1.29816,1.69344,8.60408e+06,3.78701e+06,1.44571e+07,0,0,0,1.26659e+08
99.9925,103.622,2.4176,0.19,0,3.6173,3.68381,0,0.662416,6.16896,4.14015e+06,2.83324e+06,1.49762e+07,0,0,0,0,62.3362,61.308,2.73231,1,1,1.69344,1.75299,0.0278976,1.29817,1.69344,8.60408e+06,3.78701e+06,1.45705e+07,0,0,0,1.26659e+08
98.9652,103.622,2.20084,0.18,0,3.61733,3.68384,0,0.677882,6.16896,4.14015e+06,2.83324e+06,1.49763e+07,0,0,0,0,62.3362,61.308,2.61167,1,1,1.69344,1.753,0.0279141,1.30835,1.69344,8.60408e+06,3.78701e+06,1.45705e+07,0,0,0,1.26659e+08
97.7799,103.622,2.01025,0.18,0,3.61737,3.68388,0,0.677888,6.16896,4.14015e+06,2.83324e+06,1.49765e+07,0,0,0,0,62.3362,61.308,2.42094,1,1,1.69344,1.75302,0.0279307,1.30835,1.69344,8.60408e+06,3.78701e+06,1.45705e+07,0,0,0,1.26659e+08
96.4284,103.622,1.81075,0.18,0,3.6174,3.68391,0,0.677895,6.16896,4.14015e+06,2.83324e+06,1.49766e+07,0,0,0,0,62.2201,61.308,2.3448,1,1,1.69344,1.75304,0.0279472,1.30835,1.69344,8.60408e+06,3.78701e+06,1.45705e+07,0,0,0,1.26659e+08
94.8473,103.622,1.70852,0.2,0,3.85903,3.92998,0,0.677901,6.16896,4.14015e+06,2.83324e+06,1.5977e+07,0,0,0,0,61.9899,61.308,1.92421,1,1,1.69344,1.90398,0.176169,1.30835,1.69344,8.60408e+06,3.78701e+06,1.45705e+07,0,0,0,1.26659e+08
93.3835,103.622,1.84606,0.21,0,3.85907,3.93002,0,0.723183,6.16896,4.14015e+06,2.83324e+06,1.59771e+07,0,0,0,0,61.6821,61.308,2.36977,1,1,1.69344,1.904,0.176187,1.30835,1.69344,8.60408e+06,3.78701e+06,1.45705e+07,0,0,0,1.26659e+08
91.6631,103.622,1.52912,0.22,0,3.85911,3.93006,0,0.723189,6.16896,4.14015e+06,2.83324e+06,1.59773e+07,0,0,0,0,61.3733,61.308,1.66164,1,1,1.69344,1.90402,0.176205,1.30835,1.69344,8.60408e+06,3.78701e+06,1.45705e+07,0,0,0,1.26659e+08
90.2851,103.622,1.91832,0.22,0,3.85914,3.9301,0,0.723196,6.16896,4.14015e+06,2.83324e+06,1.59774e+07,0,0,0,0,61.5656,61.308,3.11717,1,1,1.69344,1.90404,0.176223,1.30835,1.69344,8.60408e+06,3.78701e+06,1.45705e+07,0,0,0,1.26659e+08
89.0409,103.622,2.01627,0.22,0,3.85918,3.93014,0,0.723203,6.16896,4.14015e+06,2.83324e+06,1.59776e+07,0,0,0,0,61.5976,61.308,2.67169,1,1,1.69344,1.90406,0.176241,1.30835,1.69344,8.60408e+06,3.78701e+06,1.45705e+07,0,0,0,1.26659e+08
88.1117,103.622,2.2746,0.25,0,3.74147,3.81026,0,0.72321,6.16896,4.14015e+06,2.83324e+06,1.54902e+07,0,0,0,0,61.7935,61.308,2.90339,1,1,1.69344,1.81246,0.0862992,1.30835,1.69344,8.60408e+06,3.78701e+06,1.45705e+07,0,0,0,1.26659e+08
87.2333,103.622,2.36073,0.25,0,3.7415,3.8103,0,0.701151,6.16896,4.14015e+06,2.83324e+06,1.54904e+07,0,0,0,0,62.0149,61.308,3.04798,1,1,1.69344,1.81248,0.0863163,1.30835,1.69344,8.60408e+06,3.78701e+06,1.45705e+07,0,0,0,1.26659e+08
86.5798,103.622,2.82123,0.27,0,3.74154,3.81033,0,0.701158,6.16896,4.14015e+06,2.83324e+06,1.54905e+07,0,0,0,0,62.3362,61.308,4.0064,1,1,1.69344,1.8125,0.0863332,1.30835,1.69344,8.60408e+06,3.78701e+06,1.45705e+07,0,0,0,1.26659e+08
85.2751,103.622,2.1076,0.25,0,3.74157,3.81037,0,0.701164,6.16896,4.14015e+06,2.83324e+06,1.54907e+07,0,0,0,0,62.3362,61.308,2.88792,1,1,1.69344,1.81251,0.0863503,1.30835,1.69344,8.60408e+06,3.78701e+06,1.45705e+07,0,0,0,1.26659e+08
83.2685,103.622,1.22555,0.25,0,3.64496,3.71197,0,0.701171,6.16896,4.14015e+06,2.83324e+06,1.50907e+07,0,0,0,0,62.3362,61.308,2.71751,1,1,1.69344,1.72914,0.00447862,1.30835,1.69344,8.60408e+06,3.78701e+06,1.45705e+07,0,0,0,1.26659e+08
81.4052,103.622,1.28543,0.25,0,3.64499,3.71201,0,0.683065,6.16896,4.14015e+06,2.83324e+06,1.50908e+07,0,0,0,0,62.3362,61.308,3.09394,1,1,1.69344,1.72915,0.00449489,1.30835,1.69344,8.60408e+06,3.78701e+06,1.45705e+07,0,0,0,1.26659e+08
82.7629,103.622,4.95962,0.29,0,3.64503,3.71204,0,0.683071,6.16896,4.14015e+06,2.83324e+06,1.5091e+07,0,0,0,0,62.3362,61.308,5.1468,1,1,1.69344,1.72917,0.00451116,1.30835,1.69344,8.60408e+06,3.78701e+06,1.45705e+07,0,0,0,1.26659e+08
82.4049,103.622,3.18896,0.31,0,3.64506,3.71208,0,0.683078,6.16896,4.14015e+06,2.83324e+06,1.50911e+07,0,0,0,0,62.3362,61.308,4.10442,1,1,1.69344,1.72919,0.00452744,1.30835,1.69344,8.60408e+06,3.78701e+06,1.45705e+07,0,0,0,1.26659e+08
82.4475,103.622,3.28464,0.33,0,3.37058,3.43255,0,0.683084,6.16896,4.14015e+06,2.83324e+06,1.39547e+07,0,0,0,0,62.3362,61.308,4.19001,1,1,1.52743,1.55551,0,1.30835,1.69344,8.60408e+06,3.78701e+06,1.31421e+07,0,0,0,1.26659e+08
82.7248,103.622,3.5674,0.34,0,3.37061,3.43258,0,0.631646,6.16896,4.14015e+06,2.83324e+06,1.39548e+07,0,0,0,0,62.3362,61.308,3.52016,1,1,1.52744,1.55553,0,1.18009,1.69344,8.60408e+06,3.78701e+06,1.31422e+07,0,0,0,1.26659e+08
82.8574,103.622,3.38051,0.36,0,3.37064,3.43262,0,0.631652,6.16896,4.14015e+06,2.83324e+06,1.3955e+07,0,0,0,0,62.3362,61.308,3.66384,1,1,1.52746,1.55554,0,1.1801,1.69344,8.60408e+06,3.78701e+06,1.31424e+07,0,0,0,1.26659e+08
83.2309,103.622,3.59445,0.36,0,3.37067,3.43265,0,0.631658,6.16896,4.14015e+06,2.83324e+06,1.39551e+07,0,0,0,0,62.3362,61.308,3.42117,1,1,1.52747,1.55556,0,1.18011,1.69344,8.60408e+06,3.78701e+06,1.31425e+07,0,0,0,1.26659e+08
85.1677,103.622,5.51287,0.26,0,3.37071,3.43268,0,0.631664,6.16896,4.14015e+06,2.83324e+06,1.39552e+07,0,0,0,0,62.3362,61.308,6.62238,1,1,1.52749,1.55557,0,1.18012,1.69344,8.60408e+06,3.78701e+06,1.31426e+07,0,0,0,1.26659e+08
87.0895,103.622,5.51137,0.32,0,3.47632,3.54024,0,0.63167,6.16896,4.14015e+06,2.83324e+06,1.43925e+07,0,0,0,0,62.3362,61.308,5.56075,1,1,1.57688,1.60588,0,1.18014,1.69344,8.60408e+06,3.78701e+06,1.35676e+07,0,0,0,1.26659e+08
88.2566,103.622,4.69213,0.36,0,3.47633,3.54024,0,0.651463,6.16896,4.14015e+06,2.83324e+06,1.43925e+07,0,0,0,0,62.3362,61.308,4.84408,1,1,1.57689,1.60588,0,1.2183,1.69344,8.60408e+06,3.78701e+06,1.35676e+07,0,0,0,1.26659e+08
89.0968,103.622,4.34922,0.36,0,3.47633,3.54025,0,0.651463,6.16896,4.14015e+06,2.83324e+06,1.43925e+07,0,0,0,0,62.3362,61.308,4.65753,1,1,1.57689,1.60588,0,1.2183,1.69344,8.60408e+06,3.78701e+06,1.35677e+07,0,0,0,1.26659e+08
90.3622,103.622,4.87998,0.36,0,3.47633,3.54025,0,0.651464,6.16896,4.14015e+06,2.83324e+06,1.43926e+07,0,0,0,0,62.3362,61.308,4.98261,1,1,1.57689,1.60588,0,1.2183,1.69344,8.60408e+06,3.78701e+06,1.35677e+07,0,0,0,1.26659e+08
91.3508,103.622,4.8205,0.16,0,3.81541,3.88556,0,0.651465,6.16896,4.14015e+06,2.83324e+06,1.57964e+07,0,0,0,0,62.3362,61.308,5.00488,1,1,1.69344,1.7947,0.0688606,1.2183,1.69344,8.60408e+06,3.78701e+06,1.45705e+07,0,0,0,1.26659e+08
93.0007,103.622,5.59394,0.16,0,3.81542,3.88557,0,0.715008,6.16896,4.14015e+06,2.83324e+06,1.57964e+07,0,0,0,0,62.3362,61.308,5.45489,1,1,1.69344,1.7947,0.0688628,1.30835,1.69344,8.60408e+06,3.78701e+06,1.45705e+07,0,0,0,1.26659e+08
94.6911,103.622,5.68656,0.22,0,3.81542,3.88557,0,0.715009,6.16896,4.14015e+06,2.83324e+06,1.57964e+07,0,0,0,0,62.3362,61.308,5.43286,1,1,1.69344,1.79471,0.0688652,1.30835,1.69344,8.60408e+06,3.78701e+06,1.45705e+07,0,0,0,1.26659e+08
96.0389,103.622,5.31212,0.24,0,3.81543,3.88558,0,0.71501,6.16896,4.14015e+06,2.83324e+06,1.57964e+07,0,0,0,0,62.3362,61.308,5.35767,1,1,1.69344,1.79471,0.0688674,1.30835,1.69344,8.60408e+06,3.78701e+06,1.45705e+07,0,0,0,1.26659e+08
96.2635,103.622,3.57185,0.26,0,3.3318,3.39306,0,0.715011,6.16896,4.14015e+06,2.83324e+06,1.37942e+07,0,0,0,0,62.3362,61.308,4.32122,1,1,1.51349,1.54131,0,1.30835,1.69344,8.60408e+06,3.78701e+06,1.30222e+07,0,0,0,1.26659e+08
96.0201,103.622,3.00943,0.27,0,3.33181,3.39307,0,0.62438,6.16896,4.14015e+06,2.83324e+06,1.37942e+07,0,0,0,0,62.3362,61.308,2.76468,1,1,1.51349,1.54132,0,1.16932,1.69344,8.60408e+06,3.78701e+06,1.30222e+07,0,0,0,1.26659e+08
96.9783,103.622,4.54172,0.26,0,3.33181,3.39307,0,0.624381,6.16896,4.14015e+06,2.83324e+06,1.37942e+07,0,0,0,0,62.3362,61.308,4.54584,1,1,1.51349,1.54132,0,1.16932,1.69344,8.60408e+06,3.78701e+06,1.30222e+07,0,0,0,1.26659e+08
98.2802,103.622,4.81059,0,0,3.33181,3.39307,0,0.624381,6.16896,4.14015e+06,2.83324e+06,1.37942e+07,0,0,0,0,62.3362,61.308,4.60621,1,1,1.51349,1.54132,0,1.16932,1.69344,8.60408e+06,3.78701e+06,1.30222e+07,0,0,0,1.26659e+08
100.112,103.622,5.38989,0,0,3.33182,3.39308,0,0.624382,6.16896,4.14015e+06,2.83324e+06,1.37942e+07,0,0,0,0,62.3362,61.308,4.61509,1,1,1.5135,1.54132,0,1.16932,1.69344,8.60408e+06,3.78701e+06,1.30222e+07,0,0,0,1.26659e+08
101.865,103.622,5.63921,0,0,3.45356,3.51706,0,0.624383,6.16896,4.14015e+06,2.83324e+06,1.42983e+07,0,0,0,0,62.3362,61.308,5.18828,1,1,1.57437,1.60332,0,1.16933,1.69344,8.60408e+06,3.78701e+06,1.3546e+07,0,0,0,1.26659e+08
102.101,103.622,3.96872,0,0,3.45357,3.51706,0,0.647197,6.16896,4.14015e+06,2.83324e+06,1.42983e+07,0,0,0,0,62.3362,61.308,5.04125,1,1,1.57437,1.60332,0,1.21636,1.69344,8.60408e+06,3.78701e+06,1.3546e+07,0,0,0,1.26659e+08
102.116,103.622,3.6268,0,0,3.45357,3.51707,0,0.647198,6.16896,4.14015e+06,2.83324e+06,1.42983e+07,0,0,0,0,62.3362,61.308,5.20539,1,1,1.57437,1.60332,0,1.21636,1.69344,8.60408e+06,3.78701e+06,1.3546e+07,0,0,0,1.26659e+08
102.046,103.622,3.61955,0,0,3.45357,3.51707,0,0.647199,6.16896,4.14015e+06,2.83324e+06,1.42983e+07,0,0,0,0,62.3362,61.308,5.16414,1,1,1.57437,1.60332,0,1.21636,1.69344,8.60408e+06,3.78701e+06,1.3546e+07,0,0,0,1.26659e+08
101.764,103.622,3.17075,0,0,3.40598,3.4686,0,0.6472,6.16896,4.14015e+06,2.83324e+06,1.41013e+07,0,0,0,0,62.3362,61.308,3.98445,1,1,1.55073,1.57925,0,1.21636,1.69344,8.60408e+06,3.78701e+06,1.33426e+07,0,0,0,1.26659e+08
101.22,103.622,2.85201,0,0,3.40598,3.46861,0,0.638281,6.16896,4.14015e+06,2.83324e+06,1.41013e+07,0,0,0,0,62.3362,61.308,3.5605,1,1,1.55074,1.57925,0,1.1981,1.69344,8.60408e+06,3.78701e+06,1.33427e+07,0,0,0,1.26659e+08
100.516,103.622,2.62435,0,0,3.40599,3.46861,0,0.638281,6.16896,4.14015e+06,2.83324e+06,1.41013e+07,0,0,0,0,62.3362,61.308,3.38116,1,1,1.55074,1.57925,0,1.1981,1.69344,8.60408e+06,3.78701e+06,1.33427e+07,0,0,0,1.26659e+08
99.8126,103.622,2.62377,0,0,3.40599,3.46862,0,0.638282,6.16896,4.14015e+06,2.83324e+06,1.41013e+07,0,0,0,0,62.3362,61.308,3.90146,1,1,1.55074,1.57925,0,1.1981,1.69344,8.60408e+06,3.78701e+06,1.33427e+07,0,0,0,1.26659e+08
98.8468,103.622,2.35414,0,0,3.56757,3.63316,0,0.638283,6.16896,4.14015e+06,2.83324e+06,1.47703e+07,0,0,0,0,62.3362,61.308,3.07061,1,1,1.63458,1.66464,0,1.1981,1.69344,8.60408e+06,3.78701e+06,1.40641e+07,0,0,0,1.26659e+08
97.8141,103.622,2.26709,0,0,3.56757,3.63317,0,0.668562,6.16896,4.14015e+06,2.83324e+06,1.47703e+07,0,0,0,0,62.3362,61.308,3.11685,1,1,1.63459,1.66464,0,1.26288,1.69344,8.60408e+06,3.78701e+06,1.40641e+07,0,0,0,1.26659e+08
96.7085,103.622,2.16492,0,0,3.56758,3.63317,0,0.668563,6.16896,4.14015e+06,2.83324e+06,1.47703e+07,0,0,0,0,62.3362,61.308,3.03603,1,1,1.63459,1.66464,0,1.26288,1.69344,8.60408e+06,3.78701e+06,1.40641e+07,0,0,0,1.26659e+08
95.4978,103.622,2.02622,0,0,3.56758,3.63318,0,0.668564,6.16896,4.14015e+06,2.83324e+06,1.47703e+07,0,0,0,0,62.3362,61.308,2.85518,1,1,1.63459,1.66464,0,1.26288,1.69344,8.60408e+06,3.78701e+06,1.40641e+07,0,0,0,1.26659e+08
94.1904,103.622,1.84769,0,0,3.56759,3.63318,0,0.668565,6.16896,4.14015e+06,2.83324e+06,1.47703e+07,0,0,0,0,62.3362,61.308,2.55826,1,1,1.63459,1.66465,0,1.26288,1.69344,8.60408e+06,3.78701e+06,1.40642e+07,0,0,0,1.26659e+08
92.7624,103.622,1.67893,0,0,3.53564,3.60065,0,0.668566,6.16896,4.14015e+06,2.83324e+06,1.46381e+07,0,0,0,0,62.2918,61.308,2.3803,1,1,1.68068,1.71158,0,1.26289,1.69344,8.60408e+06,3.78701e+06,1.44607e+07,0,0,0,1.26659e+08
91.2315,103.622,1.53455,0,0,3.53564,3.60065,0,0.662579,6.16896,4.14015e+06,2.83324e+06,1.46381e+07,0,0,0,0,62.192,61.308,2.18671,1,1,1.68068,1.71158,0,1.29849,1.69344,8.60408e+06,3.78701e+06,1.44607e+07,0,0,0,1.26659e+08
89.6826,103.622,1.45295,0,0,3.53565,3.60065,0,0.662579,6.16896,4.14015e+06,2.83324e+06,1.46381e+07,0,0,0,0,61.9585,61.308,2.15705,1,1,1.68068,1.71158,0,1.29849,1.69344,8.60408e+06,3.78701e+06,1.44607e+07,0,0,0,1.26659e+08
88.0245,103.622,1.29244,0,0,3.53565,3.60066,0,0.66258,6.16896,4.14015e+06,2.83324e+06,1.46381e+07,0,0,0,0,61.6356,61.308,1.91288,1,1,1.68068,1.71158,0,1.29849,1.69344,8.60408e+06,3.78701e+06,1.44607e+07,0,0,0,1.26659e+08
86.4729,103.622,1.4411,0,0,3.61817,3.6847,0,0.662581,6.16896,4.14015e+06,2.83324e+06,1.49798e+07,0,0,0,0,61.409,61.308,2.02045,1,1,1.69344,1.75341,0.0283127,1.29849,1.69344,8.60408e+06,3.78701e+06,1.45705e+07,0,0,0,1.26659e+08
84.8489,103.622,1.32308,0,0,3.61818,3.6847,0,0.678045,6.16896,4.14015e+06,2.83324e+06,1.49798e+07,0,0,0,0,60.9679,61.308,1.98391,1,1,1.69344,1.75341,0.028315,1.30835,1.69344,8.60408e+06,3.78701e+06,1.45705e+07,0,0,0,1.26659e+08
83.1568,103.622,1.20965,0,0,3.61818,3.68471,0,0.678046,6.16896,4.14015e+06,2.83324e+06,1.49798e+07,0,0,0,0,60.5819,61.308,1.74111,1,1,1.69344,1.75341,0.0283172,1.30835,1.69344,8.60408e+06,3.78701e+06,1.45705e+07,0,0,0,1.26659e+08
81.5592,103.622,1.30163,0,0,3.61819,3.68471,0,0.678047,6.16896,4.14015e+06,2.83324e+06,1.49798e+07,0,0,0,0,60.1156,61.308,2.0588,1,1,1.69344,1.75342,0.0283194,1.30835,1.69344,8.60408e+06,3.78701e+06,1.45705e+07,0,0,0,1.26659e+08
79.7616,103.622,1.17508,0,0,3.85983,3.9308,0,0.678048,6.16896,4.14015e+06,2.83324e+06,1.59803e+07,0,0,0,0,59.6582,61.308,1.59156,1,1,1.69344,1.90438,0.176558,1.30835,1.69344,8.60408e+06,3.78701e+06,1.45705e+07,0,0,0,1.26659e+08
78.0953,103.622,1.30092,0,0,3.85984,3.93081,0,0.723333,6.16896,4.14015e+06,2.83324e+06,1.59803e+07,0,0,0,0,59.029,61.308,1.97362,1,1,1.69344,1.90438,0.17656,1.30835,1.69344,8.60408e+06,3.78701e+06,1.45705e+07,0,0,0,1.26659e+08
76.2476,103.622,1.05935,0,0,3.85984,3.93081,0,0.723334,6.16896,4.14015e+06,2.83324e+06,1.59803e+07,0,0,0,0,58.5201,61.308,1.38808,1,1,1.69344,1.90438,0.176563,1.30835,1.69344,8.60408e+06,3.78701e+06,1.45705e+07,0,0,0,1.26659e+08
74.6537,103.622,1.32316,0,0,3.85985,3.93082,0,0.723335,6.16896,4.14015e+06,2.83324e+06,1.59804e+07,0,0,0,0,58.3288,61.308,2.54441,1,1,1.69344,1.90439,0.176565,1.30835,1.69344,8.60408e+06,3.78701e+06,1.45705e+07,0,0,0,1.26659e+08
72.9684,103.622,1.12532,0,0,3.85985,3.93082,0,0.723336,6.16896,4.14015e+06,2.83324e+06,1.59804e+07,0,0,0,0,57.9167,61.308,2.02592,1,1,1.69344,1.90439,0.176568,1.30835,1.69344,8.60408e+06,3.78701e+06,1.45705e+07,0,0,0,1.26659e+08
71.3035,103.622,1.00489,0,0,3.74209,3.81089,0,0.723337,6.16896,4.14015e+06,2.83324e+06,1.54928e+07,0,0,0,0,57.4294,61.308,1.63938,1,1,1.69344,1.81276,0.0865955,1.30835,1.69344,8.60408e+06,3.78701e+06,1.45705e+07,0,0,0,1.26659e+08
69.7965,103.622,1.15847,0,0,3.74209,3.8109,0,0.701268,6.16896,4.14015e+06,2.83324e+06,1.54928e+07,0,0,0,0,57.0251,61.308,1.67644,1,1,1.69344,1.81277,0.0865979,1.30835,1.69344,8.60408e+06,3.78701e+06,1.45705e+07,0,0,0,1.26659e+08
70.0666,103.622,3.27044,0,0,3.7421,3.8109,0,0.701269,6.16896,4.14015e+06,2.83324e+06,1.54929e+07,0,0,0,0,57.3756,61.308,3.12608,1,1,1.69344,1.81277,0.0866001,1.30835,1.69344,8.60408e+06,3.78701e+06,1.45705e+07,0,0,0,1.26659e+08
69.2428,103.622,2.04925,0,0,3.7421,3.81091,0,0.701269,6.16896,4.14015e+06,2.83324e+06,1.54929e+07,0,0,0,0,57.2083,61.308,2.22486,1,1,1.69344,1.81277,0.0866025,1.30835,1.69344,8.60408e+06,3.78701e+06,1.45705e+07,0,0,0,1.26659e+08
68.0985,103.622,1.65562,0,0,3.64544,3.71247,0,0.70127,6.16896,4.14015e+06,2.83324e+06,1.50927e+07,0,0,0,0,56.8013,61.308,2.13998,1,1,1.69344,1.72937,0.00470501,1.30835,1.69344,8.60408e+06,3.78701e+06,1.45705e+07,0,0,0,1.26659e+08
67.2243,103.622,1.92311,0,0,3.64545,3.71247,0,0.683156,6.16896,4.14015e+06,2.83324e+06,1.50927e+07,0,0,0,0,56.435,61.308,1.55521,1,1,1.69344,1.72937,0.00470724,1.30835,1.69344,8.60408e+06,3.78701e+06,1.45705e+07,0,0,0,1.26659e+08
69.496,103.622,5.31564,0,0,3.64545,3.71248,0,0.683157,6.16896,4.14015e+06,2.83324e+06,1.50927e+07,0,0,0,0,57.2294,61.308,5.37475,1,1,1.69344,1.72937,0.00470946,1.30835,1.69344,8.60408e+06,3.78701e+06,1.45705e+07,0,0,0,1.26659e+08
70.695,103.622,4.32839,0,0,3.64546,3.71248,0,0.683157,6.16896,4.14015e+06,2.83324e+06,1.50927e+07,0,0,0,0,57.6423,61.308,4.64443,1,1,1.69344,1.72937,0.00471157,1.30835,1.69344,8.60408e+06,3.78701e+06,1.45705e+07,0,0,0,1.26659e+08
72.7915,103.622,5.00107,0,0,3.37092,3.43289,0,0.683158,6.16896,4.14015e+06,2.83324e+06,1.39561e+07,0,0,0,0,58.1073,61.308,3.40699,1,1,1.52758,1.55567,0,1.30835,1.69344,8.60408e+06,3.78701e+06,1.31434e+07,0,0,0,1.26659e+08
75.4109,103.622,5.87503,0,0,3.37092,3.4329,0,0.63171,6.16896,4.14015e+06,2.83324e+06,1.39561e+07,0,0,0,0,58.8428,61.308,3.96095,1,1,1.52758,1.55567,0,1.18021,1.69344,8.60408e+06,3.78701e+06,1.31434e+07,0,0,0,1.26659e+08
77.6458,103.622,5.36837,0,0,3.37092,3.4329,0,0.63171,6.16896,4.14015e+06,2.83324e+06,1.39561e+07,0,0,0,0,59.4263,61.308,3.54399,1,1,1.52758,1.55567,0,1.18021,1.69344,8.60408e+06,3.78701e+06,1.31435e+07,0,0,0,1.26659e+08
80.6836,103.622,6.29646,0,0,3.37093,3.43291,0,0.631711,6.16896,4.14015e+06,2.83324e+06,1.39562e+07,0,0,0,0,60.0003,61.308,3.58255,1,1,1.52759,1.55567,0,1.18021,1.69344,8.60408e+06,3.78701e+06,1.31435e+07,0,0,0,1.26659e+08
82.8984,103.622,5.34119,0,0,3.37093,3.43291,0,0.631712,6.16896,4.14015e+06,2.83324e+06,1.39562e+07,0,0,0,0,59.9879,61.308,2.8264,1,1,1.52759,1.55567,0,1.18021,1.69344,8.60408e+06,3.78701e+06,1.31435e+07,0,0,0,1.26659e+08
82.4632,103.622,2.54367,0,0,3.47653,3.54045,0,0.631713,6.16896,4.14015e+06,2.83324e+06,1.43933e+07,0,0,0,0,59.905,61.308,1.90026,1,1,1.57698,1.60597,0,1.18021,1.69344,8.60408e+06,3.78701e+06,1.35684e+07,0,0,0,1.26659e+08
83.6084,103.622,4.39194,0,0,3.4765,3.54042,0,0.651501,6.16896,4.14015e+06,2.83324e+06,1.43932e+07,0,0,0,0,60.2485,61.308,3.02341,1,1,1.57697,1.60596,0,1.21837,1.69344,8.60408e+06,3.78701e+06,1.35683e+07,0,0,0,1.26659e+08
86.8277,103.622,6.91,0,0,3.47648,3.5404,0,0.651496,6.16896,4.14015e+06,2.83324e+06,1.43931e+07,0,0,0,0,61.9686,61.308,6.63905,1,1,1.57695,1.60595,0,1.21836,1.69344,8.60408e+06,3.78701e+06,1.35682e+07,0,0,0,1.26659e+08
90.8523,103.622,7.85397,0,0,3.47645,3.54037,0,0.651492,6.16896,4.14015e+06,2.83324e+06,1.4393e+07,0,0,0,0,62.3362,61.308,6.91121,1,1,1.57694,1.60594,0,1.21835,1.69344,8.60408e+06,3.78701e+06,1.35681e+07,0,0,0,1.26659e+08
91.5255,103.622,4.16608,0,0,3.81551,3.88566,0,0.651487,6.16896,4.14015e+06,2.83324e+06,1.57968e+07,0,0,0,0,62.3362,61.308,2.91823,1,1,1.69344,1.79475,0.0689058,1.21835,1.69344,8.60408e+06,3.78701e+06,1.45705e+07,0,0,0,1.26659e+08
93.0947,103.622,5.18641,0,0,3.81548,3.88564,0,0.715027,6.16896,4.14015e+06,2.83324e+06,1.57967e+07,0,0,0,0,62.3362,61.308,3.45274,1,1,1.69344,1.79474,0.0688935,1.30835,1.69344,8.60408e+06,3.78701e+06,1.45705e+07,0,0,0,1.26659e+08
95.2172,103.622,5.83478,0,0,3.81546,3.88561,0,0.715022,6.16896,4.14015e+06,2.83324e+06,1.57966e+07,0,0,0,0,62.3362,61.308,3.62293,1,1,1.69344,1.79472,0.0688812,1.30835,1.69344,8.60408e+06,3.78701e+06,1.45705e+07,0,0,0,1.26659e+08
96.3745,103.622,4.79513,0,0,3.81543,3.88558,0,0.715017,6.16896,4.14015e+06,2.83324e+06,1.57965e+07,0,0,0,0,62.3362,61.308,3.42101,1,1,1.69344,1.79471,0.0688689,1.30835,1.69344,8.60408e+06,3.78701e+06,1.45705e+07,0,0,0,1.26659e+08
98.6686,103.622,5.88424,0,0,3.33178,3.39304,0,0.715012,6.16896,4.14015e+06,2.83324e+06,1.37941e+07,0,0,0,0,62.3362,61.308,5.32801,1,1,1.51348,1.5413,0,1.30835,1.69344,8.60408e+06,3.78701e+06,1.30221e+07,0,0,0,1.26659e+08
101.106,103.622,6.20409,0,0,3.33175,3.39301,0,0.624375,6.16896,4.14015e+06,2.83324e+06,1.3794e+07,0,0,0,0,62.3362,61.308,5.98355,1,1,1.51347,1.54129,0,1.16931,1.69344,8.60408e+06,3.78701e+06,1.3022e+07,0,0,0,1.26659e+08
102.732,103.622,5.19092,0,0,3.33173,3.39299,0,0.624371,6.16896,4.14015e+06,2.83324e+06,1.37939e+07,0,0,0,0,62.3362,61.308,4.31429,1,1,1.51345,1.54128,0,1.1693,1.69344,8.60408e+06,3.78701e+06,1.30219e+07,0,0,0,1.26659e+08
103.622,103.622,5.62458,0,0,3.33171,3.39296,0,0.624366,6.16896,4.14015e+06,2.83324e+06,1.37938e+07,0,0,0,0,62.3362,61.308,4.41341,1,1,1.51344,1.54127,0,1.1693,1.69344,8.60408e+06,3.78701e+06,1.30218e+07,0,0,0,1.26659e+08
103.622,103.622,7.87767,0,0,3.33168,3.39294,0,0.624362,6.16896,4.14015e+06,2.83324e+06,1.37937e+07,0,0,0,0,62.3362,61.308,9.24096,1,1,1.51343,1.54126,0,1.16929,1.69344,8.60408e+06,3.78701e+06,1.30217e+07,0,0,0,1.26659e+08
103.622,103.622,5.8038,0,0,3.45339,3.51689,0,0.624358,6.16896,4.14015e+06,2.83324e+06,1.42976e+07,0,0,0,0,62.3362,61.308,5.72016,1,1,1.57429,1.60324,0,1.16928,1.69344,8.60408e+06,3.78701e+06,1.35453e+07,0,0,0,1.26659e+08
103.622,103.622,5.48885,0,0,3.45337,3.51686,0,0.647166,6.16896,4.14015e+06,2.83324e+06,1.42975e+07,0,0,0,0,62.3362,61.308,6.11819,1,1,1.57428,1.60323,0,1.2163,1.69344,8.60408e+06,3.78701e+06,1.35452e+07,0,0,0,1.26659e+08
103.622,103.622,5.14326,0,0,3.45334,3.51684,0,0.647161,6.16896,4.14015e+06,2.83324e+06,1.42974e+07,0,0,0,0,62.3362,61.308,6.3115,1,1,1.57427,1.60321,0,1.21629,1.69344,8.60408e+06,3.78701e+06,1.35451e+07,0,0,0,1.26659e+08
103.622,103.622,4.84114,0,0,3.45332,3.51681,0,0.647157,6.16896,4.14015e+06,2.83324e+06,1.42973e+07,0,0,0,0,62.3362,61.308,5.13428,1,1,1.57426,1.6032,0,1.21628,1.69344,8.60408e+06,3.78701e+06,1.3545e+07,0,0,0,1.26659e+08
103.622,103.622,4.80207,0,0,3.4057,3.46832,0,0.647152,6.16896,4.14015e+06,2.83324e+06,1.41001e+07,0,0,0,0,62.3362,61.308,5.16746,1,1,1.55061,1.57912,0,1.21627,1.69344,8.60408e+06,3.78701e+06,1.33416e+07,0,0,0,1.26659e+08
103.622,103.622,4.22526,0,0,3.40568,3.46829,0,0.638228,6.16896,4.14015e+06,2.83324e+06,1.41e+07,0,0,0,0,62.3362,61.308,4.67032,1,1,1.5506,1.57911,0,1.198,1.69344,8.60408e+06,3.78701e+06,1.33415e+07,0,0,0,1.26659e+08
103.622,103.622,3.78147,0,0,3.40565,3.46827,0,0.638224,6.16896,4.14015e+06,2.83324e+06,1.40999e+07,0,0,0,0,62.3362,61.308,4.14249,1,1,1.55059,1.5791,0,1.19799,1.69344,8.60408e+06,3.78701e+06,1.33414e+07,0,0,0,1.26659e+08
103.622,103.622,3.49353,0,0,3.40563,3.46825,0,0.638219,6.16896,4.14015e+06,2.83324e+06,1.40998e+07,0,0,0,0,62.3362,61.308,3.92481,1,1,1.55058,1.57908,0,1.19798,1.69344,8.60408e+06,3.78701e+06,1.33413e+07,0,0,0,1.26659e+08
103.445,103.622,3.30821,0,0,3.56716,3.63274,0,0.638215,6.16896,4.14015e+06,2.83324e+06,1.47686e+07,0,0,0,0,62.3362,61.308,3.73632,1,1,1.6344,1.66445,0,1.19797,1.69344,8.60408e+06,3.78701e+06,1.40625e+07,0,0,0,1.26659e+08
103.077,103.622,3.07086,0,0,3.56713,3.63272,0,0.668485,6.16896,4.14015e+06,2.83324e+06,1.47685e+07,0,0,0,0,62.3362,61.308,3.76022,1,1,1.63438,1.66443,0,1.26273,1.69344,8.60408e+06,3.78701e+06,1.40624e+07,0,0,0,1.26659e+08
102.629,103.622,2.98714,0,0,3.56711,3.63269,0,0.668481,6.16896,4.14015e+06,2.83324e+06,1.47684e+07,0,0,0,0,62.3362,61.308,3.7207,1,1,1.63437,1.66442,0,1.26273,1.69344,8.60408e+06,3.78701e+06,1.40623e+07,0,0,0,1.26659e+08
102.022,103.622,2.79057,0,0,3.56708,3.63267,0,0.668476,6.16896,4.14015e+06,2.83324e+06,1.47683e+07,0,0,0,0,62.3362,61.308,3.39918,1,1,1.63436,1.66441,0,1.26272,1.69344,8.60408e+06,3.78701e+06,1.40622e+07,0,0,0,1.26659e+08
101.279,103.622,2.60828,0,0,3.56706,3.63264,0,0.668471,6.16896,4.14015e+06,2.83324e+06,1.47682e+07,0,0,0,0,62.3362,61.308,3.477,1,1,1.63435,1.6644,0,1.26271,1.69344,8.60408e+06,3.78701e+06,1.40621e+07,0,0,0,1.26659e+08
100.404,103.622,2.41558,0,0,3.53509,3.60008,0,0.668467,6.16896,4.14015e+06,2.83324e+06,1.46358e+07,0,0,0,0,62.3362,61.308,3.06895,1,1,1.68041,1.71131,0,1.2627,1.69344,8.60408e+06,3.78701e+06,1.44584e+07,0,0,0,1.26659e+08
99.388,103.622,2.22484,0,0,3.53506,3.60006,0,0.662475,6.16896,4.14015e+06,2.83324e+06,1.46357e+07,0,0,0,0,62.3362,61.308,3.01501,1,1,1.6804,1.7113,0,1.29829,1.69344,8.60408e+06,3.78701e+06,1.44583e+07,0,0,0,1.26659e+08
98.2875,103.622,2.08858,0,0,3.53504,3.60003,0,0.66247,6.16896,4.14015e+06,2.83324e+06,1.46356e+07,0,0,0,0,62.2767,61.308,2.91465,1,1,1.68039,1.71129,0,1.29828,1.69344,8.60408e+06,3.78701e+06,1.44582e+07,0,0,0,1.26659e+08
97.1189,103.622,1.99249,0,0,3.53501,3.60001,0,0.662466,6.16896,4.14015e+06,2.83324e+06,1.46355e+07,0,0,0,0,62.1658,61.308,2.8443,1,1,1.68038,1.71127,0,1.29827,1.69344,8.60408e+06,3.78701e+06,1.44581e+07,0,0,0,1.26659e+08
96.082,103.622,2.15384,0,0,3.61749,3.684,0,0.662461,6.16896,4.14015e+06,2.83324e+06,1.49769e+07,0,0,0,0,62.0407,61.308,2.96894,1,1,1.69344,1.75308,0.0279863,1.29826,1.69344,8.60408e+06,3.78701e+06,1.45705e+07,0,0,0,1.26659e+08
94.8985,103.622,1.98967,0,0,3.61746,3.68397,0,0.677917,6.16896,4.14015e+06,2.83324e+06,1.49768e+07,0,0,0,0,61.8648,61.308,2.87801,1,1,1.69344,1.75306,0.0279742,1.30835,1.69344,8.60408e+06,3.78701e+06,1.45705e+07,0,0,0,1.26659e+08
93.5683,103.622,1.80951,0,0,3.61744,3.68395,0,0.677912,6.16896,4.14015e+06,2.83324e+06,1.49767e+07,0,0,0,0,61.6536,61.308,2.63053,1,1,1.69344,1.75305,0.0279621,1.30835,1.69344,8.60408e+06,3.78701e+06,1.45705e+07,0,0,0,1.26659e+08
92.0747,103.622,1.61101,0,0,3.61741,3.68392,0,0.677907,6.16896,4.14015e+06,2.83324e+06,1.49766e+07,0,0,0,0,61.4296,61.308,2.59534,1,1,1.69344,1.75304,0.0279501,1.30835,1.69344,8.60408e+06,3.78701e+06,1.45705e+07,0,0,0,1.26659e+08
90.7021,103.622,1.85778,0,0,3.85897,3.92993,0,0.677903,6.16896,4.14015e+06,2.83324e+06,1.59767e+07,0,0,0,0,61.1226,61.308,2.51963,1,1,1.69344,1.90396,0.176141,1.30835,1.69344,8.60408e+06,3.78701e+06,1.45705e+07,0,0,0,1.26659e+08
89.0461,103.622,1.5434,0,0,3.85895,3.9299,0,0.723172,6.16896,4.14015e+06,2.83324e+06,1.59766e+07,0,0,0,0,60.6323,61.308,1.93248,1,1,1.69344,1.90394,0.176128,1.30835,1.69344,8.60408e+06,3.78701e+06,1.45705e+07,0,0,0,1.26659e+08
87.6638,103.622,1.80703,0,0,3.85892,3.92987,0,0.723167,6.16896,4.14015e+06,2.83324e+06,1.59765e+07,0,0,0,0,60.4229,61.308,2.91877,1,1,1.69344,1.90393,0.176115,1.30835,1.69344,8.60408e+06,3.78701e+06,1.45705e+07,0,0,0,1.26659e+08
86.0397,103.622,1.54187,0,0,3.85889,3.92984,0,0.723162,6.16896,4.14015e+06,2.83324e+06,1.59764e+07,0,0,0,0,60.0186,61.308,2.25815,1,1,1.69344,1.90392,0.176102,1.30835,1.69344,8.60408e+06,3.78701e+06,1.45705e+07,0,0,0,1.26659e+08
84.6362,103.622,1.73877,0,0,3.85887,3.92982,0,0.723157,6.16896,4.14015e+06,2.83324e+06,1.59763e+07,0,0,0,0,59.7866,61.308,2.84967,1,1,1.69344,1.9039,0.176089,1.30835,1.69344,8.60408e+06,3.78701e+06,1.45705e+07,0,0,0,1.26659e+08
83.3365,103.622,1.85113,0,0,3.7411,3.80989,0,0.723152,6.16896,4.14015e+06,2.83324e+06,1.54887e+07,0,0,0,0,59.8982,61.308,3.87116,1,1,1.69344,1.81228,0.0861253,1.30835,1.69344,8.60408e+06,3.78701e+06,1.45705e+07,0,0,0,1.26659e+08
82.184,103.622,2.0169,0,0,3.74108,3.80986,0,0.701082,6.16896,4.14015e+06,2.83324e+06,1.54886e+07,0,0,0,0,60.2086,61.308,4.1918,1,1,1.69344,1.81227,0.0861129,1.30835,1.69344,8.60408e+06,3.78701e+06,1.45705e+07,0,0,0,1.26659e+08
81.0847,103.622,2.09995,0,0,3.74105,3.80983,0,0.701078,6.16896,4.14015e+06,2.83324e+06,1.54885e+07,0,0,0,0,60.5465,61.308,4.41977,1,1,1.69344,1.81226,0.0861005,1.30835,1.69344,8.60408e+06,3.78701e+06,1.45705e+07,0,0,0,1.26659e+08
80.1229,103.622,2.4543,0,0,3.74102,3.80981,0,0.701073,6.16896,4.14015e+06,2.83324e+06,1.54884e+07,0,0,0,0,61.3274,61.308,5.28538,1,1,1.69344,1.81225,0.086088,1.30835,1.69344,8.60408e+06,3.78701e+06,1.45705e+07,0,0,0,1.26659e+08
78.5923,103.622,1.64155,0,0,3.64436,3.71136,0,0.701068,6.16896,4.14015e+06,2.83324e+06,1.50882e+07,0,0,0,0,61.2246,61.308,2.8795,1,1,1.69344,1.72885,0.00420026,1.30835,1.69344,8.60408e+06,3.78701e+06,1.45705e+07,0,0,0,1.26659e+08
77.195,103.622,1.73263,0,0,3.64433,3.71134,0,0.682953,6.16896,4.14015e+06,2.83324e+06,1.50881e+07,0,0,0,0,60.9442,61.308,1.81823,1,1,1.69344,1.72884,0.00418844,1.30835,1.69344,8.60408e+06,3.78701e+06,1.45705e+07,0,0,0,1.26659e+08
77.9252,103.622,4.01614,0,0,3.64431,3.71131,0,0.682948,6.16896,4.14015e+06,2.83324e+06,1.5088e+07,0,0,0,0,61.6692,61.308,4.95815,1,1,1.69344,1.72883,0.0041765,1.30835,1.69344,8.60408e+06,3.78701e+06,1.45705e+07,0,0,0,1.26659e+08
80.0154,103.622,5.60808,0,0,3.64428,3.71129,0,0.682943,6.16896,4.14015e+06,2.83324e+06,1.50879e+07,0,0,0,0,62.3362,61.308,8.22377,1,1,1.69344,1.72882,0.00416468,1.30835,1.69344,8.60408e+06,3.78701e+06,1.45705e+07,0,0,0,1.26659e+08
80.8382,103.622,3.89894,0,0,3.3698,3.43176,0,0.682938,6.16896,4.14015e+06,2.83324e+06,1.39515e+07,0,0,0,0,62.3362,61.308,3.37622,1,1,1.52708,1.55515,0,1.30835,1.69344,8.60408e+06,3.78701e+06,1.31391e+07,0,0,0,1.26659e+08
83.1877,103.622,5.55081,0,0,3.36978,3.43174,0,0.631501,6.16896,4.14015e+06,2.83324e+06,1.39514e+07,0,0,0,0,62.3362,61.308,4.06437,1,1,1.52706,1.55514,0,1.17982,1.69344,8.60408e+06,3.78701e+06,1.3139e+07,0,0,0,1.26659e+08
83.9197,103.622,3.89698,0,0,3.36975,3.43171,0,0.631496,6.16896,4.14015e+06,2.83324e+06,1.39513e+07,0,0,0,0,62.3362,61.308,3.60528,1,1,1.52705,1.55513,0,1.17981,1.69344,8.60408e+06,3.78701e+06,1.31389e+07,0,0,0,1.26659e+08
83.8414,103.622,3.0252,0,0,3.36973,3.43169,0,0.631492,6.16896,4.14015e+06,2.83324e+06,1.39512e+07,0,0,0,0,62.3362,61.308,2.99337,1,1,1.52704,1.55512,0,1.1798,1.69344,8.60408e+06,3.78701e+06,1.31388e+07,0,0,0,1.26659e+08
85.9393,103.622,5.46383,0,0,3.36971,3.43166,0,0.631488,6.16896,4.14015e+06,2.83324e+06,1.39511e+07,0,0,0,0,62.3362,61.308,4.26121,1,1,1.52703,1.55511,0,1.17979,1.69344,8.60408e+06,3.78701e+06,1.31387e+07,0,0,0,1.26659e+08
93.4164,103.622,11.6964,0,0,3.47523,3.53913,0,0.631483,6.16896,4.14015e+06,2.83324e+06,1.4388e+07,0,0,0,0,62.3362,61.308,9.18854,1,1,1.57639,1.60537,0,1.17979,1.69344,8.60408e+06,3.78701e+06,1.35634e+07,0,0,0,1.26659e+08
100.364,103.622,11.1595,0,0,3.47518,3.53908,0,0.651259,6.16896,4.14015e+06,2.83324e+06,1.43878e+07,0,0,0,0,62.3362,61.308,7.1574,1,1,1.57637,1.60535,0,1.21792,1.69344,8.60408e+06,3.78701e+06,1.35632e+07,0,0,0,1.26659e+08
103.622,103.622,16.1506,0,0,3.47513,3.53902,0,0.651249,6.16896,4.14015e+06,2.83324e+06,1.43876e+07,0,0,0,0,62.3362,61.308,9.92548,1,1,1.57634,1.60533,0,1.2179,1.69344,8.60408e+06,3.78701e+06,1.3563e+07,0,0,0,1.26659e+08
103.622,103.622,16.4527,0,0,3.47507,3.53897,0,0.651239,6.16896,4.14015e+06,2.83324e+06,1.43873e+07,0,0,0,0,62.3362,61.308,11.0965,1,1,1.57632,1.6053,0,1.21788,1.69344,8.60408e+06,3.78701e+06,1.35628e+07,0,0,0,1.26659e+08
103.622,103.622,8.084,0,0,3.81397,3.88409,0,0.651229,6.16896,4.14015e+06,2.83324e+06,1.57904e+07,0,0,0,0,62.3362,61.308,6.60017,1,1,1.69344,1.79402,0.0681929,1.21786,1.69344,8.60408e+06,3.78701e+06,1.45705e+07,0,0,0,1.26659e+08
103.622,103.622,8.06625,0,0,3.81391,3.88403,0,0.714737,6.16896,4.14015e+06,2.83324e+06,1.57902e+07,0,0,0,0,62.3362,61.308,7.20704,1,1,1.69344,1.794,0.0681661,1.30835,1.69344,8.60408e+06,3.78701e+06,1.45705e+07,0,0,0,1.26659e+08
103.622,103.622,15.8778,0,0,3.81385,3.88397,0,0.714727,6.16896,4.14015e+06,2.83324e+06,1.57899e+07,0,0,0,0,62.3362,61.308,10.6363,1,1,1.69344,1.79397,0.0681393,1.30835,1.69344,8.60408e+06,3.78701e+06,1.45705e+07,0,0,0,1.26659e+08
103.622,103.622,6.82545,0.02,0,3.81379,3.88391,0,0.714716,6.16896,4.14015e+06,2.83324e+06,1.57897e+07,0,0,0,0,62.3362,61.308,5.44506,1,1,1.69344,1.79394,0.0681125,1.30835,1.69344,8.60408e+06,3.78701e+06,1.45705e+07,0,0,0,1.26659e+08
103.622,103.622,9.03965,0.17,0,3.33032,3.39155,0,0.714705,6.16896,4.14015e+06,2.83324e+06,1.3788e+07,0,0,0,0,62.3362,61.308,8.30459,1,1,1.51281,1.54063,0,1.30835,1.69344,8.60408e+06,3.78701e+06,1.30164e+07,0,0,0,1.26659e+08
103.622,103.622,8.21288,0.36,0,3.33027,3.3915,0,0.624102,6.16896,4.14015e+06,2.83324e+06,1.37878e+07,0,0,0,0,62.3362,61.308,6.58541,1,1,1.51279,1.54061,0,1.1688,1.69344,8.60408e+06,3.78701e+06,1.30162e+07,0,0,0,1.26659e+08
103.622,103.622,8.93906,0.46,0,3.0853,3.39145,0,0.624092,6.16896,4.14015e+06,2.83324e+06,1.27736e+07,0,0,0,0,62.3362,61.308,7.18892,1,1,1.40151,1.54058,0,1.16878,1.69344,8.60408e+06,3.78701e+06,1.20587e+07,0,0,0,1.26659e+08
103.622,103.622,7.95265,0.5,0,3.08525,3.3914,0,0.578185,6.16896,4.14015e+06,2.83324e+06,1.27734e+07,0,0,0,0,62.3362,61.308,6.19686,1,1,1.40149,1.54056,0,1.08281,1.69344,8.60408e+06,3.78701e+06,1.20585e+07,0,0,0,1.26659e+08
103.622,103.622,6.71124,0.53,0,3.0852,3.39135,0,0.578176,6.16896,4.14015e+06,2.83324e+06,1.27732e+07,0,0,0,0,62.3362,61.308,7.30775,1,1,1.40147,1.54054,0,1.08279,1.69344,8.60408e+06,3.78701e+06,1.20584e+07,0,0,0,1.26659e+08
103.622,103.622,4.1564,0.54,0,3.19788,3.5152,0,0.578167,6.16896,4.14015e+06,2.83324e+06,1.32397e+07,0,0,0,0,62.3362,61.308,3.0727,1,1,1.45781,1.60247,0,1.08277,1.69344,8.60408e+06,3.78701e+06,1.25431e+07,0,0,0,1.26659e+08
103.622,103.622,5.83593,0.54,0,3.19783,3.51515,0,0.599283,6.16896,4.14015e+06,2.83324e+06,1.32395e+07,0,0,0,0,62.3362,61.308,5.24667,1,1,1.45779,1.60245,0,1.12631,1.69344,8.60408e+06,3.78701e+06,1.25429e+07,0,0,0,1.26659e+08
103.622,103.622,4.66896,0.52,0,3.19778,3.5151,0,0.599274,6.16896,4.14015e+06,2.83324e+06,1.32393e+07,0,0,0,0,62.3362,61.308,3.23714,1,1,1.45777,1.60242,0,1.12629,1.69344,8.60408e+06,3.78701e+06,1.25428e+07,0,0,0,1.26659e+08
103.622,103.622,3.91363,0.51,0,3.19774,3.51504,0,0.599265,6.16896,4.14015e+06,2.83324e+06,1.32391e+07,0,0,0,0,62.3362,61.308,2.84856,1,1,1.45775,1.6024,0,1.12627,1.69344,8.60408e+06,3.78701e+06,1.25426e+07,0,0,0,1.26659e+08
103.622,103.622,3.7335,0.5,0,3.15362,3.46655,0,0.599256,6.16896,4.14015e+06,2.83324e+06,1.30564e+07,0,0,0,0,62.2181,61.308,2.89851,1,1,1.43583,1.57831,0,1.12625,1.69344,8.60408e+06,3.78701e+06,1.2354e+07,0,0,0,1.26659e+08
103.622,103.622,3.34158,0.46,0,3.15357,3.46649,0,0.590988,6.16896,4.14015e+06,2.83324e+06,1.30562e+07,0,0,0,0,62.1511,61.308,2.57055,1,1,1.43581,1.57829,0,1.10933,1.69344,8.60408e+06,3.78701e+06,1.23538e+07,0,0,0,1.26659e+08
103.617,103.622,3.08841,0.43,0,3.15352,3.46644,0,0.590979,6.16896,4.14015e+06,2.83324e+06,1.3056e+07,0,0,0,0,62.3362,61.308,2.43139,1,1,1.43579,1.57826,0,1.10931,1.69344,8.60408e+06,3.78701e+06,1.23537e+07,0,0,0,1.26659e+08
103.379,103.622,3.02117,0.39,0,3.4038,3.46639,0,0.59097,6.16896,4.14015e+06,2.83324e+06,1.40923e+07,0,0,0,0,62.3362,61.308,2.77803,1,1,1.54974,1.57824,0,1.10929,1.69344,8.60408e+06,3.78701e+06,1.33341e+07,0,0,0,1.26659e+08
103.353,103.622,3.31942,0.39,0,3.56522,3.63077,0,0.637873,6.16896,4.14015e+06,2.83324e+06,1.47605e+07,0,0,0,0,62.3362,61.308,2.84659,1,1,1.63351,1.66354,0,1.19733,1.69344,8.60408e+06,3.78701e+06,1.40548e+07,0,0,0,1.26659e+08
103.182,103.622,3.15348,0.33,0,3.56516,3.63071,0,0.668121,6.16896,4.14015e+06,2.83324e+06,1.47603e+07,0,0,0,0,62.1481,61.308,2.45563,1,1,1.63348,1.66352,0,1.26205,1.69344,8.60408e+06,3.78701e+06,1.40546e+07,0,0,0,1.26659e+08
102.754,103.622,2.86711,0.3,0,3.56511,3.63066,0,0.668111,6.16896,4.14015e+06,2.83324e+06,1.47601e+07,0,0,0,0,62.1986,61.308,2.1436,1,1,1.63346,1.66349,0,1.26203,1.69344,8.60408e+06,3.78701e+06,1.40544e+07,0,0,0,1.26659e+08
102.05,103.622,2.55601,0.27,0,3.56505,3.6306,0,0.668101,6.16896,4.14015e+06,2.83324e+06,1.47599e+07,0,0,0,0,62.2456,61.308,2.18852,1,1,1.63343,1.66346,0,1.26201,1.69344,8.60408e+06,3.78701e+06,1.40542e+07,0,0,0,1.26659e+08
101.222,103.622,2.38644,0.23,0,3.565,3.63055,0,0.668091,6.16896,4.14015e+06,2.83324e+06,1.47596e+07,0,0,0,0,62.3362,61.308,2.90944,1,1,1.63341,1.66344,0,1.26199,1.69344,8.60408e+06,3.78701e+06,1.4054e+07,0,0,0,1.26659e+08
100.282,103.622,2.26839,0.13,0,3.53302,3.59797,0,0.668081,6.16896,4.14015e+06,2.83324e+06,1.46272e+07,0,0,0,0,62.3362,61.308,3.02516,1,1,1.67943,1.71031,0,1.26197,1.69344,8.60408e+06,3.78701e+06,1.44499e+07,0,0,0,1.26659e+08
99.1884,103.622,2.09865,0.1,0,3.53296,3.59792,0,0.662087,6.16896,4.14015e+06,2.83324e+06,1.4627e+07,0,0,0,0,62.3362,61.308,3.02842,1,1,1.6794,1.71028,0,1.29753,1.69344,8.60408e+06,3.78701e+06,1.44497e+07,0,0,0,1.26659e+08
97.9555,103.622,1.92917,0.09,0,3.53291,3.59787,0,0.662077,6.16896,4.14015e+06,2.83324e+06,1.46268e+07,0,0,0,0,62.3362,61.308,2.68513,1,1,1.67938,1.71026,0,1.29751,1.69344,8.60408e+06,3.78701e+06,1.44495e+07,0,0,0,1.26659e+08
96.6707,103.622,1.8287,0,0,3.53285,3.59781,0,0.662067,6.16896,4.14015e+06,2.83324e+06,1.46266e+07,0,0,0,0,62.3362,61.308,2.64947,1,1,1.67935,1.71023,0,1.29749,1.69344,8.60408e+06,3.78701e+06,1.44493e+07,0,0,0,1.26659e+08
95.5527,103.622,2.03715,0.09,0,3.61525,3.68172,0,0.662057,6.16896,4.14015e+06,2.83324e+06,1.49677e+07,0,0,0,0,62.3362,61.308,2.89534,1,1,1.69344,1.75199,0.0269221,1.29747,1.69344,8.60408e+06,3.78701e+06,1.45705e+07,0,0,0,1.26659e+08
94.2744,103.622,1.85957,0,0,3.61519,3.68166,0,0.677498,6.16896,4.14015e+06,2.83324e+06,1.49675e+07,0,0,0,0,62.3362,61.308,2.7664,1,1,1.69344,1.75197,0.0268959,1.30835,1.69344,8.60408e+06,3.78701e+06,1.45705e+07,0,0,0,1.26659e+08
92.8722,103.622,1.69924,0,0,3.61514,3.68161,0,0.677487,6.16896,4.14015e+06,2.83324e+06,1.49672e+07,0,0,0,0,62.3362,61.308,2.56623,1,1,1.69344,1.75194,0.0268696,1.30835,1.69344,8.60408e+06,3.78701e+06,1.45705e+07,0,0,0,1.26659e+08
91.3117,103.622,1.50531,0,0,3.61508,3.68155,0,0.677477,6.16896,4.14015e+06,2.83324e+06,1.4967e+07,0,0,0,0,62.3362,61.308,2.54546,1,1,1.69344,1.75191,0.0268435,1.30835,1.69344,8.60408e+06,3.78701e+06,1.45705e+07,0,0,0,1.26659e+08
89.7127,103.622,1.59878,0,0,3.85646,3.92737,0,0.677467,6.16896,4.14015e+06,2.83324e+06,1.59663e+07,0,0,0,0,62.3362,61.308,2.82322,1,1,1.69344,1.90272,0.174924,1.30835,1.69344,8.60408e+06,3.78701e+06,1.45705e+07,0,0,0,1.26659e+08
88.1073,103.622,1.56317,0,0,3.8564,3.92731,0,0.722701,6.16896,4.14015e+06,2.83324e+06,1.59661e+07,0,0,0,0,62.3362,61.308,2.77714,1,1,1.69344,1.90269,0.174896,1.30835,1.69344,8.60408e+06,3.78701e+06,1.45705e+07,0,0,0,1.26659e+08
86.6149,103.622,1.68443,0,0,3.85634,3.92725,0,0.72269,6.16896,4.14015e+06,2.83324e+06,1.59659e+07,0,0,0,0,62.3362,61.308,2.92922,1,1,1.69344,1.90266,0.174867,1.30835,1.69344,8.60408e+06,3.78701e+06,1.45705e+07,0,0,0,1.26659e+08
85.3235,103.622,1.87826,0,0,3.85629,3.92719,0,0.722679,6.16896,4.14015e+06,2.83324e+06,1.59656e+07,0,0,0,0,62.3362,61.308,2.91563,1,1,1.69344,1.90263,0.174839,1.30835,1.69344,8.60408e+06,3.78701e+06,1.45705e+07,0,0,0,1.26659e+08
83.9158,103.622,1.69752,0,0,3.85623,3.92713,0,0.722668,6.16896,4.14015e+06,2.83324e+06,1.59654e+07,0,0,0,0,62.3362,61.308,2.63487,1,1,1.69344,1.9026,0.17481,1.30835,1.69344,8.60408e+06,3.78701e+06,1.45705e+07,0,0,0,1.26659e+08
82.7643,103.622,1.88493,0,0,3.73851,3.80725,0,0.722657,6.16896,4.14015e+06,2.83324e+06,1.5478e+07,0,0,0,0,62.3362,61.308,3.98861,1,1,1.69344,1.81103,0.0848937,1.30835,1.69344,8.60408e+06,3.78701e+06,1.45705e+07,0,0,0,1.26659e+08
81.4332,103.622,1.64698,0,0,3.73846,3.80719,0,0.700597,6.16896,4.14015e+06,2.83324e+06,1.54778e+07,0,0,0,0,62.3362,61.308,2.71102,1,1,1.69344,1.811,0.0848666,1.30835,1.69344,8.60408e+06,3.78701e+06,1.45705e+07,0,0,0,1.26659e+08
79.8623,103.622,1.36204,0,0,3.7384,3.80713,0,0.700587,6.16896,4.14015e+06,2.83324e+06,1.54775e+07,0,0,0,0,62.2041,61.308,2.16016,1,1,1.69344,1.81098,0.0848396,1.30835,1.69344,8.60408e+06,3.78701e+06,1.45705e+07,0,0,0,1.26659e+08
79.0075,103.622,2.18878,0,0,3.73834,3.80708,0,0.700576,6.16896,4.14015e+06,2.83324e+06,1.54773e+07,0,0,0,0,62.3362,61.308,2.95123,1,1,1.69344,1.81095,0.0848125,1.30835,1.69344,8.60408e+06,3.78701e+06,1.45705e+07,0,0,0,1.26659e+08
78.7417,103.622,2.72006,0,0,3.64172,3.70867,0,0.700565,6.16896,4.14015e+06,2.83324e+06,1.50773e+07,0,0,0,0,62.0705,61.308,2.24783,1,1,1.69344,1.7276,0.00296952,1.30835,1.69344,8.60408e+06,3.78701e+06,1.45705e+07,0,0,0,1.26659e+08
78.1726,103.622,2.4111,0,0,3.64166,3.70862,0,0.682458,6.16896,4.14015e+06,2.83324e+06,1.5077e+07,0,0,0,0,61.7542,61.308,1.60137,1,1,1.69344,1.72757,0.00294365,1.30835,1.69344,8.60408e+06,3.78701e+06,1.45705e+07,0,0,0,1.26659e+08
78.3002,103.622,3.2612,0,0,3.64161,3.70856,0,0.682447,6.16896,4.14015e+06,2.83324e+06,1.50768e+07,0,0,0,0,62.1521,61.308,3.92969,1,1,1.69344,1.72755,0.0029179,1.30835,1.69344,8.60408e+06,3.78701e+06,1.45705e+07,0,0,0,1.26659e+08
