0st_vol,0capacity,0net_inf,0st_rof,0lt_rof,0rest_demand,0unrest_demand,0unfulf_demand,0wastewater,0treat_capacity,0agg_price,0res_price,0gross_rev,0drought_cost,0cont_contrib,0debt_serv,0infra_npv,1st_vol,1capacity,1net_inf,1st_rof,1lt_rof,1rest_demand,1unrest_demand,1unfulf_demand,1wastewater,1treat_capacity,1agg_price,1res_price,1gross_rev,1drought_cost,1cont_contrib,1debt_serv,1infra_npv
103.622,103.622,8.14821,0.07,0,1.86497,2.46977,0,0,4.89888,4.28834e+06,2.70226e+06,7.99763e+06,0,0,0,0,62.3362,61.308,8.11191,0,1,1.69344,1.12031,0.0316663,0,1.69344,8.91204e+06,3.61194e+06,1.5092e+07,0,0,0,0
103.622,103.622,6.24426,0.07,0,2.23655,2.47067,0,0.349496,4.89888,4.28834e+06,2.70226e+06,9.59109e+06,0,0,0,0,62.3362,61.308,4.84812,0,1,1.35483,1.12071,0,1.30835,1.69344,8.91204e+06,3.61194e+06,1.20743e+07,0,0,0,0
103.622,103.622,5.75608,0.07,0,2.23785,2.47157,0,0.41913,4.89888,4.28834e+06,2.70226e+06,9.59667e+06,0,0,0,0,62.3362,61.308,4.1539,0,1,1.35483,1.12112,0,1.04674,1.69344,8.91204e+06,3.61194e+06,1.20743e+07,0,0,0,0
103.622,103.622,6.34805,0.07,0,2.23916,2.47246,0,0.419374,4.89888,4.28834e+06,2.70226e+06,9.60227e+06,0,0,0,0,62.3362,61.308,6.25946,0,1,1.35483,1.12153,0,1.04674,1.69344,8.91204e+06,3.61194e+06,1.20743e+07,0,0,0,0
103.622,103.622,4.89774,0.07,0,2.48171,2.71461,0,0.419618,4.89888,4.28834e+06,2.70226e+06,1.06424e+07,0,0,0,0,62.3362,61.308,4.78821,0,1,1.48675,1.25385,0,1.04674,1.69344,8.91204e+06,3.61194e+06,1.32499e+07,0,0,0,0
103.622,103.622,4.54331,0.06,0,2.61502,2.71559,0,0.465072,4.89888,4.28834e+06,2.70226e+06,1.12141e+07,0,0,0,0,62.3362,61.308,5.24626,0,1,1.35488,1.2543,0,1.14866,1.69344,8.91204e+06,3.61194e+06,1.20747e+07,0,0,0,0
103.622,103.622,3.65037,0.06,0,2.61646,2.71658,0,0.490054,4.89888,4.28834e+06,2.70226e+06,1.12202e+07,0,0,0,0,62.3362,61.308,3.78159,0,1,1.35488,1.25476,0,1.04678,1.69344,8.91204e+06,3.61194e+06,1.20747e+07,0,0,0,0
103.622,103.622,6.73952,0.06,0,2.6179,2.71756,0,0.490324,4.89888,4.28834e+06,2.70226e+06,1.12264e+07,0,0,0,0,62.3362,61.308,7.56174,0,1,1.35488,1.25521,0,1.04678,1.69344,8.91204e+06,3.61194e+06,1.20747e+07,0,0,0,0
103.622,103.622,5.13898,0.07,0,2.27474,2.37395,0,0.490594,4.89888,4.28834e+06,2.70226e+06,9.75487e+06,0,0,0,0,62.3362,61.308,6.68766,0,1,1.17759,1.07838,0,1.04678,1.69344,8.91204e+06,3.61194e+06,1.04947e+07,0,0,0,0
103.622,103.622,7.14289,0.07,0,2.09877,2.37482,0,0.426287,4.89888,4.28834e+06,2.70226e+06,9.00024e+06,0,0,0,0,62.3362,61.308,7.61149,0,1,1.35482,1.07877,0,0.909806,1.69344,8.91204e+06,3.61194e+06,1.20742e+07,0,0,0,0
103.622,103.622,6.4952,0.07,0,2.10002,2.37568,0,0.39331,4.89888,4.28834e+06,2.70226e+06,9.00561e+06,0,0,0,0,62.3362,61.308,5.35094,0,1,1.35482,1.07916,0,1.04673,1.69344,8.91204e+06,3.61194e+06,1.20742e+07,0,0,0,0
103.622,103.622,6.07136,0.07,0,2.10128,2.37654,0,0.393545,4.89888,4.28834e+06,2.70226e+06,9.01098e+06,0,0,0,0,62.3362,61.308,6.7489,0,1,1.35482,1.07955,0,1.04673,1.69344,8.91204e+06,3.61194e+06,1.20742e+07,0,0,0,0
103.622,103.622,6.67422,0.07,0,2.10253,2.3774,0,0.393779,4.89888,4.28834e+06,2.70226e+06,9.01636e+06,0,0,0,0,62.3362,61.308,6.94377,0,1,1.35482,1.07995,0,1.04673,1.69344,8.91204e+06,3.61194e+06,1.20742e+07,0,0,0,0
103.622,103.622,8.39777,0.07,0,2.19068,2.46516,0,0.394014,4.89888,4.28834e+06,2.70226e+06,9.39437e+06,0,0,0,0,62.3362,61.308,8.57982,0,1,1.39827,1.12379,0,1.04673,1.69344,8.91204e+06,3.61194e+06,1.24614e+07,0,0,0,0
103.622,103.622,7.53441,0.07,0,2.23542,2.46605,0,0.410533,4.89888,4.28834e+06,2.70226e+06,9.58621e+06,0,0,0,0,62.3362,61.308,10.0394,0,1,1.35483,1.12419,0,1.0803,1.69344,8.91204e+06,3.61194e+06,1.20743e+07,0,0,0,0
103.622,103.622,5.52489,0.07,0,2.23672,2.46695,0,0.418917,4.89888,4.28834e+06,2.70226e+06,9.5918e+06,0,0,0,0,62.3362,61.308,7.24865,0,1,1.35483,1.1246,0,1.04674,1.69344,8.91204e+06,3.61194e+06,1.20743e+07,0,0,0,0
103.622,103.622,4.84852,0.07,0,2.23802,2.46784,0,0.419161,4.89888,4.28834e+06,2.70226e+06,9.59738e+06,0,0,0,0,62.3362,61.308,6.19301,0,1,1.35483,1.12501,0,1.04674,1.69344,8.91204e+06,3.61194e+06,1.20743e+07,0,0,0,0
103.622,103.622,4.55333,0.07,0,2.20529,2.43471,0,0.419405,4.89888,4.28834e+06,2.70226e+06,9.45705e+06,0,0,0,0,62.3362,61.308,5.88872,0,1,1.33793,1.10852,0,1.04674,1.69344,8.91204e+06,3.61194e+06,1.19237e+07,0,0,0,0
103.622,103.622,3.72639,0.07,0,2.18968,2.43559,0,0.413272,4.89888,4.28834e+06,2.70226e+06,9.39011e+06,0,0,0,0,62.3362,61.308,4.72372,0,1,1.35483,1.10892,0,1.03369,1.69344,8.91204e+06,3.61194e+06,1.20743e+07,0,0,0,0
103.622,103.622,3.17529,0.07,0,2.19097,2.43647,0,0.410347,4.89888,4.28834e+06,2.70226e+06,9.39561e+06,0,0,0,0,62.3362,61.308,4.27633,0,1,1.35483,1.10932,0,1.04674,1.69344,8.91204e+06,3.61194e+06,1.20743e+07,0,0,0,0
103.622,103.622,2.94441,0.07,0,2.19225,2.43736,0,0.410588,4.89888,4.28834e+06,2.70226e+06,9.40112e+06,0,0,0,0,62.3362,61.308,3.43911,0,1,1.35483,1.10972,0,1.04674,1.69344,8.91204e+06,3.61194e+06,1.20743e+07,0,0,0,0
103.622,103.622,3.81373,0.06,0,2.3092,2.5539,0,0.410828,4.89888,4.28834e+06,2.70226e+06,9.90263e+06,0,0,0,0,62.3362,61.308,4.35091,0,1,1.41485,1.17014,0,1.04674,1.69344,8.91204e+06,3.61194e+06,1.26092e+07,0,0,0,0
103.622,103.622,3.27953,0.06,0,2.37055,2.55483,0,0.432744,4.89888,4.28834e+06,2.70226e+06,1.01657e+07,0,0,0,0,62.3362,61.308,4.22034,0,1,1.35485,1.17057,0,1.09311,1.69344,8.91204e+06,3.61194e+06,1.20745e+07,0,0,0,0
103.622,103.622,3.04234,0.05,0,2.3719,2.55575,0,0.444241,4.89888,4.28834e+06,2.70226e+06,1.01715e+07,0,0,0,0,62.3362,61.308,3.51017,0,1,1.35485,1.17099,0,1.04676,1.69344,8.91204e+06,3.61194e+06,1.20745e+07,0,0,0,0
103.622,103.622,2.7511,0.04,0,2.37325,2.55668,0,0.444493,4.89888,4.28834e+06,2.70226e+06,1.01773e+07,0,0,0,0,62.3362,61.308,3.06637,0,1,1.35485,1.17142,0,1.04676,1.69344,8.91204e+06,3.61194e+06,1.20745e+07,0,0,0,0
103.521,103.622,2.49444,0.04,0,2.3746,2.5576,0,0.444746,4.89888,4.28834e+06,2.70226e+06,1.01831e+07,0,0,0,0,62.3362,61.308,3.08204,0,1,1.35485,1.17184,0,1.04676,1.69344,8.91204e+06,3.61194e+06,1.20745e+07,0,0,0,0
103.404,103.622,2.43899,0.03,0,2.35303,2.53561,0,0.444999,4.89888,4.28834e+06,2.70226e+06,1.00906e+07,0,0,0,0,62.3362,61.308,2.79971,0,1,1.3879,1.20531,0,1.04676,1.69344,8.91204e+06,3.61194e+06,1.2369e+07,0,0,0,0
103.22,103.622,2.31293,0.02,0,2.38742,2.53653,0,0.440958,4.89888,4.28834e+06,2.70226e+06,1.02381e+07,0,0,0,0,62.3362,61.308,2.78546,0,1,1.35486,1.20575,0,1.07229,1.69344,8.91204e+06,3.61194e+06,1.20746e+07,0,0,0,0
102.887,103.622,2.13253,0.03,0,2.38877,2.53745,0,0.447402,4.89888,4.28834e+06,2.70226e+06,1.02439e+07,0,0,0,0,62.3362,61.308,2.73742,0,1,1.35486,1.20618,0,1.04677,1.69344,8.91204e+06,3.61194e+06,1.20746e+07,0,0,0,0
102.437,103.622,1.99941,0.03,0,2.39013,2.53837,0,0.447656,4.89888,4.28834e+06,2.70226e+06,1.02497e+07,0,0,0,0,62.3362,61.308,2.82219,0,1,1.35486,1.20662,0,1.04677,1.69344,8.91204e+06,3.61194e+06,1.20746e+07,0,0,0,0
101.953,103.622,2.00487,0.03,0,2.45075,2.59855,0,0.44791,4.89888,4.28834e+06,2.70226e+06,1.05096e+07,0,0,0,0,62.3362,61.308,2.61152,0,1,1.38436,1.23655,0,1.04677,1.69344,8.91204e+06,3.61194e+06,1.23374e+07,0,0,0,0
101.421,103.622,1.97681,0.03,0,2.48162,2.59949,0,0.45927,4.89888,4.28834e+06,2.70226e+06,1.0642e+07,0,0,0,0,62.3362,61.308,2.6026,0,1,1.35487,1.237,0,1.06955,1.69344,8.91204e+06,3.61194e+06,1.20747e+07,0,0,0,0
100.699,103.622,1.77701,0.03,0,2.48301,2.60043,0,0.465055,4.89888,4.28834e+06,2.70226e+06,1.0648e+07,0,0,0,0,62.3362,61.308,2.42953,0,1,1.35487,1.23745,0,1.04677,1.69344,8.91204e+06,3.61194e+06,1.20747e+07,0,0,0,0
99.8441,103.622,1.62829,0.03,0,2.48439,2.60137,0,0.465315,4.89888,4.28834e+06,2.70226e+06,1.06539e+07,0,0,0,0,62.3362,61.308,2.30152,0,1,1.35487,1.2379,0,1.04677,1.69344,8.91204e+06,3.61194e+06,1.20747e+07,0,0,0,0
98.7937,103.622,1.54651,0.03,0,2.65958,2.77611,0,0.465575,4.89888,4.28834e+06,2.70226e+06,1.14052e+07,0,0,0,0,62.334,61.308,2.24402,0,1,1.46149,1.34496,0,1.04677,1.69344,8.91204e+06,3.61194e+06,1.30248e+07,0,0,0,0
98.2089,103.622,2.1593,0.03,0,2.76765,2.77711,0,0.498405,4.89888,4.28834e+06,2.70226e+06,1.18686e+07,0,0,0,0,62.3362,61.308,2.81995,0,1,1.35491,1.34545,0,1.12915,1.69344,8.91204e+06,3.61194e+06,1.2075e+07,0,0,0,0
97.2408,103.622,1.74152,0.03,0,2.76914,2.77812,0,0.518657,4.89888,4.28834e+06,2.70226e+06,1.1875e+07,0,0,0,0,62.3362,61.308,2.03309,0,1,1.35491,1.34593,0,1.0468,1.69344,8.91204e+06,3.61194e+06,1.2075e+07,0,0,0,0
96.6225,103.622,2.14157,0.03,0,2.77063,2.77912,0,0.518937,4.89888,4.28834e+06,2.70226e+06,1.18814e+07,0,0,0,0,62.3362,61.308,3.54319,0,1,1.35491,1.34642,0,1.0468,1.69344,8.91204e+06,3.61194e+06,1.2075e+07,0,0,0,0
95.6312,103.622,1.74222,0.04,0,2.77212,2.78013,0,0.519216,4.89888,4.28834e+06,2.70226e+06,1.18878e+07,0,0,0,0,62.3362,61.308,2.43226,0,1,1.35491,1.34691,0,1.0468,1.69344,8.91204e+06,3.61194e+06,1.2075e+07,0,0,0,0
95.7148,103.622,2.79378,0.04,0,2.68876,2.69628,0,0.519496,4.89888,4.28834e+06,2.70226e+06,1.15303e+07,0,0,0,0,62.3362,61.308,2.80295,0,1,1.29008,1.28256,0,1.0468,1.69344,8.91204e+06,3.61194e+06,1.14973e+07,0,0,0,0
95.5835,103.622,2.52885,0.04,0,2.62539,2.69725,0,0.503873,4.89888,4.28834e+06,2.70226e+06,1.12586e+07,0,0,0,0,62.3362,61.308,4.42772,0,1,1.35489,1.28303,0,0.996717,1.69344,8.91204e+06,3.61194e+06,1.20748e+07,0,0,0,0
95.1991,103.622,2.22417,0.04,0,2.62683,2.69823,0,0.491998,4.89888,4.28834e+06,2.70226e+06,1.12647e+07,0,0,0,0,62.3362,61.308,2.6164,0,1,1.35489,1.28349,0,1.04679,1.69344,8.91204e+06,3.61194e+06,1.20748e+07,0,0,0,0
94.529,103.622,1.91716,0.04,0,2.62827,2.6992,0,0.492268,4.89888,4.28834e+06,2.70226e+06,1.12709e+07,0,0,0,0,62.3362,61.308,2.38073,0,1,1.35489,1.28395,0,1.04679,1.69344,8.91204e+06,3.61194e+06,1.20748e+07,0,0,0,0
94.1888,103.622,2.22091,0.04,0,2.55996,2.63042,0,0.492537,4.89888,4.28834e+06,2.70226e+06,1.09779e+07,0,0,0,0,62.3362,61.308,2.36518,0,1,1.29579,1.22532,0,1.04679,1.69344,8.91204e+06,3.61194e+06,1.15481e+07,0,0,0,0
93.6263,103.622,1.98971,0.04,0,2.50227,2.63138,0,0.479736,4.89888,4.28834e+06,2.70226e+06,1.07306e+07,0,0,0,0,62.3362,61.308,2.5339,0,1,1.35487,1.22577,0,1.00113,1.69344,8.91204e+06,3.61194e+06,1.20746e+07,0,0,0,0
93.7318,103.622,2.72448,0.03,0,2.50367,2.63233,0,0.468926,4.89888,4.28834e+06,2.70226e+06,1.07366e+07,0,0,0,0,62.3362,61.308,3.1647,0,1,1.35487,1.22621,0,1.04677,1.69344,8.91204e+06,3.61194e+06,1.20746e+07,0,0,0,0
96.5656,103.622,5.67706,0.03,0,2.50506,2.63328,0,0.469187,4.89888,4.28834e+06,2.70226e+06,1.07425e+07,0,0,0,0,62.3362,61.308,5.20514,0,1,1.35487,1.22665,0,1.04677,1.69344,8.91204e+06,3.61194e+06,1.20746e+07,0,0,0,0
98.4437,103.622,4.49387,0.03,0,2.30807,2.43584,0,0.469448,4.89888,4.28834e+06,2.70226e+06,9.89777e+06,0,0,0,0,62.3362,61.308,3.71534,0,1,1.23161,1.10384,0,1.04677,1.69344,8.91204e+06,3.61194e+06,1.09762e+07,0,0,0,0
99.3654,103.622,3.64313,0.02,0,2.18613,2.43672,0,0.432532,4.89888,4.28834e+06,2.70226e+06,9.37487e+06,0,0,0,0,62.3362,61.308,4.16052,0,1,1.35482,1.10424,0,0.951542,1.69344,8.91204e+06,3.61194e+06,1.20742e+07,0,0,0,0
101.443,103.622,4.76545,0.02,0,2.18741,2.4376,0,0.409681,4.89888,4.28834e+06,2.70226e+06,9.38036e+06,0,0,0,0,62.3362,61.308,4.30847,0,1,1.35482,1.10463,0,1.04674,1.69344,8.91204e+06,3.61194e+06,1.20742e+07,0,0,0,0
103.622,103.622,6.96851,0.02,0,2.18869,2.43848,0,0.409921,4.89888,4.28834e+06,2.70226e+06,9.38584e+06,0,0,0,0,62.3362,61.308,6.48339,0,1,1.35482,1.10503,0,1.04674,1.69344,8.91204e+06,3.61194e+06,1.20742e+07,0,0,0,0
103.622,103.622,5.89996,0.02,0,2.18997,2.43936,0,0.410161,4.89888,4.28834e+06,2.70226e+06,9.39133e+06,0,0,0,0,62.3362,61.308,8.40167,0,1,1.35482,1.10543,0,1.04674,1.69344,8.91204e+06,3.61194e+06,1.20742e+07,0,0,0,0
103.622,103.622,9.55252,0.02,0,2.26768,2.51667,0,0.4104,4.89888,4.28834e+06,2.70226e+06,9.72457e+06,0,0,0,0,62.3362,61.308,10.5115,0,1,1.39057,1.14158,0,1.04674,1.69344,8.91204e+06,3.61194e+06,1.23928e+07,0,0,0,0
103.622,103.622,8.82697,0.03,0,2.30471,2.51755,0,0.424963,4.89888,4.28834e+06,2.70226e+06,9.88335e+06,0,0,0,0,62.3362,61.308,9.25966,0,1,1.35482,1.14198,0,1.07436,1.69344,8.91204e+06,3.61194e+06,1.20742e+07,0,0,0,0
103.622,103.622,11.2427,0.04,0,2.30599,2.51843,0,0.431902,4.89888,4.28834e+06,2.70226e+06,9.88884e+06,0,0,0,0,62.3362,61.308,10.9,0,1,1.35482,1.14238,0,1.04674,1.69344,8.91204e+06,3.61194e+06,1.20742e+07,0,0,0,0
103.622,103.622,8.17854,0.06,0,2.30727,2.51931,0,0.432142,4.89888,4.28834e+06,2.70226e+06,9.89433e+06,0,0,0,0,62.3362,61.308,10.7203,0,1,1.35482,1.14278,0,1.04674,1.69344,8.91204e+06,3.61194e+06,1.20742e+07,0,0,0,0
103.622,103.622,7.83156,0.07,0,2.55436,2.76601,0,0.432382,4.89888,4.28834e+06,2.70226e+06,1.0954e+07,0,0,0,0,62.3362,61.308,9.20255,0,1,1.48924,1.27759,0,1.04674,1.69344,8.91204e+06,3.61194e+06,1.32721e+07,0,0,0,0
103.622,103.622,5.49865,0.06,0,2.69014,2.76697,0,0.478687,4.89888,4.28834e+06,2.70226e+06,1.15362e+07,0,0,0,0,62.3362,61.308,8.80926,0,1,1.35487,1.27804,0,1.15058,1.69344,8.91204e+06,3.61194e+06,1.20747e+07,0,0,0,0
103.622,103.622,5.92389,0.06,0,2.69156,2.76794,0,0.504132,4.89888,4.28834e+06,2.70226e+06,1.15423e+07,0,0,0,0,62.3362,61.308,8.55593,0,1,1.35487,1.27848,0,1.04677,1.69344,8.91204e+06,3.61194e+06,1.20747e+07,0,0,0,0
103.622,103.622,4.07822,0.07,0,2.69297,2.76891,0,0.504397,4.89888,4.28834e+06,2.70226e+06,1.15484e+07,0,0,0,0,62.3362,61.308,5.32531,0,1,1.35487,1.27893,0,1.04677,1.69344,8.91204e+06,3.61194e+06,1.20747e+07,0,0,0,0
103.622,103.622,4.71031,0.07,0,2.34328,2.41878,0,0.504663,4.89888,4.28834e+06,2.70226e+06,1.00488e+07,0,0,0,0,62.3362,61.308,5.92406,0,1,1.17423,1.09874,0,1.04677,1.69344,8.91204e+06,3.61194e+06,1.04648e+07,0,0,0,0
103.622,103.622,4.70096,0.07,0,2.16394,2.41962,0,0.439132,4.89888,4.28834e+06,2.70226e+06,9.27971e+06,0,0,0,0,62.3362,61.308,4.19024,0,1,1.35481,1.09913,0,0.907213,1.69344,8.91204e+06,3.61194e+06,1.20741e+07,0,0,0,0
103.622,103.622,5.04704,0.07,0,2.16517,2.42047,0,0.405522,4.89888,4.28834e+06,2.70226e+06,9.28498e+06,0,0,0,0,62.3362,61.308,3.69668,0,1,1.35481,1.09951,0,1.04672,1.69344,8.91204e+06,3.61194e+06,1.20741e+07,0,0,0,0
103.622,103.622,6.38745,0.07,0,2.1664,2.42131,0,0.405753,4.89888,4.28834e+06,2.70226e+06,9.29025e+06,0,0,0,0,62.3362,61.308,4.78822,0,1,1.35481,1.09989,0,1.04672,1.69344,8.91204e+06,3.61194e+06,1.20741e+07,0,0,0,0
103.622,103.622,7.54481,0.07,0,2.16763,2.42216,0,0.405983,4.89888,4.28834e+06,2.70226e+06,9.29553e+06,0,0,0,0,62.3362,61.308,7.24844,0,1,1.35481,1.10028,0,1.04672,1.69344,8.91204e+06,3.61194e+06,1.20741e+07,0,0,0,0
103.622,103.622,6.66821,0.07,0,2.25739,2.51154,0,0.406214,4.89888,4.28834e+06,2.70226e+06,9.68046e+06,0,0,0,0,62.3362,61.308,6.82935,0,1,1.39908,1.14493,0,1.04672,1.69344,8.91204e+06,3.61194e+06,1.24686e+07,0,0,0,0
103.622,103.622,4.53369,0.07,0,2.30292,2.51242,0,0.423035,4.89888,4.28834e+06,2.70226e+06,9.87571e+06,0,0,0,0,62.3362,61.308,4.97968,0,1,1.35482,1.14533,0,1.08093,1.69344,8.91204e+06,3.61194e+06,1.20742e+07,0,0,0,0
103.622,103.622,4.60446,0.07,0,2.3042,2.51329,0,0.431568,4.89888,4.28834e+06,2.70226e+06,9.88119e+06,0,0,0,0,62.3362,61.308,4.69651,0,1,1.35482,1.14573,0,1.04674,1.69344,8.91204e+06,3.61194e+06,1.20742e+07,0,0,0,0
103.622,103.622,3.45745,0.07,0,2.30548,2.51417,0,0.431807,4.89888,4.28834e+06,2.70226e+06,9.88667e+06,0,0,0,0,62.3362,61.308,4.29814,0,1,1.35482,1.14613,0,1.04674,1.69344,8.91204e+06,3.61194e+06,1.20742e+07,0,0,0,0
103.622,103.622,3.48393,0.07,0,2.27209,2.48039,0,0.432047,4.89888,4.28834e+06,2.70226e+06,9.7435e+06,0,0,0,0,62.3362,61.308,4.40501,0,1,1.33761,1.12931,0,1.04674,1.69344,8.91204e+06,3.61194e+06,1.19208e+07,0,0,0,0
103.622,103.622,3.51658,0.07,0,2.25614,2.48125,0,0.42579,4.89888,4.28834e+06,2.70226e+06,9.6751e+06,0,0,0,0,62.3362,61.308,4.15314,0,1,1.35482,1.12971,0,1.03344,1.69344,8.91204e+06,3.61194e+06,1.20742e+07,0,0,0,0
103.622,103.622,3.40724,0.07,0,2.2574,2.48212,0,0.422801,4.89888,4.28834e+06,2.70226e+06,9.6805e+06,0,0,0,0,62.3362,61.308,4.07857,0,1,1.35482,1.1301,0,1.04673,1.69344,8.91204e+06,3.61194e+06,1.20742e+07,0,0,0,0
103.622,103.622,3.15381,0.07,0,2.25866,2.48299,0,0.423037,4.89888,4.28834e+06,2.70226e+06,9.68591e+06,0,0,0,0,62.3362,61.308,3.6296,0,1,1.35482,1.1305,0,1.04673,1.69344,8.91204e+06,3.61194e+06,1.20742e+07,0,0,0,0
103.622,103.622,2.99917,0.07,0,2.37775,2.60168,0,0.423274,4.89888,4.28834e+06,2.70226e+06,1.01966e+07,0,0,0,0,62.3362,61.308,3.61758,0,1,1.41596,1.19203,0,1.04673,1.69344,8.91204e+06,3.61194e+06,1.26191e+07,0,0,0,0
103.622,103.622,3.16223,0.06,0,2.4402,2.60259,0,0.445591,4.89888,4.28834e+06,2.70226e+06,1.04644e+07,0,0,0,0,62.3362,61.308,3.96175,0,1,1.35484,1.19245,0,1.09397,1.69344,8.91204e+06,3.61194e+06,1.20744e+07,0,0,0,0
103.622,103.622,2.96127,0.05,0,2.44152,2.6035,0,0.457293,4.89888,4.28834e+06,2.70226e+06,1.04701e+07,0,0,0,0,62.3362,61.308,3.62631,0,1,1.35484,1.19287,0,1.04675,1.69344,8.91204e+06,3.61194e+06,1.20744e+07,0,0,0,0
103.622,103.622,2.7562,0.04,0,2.44285,2.6044,0,0.457541,4.89888,4.28834e+06,2.70226e+06,1.04757e+07,0,0,0,0,62.3362,61.308,3.52581,0,1,1.35484,1.19328,0,1.04675,1.69344,8.91204e+06,3.61194e+06,1.20744e+07,0,0,0,0
103.591,103.622,2.61288,0.05,0,2.44417,2.60531,0,0.457789,4.89888,4.28834e+06,2.70226e+06,1.04814e+07,0,0,0,0,62.3362,61.308,3.65089,0,1,1.35484,1.1937,0,1.04675,1.69344,8.91204e+06,3.61194e+06,1.20744e+07,0,0,0,0
103.622,103.622,3.1032,0.03,0,2.42215,2.58288,0,0.458038,4.89888,4.28834e+06,2.70226e+06,1.0387e+07,0,0,0,0,62.3362,61.308,4.61548,0,1,1.3885,1.22778,0,1.04675,1.69344,8.91204e+06,3.61194e+06,1.23744e+07,0,0,0,0
103.622,103.622,2.81741,0.03,0,2.45714,2.58378,0,0.453912,4.89888,4.28834e+06,2.70226e+06,1.0537e+07,0,0,0,0,62.3362,61.308,4.14378,0,1,1.35485,1.22821,0,1.07276,1.69344,8.91204e+06,3.61194e+06,1.20745e+07,0,0,0,0
103.622,103.622,2.683,0.03,0,2.45847,2.58468,0,0.460467,4.89888,4.28834e+06,2.70226e+06,1.05427e+07,0,0,0,0,62.3362,61.308,4.01398,0,1,1.35485,1.22864,0,1.04676,1.69344,8.91204e+06,3.61194e+06,1.20745e+07,0,0,0,0
103.432,103.622,2.41562,0.03,0,2.4598,2.58558,0,0.460716,4.89888,4.28834e+06,2.70226e+06,1.05484e+07,0,0,0,0,62.3362,61.308,3.86029,0,1,1.35485,1.22906,0,1.04676,1.69344,8.91204e+06,3.61194e+06,1.20745e+07,0,0,0,0
103.264,103.622,2.43259,0.03,0,2.52149,2.64685,0,0.460966,4.89888,4.28834e+06,2.70226e+06,1.0813e+07,0,0,0,0,62.3362,61.308,3.63922,0,1,1.3849,1.25954,0,1.04676,1.69344,8.91204e+06,3.61194e+06,1.23422e+07,0,0,0,0
103.129,103.622,2.51238,0.03,0,2.55288,2.64777,0,0.472527,4.89888,4.28834e+06,2.70226e+06,1.09476e+07,0,0,0,0,62.3362,61.308,3.39021,0,1,1.35486,1.25998,0,1.06997,1.69344,8.91204e+06,3.61194e+06,1.20746e+07,0,0,0,0
102.857,103.622,2.32298,0.03,0,2.55425,2.6487,0,0.478411,4.89888,4.28834e+06,2.70226e+06,1.09535e+07,0,0,0,0,62.3362,61.308,3.25302,0,1,1.35486,1.26042,0,1.04677,1.69344,8.91204e+06,3.61194e+06,1.20746e+07,0,0,0,0
102.408,103.622,2.11975,0.03,0,2.55561,2.64962,0,0.478666,4.89888,4.28834e+06,2.70226e+06,1.09593e+07,0,0,0,0,62.3362,61.308,2.89098,0,1,1.35486,1.26085,0,1.04677,1.69344,8.91204e+06,3.61194e+06,1.20746e+07,0,0,0,0
102.012,103.622,2.40105,0.03,0,2.73399,2.82756,0,0.478921,4.89888,4.28834e+06,2.70226e+06,1.17243e+07,0,0,0,0,62.3362,61.308,3.80131,0,1,1.46346,1.36989,0,1.04677,1.69344,8.91204e+06,3.61194e+06,1.30424e+07,0,0,0,0
100.639,103.622,1.37424,0.03,0,2.82855,2.82855,0,0.51235,4.89888,4.28834e+06,2.70226e+06,1.21298e+07,0,0,0,0,62.3362,61.308,2.79634,0,1,1.37036,1.37036,0,1.13067,1.69344,8.91204e+06,3.61194e+06,1.22127e+07,0,0,0,0
99.3451,103.622,1.45096,0.03,0,2.82953,2.82953,0,0.53007,4.89888,4.28834e+06,2.70226e+06,1.2134e+07,0,0,0,0,62.3362,61.308,2.76122,0,1,1.37084,1.37084,0,1.05874,1.69344,8.91204e+06,3.61194e+06,1.2217e+07,0,0,0,0
98.6372,103.622,2.08855,0.03,0,2.83052,2.83052,0,0.530254,4.89888,4.28834e+06,2.70226e+06,1.21382e+07,0,0,0,0,62.3362,61.308,3.29924,0,1,1.37132,1.37132,0,1.05911,1.69344,8.91204e+06,3.61194e+06,1.22212e+07,0,0,0,0
98.6391,103.622,2.86462,0.03,0,2.83151,2.83151,0,0.530439,4.89888,4.28834e+06,2.70226e+06,1.21424e+07,0,0,0,0,62.3362,61.308,3.76575,0,1,1.3718,1.3718,0,1.05948,1.69344,8.91204e+06,3.61194e+06,1.22255e+07,0,0,0,0
98.0976,103.622,2.44635,0.03,0,2.74607,2.74607,0,0.530624,4.89888,4.28834e+06,2.70226e+06,1.17761e+07,0,0,0,0,62.3362,61.308,5.78266,0,1,1.30625,1.30625,0,1.05985,1.69344,8.91204e+06,3.61194e+06,1.16413e+07,0,0,0,0
98.542,103.622,3.64201,0.03,0,2.69885,2.74703,0,0.514613,4.89888,4.28834e+06,2.70226e+06,1.15736e+07,0,0,0,0,62.3362,61.308,7.72003,0,1,1.35488,1.3067,0,1.00921,1.69344,8.91204e+06,3.61194e+06,1.20747e+07,0,0,0,0
98.3954,103.622,2.97539,0.03,0,2.70026,2.74798,0,0.505765,4.89888,4.28834e+06,2.70226e+06,1.15796e+07,0,0,0,0,62.3362,61.308,7.28947,0,1,1.35488,1.30716,0,1.04678,1.69344,8.91204e+06,3.61194e+06,1.20747e+07,0,0,0,0
97.7178,103.622,2.2938,0.03,0,2.70168,2.74894,0,0.506029,4.89888,4.28834e+06,2.70226e+06,1.15857e+07,0,0,0,0,62.3362,61.308,6.77508,0,1,1.35488,1.30761,0,1.04678,1.69344,8.91204e+06,3.61194e+06,1.20747e+07,0,0,0,0
97.8262,103.622,3.29506,0.03,0,2.63205,2.67886,0,0.506294,4.89888,4.28834e+06,2.70226e+06,1.12871e+07,0,0,0,0,62.3362,61.308,6.74711,0,1,1.2947,1.24789,0,1.04678,1.69344,8.91204e+06,3.61194e+06,1.15384e+07,0,0,0,0
97.6781,103.622,3.02323,0.03,0,2.57326,2.6798,0,0.493247,4.89888,4.28834e+06,2.70226e+06,1.1035e+07,0,0,0,0,62.3362,61.308,6.12813,0,1,1.35486,1.24832,0,1.00028,1.69344,8.91204e+06,3.61194e+06,1.20746e+07,0,0,0,0
98.6109,103.622,4.36487,0.03,0,2.57463,2.68073,0,0.482228,4.89888,4.28834e+06,2.70226e+06,1.10409e+07,0,0,0,0,62.3362,61.308,8.87407,0,1,1.35486,1.24876,0,1.04676,1.69344,8.91204e+06,3.61194e+06,1.20746e+07,0,0,0,0
99.1203,103.622,3.97323,0.03,0,2.57599,2.68166,0,0.482485,4.89888,4.28834e+06,2.70226e+06,1.10467e+07,0,0,0,0,62.3362,61.308,8.09595,0,1,1.35486,1.24919,0,1.04676,1.69344,8.91204e+06,3.61194e+06,1.20746e+07,0,0,0,0
99.5281,103.622,3.49741,0.02,0,2.37533,2.48057,0,0.482741,4.89888,4.28834e+06,2.70226e+06,1.01862e+07,0,0,0,0,62.3362,61.308,6.35667,0,1,1.22934,1.1241,0,1.04676,1.69344,8.91204e+06,3.61194e+06,1.09559e+07,0,0,0,0
100.34,103.622,3.49492,0.02,0,2.25111,2.48143,0,0.445137,4.89888,4.28834e+06,2.70226e+06,9.65352e+06,0,0,0,0,62.3362,61.308,4.82271,0,1,1.35482,1.1245,0,0.949787,1.69344,8.91204e+06,3.61194e+06,1.20742e+07,0,0,0,0
102.041,103.622,4.62337,0.02,0,2.25236,2.48229,0,0.421858,4.89888,4.28834e+06,2.70226e+06,9.6589e+06,0,0,0,0,62.3362,61.308,5.97852,0,1,1.35482,1.12489,0,1.04673,1.69344,8.91204e+06,3.61194e+06,1.20742e+07,0,0,0,0
103.622,103.622,5.1873,0.02,0,2.25362,2.48316,0,0.422093,4.89888,4.28834e+06,2.70226e+06,9.66428e+06,0,0,0,0,62.3362,61.308,7.12765,0,1,1.35482,1.12528,0,1.04673,1.69344,8.91204e+06,3.61194e+06,1.20742e+07,0,0,0,0
103.622,103.622,6.69521,0.02,0,2.25488,2.48402,0,0.422328,4.89888,4.28834e+06,2.70226e+06,9.66967e+06,0,0,0,0,62.3362,61.308,10.1573,0,1,1.35482,1.12567,0,1.04673,1.69344,8.91204e+06,3.61194e+06,1.20742e+07,0,0,0,0
103.622,103.622,6.94626,0.03,0,2.33396,2.56271,0,0.422564,4.89888,4.28834e+06,2.70226e+06,1.00088e+07,0,0,0,0,62.3362,61.308,8.3447,0,1,1.39122,1.16246,0,1.04673,1.69344,8.91204e+06,3.61194e+06,1.23986e+07,0,0,0,6.22705e+07
103.622,103.622,8.71938,0.03,0,2.37161,2.56357,0,0.437384,4.89888,4.28834e+06,2.70226e+06,1.01703e+07,0,0,0,0,62.3362,61.308,9.012,0,1,1.35482,1.16286,0,1.07485,1.69344,8.91204e+06,3.61194e+06,1.20742e+07,0,0,0,6.22705e+07
103.622,103.622,5.22619,0.04,0,2.37287,2.56444,0,0.44444,4.89888,4.28834e+06,2.70226e+06,1.01757e+07,0,0,0,0,62.3362,61.308,9.52701,0,1,1.35482,1.16325,0,1.04673,1.69344,8.91204e+06,3.61194e+06,1.20742e+07,0,0,0,6.22705e+07
103.622,103.622,4.74883,0.04,0,2.37412,2.5653,0,0.444675,4.89888,4.28834e+06,2.70226e+06,1.0181e+07,0,0,0,0,62.3362,61.308,8.70706,0,1,1.35482,1.16364,0,1.04673,1.69344,8.91204e+06,3.61194e+06,1.20742e+07,0,0,0,6.22705e+07
103.622,103.622,7.3297,0.05,0,2.62567,2.81646,0,0.44491,4.89888,4.28834e+06,2.70226e+06,1.12598e+07,0,0,0,0,62.3362,61.308,10.8326,0,1,1.49168,1.30089,0,1.04673,1.69344,8.91204e+06,3.61194e+06,1.32939e+07,0,0,0,6.22705e+07
103.622,103.622,10.4766,0.05,0,2.76388,2.81741,0,0.492051,4.89888,4.28834e+06,2.70226e+06,1.18524e+07,0,0,0,0,62.3362,61.308,12.2732,0,1,1.35486,1.30133,0,1.15247,1.69344,8.91204e+06,3.61194e+06,1.20746e+07,0,0,0,6.22705e+07
103.622,103.622,8.68698,0.06,0,2.76526,2.81835,0,0.517951,4.89888,4.28834e+06,2.70226e+06,1.18584e+07,0,0,0,0,62.3362,61.308,8.98668,0,1,1.35486,1.30177,0,1.04677,1.69344,8.91204e+06,3.61194e+06,1.20746e+07,0,0,0,6.22705e+07
103.622,103.622,7.16498,0.07,0,2.76665,2.8193,0,0.51821,4.89888,4.28834e+06,2.70226e+06,1.18643e+07,0,0,0,0,62.3362,61.308,8.27058,0,1,1.35486,1.30221,0,1.04677,1.69344,8.91204e+06,3.61194e+06,1.20746e+07,0,0,0,6.22705e+07
103.622,103.622,6.51393,0.08,0,2.41055,2.46277,0,0.51847,4.89888,4.28834e+06,2.70226e+06,1.03372e+07,0,0,0,0,62.3362,61.308,7.05995,0,1,1.17094,1.11872,0,1.04677,1.69344,8.91204e+06,3.61194e+06,1.04355e+07,0,0,0,6.22705e+07
103.622,103.622,7.26509,0.08,0,2.22789,2.46359,0,0.451737,4.89888,4.28834e+06,2.70226e+06,9.55396e+06,0,0,0,0,62.3362,61.308,6.12473,0,1,1.3548,1.1191,0,0.904668,1.69344,8.91204e+06,3.61194e+06,1.2074e+07,0,0,0,6.22705e+07
103.622,103.622,9.69673,0.08,0,2.2291,2.46442,0,0.417507,4.89888,4.28834e+06,2.70226e+06,9.55912e+06,0,0,0,0,62.3362,61.308,8.87052,0,1,1.3548,1.11948,0,1.04672,1.69344,8.91204e+06,3.61194e+06,1.2074e+07,0,0,0,6.22705e+07
103.622,103.622,7.04506,0.08,0,2.2303,2.46525,0,0.417733,4.89888,4.28834e+06,2.70226e+06,9.56429e+06,0,0,0,0,62.3362,61.308,8.46826,0,1,1.3548,1.11985,0,1.04672,1.69344,8.91204e+06,3.61194e+06,1.2074e+07,0,0,0,6.22705e+07
103.622,103.622,14.6446,0.08,0,2.23151,2.46608,0,0.417959,4.89888,4.28834e+06,2.70226e+06,9.56945e+06,0,0,0,0,62.3362,61.308,14.1145,0,1,1.3548,1.12023,0,1.04672,1.69344,8.91204e+06,3.61194e+06,1.2074e+07,0,0,0,6.22705e+07
103.622,103.622,8.56349,0.08,0,2.32285,2.55704,0,0.418184,4.89888,4.28834e+06,2.70226e+06,9.96115e+06,0,0,0,0,62.3362,61.308,9.42893,0,1,1.39987,1.16567,0,1.04672,1.69344,8.91204e+06,3.61194e+06,1.24757e+07,0,0,0,6.22705e+07
103.622,103.622,6.55366,0.08,0,2.36915,2.5579,0,0.435302,4.89888,4.28834e+06,2.70226e+06,1.01597e+07,0,0,0,0,62.3362,61.308,6.4123,0,1,1.35482,1.16607,0,1.08154,1.69344,8.91204e+06,3.61194e+06,1.20742e+07,0,0,0,6.22705e+07
103.622,103.622,4.91879,0.08,0,2.37041,2.55876,0,0.443979,4.89888,4.28834e+06,2.70226e+06,1.01651e+07,0,0,0,0,62.3362,61.308,5.3191,0,1,1.35482,1.16646,0,1.04673,1.69344,8.91204e+06,3.61194e+06,1.20742e+07,0,0,0,6.22705e+07
103.622,103.622,4.17624,0.08,0,2.37166,2.55962,0,0.444214,4.89888,4.28834e+06,2.70226e+06,1.01705e+07,0,0,0,0,62.3362,61.308,4.46099,0,1,1.35482,1.16685,0,1.04673,1.69344,8.91204e+06,3.61194e+06,1.20742e+07,0,0,0,6.22705e+07
103.622,103.622,4.42617,0.08,0,2.33762,2.52519,0,0.444448,4.89888,4.28834e+06,2.70226e+06,1.00245e+07,0,0,0,0,62.3362,61.308,4.49626,0,1,1.33729,1.14971,0,1.04673,1.69344,8.91204e+06,3.61194e+06,1.1918e+07,0,0,0,6.22705e+07
103.622,103.622,4.94886,0.07,0,2.32133,2.52604,0,0.43807,4.89888,4.28834e+06,2.70226e+06,9.95465e+06,0,0,0,0,62.3362,61.308,4.91705,0,1,1.35481,1.1501,0,1.03319,1.69344,8.91204e+06,3.61194e+06,1.20741e+07,0,0,0,6.22705e+07
103.622,103.622,4.48478,0.07,0,2.32257,2.52689,0,0.435017,4.89888,4.28834e+06,2.70226e+06,9.95994e+06,0,0,0,0,62.3362,61.308,4.65159,0,1,1.35481,1.15049,0,1.04673,1.69344,8.91204e+06,3.61194e+06,1.20741e+07,0,0,0,6.22705e+07
103.622,103.622,4.1861,0.07,0,2.3238,2.52774,0,0.435249,4.89888,4.28834e+06,2.70226e+06,9.96524e+06,0,0,0,0,62.3362,61.308,4.35364,0,1,1.35481,1.15087,0,1.04673,1.69344,8.91204e+06,3.61194e+06,1.20741e+07,0,0,0,6.22705e+07
103.622,103.622,4.05722,0.07,0,2.44498,2.64854,0,0.43548,4.89888,4.28834e+06,2.70226e+06,1.04849e+07,0,0,0,0,62.3362,61.308,4.05641,0,1,1.41705,1.2135,0,1.04673,1.69344,8.91204e+06,3.61194e+06,1.26288e+07,0,0,0,6.22705e+07
103.622,103.622,3.80866,0.07,0,2.5085,2.64943,0,0.45819,4.89888,4.28834e+06,2.70226e+06,1.07573e+07,0,0,0,0,62.3362,61.308,4.43042,0,1,1.35483,1.21391,0,1.09482,1.69344,8.91204e+06,3.61194e+06,1.20743e+07,0,0,0,6.22705e+07
103.622,103.622,3.87057,0.07,0,2.5098,2.65031,0,0.470094,4.89888,4.28834e+06,2.70226e+06,1.07629e+07,0,0,0,0,62.3362,61.308,4.64091,0,1,1.35483,1.21432,0,1.04674,1.69344,8.91204e+06,3.61194e+06,1.20743e+07,0,0,0,6.22705e+07
103.622,103.622,3.39587,0.05,0,2.5111,2.6512,0,0.470337,4.89888,4.28834e+06,2.70226e+06,1.07684e+07,0,0,0,0,62.3362,61.308,3.92462,0,1,1.35483,1.21473,0,1.04674,1.69344,8.91204e+06,3.61194e+06,1.20743e+07,0,0,0,6.22705e+07
103.622,103.622,3.23307,0.05,0,2.5124,2.65209,0,0.47058,4.89888,4.28834e+06,2.70226e+06,1.0774e+07,0,0,0,0,62.3362,61.308,3.3992,0,1,1.35483,1.21513,0,1.04674,1.69344,8.91204e+06,3.61194e+06,1.20743e+07,0,0,0,6.22705e+07
103.622,103.622,2.89698,0.05,0,2.48993,2.62922,0,0.470823,4.89888,4.28834e+06,2.70226e+06,1.06777e+07,0,0,0,0,62.3362,61.308,3.47465,0,1,1.3891,1.24981,0,1.04674,1.69344,8.91204e+06,3.61194e+06,1.23797e+07,0,0,0,6.22705e+07
103.622,103.622,2.74595,0.03,0,2.52549,2.63011,0,0.466613,4.89888,4.28834e+06,2.70226e+06,1.08302e+07,0,0,0,0,62.3362,61.308,3.42393,0,1,1.35484,1.25023,0,1.07322,1.69344,8.91204e+06,3.61194e+06,1.20744e+07,0,0,0,6.22705e+07
103.504,103.622,2.47198,0.03,0,2.52679,2.63099,0,0.473277,4.89888,4.28834e+06,2.70226e+06,1.08357e+07,0,0,0,0,62.3362,61.308,3.16604,0,1,1.35484,1.25065,0,1.04675,1.69344,8.91204e+06,3.61194e+06,1.20744e+07,0,0,0,6.22705e+07
103.251,103.622,2.32578,0.03,0,2.5281,2.63187,0,0.473521,4.89888,4.28834e+06,2.70226e+06,1.08413e+07,0,0,0,0,62.3362,61.308,3.20588,0,1,1.35484,1.25107,0,1.04675,1.69344,8.91204e+06,3.61194e+06,1.20744e+07,0,0,0,6.22705e+07
102.901,103.622,2.25369,0.03,0,2.59084,2.6942,0,0.473765,4.89888,4.28834e+06,2.70226e+06,1.11104e+07,0,0,0,0,62.3362,61.308,2.89613,0,1,1.38542,1.28207,0,1.04675,1.69344,8.91204e+06,3.61194e+06,1.2347e+07,0,0,0,6.22705e+07
102.776,103.622,2.52621,0.04,0,2.62275,2.6951,0,0.485524,4.89888,4.28834e+06,2.70226e+06,1.12472e+07,0,0,0,0,62.3362,61.308,2.98306,0,1,1.35485,1.2825,0,1.07038,1.69344,8.91204e+06,3.61194e+06,1.20745e+07,0,0,0,6.22705e+07
102.477,103.622,2.32457,0.04,0,2.62408,2.69601,0,0.491503,4.89888,4.28834e+06,2.70226e+06,1.12529e+07,0,0,0,0,62.3362,61.308,2.92998,0,1,1.35485,1.28293,0,1.04676,1.69344,8.91204e+06,3.61194e+06,1.20745e+07,0,0,0,6.22705e+07
102.007,103.622,2.12397,0.04,0,2.62542,2.69691,0,0.491753,4.89888,4.28834e+06,2.70226e+06,1.12587e+07,0,0,0,0,62.3362,61.308,2.57115,0,1,1.35485,1.28336,0,1.04676,1.69344,8.91204e+06,3.61194e+06,1.20745e+07,0,0,0,6.22705e+07
101.501,103.622,2.28679,0.04,0,2.80693,2.87799,0,0.492003,4.89888,4.28834e+06,2.70226e+06,1.2037e+07,0,0,0,0,62.3362,61.308,3.04048,0,1,1.46538,1.39432,0,1.04676,1.69344,8.91204e+06,3.61194e+06,1.30596e+07,0,0,0,6.22705e+07
100.469,103.622,1.76032,0.04,0,2.87896,2.87896,0,0.526018,4.89888,4.28834e+06,2.70226e+06,1.23459e+07,0,0,0,0,62.3362,61.308,2.8612,0,1,1.39479,1.39479,0,1.13216,1.69344,8.91204e+06,3.61194e+06,1.24304e+07,0,0,0,6.22705e+07
99.7554,103.622,2.13953,0.04,0,2.87992,2.87992,0,0.539516,4.89888,4.28834e+06,2.70226e+06,1.23501e+07,0,0,0,0,62.3362,61.308,3.03661,0,1,1.39525,1.39525,0,1.07761,1.69344,8.91204e+06,3.61194e+06,1.24346e+07,0,0,0,6.22705e+07
98.8207,103.622,1.8532,0.04,0,2.88089,2.88089,0,0.539697,4.89888,4.28834e+06,2.70226e+06,1.23542e+07,0,0,0,0,62.3362,61.308,2.97194,0,1,1.39572,1.39572,0,1.07797,1.69344,8.91204e+06,3.61194e+06,1.24387e+07,0,0,0,6.22705e+07
97.548,103.622,1.50361,0.04,0,2.88185,2.88185,0,0.539878,4.89888,4.28834e+06,2.70226e+06,1.23584e+07,0,0,0,0,62.3362,61.308,2.66728,0,1,1.39619,1.39619,0,1.07833,1.69344,8.91204e+06,3.61194e+06,1.24429e+07,0,0,0,6.22705e+07
96.4156,103.622,1.53614,0.04,0,2.79486,2.79486,0,0.540059,4.89888,4.28834e+06,2.70226e+06,1.19853e+07,0,0,0,0,62.3362,61.308,2.90895,0,1,1.32946,1.32946,0,1.0787,1.69344,8.91204e+06,3.61194e+06,1.18482e+07,0,0,0,6.22705e+07
94.9586,103.622,1.15516,0.05,0,2.77083,2.7958,0,0.523757,4.89888,4.28834e+06,2.70226e+06,1.18823e+07,0,0,0,0,62.3362,61.308,2.34484,0,1,1.35487,1.3299,0,1.02714,1.69344,8.91204e+06,3.61194e+06,1.20746e+07,0,0,0,6.22705e+07
93.8849,103.622,1.60689,0.05,0,2.77221,2.79674,0,0.519254,4.89888,4.28834e+06,2.70226e+06,1.18882e+07,0,0,0,0,62.3362,61.308,2.721,0,1,1.35487,1.33035,0,1.04677,1.69344,8.91204e+06,3.61194e+06,1.20746e+07,0,0,0,6.22705e+07
94.7845,103.622,3.9908,0.05,0,2.7736,2.79767,0,0.519513,4.89888,4.28834e+06,2.70226e+06,1.18941e+07,0,0,0,0,62.3362,61.308,4.76752,0,1,1.35487,1.3308,0,1.04677,1.69344,8.91204e+06,3.61194e+06,1.20747e+07,0,0,0,6.22705e+07
94.1571,103.622,2.12656,0.05,0,2.70269,2.72632,0,0.519772,4.89888,4.28834e+06,2.70226e+06,1.159e+07,0,0,0,0,62.0581,61.308,2.84536,0,1,1.29362,1.26999,0,1.04677,1.69344,8.91204e+06,3.61194e+06,1.15288e+07,0,0,0,6.22705e+07
92.8702,103.622,1.32591,0.05,0,2.6428,2.72723,0,0.506483,4.89888,4.28834e+06,2.70226e+06,1.13332e+07,0,0,0,0,61.9702,61.308,1.45664,0,1,1.35485,1.27042,0,0.999451,1.69344,8.91204e+06,3.61194e+06,1.20745e+07,0,0,0,6.22705e+07
92.1694,103.622,2.06421,0.05,0,2.64414,2.72814,0,0.49526,4.89888,4.28834e+06,2.70226e+06,1.13389e+07,0,0,0,0,62.3362,61.308,3.98047,0,1,1.35485,1.27084,0,1.04676,1.69344,8.91204e+06,3.61194e+06,1.20745e+07,0,0,0,6.22705e+07
93.9205,103.622,4.78472,0.05,0,2.64547,2.72906,0,0.495511,4.89888,4.28834e+06,2.70226e+06,1.13447e+07,0,0,0,0,62.3362,61.308,7.05459,0,1,1.35485,1.27127,0,1.04676,1.69344,8.91204e+06,3.61194e+06,1.20745e+07,0,0,0,6.22705e+07
94.0522,103.622,2.8014,0.04,0,2.44122,2.52437,0,0.495762,4.89888,4.28834e+06,2.70226e+06,1.04688e+07,0,0,0,0,62.3362,61.308,3.46977,0,1,1.22711,1.14396,0,1.04676,1.69344,8.91204e+06,3.61194e+06,1.09361e+07,0,0,0,6.22705e+07
94.3187,103.622,2.98228,0.03,0,2.31475,2.52522,0,0.457484,4.89888,4.28834e+06,2.70226e+06,9.92643e+06,0,0,0,0,62.0766,61.308,3.65518,0,1,1.35481,1.14434,0,0.948067,1.69344,8.91204e+06,3.61194e+06,1.20741e+07,0,0,0,6.22705e+07
93.3778,103.622,1.61492,0.04,0,2.31598,2.52606,0,0.433784,4.89888,4.28834e+06,2.70226e+06,9.9317e+06,0,0,0,0,62.1338,61.308,2.14289,0,1,1.35481,1.14472,0,1.04672,1.69344,8.91204e+06,3.61194e+06,1.20741e+07,0,0,0,6.22705e+07
92.5475,103.622,1.64863,0.04,0,2.31721,2.52691,0,0.434015,4.89888,4.28834e+06,2.70226e+06,9.93697e+06,0,0,0,0,62.3362,61.308,2.03504,0,1,1.35481,1.14511,0,1.04672,1.69344,8.91204e+06,3.61194e+06,1.20741e+07,0,0,0,6.22705e+07
93.1037,103.622,3.2684,0.05,0,2.31844,2.52776,0,0.434245,4.89888,4.28834e+06,2.70226e+06,9.94224e+06,0,0,0,0,62.3362,61.308,3.67552,0,1,1.35481,1.14549,0,1.04672,1.69344,8.91204e+06,3.61194e+06,1.20741e+07,0,0,0,6.22705e+07
96.0338,103.622,5.89527,0.05,0,2.39886,2.6078,0,0.434475,4.89888,4.28834e+06,2.70226e+06,1.02871e+07,0,0,0,0,62.3362,61.308,4.78181,0,1,1.39185,1.18292,0,1.04672,1.69344,8.91204e+06,3.61194e+06,1.24042e+07,0,0,0,6.22705e+07
101.285,103.622,8.4391,0.05,0,2.43713,2.60864,0,0.449547,4.89888,4.28834e+06,2.70226e+06,1.04512e+07,0,0,0,0,62.3362,61.308,8.67421,0,1,1.35481,1.1833,0,1.07534,1.69344,8.91204e+06,3.61194e+06,1.20741e+07,0,0,0,6.22705e+07
103.622,103.622,7.35048,0.03,0,2.43836,2.60948,0,0.456718,4.89888,4.28834e+06,2.70226e+06,1.04565e+07,0,0,0,0,62.3362,61.308,5.33269,0,1,1.35481,1.18368,0,1.04672,1.69344,8.91204e+06,3.61194e+06,1.20741e+07,0,0,0,6.22705e+07
103.622,103.622,6.19604,0.05,0,2.43958,2.61033,0,0.456948,4.89888,4.28834e+06,2.70226e+06,1.04618e+07,0,0,0,0,62.3362,61.308,4.45902,0,1,1.35481,1.18406,0,1.04672,1.69344,8.91204e+06,3.61194e+06,1.20741e+07,0,0,0,6.22705e+07
103.622,103.622,6.90204,0.05,0,2.6955,2.86586,0,0.457178,4.89888,4.28834e+06,2.70226e+06,1.15592e+07,0,0,0,0,62.3362,61.308,4.89776,0,1,1.49407,1.32371,0,1.04672,1.69344,8.91204e+06,3.61194e+06,1.33152e+07,0,0,0,6.22705e+07
103.622,103.622,6.42637,0.05,0,2.83607,2.86678,0,0.505136,4.89888,4.28834e+06,2.70226e+06,1.2162e+07,0,0,0,0,62.3362,61.308,4.34235,0,1,1.35485,1.32414,0,1.15432,1.69344,8.91204e+06,3.61194e+06,1.20745e+07,0,0,0,6.22705e+07
103.622,103.622,6.60124,0.05,0,2.83742,2.86771,0,0.53148,4.89888,4.28834e+06,2.70226e+06,1.21678e+07,0,0,0,0,62.3362,61.308,4.33719,0,1,1.35485,1.32457,0,1.04676,1.69344,8.91204e+06,3.61194e+06,1.20745e+07,0,0,0,6.22705e+07
103.622,103.622,6.08543,0.06,0,2.83878,2.86864,0,0.531733,4.89888,4.28834e+06,2.70226e+06,1.21736e+07,0,0,0,0,62.3362,61.308,4.13979,0,1,1.35485,1.32499,0,1.04676,1.69344,8.91204e+06,3.61194e+06,1.20745e+07,0,0,0,6.22705e+07
103.622,103.622,6.08701,0.06,0,2.4764,2.50583,0,0.531987,4.89888,4.28834e+06,2.70226e+06,1.06196e+07,0,0,0,0,62.3362,61.308,4.52311,0,1,1.16771,1.13828,0,1.04676,1.69344,8.91204e+06,3.61194e+06,1.04067e+07,0,0,0,6.22705e+07
103.622,103.622,6.55982,0.06,0,2.2905,2.50664,0,0.464077,4.89888,4.28834e+06,2.70226e+06,9.82242e+06,0,0,0,0,62.3362,61.308,4.66228,0,1,1.35479,1.13865,0,0.902176,1.69344,8.91204e+06,3.61194e+06,1.2074e+07,0,0,0,6.22705e+07
103.622,103.622,7.12838,0.07,0,2.29167,2.50745,0,0.429239,4.89888,4.28834e+06,2.70226e+06,9.82747e+06,0,0,0,0,62.3362,61.308,5.05553,0,1,1.35479,1.13902,0,1.04671,1.69344,8.91204e+06,3.61194e+06,1.2074e+07,0,0,0,6.22705e+07
103.622,103.622,8.98143,0.09,0,2.29285,2.50826,0,0.42946,4.89888,4.28834e+06,2.70226e+06,9.83252e+06,0,0,0,0,62.3362,61.308,5.43972,0,1,1.35479,1.13939,0,1.04671,1.69344,8.91204e+06,3.61194e+06,1.2074e+07,0,0,0,6.22705e+07
103.622,103.622,10.9708,0.11,0,2.29403,2.50907,0,0.42968,4.89888,4.28834e+06,2.70226e+06,9.83757e+06,0,0,0,0,62.3362,61.308,6.03148,0,1,1.35479,1.13976,0,1.04671,1.69344,8.91204e+06,3.61194e+06,1.2074e+07,0,0,0,6.22705e+07
103.622,103.622,12.6668,0.11,0,2.38691,2.60158,0,0.429901,4.89888,4.28834e+06,2.70226e+06,1.02359e+07,0,0,0,0,62.3362,61.308,7.8871,0,1,1.40065,1.18598,0,1.04671,1.69344,8.91204e+06,3.61194e+06,1.24826e+07,0,0,0,6.22705e+07
103.622,103.622,8.20545,0.11,0,2.43398,2.60242,0,0.447308,4.89888,4.28834e+06,2.70226e+06,1.04377e+07,0,0,0,0,62.3362,61.308,6.10674,0,1,1.35481,1.18636,0,1.08214,1.69344,8.91204e+06,3.61194e+06,1.20741e+07,0,0,0,6.22705e+07
103.622,103.622,6.53334,0.11,0,2.4352,2.60326,0,0.456127,4.89888,4.28834e+06,2.70226e+06,1.0443e+07,0,0,0,0,62.3362,61.308,5.43136,0,1,1.35481,1.18674,0,1.04672,1.69344,8.91204e+06,3.61194e+06,1.20741e+07,0,0,0,6.22705e+07
103.622,103.622,6.29907,0.11,0,2.43642,2.6041,0,0.456356,4.89888,4.28834e+06,2.70226e+06,1.04482e+07,0,0,0,0,62.3362,61.308,5.87815,0,1,1.35481,1.18713,0,1.04672,1.69344,8.91204e+06,3.61194e+06,1.20741e+07,0,0,0,6.22705e+07
103.622,103.622,5.71488,0.11,0,2.40174,2.56904,0,0.456585,4.89888,4.28834e+06,2.70226e+06,1.02995e+07,0,0,0,0,62.3362,61.308,5.00478,0,1,1.33697,1.16968,0,1.04672,1.69344,8.91204e+06,3.61194e+06,1.19152e+07,0,0,0,6.22705e+07
103.622,103.622,5.92228,0.1,0,2.38512,2.56987,0,0.450087,4.89888,4.28834e+06,2.70226e+06,1.02282e+07,0,0,0,0,62.3362,61.308,4.18428,0,1,1.3548,1.17006,0,1.03295,1.69344,8.91204e+06,3.61194e+06,1.2074e+07,0,0,0,6.22705e+07
103.622,103.622,5.73331,0.09,0,2.38633,2.5707,0,0.446972,4.89888,4.28834e+06,2.70226e+06,1.02334e+07,0,0,0,0,62.3362,61.308,4.2641,0,1,1.3548,1.17043,0,1.04672,1.69344,8.91204e+06,3.61194e+06,1.2074e+07,0,0,0,6.22705e+07
103.622,103.622,4.83666,0.08,0,2.38754,2.57153,0,0.447198,4.89888,4.28834e+06,2.70226e+06,1.02386e+07,0,0,0,0,62.3362,61.308,3.63715,0,1,1.3548,1.17081,0,1.04672,1.69344,8.91204e+06,3.61194e+06,1.2074e+07,0,0,0,6.22705e+07
103.622,103.622,4.45215,0.08,0,2.51077,2.69438,0,0.447424,4.89888,4.28834e+06,2.70226e+06,1.0767e+07,0,0,0,0,62.3362,61.308,3.27745,0,1,1.41812,1.23451,0,1.04672,1.69344,8.91204e+06,3.61194e+06,1.26384e+07,0,0,0,6.22705e+07
103.622,103.622,4.04943,0.08,0,2.57534,2.69525,0,0.470518,4.89888,4.28834e+06,2.70226e+06,1.10439e+07,0,0,0,0,62.3362,61.308,3.18314,0,1,1.35482,1.23491,0,1.09564,1.69344,8.91204e+06,3.61194e+06,1.20742e+07,0,0,0,6.22705e+07
103.622,103.622,4.07748,0.07,0,2.5766,2.69612,0,0.482618,4.89888,4.28834e+06,2.70226e+06,1.10493e+07,0,0,0,0,62.3362,61.308,3.79697,0,1,1.35482,1.23531,0,1.04674,1.69344,8.91204e+06,3.61194e+06,1.20742e+07,0,0,0,6.22705e+07
103.622,103.622,3.85224,0.08,0,2.57787,2.69699,0,0.482856,4.89888,4.28834e+06,2.70226e+06,1.10548e+07,0,0,0,0,62.3362,61.308,3.21664,0,1,1.35482,1.2357,0,1.04674,1.69344,8.91204e+06,3.61194e+06,1.20742e+07,0,0,0,6.22705e+07
103.622,103.622,3.56882,0.06,0,2.57914,2.69786,0,0.483093,4.89888,4.28834e+06,2.70226e+06,1.10602e+07,0,0,0,0,62.3362,61.308,2.86464,0,1,1.35482,1.2361,0,1.04674,1.69344,8.91204e+06,3.61194e+06,1.20742e+07,0,0,0,6.22705e+07
103.622,103.622,3.66931,0.06,0,2.55624,2.67456,0,0.483331,4.89888,4.28834e+06,2.70226e+06,1.0962e+07,0,0,0,0,62.3362,61.308,2.67083,0,1,1.38968,1.27136,0,1.04674,1.69344,8.91204e+06,3.61194e+06,1.23849e+07,0,0,0,6.22705e+07
103.622,103.622,3.71349,0.05,0,2.59236,2.67542,0,0.479039,4.89888,4.28834e+06,2.70226e+06,1.11169e+07,0,0,0,0,62.3362,61.308,2.64785,0,1,1.35483,1.27177,0,1.07367,1.69344,8.91204e+06,3.61194e+06,1.20743e+07,0,0,0,6.22705e+07
103.622,103.622,3.5361,0.04,0,2.59363,2.67628,0,0.485808,4.89888,4.28834e+06,2.70226e+06,1.11224e+07,0,0,0,0,62.3362,61.308,2.60387,0,1,1.35483,1.27218,0,1.04674,1.69344,8.91204e+06,3.61194e+06,1.20743e+07,0,0,0,6.22705e+07
103.622,103.622,3.10374,0.04,0,2.5949,2.67715,0,0.486046,4.89888,4.28834e+06,2.70226e+06,1.11278e+07,0,0,0,0,62.3362,61.308,2.43146,0,1,1.35483,1.27259,0,1.04674,1.69344,8.91204e+06,3.61194e+06,1.20743e+07,0,0,0,6.22705e+07
103.622,103.622,2.91882,0.04,0,2.65867,2.74051,0,0.486285,4.89888,4.28834e+06,2.70226e+06,1.14013e+07,0,0,0,0,62.3362,61.308,2.40575,0,1,1.38594,1.30411,0,1.04674,1.69344,8.91204e+06,3.61194e+06,1.23516e+07,0,0,0,6.22705e+07
103.622,103.622,3.02813,0.04,0,2.69107,2.74139,0,0.498236,4.89888,4.28834e+06,2.70226e+06,1.15402e+07,0,0,0,0,62.3362,61.308,2.62881,0,1,1.35484,1.30453,0,1.07078,1.69344,8.91204e+06,3.61194e+06,1.20744e+07,0,0,0,6.22705e+07
103.622,103.622,2.81774,0.04,0,2.69238,2.74228,0,0.504307,4.89888,4.28834e+06,2.70226e+06,1.15458e+07,0,0,0,0,62.3362,61.308,2.6561,0,1,1.35484,1.30495,0,1.04675,1.69344,8.91204e+06,3.61194e+06,1.20744e+07,0,0,0,6.22705e+07
103.549,103.622,2.60055,0.04,0,2.69368,2.74316,0,0.504552,4.89888,4.28834e+06,2.70226e+06,1.15514e+07,0,0,0,0,62.3362,61.308,2.36986,0,1,1.35484,1.30537,0,1.04675,1.69344,8.91204e+06,3.61194e+06,1.20744e+07,0,0,0,6.22705e+07
103.375,103.622,2.6818,0.04,0,2.87825,2.92731,0,0.504796,4.89888,4.28834e+06,2.70226e+06,1.23429e+07,0,0,0,0,62.3318,61.308,2.67257,0,1,1.46727,1.41821,0,1.04675,1.69344,8.91204e+06,3.61194e+06,1.30763e+07,0,0,0,6.22705e+07
103.038,103.622,2.49026,0.04,0,2.92825,2.92825,0,0.539384,4.89888,4.28834e+06,2.70226e+06,1.25573e+07,0,0,0,0,62.2546,61.308,2.1754,0,1,1.41867,1.41867,0,1.13361,1.69344,8.91204e+06,3.61194e+06,1.26432e+07,0,0,0,6.22705e+07
102.833,103.622,2.61072,0.04,0,2.92919,2.92919,0,0.548754,4.89888,4.28834e+06,2.70226e+06,1.25614e+07,0,0,0,0,62.2552,61.308,2.45457,0,1,1.41912,1.41912,0,1.09606,1.69344,8.91204e+06,3.61194e+06,1.26473e+07,0,0,0,6.22705e+07
102.166,103.622,2.14535,0.04,0,2.93014,2.93014,0,0.548931,4.89888,4.28834e+06,2.70226e+06,1.25654e+07,0,0,0,0,62.098,61.308,1.95733,0,1,1.41958,1.41958,0,1.09642,1.69344,8.91204e+06,3.61194e+06,1.26514e+07,0,0,0,6.22705e+07
101.848,103.622,2.51418,0.04,0,2.93108,2.93108,0,0.549108,4.89888,4.28834e+06,2.70226e+06,1.25695e+07,0,0,0,0,62.2455,61.308,2.95724,0,1,1.42004,1.42004,0,1.09677,1.69344,8.91204e+06,3.61194e+06,1.26554e+07,0,0,0,6.22705e+07
101.635,103.622,2.68918,0.04,0,2.84257,2.84257,0,0.549285,4.89888,4.28834e+06,2.70226e+06,1.21899e+07,0,0,0,0,62.3362,61.308,2.63766,0,1,1.35215,1.35215,0,1.09712,1.69344,8.91204e+06,3.61194e+06,1.20504e+07,0,0,0,6.22705e+07
101.91,103.622,3.26916,0.04,0,2.84121,2.84348,0,0.532697,4.89888,4.28834e+06,2.70226e+06,1.21841e+07,0,0,0,0,62.3362,61.308,3.46873,0,1,1.35486,1.35259,0,1.04467,1.69344,8.91204e+06,3.61194e+06,1.20746e+07,0,0,0,6.22705e+07
101.843,103.622,2.87933,0.04,0,2.84256,2.8444,0,0.532442,4.89888,4.28834e+06,2.70226e+06,1.21898e+07,0,0,0,0,62.3362,61.308,2.88681,0,1,1.35486,1.35302,0,1.04676,1.69344,8.91204e+06,3.61194e+06,1.20746e+07,0,0,0,6.22705e+07
101.63,103.622,2.79058,0.05,0,2.84391,2.84531,0,0.532696,4.89888,4.28834e+06,2.70226e+06,1.21956e+07,0,0,0,0,62.3362,61.308,2.63312,0,1,1.35486,1.35346,0,1.04676,1.69344,8.91204e+06,3.61194e+06,1.20746e+07,0,0,0,6.22705e+07
103.575,103.622,5.03282,0.05,0,2.77174,2.7727,0,0.532949,4.89888,4.28834e+06,2.70226e+06,1.18861e+07,0,0,0,0,61.9543,61.308,3.36632,0,1,1.29257,1.2916,0,1.04676,1.69344,8.91204e+06,3.61194e+06,1.15194e+07,0,0,0,6.22705e+07
102.103,103.622,1.38628,0.05,0,2.71077,2.7736,0,0.519424,4.89888,4.28834e+06,2.70226e+06,1.16247e+07,0,0,0,0,61.0651,61.308,1.34268,0,1,1.35484,1.29202,0,0.998637,1.69344,8.91204e+06,3.61194e+06,1.20744e+07,0,0,0,6.22705e+07
100.72,103.622,1.4538,0.04,0,2.71208,2.77449,0,0.507999,4.89888,4.28834e+06,2.70226e+06,1.16303e+07,0,0,0,0,60.8662,61.308,0.86273,0,1,1.35484,1.29243,0,1.04675,1.69344,8.91204e+06,3.61194e+06,1.20744e+07,0,0,0,6.22705e+07
101.038,103.622,3.32637,0.04,0,2.71339,2.77538,0,0.508244,4.89888,4.28834e+06,2.70226e+06,1.16359e+07,0,0,0,0,61.2563,61.308,2.34508,0,1,1.35484,1.29285,0,1.04675,1.69344,8.91204e+06,3.61194e+06,1.20744e+07,0,0,0,6.22705e+07
102.642,103.622,4.63972,0.03,0,2.50561,2.56719,0,0.508489,4.89888,4.28834e+06,2.70226e+06,1.07449e+07,0,0,0,0,62.1406,61.308,3.81701,0,1,1.22494,1.16336,0,1.04675,1.69344,8.91204e+06,3.61194e+06,1.09167e+07,0,0,0,6.22705e+07
103.622,103.622,5.6176,0.03,0,2.37695,2.56802,0,0.469552,4.89888,4.28834e+06,2.70226e+06,1.01932e+07,0,0,0,0,62.3362,61.308,3.89717,0,1,1.3548,1.16373,0,0.946386,1.69344,8.91204e+06,3.61194e+06,1.2074e+07,0,0,0,6.22705e+07
103.622,103.622,4.60005,0.04,0,2.37815,2.56884,0,0.445441,4.89888,4.28834e+06,2.70226e+06,1.01983e+07,0,0,0,0,62.3362,61.308,3.6571,0,1,1.3548,1.16411,0,1.04672,1.69344,8.91204e+06,3.61194e+06,1.2074e+07,0,0,0,6.22705e+07
103.622,103.622,5.79659,0.04,0,2.37935,2.56967,0,0.445666,4.89888,4.28834e+06,2.70226e+06,1.02035e+07,0,0,0,0,62.1863,61.308,4.76207,0,1,1.3548,1.16448,0,1.04672,1.69344,8.91204e+06,3.61194e+06,1.2074e+07,0,0,0,6.22705e+07
103.622,103.622,4.39826,0.05,0,2.38056,2.5705,0,0.445891,4.89888,4.28834e+06,2.70226e+06,1.02086e+07,0,0,0,0,62.3293,61.308,1.94646,0,1,1.3548,1.16486,0,1.04672,1.69344,8.91204e+06,3.61194e+06,1.2074e+07,0,0,0,6.22705e+07
103.622,103.622,4.72718,0.07,0,2.46229,2.65186,0,0.446116,4.89888,4.28834e+06,2.70226e+06,1.05591e+07,0,0,0,0,62.3362,61.308,2.47581,0,1,1.39247,1.2029,0,1.04672,1.69344,8.91204e+06,3.61194e+06,1.24097e+07,0,0,0,6.22705e+07
103.622,103.622,8.88185,0.07,0,2.50116,2.65268,0,0.461433,4.89888,4.28834e+06,2.70226e+06,1.07258e+07,0,0,0,0,62.3362,61.308,6.24511,0,1,1.3548,1.20327,0,1.07582,1.69344,8.91204e+06,3.61194e+06,1.2074e+07,0,0,0,6.22705e+07
103.622,103.622,7.80515,0.08,0,2.50235,2.6535,0,0.468717,4.89888,4.28834e+06,2.70226e+06,1.07309e+07,0,0,0,0,62.3362,61.308,5.12398,0,1,1.3548,1.20365,0,1.04672,1.69344,8.91204e+06,3.61194e+06,1.2074e+07,0,0,0,6.22705e+07
103.622,103.622,9.99115,0.09,0,2.50355,2.65432,0,0.468941,4.89888,4.28834e+06,2.70226e+06,1.07361e+07,0,0,0,0,62.3362,61.308,5.99332,0,1,1.3548,1.20402,0,1.04672,1.69344,8.91204e+06,3.61194e+06,1.2074e+07,0,0,0,6.22705e+07
103.622,103.622,7.26377,0.11,0,2.76372,2.91412,0,0.469165,4.89888,4.28834e+06,2.70226e+06,1.18518e+07,0,0,0,0,62.3362,61.308,6.17368,0,1,1.49641,1.346,0,1.04672,1.69344,8.91204e+06,3.61194e+06,1.3336e+07,0,0,0,6.22705e+07
103.622,103.622,5.87049,0.11,0,2.90661,2.91503,0,0.517921,4.89888,4.28834e+06,2.70226e+06,1.24645e+07,0,0,0,0,62.3362,61.308,4.45001,0,1,1.35484,1.34642,0,1.15613,1.69344,8.91204e+06,3.61194e+06,1.20744e+07,0,0,0,6.22705e+07
103.622,103.622,7.41123,0.11,0,2.90793,2.91593,0,0.544698,4.89888,4.28834e+06,2.70226e+06,1.24702e+07,0,0,0,0,62.3362,61.308,5.13215,0,1,1.35484,1.34684,0,1.04675,1.69344,8.91204e+06,3.61194e+06,1.20744e+07,0,0,0,6.22705e+07
103.622,103.622,6.88402,0.11,0,2.90925,2.91684,0,0.544946,4.89888,4.28834e+06,2.70226e+06,1.24758e+07,0,0,0,0,62.3362,61.308,4.71881,0,1,1.35484,1.34726,0,1.04675,1.69344,8.91204e+06,3.61194e+06,1.20744e+07,0,0,0,6.22705e+07
103.622,103.622,5.05383,0.11,0,2.54073,2.5479,0,0.545194,4.89888,4.28834e+06,2.70226e+06,1.08955e+07,0,0,0,0,62.3362,61.308,3.56592,0,1,1.16456,1.1574,0,1.04675,1.69344,8.91204e+06,3.61194e+06,1.03786e+07,0,0,0,6.22705e+07
103.622,103.622,7.33782,0.11,0,2.35166,2.54869,0,0.476133,4.89888,4.28834e+06,2.70226e+06,1.00847e+07,0,0,0,0,62.3362,61.308,7.95727,0,1,1.35478,1.15775,0,0.899741,1.69344,8.91204e+06,3.61194e+06,1.20739e+07,0,0,0,6.22705e+07
103.622,103.622,7.95349,0.11,0,2.35281,2.54948,0,0.440701,4.89888,4.28834e+06,2.70226e+06,1.00896e+07,0,0,0,0,62.3362,61.308,9.89461,0,1,1.35478,1.15811,0,1.04671,1.69344,8.91204e+06,3.61194e+06,1.20739e+07,0,0,0,6.22705e+07
103.622,103.622,13.8351,0.11,0,2.35396,2.55027,0,0.440916,4.89888,4.28834e+06,2.70226e+06,1.00946e+07,0,0,0,0,62.3362,61.308,14.3963,0,1,1.35478,1.15847,0,1.04671,1.69344,8.91204e+06,3.61194e+06,1.20739e+07,0,0,0,6.22705e+07
103.622,103.622,8.20948,0.11,0,2.3551,2.55106,0,0.441131,4.89888,4.28834e+06,2.70226e+06,1.00995e+07,0,0,0,0,62.3362,61.308,6.83421,0,1,1.35478,1.15883,0,1.04671,1.69344,8.91204e+06,3.61194e+06,1.20739e+07,0,0,0,6.22705e+07
103.622,103.622,8.50357,0.11,0,2.44949,2.64509,0,0.441347,4.89888,4.28834e+06,2.70226e+06,1.05043e+07,0,0,0,0,62.3362,61.308,7.84682,0,1,1.4014,1.20581,0,1.04671,1.69344,8.91204e+06,3.61194e+06,1.24894e+07,0,0,0,6.22705e+07
103.622,103.622,8.14836,0.11,0,2.49729,2.64591,0,0.459035,4.89888,4.28834e+06,2.70226e+06,1.07092e+07,0,0,0,0,62.3362,61.308,8.80823,0,1,1.3548,1.20618,0,1.08273,1.69344,8.91204e+06,3.61194e+06,1.2074e+07,0,0,0,6.22705e+07
103.622,103.622,5.82851,0.11,0,2.49849,2.64673,0,0.467993,4.89888,4.28834e+06,2.70226e+06,1.07143e+07,0,0,0,0,62.3362,61.308,6.99468,0,1,1.3548,1.20656,0,1.04672,1.69344,8.91204e+06,3.61194e+06,1.2074e+07,0,0,0,6.22705e+07
103.622,103.622,5.18692,0.11,0,2.49968,2.64755,0,0.468216,4.89888,4.28834e+06,2.70226e+06,1.07195e+07,0,0,0,0,62.3362,61.308,6.93739,0,1,1.3548,1.20693,0,1.04672,1.69344,8.91204e+06,3.61194e+06,1.2074e+07,0,0,0,6.22705e+07
103.622,103.622,5.00242,0.11,0,2.46437,2.61186,0,0.46844,4.89888,4.28834e+06,2.70226e+06,1.05681e+07,0,0,0,0,62.3362,61.308,6.37921,0,1,1.33667,1.18918,0,1.04672,1.69344,8.91204e+06,3.61194e+06,1.19124e+07,0,0,0,6.22705e+07
103.622,103.622,4.74231,0.11,0,2.44743,2.61267,0,0.461823,4.89888,4.28834e+06,2.70226e+06,1.04954e+07,0,0,0,0,62.3362,61.308,4.5916,0,1,1.35479,1.18954,0,1.03271,1.69344,8.91204e+06,3.61194e+06,1.2074e+07,0,0,0,6.22705e+07
103.622,103.622,4.22648,0.1,0,2.4486,2.61348,0,0.458647,4.89888,4.28834e+06,2.70226e+06,1.05004e+07,0,0,0,0,62.3362,61.308,4.33586,0,1,1.35479,1.18991,0,1.04671,1.69344,8.91204e+06,3.61194e+06,1.2074e+07,0,0,0,6.22705e+07
103.622,103.622,3.90955,0.09,0,2.44978,2.61429,0,0.458868,4.89888,4.28834e+06,2.70226e+06,1.05055e+07,0,0,0,0,62.3362,61.308,4.13221,0,1,1.35479,1.19028,0,1.04671,1.69344,8.91204e+06,3.61194e+06,1.2074e+07,0,0,0,6.22705e+07
103.622,103.622,3.63817,0.09,0,2.57501,2.73915,0,0.459089,4.89888,4.28834e+06,2.70226e+06,1.10425e+07,0,0,0,0,62.3362,61.308,4.14068,0,1,1.41917,1.25502,0,1.04671,1.69344,8.91204e+06,3.61194e+06,1.26477e+07,0,0,0,6.22705e+07
103.622,103.622,3.73421,0.09,0,2.6406,2.74,0,0.482557,4.89888,4.28834e+06,2.70226e+06,1.13238e+07,0,0,0,0,62.3362,61.308,3.99502,0,1,1.35481,1.25541,0,1.09645,1.69344,8.91204e+06,3.61194e+06,1.20741e+07,0,0,0,6.22705e+07
103.622,103.622,3.52069,0.09,0,2.64184,2.74085,0,0.494848,4.89888,4.28834e+06,2.70226e+06,1.13291e+07,0,0,0,0,62.3362,61.308,3.30711,0,1,1.35481,1.2558,0,1.04673,1.69344,8.91204e+06,3.61194e+06,1.20741e+07,0,0,0,6.22705e+07
103.622,103.622,3.20243,0.08,0,2.64307,2.7417,0,0.49508,4.89888,4.28834e+06,2.70226e+06,1.13344e+07,0,0,0,0,62.3362,61.308,2.87774,0,1,1.35481,1.25619,0,1.04673,1.69344,8.91204e+06,3.61194e+06,1.20741e+07,0,0,0,6.22705e+07
103.622,103.622,2.85717,0.07,0,2.64431,2.74255,0,0.495312,4.89888,4.28834e+06,2.70226e+06,1.13397e+07,0,0,0,0,62.3362,61.308,2.96217,0,1,1.35481,1.25658,0,1.04673,1.69344,8.91204e+06,3.61194e+06,1.20741e+07,0,0,0,6.22705e+07
103.622,103.622,2.95871,0.06,0,2.62098,2.71882,0,0.495544,4.89888,4.28834e+06,2.70226e+06,1.12396e+07,0,0,0,0,62.3362,61.308,3.43836,0,1,1.39025,1.2924,0,1.04673,1.69344,8.91204e+06,3.61194e+06,1.23899e+07,0,0,0,6.22705e+07
103.622,103.622,2.99567,0.06,0,2.65764,2.71967,0,0.491171,4.89888,4.28834e+06,2.70226e+06,1.13969e+07,0,0,0,0,62.3362,61.308,3.26487,0,1,1.35482,1.2928,0,1.07411,1.69344,8.91204e+06,3.61194e+06,1.20742e+07,0,0,0,6.22705e+07
103.622,103.622,2.85569,0.05,0,2.65888,2.72051,0,0.498042,4.89888,4.28834e+06,2.70226e+06,1.14022e+07,0,0,0,0,62.3362,61.308,3.20455,0,1,1.35482,1.2932,0,1.04674,1.69344,8.91204e+06,3.61194e+06,1.20742e+07,0,0,0,6.22705e+07
103.556,103.622,2.70384,0.04,0,2.66013,2.72135,0,0.498275,4.89888,4.28834e+06,2.70226e+06,1.14075e+07,0,0,0,0,62.3362,61.308,3.23045,0,1,1.35482,1.2936,0,1.04674,1.69344,8.91204e+06,3.61194e+06,1.20742e+07,0,0,0,6.22705e+07
103.179,103.622,2.42513,0.04,0,2.7249,2.78572,0,0.498508,4.89888,4.28834e+06,2.70226e+06,1.16853e+07,0,0,0,0,62.3362,61.308,2.99306,0,1,1.38644,1.32562,0,1.04674,1.69344,8.91204e+06,3.61194e+06,1.2356e+07,0,0,0,6.22705e+07
102.597,103.622,2.20617,0.04,0,2.75778,2.78658,0,0.510646,4.89888,4.28834e+06,2.70226e+06,1.18263e+07,0,0,0,0,62.3362,61.308,2.86345,0,1,1.35483,1.32603,0,1.07117,1.69344,8.91204e+06,3.61194e+06,1.20743e+07,0,0,0,6.22705e+07
101.919,103.622,2.092,0.04,0,2.75905,2.78745,0,0.516808,4.89888,4.28834e+06,2.70226e+06,1.18317e+07,0,0,0,0,62.3362,61.308,2.9394,0,1,1.35483,1.32644,0,1.04674,1.69344,8.91204e+06,3.61194e+06,1.20743e+07,0,0,0,6.22705e+07
101.128,103.622,1.94993,0.04,0,2.76032,2.78831,0,0.517046,4.89888,4.28834e+06,2.70226e+06,1.18372e+07,0,0,0,0,62.3362,61.308,2.69654,0,1,1.35483,1.32685,0,1.04674,1.69344,8.91204e+06,3.61194e+06,1.20743e+07,0,0,0,6.22705e+07
100.161,103.622,1.93281,0.04,0,2.94787,2.97545,0,0.517285,4.89888,4.28834e+06,2.70226e+06,1.26415e+07,0,0,0,0,62.3362,61.308,2.89036,0,1,1.46911,1.44153,0,1.04674,1.69344,8.91204e+06,3.61194e+06,1.30927e+07,0,0,0,6.22705e+07
99.2393,103.622,1.9682,0.04,0,2.97637,2.97637,0,0.552431,4.89888,4.28834e+06,2.70226e+06,1.27637e+07,0,0,0,0,62.3362,61.308,2.63573,0,1,1.44198,1.44198,0,1.13503,1.69344,8.91204e+06,3.61194e+06,1.2851e+07,0,0,0,6.22705e+07
98.4311,103.622,2.06081,0.04,0,2.97729,2.97729,0,0.557771,4.89888,4.28834e+06,2.70226e+06,1.27676e+07,0,0,0,0,62.3362,61.308,2.89843,0,1,1.44242,1.44242,0,1.11407,1.69344,8.91204e+06,3.61194e+06,1.28549e+07,0,0,0,6.22705e+07
97.2742,103.622,1.71135,0.04,0,2.97821,2.97821,0,0.557943,4.89888,4.28834e+06,2.70226e+06,1.27716e+07,0,0,0,0,62.3248,61.308,2.31026,0,1,1.44287,1.44287,0,1.11442,1.69344,8.91204e+06,3.61194e+06,1.28589e+07,0,0,0,6.22705e+07
96.3871,103.622,1.98958,0.04,0,2.97913,2.97913,0,0.558116,4.89888,4.28834e+06,2.70226e+06,1.27755e+07,0,0,0,0,62.3362,61.308,3.49158,0,1,1.44332,1.44332,0,1.11476,1.69344,8.91204e+06,3.61194e+06,1.28629e+07,0,0,0,6.22705e+07
95.3407,103.622,1.68615,0.07,0,2.88912,2.88912,0,0.558289,4.89888,4.28834e+06,2.70226e+06,1.23895e+07,0,0,0,0,61.8995,61.308,2.11668,0,1,1.3743,1.3743,0,1.11511,1.69344,8.91204e+06,3.61194e+06,1.22478e+07,0,0,0,6.22705e+07
94.0965,103.622,1.46598,0.07,0,2.89002,2.89002,0,0.541422,4.89888,4.28834e+06,2.70226e+06,1.23934e+07,0,0,0,0,61.6178,61.308,1.32642,0,1,1.37472,1.37472,0,1.06178,1.69344,8.91204e+06,3.61194e+06,1.22516e+07,0,0,0,6.22705e+07
92.9807,103.622,1.68517,0.07,0,2.89091,2.89091,0,0.541589,4.89888,4.28834e+06,2.70226e+06,1.23972e+07,0,0,0,0,61.4964,61.308,1.84204,0,1,1.37515,1.37515,0,1.06211,1.69344,8.91204e+06,3.61194e+06,1.22554e+07,0,0,0,6.22705e+07
91.8024,103.622,1.63636,0.07,0,2.8918,2.8918,0,0.541757,4.89888,4.28834e+06,2.70226e+06,1.2401e+07,0,0,0,0,61.5194,61.308,1.75165,0,1,1.37557,1.37557,0,1.06244,1.69344,8.91204e+06,3.61194e+06,1.22591e+07,0,0,0,6.22705e+07
90.8639,103.622,1.96055,0.07,0,2.81797,2.81797,0,0.541924,4.89888,4.28834e+06,2.70226e+06,1.20844e+07,0,0,0,0,61.6533,61.308,2.20532,0,1,1.31269,1.31269,0,1.06277,1.69344,8.91204e+06,3.61194e+06,1.16987e+07,0,0,0,6.22705e+07
89.2338,103.622,1.09871,0.08,0,2.77711,2.81884,0,0.528088,4.89888,4.28834e+06,2.70226e+06,1.19092e+07,0,0,0,0,61.5682,61.308,1.56153,0,1,1.35483,1.31309,0,1.01418,1.69344,8.91204e+06,3.61194e+06,1.20743e+07,0,0,0,6.22705e+07
88.1212,103.622,1.78875,0.11,0,2.77838,2.81971,0,0.52043,4.89888,4.28834e+06,2.70226e+06,1.19146e+07,0,0,0,0,61.7147,61.308,2.24351,0,1,1.35483,1.3135,0,1.04674,1.69344,8.91204e+06,3.61194e+06,1.20743e+07,0,0,0,6.22705e+07
88.0939,103.622,3.06318,0.11,0,2.77966,2.82058,0,0.520669,4.89888,4.28834e+06,2.70226e+06,1.19201e+07,0,0,0,0,62.3362,61.308,2.97924,0,1,1.35483,1.3139,0,1.04674,1.69344,8.91204e+06,3.61194e+06,1.20743e+07,0,0,0,6.22705e+07
88.6805,103.622,3.40267,0.11,0,2.56845,2.60897,0,0.520908,4.89888,4.28834e+06,2.70226e+06,1.10144e+07,0,0,0,0,62.3362,61.308,3.22224,0,1,1.22281,1.18229,0,1.04674,1.69344,8.91204e+06,3.61194e+06,1.08977e+07,0,0,0,6.22705e+07
88.618,103.622,2.78055,0.11,0,2.43764,2.60977,0,0.481327,4.89888,4.28834e+06,2.70226e+06,1.04534e+07,0,0,0,0,62.3362,61.308,2.74301,0,1,1.35479,1.18266,0,0.944744,1.69344,8.91204e+06,3.61194e+06,1.20739e+07,0,0,0,6.22705e+07
88.6493,103.622,2.84344,0.11,0,2.43881,2.61058,0,0.456814,4.89888,4.28834e+06,2.70226e+06,1.04584e+07,0,0,0,0,62.3362,61.308,2.69745,0,1,1.35479,1.18302,0,1.04671,1.69344,8.91204e+06,3.61194e+06,1.20739e+07,0,0,0,6.22705e+07
89.6164,103.622,4.23623,0.11,0,2.43998,2.61139,0,0.457034,4.89888,4.28834e+06,2.70226e+06,1.04635e+07,0,0,0,0,62.3362,61.308,3.9781,0,1,1.35479,1.18339,0,1.04671,1.69344,8.91204e+06,3.61194e+06,1.20739e+07,0,0,0,6.22705e+07
90.1348,103.622,3.57391,0.12,0,2.44116,2.61219,0,0.457253,4.89888,4.28834e+06,2.70226e+06,1.04685e+07,0,0,0,0,62.3362,61.308,5.1017,0,1,1.35479,1.18375,0,1.04671,1.69344,8.91204e+06,3.61194e+06,1.20739e+07,0,0,0,6.22705e+07
92.8191,103.622,5.84588,0.08,0,2.52417,2.69484,0,0.457473,4.89888,4.28834e+06,2.70226e+06,1.08245e+07,0,0,0,0,62.3362,61.308,5.01673,0,1,1.39307,1.2224,0,1.04671,1.69344,8.91204e+06,3.61194e+06,1.24151e+07,0,0,0,6.22705e+07
98.0086,103.622,8.38739,0.08,0,2.56361,2.69564,0,0.473029,5.7456,4.28834e+06,2.70226e+06,1.09936e+07,0,0,0,0,62.3362,61.308,5.629,0,1,1.35479,1.22276,0,1.07628,1.69344,8.91204e+06,3.61194e+06,1.20739e+07,0,0,0,6.22705e+07
100.265,103.622,5.24148,0.05,0,2.56478,2.69644,0,0.480421,5.7456,4.28834e+06,2.70226e+06,1.09986e+07,0,0,0,0,62.3362,61.308,4.86649,0,1,1.35479,1.22312,0,1.04671,1.69344,8.91204e+06,3.61194e+06,1.20739e+07,0,0,0,6.22705e+07
102.833,103.622,5.59767,0.06,0,2.56594,2.69724,0,0.480639,5.7456,4.28834e+06,2.70226e+06,1.10036e+07,0,0,0,0,62.3362,61.308,4.83107,0,1,1.35479,1.22349,0,1.04671,1.69344,8.91204e+06,3.61194e+06,1.20739e+07,0,0,0,6.22705e+07
103.622,103.622,5.57685,0.07,0,2.83027,2.96121,0,0.480858,5.7456,4.28834e+06,2.70226e+06,1.21371e+07,0,0,0,0,62.3362,61.308,4.8804,0,1,1.49869,1.36775,0,1.04671,1.69344,8.91204e+06,3.61194e+06,1.33564e+07,0,0,0,6.22705e+07
103.622,103.622,5.63368,0.07,0,2.96209,2.96209,0,0.530392,5.7456,4.28834e+06,2.70226e+06,1.27024e+07,0,0,0,0,62.3362,61.308,5.63131,0,1,1.36816,1.36816,0,1.15789,1.69344,8.91204e+06,3.61194e+06,1.21931e+07,0,0,0,6.22705e+07
103.622,103.622,7.02493,0.06,0,2.96297,2.96297,0,0.555095,5.7456,4.28834e+06,2.70226e+06,1.27062e+07,0,0,0,0,62.3362,61.308,7.04555,0,1,1.36856,1.36856,0,1.05704,1.69344,8.91204e+06,3.61194e+06,1.21967e+07,0,0,0,6.22705e+07
103.622,103.622,6.80847,0.06,0,2.96385,2.96385,0,0.55526,5.7456,4.28834e+06,2.70226e+06,1.271e+07,0,0,0,0,62.3362,61.308,6.2027,0,1,1.36897,1.36897,0,1.05735,1.69344,8.91204e+06,3.61194e+06,1.22003e+07,0,0,0,6.22705e+07
103.622,103.622,7.34708,0.06,0,2.58893,2.58893,0,0.555425,5.7456,4.28834e+06,2.70226e+06,1.11022e+07,0,0,0,0,62.3362,61.308,6.07405,0,1,1.17603,1.17603,0,1.05767,1.69344,8.91204e+06,3.61194e+06,1.04809e+07,0,0,0,6.22705e+07
103.622,103.622,7.14042,0.06,0,2.41131,2.5897,0,0.485165,5.7456,4.28834e+06,2.70226e+06,1.03405e+07,0,0,0,0,62.3362,61.308,4.8136,0,1,1.35477,1.17638,0,0.908604,1.69344,8.91204e+06,3.61194e+06,1.20738e+07,0,0,0,6.22705e+07
103.622,103.622,5.22406,0.06,0,2.41243,2.59047,0,0.451879,5.7456,4.28834e+06,2.70226e+06,1.03453e+07,0,0,0,0,62.3362,61.308,4.31167,0,1,1.35477,1.17673,0,1.0467,1.69344,8.91204e+06,3.61194e+06,1.20738e+07,0,0,0,6.22705e+07
103.622,103.622,10.7221,0.08,0,2.41355,2.59124,0,0.452089,5.7456,4.28834e+06,2.70226e+06,1.03501e+07,0,0,0,0,62.3362,61.308,7.18616,0,1,1.35477,1.17708,0,1.0467,1.69344,8.91204e+06,3.61194e+06,1.20738e+07,0,0,0,6.22705e+07
103.622,103.622,8.28294,0.08,0,2.41467,2.59201,0,0.452299,5.7456,4.28834e+06,2.70226e+06,1.03549e+07,0,0,0,0,62.3362,61.308,6.63776,0,1,1.35477,1.17743,0,1.0467,1.69344,8.91204e+06,3.61194e+06,1.20738e+07,0,0,0,6.22705e+07
103.622,103.622,8.97964,0.1,0,2.51052,2.68751,0,0.452509,5.7456,4.28834e+06,2.70226e+06,1.0766e+07,0,0,0,0,62.3362,61.308,7.18574,0,1,1.40214,1.22515,0,1.0467,1.69344,8.91204e+06,3.61194e+06,1.2496e+07,0,0,0,6.22705e+07
103.622,103.622,7.2115,0.1,0,2.55904,2.68831,0,0.470472,5.7456,4.28834e+06,2.70226e+06,1.0974e+07,0,0,0,0,62.3362,61.308,8.30479,0,1,1.35479,1.22552,0,1.0833,1.69344,8.91204e+06,3.61194e+06,1.20739e+07,0,0,0,6.22705e+07
103.622,103.622,8.0225,0.1,0,2.5602,2.68911,0,0.479564,5.7456,4.28834e+06,2.70226e+06,1.0979e+07,0,0,0,0,62.3362,61.308,7.56946,0,1,1.35479,1.22588,0,1.04671,1.69344,8.91204e+06,3.61194e+06,1.20739e+07,0,0,0,6.22705e+07
103.622,103.622,6.41637,0.1,0,2.56136,2.68991,0,0.479782,5.7456,4.28834e+06,2.70226e+06,1.0984e+07,0,0,0,0,62.3362,61.308,7.46533,0,1,1.35479,1.22624,0,1.04671,1.69344,8.91204e+06,3.61194e+06,1.20739e+07,0,0,0,6.22705e+07
103.622,103.622,5.08316,0.09,0,2.52544,2.65362,0,0.48,5.7456,4.28834e+06,2.70226e+06,1.08299e+07,0,0,0,0,62.3362,61.308,4.8753,0,1,1.33637,1.20819,0,1.04671,1.69344,8.91204e+06,3.61194e+06,1.19098e+07,0,0,0,6.22705e+07
103.622,103.622,4.48468,0.09,0,2.50818,2.65441,0,0.473268,5.7456,4.28834e+06,2.70226e+06,1.07559e+07,0,0,0,0,62.3362,61.308,4.33696,0,1,1.35478,1.20855,0,1.03248,1.69344,8.91204e+06,3.61194e+06,1.20739e+07,0,0,0,6.22705e+07
103.622,103.622,4.02736,0.09,0,2.50932,2.6552,0,0.470032,5.7456,4.28834e+06,2.70226e+06,1.07608e+07,0,0,0,0,62.3362,61.308,4.64884,0,1,1.35478,1.20891,0,1.04671,1.69344,8.91204e+06,3.61194e+06,1.20739e+07,0,0,0,6.22705e+07
103.622,103.622,4.22242,0.08,0,2.51047,2.65599,0,0.470247,5.7456,4.28834e+06,2.70226e+06,1.07657e+07,0,0,0,0,62.3362,61.308,3.8951,0,1,1.35478,1.20926,0,1.04671,1.69344,8.91204e+06,3.61194e+06,1.20739e+07,0,0,0,6.22705e+07
103.622,103.622,4.11068,0.07,0,2.63765,2.78281,0,0.470462,5.7456,4.28834e+06,2.70226e+06,1.13111e+07,0,0,0,0,62.3362,61.308,3.98945,0,1,1.42018,1.27502,0,1.04671,1.69344,8.91204e+06,3.61194e+06,1.26567e+07,0,0,0,6.22705e+07
103.622,103.622,3.31867,0.07,0,2.70423,2.78363,0,0.494295,5.7456,4.28834e+06,2.70226e+06,1.15966e+07,0,0,0,0,62.3362,61.308,3.42283,0,1,1.3548,1.2754,0,1.09723,1.69344,8.91204e+06,3.61194e+06,1.20741e+07,0,0,0,6.22705e+07
103.622,103.622,3.19987,0.07,0,2.70544,2.78446,0,0.506773,5.7456,4.28834e+06,2.70226e+06,1.16018e+07,0,0,0,0,62.3362,61.308,2.90046,0,1,1.3548,1.27578,0,1.04672,1.69344,8.91204e+06,3.61194e+06,1.20741e+07,0,0,0,6.22705e+07
103.622,103.622,2.85896,0.07,0,2.70664,2.78528,0,0.506999,5.7456,4.28834e+06,2.70226e+06,1.1607e+07,0,0,0,0,62.3362,61.308,2.77098,0,1,1.3548,1.27616,0,1.04672,1.69344,8.91204e+06,3.61194e+06,1.20741e+07,0,0,0,6.22705e+07
103.622,103.622,2.71372,0.06,0,2.70785,2.78611,0,0.507224,5.7456,4.28834e+06,2.70226e+06,1.16122e+07,0,0,0,0,62.3362,61.308,2.62141,0,1,1.3548,1.27654,0,1.04672,1.69344,8.91204e+06,3.61194e+06,1.20741e+07,0,0,0,6.22705e+07
103.615,103.622,2.63188,0.05,0,2.68409,2.76198,0,0.50745,5.7456,4.28834e+06,2.70226e+06,1.15103e+07,0,0,0,0,62.3362,61.308,2.74958,0,1,1.3908,1.31291,0,1.04672,1.69344,8.91204e+06,3.61194e+06,1.23949e+07,0,0,0,6.22705e+07
103.565,103.622,2.57929,0.04,0,2.72129,2.7628,0,0.502998,5.7456,4.28834e+06,2.70226e+06,1.16698e+07,0,0,0,0,62.3362,61.308,2.90632,0,1,1.35481,1.3133,0,1.07453,1.69344,8.91204e+06,3.61194e+06,1.20741e+07,0,0,0,6.22705e+07
103.326,103.622,2.38972,0.03,0,2.7225,2.76362,0,0.509969,5.7456,4.28834e+06,2.70226e+06,1.1675e+07,0,0,0,0,62.3362,61.308,2.88835,0,1,1.35481,1.31369,0,1.04673,1.69344,8.91204e+06,3.61194e+06,1.20741e+07,0,0,0,6.22705e+07
102.896,103.622,2.18509,0.02,0,2.72371,2.76444,0,0.510196,5.7456,4.28834e+06,2.70226e+06,1.16802e+07,0,0,0,0,62.3362,61.308,2.54661,0,1,1.35481,1.31408,0,1.04673,1.69344,8.91204e+06,3.61194e+06,1.20742e+07,0,0,0,6.22705e+07
102.282,103.622,2.01038,0.02,0,2.78945,2.82979,0,0.510422,5.7456,4.28834e+06,2.70226e+06,1.19621e+07,0,0,0,0,62.2497,61.308,2.50984,0,1,1.38693,1.34659,0,1.04673,1.69344,8.91204e+06,3.61194e+06,1.23604e+07,0,0,0,6.22705e+07
101.718,103.622,2.06102,0.02,0,2.8228,2.83063,0,0.522743,5.7456,4.28834e+06,2.70226e+06,1.21051e+07,0,0,0,0,62.2556,61.308,2.9441,0,1,1.35482,1.34699,0,1.07154,1.69344,8.91204e+06,3.61194e+06,1.20742e+07,0,0,0,6.22705e+07
101.041,103.622,1.94033,0.02,0,2.82404,2.83147,0,0.528993,5.7456,4.28834e+06,2.70226e+06,1.21104e+07,0,0,0,0,62.2388,61.308,2.93783,0,1,1.35482,1.34739,0,1.04674,1.69344,8.91204e+06,3.61194e+06,1.20742e+07,0,0,0,6.22705e+07
100.168,103.622,1.72743,0.02,0,2.82528,2.83231,0,0.529225,5.7456,4.28834e+06,2.70226e+06,1.21157e+07,0,0,0,0,62.1862,61.308,2.66103,0,1,1.35482,1.34779,0,1.04674,1.69344,8.91204e+06,3.61194e+06,1.20742e+07,0,0,0,6.22705e+07
99.0352,103.622,1.57485,0.02,0,3.01573,3.02237,0,0.529457,5.7456,4.28834e+06,2.70226e+06,1.29325e+07,0,0,0,0,62.0066,61.308,2.59316,0,1,1.4709,1.46426,0,1.04674,1.69344,8.91204e+06,3.61194e+06,1.31087e+07,0,0,0,6.22705e+07
97.5317,103.622,1.17666,0.02,0,3.02326,3.02326,0,0.565148,5.7456,4.28834e+06,2.70226e+06,1.29648e+07,0,0,0,0,61.7851,61.308,2.43908,0,1,1.4647,1.4647,0,1.13642,1.69344,8.91204e+06,3.61194e+06,1.30534e+07,0,0,0,6.22705e+07
95.8558,103.622,0.97638,0.02,0,3.02416,3.02416,0,0.566559,5.7456,4.28834e+06,2.70226e+06,1.29686e+07,0,0,0,0,61.4908,61.308,2.24206,0,1,1.46513,1.46513,0,1.13163,1.69344,8.91204e+06,3.61194e+06,1.30573e+07,0,0,0,6.22705e+07
94.2146,103.622,0.991842,0.05,0,3.02505,3.02505,0,0.566727,5.7456,4.28834e+06,2.70226e+06,1.29725e+07,0,0,0,0,61.1775,61.308,2.15008,0,1,1.46557,1.46557,0,1.13196,1.69344,8.91204e+06,3.61194e+06,1.30612e+07,0,0,0,6.22705e+07
93.0001,103.622,1.42923,0.06,0,3.02595,3.02595,0,0.566895,5.7456,4.28834e+06,2.70226e+06,1.29763e+07,0,0,0,0,60.9449,61.308,2.58128,0,1,1.466,1.466,0,1.1323,1.69344,8.91204e+06,3.61194e+06,1.30651e+07,0,0,0,6.22705e+07
92.2184,103.622,1.8553,0.06,0,2.9345,2.9345,0,0.567063,5.7456,4.28834e+06,2.70226e+06,1.25841e+07,0,0,0,0,60.9144,61.308,2.63034,0,1,1.39588,1.39588,0,1.13263,1.69344,8.91204e+06,3.61194e+06,1.24401e+07,0,0,0,6.22705e+07
91.3147,103.622,1.71931,0.05,0,2.93537,2.93537,0,0.549924,5.7456,4.28834e+06,2.70226e+06,1.25878e+07,0,0,0,0,60.8837,61.308,2.38501,0,1,1.39629,1.39629,0,1.07846,1.69344,8.91204e+06,3.61194e+06,1.24438e+07,0,0,0,6.22705e+07
90.1638,103.622,1.4721,0.06,0,2.93624,2.93624,0,0.550088,5.7456,4.28834e+06,2.70226e+06,1.25916e+07,0,0,0,0,61.1127,61.308,3.98281,0,1,1.39671,1.39671,0,1.07878,1.69344,8.91204e+06,3.61194e+06,1.24475e+07,0,0,0,6.22705e+07
88.8335,103.622,1.2437,0.06,0,2.93711,2.93711,0,0.550251,5.7456,4.28834e+06,2.70226e+06,1.25953e+07,0,0,0,0,60.9338,61.308,2.11782,0,1,1.39712,1.39712,0,1.0791,1.69344,8.91204e+06,3.61194e+06,1.24512e+07,0,0,0,6.22705e+07
87.7229,103.622,1.43763,0.09,0,2.86208,2.86208,0,0.550414,5.7456,4.28834e+06,2.70226e+06,1.22736e+07,0,0,0,0,60.6129,61.308,2.16685,0,1,1.33323,1.33323,0,1.07942,1.69344,8.91204e+06,3.61194e+06,1.18818e+07,0,0,0,6.22705e+07
86.5753,103.622,1.43252,0.09,0,2.84174,2.86293,0,0.536354,5.7456,4.28834e+06,2.70226e+06,1.21863e+07,0,0,0,0,60.5264,61.308,1.43893,0,1,1.35482,1.33363,0,1.03006,1.69344,8.91204e+06,3.61194e+06,1.20742e+07,0,0,0,6.22705e+07
85.2884,103.622,1.29892,0.09,0,2.84298,2.86378,0,0.532542,5.7456,4.28834e+06,2.70226e+06,1.21917e+07,0,0,0,0,60.4979,61.308,2.07373,0,1,1.35482,1.33402,0,1.04673,1.69344,8.91204e+06,3.61194e+06,1.20742e+07,0,0,0,6.22705e+07
86.0284,103.622,3.56853,0.09,0,2.84423,2.86463,0,0.532775,5.7456,4.28834e+06,2.70226e+06,1.2197e+07,0,0,0,0,61.2706,61.308,4.68868,0,1,1.35482,1.33442,0,1.04673,1.69344,8.91204e+06,3.61194e+06,1.20742e+07,0,0,0,6.22705e+07
85.7419,103.622,2.28062,0.1,0,2.62967,2.64967,0,0.533008,5.7456,4.28834e+06,2.70226e+06,1.12769e+07,0,0,0,0,61.8083,61.308,2.02969,0,1,1.22074,1.20074,0,1.04673,1.69344,8.91204e+06,3.61194e+06,1.08793e+07,0,0,0,6.22705e+07
86.5055,103.622,3.3493,0.1,0,2.49677,2.65046,0,0.4928,5.7456,4.28834e+06,2.70226e+06,1.0707e+07,0,0,0,0,62.3362,61.308,4.15157,0,1,1.35478,1.20109,0,0.943145,1.69344,8.91204e+06,3.61194e+06,1.20738e+07,0,0,0,6.22705e+07
88.4709,103.622,4.8814,0.1,0,2.49791,2.65124,0,0.467895,5.7456,4.28834e+06,2.70226e+06,1.07119e+07,0,0,0,0,62.3362,61.308,7.66873,0,1,1.35478,1.20145,0,1.0467,1.69344,8.91204e+06,3.61194e+06,1.20738e+07,0,0,0,6.22705e+07
89.5814,103.622,3.78772,0.1,0,2.49905,2.65203,0,0.468109,5.7456,4.28834e+06,2.70226e+06,1.07168e+07,0,0,0,0,62.3362,61.308,4.0499,0,1,1.35478,1.2018,0,1.0467,1.69344,8.91204e+06,3.61194e+06,1.20738e+07,0,0,0,6.22705e+07
90.4093,103.622,3.47549,0.11,0,2.50019,2.65281,0,0.468322,5.7456,4.28834e+06,2.70226e+06,1.07217e+07,0,0,0,0,62.3362,61.308,3.10229,0,1,1.35478,1.20216,0,1.0467,1.69344,8.91204e+06,3.61194e+06,1.20738e+07,0,0,0,6.22705e+07
91.3517,103.622,3.64705,0.07,0,2.50055,2.65281,0,0.468536,5.7456,4.28834e+06,2.70226e+06,1.07232e+07,0,0,0,0,62.3362,61.308,3.18237,0,1,1.35442,1.20216,0,1.0467,1.69344,8.91204e+06,3.61194e+06,1.20707e+07,0,0,0,6.22705e+07
93.0523,103.622,4.67974,0.07,0,2.58445,2.73671,0,0.468603,5.7456,4.28834e+06,2.70226e+06,1.1083e+07,0,0,0,0,62.3362,61.308,5.42036,0,1,1.39365,1.24139,0,1.04643,1.69344,8.91204e+06,3.61194e+06,1.24203e+07,0,0,0,6.22705e+07
94.184,103.622,4.08238,0.08,0,2.62445,2.73749,0,0.484325,5.7456,4.28834e+06,2.70226e+06,1.12545e+07,0,0,0,0,62.3362,61.308,4.82611,0,1,1.35478,1.24174,0,1.07674,1.69344,8.91204e+06,3.61194e+06,1.20738e+07,0,0,0,6.22705e+07
95.2136,103.622,3.99814,0.09,0,2.62559,2.73827,0,0.491823,5.7456,4.28834e+06,2.70226e+06,1.12594e+07,0,0,0,0,62.3362,61.308,4.9676,0,1,1.35478,1.2421,0,1.0467,1.69344,8.91204e+06,3.61194e+06,1.20738e+07,0,0,0,6.22705e+07
96.2818,103.622,4.13886,0.09,0,2.62672,2.73905,0,0.492035,5.7456,4.28834e+06,2.70226e+06,1.12643e+07,0,0,0,0,62.3362,61.308,4.67733,0,1,1.35478,1.24245,0,1.0467,1.69344,8.91204e+06,3.61194e+06,1.20738e+07,0,0,0,6.22705e+07
97.7755,103.622,4.77508,0.09,0,2.89509,3.00706,0,0.492248,5.7456,4.28834e+06,2.70226e+06,1.24151e+07,0,0,0,0,62.3362,61.308,5.58592,0,1,1.50091,1.38893,0,1.0467,1.69344,8.91204e+06,3.61194e+06,1.33761e+07,0,0,0,6.22705e+07
99.7127,103.622,5.51043,0.07,0,3.00792,3.00792,0,0.54254,5.7456,4.28834e+06,2.70226e+06,1.2899e+07,0,0,0,0,62.3362,61.308,6.03819,0,1,1.38933,1.38933,0,1.1596,1.69344,8.91204e+06,3.61194e+06,1.23817e+07,0,0,0,6.22705e+07
100.832,103.622,4.51021,0.07,0,3.00878,3.00878,0,0.563684,5.7456,4.28834e+06,2.70226e+06,1.29026e+07,0,0,0,0,62.3362,61.308,4.28933,0,1,1.38972,1.38972,0,1.07339,1.69344,8.91204e+06,3.61194e+06,1.23853e+07,0,0,0,6.22705e+07
103.622,103.622,7.81653,0.08,0,3.00963,3.00963,0,0.563845,5.7456,4.28834e+06,2.70226e+06,1.29063e+07,0,0,0,0,62.3362,61.308,8.30747,0,1,1.39012,1.39012,0,1.0737,1.69344,8.91204e+06,3.61194e+06,1.23888e+07,0,0,0,6.22705e+07
103.622,103.622,7.96929,0.07,0,2.62889,2.62889,0,0.564005,5.7456,4.28834e+06,2.70226e+06,1.12736e+07,0,0,0,0,62.3362,61.308,8.73929,0,1,1.19419,1.19419,0,1.07401,1.69344,8.91204e+06,3.61194e+06,1.06426e+07,0,0,0,6.22705e+07
103.622,103.622,7.55604,0.08,0,2.4694,2.62964,0,0.492654,5.7456,4.28834e+06,2.70226e+06,1.05896e+07,0,0,0,0,62.3362,61.308,6.77696,0,1,1.35476,1.19453,0,0.922629,1.69344,8.91204e+06,3.61194e+06,1.20737e+07,0,0,0,6.22705e+07
103.622,103.622,5.4505,0.09,0,2.47049,2.63039,0,0.462766,5.7456,4.28834e+06,2.70226e+06,1.05943e+07,0,0,0,0,62.3362,61.308,5.54103,0,1,1.35476,1.19487,0,1.04669,1.69344,8.91204e+06,3.61194e+06,1.20737e+07,0,0,0,6.22705e+07
103.622,103.622,5.92121,0.1,0,2.47158,2.63114,0,0.46297,5.7456,4.28834e+06,2.70226e+06,1.0599e+07,0,0,0,0,62.3362,61.308,4.98698,0,1,1.35476,1.19521,0,1.04669,1.69344,8.91204e+06,3.61194e+06,1.20737e+07,0,0,0,6.22705e+07
103.622,103.622,4.95414,0.11,0,2.47267,2.63189,0,0.463174,5.7456,4.28834e+06,2.70226e+06,1.06036e+07,0,0,0,0,62.3362,61.308,5.70633,0,1,1.35476,1.19555,0,1.04669,1.69344,8.91204e+06,3.61194e+06,1.20737e+07,0,0,0,6.22705e+07
103.622,103.622,5.13685,0.1,0,2.56995,2.72883,0,0.463378,5.7456,4.28834e+06,2.70226e+06,1.10208e+07,0,0,0,0,62.3362,61.308,4.21375,0,1,1.40286,1.24399,0,1.04669,1.69344,8.91204e+06,3.61194e+06,1.25024e+07,0,0,0,6.22705e+07
103.622,103.622,4.70093,0.1,0,2.61916,2.7296,0,0.481608,5.7456,4.28834e+06,2.70226e+06,1.12319e+07,0,0,0,0,62.3362,61.308,4.45468,0,1,1.35478,1.24434,0,1.08385,1.69344,8.91204e+06,3.61194e+06,1.20738e+07,0,0,0,6.22705e+07
103.622,103.622,4.4383,0.12,0,2.62029,2.73038,0,0.490831,5.7456,4.28834e+06,2.70226e+06,1.12367e+07,0,0,0,0,62.3362,61.308,5.04787,0,1,1.35478,1.24469,0,1.0467,1.69344,8.91204e+06,3.61194e+06,1.20738e+07,0,0,0,6.22705e+07
103.622,103.622,4.49952,0.11,0,2.62142,2.73116,0,0.491043,5.7456,4.28834e+06,2.70226e+06,1.12416e+07,0,0,0,0,62.3362,61.308,3.61077,0,1,1.35478,1.24505,0,1.0467,1.69344,8.91204e+06,3.61194e+06,1.20738e+07,0,0,0,6.22705e+07
103.622,103.622,3.68365,0.1,0,2.5849,2.69428,0,0.491255,5.7456,4.28834e+06,2.70226e+06,1.10849e+07,0,0,0,0,62.3362,61.308,3.1845,0,1,1.33608,1.2267,0,1.0467,1.69344,8.91204e+06,3.61194e+06,1.19072e+07,0,0,0,6.22705e+07
103.622,103.622,2.93559,0.09,0,2.56732,2.69505,0,0.484411,5.7456,4.28834e+06,2.70226e+06,1.10095e+07,0,0,0,0,62.3362,61.308,2.65771,0,1,1.35477,1.22705,0,1.03225,1.69344,8.91204e+06,3.61194e+06,1.20738e+07,0,0,0,6.22705e+07
103.622,103.622,2.67522,0.09,0,2.56844,2.69581,0,0.481116,5.7456,4.28834e+06,2.70226e+06,1.10143e+07,0,0,0,0,62.3362,61.308,2.36677,0,1,1.35477,1.2274,0,1.0467,1.69344,8.91204e+06,3.61194e+06,1.20738e+07,0,0,0,6.22705e+07
103.622,103.622,2.62995,0.08,0,2.56955,2.69658,0,0.481325,5.7456,4.28834e+06,2.70226e+06,1.10191e+07,0,0,0,0,62.3362,61.308,2.58189,0,1,1.35477,1.22775,0,1.0467,1.69344,8.91204e+06,3.61194e+06,1.20738e+07,0,0,0,6.22705e+07
103.38,103.622,2.43472,0.07,0,2.69862,2.8253,0,0.481534,5.7456,4.28834e+06,2.70226e+06,1.15726e+07,0,0,0,0,62.3362,61.308,2.42234,0,1,1.42117,1.29449,0,1.0467,1.69344,8.91204e+06,3.61194e+06,1.26655e+07,0,0,0,6.22705e+07
103.097,103.622,2.42658,0.07,0,2.76617,2.8261,0,0.505722,5.7456,4.28834e+06,2.70226e+06,1.18623e+07,0,0,0,0,62.3362,61.308,2.31225,0,1,1.35479,1.29486,0,1.098,1.69344,8.91204e+06,3.61194e+06,1.2074e+07,0,0,0,6.22705e+07
102.562,103.622,2.14181,0.07,0,2.76735,2.82691,0,0.518381,5.7456,4.28834e+06,2.70226e+06,1.18673e+07,0,0,0,0,62.3362,61.308,2.15529,0,1,1.35479,1.29523,0,1.04671,1.69344,8.91204e+06,3.61194e+06,1.2074e+07,0,0,0,6.22705e+07
101.966,103.622,2.0246,0.07,0,2.76852,2.82771,0,0.5186,5.7456,4.28834e+06,2.70226e+06,1.18723e+07,0,0,0,0,62.3182,61.308,2.05755,0,1,1.35479,1.2956,0,1.04671,1.69344,8.91204e+06,3.61194e+06,1.2074e+07,0,0,0,6.22705e+07
101.299,103.622,1.94078,0.05,0,2.76969,2.82852,0,0.51882,5.7456,4.28834e+06,2.70226e+06,1.18774e+07,0,0,0,0,62.176,61.308,1.91196,0,1,1.35479,1.29597,0,1.04671,1.69344,8.91204e+06,3.61194e+06,1.2074e+07,0,0,0,6.22705e+07
100.708,103.622,1.95539,0.04,0,2.74552,2.80398,0,0.51904,5.7456,4.28834e+06,2.70226e+06,1.17737e+07,0,0,0,0,61.9559,61.308,1.78055,0,1,1.39134,1.33288,0,1.04671,1.69344,8.91204e+06,3.61194e+06,1.23997e+07,0,0,0,6.22705e+07
99.9858,103.622,1.84675,0.03,0,2.78323,2.80478,0,0.514511,5.7456,4.28834e+06,2.70226e+06,1.19354e+07,0,0,0,0,61.729,61.308,1.67961,0,1,1.3548,1.33326,0,1.07495,1.69344,8.91204e+06,3.61194e+06,1.20741e+07,0,0,0,6.22705e+07
99.121,103.622,1.6921,0.03,0,2.78441,2.80557,0,0.521578,5.7456,4.28834e+06,2.70226e+06,1.19405e+07,0,0,0,0,61.3642,61.308,1.65112,0,1,1.3548,1.33364,0,1.04672,1.69344,8.91204e+06,3.61194e+06,1.20741e+07,0,0,0,6.22705e+07
98.1261,103.622,1.53987,0.02,0,2.78558,2.80637,0,0.521798,5.7456,4.28834e+06,2.70226e+06,1.19455e+07,0,0,0,0,60.9375,61.308,1.4929,0,1,1.3548,1.33402,0,1.04672,1.69344,8.91204e+06,3.61194e+06,1.20741e+07,0,0,0,6.22705e+07
97.082,103.622,1.49567,0.02,0,2.85227,2.87268,0,0.522018,5.7456,4.28834e+06,2.70226e+06,1.22315e+07,0,0,0,0,60.3722,61.308,1.43504,0,1,1.38741,1.367,0,1.04672,1.69344,8.91204e+06,3.61194e+06,1.23646e+07,0,0,0,6.22705e+07
95.9041,103.622,1.36517,0.02,0,2.8735,2.8735,0,0.534516,5.7456,4.28834e+06,2.70226e+06,1.23225e+07,0,0,0,0,59.7482,61.308,1.37804,0,1,1.36739,1.36739,0,1.07191,1.69344,8.91204e+06,3.61194e+06,1.21862e+07,0,0,0,6.22705e+07
94.6303,103.622,1.24652,0.05,0,2.87432,2.87432,0,0.538494,5.7456,4.28834e+06,2.70226e+06,1.2326e+07,0,0,0,0,59.0974,61.308,1.27234,0,1,1.36778,1.36778,0,1.05645,1.69344,8.91204e+06,3.61194e+06,1.21897e+07,0,0,0,6.22705e+07
93.2375,103.622,1.09795,0.05,0,2.87513,2.87513,0,0.538647,5.7456,4.28834e+06,2.70226e+06,1.23295e+07,0,0,0,0,58.4919,61.308,1.26135,0,1,1.36817,1.36817,0,1.05675,1.69344,8.91204e+06,3.61194e+06,1.21932e+07,0,0,0,6.22705e+07
91.6908,103.622,1.08003,0.05,0,3.06802,3.06802,0,0.5388,5.7456,4.28834e+06,2.70226e+06,1.31567e+07,0,0,0,0,57.968,61.308,1.30118,0,1,1.48638,1.48638,0,1.05705,1.69344,8.91204e+06,3.61194e+06,1.32467e+07,0,0,0,6.22705e+07
90.3193,103.622,1.24838,0.06,0,3.06889,3.06889,0,0.574947,5.7456,4.28834e+06,2.70226e+06,1.31604e+07,0,0,0,0,57.4332,61.308,1.5163,0,1,1.48681,1.48681,0,1.14838,1.69344,8.91204e+06,3.61194e+06,1.32505e+07,0,0,0,6.22705e+07
88.832,103.622,1.13158,0.06,0,3.06976,3.06976,0,0.57511,5.7456,4.28834e+06,2.70226e+06,1.31642e+07,0,0,0,0,56.9419,61.308,1.45284,0,1,1.48723,1.48723,0,1.14871,1.69344,8.91204e+06,3.61194e+06,1.32542e+07,0,0,0,6.22705e+07
87.3831,103.622,1.14335,0.08,0,3.07064,3.07064,0,0.575274,5.7456,4.28834e+06,2.70226e+06,1.31679e+07,0,0,0,0,56.6575,61.308,1.5734,0,1,1.48765,1.48765,0,1.14903,1.69344,8.91204e+06,3.61194e+06,1.3258e+07,0,0,0,6.22705e+07
86.2036,103.622,1.44045,0.09,0,3.07151,3.07151,0,0.575437,5.7456,4.28834e+06,2.70226e+06,1.31717e+07,0,0,0,0,56.4317,61.308,1.9508,0,1,1.48807,1.48807,0,1.14936,1.69344,8.91204e+06,3.61194e+06,1.32618e+07,0,0,0,6.22705e+07
85.2008,103.622,1.57799,0.09,0,2.97864,2.97864,0,0.575601,5.7456,4.28834e+06,2.70226e+06,1.27734e+07,0,0,0,0,56.341,61.308,1.90959,0,1,1.41688,1.41688,0,1.14969,1.69344,8.91204e+06,3.61194e+06,1.26273e+07,0,0,0,6.22705e+07
85.1624,103.622,2.59414,0.09,0,2.97948,2.97948,0,0.558197,5.7456,4.28834e+06,2.70226e+06,1.2777e+07,0,0,0,0,56.5603,61.308,3.37328,0,1,1.41728,1.41728,0,1.09468,1.69344,8.91204e+06,3.61194e+06,1.26309e+07,0,0,0,6.22705e+07
83.9602,103.622,1.34536,0.09,0,2.98033,2.98033,0,0.558355,5.7456,4.28834e+06,2.70226e+06,1.27807e+07,0,0,0,0,56.4389,61.308,2.04519,0,1,1.41768,1.41768,0,1.09499,1.69344,8.91204e+06,3.61194e+06,1.26344e+07,0,0,0,6.22705e+07
82.806,103.622,1.31802,0.09,0,2.98118,2.98118,0,0.558514,5.7456,4.28834e+06,2.70226e+06,1.27843e+07,0,0,0,0,56.3639,61.308,1.8689,0,1,1.41808,1.41808,0,1.0953,1.69344,8.91204e+06,3.61194e+06,1.2638e+07,0,0,0,6.22705e+07
81.6901,103.622,1.4573,0.1,0,2.90499,2.90499,0,0.558673,5.7456,4.28834e+06,2.70226e+06,1.24576e+07,0,0,0,0,56.3713,61.308,1.93029,0,1,1.35322,1.35322,0,1.09561,1.69344,8.91204e+06,3.61194e+06,1.206e+07,0,0,0,6.22705e+07
81.3127,103.622,2.24527,0.1,0,2.90461,2.90582,0,0.544395,5.7456,4.28834e+06,2.70226e+06,1.2456e+07,0,0,0,0,56.5242,61.308,2.18257,0,1,1.35481,1.35361,0,1.0455,1.69344,8.91204e+06,3.61194e+06,1.20741e+07,0,0,0,6.22705e+07
81.9318,103.622,3.32271,0.11,0,2.90582,2.90664,0,0.544325,5.7456,4.28834e+06,2.70226e+06,1.24611e+07,0,0,0,0,57.2873,61.308,4.05112,0,1,1.35481,1.35399,0,1.04672,1.69344,8.91204e+06,3.61194e+06,1.20741e+07,0,0,0,6.22705e+07
81.4201,103.622,2.17814,0.11,0,2.90703,2.90746,0,0.544551,5.7456,4.28834e+06,2.70226e+06,1.24663e+07,0,0,0,0,57.6218,61.308,3.10466,0,1,1.35481,1.35438,0,1.04672,1.69344,8.91204e+06,3.61194e+06,1.20741e+07,0,0,0,6.22705e+07
82.7065,103.622,4.10845,0.11,0,2.68921,2.68926,0,0.544778,5.7456,4.28834e+06,2.70226e+06,1.15323e+07,0,0,0,0,58.252,61.308,3.75087,0,1,1.21873,1.21868,0,1.04672,1.69344,8.91204e+06,3.61194e+06,1.08613e+07,0,0,0,6.22705e+07
83.3637,103.622,3.37388,0.12,0,2.55428,2.69003,0,0.503959,5.7456,4.28834e+06,2.70226e+06,1.09536e+07,0,0,0,0,59.0013,61.308,4.62069,0,1,1.35477,1.21902,0,0.941589,1.69344,8.91204e+06,3.61194e+06,1.20738e+07,0,0,0,6.22705e+07
82.622,103.622,1.81838,0.11,0,2.55539,2.69079,0,0.478672,5.7456,4.28834e+06,2.70226e+06,1.09584e+07,0,0,0,0,59.307,61.308,2.64328,0,1,1.35477,1.21937,0,1.0467,1.69344,8.91204e+06,3.61194e+06,1.20738e+07,0,0,0,6.22705e+07
82.0133,103.622,1.86736,0.13,0,2.5565,2.69155,0,0.47888,5.7456,4.28834e+06,2.70226e+06,1.09631e+07,0,0,0,0,59.4634,61.308,2.58733,0,1,1.35477,1.21972,0,1.0467,1.69344,8.91204e+06,3.61194e+06,1.20738e+07,0,0,0,6.22705e+07
83.012,103.622,3.71279,0.13,0,2.55761,2.69232,0,0.479088,5.7456,4.28834e+06,2.70226e+06,1.09679e+07,0,0,0,0,60.0559,61.308,4.77261,0,1,1.35477,1.22006,0,1.0467,1.69344,8.91204e+06,3.61194e+06,1.20738e+07,0,0,0,6.22705e+07
84.299,103.622,4.22536,0.11,0,2.64307,2.77743,0,0.479296,5.7456,4.28834e+06,2.70226e+06,1.13344e+07,0,0,0,0,61.1337,61.308,4.67065,0,1,1.39422,1.25986,0,1.0467,1.69344,8.91204e+06,3.61194e+06,1.24254e+07,0,0,0,6.22705e+07
86.9776,103.622,6.15179,0.11,0,2.68362,2.77818,0,0.495311,5.7456,4.28834e+06,2.70226e+06,1.15083e+07,0,0,0,0,62.3362,61.308,6.5838,0,1,1.35477,1.2602,0,1.07718,1.69344,8.91204e+06,3.61194e+06,1.20737e+07,0,0,0,6.22705e+07
93.2923,103.622,10.1033,0.11,0,2.68472,2.77894,0,0.502911,5.7456,4.28834e+06,2.70226e+06,1.1513e+07,0,0,0,0,62.3362,61.308,11.6524,0,1,1.35477,1.26055,0,1.04669,1.69344,8.91204e+06,3.61194e+06,1.20737e+07,0,0,0,6.22705e+07
100.765,103.622,12.0298,0.1,0,2.68582,2.7797,0,0.503117,5.7456,4.28834e+06,2.70226e+06,1.15177e+07,0,0,0,0,62.3362,61.308,10.524,0,1,1.35477,1.26089,0,1.04669,1.69344,8.91204e+06,3.61194e+06,1.20737e+07,0,0,0,6.22705e+07
103.622,103.622,10.8286,0.08,0,2.95812,3.05165,0,0.503323,5.7456,4.28834e+06,2.70226e+06,1.26854e+07,0,0,0,0,62.3362,61.308,8.52388,0,1,1.50306,1.40953,0,1.04669,1.69344,8.91204e+06,3.61194e+06,1.33953e+07,0,0,0,6.22705e+07
103.622,103.622,8.01607,0.08,0,3.05249,3.05249,0,0.554352,5.7456,4.28834e+06,2.70226e+06,1.30901e+07,0,0,0,0,62.3362,61.308,7.23114,0,1,1.40991,1.40991,0,1.16127,1.69344,8.91204e+06,3.61194e+06,1.25652e+07,0,0,0,6.22705e+07
103.622,103.622,6.32276,0.08,0,3.05332,3.05332,0,0.572036,5.7456,4.28834e+06,2.70226e+06,1.30937e+07,0,0,0,0,62.3362,61.308,6.17751,0,1,1.4103,1.4103,0,1.0893,1.69344,8.91204e+06,3.61194e+06,1.25686e+07,0,0,0,6.22705e+07
103.622,103.622,6.9576,0.09,0,3.05415,3.05415,0,0.572192,5.7456,4.28834e+06,2.70226e+06,1.30972e+07,0,0,0,0,62.3362,61.308,7.48263,0,1,1.41068,1.41068,0,1.08959,1.69344,8.91204e+06,3.61194e+06,1.2572e+07,0,0,0,6.22705e+07
103.622,103.622,4.35203,0.09,0,2.66774,2.66774,0,0.572347,5.7456,4.28834e+06,2.70226e+06,1.14402e+07,0,0,0,0,62.3362,61.308,4.79555,0,1,1.21183,1.21183,0,1.08989,1.69344,8.91204e+06,3.61194e+06,1.07999e+07,0,0,0,6.22705e+07
103.622,103.622,3.73451,0.09,0,2.52588,2.66847,0,0.499935,5.7456,4.28834e+06,2.70226e+06,1.08318e+07,0,0,0,0,62.3362,61.308,3.66685,0,1,1.35475,1.21216,0,0.936264,1.69344,8.91204e+06,3.61194e+06,1.20736e+07,0,0,0,6.22705e+07
103.622,103.622,3.55604,0.11,0,2.52694,2.66919,0,0.47335,5.7456,4.28834e+06,2.70226e+06,1.08363e+07,0,0,0,0,62.3362,61.308,3.85963,0,1,1.35475,1.21249,0,1.04668,1.69344,8.91204e+06,3.61194e+06,1.20736e+07,0,0,0,6.22705e+07
103.622,103.622,10.4856,0.12,0,2.52799,2.66992,0,0.473548,5.7456,4.28834e+06,2.70226e+06,1.08409e+07,0,0,0,0,62.3362,61.308,9.36778,0,1,1.35475,1.21282,0,1.04668,1.69344,8.91204e+06,3.61194e+06,1.20736e+07,0,0,0,6.22705e+07
103.622,103.622,11.1896,0.12,0,2.52905,2.67065,0,0.473746,5.7456,4.28834e+06,2.70226e+06,1.08454e+07,0,0,0,0,62.3362,61.308,10.8819,0,1,1.35475,1.21316,0,1.04668,1.69344,8.91204e+06,3.61194e+06,1.20736e+07,0,0,0,6.22705e+07
103.622,103.622,6.61941,0.13,0,2.62771,2.76898,0,0.473944,5.7456,4.28834e+06,2.70226e+06,1.12685e+07,0,0,0,0,62.3362,61.308,5.36754,0,1,1.40356,1.26229,0,1.04668,1.69344,8.91204e+06,3.61194e+06,1.25086e+07,0,0,0,6.22705e+07
103.622,103.622,7.11592,0.14,0,2.6776,2.76974,0,0.492433,5.7456,4.28834e+06,2.70226e+06,1.14825e+07,0,0,0,0,62.3362,61.308,7.27092,0,1,1.35477,1.26263,0,1.08439,1.69344,8.91204e+06,3.61194e+06,1.20737e+07,0,0,0,6.22705e+07
103.622,103.622,5.94072,0.14,0,2.6787,2.77049,0,0.501783,5.7456,4.28834e+06,2.70226e+06,1.14872e+07,0,0,0,0,62.3362,61.308,5.89743,0,1,1.35477,1.26298,0,1.04669,1.69344,8.91204e+06,3.61194e+06,1.20737e+07,0,0,0,6.22705e+07
103.622,103.622,4.71558,0.13,0,2.6798,2.77124,0,0.501988,5.7456,4.28834e+06,2.70226e+06,1.14919e+07,0,0,0,0,62.3362,61.308,4.20039,0,1,1.35477,1.26332,0,1.04669,1.69344,8.91204e+06,3.61194e+06,1.20737e+07,0,0,0,6.22705e+07
103.622,103.622,3.97418,0.12,0,2.64269,2.73379,0,0.502194,5.7456,4.28834e+06,2.70226e+06,1.13327e+07,0,0,0,0,62.3362,61.308,3.93668,0,1,1.33579,1.24469,0,1.04669,1.69344,8.91204e+06,3.61194e+06,1.19046e+07,0,0,0,6.22705e+07
103.622,103.622,3.8494,0.12,0,2.6248,2.73454,0,0.49524,5.7456,4.28834e+06,2.70226e+06,1.1256e+07,0,0,0,0,62.3362,61.308,3.64083,0,1,1.35476,1.24503,0,1.03203,1.69344,8.91204e+06,3.61194e+06,1.20737e+07,0,0,0,6.22705e+07
103.622,103.622,3.33913,0.12,0,2.62588,2.73528,0,0.491888,5.7456,4.28834e+06,2.70226e+06,1.12607e+07,0,0,0,0,62.3362,61.308,3.5769,0,1,1.35476,1.24537,0,1.04669,1.69344,8.91204e+06,3.61194e+06,1.20737e+07,0,0,0,6.22705e+07
103.622,103.622,2.87085,0.11,0,2.62697,2.73602,0,0.492091,5.7456,4.28834e+06,2.70226e+06,1.12653e+07,0,0,0,0,62.3362,61.308,3.57757,0,1,1.35476,1.24571,0,1.04669,1.69344,8.91204e+06,3.61194e+06,1.20737e+07,0,0,0,6.22705e+07
103.388,103.622,2.68396,0.08,0,2.75787,2.86659,0,0.492294,5.7456,4.28834e+06,2.70226e+06,1.18267e+07,0,0,0,0,62.3362,61.308,3.73061,0,1,1.42213,1.31341,0,1.04669,1.69344,8.91204e+06,3.61194e+06,1.26741e+07,0,0,0,6.22705e+07
103.169,103.622,2.71739,0.07,0,2.82636,2.86737,0,0.516825,5.7456,4.28834e+06,2.70226e+06,1.21204e+07,0,0,0,0,62.3362,61.308,3.14213,0,1,1.35478,1.31377,0,1.09874,1.69344,8.91204e+06,3.61194e+06,1.20739e+07,0,0,0,6.22705e+07
102.858,103.622,2.60184,0.07,0,2.8275,2.86815,0,0.52966,5.7456,4.28834e+06,2.70226e+06,1.21253e+07,0,0,0,0,62.3362,61.308,3.10859,0,1,1.35478,1.31413,0,1.0467,1.69344,8.91204e+06,3.61194e+06,1.20739e+07,0,0,0,6.22705e+07
102.453,103.622,2.48493,0.07,0,2.82863,2.86893,0,0.529873,5.7456,4.28834e+06,2.70226e+06,1.21301e+07,0,0,0,0,62.3362,61.308,3.28051,0,1,1.35478,1.31448,0,1.0467,1.69344,8.91204e+06,3.61194e+06,1.20739e+07,0,0,0,6.22705e+07
101.962,103.622,2.37858,0.07,0,2.82977,2.86971,0,0.530086,5.7456,4.28834e+06,2.70226e+06,1.2135e+07,0,0,0,0,62.3362,61.308,3.16982,0,1,1.35478,1.31484,0,1.0467,1.69344,8.91204e+06,3.61194e+06,1.20739e+07,0,0,0,6.22705e+07
101.805,103.622,2.62427,0.05,0,2.8052,2.84478,0,0.530299,5.7456,4.28834e+06,2.70226e+06,1.20296e+07,0,0,0,0,62.3362,61.308,3.24981,0,1,1.39186,1.35228,0,1.0467,1.69344,8.91204e+06,3.61194e+06,1.24043e+07,0,0,0,6.22705e+07
101.421,103.622,2.41109,0.04,0,2.84341,2.84556,0,0.525695,5.7456,4.28834e+06,2.70226e+06,1.21935e+07,0,0,0,0,62.3362,61.308,3.26119,0,1,1.35479,1.35264,0,1.07535,1.69344,8.91204e+06,3.61194e+06,1.2074e+07,0,0,0,6.22705e+07
100.836,103.622,2.1871,0.03,0,2.84455,2.84633,0,0.532855,5.7456,4.28834e+06,2.70226e+06,1.21984e+07,0,0,0,0,62.3362,61.308,2.91795,0,1,1.35479,1.35301,0,1.04671,1.69344,8.91204e+06,3.61194e+06,1.2074e+07,0,0,0,6.22705e+07
100.198,103.622,2.08308,0.03,0,2.84569,2.8471,0,0.533069,5.7456,4.28834e+06,2.70226e+06,1.22033e+07,0,0,0,0,62.3362,61.308,2.833,0,1,1.35479,1.35338,0,1.04671,1.69344,8.91204e+06,3.61194e+06,1.2074e+07,0,0,0,6.22705e+07
99.5284,103.622,2.07525,0.03,0,2.9133,2.91434,0,0.533283,5.7456,4.28834e+06,2.70226e+06,1.24932e+07,0,0,0,0,62.3362,61.308,3.1023,0,1,1.38787,1.38683,0,1.04671,1.69344,8.91204e+06,3.61194e+06,1.23688e+07,0,0,0,6.22705e+07
98.8812,103.622,2.14489,0.04,0,2.91513,2.91513,0,0.545952,5.7456,4.28834e+06,2.70226e+06,1.25011e+07,0,0,0,0,62.3362,61.308,3.26584,0,1,1.3872,1.3872,0,1.07227,1.69344,8.91204e+06,3.61194e+06,1.23628e+07,0,0,0,6.22705e+07
98.1254,103.622,1.98209,0.04,0,2.91593,2.91593,0,0.546296,5.7456,4.28834e+06,2.70226e+06,1.25045e+07,0,0,0,0,62.3362,61.308,3.14254,0,1,1.38758,1.38758,0,1.07175,1.69344,8.91204e+06,3.61194e+06,1.23662e+07,0,0,0,6.22705e+07
97.2258,103.622,1.80879,0.04,0,2.91672,2.91672,0,0.546445,5.7456,4.28834e+06,2.70226e+06,1.25079e+07,0,0,0,0,62.3362,61.308,2.77596,0,1,1.38796,1.38796,0,1.07204,1.69344,8.91204e+06,3.61194e+06,1.23695e+07,0,0,0,6.22705e+07
96.3609,103.622,2.07706,0.04,0,3.11236,3.11236,0,0.546593,5.7456,4.28834e+06,2.70226e+06,1.33468e+07,0,0,0,0,62.3362,61.308,3.73118,0,1,1.50786,1.50786,0,1.07234,1.69344,8.91204e+06,3.61194e+06,1.34381e+07,0,0,0,6.22705e+07
95.3701,103.622,1.94763,0.07,0,3.11321,3.11321,0,0.583256,5.7456,4.28834e+06,2.70226e+06,1.33505e+07,0,0,0,0,62.3362,61.308,3.88317,0,1,1.50827,1.50827,0,1.16498,1.69344,8.91204e+06,3.61194e+06,1.34418e+07,0,0,0,6.22705e+07
94.4613,103.622,1.95519,0.07,0,3.11405,3.11405,0,0.583415,5.7456,4.28834e+06,2.70226e+06,1.33541e+07,0,0,0,0,62.3362,61.308,3.41829,0,1,1.50868,1.50868,0,1.16529,1.69344,8.91204e+06,3.61194e+06,1.34455e+07,0,0,0,6.22705e+07
93.0146,103.622,1.34544,0.07,0,3.1149,3.1149,0,0.583573,5.7456,4.28834e+06,2.70226e+06,1.33577e+07,0,0,0,0,62.3362,61.308,2.75893,0,1,1.50909,1.50909,0,1.16561,1.69344,8.91204e+06,3.61194e+06,1.34491e+07,0,0,0,6.22705e+07
91.4173,103.622,1.20193,0.07,0,3.11574,3.11574,0,0.583732,5.7456,4.28834e+06,2.70226e+06,1.33614e+07,0,0,0,0,62.3362,61.308,2.8348,0,1,1.5095,1.5095,0,1.16593,1.69344,8.91204e+06,3.61194e+06,1.34528e+07,0,0,0,6.22705e+07
90.3072,103.622,1.88921,0.08,0,3.0215,3.0215,0,0.58389,5.7456,4.28834e+06,2.70226e+06,1.29572e+07,0,0,0,0,62.3362,61.308,3.09743,0,1,1.43727,1.43727,0,1.16624,1.69344,8.91204e+06,3.61194e+06,1.2809e+07,0,0,0,6.22705e+07
90.018,103.622,2.62286,0.08,0,3.02232,3.02232,0,0.566229,5.7456,4.28834e+06,2.70226e+06,1.29607e+07,0,0,0,0,62.3362,61.308,2.97904,0,1,1.43766,1.43766,0,1.11043,1.69344,8.91204e+06,3.61194e+06,1.28124e+07,0,0,0,6.22705e+07
89.2447,103.622,2.12381,0.09,0,3.02314,3.02314,0,0.566383,5.7456,4.28834e+06,2.70226e+06,1.29642e+07,0,0,0,0,62.3362,61.308,3.08043,0,1,1.43805,1.43805,0,1.11073,1.69344,8.91204e+06,3.61194e+06,1.28159e+07,0,0,0,6.22705e+07
87.9603,103.622,1.53019,0.1,0,3.02396,3.02396,0,0.566537,5.7456,4.28834e+06,2.70226e+06,1.29678e+07,0,0,0,0,62.3362,61.308,2.3799,0,1,1.43844,1.43844,0,1.11103,1.69344,8.91204e+06,3.61194e+06,1.28194e+07,0,0,0,6.22705e+07
87.6097,103.622,2.63818,0.1,0,2.94665,2.94665,0,0.566691,5.7456,4.28834e+06,2.70226e+06,1.26362e+07,0,0,0,0,62.3362,61.308,3.60594,0,1,1.37263,1.37263,0,1.11134,1.69344,8.91204e+06,3.61194e+06,1.22329e+07,0,0,0,6.22705e+07
87.2167,103.622,2.44298,0.1,0,2.94745,2.94745,0,0.552202,5.7456,4.28834e+06,2.70226e+06,1.26396e+07,0,0,0,0,62.3362,61.308,3.35194,0,1,1.373,1.373,0,1.06049,1.69344,8.91204e+06,3.61194e+06,1.22362e+07,0,0,0,6.22705e+07
87.4909,103.622,3.23734,0.1,0,2.94825,2.94825,0,0.552352,5.7456,4.28834e+06,2.70226e+06,1.26431e+07,0,0,0,0,62.3362,61.308,3.52985,0,1,1.37337,1.37337,0,1.06078,1.69344,8.91204e+06,3.61194e+06,1.22396e+07,0,0,0,6.22705e+07
88.673,103.622,4.23656,0.1,0,2.94905,2.94905,0,0.552502,5.7456,4.28834e+06,2.70226e+06,1.26465e+07,0,0,0,0,62.3362,61.308,4.3399,0,1,1.37375,1.37375,0,1.06107,1.69344,8.91204e+06,3.61194e+06,1.22429e+07,0,0,0,6.22705e+07
89.6296,103.622,4.05582,0.1,0,2.72769,2.72769,0,0.552652,5.7456,4.28834e+06,2.70226e+06,1.16973e+07,0,0,0,0,62.3362,61.308,4.91579,0,1,1.23609,1.23609,0,1.06136,1.69344,8.91204e+06,3.61194e+06,1.10161e+07,0,0,0,6.22705e+07
90.3476,103.622,3.62295,0.11,0,2.6101,2.72843,0,0.511169,5.7456,4.28834e+06,2.70226e+06,1.1193e+07,0,0,0,0,62.3362,61.308,4.17678,0,1,1.35476,1.23643,0,0.955006,1.69344,8.91204e+06,3.61194e+06,1.20737e+07,0,0,0,6.22705e+07
92.2118,103.622,4.73934,0.1,0,2.61118,2.72917,0,0.489133,5.7456,4.28834e+06,2.70226e+06,1.11976e+07,0,0,0,0,62.3362,61.308,4.31562,0,1,1.35476,1.23676,0,1.04669,1.69344,8.91204e+06,3.61194e+06,1.20737e+07,0,0,0,6.22705e+07
95.7463,103.622,6.91924,0.1,0,2.61225,2.72991,0,0.489335,5.7456,4.28834e+06,2.70226e+06,1.12022e+07,0,0,0,0,62.3362,61.308,6.44671,0,1,1.35476,1.2371,0,1.04669,1.69344,8.91204e+06,3.61194e+06,1.20737e+07,0,0,0,6.22705e+07
98.4251,103.622,5.86554,0.1,0,2.61333,2.73065,0,0.489536,5.7456,4.28834e+06,2.70226e+06,1.12068e+07,0,0,0,0,62.3362,61.308,8.32297,0,1,1.35476,1.23744,0,1.04669,1.69344,8.91204e+06,3.61194e+06,1.20737e+07,0,0,0,6.22705e+07
101.393,103.622,6.13567,0.07,0,2.69995,2.81694,0,0.489738,5.7456,4.28834e+06,2.70226e+06,1.15783e+07,0,0,0,0,62.3362,61.308,5.12866,0,1,1.39477,1.27779,0,1.04669,1.69344,8.91204e+06,3.61194e+06,1.24303e+07,0,0,0,6.22705e+07
103.622,103.622,8.23646,0.08,0,2.74104,2.81768,0,0.505972,5.7456,4.28834e+06,2.70226e+06,1.17545e+07,0,0,0,0,62.3362,61.308,5.88123,0,1,1.35476,1.27812,0,1.0776,1.69344,8.91204e+06,3.61194e+06,1.20736e+07,0,0,0,6.22705e+07
103.622,103.622,9.90194,0.09,0,2.7421,2.81841,0,0.51367,5.7456,4.28834e+06,2.70226e+06,1.17591e+07,0,0,0,0,62.3362,61.308,9.40673,0,1,1.35476,1.27845,0,1.04668,1.69344,8.91204e+06,3.61194e+06,1.20736e+07,0,0,0,6.22705e+07
103.622,103.622,10.2947,0.09,0,2.74317,2.81914,0,0.51387,5.7456,4.28834e+06,2.70226e+06,1.17636e+07,0,0,0,0,62.3362,61.308,11.6007,0,1,1.35476,1.27878,0,1.04669,1.69344,8.91204e+06,3.61194e+06,1.20736e+07,0,0,0,6.22705e+07
103.622,103.622,6.69403,0.09,0,3.01928,3.09492,0,0.51407,5.7456,4.28834e+06,2.70226e+06,1.29477e+07,0,0,0,0,62.3362,61.308,6.42303,0,1,1.50515,1.42951,0,1.04669,1.69344,8.91204e+06,3.61194e+06,1.3414e+07,0,0,0,6.22705e+07
103.622,103.622,7.1801,0.09,0,3.09573,3.09573,0,0.565813,5.7456,4.28834e+06,2.70226e+06,1.32755e+07,0,0,0,0,62.3362,61.308,6.40435,0,1,1.42988,1.42988,0,1.16288,1.69344,8.91204e+06,3.61194e+06,1.27432e+07,0,0,0,6.22705e+07
103.622,103.622,8.26174,0.09,0,3.09653,3.09653,0,0.580139,5.7456,4.28834e+06,2.70226e+06,1.3279e+07,0,0,0,0,62.3362,61.308,6.52373,0,1,1.43026,1.43026,0,1.10473,1.69344,8.91204e+06,3.61194e+06,1.27465e+07,0,0,0,6.22705e+07
103.622,103.622,7.85537,0.09,0,3.09734,3.09734,0,0.58029,5.7456,4.28834e+06,2.70226e+06,1.32824e+07,0,0,0,0,62.3362,61.308,8.22169,0,1,1.43063,1.43063,0,1.10502,1.69344,8.91204e+06,3.61194e+06,1.27498e+07,0,0,0,6.22705e+07
103.622,103.622,6.52805,0.09,0,2.70543,2.70543,0,0.580441,5.7456,4.28834e+06,2.70226e+06,1.16018e+07,0,0,0,0,62.3362,61.308,6.87364,0,1,1.22896,1.22896,0,1.1053,1.69344,8.91204e+06,3.61194e+06,1.09525e+07,0,0,0,6.22705e+07
103.622,103.622,5.10341,0.1,0,2.58067,2.70614,0,0.506998,5.7456,4.28834e+06,2.70226e+06,1.10668e+07,0,0,0,0,62.3362,61.308,5.96509,0,1,1.35474,1.22928,0,0.949492,1.69344,8.91204e+06,3.61194e+06,1.20735e+07,0,0,0,6.22705e+07
103.622,103.622,4.83965,0.12,0,2.5817,2.70684,0,0.483618,5.7456,4.28834e+06,2.70226e+06,1.10712e+07,0,0,0,0,62.3362,61.308,6.26079,0,1,1.35474,1.2296,0,1.04668,1.69344,8.91204e+06,3.61194e+06,1.20735e+07,0,0,0,6.22705e+07
103.622,103.622,8.6225,0.12,0,2.58272,2.70755,0,0.48381,5.7456,4.28834e+06,2.70226e+06,1.10756e+07,0,0,0,0,62.3362,61.308,11.1998,0,1,1.35474,1.22992,0,1.04667,1.69344,8.91204e+06,3.61194e+06,1.20735e+07,0,0,0,6.22705e+07
103.622,103.622,7.61331,0.13,0,2.58374,2.70825,0,0.484002,5.7456,4.28834e+06,2.70226e+06,1.108e+07,0,0,0,0,62.3362,61.308,9.41305,0,1,1.35474,1.23024,0,1.04668,1.69344,8.91204e+06,3.61194e+06,1.20735e+07,0,0,0,6.22705e+07
103.622,103.622,7.57929,0.14,0,2.68375,2.80793,0,0.484194,5.7456,4.28834e+06,2.70226e+06,1.15088e+07,0,0,0,0,62.3362,61.308,8.47914,0,1,1.40424,1.28005,0,1.04668,1.69344,8.91204e+06,3.61194e+06,1.25146e+07,0,0,0,6.22705e+07
103.622,103.622,8.40454,0.16,0,2.73429,2.80867,0,0.502934,5.7456,4.28834e+06,2.70226e+06,1.17256e+07,0,0,0,0,62.3362,61.308,7.75793,0,1,1.35476,1.28038,0,1.08491,1.69344,8.91204e+06,3.61194e+06,1.20736e+07,0,0,0,6.22705e+07
103.622,103.622,6.70749,0.16,0,2.73535,2.8094,0,0.512406,5.7456,4.28834e+06,2.70226e+06,1.17301e+07,0,0,0,0,62.3362,61.308,7.60921,0,1,1.35476,1.28071,0,1.04669,1.69344,8.91204e+06,3.61194e+06,1.20736e+07,0,0,0,6.22705e+07
103.622,103.622,5.3537,0.17,0,2.73642,2.81013,0,0.512605,5.7456,4.28834e+06,2.70226e+06,1.17347e+07,0,0,0,0,62.3362,61.308,5.06796,0,1,1.35476,1.28105,0,1.04669,1.69344,8.91204e+06,3.61194e+06,1.20736e+07,0,0,0,6.22705e+07
103.622,103.622,4.77705,0.17,0,2.69874,2.77212,0,0.512804,5.7456,4.28834e+06,2.70226e+06,1.15731e+07,0,0,0,0,62.3362,61.308,4.20524,0,1,1.33551,1.26214,0,1.04669,1.69344,8.91204e+06,3.61194e+06,1.19022e+07,0,0,0,6.22705e+07
103.622,103.622,4.47762,0.15,0,2.68055,2.77284,0,0.505744,5.7456,4.28834e+06,2.70226e+06,1.14951e+07,0,0,0,0,62.3362,61.308,3.95632,0,1,1.35475,1.26247,0,1.03182,1.69344,8.91204e+06,3.61194e+06,1.20736e+07,0,0,0,6.22705e+07
103.622,103.622,4.16718,0.12,0,2.6816,2.77356,0,0.502335,5.7456,4.28834e+06,2.70226e+06,1.14996e+07,0,0,0,0,62.3362,61.308,3.96373,0,1,1.35475,1.26279,0,1.04668,1.69344,8.91204e+06,3.61194e+06,1.20736e+07,0,0,0,6.22705e+07
103.622,103.622,4.07928,0.12,0,2.68265,2.77428,0,0.502532,5.7456,4.28834e+06,2.70226e+06,1.15041e+07,0,0,0,0,62.3362,61.308,4.85577,0,1,1.35475,1.26312,0,1.04668,1.69344,8.91204e+06,3.61194e+06,1.20736e+07,0,0,0,6.22705e+07
103.622,103.622,3.70382,0.12,0,2.81534,2.90664,0,0.502729,5.7456,4.28834e+06,2.70226e+06,1.20731e+07,0,0,0,0,62.3362,61.308,3.88437,0,1,1.42306,1.33176,0,1.04668,1.69344,8.91204e+06,3.61194e+06,1.26824e+07,0,0,0,6.22705e+07
103.622,103.622,3.46751,0.08,0,2.88473,2.90739,0,0.527594,5.7456,4.28834e+06,2.70226e+06,1.23707e+07,0,0,0,0,62.3362,61.308,3.26189,0,1,1.35477,1.33211,0,1.09946,1.69344,8.91204e+06,3.61194e+06,1.20738e+07,0,0,0,6.22705e+07
103.622,103.622,3.31185,0.07,0,2.88583,2.90815,0,0.540598,5.7456,4.28834e+06,2.70226e+06,1.23754e+07,0,0,0,0,62.3362,61.308,3.13345,0,1,1.35477,1.33245,0,1.0467,1.69344,8.91204e+06,3.61194e+06,1.20738e+07,0,0,0,6.22705e+07
103.622,103.622,3.16918,0.07,0,2.88693,2.9089,0,0.540805,5.7456,4.28834e+06,2.70226e+06,1.23801e+07,0,0,0,0,62.3362,61.308,3.40819,0,1,1.35477,1.3328,0,1.0467,1.69344,8.91204e+06,3.61194e+06,1.20738e+07,0,0,0,6.22705e+07
103.622,103.622,2.92075,0.07,0,2.88804,2.90966,0,0.541011,5.7456,4.28834e+06,2.70226e+06,1.23849e+07,0,0,0,0,62.3362,61.308,3.22615,0,1,1.35477,1.33315,0,1.0467,1.69344,8.91204e+06,3.61194e+06,1.20738e+07,0,0,0,6.22705e+07
103.622,103.622,3.91983,0.06,0,2.86307,2.88435,0,0.541218,5.7456,4.28834e+06,2.70226e+06,1.22778e+07,0,0,0,0,62.3362,61.308,4.1194,0,1,1.39236,1.37108,0,1.0467,1.69344,8.91204e+06,3.61194e+06,1.24088e+07,0,0,0,6.22705e+07
103.622,103.622,3.74063,0.05,0,2.8851,2.8851,0,0.53654,5.7456,4.28834e+06,2.70226e+06,1.23723e+07,0,0,0,0,62.3362,61.308,4.03788,0,1,1.37144,1.37144,0,1.07574,1.69344,8.91204e+06,3.61194e+06,1.22223e+07,0,0,0,6.22705e+07
103.622,103.622,3.54636,0.05,0,2.88585,2.88585,0,0.540668,5.7456,4.28834e+06,2.70226e+06,1.23755e+07,0,0,0,0,62.3362,61.308,4.02869,0,1,1.3718,1.3718,0,1.05957,1.69344,8.91204e+06,3.61194e+06,1.22255e+07,0,0,0,6.22705e+07
103.622,103.622,3.27106,0.05,0,2.8866,2.8866,0,0.540808,5.7456,4.28834e+06,2.70226e+06,1.23787e+07,0,0,0,0,62.3362,61.308,3.89515,0,1,1.37215,1.37215,0,1.05985,1.69344,8.91204e+06,3.61194e+06,1.22287e+07,0,0,0,6.22705e+07
103.622,103.622,3.25254,0.04,0,2.95473,2.95473,0,0.540949,5.7456,4.28834e+06,2.70226e+06,1.26709e+07,0,0,0,0,62.3362,61.308,3.78827,0,1,1.40605,1.40605,0,1.06013,1.69344,8.91204e+06,3.61194e+06,1.25307e+07,0,0,0,6.22705e+07
103.622,103.622,3.21082,0.04,0,2.9555,2.9555,0,0.553717,5.7456,4.28834e+06,2.70226e+06,1.26742e+07,0,0,0,0,62.3362,61.308,3.74043,0,1,1.40641,1.40641,0,1.08631,1.69344,8.91204e+06,3.61194e+06,1.2534e+07,0,0,0,6.22705e+07
103.622,103.622,2.92391,0.04,0,2.95627,2.95627,0,0.553861,5.7456,4.28834e+06,2.70226e+06,1.26775e+07,0,0,0,0,62.3362,61.308,3.28502,0,1,1.40678,1.40678,0,1.08659,1.69344,8.91204e+06,3.61194e+06,1.25373e+07,0,0,0,6.22705e+07
103.622,103.622,3.36307,0.05,0,2.95704,2.95704,0,0.554005,5.7456,4.28834e+06,2.70226e+06,1.26808e+07,0,0,0,0,62.3362,61.308,4.26892,0,1,1.40714,1.40714,0,1.08688,1.69344,8.91204e+06,3.61194e+06,1.25405e+07,0,0,0,6.22705e+07
103.622,103.622,3.25328,0.06,0,3.08923,3.15534,0,0.554149,5.7456,4.28834e+06,2.93465e+06,1.32477e+07,0,0,0,0,62.3362,61.308,4.11042,1,1,1.49666,1.52869,0,1.08716,1.69344,8.91204e+06,3.92256e+06,1.33383e+07,0,0,0,6.22705e+07
103.622,103.622,3.70272,0.06,0,3.09003,3.15616,0,0.578921,5.7456,4.28834e+06,2.93465e+06,1.32511e+07,0,0,0,0,62.3362,61.308,4.63644,1,1,1.49705,1.52909,0,1.15632,1.69344,8.91204e+06,3.92256e+06,1.33417e+07,0,0,0,6.22705e+07
103.622,103.622,3.28989,0.06,0,3.09083,3.15698,0,0.579072,5.7456,4.28834e+06,2.93465e+06,1.32545e+07,0,0,0,0,62.3362,61.308,4.26393,1,1,1.49744,1.52948,0,1.15662,1.69344,8.91204e+06,3.92256e+06,1.33452e+07,0,0,0,6.22705e+07
103.57,103.622,2.86959,0.06,0,3.09164,3.1578,0,0.579222,5.7456,4.28834e+06,2.93465e+06,1.3258e+07,0,0,0,0,62.3362,61.308,3.71551,1,1,1.49782,1.52988,0,1.15692,1.69344,8.91204e+06,3.92256e+06,1.33487e+07,0,0,0,6.22705e+07
103.622,103.622,3.20982,0.07,0,3.09244,3.15862,0,0.579373,5.7456,4.28834e+06,2.93465e+06,1.32614e+07,0,0,0,0,62.3362,61.308,4.09331,1,1,1.49821,1.53028,0,1.15722,1.69344,8.91204e+06,3.92256e+06,1.33521e+07,0,0,0,6.22705e+07
103.622,103.622,5.08669,0.07,0,3.06304,3.06304,0,0.579523,5.7456,4.28834e+06,2.70226e+06,1.31354e+07,0,0,0,0,62.3362,61.308,5.20233,0,1,1.45703,1.45703,0,1.15752,1.69344,8.91204e+06,3.61194e+06,1.29851e+07,0,0,0,6.22705e+07
103.622,103.622,6.11203,0.07,0,3.06384,3.06384,0,0.574015,5.7456,4.28834e+06,2.70226e+06,1.31388e+07,0,0,0,0,62.3362,61.308,7.15312,0,1,1.45741,1.45741,0,1.1257,1.69344,8.91204e+06,3.61194e+06,1.29885e+07,0,0,0,6.22705e+07
103.622,103.622,5.921,0.07,0,3.06464,3.06464,0,0.574164,5.7456,4.28834e+06,2.70226e+06,1.31422e+07,0,0,0,0,62.3362,61.308,6.79968,0,1,1.45778,1.45778,0,1.12599,1.69344,8.91204e+06,3.61194e+06,1.29918e+07,0,0,0,6.22705e+07
103.622,103.622,7.05122,0.07,0,3.06543,3.06543,0,0.574313,5.7456,4.28834e+06,2.70226e+06,1.31456e+07,0,0,0,0,62.3362,61.308,8.55521,0,1,1.45816,1.45816,0,1.12628,1.69344,8.91204e+06,3.61194e+06,1.29952e+07,0,0,0,6.22705e+07
103.622,103.622,6.08142,0.08,0,2.98702,2.98702,0,0.574462,5.7456,4.28834e+06,2.70226e+06,1.28093e+07,0,0,0,0,62.3362,61.308,6.58175,0,1,1.39143,1.39143,0,1.12658,1.69344,8.91204e+06,3.61194e+06,1.24005e+07,0,0,0,6.22705e+07
103.622,103.622,4.02474,0.09,0,2.98779,2.98779,0,0.559767,5.7456,4.28834e+06,2.70226e+06,1.28127e+07,0,0,0,0,62.3362,61.308,6.56095,0,1,1.39179,1.39179,0,1.07502,1.69344,8.91204e+06,3.61194e+06,1.24037e+07,0,0,0,6.22705e+07
103.622,103.622,6.00098,0.09,0,2.98857,2.98857,0,0.559912,5.7456,4.28834e+06,2.70226e+06,1.2816e+07,0,0,0,0,62.3362,61.308,5.8807,0,1,1.39216,1.39216,0,1.0753,1.69344,8.91204e+06,3.61194e+06,1.24069e+07,0,0,0,6.22705e+07
103.622,103.622,4.8967,0.09,0,2.98934,2.98934,0,0.560058,5.7456,4.28834e+06,2.70226e+06,1.28193e+07,0,0,0,0,62.3362,61.308,5.09933,0,1,1.39252,1.39252,0,1.07558,1.69344,8.91204e+06,3.61194e+06,1.24102e+07,0,0,0,6.22705e+07
103.622,103.622,5.43157,0.09,0,2.76493,2.76493,0,0.560203,5.7456,4.28834e+06,2.70226e+06,1.18569e+07,0,0,0,0,62.3362,61.308,6.65226,0,1,1.25297,1.25297,0,1.07586,1.69344,8.91204e+06,3.61194e+06,1.11665e+07,0,0,0,6.22705e+07
103.622,103.622,6.38239,0.09,0,2.66419,2.76565,0,0.518148,5.7456,4.28834e+06,2.70226e+06,1.1425e+07,0,0,0,0,62.3362,61.308,7.97419,0,1,1.35475,1.25329,0,0.968044,1.69344,8.91204e+06,3.61194e+06,1.20736e+07,0,0,0,6.22705e+07
103.622,103.622,7.13001,0.09,0,2.66523,2.76636,0,0.49927,5.7456,4.28834e+06,2.70226e+06,1.14294e+07,0,0,0,0,62.3362,61.308,8.23961,0,1,1.35475,1.25362,0,1.04668,1.69344,8.91204e+06,3.61194e+06,1.20736e+07,0,0,0,6.22705e+07
103.622,103.622,5.83876,0.1,0,2.66628,2.76708,0,0.499465,5.7456,4.28834e+06,2.70226e+06,1.14339e+07,0,0,0,0,62.3362,61.308,7.83181,0,1,1.35475,1.25394,0,1.04668,1.69344,8.91204e+06,3.61194e+06,1.20736e+07,0,0,0,6.22705e+07
103.622,103.622,5.65201,0.1,0,2.66732,2.7678,0,0.49966,5.7456,4.28834e+06,2.70226e+06,1.14384e+07,0,0,0,0,62.3362,61.308,7.31082,0,1,1.35475,1.25427,0,1.04668,1.69344,8.91204e+06,3.61194e+06,1.20736e+07,0,0,0,6.22705e+07
103.622,103.622,8.73978,0.09,0,2.75507,2.85523,0,0.499856,5.7456,4.28834e+06,2.70226e+06,1.18147e+07,0,0,0,0,62.3362,61.308,8.89512,0,1,1.39531,1.29515,0,1.04668,1.69344,8.91204e+06,3.61194e+06,1.2435e+07,0,0,0,6.22705e+07
103.622,103.622,9.60404,0.11,0,2.79667,2.85594,0,0.516301,5.7456,4.28834e+06,2.70226e+06,1.1993e+07,0,0,0,0,62.3362,61.308,11.4904,0,1,1.35475,1.29547,0,1.07801,1.69344,8.91204e+06,3.61194e+06,1.20735e+07,0,0,0,6.22705e+07
103.622,103.622,6.96825,0.17,0,2.7977,2.85665,0,0.524095,5.7456,4.28834e+06,2.70226e+06,1.19975e+07,0,0,0,0,62.3362,61.308,8.62768,0,1,1.35475,1.2958,0,1.04668,1.69344,8.91204e+06,3.61194e+06,1.20735e+07,0,0,0,6.22705e+07
103.622,103.622,9.01849,0.21,0,2.79873,2.85736,0,0.524289,5.7456,4.28834e+06,2.70226e+06,1.20019e+07,0,0,0,0,62.3362,61.308,8.88571,0,1,1.35475,1.29612,0,1.04668,1.69344,8.91204e+06,3.61194e+06,1.20735e+07,0,0,0,6.22705e+07
103.622,103.622,7.01313,0.21,0,3.07853,3.13684,0,0.524482,5.7456,4.28834e+06,2.70226e+06,1.32018e+07,0,0,0,0,62.3362,61.308,7.76437,0,1,1.50718,1.44887,0,1.04668,1.69344,8.91204e+06,3.61194e+06,1.3432e+07,0,0,0,6.22705e+07
103.622,103.622,7.02473,0.21,0,3.13762,3.13762,0,0.576917,5.7456,4.28834e+06,2.70226e+06,1.34552e+07,0,0,0,0,62.3362,61.308,9.3102,0,1,1.44923,1.44923,0,1.16445,1.69344,8.91204e+06,3.61194e+06,1.29156e+07,0,0,0,6.22705e+07
103.622,103.622,10.5789,0.21,0,3.1384,3.1384,0,0.587989,5.7456,4.28834e+06,2.70226e+06,1.34585e+07,0,0,0,0,62.3362,61.308,13.7411,0,1,1.44959,1.44959,0,1.11968,1.69344,8.91204e+06,3.61194e+06,1.29188e+07,0,0,0,6.22705e+07
103.622,103.622,9.38695,0.21,0,3.13918,3.13918,0,0.588135,5.7456,4.28834e+06,2.70226e+06,1.34618e+07,0,0,0,0,62.3362,61.308,14.7621,0,1,1.44995,1.44995,0,1.11996,1.69344,8.91204e+06,3.61194e+06,1.2922e+07,0,0,0,6.22705e+07
103.622,103.622,9.35154,0.21,0,2.74195,2.74195,0,0.588282,5.7456,4.28834e+06,2.70226e+06,1.17584e+07,0,0,0,0,62.3362,61.308,16.4127,0,1,1.24554,1.24554,0,1.12023,1.69344,8.91204e+06,3.61194e+06,1.11003e+07,0,0,0,6.22705e+07
103.622,103.622,11.4299,0.21,0,2.63375,2.74263,0,0.513841,5.7456,4.28834e+06,2.70226e+06,1.12944e+07,0,0,0,0,62.3362,61.308,25.2205,0,1,1.35473,1.24585,0,0.962306,1.69344,8.91204e+06,3.61194e+06,1.20734e+07,0,0,0,6.22705e+07
103.622,103.622,9.63956,0.21,0,2.63474,2.74331,0,0.493564,5.7456,4.28834e+06,2.70226e+06,1.12986e+07,0,0,0,0,62.3362,61.308,19.3335,0,1,1.35473,1.24616,0,1.04667,1.69344,8.91204e+06,3.61194e+06,1.20734e+07,0,0,0,6.22705e+07
103.622,103.622,9.18778,0.21,0,2.63573,2.74399,0,0.49375,5.7456,4.28834e+06,2.70226e+06,1.13029e+07,0,0,0,0,62.3362,61.308,16.7284,0,1,1.35473,1.24647,0,1.04667,1.69344,8.91204e+06,3.61194e+06,1.20734e+07,0,0,0,6.22705e+07
103.622,103.622,9.51274,0.21,0,2.63672,2.74467,0,0.493935,5.7456,4.28834e+06,2.70226e+06,1.13071e+07,0,0,0,0,62.3362,61.308,16.2307,0,1,1.35473,1.24678,0,1.04667,1.69344,8.91204e+06,3.61194e+06,1.20734e+07,0,0,0,6.22705e+07
103.622,103.622,8.24273,0.21,0,2.73802,2.84566,0,0.494121,5.7456,4.28834e+06,2.70226e+06,1.17415e+07,0,0,0,0,62.3362,61.308,18.0086,0,1,1.40489,1.29725,0,1.04667,1.69344,8.91204e+06,3.61194e+06,1.25204e+07,0,0,0,6.22705e+07
103.622,103.622,8.83332,0.21,0,2.78919,2.84637,0,0.513105,5.7456,4.28834e+06,2.70226e+06,1.1961e+07,0,0,0,0,62.3362,61.308,18.4863,0,1,1.35475,1.29757,0,1.08542,1.69344,8.91204e+06,3.61194e+06,1.20735e+07,0,0,0,6.22705e+07
103.622,103.622,7.23898,0.21,0,2.79022,2.84708,0,0.522695,5.7456,4.28834e+06,2.70226e+06,1.19654e+07,0,0,0,0,62.3362,61.308,17.2168,0,1,1.35475,1.29789,0,1.04668,1.69344,8.91204e+06,3.61194e+06,1.20735e+07,0,0,0,6.22705e+07
103.622,103.622,5.7608,0.21,0,2.79125,2.84778,0,0.522887,5.7456,4.28834e+06,2.70226e+06,1.19698e+07,0,0,0,0,62.3362,61.308,11.9027,0,1,1.35475,1.29821,0,1.04668,1.69344,8.91204e+06,3.61194e+06,1.20735e+07,0,0,0,6.22705e+07
103.622,103.622,5.65427,0.2,0,2.75302,2.80923,0,0.52308,5.7456,4.28834e+06,2.70226e+06,1.18059e+07,0,0,0,0,62.3362,61.308,9.47246,0,1,1.33525,1.27904,0,1.04668,1.69344,8.91204e+06,3.61194e+06,1.18998e+07,0,0,0,6.22705e+07
103.622,103.622,5.30991,0.18,0,2.73454,2.80993,0,0.515916,5.7456,4.28834e+06,2.70226e+06,1.17266e+07,0,0,0,0,62.3362,61.308,8.39403,0,1,1.35474,1.27935,0,1.03161,1.69344,8.91204e+06,3.61194e+06,1.20735e+07,0,0,0,6.22705e+07
103.622,103.622,4.98936,0.15,0,2.73555,2.81063,0,0.512453,5.7456,4.28834e+06,2.70226e+06,1.1731e+07,0,0,0,0,62.3362,61.308,7.74458,0,1,1.35474,1.27967,0,1.04667,1.69344,8.91204e+06,3.61194e+06,1.20735e+07,0,0,0,6.22705e+07
103.622,103.622,4.71434,0.14,0,2.73657,2.81132,0,0.512643,5.7456,4.28834e+06,2.70226e+06,1.17353e+07,0,0,0,0,62.3362,61.308,7.33492,0,1,1.35474,1.27999,0,1.04667,1.69344,8.91204e+06,3.61194e+06,1.20735e+07,0,0,0,6.22705e+07
103.622,103.622,4.23601,0.12,0,2.87098,2.94541,0,0.512833,5.7456,4.28834e+06,2.70226e+06,1.23117e+07,0,0,0,0,62.3362,61.308,7.73016,0,1,1.42396,1.34953,0,1.04667,1.69344,8.91204e+06,3.61194e+06,1.26904e+07,0,0,0,6.22705e+07
103.622,103.622,4.03685,0.1,0,2.94125,2.94615,0,0.538021,5.7456,4.28834e+06,2.70226e+06,1.26131e+07,0,0,0,0,62.3362,61.308,5.28689,0,1,1.35476,1.34986,0,1.10015,1.69344,8.91204e+06,3.61194e+06,1.20737e+07,0,0,0,6.22705e+07
103.622,103.622,3.84444,0.08,0,2.94231,2.94688,0,0.55119,5.7456,4.28834e+06,2.70226e+06,1.26176e+07,0,0,0,0,62.3362,61.308,4.87937,0,1,1.35476,1.3502,0,1.04669,1.69344,8.91204e+06,3.61194e+06,1.20737e+07,0,0,0,6.22705e+07
103.622,103.622,3.72917,0.07,0,2.94338,2.94761,0,0.55139,5.7456,4.28834e+06,2.70226e+06,1.26222e+07,0,0,0,0,62.3362,61.308,5.17814,0,1,1.35476,1.35053,0,1.04669,1.69344,8.91204e+06,3.61194e+06,1.20737e+07,0,0,0,6.22705e+07
103.622,103.622,3.39466,0.07,0,2.94445,2.94834,0,0.551589,5.7456,4.28834e+06,2.70226e+06,1.26268e+07,0,0,0,0,62.3362,61.308,4.97832,0,1,1.35476,1.35087,0,1.04669,1.69344,8.91204e+06,3.61194e+06,1.20737e+07,0,0,0,6.22705e+07
103.294,103.622,2.57633,0.07,0,2.9191,2.92266,0,0.551789,5.7456,4.28834e+06,2.70226e+06,1.25181e+07,0,0,0,0,62.3362,61.308,4.78695,0,1,1.39285,1.38929,0,1.04669,1.69344,8.91204e+06,3.61194e+06,1.24131e+07,0,0,0,6.22705e+07
102.753,103.622,2.36087,0.07,0,2.92338,2.92338,0,0.547039,5.7456,4.28834e+06,2.70226e+06,1.25364e+07,0,0,0,0,62.3362,61.308,4.41245,0,1,1.38964,1.38964,0,1.07612,1.69344,8.91204e+06,3.61194e+06,1.23845e+07,0,0,0,6.22705e+07
102.042,103.622,2.17277,0.06,0,2.92411,2.92411,0,0.547842,5.7456,4.28834e+06,2.70226e+06,1.25396e+07,0,0,0,0,62.3362,61.308,4.43835,0,1,1.38998,1.38998,0,1.07363,1.69344,8.91204e+06,3.61194e+06,1.23876e+07,0,0,0,6.22705e+07
101.158,103.622,1.97377,0.06,0,2.92483,2.92483,0,0.547978,5.7456,4.28834e+06,2.70226e+06,1.25427e+07,0,0,0,0,62.3362,61.308,3.95119,0,1,1.39033,1.39033,0,1.0739,1.69344,8.91204e+06,3.61194e+06,1.23907e+07,0,0,0,6.22705e+07
100.048,103.622,1.70321,0.05,0,2.99384,2.99384,0,0.548114,5.7456,4.28834e+06,2.70226e+06,1.28386e+07,0,0,0,0,62.3362,61.308,3.32711,0,1,1.42465,1.42465,0,1.07417,1.69344,8.91204e+06,3.61194e+06,1.26966e+07,0,0,0,6.22705e+07
98.9792,103.622,1.72657,0.06,0,2.99458,2.99458,0,0.561045,5.7456,4.28834e+06,2.70226e+06,1.28418e+07,0,0,0,0,62.3362,61.308,3.36982,0,1,1.42501,1.42501,0,1.10069,1.69344,8.91204e+06,3.61194e+06,1.26997e+07,0,0,0,6.22705e+07
97.8064,103.622,1.58434,0.06,0,2.99532,2.99532,0,0.561184,5.7456,4.28834e+06,2.70226e+06,1.28449e+07,0,0,0,0,62.3362,61.308,3.34688,0,1,1.42536,1.42536,0,1.10096,1.69344,8.91204e+06,3.61194e+06,1.27029e+07,0,0,0,6.22705e+07
96.5332,103.622,1.44871,0.06,0,2.99606,2.99606,0,0.561323,5.7456,4.28834e+06,2.70226e+06,1.28481e+07,0,0,0,0,62.3362,61.308,2.92562,0,1,1.42571,1.42571,0,1.10123,1.69344,8.91204e+06,3.61194e+06,1.2706e+07,0,0,0,6.22705e+07
95.2614,103.622,1.55887,0.1,0,3.12996,3.19695,0,0.561462,5.7456,4.28834e+06,2.93465e+06,1.34223e+07,0,0,0,0,62.3362,61.308,3.46715,1,1,1.51639,1.54885,0,1.10151,1.69344,8.91204e+06,3.92256e+06,1.35141e+07,0,0,0,6.22705e+07
93.946,103.622,1.44413,0.11,0,3.13074,3.19774,0,0.586555,5.7456,4.28834e+06,2.93465e+06,1.34257e+07,0,0,0,0,62.3362,61.308,3.58028,1,1,1.51677,1.54923,0,1.17156,1.69344,8.91204e+06,3.92256e+06,1.35175e+07,0,0,0,6.22705e+07
92.4022,103.622,1.19426,0.1,0,3.13152,3.19854,0,0.5867,5.7456,4.28834e+06,2.93465e+06,1.3429e+07,0,0,0,0,62.259,61.308,2.85746,1,1,1.51714,1.54961,0,1.17186,1.69344,8.91204e+06,3.92256e+06,1.35208e+07,0,0,0,6.22705e+07
91.0583,103.622,1.39942,0.1,0,3.13229,3.19933,0,0.586846,5.7456,4.28834e+06,2.93465e+06,1.34323e+07,0,0,0,0,62.3362,61.308,4.31447,1,1,1.51752,1.55,0,1.17215,1.69344,8.91204e+06,3.92256e+06,1.35242e+07,0,0,0,6.22705e+07
89.5347,103.622,1.20462,0.1,0,3.13307,3.20012,0,0.586991,5.7456,4.28834e+06,2.93465e+06,1.34356e+07,0,0,0,0,62.3362,61.308,3.34319,1,1,1.5179,1.55038,0,1.17244,1.69344,8.91204e+06,3.92256e+06,1.35276e+07,0,0,0,6.22705e+07
88.2314,103.622,1.38653,0.12,0,3.10325,3.10325,0,0.587137,5.7456,4.28834e+06,2.70226e+06,1.33078e+07,0,0,0,0,62.3362,61.308,3.0181,0,1,1.47615,1.47615,0,1.17273,1.69344,8.91204e+06,3.61194e+06,1.31555e+07,0,0,0,6.22705e+07
87.1921,103.622,1.62182,0.12,0,3.10402,3.10402,0,0.581549,5.7456,4.28834e+06,2.70226e+06,1.33111e+07,0,0,0,0,62.3362,61.308,3.23733,0,1,1.47652,1.47652,0,1.14048,1.69344,8.91204e+06,3.61194e+06,1.31588e+07,0,0,0,6.22705e+07
85.9154,103.622,1.38292,0.12,0,3.10479,3.10479,0,0.581693,5.7456,4.28834e+06,2.70226e+06,1.33144e+07,0,0,0,0,62.3362,61.308,5.2652,0,1,1.47689,1.47689,0,1.14076,1.69344,8.91204e+06,3.61194e+06,1.31621e+07,0,0,0,6.22705e+07
84.4582,103.622,1.14822,0.12,0,3.10556,3.10556,0,0.581838,5.7456,4.28834e+06,2.70226e+06,1.33177e+07,0,0,0,0,62.2268,61.308,2.74933,0,1,1.47725,1.47725,0,1.14104,1.69344,8.91204e+06,3.61194e+06,1.31653e+07,0,0,0,6.22705e+07
83.1777,103.622,1.27251,0.11,0,3.02609,3.02609,0,0.581982,5.7456,4.28834e+06,2.70226e+06,1.29769e+07,0,0,0,0,62.2863,61.308,2.70055,0,1,1.40963,1.40963,0,1.14132,1.69344,8.91204e+06,3.61194e+06,1.25627e+07,0,0,0,6.22705e+07
82.4124,103.622,1.88177,0.11,0,3.02684,3.02684,0,0.567088,5.7456,4.28834e+06,2.70226e+06,1.29801e+07,0,0,0,0,62.1105,61.308,2.27774,0,1,1.40998,1.40998,0,1.08908,1.69344,8.91204e+06,3.61194e+06,1.25658e+07,0,0,0,6.22705e+07
81.6946,103.622,1.96649,0.13,0,3.02759,3.02759,0,0.567229,5.7456,4.28834e+06,2.70226e+06,1.29833e+07,0,0,0,0,62.133,61.308,1.68206,0,1,1.41033,1.41033,0,1.08935,1.69344,8.91204e+06,3.61194e+06,1.25689e+07,0,0,0,6.22705e+07
81.2746,103.622,2.36095,0.12,0,3.02834,3.02834,0,0.567369,5.7456,4.28834e+06,2.70226e+06,1.29865e+07,0,0,0,0,62.3362,61.308,3.68378,0,1,1.41068,1.41068,0,1.08962,1.69344,8.91204e+06,3.61194e+06,1.2572e+07,0,0,0,6.22705e+07
84.3404,103.622,6.13653,0.12,0,2.80096,2.80096,0,0.56751,5.7456,4.28834e+06,2.70226e+06,1.20115e+07,0,0,0,0,62.3362,61.308,7.55747,0,1,1.2693,1.2693,0,1.08989,1.69344,8.91204e+06,3.61194e+06,1.1312e+07,0,0,0,6.22705e+07
83.1257,103.622,1.37093,0.12,0,2.71653,2.80165,0,0.5249,5.7456,4.28834e+06,2.70226e+06,1.16494e+07,0,0,0,0,62.3362,61.308,2.44381,0,1,1.35474,1.26961,0,0.980658,1.69344,8.91204e+06,3.61194e+06,1.20735e+07,0,0,0,6.22705e+07
82.0551,103.622,1.51718,0.12,0,2.71754,2.80235,0,0.509077,5.7456,4.28834e+06,2.70226e+06,1.16537e+07,0,0,0,0,62.3362,61.308,3.60262,0,1,1.35474,1.26993,0,1.04667,1.69344,8.91204e+06,3.61194e+06,1.20735e+07,0,0,0,6.22705e+07
81.3098,103.622,1.8645,0.14,0,2.71854,2.80304,0,0.509266,5.7456,4.28834e+06,2.70226e+06,1.1658e+07,0,0,0,0,62.3362,61.308,3.2102,0,1,1.35474,1.27024,0,1.04667,1.69344,8.91204e+06,3.61194e+06,1.20735e+07,0,0,0,6.22705e+07
80.8971,103.622,2.19061,0.16,0,2.71955,2.80374,0,0.509455,5.7456,4.28834e+06,2.70226e+06,1.16624e+07,0,0,0,0,62.3362,61.308,2.25258,0,1,1.35474,1.27055,0,1.04667,1.69344,8.91204e+06,3.61194e+06,1.20735e+07,0,0,0,6.22705e+07
82.2277,103.622,4.23304,0.18,0,2.8084,2.89227,0,0.509644,5.7456,4.28834e+06,2.70226e+06,1.20434e+07,0,0,0,0,62.3362,61.308,5.03265,0,1,1.39582,1.31195,0,1.04667,1.69344,8.91204e+06,3.61194e+06,1.24396e+07,0,0,0,6.22705e+07
84.7541,103.622,5.66959,0.19,0,2.85049,2.89296,0,0.526294,5.7456,4.28834e+06,2.70226e+06,1.22238e+07,0,0,0,0,62.3362,61.308,6.66749,0,1,1.35474,1.31227,0,1.07841,1.69344,8.91204e+06,3.61194e+06,1.20735e+07,0,0,0,6.22705e+07
86.5474,103.622,4.92701,0.16,0,2.85149,2.89364,0,0.534181,5.7456,4.28834e+06,2.70226e+06,1.22281e+07,0,0,0,0,62.3362,61.308,4.82653,0,1,1.35474,1.31258,0,1.04667,1.69344,8.91204e+06,3.61194e+06,1.20735e+07,0,0,0,6.22705e+07
87.9715,103.622,4.44081,0.16,0,2.85248,2.89433,0,0.534368,5.7456,4.28834e+06,2.70226e+06,1.22324e+07,0,0,0,0,62.3362,61.308,4.99334,0,1,1.35474,1.31289,0,1.04667,1.69344,8.91204e+06,3.61194e+06,1.20735e+07,0,0,0,6.22705e+07
88.7753,103.622,3.98288,0.16,0,3.13586,3.17739,0,0.534556,5.7456,4.28834e+06,2.70226e+06,1.34476e+07,0,0,0,0,62.3362,61.308,4.29517,0,1,1.50914,1.46761,0,1.04667,1.69344,8.91204e+06,3.61194e+06,1.34495e+07,0,0,0,6.22705e+07
90.2823,103.622,4.84898,0.17,0,3.17815,3.17815,0,0.58766,5.7456,4.28834e+06,2.70226e+06,1.3629e+07,0,0,0,0,62.3362,61.308,3.97202,0,1,1.46795,1.46795,0,1.16596,1.69344,8.91204e+06,3.61194e+06,1.30825e+07,0,0,0,6.22705e+07
91.2195,103.622,4.29486,0.13,0,3.1789,3.1789,0,0.595585,5.7456,4.28834e+06,2.70226e+06,1.36322e+07,0,0,0,0,62.3362,61.308,4.14501,0,1,1.4683,1.4683,0,1.13414,1.69344,8.91204e+06,3.61194e+06,1.30856e+07,0,0,0,6.22705e+07
92.8217,103.622,5.01134,0.14,0,3.17966,3.17966,0,0.595726,5.7456,4.28834e+06,2.70226e+06,1.36354e+07,0,0,0,0,62.3362,61.308,4.45916,0,1,1.46865,1.46865,0,1.13441,1.69344,8.91204e+06,3.61194e+06,1.30887e+07,0,0,0,6.22705e+07
94.2535,103.622,4.59399,0.16,0,2.77727,2.77727,0,0.595868,5.7456,4.28834e+06,2.70226e+06,1.19099e+07,0,0,0,0,62.3362,61.308,4.66462,0,1,1.26159,1.26159,0,1.13468,1.69344,8.91204e+06,3.61194e+06,1.12433e+07,0,0,0,6.22705e+07
95.786,103.622,4.76421,0.17,0,2.6851,2.77793,0,0.520461,5.7456,4.28834e+06,2.70226e+06,1.15146e+07,0,0,0,0,62.3362,61.308,5.13884,0,1,1.35472,1.26189,0,0.974705,1.69344,8.91204e+06,3.61194e+06,1.20733e+07,0,0,0,6.22705e+07
97.0062,103.622,4.30443,0.2,0,2.68606,2.77859,0,0.503188,5.7456,4.28834e+06,2.70226e+06,1.15187e+07,0,0,0,0,62.3362,61.308,3.40038,0,1,1.35472,1.26219,0,1.04666,1.69344,8.91204e+06,3.61194e+06,1.20733e+07,0,0,0,6.22705e+07
97.5304,103.622,3.49977,0.16,0,2.68702,2.77925,0,0.503367,5.7456,4.28834e+06,2.70226e+06,1.15228e+07,0,0,0,0,62.3362,61.308,2.88211,0,1,1.35472,1.26249,0,1.04666,1.69344,8.91204e+06,3.61194e+06,1.20733e+07,0,0,0,6.22705e+07
99.0994,103.622,4.75495,0.18,0,2.68798,2.77991,0,0.503547,5.7456,4.28834e+06,2.70226e+06,1.15269e+07,0,0,0,0,62.3362,61.308,4.15187,0,1,1.35472,1.26279,0,1.04666,1.69344,8.91204e+06,3.61194e+06,1.20733e+07,0,0,0,6.22705e+07
100.857,103.622,5.03734,0.2,0,2.79053,2.88217,0,0.503727,5.7456,4.28834e+06,2.70226e+06,1.19667e+07,0,0,0,0,62.3362,61.308,3.64856,0,1,1.40552,1.31389,0,1.04666,1.69344,8.91204e+06,3.61194e+06,1.25261e+07,0,0,0,6.22705e+07
101.692,103.622,3.97447,0.19,0,2.84232,2.88285,0,0.522946,5.7456,4.28834e+06,2.70226e+06,1.21888e+07,0,0,0,0,62.3362,61.308,2.70817,0,1,1.35474,1.3142,0,1.08591,1.69344,8.91204e+06,3.61194e+06,1.20735e+07,0,0,0,6.22705e+07
102.613,103.622,4.27621,0.2,0,2.84331,2.88354,0,0.53265,5.7456,4.28834e+06,2.70226e+06,1.21931e+07,0,0,0,0,62.3362,61.308,3.4481,0,1,1.35474,1.31451,0,1.04667,1.69344,8.91204e+06,3.61194e+06,1.20735e+07,0,0,0,6.22705e+07
102.925,103.622,3.52415,0.21,0,2.84431,2.88422,0,0.532837,5.7456,4.28834e+06,2.70226e+06,1.21974e+07,0,0,0,0,62.3362,61.308,2.94794,0,1,1.35474,1.31482,0,1.04667,1.69344,8.91204e+06,3.61194e+06,1.20735e+07,0,0,0,6.22705e+07
103.214,103.622,3.39713,0.2,0,2.80554,2.84514,0,0.533024,5.7456,4.28834e+06,2.70226e+06,1.20311e+07,0,0,0,0,62.3362,61.308,2.93336,0,1,1.33499,1.29539,0,1.04667,1.69344,8.91204e+06,3.61194e+06,1.18975e+07,0,0,0,6.22705e+07
103.382,103.622,3.25913,0.21,0,2.78678,2.84582,0,0.525759,5.7456,4.28834e+06,2.70226e+06,1.19507e+07,0,0,0,0,62.3362,61.308,3.18473,0,1,1.35473,1.29569,0,1.03141,1.69344,8.91204e+06,3.61194e+06,1.20734e+07,0,0,0,6.22705e+07
103.622,103.622,3.28339,0.16,0,2.78777,2.84649,0,0.522243,5.7456,4.28834e+06,2.70226e+06,1.19549e+07,0,0,0,0,62.3362,61.308,3.25264,0,1,1.35473,1.296,0,1.04667,1.69344,8.91204e+06,3.61194e+06,1.20734e+07,0,0,0,6.22705e+07
103.518,103.622,2.82011,0.15,0,2.78875,2.84717,0,0.522427,5.7456,4.28834e+06,2.70226e+06,1.19591e+07,0,0,0,0,62.3362,61.308,3.11325,0,1,1.35473,1.29631,0,1.04667,1.69344,8.91204e+06,3.61194e+06,1.20734e+07,0,0,0,6.22705e+07
103.219,103.622,2.73041,0.14,0,2.92482,2.98294,0,0.522611,5.7456,4.28834e+06,2.70226e+06,1.25426e+07,0,0,0,0,62.3362,61.308,3.13872,0,1,1.42483,1.36672,0,1.04667,1.69344,8.91204e+06,3.61194e+06,1.26982e+07,0,0,0,6.22705e+07
102.886,103.622,2.697,0.12,0,2.98365,2.98365,0,0.548112,5.7456,4.28834e+06,2.70226e+06,1.27949e+07,0,0,0,0,62.3362,61.308,3.0357,0,1,1.36704,1.36704,0,1.10083,1.69344,8.91204e+06,3.61194e+06,1.21831e+07,0,0,0,6.22705e+07
102.404,103.622,2.50484,0.1,0,2.98435,2.98435,0,0.559135,5.7456,4.28834e+06,2.70226e+06,1.27979e+07,0,0,0,0,62.3362,61.308,3.05808,0,1,1.36737,1.36737,0,1.05618,1.69344,8.91204e+06,3.61194e+06,1.2186e+07,0,0,0,6.22705e+07
101.86,103.622,2.43811,0.08,0,2.98506,2.98506,0,0.559268,5.7456,4.28834e+06,2.70226e+06,1.28009e+07,0,0,0,0,62.3362,61.308,3.04322,0,1,1.36769,1.36769,0,1.05643,1.69344,8.91204e+06,3.61194e+06,1.21889e+07,0,0,0,6.22705e+07
101.189,103.622,2.27688,0.08,0,2.98577,2.98577,0,0.559401,5.7456,4.28834e+06,2.70226e+06,1.2804e+07,0,0,0,0,62.3362,61.308,2.78303,0,1,1.36802,1.36802,0,1.05668,1.69344,8.91204e+06,3.61194e+06,1.21918e+07,0,0,0,6.22705e+07
100.607,103.622,2.28487,0.09,0,2.95973,2.95973,0,0.559533,5.7456,4.28834e+06,2.70226e+06,1.26923e+07,0,0,0,0,62.3362,61.308,2.76388,0,1,1.40692,1.40692,0,1.05693,1.69344,8.91204e+06,3.61194e+06,1.25385e+07,0,0,0,6.22705e+07
99.9121,103.622,2.13548,0.09,0,2.96043,2.96043,0,0.554653,5.7456,4.28834e+06,2.70226e+06,1.26953e+07,0,0,0,0,62.3362,61.308,2.52374,0,1,1.40725,1.40725,0,1.08698,1.69344,8.91204e+06,3.61194e+06,1.25415e+07,0,0,0,6.22705e+07
99.0773,103.622,1.96101,0.08,0,2.96113,2.96113,0,0.554785,5.7456,4.28834e+06,2.70226e+06,1.26983e+07,0,0,0,0,62.3362,61.308,2.41381,0,1,1.40758,1.40758,0,1.08724,1.69344,8.91204e+06,3.61194e+06,1.25444e+07,0,0,0,6.22705e+07
98.1788,103.622,1.84757,0.07,0,2.96184,2.96184,0,0.554916,5.7456,4.28834e+06,2.70226e+06,1.27013e+07,0,0,0,0,62.3362,61.308,2.33017,0,1,1.40792,1.40792,0,1.0875,1.69344,8.91204e+06,3.61194e+06,1.25474e+07,0,0,0,6.22705e+07
97.1198,103.622,1.70184,0.08,0,3.03168,3.03168,0,0.555048,5.7456,4.28834e+06,2.70226e+06,1.30009e+07,0,0,0,0,62.3362,61.308,2.27506,0,1,1.44266,1.44266,0,1.08776,1.69344,8.91204e+06,3.61194e+06,1.28571e+07,0,0,0,6.22705e+07
96.0727,103.622,1.7024,0.07,0,3.0324,3.0324,0,0.568136,5.7456,4.28834e+06,2.70226e+06,1.30039e+07,0,0,0,0,62.2832,61.308,2.26901,0,1,1.443,1.443,0,1.1146,1.69344,8.91204e+06,3.61194e+06,1.28601e+07,0,0,0,6.22705e+07
94.9378,103.622,1.57112,0.13,0,3.03312,3.03312,0,0.568271,5.7456,4.28834e+06,2.70226e+06,1.3007e+07,0,0,0,0,62.1527,61.308,2.1713,0,1,1.44335,1.44335,0,1.11487,1.69344,8.91204e+06,3.61194e+06,1.28632e+07,0,0,0,6.22705e+07
93.6915,103.622,1.43056,0.12,0,3.03383,3.03383,0,0.568406,5.7456,4.28834e+06,2.70226e+06,1.30101e+07,0,0,0,0,61.9859,61.308,1.88881,0,1,1.44369,1.44369,0,1.11513,1.69344,8.91204e+06,3.61194e+06,1.28662e+07,0,0,0,6.22705e+07
92.5419,103.622,1.65016,0.13,0,3.16939,3.23722,0,0.568541,5.7456,4.28834e+06,2.93465e+06,1.35914e+07,0,0,0,0,61.8551,61.308,2.47787,1,1,1.53549,1.56836,0,1.11539,1.69344,8.91204e+06,3.92256e+06,1.36844e+07,0,0,0,6.22705e+07
91.3088,103.622,1.52301,0.13,0,3.17014,3.23799,0,0.593943,5.7456,4.28834e+06,2.93465e+06,1.35946e+07,0,0,0,0,61.652,61.308,2.15845,1,1,1.53586,1.56873,0,1.18632,1.69344,8.91204e+06,3.92256e+06,1.36876e+07,0,0,0,6.22705e+07
89.9263,103.622,1.34554,0.13,0,3.17089,3.23875,0,0.594084,5.7456,4.28834e+06,2.93465e+06,1.35978e+07,0,0,0,0,61.3701,61.308,1.93848,1,1,1.53622,1.5691,0,1.1866,1.69344,8.91204e+06,3.92256e+06,1.36909e+07,0,0,0,6.22705e+07
88.6614,103.622,1.44907,0.13,0,3.17164,3.23952,0,0.594225,5.7456,4.28834e+06,2.93465e+06,1.36011e+07,0,0,0,0,61.0948,61.308,1.95531,1,1,1.53659,1.56947,0,1.18688,1.69344,8.91204e+06,3.92256e+06,1.36941e+07,0,0,0,6.22705e+07
88.0863,103.622,2.18675,0.15,0,3.17239,3.24029,0,0.594366,5.7456,4.28834e+06,2.93465e+06,1.36043e+07,0,0,0,0,60.9345,61.308,2.34611,1,1,1.53695,1.56984,0,1.18717,1.69344,8.91204e+06,3.92256e+06,1.36973e+07,0,0,0,6.22705e+07
87.4451,103.622,2.08432,0.15,0,3.14217,3.14217,0,0.594506,5.7456,4.28834e+06,2.70226e+06,1.34747e+07,0,0,0,0,60.8669,61.308,2.20694,0,1,1.49467,1.49467,0,1.18745,1.69344,8.91204e+06,3.61194e+06,1.33205e+07,0,0,0,6.22705e+07
85.8821,103.622,1.13063,0.15,0,3.14291,3.14291,0,0.588842,5.7456,4.28834e+06,2.70226e+06,1.34779e+07,0,0,0,0,60.7075,61.308,1.90601,0,1,1.49502,1.49502,0,1.15478,1.69344,8.91204e+06,3.61194e+06,1.33237e+07,0,0,0,6.22705e+07
84.7092,103.622,1.51592,0.14,0,3.14366,3.14366,0,0.588982,5.7456,4.28834e+06,2.70226e+06,1.34811e+07,0,0,0,0,60.6235,61.308,2.12646,0,1,1.49537,1.49537,0,1.15505,1.69344,8.91204e+06,3.61194e+06,1.33268e+07,0,0,0,6.22705e+07
84.0602,103.622,2.15193,0.14,0,3.1444,3.1444,0,0.589121,5.7456,4.28834e+06,2.70226e+06,1.34843e+07,0,0,0,0,60.9719,61.308,3.48666,0,1,1.49573,1.49573,0,1.15533,1.69344,8.91204e+06,3.61194e+06,1.333e+07,0,0,0,6.22705e+07
83.3686,103.622,2.07306,0.14,0,3.0639,3.0639,0,0.589261,5.7456,4.28834e+06,2.70226e+06,1.3139e+07,0,0,0,0,61.1981,61.308,2.75003,0,1,1.42725,1.42725,0,1.1556,1.69344,8.91204e+06,3.61194e+06,1.27197e+07,0,0,0,6.22705e+07
83.6565,103.622,3.226,0.13,0,3.06463,3.06463,0,0.574175,5.7456,4.28834e+06,2.70226e+06,1.31421e+07,0,0,0,0,61.5046,61.308,2.75239,0,1,1.42759,1.42759,0,1.10269,1.69344,8.91204e+06,3.61194e+06,1.27227e+07,0,0,0,6.22705e+07
87.2097,103.622,6.95559,0.13,0,3.06535,3.06535,0,0.574311,5.7456,4.28834e+06,2.70226e+06,1.31453e+07,0,0,0,0,62.3362,61.308,8.25392,0,1,1.42792,1.42792,0,1.10295,1.69344,8.91204e+06,3.61194e+06,1.27257e+07,0,0,0,6.22705e+07
88.2564,103.622,4.12514,0.13,0,3.06608,3.06608,0,0.574447,5.7456,4.28834e+06,2.70226e+06,1.31484e+07,0,0,0,0,62.3362,61.308,3.87693,0,1,1.42826,1.42826,0,1.10321,1.69344,8.91204e+06,3.61194e+06,1.27287e+07,0,0,0,6.22705e+07
92.3828,103.622,7.47056,0.12,0,2.83584,2.83584,0,0.574583,5.7456,4.28834e+06,2.70226e+06,1.2161e+07,0,0,0,0,62.3362,61.308,5.34929,0,1,1.2851,1.2851,0,1.10348,1.69344,8.91204e+06,3.61194e+06,1.14529e+07,0,0,0,6.22705e+07
95.8059,103.622,6.6003,0.12,0,2.76719,2.83651,0,0.531436,5.7456,4.28834e+06,2.70226e+06,1.18666e+07,0,0,0,0,62.3362,61.308,5.7072,0,1,1.35473,1.28541,0,0.99287,1.69344,8.91204e+06,3.61194e+06,1.20734e+07,0,0,0,6.22705e+07
102.973,103.622,10.424,0.11,0,2.76817,2.83718,0,0.518571,5.7456,4.28834e+06,2.70226e+06,1.18708e+07,0,0,0,0,62.3362,61.308,6.59323,0,1,1.35473,1.28571,0,1.04666,1.69344,8.91204e+06,3.61194e+06,1.20734e+07,0,0,0,6.22705e+07
103.622,103.622,8.00955,0.1,0,2.76914,2.83785,0,0.518754,5.7456,4.28834e+06,2.70226e+06,1.1875e+07,0,0,0,0,62.3362,61.308,4.93009,0,1,1.35473,1.28602,0,1.04666,1.69344,8.91204e+06,3.61194e+06,1.20734e+07,0,0,0,6.22705e+07
103.622,103.622,4.65631,0.1,0,2.77012,2.83853,0,0.518937,5.7456,4.28834e+06,2.70226e+06,1.18792e+07,0,0,0,0,62.3362,61.308,2.89955,0,1,1.35473,1.28632,0,1.04666,1.69344,8.91204e+06,3.61194e+06,1.20734e+07,0,0,0,6.22705e+07
103.622,103.622,5.56916,0.1,0,2.86002,2.92813,0,0.51912,5.7456,4.28834e+06,2.70226e+06,1.22647e+07,0,0,0,0,62.3362,61.308,5.00107,0,1,1.39632,1.32822,0,1.04666,1.69344,8.91204e+06,3.61194e+06,1.24441e+07,0,0,0,6.22705e+07
103.622,103.622,6.57079,0.1,0,2.90259,2.92879,0,0.535968,6.16896,4.28834e+06,2.70226e+06,1.24473e+07,0,0,0,0,62.3362,61.308,5.3884,0,1,1.35473,1.32852,0,1.0788,1.69344,8.91204e+06,3.61194e+06,1.20734e+07,0,0,0,6.22705e+07
103.622,103.622,6.09364,0.11,0,2.90356,2.92946,0,0.543945,6.16896,4.28834e+06,2.70226e+06,1.24514e+07,0,0,0,0,62.3362,61.308,5.72668,0,1,1.35473,1.32882,0,1.04666,1.69344,8.91204e+06,3.61194e+06,1.20734e+07,0,0,0,6.22705e+07
103.622,103.622,6.30938,0.11,0,2.90452,2.93012,0,0.544126,6.16896,4.28834e+06,2.70226e+06,1.24556e+07,0,0,0,0,62.3362,61.308,6.51671,0,1,1.35473,1.32912,0,1.04666,1.69344,8.91204e+06,3.61194e+06,1.20734e+07,0,0,0,6.22705e+07
103.622,103.622,7.97952,0.1,0,3.19135,3.21665,0,0.544308,6.16896,4.28834e+06,2.70226e+06,1.36856e+07,0,0,0,0,62.3362,61.308,7.41637,0,1,1.51104,1.48574,0,1.04666,1.69344,8.91204e+06,3.61194e+06,1.34664e+07,0,0,0,6.22705e+07
103.622,103.622,6.03031,0.11,0,3.21738,3.21738,0,0.59806,6.16896,4.28834e+06,2.70226e+06,1.37972e+07,0,0,0,0,62.3362,61.308,4.90058,0,1,1.48608,1.48608,0,1.16743,1.69344,8.91204e+06,3.61194e+06,1.3244e+07,0,0,0,6.22705e+07
103.622,103.622,7.68204,0.11,0,3.21811,3.21811,0,0.602938,6.16896,4.28834e+06,2.70226e+06,1.38004e+07,0,0,0,0,62.3362,61.308,8.0826,0,1,1.48641,1.48641,0,1.14814,1.69344,8.91204e+06,3.61194e+06,1.3247e+07,0,0,0,6.22705e+07
103.622,103.622,7.15361,0.11,0,3.21884,3.21884,0,0.603075,6.16896,4.28834e+06,2.70226e+06,1.38035e+07,0,0,0,0,62.3362,61.308,6.71603,0,1,1.48675,1.48675,0,1.1484,1.69344,8.91204e+06,3.61194e+06,1.325e+07,0,0,0,6.22705e+07
103.622,103.622,11.304,0.12,0,2.81147,2.81147,0,0.603212,6.16896,4.28834e+06,2.70226e+06,1.20565e+07,0,0,0,0,62.3362,61.308,7.31913,0,1,1.27713,1.27713,0,1.14866,1.69344,8.91204e+06,3.61194e+06,1.13818e+07,0,0,0,6.22705e+07
103.622,103.622,7.26644,0.14,0,2.73482,2.81211,0,0.52687,6.16896,4.28834e+06,2.70226e+06,1.17278e+07,0,0,0,0,62.3362,61.308,6.12163,0,1,1.35471,1.27742,0,0.986708,1.69344,8.91204e+06,3.61194e+06,1.20733e+07,0,0,0,6.22705e+07
103.622,103.622,5.91985,0.17,0,2.73574,2.81275,0,0.512504,6.16896,4.28834e+06,2.70226e+06,1.17318e+07,0,0,0,0,62.3362,61.308,4.25032,0,1,1.35471,1.27771,0,1.04665,1.69344,8.91204e+06,3.61194e+06,1.20733e+07,0,0,0,6.22705e+07
103.622,103.622,5.61588,0.18,0,2.73667,2.81339,0,0.512678,6.16896,4.28834e+06,2.70226e+06,1.17358e+07,0,0,0,0,62.3362,61.308,4.39066,0,1,1.35471,1.278,0,1.04665,1.69344,8.91204e+06,3.61194e+06,1.20733e+07,0,0,0,6.22705e+07
103.622,103.622,9.96943,0.2,0,2.7376,2.81403,0,0.512852,6.16896,4.28834e+06,2.70226e+06,1.17398e+07,0,0,0,0,62.3362,61.308,8.02095,0,1,1.35471,1.27829,0,1.04665,1.69344,8.91204e+06,3.61194e+06,1.20733e+07,0,0,0,6.22705e+07
103.622,103.622,11.1662,0.21,0,2.84137,2.91751,0,0.513027,6.16896,4.28834e+06,2.70226e+06,1.21848e+07,0,0,0,0,62.3362,61.308,8.69734,0,1,1.40614,1.33,0,1.04665,1.69344,8.91204e+06,3.61194e+06,1.25316e+07,0,0,0,6.22705e+07
103.622,103.622,12.044,0.23,0,2.89375,2.91817,0,0.532473,6.16896,4.28834e+06,2.70226e+06,1.24094e+07,0,0,0,0,62.3362,61.308,8.56136,0,1,1.35473,1.3303,0,1.08638,1.69344,8.91204e+06,3.61194e+06,1.20734e+07,0,0,0,6.22705e+07
103.622,103.622,10.3074,0.23,0,2.89471,2.91884,0,0.542289,6.16896,4.28834e+06,2.70226e+06,1.24135e+07,0,0,0,0,62.3362,61.308,6.88519,0,1,1.35473,1.3306,0,1.04666,1.69344,8.91204e+06,3.61194e+06,1.20734e+07,0,0,0,6.22705e+07
103.622,103.622,8.29176,0.24,0,2.89568,2.9195,0,0.542469,6.16896,4.28834e+06,2.70226e+06,1.24176e+07,0,0,0,0,62.3362,61.308,5.00446,0,1,1.35473,1.33091,0,1.04666,1.69344,8.91204e+06,3.61194e+06,1.20734e+07,0,0,0,6.22705e+07
103.622,103.622,7.187,0.23,0,2.8564,2.87991,0,0.54265,6.16896,4.28834e+06,2.70226e+06,1.22492e+07,0,0,0,0,62.3362,61.308,4.49338,0,1,1.33474,1.31122,0,1.04666,1.69344,8.91204e+06,3.61194e+06,1.18952e+07,0,0,0,6.22705e+07
103.622,103.622,7.59434,0.23,0,2.83736,2.88057,0,0.535289,6.16896,4.28834e+06,2.70226e+06,1.21676e+07,0,0,0,0,62.3362,61.308,4.86622,0,1,1.35472,1.31152,0,1.03122,1.69344,8.91204e+06,3.61194e+06,1.20733e+07,0,0,0,6.22705e+07
103.622,103.622,7.54535,0.22,0,2.83831,2.88122,0,0.531722,6.16896,4.28834e+06,2.70226e+06,1.21716e+07,0,0,0,0,62.3362,61.308,5.36983,0,1,1.35472,1.31181,0,1.04666,1.69344,8.91204e+06,3.61194e+06,1.20733e+07,0,0,0,6.22705e+07
103.622,103.622,6.36526,0.2,0,2.83927,2.88188,0,0.5319,6.16896,4.28834e+06,2.70226e+06,1.21757e+07,0,0,0,0,62.3362,61.308,5.2623,0,1,1.35472,1.31211,0,1.04666,1.69344,8.91204e+06,3.61194e+06,1.20733e+07,0,0,0,6.22705e+07
103.622,103.622,5.77142,0.16,0,2.97696,3.01927,0,0.532078,6.16896,4.28834e+06,2.70226e+06,1.27662e+07,0,0,0,0,62.3362,61.308,4.74511,0,1,1.42568,1.38336,0,1.04666,1.69344,8.91204e+06,3.61194e+06,1.27057e+07,0,0,0,6.22705e+07
103.622,103.622,5.61197,0.14,0,3.01995,3.01995,0,0.557881,6.16896,4.28834e+06,2.70226e+06,1.29506e+07,0,0,0,0,62.3362,61.308,4.69994,0,1,1.38368,1.38368,0,1.10148,1.69344,8.91204e+06,3.61194e+06,1.23314e+07,0,0,0,6.22705e+07
103.622,103.622,5.40058,0.12,0,3.02064,3.02064,0,0.565939,6.16896,4.28834e+06,2.70226e+06,1.29535e+07,0,0,0,0,62.3362,61.308,4.73686,0,1,1.38399,1.38399,0,1.06903,1.69344,8.91204e+06,3.61194e+06,1.23342e+07,0,0,0,6.22705e+07
103.622,103.622,5.15894,0.12,0,3.02132,3.02132,0,0.566068,6.16896,4.28834e+06,2.70226e+06,1.29565e+07,0,0,0,0,62.3362,61.308,5.03897,0,1,1.38431,1.38431,0,1.06927,1.69344,8.91204e+06,3.61194e+06,1.2337e+07,0,0,0,6.22705e+07
103.622,103.622,4.76978,0.1,0,3.02201,3.02201,0,0.566196,6.16896,4.28834e+06,2.70226e+06,1.29594e+07,0,0,0,0,62.3362,61.308,4.83344,0,1,1.38462,1.38462,0,1.06952,1.69344,8.91204e+06,3.61194e+06,1.23398e+07,0,0,0,6.22705e+07
103.622,103.622,4.2512,0.1,0,2.99562,2.99562,0,0.566325,6.16896,4.28834e+06,2.70226e+06,1.28462e+07,0,0,0,0,62.3362,61.308,4.1013,0,1,1.42398,1.42398,0,1.06976,1.69344,8.91204e+06,3.61194e+06,1.26905e+07,0,0,0,6.22705e+07
103.622,103.622,3.67277,0.11,0,2.9963,2.9963,0,0.56138,6.16896,4.28834e+06,2.70226e+06,1.28492e+07,0,0,0,0,62.3362,61.308,3.50656,0,1,1.4243,1.4243,0,1.10017,1.69344,8.91204e+06,3.61194e+06,1.26934e+07,0,0,0,6.22705e+07
103.622,103.622,3.33099,0.11,0,2.99698,2.99698,0,0.561507,6.16896,4.28834e+06,2.70226e+06,1.28521e+07,0,0,0,0,62.3362,61.308,3.12243,0,1,1.42462,1.42462,0,1.10042,1.69344,8.91204e+06,3.61194e+06,1.26963e+07,0,0,0,6.22705e+07
103.622,103.622,3.16527,0.1,0,2.99766,2.99766,0,0.561635,6.16896,4.28834e+06,2.70226e+06,1.2855e+07,0,0,0,0,62.3362,61.308,3.08451,0,1,1.42495,1.42495,0,1.10066,1.69344,8.91204e+06,3.61194e+06,1.26992e+07,0,0,0,6.22705e+07
103.578,103.622,2.83169,0.11,0,3.06832,3.06832,0,0.561762,6.16896,4.28834e+06,2.70226e+06,1.3158e+07,0,0,0,0,62.3362,61.308,2.91968,0,1,1.4601,1.4601,0,1.10091,1.69344,8.91204e+06,3.61194e+06,1.30124e+07,0,0,0,6.22705e+07
103.396,103.622,2.65948,0.11,0,3.06901,3.06901,0,0.575003,6.16896,4.28834e+06,2.70226e+06,1.3161e+07,0,0,0,0,62.2396,61.308,2.51458,0,1,1.46043,1.46043,0,1.12807,1.69344,8.91204e+06,3.61194e+06,1.30154e+07,0,0,0,6.22705e+07
103.061,103.622,2.50193,0.11,0,3.06971,3.06971,0,0.575133,6.16896,4.28834e+06,2.70226e+06,1.3164e+07,0,0,0,0,62.1204,61.308,2.50545,0,1,1.46076,1.46076,0,1.12833,1.69344,8.91204e+06,3.61194e+06,1.30184e+07,0,0,0,6.22705e+07
102.467,103.622,2.22562,0.11,0,3.07041,3.07041,0,0.575264,6.16896,4.28834e+06,2.70226e+06,1.31669e+07,0,0,0,0,61.9655,61.308,2.27325,0,1,1.46109,1.46109,0,1.12858,1.69344,8.91204e+06,3.61194e+06,1.30213e+07,0,0,0,6.22705e+07
101.599,103.622,2.02683,0.11,0,3.20756,3.27621,0,0.575394,6.16896,4.28834e+06,2.93465e+06,1.37551e+07,0,0,0,0,61.7071,61.308,2.21683,1,1,1.55399,1.58725,0,1.12884,1.69344,8.91204e+06,3.92256e+06,1.38492e+07,0,0,0,6.22705e+07
100.791,103.622,2.04343,0.11,0,3.20829,3.27695,0,0.601097,6.16896,4.28834e+06,2.93465e+06,1.37582e+07,0,0,0,0,61.3353,61.308,2.0223,1,1,1.55434,1.58761,0,1.20061,1.69344,8.91204e+06,3.92256e+06,1.38523e+07,0,0,0,6.22705e+07
99.8312,103.622,1.89429,0.12,0,3.20902,3.2777,0,0.601233,6.16896,4.28834e+06,2.93465e+06,1.37613e+07,0,0,0,0,60.8926,61.308,1.80587,1,1,1.55469,1.58797,0,1.20088,1.69344,8.91204e+06,3.92256e+06,1.38555e+07,0,0,0,6.22705e+07
98.9182,103.622,1.9204,0.11,0,3.20974,3.27844,0,0.60137,6.16896,4.28834e+06,2.93465e+06,1.37645e+07,0,0,0,0,60.5101,61.308,1.9448,1,1,1.55504,1.58833,0,1.20115,1.69344,8.91204e+06,3.92256e+06,1.38586e+07,0,0,0,6.22705e+07
98.0291,103.622,1.96127,0.11,0,3.21047,3.27918,0,0.601506,6.16896,4.28834e+06,2.93465e+06,1.37676e+07,0,0,0,0,60.1382,61.308,2.3101,1,1,1.5554,1.58869,0,1.20143,1.69344,8.91204e+06,3.92256e+06,1.38618e+07,0,0,0,6.22705e+07
97.482,103.622,2.30674,0.1,0,3.17985,3.17985,0,0.601642,6.16896,4.28834e+06,2.70226e+06,1.36363e+07,0,0,0,0,59.8693,61.308,2.30363,0,1,1.51259,1.51259,0,1.2017,1.69344,8.91204e+06,3.61194e+06,1.34803e+07,0,0,0,6.22705e+07
97.0361,103.622,2.47319,0.11,0,3.18057,3.18057,0,0.595904,6.16896,4.28834e+06,2.70226e+06,1.36394e+07,0,0,0,0,59.6734,61.308,2.33996,0,1,1.51293,1.51293,0,1.16863,1.69344,8.91204e+06,3.61194e+06,1.34833e+07,0,0,0,6.22705e+07
96.935,103.622,2.89808,0.11,0,3.18129,3.18129,0,0.596039,6.16896,4.28834e+06,2.70226e+06,1.36425e+07,0,0,0,0,59.9035,61.308,3.94492,0,1,1.51328,1.51328,0,1.16889,1.69344,8.91204e+06,3.61194e+06,1.34864e+07,0,0,0,6.22705e+07
96.7401,103.622,2.77148,0.11,0,3.18201,3.18201,0,0.596174,6.16896,4.28834e+06,2.70226e+06,1.36455e+07,0,0,0,0,60.0546,61.308,3.78179,0,1,1.51362,1.51362,0,1.16916,1.69344,8.91204e+06,3.61194e+06,1.34894e+07,0,0,0,6.22705e+07
96.5624,103.622,2.74958,0.11,0,3.10052,3.10052,0,0.596309,6.16896,4.28834e+06,2.70226e+06,1.32961e+07,0,0,0,0,60.4008,61.308,4.49685,0,1,1.4443,1.4443,0,1.16942,1.69344,8.91204e+06,3.61194e+06,1.28717e+07,0,0,0,6.22705e+07
95.2754,103.622,1.56439,0.13,0,3.10122,3.10122,0,0.581037,6.16896,4.28834e+06,2.70226e+06,1.32991e+07,0,0,0,0,60.2451,61.308,2.01537,0,1,1.44463,1.44463,0,1.11587,1.69344,8.91204e+06,3.61194e+06,1.28746e+07,0,0,0,6.22705e+07
93.7956,103.622,1.35244,0.13,0,3.10192,3.10192,0,0.581169,6.16896,4.28834e+06,2.70226e+06,1.33021e+07,0,0,0,0,60.1429,61.308,2.42525,0,1,1.44496,1.44496,0,1.11612,1.69344,8.91204e+06,3.61194e+06,1.28775e+07,0,0,0,6.22705e+07
94.7838,103.622,4.11442,0.12,0,3.10263,3.10263,0,0.5813,6.16896,4.28834e+06,2.70226e+06,1.33051e+07,0,0,0,0,61.1235,61.308,7.75723,0,1,1.44529,1.44529,0,1.11638,1.69344,8.91204e+06,3.61194e+06,1.28805e+07,0,0,0,6.22705e+07
95.2345,103.622,3.35912,0.12,0,2.86961,2.86961,0,0.581432,6.16896,4.28834e+06,2.70226e+06,1.23059e+07,0,0,0,0,62.0392,61.308,4.04214,0,1,1.30041,1.30041,0,1.11663,1.69344,8.91204e+06,3.61194e+06,1.15893e+07,0,0,0,6.22705e+07
94.5478,103.622,2.06115,0.14,0,2.81625,2.87026,0,0.537766,6.16896,4.28834e+06,2.70226e+06,1.2077e+07,0,0,0,0,62.3362,61.308,3.51278,0,1,1.35472,1.3007,0,1.00469,1.69344,8.91204e+06,3.61194e+06,1.20733e+07,0,0,0,6.22705e+07
94.3927,103.622,2.61785,0.13,0,2.81719,2.87091,0,0.527765,6.16896,4.28834e+06,2.70226e+06,1.20811e+07,0,0,0,0,62.3362,61.308,3.10123,0,1,1.35472,1.301,0,1.04666,1.69344,8.91204e+06,3.61194e+06,1.20733e+07,0,0,0,6.22705e+07
95.8104,103.622,4.34422,0.14,0,2.81814,2.87156,0,0.527942,6.16896,4.28834e+06,2.70226e+06,1.20851e+07,0,0,0,0,62.3362,61.308,4.68151,0,1,1.35472,1.30129,0,1.04666,1.69344,8.91204e+06,3.61194e+06,1.20733e+07,0,0,0,6.22705e+07
96.9401,103.622,4.04826,0.14,0,2.81908,2.87222,0,0.528119,6.16896,4.28834e+06,2.70226e+06,1.20892e+07,0,0,0,0,62.3362,61.308,3.46369,0,1,1.35472,1.30159,0,1.04666,1.69344,8.91204e+06,3.61194e+06,1.20733e+07,0,0,0,6.22705e+07
99.0814,103.622,5.23645,0.12,0,2.81938,2.87222,0,0.528296,6.16896,4.28834e+06,2.70226e+06,1.20904e+07,0,0,0,0,62.3362,61.308,6.01232,0,1,1.35442,1.30159,0,1.04666,1.69344,8.91204e+06,3.61194e+06,1.20707e+07,0,0,0,6.22705e+07
98.9958,103.622,3.1632,0.11,0,2.91001,2.96285,0,0.528351,6.16896,4.28834e+06,2.70226e+06,1.24791e+07,0,0,0,0,62.3362,61.308,4.20193,0,1,1.39681,1.34397,0,1.04643,1.69344,8.91204e+06,3.61194e+06,1.24484e+07,0,0,0,1.20747e+08
100.43,103.622,4.77606,0.11,0,2.95304,2.96349,0,0.545336,6.16896,4.28834e+06,2.70226e+06,1.26636e+07,0,0,0,0,62.3362,61.308,5.28344,0,1,1.35472,1.34426,0,1.07917,1.69344,8.91204e+06,3.61194e+06,1.20733e+07,0,0,0,1.20747e+08
103.622,103.622,9.72521,0.11,0,2.95397,2.96414,0,0.553399,6.16896,4.28834e+06,2.70226e+06,1.26676e+07,0,0,0,0,62.3362,61.308,7.66156,0,1,1.35472,1.34455,0,1.04665,1.69344,8.91204e+06,3.61194e+06,1.20733e+07,0,0,0,1.20747e+08
103.622,103.622,11.1962,0.12,0,2.95491,2.96478,0,0.553575,6.16896,4.28834e+06,2.70226e+06,1.26716e+07,0,0,0,0,62.3362,61.308,8.18806,0,1,1.35472,1.34484,0,1.04665,1.69344,8.91204e+06,3.61194e+06,1.20733e+07,0,0,0,1.20747e+08
103.622,103.622,9.2532,0.12,0,3.24508,3.25466,0,0.55375,6.16896,4.28834e+06,2.70226e+06,1.3916e+07,0,0,0,0,62.3362,61.308,5.85754,0,1,1.51288,1.5033,0,1.04665,1.69344,8.91204e+06,3.61194e+06,1.34828e+07,0,0,0,1.20747e+08
103.622,103.622,10.4929,0.12,0,3.25537,3.25537,0,0.608129,6.16896,4.28834e+06,2.70226e+06,1.39601e+07,0,0,0,0,62.3362,61.308,12.7777,0,1,1.50362,1.50362,0,1.16885,1.69344,8.91204e+06,3.61194e+06,1.34003e+07,0,0,0,1.20747e+08
103.622,103.622,9.20852,0.17,0,3.25608,3.25608,0,0.610056,6.16896,4.28834e+06,2.70226e+06,1.39632e+07,0,0,0,0,62.3362,61.308,9.53869,0,1,1.50395,1.50395,0,1.1617,1.69344,8.91204e+06,3.61194e+06,1.34032e+07,0,0,0,1.20747e+08
103.622,103.622,6.13744,0.21,0,3.25678,3.25678,0,0.610189,6.16896,4.28834e+06,2.70226e+06,1.39662e+07,0,0,0,0,62.3362,61.308,5.37493,0,1,1.50428,1.50428,0,1.16195,1.69344,8.91204e+06,3.61194e+06,1.34062e+07,0,0,0,1.20747e+08
103.622,103.622,9.38904,0.25,0,2.84458,2.84458,0,0.610321,6.16896,4.28834e+06,2.70226e+06,1.21985e+07,0,0,0,0,62.3362,61.308,10.1397,0,1,1.29217,1.29217,0,1.1622,1.69344,8.91204e+06,3.61194e+06,1.15158e+07,0,0,0,1.20747e+08
103.622,103.622,7.34508,0.27,0,2.78294,2.8452,0,0.533075,6.16896,4.28834e+06,2.70226e+06,1.19342e+07,0,0,0,0,62.3362,61.308,7.61245,0,1,1.3547,1.29245,0,0.998327,1.69344,8.91204e+06,3.61194e+06,1.20732e+07,0,0,0,1.20747e+08
103.622,103.622,7.45774,0.27,0,2.78384,2.84582,0,0.521523,6.16896,4.28834e+06,2.70226e+06,1.1938e+07,0,0,0,0,62.3362,61.308,6.95364,0,1,1.3547,1.29273,0,1.04664,1.69344,8.91204e+06,3.61194e+06,1.20732e+07,0,0,0,1.20747e+08
103.622,103.622,6.5542,0.27,0,2.78474,2.84644,0,0.521692,6.16896,4.28834e+06,2.70226e+06,1.19419e+07,0,0,0,0,62.3362,61.308,6.39478,0,1,1.3547,1.29301,0,1.04664,1.69344,8.91204e+06,3.61194e+06,1.20732e+07,0,0,0,1.20747e+08
103.622,103.622,5.39885,0.27,0,2.78564,2.84705,0,0.52186,6.16896,4.28834e+06,2.70226e+06,1.19457e+07,0,0,0,0,62.3362,61.308,6.51299,0,1,1.3547,1.29329,0,1.04664,1.69344,8.91204e+06,3.61194e+06,1.20732e+07,0,0,0,1.20747e+08
103.622,103.622,7.84196,0.27,0,2.89058,2.95172,0,0.522028,6.16896,4.28834e+06,2.70226e+06,1.23958e+07,0,0,0,0,62.3362,61.308,10.7464,0,1,1.40673,1.34559,0,1.04664,1.69344,8.91204e+06,3.61194e+06,1.25368e+07,0,0,0,1.20747e+08
103.622,103.622,6.19395,0.27,0,2.94353,2.95236,0,0.541695,6.16896,4.28834e+06,2.70226e+06,1.26228e+07,0,0,0,0,62.3362,61.308,8.92604,0,1,1.35472,1.34589,0,1.08684,1.69344,8.91204e+06,3.61194e+06,1.20733e+07,0,0,0,1.20747e+08
103.622,103.622,4.88964,0.27,0,2.94446,2.953,0,0.551618,6.16896,4.28834e+06,2.70226e+06,1.26268e+07,0,0,0,0,62.3362,61.308,6.97603,0,1,1.35472,1.34618,0,1.04665,1.69344,8.91204e+06,3.61194e+06,1.20733e+07,0,0,0,1.20747e+08
103.622,103.622,4.33489,0.26,0,2.9454,2.95364,0,0.551792,6.16896,4.28834e+06,2.70226e+06,1.26308e+07,0,0,0,0,62.3362,61.308,6.13195,0,1,1.35472,1.34647,0,1.04665,1.69344,8.91204e+06,3.61194e+06,1.20733e+07,0,0,0,1.20747e+08
103.622,103.622,3.96234,0.26,0,2.90561,2.91356,0,0.551967,6.16896,4.28834e+06,2.70226e+06,1.24602e+07,0,0,0,0,62.3362,61.308,4.99,0,1,1.33449,1.32654,0,1.04665,1.69344,8.91204e+06,3.61194e+06,1.1893e+07,0,0,0,1.20747e+08
103.622,103.622,3.84247,0.24,0,2.88631,2.9142,0,0.544511,6.16896,4.28834e+06,2.70226e+06,1.23775e+07,0,0,0,0,62.3362,61.308,4.81091,0,1,1.35471,1.32683,0,1.03103,1.69344,8.91204e+06,3.61194e+06,1.20732e+07,0,0,0,1.20747e+08
103.622,103.622,3.31295,0.23,0,2.88723,2.91483,0,0.540895,6.16896,4.28834e+06,2.70226e+06,1.23814e+07,0,0,0,0,62.3362,61.308,4.38547,0,1,1.35471,1.32711,0,1.04665,1.69344,8.91204e+06,3.61194e+06,1.20732e+07,0,0,0,1.20747e+08
103.622,103.622,3.20297,0.19,0,2.88815,2.91546,0,0.541067,6.16896,4.28834e+06,2.70226e+06,1.23854e+07,0,0,0,0,62.3362,61.308,4.87002,0,1,1.35471,1.3274,0,1.04665,1.69344,8.91204e+06,3.61194e+06,1.20732e+07,0,0,0,1.20747e+08
103.495,103.622,2.90543,0.17,0,3.0274,3.05442,0,0.541239,6.16896,4.28834e+06,2.70226e+06,1.29825e+07,0,0,0,0,62.3362,61.308,3.79217,0,1,1.42649,1.39947,0,1.04665,1.69344,8.91204e+06,3.61194e+06,1.2713e+07,0,0,0,1.20747e+08
103.177,103.622,2.67534,0.15,0,3.05509,3.05509,0,0.567335,6.16896,4.28834e+06,2.70226e+06,1.31012e+07,0,0,0,0,62.3362,61.308,3.38545,0,1,1.39978,1.39978,0,1.10211,1.69344,8.91204e+06,3.61194e+06,1.24749e+07,0,0,0,1.20747e+08
102.782,103.622,2.58125,0.14,0,3.05575,3.05575,0,0.572523,6.16896,4.28834e+06,2.70226e+06,1.31041e+07,0,0,0,0,62.3362,61.308,3.64698,0,1,1.40008,1.40008,0,1.08147,1.69344,8.91204e+06,3.61194e+06,1.24776e+07,0,0,0,1.20747e+08
102.18,103.622,2.37082,0.12,0,3.05641,3.05641,0,0.572647,6.16896,4.28834e+06,2.70226e+06,1.31069e+07,0,0,0,0,62.3362,61.308,3.462,0,1,1.40038,1.40038,0,1.0817,1.69344,8.91204e+06,3.61194e+06,1.24803e+07,0,0,0,1.20747e+08
101.839,103.622,2.6131,0.13,0,3.05707,3.05707,0,0.572771,6.16896,4.28834e+06,2.70226e+06,1.31098e+07,0,0,0,0,62.3362,61.308,3.8411,0,1,1.40069,1.40069,0,1.08194,1.69344,8.91204e+06,3.61194e+06,1.2483e+07,0,0,0,1.20747e+08
101.899,103.622,3.02803,0.14,0,3.03035,3.03035,0,0.572896,6.16896,4.28834e+06,2.70226e+06,1.29952e+07,0,0,0,0,62.3362,61.308,4.04817,0,1,1.44049,1.44049,0,1.08217,1.69344,8.91204e+06,3.61194e+06,1.28377e+07,0,0,0,1.20747e+08
101.758,103.622,2.83118,0.13,0,3.03101,3.03101,0,0.567888,6.16896,4.28834e+06,2.70226e+06,1.2998e+07,0,0,0,0,62.3362,61.308,3.96121,0,1,1.4408,1.4408,0,1.11292,1.69344,8.91204e+06,3.61194e+06,1.28404e+07,0,0,0,1.20747e+08
101.393,103.622,2.58737,0.12,0,3.03166,3.03166,0,0.568011,6.16896,4.28834e+06,2.70226e+06,1.30008e+07,0,0,0,0,62.3362,61.308,3.61944,0,1,1.44111,1.44111,0,1.11316,1.69344,8.91204e+06,3.61194e+06,1.28432e+07,0,0,0,1.20747e+08
100.854,103.622,2.37696,0.13,0,3.03232,3.03232,0,0.568134,6.16896,4.28834e+06,2.70226e+06,1.30036e+07,0,0,0,0,62.3362,61.308,3.46347,0,1,1.44142,1.44142,0,1.1134,1.69344,8.91204e+06,3.61194e+06,1.2846e+07,0,0,0,1.20747e+08
100.488,103.622,2.5426,0.12,0,3.10376,3.10376,0,0.568257,6.16896,4.28834e+06,2.70226e+06,1.331e+07,0,0,0,0,62.3362,61.308,3.08184,0,1,1.47696,1.47696,0,1.11364,1.69344,8.91204e+06,3.61194e+06,1.31628e+07,0,0,0,1.20747e+08
99.949,103.622,2.33459,0.12,0,3.10444,3.10444,0,0.581645,6.16896,4.28834e+06,2.70226e+06,1.33129e+07,0,0,0,0,62.3362,61.308,3.06445,0,1,1.47728,1.47728,0,1.1411,1.69344,8.91204e+06,3.61194e+06,1.31656e+07,0,0,0,1.20747e+08
99.243,103.622,2.13542,0.12,0,3.10511,3.10511,0,0.581771,6.16896,4.28834e+06,2.70226e+06,1.33158e+07,0,0,0,0,62.327,61.308,2.67762,0,1,1.47761,1.47761,0,1.14135,1.69344,8.91204e+06,3.61194e+06,1.31685e+07,0,0,0,1.20747e+08
98.6592,103.622,2.28839,0.12,0,3.10578,3.10578,0,0.581897,6.16896,4.28834e+06,2.70226e+06,1.33186e+07,0,0,0,0,62.3362,61.308,3.17398,0,1,1.47793,1.47793,0,1.1416,1.69344,8.91204e+06,3.61194e+06,1.31713e+07,0,0,0,1.20747e+08
98.0002,103.622,2.26314,0.13,0,3.24448,3.31392,0,0.582024,6.16896,4.28834e+06,2.93465e+06,1.39134e+07,0,0,0,0,62.2419,61.308,2.94802,1,1,1.57188,1.60552,0,1.14185,1.69344,8.91204e+06,3.92256e+06,1.40086e+07,0,0,0,1.20747e+08
97.3502,103.622,2.19844,0.13,0,3.24519,3.31464,0,0.608016,6.16896,4.28834e+06,2.93465e+06,1.39165e+07,0,0,0,0,62.0683,61.308,2.96537,1,1,1.57222,1.60586,0,1.21443,1.69344,8.91204e+06,3.92256e+06,1.40116e+07,0,0,0,1.20747e+08
96.4677,103.622,1.97869,0.12,0,3.24589,3.31536,0,0.608148,6.16896,4.28834e+06,2.93465e+06,1.39195e+07,0,0,0,0,61.8692,61.308,2.84,1,1,1.57256,1.60621,0,1.21469,1.69344,8.91204e+06,3.92256e+06,1.40147e+07,0,0,0,1.20747e+08
95.6309,103.622,2.00485,0.15,0,3.24659,3.31608,0,0.60828,6.16896,4.28834e+06,2.93465e+06,1.39225e+07,0,0,0,0,61.7731,61.308,3.06422,1,1,1.5729,1.60656,0,1.21496,1.69344,8.91204e+06,3.92256e+06,1.40177e+07,0,0,0,1.20747e+08
94.6508,103.622,1.88428,0.15,0,3.2473,3.3168,0,0.608411,6.16896,4.28834e+06,2.93465e+06,1.39255e+07,0,0,0,0,61.3109,61.308,3.15858,1,1,1.57324,1.60691,0,1.21522,1.69344,8.91204e+06,3.92256e+06,1.40208e+07,0,0,0,1.20747e+08
93.1913,103.622,1.28186,0.14,0,3.1489,3.21629,0,0.608543,6.16896,4.28834e+06,2.93465e+06,1.35035e+07,0,0,0,0,60.544,61.308,1.33564,1,1,1.49787,1.52992,0,1.21548,1.69344,8.91204e+06,3.92256e+06,1.3349e+07,0,0,0,1.20747e+08
91.8513,103.622,1.38998,0.14,0,3.14958,3.21699,0,0.590104,6.16896,4.28834e+06,2.93465e+06,1.35065e+07,0,0,0,0,60.1348,61.308,1.28711,1,1,1.49819,1.53026,0,1.15725,1.69344,8.91204e+06,3.92256e+06,1.33519e+07,0,0,0,1.20747e+08
91.2107,103.622,2.19212,0.14,0,3.15026,3.21769,0,0.590232,6.16896,4.28834e+06,2.93465e+06,1.35094e+07,0,0,0,0,59.9695,61.308,2.19347,1,1,1.49852,1.53059,0,1.1575,1.69344,8.91204e+06,3.92256e+06,1.33548e+07,0,0,0,1.20747e+08
90.4247,103.622,2.07449,0.14,0,3.15095,3.21838,0,0.59036,6.16896,4.28834e+06,2.93465e+06,1.35123e+07,0,0,0,0,59.5372,61.308,1.99956,1,1,1.49884,1.53092,0,1.15775,1.69344,8.91204e+06,3.92256e+06,1.33577e+07,0,0,0,1.20747e+08
89.4338,103.622,1.85302,0.13,0,3.13592,3.13592,0,0.590487,6.16896,4.28834e+06,2.70226e+06,1.34479e+07,0,0,0,0,59.2346,61.308,1.3798,0,1,1.4608,1.4608,0,1.158,1.69344,8.91204e+06,3.61194e+06,1.30187e+07,0,0,0,1.20747e+08
88.5764,103.622,2.0482,0.16,0,3.1366,3.1366,0,0.587672,6.16896,4.28834e+06,2.70226e+06,1.34508e+07,0,0,0,0,59.102,61.308,2.61212,0,1,1.46111,1.46111,0,1.12861,1.69344,8.91204e+06,3.61194e+06,1.30215e+07,0,0,0,1.20747e+08
90.9223,103.622,5.61378,0.14,0,3.13728,3.13728,0,0.587799,6.16896,4.28834e+06,2.70226e+06,1.34537e+07,0,0,0,0,59.984,61.308,5.79236,0,1,1.46143,1.46143,0,1.12886,1.69344,8.91204e+06,3.61194e+06,1.30243e+07,0,0,0,1.20747e+08
91.4252,103.622,3.5881,0.12,0,3.13796,3.13796,0,0.587927,6.16896,4.28834e+06,2.70226e+06,1.34566e+07,0,0,0,0,60.2921,61.308,2.42807,0,1,1.46175,1.46175,0,1.1291,1.69344,8.91204e+06,3.61194e+06,1.30271e+07,0,0,0,1.20747e+08
91.783,103.622,3.42808,0.14,0,2.90227,2.90227,0,0.588054,6.16896,4.28834e+06,2.70226e+06,1.24459e+07,0,0,0,0,60.9072,61.308,4.11765,0,1,1.3152,1.3152,0,1.12935,1.69344,8.91204e+06,3.61194e+06,1.17212e+07,0,0,0,1.20747e+08
91.9737,103.622,3.26955,0.14,0,2.86368,2.90289,0,0.543885,6.16896,4.28834e+06,2.70226e+06,1.22804e+07,0,0,0,0,61.3758,61.308,3.81107,0,1,1.35471,1.31549,0,1.01613,1.69344,8.91204e+06,3.61194e+06,1.20732e+07,0,0,0,1.20747e+08
91.8048,103.622,2.86815,0.15,0,2.86459,2.90352,0,0.536653,6.16896,4.28834e+06,2.70226e+06,1.22843e+07,0,0,0,0,61.8199,61.308,3.66365,0,1,1.35471,1.31577,0,1.04665,1.69344,8.91204e+06,3.61194e+06,1.20732e+07,0,0,0,1.20747e+08
92.5282,103.622,3.7585,0.14,0,2.8655,2.90415,0,0.536824,6.16896,4.28834e+06,2.70226e+06,1.22882e+07,0,0,0,0,62.206,61.308,3.72699,0,1,1.35471,1.31606,0,1.04665,1.69344,8.91204e+06,3.61194e+06,1.20732e+07,0,0,0,1.20747e+08
94.0423,103.622,4.64775,0.14,0,2.86642,2.90478,0,0.536995,6.16896,4.28834e+06,2.70226e+06,1.22922e+07,0,0,0,0,62.3362,61.308,4.4533,0,1,1.35471,1.31634,0,1.04665,1.69344,8.91204e+06,3.61194e+06,1.20732e+07,0,0,0,1.20747e+08
95.8009,103.622,4.99322,0.15,0,2.95833,2.99641,0,0.537166,6.16896,4.28834e+06,2.70226e+06,1.26863e+07,0,0,0,0,62.3362,61.308,4.04619,0,1,1.39727,1.35919,0,1.04665,1.69344,8.91204e+06,3.61194e+06,1.24526e+07,0,0,0,1.20747e+08
96.6294,103.622,3.93609,0.16,0,2.99703,2.99703,0,0.554392,6.16896,4.28834e+06,2.70226e+06,1.28523e+07,0,0,0,0,62.3362,61.308,3.24559,0,1,1.35948,1.35948,0,1.07953,1.69344,8.91204e+06,3.61194e+06,1.21157e+07,0,0,0,1.20747e+08
97.0301,103.622,3.47678,0.15,0,2.99766,2.99766,0,0.561644,6.16896,4.28834e+06,2.70226e+06,1.2855e+07,0,0,0,0,62.3362,61.308,2.89785,0,1,1.35976,1.35976,0,1.05033,1.69344,8.91204e+06,3.61194e+06,1.21182e+07,0,0,0,1.20747e+08
97.9567,103.622,4.08884,0.12,0,2.99828,2.99828,0,0.561761,6.16896,4.28834e+06,2.70226e+06,1.28576e+07,0,0,0,0,62.3362,61.308,3.50573,0,1,1.36004,1.36004,0,1.05055,1.69344,8.91204e+06,3.61194e+06,1.21207e+07,0,0,0,1.20747e+08
103.622,103.622,10.3674,0.13,0,3.2914,3.2914,0,0.561877,6.16896,4.28834e+06,2.70226e+06,1.41146e+07,0,0,0,0,62.3362,61.308,8.12553,0,1,1.52027,1.52027,0,1.05077,1.69344,8.91204e+06,3.61194e+06,1.35487e+07,0,0,0,1.20747e+08
103.622,103.622,8.66852,0.14,0,3.29209,3.29209,0,0.616809,6.16896,4.28834e+06,2.70226e+06,1.41176e+07,0,0,0,0,62.3362,61.308,5.28617,0,1,1.52058,1.52058,0,1.17456,1.69344,8.91204e+06,3.61194e+06,1.35515e+07,0,0,0,1.20747e+08
103.622,103.622,6.9831,0.14,0,3.29277,3.29277,0,0.616937,6.16896,4.28834e+06,2.70226e+06,1.41205e+07,0,0,0,0,62.3362,61.308,3.83559,0,1,1.5209,1.5209,0,1.1748,1.69344,8.91204e+06,3.61194e+06,1.35543e+07,0,0,0,1.20747e+08
103.622,103.622,6.58325,0.15,0,3.29345,3.29345,0,0.617065,6.16896,4.28834e+06,2.70226e+06,1.41234e+07,0,0,0,0,62.3362,61.308,4.00864,0,1,1.52121,1.52121,0,1.17504,1.69344,8.91204e+06,3.61194e+06,1.35571e+07,0,0,0,1.20747e+08
103.622,103.622,4.1411,0.17,0,2.87658,2.87658,0,0.617192,6.16896,4.28834e+06,2.70226e+06,1.23357e+07,0,0,0,0,62.0476,61.308,3.13838,0,1,1.3067,1.3067,0,1.17529,1.69344,8.91204e+06,3.61194e+06,1.16454e+07,0,0,0,1.20747e+08
103.618,103.622,3.15105,0.2,0,2.82945,2.87718,0,0.539071,6.16896,4.28834e+06,2.70226e+06,1.21336e+07,0,0,0,0,62.3362,61.308,2.26201,0,1,1.35469,1.30697,0,1.00956,1.69344,8.91204e+06,3.61194e+06,1.20731e+07,0,0,0,1.20747e+08
103.622,103.622,4.47182,0.21,0,2.83032,2.87777,0,0.530239,6.16896,4.28834e+06,2.70226e+06,1.21374e+07,0,0,0,0,62.3362,61.308,3.31818,0,1,1.35469,1.30724,0,1.04664,1.69344,8.91204e+06,3.61194e+06,1.20731e+07,0,0,0,1.20747e+08
103.622,103.622,4.98728,0.23,0,2.83119,2.87837,0,0.530402,6.16896,4.28834e+06,2.70226e+06,1.21411e+07,0,0,0,0,62.3362,61.308,7.08485,0,1,1.35469,1.30751,0,1.04664,1.69344,8.91204e+06,3.61194e+06,1.20731e+07,0,0,0,1.20747e+08
103.622,103.622,4.63984,0.24,0,2.83205,2.87896,0,0.530564,6.16896,4.28834e+06,2.70226e+06,1.21448e+07,0,0,0,0,62.3362,61.308,4.22144,0,1,1.35469,1.30778,0,1.04664,1.69344,8.91204e+06,3.61194e+06,1.20731e+07,0,0,0,1.20747e+08
103.622,103.622,10.0648,0.24,0,2.93813,2.98477,0,0.530727,6.16896,4.28834e+06,2.70226e+06,1.25997e+07,0,0,0,0,62.3362,61.308,8.85476,0,1,1.4073,1.36066,0,1.04664,1.69344,8.91204e+06,3.61194e+06,1.25419e+07,0,0,0,1.20747e+08
103.622,103.622,7.60374,0.26,0,2.98539,2.98539,0,0.550606,6.16896,4.28834e+06,2.70226e+06,1.28024e+07,0,0,0,0,62.3362,61.308,5.04536,0,1,1.36095,1.36095,0,1.08728,1.69344,8.91204e+06,3.61194e+06,1.21288e+07,0,0,0,1.20747e+08
103.622,103.622,5.02873,0.26,0,2.98601,2.98601,0,0.559462,6.16896,4.28834e+06,2.70226e+06,1.2805e+07,0,0,0,0,62.3362,61.308,3.90093,0,1,1.36123,1.36123,0,1.05147,1.69344,8.91204e+06,3.61194e+06,1.21313e+07,0,0,0,1.20747e+08
103.622,103.622,4.34733,0.25,0,2.98663,2.98663,0,0.559578,6.16896,4.28834e+06,2.70226e+06,1.28077e+07,0,0,0,0,62.3362,61.308,3.8072,0,1,1.36151,1.36151,0,1.05168,1.69344,8.91204e+06,3.61194e+06,1.21338e+07,0,0,0,1.20747e+08
103.622,103.622,4.68313,0.25,0,2.94607,2.94607,0,0.559694,6.16896,4.28834e+06,2.70226e+06,1.26338e+07,0,0,0,0,62.3362,61.308,4.32883,0,1,1.34134,1.34134,0,1.0519,1.69344,8.91204e+06,3.61194e+06,1.19541e+07,0,0,0,1.20747e+08
103.622,103.622,4.40077,0.26,0,2.9336,2.94668,0,0.552094,6.16896,4.28834e+06,2.70226e+06,1.25803e+07,0,0,0,0,62.3362,61.308,3.99268,0,1,1.3547,1.34162,0,1.03632,1.69344,8.91204e+06,3.61194e+06,1.20732e+07,0,0,0,1.20747e+08
103.622,103.622,4.15334,0.23,0,2.93449,2.9473,0,0.549757,6.16896,4.28834e+06,2.70226e+06,1.25841e+07,0,0,0,0,62.3362,61.308,3.78181,0,1,1.3547,1.3419,0,1.04664,1.69344,8.91204e+06,3.61194e+06,1.20732e+07,0,0,0,1.20747e+08
103.622,103.622,3.74727,0.19,0,2.93538,2.94791,0,0.549923,6.16896,4.28834e+06,2.70226e+06,1.25879e+07,0,0,0,0,62.3362,61.308,4.23209,0,1,1.3547,1.34217,0,1.04664,1.69344,8.91204e+06,3.61194e+06,1.20732e+07,0,0,0,1.20747e+08
103.622,103.622,3.62342,0.2,0,3.07613,3.08838,0,0.55009,6.16896,4.28834e+06,2.70226e+06,1.31915e+07,0,0,0,0,62.3362,61.308,4.22175,0,1,1.42728,1.41503,0,1.04664,1.69344,8.91204e+06,3.61194e+06,1.272e+07,0,0,0,1.20747e+08
103.622,103.622,3.48799,0.18,0,3.08902,3.08902,0,0.576468,6.16896,4.28834e+06,2.70226e+06,1.32468e+07,0,0,0,0,62.3362,61.308,4.0362,0,1,1.41533,1.41533,0,1.10272,1.69344,8.91204e+06,3.61194e+06,1.26134e+07,0,0,0,1.20747e+08
103.622,103.622,3.0634,0.15,0,3.08966,3.08966,0,0.578883,6.16896,4.28834e+06,2.70226e+06,1.32495e+07,0,0,0,0,62.3362,61.308,3.41758,0,1,1.41562,1.41562,0,1.09348,1.69344,8.91204e+06,3.61194e+06,1.2616e+07,0,0,0,1.20747e+08
103.542,103.622,2.91461,0.15,0,3.0903,3.0903,0,0.579003,6.16896,4.28834e+06,2.70226e+06,1.32523e+07,0,0,0,0,62.3362,61.308,2.97052,0,1,1.41591,1.41591,0,1.09371,1.69344,8.91204e+06,3.61194e+06,1.26187e+07,0,0,0,1.20747e+08
103.526,103.622,2.97742,0.14,0,3.09094,3.09094,0,0.579123,6.16896,4.28834e+06,2.70226e+06,1.3255e+07,0,0,0,0,62.3362,61.308,2.88725,0,1,1.4162,1.4162,0,1.09393,1.69344,8.91204e+06,3.61194e+06,1.26213e+07,0,0,0,1.20747e+08
103.622,103.622,3.11736,0.14,0,3.06389,3.06389,0,0.579243,6.16896,4.28834e+06,2.70226e+06,1.3139e+07,0,0,0,0,62.3362,61.308,3.23034,0,1,1.45643,1.45643,0,1.09416,1.69344,8.91204e+06,3.61194e+06,1.29798e+07,0,0,0,1.20747e+08
103.462,103.622,2.82681,0.14,0,3.06453,3.06453,0,0.574174,6.16896,4.28834e+06,2.70226e+06,1.31417e+07,0,0,0,0,62.3362,61.308,2.88236,0,1,1.45673,1.45673,0,1.12524,1.69344,8.91204e+06,3.61194e+06,1.29824e+07,0,0,0,1.20747e+08
103.22,103.622,2.6929,0.15,0,3.06516,3.06516,0,0.574292,6.16896,4.28834e+06,2.70226e+06,1.31444e+07,0,0,0,0,62.3362,61.308,2.80365,0,1,1.45703,1.45703,0,1.12547,1.69344,8.91204e+06,3.61194e+06,1.29851e+07,0,0,0,1.20747e+08
102.738,103.622,2.42015,0.14,0,3.0658,3.0658,0,0.574411,6.16896,4.28834e+06,2.70226e+06,1.31472e+07,0,0,0,0,62.3362,61.308,2.70772,0,1,1.45733,1.45733,0,1.1257,1.69344,8.91204e+06,3.61194e+06,1.29878e+07,0,0,0,1.20747e+08
102.223,103.622,2.38213,0.14,0,3.13799,3.13799,0,0.57453,6.16896,4.28834e+06,2.70226e+06,1.34568e+07,0,0,0,0,62.3362,61.308,2.45203,0,1,1.49325,1.49325,0,1.12594,1.69344,8.91204e+06,3.61194e+06,1.33079e+07,0,0,0,1.20747e+08
101.733,103.622,2.45088,0.12,0,3.13864,3.13864,0,0.58806,6.16896,4.28834e+06,2.70226e+06,1.34596e+07,0,0,0,0,62.3238,61.308,2.53165,0,1,1.49356,1.49356,0,1.15369,1.69344,8.91204e+06,3.61194e+06,1.33107e+07,0,0,0,1.20747e+08
101.114,103.622,2.26743,0.13,0,3.13929,3.13929,0,0.588182,6.16896,4.28834e+06,2.70226e+06,1.34623e+07,0,0,0,0,62.2583,61.308,2.4458,0,1,1.49387,1.49387,0,1.15393,1.69344,8.91204e+06,3.61194e+06,1.33134e+07,0,0,0,1.20747e+08
100.324,103.622,2.06851,0.13,0,3.13994,3.13994,0,0.588303,6.16896,4.28834e+06,2.70226e+06,1.34651e+07,0,0,0,0,62.1569,61.308,2.14208,0,1,1.49418,1.49418,0,1.15417,1.69344,8.91204e+06,3.61194e+06,1.33162e+07,0,0,0,1.20747e+08
99.8938,103.622,2.59929,0.14,0,3.28014,3.35034,0,0.588425,6.16896,4.28834e+06,2.93465e+06,1.40663e+07,0,0,0,0,62.0744,61.308,2.78919,1,1,1.58915,1.62316,0,1.1544,1.69344,8.91204e+06,3.92256e+06,1.41626e+07,0,0,0,1.20747e+08
99.7034,103.622,2.80206,0.14,0,3.28082,3.35103,0,0.614698,6.16896,4.28834e+06,2.93465e+06,1.40692e+07,0,0,0,0,61.9297,61.308,2.58251,1,1,1.58948,1.6235,0,1.22778,1.69344,8.91204e+06,3.92256e+06,1.41655e+07,0,0,0,1.20747e+08
99.2145,103.622,2.53436,0.14,0,3.28149,3.35173,0,0.614825,6.16896,4.28834e+06,2.93465e+06,1.40722e+07,0,0,0,0,61.7585,61.308,2.47444,1,1,1.58981,1.62383,0,1.22803,1.69344,8.91204e+06,3.92256e+06,1.41684e+07,0,0,0,1.20747e+08
98.776,103.622,2.56233,0.14,0,3.28217,3.35242,0,0.614952,6.16896,4.28834e+06,2.93465e+06,1.40751e+07,0,0,0,0,61.6937,61.308,2.68004,1,1,1.59014,1.62417,0,1.22828,1.69344,8.91204e+06,3.92256e+06,1.41713e+07,0,0,0,1.20747e+08
98.2435,103.622,2.50951,0.14,0,3.28285,3.35311,0,0.615079,6.16896,4.28834e+06,2.93465e+06,1.4078e+07,0,0,0,0,61.6061,61.308,3.06315,1,1,1.59046,1.6245,0,1.22854,1.69344,8.91204e+06,3.92256e+06,1.41743e+07,0,0,0,1.20747e+08
96.8488,103.622,1.43951,0.14,0,3.18335,3.25148,0,0.615206,6.16896,4.28834e+06,2.93465e+06,1.36513e+07,0,0,0,0,61.3405,61.308,2.10936,1,1,1.51425,1.54666,0,1.22879,1.69344,8.91204e+06,3.92256e+06,1.34951e+07,0,0,0,1.20747e+08
95.5584,103.622,1.5373,0.14,0,3.18401,3.25215,0,0.596559,6.16896,4.28834e+06,2.93465e+06,1.36541e+07,0,0,0,0,61.1033,61.308,1.98939,1,1,1.51457,1.54698,0,1.16991,1.69344,8.91204e+06,3.92256e+06,1.34979e+07,0,0,0,1.20747e+08
94.7063,103.622,2.06111,0.14,0,3.18466,3.25282,0,0.596683,6.16896,4.28834e+06,2.93465e+06,1.36569e+07,0,0,0,0,61.0292,61.308,2.70813,1,1,1.51488,1.5473,0,1.17015,1.69344,8.91204e+06,3.92256e+06,1.35007e+07,0,0,0,1.20747e+08
94.3872,103.622,2.76435,0.15,0,3.18532,3.25349,0,0.596806,6.16896,4.28834e+06,2.93465e+06,1.36597e+07,0,0,0,0,61.1605,61.308,3.80428,1,1,1.51519,1.54762,0,1.1704,1.69344,8.91204e+06,3.92256e+06,1.35035e+07,0,0,0,1.20747e+08
92.8309,103.622,1.28323,0.14,0,3.1701,3.1701,0,0.596929,6.16896,4.28834e+06,2.70226e+06,1.35945e+07,0,0,0,0,60.5023,61.308,1.69547,0,1,1.47672,1.47672,0,1.17064,1.69344,8.91204e+06,3.61194e+06,1.31606e+07,0,0,0,1.20747e+08
91.1797,103.622,1.26909,0.13,0,3.17076,3.17076,0,0.594078,6.16896,4.28834e+06,2.70226e+06,1.35973e+07,0,0,0,0,59.7041,61.308,1.11771,0,1,1.47703,1.47703,0,1.14091,1.69344,8.91204e+06,3.61194e+06,1.31633e+07,0,0,0,1.20747e+08
89.3723,103.622,1.06667,0.13,0,3.17142,3.17142,0,0.5942,6.16896,4.28834e+06,2.70226e+06,1.36001e+07,0,0,0,0,59.3708,61.308,1.129,0,1,1.47733,1.47733,0,1.14115,1.69344,8.91204e+06,3.61194e+06,1.3166e+07,0,0,0,1.20747e+08
88.9032,103.622,2.70451,0.15,0,3.17207,3.17207,0,0.594323,6.16896,4.28834e+06,2.70226e+06,1.36029e+07,0,0,0,0,59.7526,61.308,3.48693,0,1,1.47764,1.47764,0,1.14139,1.69344,8.91204e+06,3.61194e+06,1.31687e+07,0,0,0,1.20747e+08
89.8774,103.622,4.36608,0.15,0,2.93378,2.93378,0,0.594446,6.16896,4.28834e+06,2.70226e+06,1.25811e+07,0,0,0,0,61.1028,61.308,3.81654,0,1,1.32949,1.32949,0,1.14162,1.69344,8.91204e+06,3.61194e+06,1.18484e+07,0,0,0,1.20747e+08
90.7799,103.622,4.28222,0.15,0,2.90945,2.93439,0,0.549791,6.16896,4.28834e+06,2.70226e+06,1.24767e+07,0,0,0,0,62.2177,61.308,3.71387,0,1,1.3547,1.32976,0,1.02716,1.69344,8.91204e+06,3.61194e+06,1.20731e+07,0,0,0,1.20747e+08
90.9369,103.622,3.5339,0.15,0,2.91034,2.935,0,0.545232,6.16896,4.28834e+06,2.70226e+06,1.24805e+07,0,0,0,0,62.3362,61.308,4.62629,0,1,1.3547,1.33004,0,1.04664,1.69344,8.91204e+06,3.61194e+06,1.20731e+07,0,0,0,1.20747e+08
91.1619,103.622,3.88035,0.15,0,2.91122,2.9356,0,0.545397,6.16896,4.28834e+06,2.70226e+06,1.24843e+07,0,0,0,0,62.3362,61.308,7.16295,0,1,1.3547,1.33031,0,1.04664,1.69344,8.91204e+06,3.61194e+06,1.20731e+07,0,0,0,1.20747e+08
91.6098,103.622,3.89921,0.14,0,2.9121,2.93621,0,0.545562,6.16896,4.28834e+06,2.70226e+06,1.24881e+07,0,0,0,0,62.3362,61.308,5.58649,0,1,1.3547,1.33059,0,1.04664,1.69344,8.91204e+06,3.61194e+06,1.20731e+07,0,0,0,1.20747e+08
92.7004,103.622,4.33468,0.17,0,3.00497,3.02881,0,0.545727,6.16896,4.28834e+06,2.70226e+06,1.28863e+07,0,0,0,0,62.3362,61.308,4.66194,0,1,1.39772,1.37389,0,1.04664,1.69344,8.91204e+06,3.61194e+06,1.24566e+07,0,0,0,1.20747e+08
94.793,103.622,5.51067,0.18,0,3.0294,3.0294,0,0.563131,6.16896,4.28834e+06,2.70226e+06,1.29911e+07,0,0,0,0,62.3362,61.308,4.81739,0,1,1.37416,1.37416,0,1.07988,1.69344,8.91204e+06,3.61194e+06,1.22466e+07,0,0,0,1.20747e+08
95.2035,103.622,3.60442,0.17,0,3.03,3.03,0,0.56771,6.16896,4.28834e+06,2.70226e+06,1.29937e+07,0,0,0,0,62.3362,61.308,3.2211,0,1,1.37443,1.37443,0,1.06167,1.69344,8.91204e+06,3.61194e+06,1.2249e+07,0,0,0,1.20747e+08
95.5637,103.622,3.58842,0.18,0,3.0306,3.0306,0,0.567822,6.16896,4.28834e+06,2.70226e+06,1.29962e+07,0,0,0,0,62.3362,61.308,2.89745,0,1,1.3747,1.3747,0,1.06188,1.69344,8.91204e+06,3.61194e+06,1.22514e+07,0,0,0,1.20747e+08
95.6498,103.622,3.50181,0.19,0,3.25715,3.32685,0,0.567934,6.16896,4.28834e+06,2.93465e+06,1.39677e+07,0,0,0,0,62.3362,61.308,2.86146,1,1,1.50444,1.53664,0,1.06209,1.69344,8.91204e+06,3.92256e+06,1.34076e+07,0,0,0,1.20747e+08
96.4432,103.622,4.23499,0.22,0,3.25779,3.32751,0,0.610389,6.16896,4.28834e+06,2.93465e+06,1.39705e+07,0,0,0,0,62.3362,61.308,2.92541,1,1,1.50474,1.53694,0,1.16233,1.69344,8.91204e+06,3.92256e+06,1.34103e+07,0,0,0,1.20747e+08
96.6358,103.622,3.6479,0.23,0,3.25843,3.32817,0,0.610509,6.16896,4.28834e+06,2.93465e+06,1.39733e+07,0,0,0,0,62.3362,61.308,3.20725,1,1,1.50504,1.53725,0,1.16256,1.69344,8.91204e+06,3.92256e+06,1.34129e+07,0,0,0,1.20747e+08
97.4087,103.622,4.25608,0.24,0,3.25907,3.32883,0,0.61063,6.16896,4.28834e+06,2.93465e+06,1.3976e+07,0,0,0,0,62.3362,61.308,3.24768,1,1,1.50533,1.53755,0,1.16279,1.69344,8.91204e+06,3.92256e+06,1.34156e+07,0,0,0,1.20747e+08
101.575,103.622,8.08736,0.18,0,2.90745,2.90745,0,0.610751,6.16896,4.28834e+06,2.70226e+06,1.24681e+07,0,0,0,0,62.3362,61.308,9.65891,0,1,1.32072,1.32072,0,1.16302,1.69344,8.91204e+06,3.61194e+06,1.17703e+07,0,0,0,1.20747e+08
103.622,103.622,7.52295,0.21,0,2.87432,2.90802,0,0.544856,6.16896,4.28834e+06,2.70226e+06,1.23261e+07,0,0,0,0,62.3362,61.308,8.82942,0,1,1.35468,1.32098,0,1.02039,1.69344,8.91204e+06,3.61194e+06,1.2073e+07,0,0,0,1.20747e+08
103.622,103.622,7.5489,0.23,0,2.87516,2.9086,0,0.538648,6.16896,4.28834e+06,2.70226e+06,1.23296e+07,0,0,0,0,62.3362,61.308,6.3987,0,1,1.35468,1.32124,0,1.04663,1.69344,8.91204e+06,3.61194e+06,1.2073e+07,0,0,0,1.20747e+08
103.622,103.622,5.16558,0.24,0,2.87599,2.90917,0,0.538805,6.16896,4.28834e+06,2.70226e+06,1.23332e+07,0,0,0,0,62.3362,61.308,4.46371,0,1,1.35468,1.32151,0,1.04663,1.69344,8.91204e+06,3.61194e+06,1.2073e+07,0,0,0,1.20747e+08
103.622,103.622,5.307,0.25,0,2.87683,2.90975,0,0.538961,6.16896,4.28834e+06,2.70226e+06,1.23368e+07,0,0,0,0,62.3362,61.308,4.843,0,1,1.35468,1.32177,0,1.04663,1.69344,8.91204e+06,3.61194e+06,1.2073e+07,0,0,0,1.20747e+08
103.622,103.622,7.40786,0.25,0,2.984,3.01666,0,0.539118,6.16896,4.28834e+06,2.70226e+06,1.27964e+07,0,0,0,0,62.3362,61.308,7.15661,0,1,1.40786,1.3752,0,1.04663,1.69344,8.91204e+06,3.61194e+06,1.25469e+07,0,0,0,1.20747e+08
103.622,103.622,6.00196,0.28,0,3.01725,3.01725,0,0.559202,6.16896,4.28834e+06,2.70226e+06,1.2939e+07,0,0,0,0,62.3362,61.308,6.71394,0,1,1.37547,1.37547,0,1.08771,1.69344,8.91204e+06,3.61194e+06,1.22582e+07,0,0,0,1.20747e+08
103.622,103.622,4.58213,0.28,0,3.01785,3.01785,0,0.565433,6.16896,4.28834e+06,2.70226e+06,1.29415e+07,0,0,0,0,62.3362,61.308,4.86113,0,1,1.37574,1.37574,0,1.06269,1.69344,8.91204e+06,3.61194e+06,1.22607e+07,0,0,0,1.20747e+08
103.622,103.622,4.23563,0.26,0,3.01844,3.01844,0,0.565545,6.16896,4.28834e+06,2.70226e+06,1.29441e+07,0,0,0,0,62.3362,61.308,4.55088,0,1,1.37601,1.37601,0,1.0629,1.69344,8.91204e+06,3.61194e+06,1.22631e+07,0,0,0,1.20747e+08
103.622,103.622,4.07556,0.27,0,2.97743,2.97743,0,0.565656,6.16896,4.28834e+06,2.70226e+06,1.27682e+07,0,0,0,0,62.3362,61.308,5.34478,0,1,1.35562,1.35562,0,1.06311,1.69344,8.91204e+06,3.61194e+06,1.20813e+07,0,0,0,1.20747e+08
103.622,103.622,3.29925,0.27,0,2.97802,2.97802,0,0.55797,6.16896,4.28834e+06,2.70226e+06,1.27707e+07,0,0,0,0,62.3362,61.308,3.84565,0,1,1.35588,1.35588,0,1.04735,1.69344,8.91204e+06,3.61194e+06,1.20837e+07,0,0,0,1.20747e+08
103.358,103.622,2.90447,0.27,0,2.9786,2.9786,0,0.55808,6.16896,4.28834e+06,2.70226e+06,1.27733e+07,0,0,0,0,62.3362,61.308,3.46992,0,1,1.35615,1.35615,0,1.04756,1.69344,8.91204e+06,3.61194e+06,1.20861e+07,0,0,0,1.20747e+08
102.849,103.622,2.59764,0.22,0,2.97919,2.97919,0,0.558191,6.16896,4.28834e+06,2.70226e+06,1.27758e+07,0,0,0,0,62.3362,61.308,3.07786,0,1,1.35642,1.35642,0,1.04776,1.69344,8.91204e+06,3.61194e+06,1.20885e+07,0,0,0,1.20747e+08
102.188,103.622,2.49098,0.2,0,3.12113,3.12113,0,0.558301,6.16896,4.28834e+06,2.70226e+06,1.33845e+07,0,0,0,0,62.3362,61.308,2.86979,0,1,1.43004,1.43004,0,1.04797,1.69344,8.91204e+06,3.61194e+06,1.27445e+07,0,0,0,1.20747e+08
101.603,103.622,2.53038,0.19,0,3.12175,3.12175,0,0.5849,6.16896,4.28834e+06,2.70226e+06,1.33871e+07,0,0,0,0,62.3362,61.308,2.60874,0,1,1.43032,1.43032,0,1.10485,1.69344,8.91204e+06,3.61194e+06,1.27471e+07,0,0,0,1.20747e+08
100.772,103.622,2.2392,0.17,0,3.12236,3.12236,0,0.585016,6.16896,4.28834e+06,2.70226e+06,1.33897e+07,0,0,0,0,62.3362,61.308,2.43163,0,1,1.4306,1.4306,0,1.10506,1.69344,8.91204e+06,3.61194e+06,1.27496e+07,0,0,0,1.20747e+08
99.8823,103.622,2.11643,0.16,0,3.12298,3.12298,0,0.585131,6.16896,4.28834e+06,2.70226e+06,1.33924e+07,0,0,0,0,62.3362,61.308,2.32153,0,1,1.43088,1.43088,0,1.10528,1.69344,8.91204e+06,3.61194e+06,1.27521e+07,0,0,0,1.20747e+08
98.9174,103.622,2.03873,0.14,0,3.1236,3.1236,0,0.585246,6.16896,4.28834e+06,2.70226e+06,1.3395e+07,0,0,0,0,62.3362,61.308,2.20412,0,1,1.43117,1.43117,0,1.1055,1.69344,8.91204e+06,3.61194e+06,1.27546e+07,0,0,0,1.20747e+08
97.9574,103.622,1.99373,0.14,0,3.09623,3.09623,0,0.585362,6.16896,4.28834e+06,2.70226e+06,1.32777e+07,0,0,0,0,62.2962,61.308,2.41326,0,1,1.4718,1.4718,0,1.10572,1.69344,8.91204e+06,3.61194e+06,1.31168e+07,0,0,0,1.20747e+08
96.9199,103.622,1.88764,0.15,0,3.09684,3.09684,0,0.580234,6.16896,4.28834e+06,2.70226e+06,1.32803e+07,0,0,0,0,62.2367,61.308,2.27235,0,1,1.47209,1.47209,0,1.13711,1.69344,8.91204e+06,3.61194e+06,1.31193e+07,0,0,0,1.20747e+08
95.8311,103.622,1.79901,0.15,0,3.09745,3.09745,0,0.580348,6.16896,4.28834e+06,2.70226e+06,1.32829e+07,0,0,0,0,62.1282,61.308,2.22964,0,1,1.47238,1.47238,0,1.13734,1.69344,8.91204e+06,3.61194e+06,1.31219e+07,0,0,0,1.20747e+08
94.6701,103.622,1.70064,0.19,0,3.09806,3.09806,0,0.580462,6.16896,4.28834e+06,2.70226e+06,1.32855e+07,0,0,0,0,61.9905,61.308,2.26004,0,1,1.47267,1.47267,0,1.13756,1.69344,8.91204e+06,3.61194e+06,1.31245e+07,0,0,0,1.20747e+08
93.1958,103.622,1.37515,0.19,0,3.17099,3.17099,0,0.580577,6.16896,4.28834e+06,2.70226e+06,1.35983e+07,0,0,0,0,61.7111,61.308,1.8733,0,1,1.50896,1.50896,0,1.13779,1.69344,8.91204e+06,3.61194e+06,1.34479e+07,0,0,0,1.20747e+08
91.8125,103.622,1.44993,0.18,0,3.17162,3.17162,0,0.594244,6.16896,4.28834e+06,2.70226e+06,1.3601e+07,0,0,0,0,61.5185,61.308,2.12873,0,1,1.50925,1.50925,0,1.16582,1.69344,8.91204e+06,3.61194e+06,1.34505e+07,0,0,0,1.20747e+08
90.3644,103.622,1.3523,0.18,0,3.17224,3.17224,0,0.594361,6.16896,4.28834e+06,2.70226e+06,1.36036e+07,0,0,0,0,61.2422,61.308,2.16597,0,1,1.50955,1.50955,0,1.16605,1.69344,8.91204e+06,3.61194e+06,1.34532e+07,0,0,0,1.20747e+08
88.8515,103.622,1.24513,0.17,0,3.17287,3.17287,0,0.594478,6.16896,4.28834e+06,2.70226e+06,1.36063e+07,0,0,0,0,60.9262,61.308,1.92931,0,1,1.50985,1.50985,0,1.16628,1.69344,8.91204e+06,3.61194e+06,1.34558e+07,0,0,0,1.20747e+08
87.2458,103.622,1.23947,0.21,0,3.3145,3.38544,0,0.594595,6.16896,4.28834e+06,2.93465e+06,1.42137e+07,0,0,0,0,60.5828,61.308,2.0779,1,1,1.6058,1.64016,0,1.16651,1.69344,8.91204e+06,3.92256e+06,1.43109e+07,0,0,0,1.20747e+08
85.8326,103.622,1.40836,0.21,0,3.31515,3.3861,0,0.621137,6.16896,4.28834e+06,2.93465e+06,1.42165e+07,0,0,0,0,60.3168,61.308,2.54434,1,1,1.60611,1.64049,0,1.24064,1.69344,8.91204e+06,3.92256e+06,1.43137e+07,0,0,0,1.20747e+08
84.4088,103.622,1.31505,0.21,0,3.31581,3.38677,0,0.62126,6.16896,4.28834e+06,2.93465e+06,1.42193e+07,0,0,0,0,59.8906,61.308,2.11829,1,1,1.60643,1.64081,0,1.24088,1.69344,8.91204e+06,3.92256e+06,1.43166e+07,0,0,0,1.20747e+08
82.6134,103.622,0.907957,0.21,0,3.31646,3.38744,0,0.621382,6.16896,4.28834e+06,2.93465e+06,1.42221e+07,0,0,0,0,59.3927,61.308,1.83164,1,1,1.60675,1.64113,0,1.24113,1.69344,8.91204e+06,3.92256e+06,1.43194e+07,0,0,0,1.20747e+08
80.7632,103.622,0.849439,0.23,0,3.31711,3.38811,0,0.621505,6.16896,4.28834e+06,2.93465e+06,1.42249e+07,0,0,0,0,58.9101,61.308,1.85817,1,1,1.60706,1.64146,0,1.24137,1.69344,8.91204e+06,3.92256e+06,1.43222e+07,0,0,0,1.20747e+08
79.8033,103.622,1.83692,0.23,0,3.21654,3.28538,0,0.621627,6.16896,4.28834e+06,2.93465e+06,1.37936e+07,0,0,0,0,58.8607,61.308,2.90569,1,1,1.53004,1.56279,0,1.24162,1.69344,8.91204e+06,3.92256e+06,1.36358e+07,0,0,0,1.20747e+08
78.5958,103.622,1.60408,0.23,0,3.21717,3.28603,0,0.602779,6.16896,4.28834e+06,2.93465e+06,1.37963e+07,0,0,0,0,59.1044,61.308,4.72997,1,1,1.53034,1.5631,0,1.18211,1.69344,8.91204e+06,3.92256e+06,1.36385e+07,0,0,0,1.20747e+08
77.2012,103.622,1.31804,0.23,0,3.21781,3.28667,0,0.602898,6.16896,4.28834e+06,2.93465e+06,1.3799e+07,0,0,0,0,58.8709,61.308,2.46943,1,1,1.53064,1.5634,0,1.18234,1.69344,8.91204e+06,3.92256e+06,1.36412e+07,0,0,0,1.20747e+08
76.2282,103.622,1.79805,0.23,0,3.21844,3.28732,0,0.603017,6.16896,4.28834e+06,2.93465e+06,1.38018e+07,0,0,0,0,58.8096,61.308,2.83991,1,1,1.53095,1.56371,0,1.18258,1.69344,8.91204e+06,3.92256e+06,1.36438e+07,0,0,0,1.20747e+08
75.5496,103.622,2.3951,0.24,0,3.20303,3.20303,0,0.603136,6.16896,4.28834e+06,2.70226e+06,1.37357e+07,0,0,0,0,58.504,61.308,2.66324,0,1,1.49206,1.49206,0,1.18281,1.69344,8.91204e+06,3.61194e+06,1.32973e+07,0,0,0,1.20747e+08
74.4823,103.622,1.70173,0.26,0,3.20366,3.20366,0,0.600249,6.16896,4.28834e+06,2.70226e+06,1.37384e+07,0,0,0,0,58.2783,61.308,1.13805,0,1,1.49235,1.49235,0,1.15277,1.69344,8.91204e+06,3.61194e+06,1.32999e+07,0,0,0,1.20747e+08
73.4778,103.622,1.83181,0.25,0,3.2043,3.2043,0,0.600367,6.16896,4.28834e+06,2.70226e+06,1.37411e+07,0,0,0,0,58.2459,61.308,2.03148,0,1,1.49265,1.49265,0,1.15299,1.69344,8.91204e+06,3.61194e+06,1.33025e+07,0,0,0,1.20747e+08
75.0825,103.622,4.92325,0.26,0,3.20493,3.20493,0,0.600485,6.16896,4.28834e+06,2.70226e+06,1.37438e+07,0,0,0,0,59.4362,61.308,4.71454,0,1,1.49294,1.49294,0,1.15322,1.69344,8.91204e+06,3.61194e+06,1.33052e+07,0,0,0,1.20747e+08
75.2693,103.622,3.04835,0.27,0,2.96414,2.96414,0,0.600603,6.16896,4.28834e+06,2.70226e+06,1.27112e+07,0,0,0,0,60.0243,61.308,2.40863,0,1,1.34325,1.34325,0,1.15345,1.69344,8.91204e+06,3.61194e+06,1.19711e+07,0,0,0,1.20747e+08
75.0151,103.622,2.47882,0.27,0,2.95355,2.96473,0,0.555481,6.16896,4.28834e+06,2.70226e+06,1.26658e+07,0,0,0,0,60.1605,61.308,2.41281,0,1,1.35469,1.34351,0,1.03779,1.69344,8.91204e+06,3.61194e+06,1.2073e+07,0,0,0,1.20747e+08
74.351,103.622,2.00359,0.28,0,2.9544,2.96531,0,0.553495,6.16896,4.28834e+06,2.70226e+06,1.26695e+07,0,0,0,0,60.2196,61.308,2.06728,0,1,1.35469,1.34377,0,1.04663,1.69344,8.91204e+06,3.61194e+06,1.2073e+07,0,0,0,1.20747e+08
73.4833,103.622,2.12347,0.29,0,2.95525,2.9659,0,0.553654,6.16896,4.28834e+06,2.70226e+06,1.26731e+07,0,0,0,0,60.2955,61.308,2.24644,0,1,1.35469,1.34404,0,1.04663,1.69344,8.91204e+06,3.61194e+06,1.2073e+07,0,0,0,1.20747e+08
72.9742,103.622,2.39406,0.31,0,2.9561,2.96648,0,0.553813,6.16896,4.28834e+06,2.70226e+06,1.26767e+07,0,0,0,0,60.3661,61.308,2.28728,0,1,1.35469,1.3443,0,1.04663,1.69344,8.91204e+06,3.61194e+06,1.2073e+07,0,0,0,1.20747e+08
76.3477,103.622,6.83976,0.32,0,3.04988,3.06,0,0.553972,6.16896,4.28834e+06,2.70226e+06,1.30789e+07,0,0,0,0,62.3362,61.308,7.0118,0,1,1.39816,1.38804,0,1.04663,1.69344,8.91204e+06,3.61194e+06,1.24604e+07,0,0,0,1.20747e+08
81.8725,103.622,9.25067,0.29,0,3.06057,3.06057,0,0.571547,6.16896,4.28834e+06,2.70226e+06,1.31248e+07,0,0,0,0,62.3362,61.308,5.97216,0,1,1.3883,1.3883,0,1.08022,1.69344,8.91204e+06,3.61194e+06,1.23726e+07,0,0,0,1.20747e+08
84.7289,103.622,6.43884,0.32,0,3.06115,3.06115,0,0.573551,6.16896,4.28834e+06,2.70226e+06,1.31272e+07,0,0,0,0,62.3362,61.308,4.88982,0,1,1.38856,1.38856,0,1.0726,1.69344,8.91204e+06,3.61194e+06,1.23749e+07,0,0,0,1.20747e+08
87.1429,103.622,5.91771,0.27,0,3.06172,3.06172,0,0.573659,6.16896,4.28834e+06,2.70226e+06,1.31297e+07,0,0,0,0,62.3362,61.308,4.56001,0,1,1.38882,1.38882,0,1.0728,1.69344,8.91204e+06,3.61194e+06,1.23772e+07,0,0,0,1.20747e+08
88.4252,103.622,4.77654,0.29,0,3.29056,3.36099,0,0.573767,6.16896,4.28834e+06,2.93465e+06,1.4111e+07,0,0,0,0,62.3362,61.308,2.87784,1,1,1.51988,1.55241,0,1.073,1.69344,8.91204e+06,3.92256e+06,1.35452e+07,0,0,0,1.20747e+08
89.8918,103.622,4.93991,0.3,0,3.29118,3.36162,0,0.616651,6.16896,4.28834e+06,2.93465e+06,1.41137e+07,0,0,0,0,62.3362,61.308,3.72339,1,1,1.52016,1.5527,0,1.17426,1.69344,8.91204e+06,3.92256e+06,1.35477e+07,0,0,0,1.20747e+08
91.9503,103.622,5.61544,0.25,0,3.2918,3.36225,0,0.616767,6.16896,4.28834e+06,2.93465e+06,1.41163e+07,0,0,0,0,62.3362,61.308,3.90216,1,1,1.52045,1.55299,0,1.17448,1.69344,8.91204e+06,3.92256e+06,1.35503e+07,0,0,0,1.20747e+08
93.7659,103.622,5.498,0.26,0,3.29241,3.36288,0,0.616883,6.16896,4.28834e+06,2.93465e+06,1.4119e+07,0,0,0,0,62.3362,61.308,4.35385,1,1,1.52073,1.55328,0,1.1747,1.69344,8.91204e+06,3.92256e+06,1.35528e+07,0,0,0,1.20747e+08
96.0867,103.622,5.7776,0.27,0,2.93716,2.93716,0,0.616998,6.16896,4.28834e+06,2.70226e+06,1.25955e+07,0,0,0,0,62.3362,61.308,5.10295,0,1,1.33422,1.33422,0,1.17492,1.69344,8.91204e+06,3.61194e+06,1.18906e+07,0,0,0,1.20747e+08
100.247,103.622,7.82477,0.28,0,2.91751,2.93771,0,0.550424,6.16896,4.28834e+06,2.70226e+06,1.25113e+07,0,0,0,0,62.3362,61.308,7.90873,0,1,1.35467,1.33447,0,1.03082,1.69344,8.91204e+06,3.61194e+06,1.20729e+07,0,0,0,1.20747e+08
101.835,103.622,5.24966,0.26,0,2.91831,2.93827,0,0.546742,6.16896,4.28834e+06,2.70226e+06,1.25147e+07,0,0,0,0,62.3362,61.308,4.13174,0,1,1.35467,1.33472,0,1.04662,1.69344,8.91204e+06,3.61194e+06,1.20729e+07,0,0,0,1.20747e+08
102.375,103.622,3.83107,0.26,0,2.91911,2.93882,0,0.546892,6.16896,4.28834e+06,2.70226e+06,1.25181e+07,0,0,0,0,62.3362,61.308,3.04732,0,1,1.35467,1.33497,0,1.04662,1.69344,8.91204e+06,3.61194e+06,1.20729e+07,0,0,0,1.20747e+08
103.289,103.622,4.29379,0.27,0,2.91992,2.93937,0,0.547042,6.16896,4.28834e+06,2.70226e+06,1.25216e+07,0,0,0,0,62.3362,61.308,4.89576,0,1,1.35467,1.33522,0,1.04662,1.69344,8.91204e+06,3.61194e+06,1.20729e+07,0,0,0,1.20747e+08
103.622,103.622,4.04567,0.29,0,3.02814,3.04734,0,0.547192,6.16896,4.28834e+06,2.70226e+06,1.29857e+07,0,0,0,0,62.3362,61.308,3.42312,0,1,1.40839,1.38918,0,1.04662,1.69344,8.91204e+06,3.61194e+06,1.25516e+07,0,0,0,1.20747e+08
103.622,103.622,4.26841,0.31,0,3.04791,3.04791,0,0.567473,6.16896,4.28834e+06,2.70226e+06,1.30705e+07,0,0,0,0,62.3362,61.308,4.28521,0,1,1.38944,1.38944,0,1.08812,1.69344,8.91204e+06,3.61194e+06,1.23828e+07,0,0,0,1.20747e+08
103.506,103.622,3.1919,0.31,0,3.04848,3.04848,0,0.571178,6.16896,4.28834e+06,2.70226e+06,1.30729e+07,0,0,0,0,62.3362,61.308,2.90472,0,1,1.38971,1.38971,0,1.07349,1.69344,8.91204e+06,3.61194e+06,1.23851e+07,0,0,0,1.20747e+08
103.236,103.622,3.06774,0.31,0,3.04905,3.04905,0,0.571285,6.16896,4.28834e+06,2.70226e+06,1.30754e+07,0,0,0,0,62.3362,61.308,3.01169,0,1,1.38997,1.38997,0,1.07369,1.69344,8.91204e+06,3.61194e+06,1.23874e+07,0,0,0,1.20747e+08
102.631,103.622,2.57483,0.3,0,3.00759,3.00759,0,0.571392,6.16896,4.28834e+06,2.70226e+06,1.28976e+07,0,0,0,0,62.3362,61.308,2.40063,0,1,1.36935,1.36935,0,1.07389,1.69344,8.91204e+06,3.61194e+06,1.22037e+07,0,0,0,1.20747e+08
101.861,103.622,2.40551,0.3,0,3.00816,3.00816,0,0.563623,6.16896,4.28834e+06,2.70226e+06,1.29e+07,0,0,0,0,62.3362,61.308,2.56198,0,1,1.36961,1.36961,0,1.05796,1.69344,8.91204e+06,3.61194e+06,1.2206e+07,0,0,0,1.20747e+08
101.426,103.622,2.69622,0.29,0,3.00872,3.00872,0,0.563729,6.16896,4.28834e+06,2.70226e+06,1.29024e+07,0,0,0,0,62.3362,61.308,2.61491,0,1,1.36986,1.36986,0,1.05816,1.69344,8.91204e+06,3.61194e+06,1.22083e+07,0,0,0,1.20747e+08
101.292,103.622,2.99572,0.27,0,3.00928,3.00928,0,0.563834,6.16896,4.28834e+06,2.70226e+06,1.29048e+07,0,0,0,0,62.3362,61.308,2.71803,0,1,1.37012,1.37012,0,1.05836,1.69344,8.91204e+06,3.61194e+06,1.22106e+07,0,0,0,1.20747e+08
100.398,103.622,2.23804,0.22,0,3.15263,3.15263,0,0.56394,6.16896,4.28834e+06,2.70226e+06,1.35195e+07,0,0,0,0,62.3362,61.308,2.52998,0,1,1.44447,1.44447,0,1.05856,1.69344,8.91204e+06,3.61194e+06,1.28731e+07,0,0,0,1.20747e+08
99.5985,103.622,2.29104,0.23,0,3.15322,3.15322,0,0.590802,6.16896,4.28834e+06,2.70226e+06,1.35221e+07,0,0,0,0,62.3362,61.308,2.21405,0,1,1.44474,1.44474,0,1.116,1.69344,8.91204e+06,3.61194e+06,1.28756e+07,0,0,0,1.20747e+08
98.6132,103.622,2.01619,0.2,0,3.15381,3.15381,0,0.590913,6.16896,4.28834e+06,2.70226e+06,1.35246e+07,0,0,0,0,62.3362,61.308,2.17675,0,1,1.44501,1.44501,0,1.1162,1.69344,8.91204e+06,3.61194e+06,1.2878e+07,0,0,0,1.20747e+08
97.618,103.622,2.00787,0.18,0,3.1544,3.1544,0,0.591024,6.16896,4.28834e+06,2.70226e+06,1.35271e+07,0,0,0,0,62.3362,61.308,2.19932,0,1,1.44528,1.44528,0,1.11641,1.69344,8.91204e+06,3.61194e+06,1.28804e+07,0,0,0,1.20747e+08
96.5276,103.622,1.87193,0.16,0,3.15499,3.15499,0,0.591135,6.16896,4.28834e+06,2.70226e+06,1.35297e+07,0,0,0,0,62.3362,61.308,2.10799,0,1,1.44555,1.44555,0,1.11662,1.69344,8.91204e+06,3.61194e+06,1.28828e+07,0,0,0,1.20747e+08
95.6976,103.622,2.03207,0.23,0,3.12732,3.12732,0,0.591246,6.16896,4.28834e+06,2.70226e+06,1.3411e+07,0,0,0,0,62.2785,61.308,2.14005,0,1,1.48658,1.48658,0,1.11683,1.69344,8.91204e+06,3.61194e+06,1.32485e+07,0,0,0,1.20747e+08
94.724,103.622,1.86541,0.23,0,3.12791,3.12791,0,0.58606,6.16896,4.28834e+06,2.70226e+06,1.34135e+07,0,0,0,0,62.2126,61.308,1.8852,0,1,1.48686,1.48686,0,1.14853,1.69344,8.91204e+06,3.61194e+06,1.32509e+07,0,0,0,1.20747e+08
93.6485,103.622,1.71658,0.21,0,3.12849,3.12849,0,0.58617,6.16896,4.28834e+06,2.70226e+06,1.3416e+07,0,0,0,0,62.0381,61.308,1.8518,0,1,1.48714,1.48714,0,1.14875,1.69344,8.91204e+06,3.61194e+06,1.32534e+07,0,0,0,1.20747e+08
92.5055,103.622,1.60855,0.21,0,3.12908,3.12908,0,0.58628,6.16896,4.28834e+06,2.70226e+06,1.34185e+07,0,0,0,0,61.7656,61.308,1.78345,0,1,1.48742,1.48742,0,1.14896,1.69344,8.91204e+06,3.61194e+06,1.32559e+07,0,0,0,1.20747e+08
91.2668,103.622,1.53512,0.21,0,3.20271,3.20271,0,0.58639,6.16896,4.28834e+06,2.70226e+06,1.37343e+07,0,0,0,0,61.4666,61.308,1.74836,0,1,1.52405,1.52405,0,1.14918,1.69344,8.91204e+06,3.61194e+06,1.35824e+07,0,0,0,1.20747e+08
90.1132,103.622,1.54891,0.2,0,3.13619,3.20331,0,0.600187,6.16896,4.28834e+06,2.93465e+06,1.3449e+07,0,0,0,0,61.2102,61.308,1.79272,1,1,1.49239,1.52433,0,1.17748,1.69344,8.91204e+06,3.92256e+06,1.33003e+07,0,0,0,1.20747e+08
88.8374,103.622,1.40941,0.2,0,3.13677,3.20391,0,0.587721,6.16896,4.28834e+06,2.93465e+06,1.34515e+07,0,0,0,0,60.8075,61.308,1.71761,1,1,1.49267,1.52462,0,1.15302,1.69344,8.91204e+06,3.92256e+06,1.33028e+07,0,0,0,1.20747e+08
87.468,103.622,1.2871,0.23,0,3.13736,3.20451,0,0.587831,6.16896,4.28834e+06,2.93465e+06,1.34541e+07,0,0,0,0,60.3716,61.308,1.58527,1,1,1.49295,1.52491,0,1.15324,1.69344,8.91204e+06,3.92256e+06,1.33053e+07,0,0,0,1.20747e+08
85.9352,103.622,1.22842,0.23,0,3.34752,3.41916,0,0.587942,6.16896,4.28834e+06,2.93465e+06,1.43553e+07,0,0,0,0,59.8147,61.308,1.58529,1,1,1.62179,1.6565,0,1.15346,1.69344,8.91204e+06,3.92256e+06,1.44535e+07,0,0,0,1.20747e+08
84.7491,103.622,1.57374,0.23,0,3.34815,3.4198,0,0.627325,6.16896,4.28834e+06,2.93465e+06,1.4358e+07,0,0,0,0,59.5086,61.308,1.63095,1,1,1.6221,1.65681,0,1.253,1.69344,8.91204e+06,3.92256e+06,1.44562e+07,0,0,0,1.20747e+08
83.7459,103.622,1.76548,0.23,0,3.34877,3.42044,0,0.627443,6.16896,4.28834e+06,2.93465e+06,1.43607e+07,0,0,0,0,59.0471,61.308,2.03255,1,1,1.6224,1.65712,0,1.25323,1.69344,8.91204e+06,3.92256e+06,1.44589e+07,0,0,0,1.20747e+08
82.4356,103.622,1.42168,0.23,0,3.3494,3.42109,0,0.62756,6.16896,4.28834e+06,2.93465e+06,1.43634e+07,0,0,0,0,58.6795,61.308,1.46578,1,1,1.62271,1.65743,0,1.25347,1.69344,8.91204e+06,3.92256e+06,1.44616e+07,0,0,0,1.20747e+08
81.4348,103.622,1.74627,0.26,0,3.35003,3.42173,0,0.627678,6.16896,4.28834e+06,2.93465e+06,1.43661e+07,0,0,0,0,58.6574,61.308,2.55207,1,1,1.62301,1.65775,0,1.2537,1.69344,8.91204e+06,3.92256e+06,1.44643e+07,0,0,0,1.20747e+08
80.6225,103.622,1.847,0.26,0,3.24842,3.31795,0,0.627795,6.16896,4.28834e+06,2.93465e+06,1.39303e+07,0,0,0,0,58.4933,61.308,2.8517,1,1,1.54521,1.57828,0,1.25394,1.69344,8.91204e+06,3.92256e+06,1.3771e+07,0,0,0,1.20747e+08
79.6862,103.622,1.81017,0.26,0,3.24903,3.31857,0,0.608755,6.16896,4.28834e+06,2.93465e+06,1.39329e+07,0,0,0,0,58.5223,61.308,3.27613,1,1,1.5455,1.57858,0,1.19383,1.69344,8.91204e+06,3.92256e+06,1.37735e+07,0,0,0,1.20747e+08
79.0008,103.622,2.12008,0.26,0,3.24964,3.31919,0,0.608869,6.16896,4.28834e+06,2.93465e+06,1.39356e+07,0,0,0,0,58.7845,61.308,4.04994,1,1,1.54579,1.57887,0,1.19405,1.69344,8.91204e+06,3.92256e+06,1.37761e+07,0,0,0,1.20747e+08
78.2727,103.622,2.10991,0.25,0,3.25025,3.31981,0,0.608983,6.16896,4.28834e+06,2.93465e+06,1.39382e+07,0,0,0,0,59.0411,61.308,4.02742,1,1,1.54608,1.57917,0,1.19428,1.69344,8.91204e+06,3.92256e+06,1.37787e+07,0,0,0,1.20747e+08
77.2647,103.622,1.92584,0.26,0,3.23466,3.23466,0,0.609097,6.16896,4.28834e+06,2.70226e+06,1.38713e+07,0,0,0,0,59.106,61.308,3.7003,0,1,1.50679,1.50679,0,1.1945,1.69344,8.91204e+06,3.61194e+06,1.34286e+07,0,0,0,1.20747e+08
76.0292,103.622,1.58113,0.26,0,3.23527,3.23527,0,0.606175,6.16896,4.28834e+06,2.70226e+06,1.38739e+07,0,0,0,0,58.8973,61.308,1.61238,0,1,1.50707,1.50707,0,1.16415,1.69344,8.91204e+06,3.61194e+06,1.34311e+07,0,0,0,1.20747e+08
75.5368,103.622,2.39879,0.26,0,3.23587,3.23587,0,0.606289,6.16896,4.28834e+06,2.70226e+06,1.38765e+07,0,0,0,0,58.927,61.308,1.95478,0,1,1.50736,1.50736,0,1.16437,1.69344,8.91204e+06,3.61194e+06,1.34336e+07,0,0,0,1.20747e+08
77.9046,103.622,5.58703,0.27,0,3.23648,3.23648,0,0.606402,6.16896,4.28834e+06,2.70226e+06,1.38791e+07,0,0,0,0,60.0684,61.308,4.98399,0,1,1.50764,1.50764,0,1.16458,1.69344,8.91204e+06,3.61194e+06,1.34361e+07,0,0,0,1.20747e+08
78.6516,103.622,3.56137,0.24,0,2.99329,2.99329,0,0.606516,6.16896,4.28834e+06,2.70226e+06,1.28363e+07,0,0,0,0,60.646,61.308,3.12003,0,1,1.35646,1.35646,0,1.1648,1.69344,8.91204e+06,3.61194e+06,1.20888e+07,0,0,0,1.20747e+08
80.195,103.622,4.51756,0.26,0,2.99385,2.99385,0,0.560943,6.16896,4.28834e+06,2.70226e+06,1.28387e+07,0,0,0,0,61.4426,61.308,3.35057,0,1,1.35671,1.35671,0,1.048,1.69344,8.91204e+06,3.61194e+06,1.2091e+07,0,0,0,1.20747e+08
82.5862,103.622,5.54621,0.25,0,2.99441,2.99441,0,0.561048,6.16896,4.28834e+06,2.70226e+06,1.28411e+07,0,0,0,0,62.3362,61.308,5.83655,0,1,1.35696,1.35696,0,1.04819,1.69344,8.91204e+06,3.61194e+06,1.20933e+07,0,0,0,1.20747e+08
83.2364,103.622,3.69289,0.28,0,2.99498,2.99498,0,0.561153,6.16896,4.28834e+06,2.70226e+06,1.28435e+07,0,0,0,0,62.3362,61.308,5.14317,0,1,1.35722,1.35722,0,1.04839,1.69344,8.91204e+06,3.61194e+06,1.20956e+07,0,0,0,1.20747e+08
85.2102,103.622,5.15948,0.24,0,2.99554,2.99554,0,0.561258,6.16896,4.28834e+06,2.70226e+06,1.28459e+07,0,0,0,0,62.3362,61.308,5.70754,0,1,1.35747,1.35747,0,1.04859,1.69344,8.91204e+06,3.61194e+06,1.20978e+07,0,0,0,1.20747e+08
87.6059,103.622,5.64465,0.25,0,3.08994,3.08994,0,0.561363,6.16896,4.28834e+06,2.70226e+06,1.32507e+07,0,0,0,0,62.3362,61.308,6.13585,0,1,1.40162,1.40162,0,1.04878,1.69344,8.91204e+06,3.61194e+06,1.24913e+07,0,0,0,1.20747e+08
88.0285,103.622,3.64325,0.26,0,3.09049,3.09049,0,0.579055,6.16896,4.28834e+06,2.70226e+06,1.32531e+07,0,0,0,0,62.3362,61.308,3.93587,0,1,1.40187,1.40187,0,1.08289,1.69344,8.91204e+06,3.61194e+06,1.24935e+07,0,0,0,1.20747e+08
90.6719,103.622,6.16487,0.27,0,3.09104,3.09104,0,0.579158,6.16896,4.28834e+06,2.70226e+06,1.32554e+07,0,0,0,0,62.3362,61.308,8.26889,0,1,1.40212,1.40212,0,1.08308,1.69344,8.91204e+06,3.61194e+06,1.24957e+07,0,0,0,1.20747e+08
92.3197,103.622,5.1251,0.21,0,3.09159,3.09159,0,0.579261,6.16896,4.28834e+06,2.70226e+06,1.32578e+07,0,0,0,0,62.3362,61.308,5.46356,0,1,1.40237,1.40237,0,1.08328,1.69344,8.91204e+06,3.61194e+06,1.24979e+07,0,0,0,1.20747e+08
94.242,103.622,5.52932,0.23,0,3.32263,3.39374,0,0.579364,6.16896,4.28834e+06,2.93465e+06,1.42485e+07,0,0,0,0,62.3362,61.308,5.5452,1,1,1.53469,1.56753,0,1.08347,1.69344,8.91204e+06,3.92256e+06,1.36772e+07,0,0,0,1.20747e+08
97.4623,103.622,7.01849,0.25,0,3.32322,3.39434,0,0.62266,6.16896,4.28834e+06,2.93465e+06,1.42511e+07,0,0,0,0,62.3362,61.308,5.47113,1,1,1.53496,1.56781,0,1.1857,1.69344,8.91204e+06,3.92256e+06,1.36796e+07,0,0,0,1.20747e+08
99.6821,103.622,6.23825,0.17,0,3.32381,3.39495,0,0.622771,6.16896,4.28834e+06,2.93465e+06,1.42536e+07,0,0,0,0,62.3362,61.308,5.21827,1,1,1.53523,1.56809,0,1.18591,1.69344,8.91204e+06,3.92256e+06,1.36821e+07,0,0,0,1.20747e+08
101.806,103.622,5.91067,0.17,0,3.3244,3.39555,0,0.622882,6.16896,4.28834e+06,2.93465e+06,1.42561e+07,0,0,0,0,62.3362,61.308,6.56296,1,1,1.53551,1.56837,0,1.18612,1.69344,8.91204e+06,3.92256e+06,1.36845e+07,0,0,0,1.20747e+08
103.235,103.622,5.11286,0.19,0,2.96567,2.96567,0,0.622993,6.16896,4.28834e+06,2.70226e+06,1.27178e+07,0,0,0,0,62.3362,61.308,6.05395,0,1,1.34717,1.34717,0,1.18633,1.69344,8.91204e+06,3.61194e+06,1.2006e+07,0,0,0,1.20747e+08
103.622,103.622,5.58569,0.25,0,2.95894,2.9662,0,0.555766,6.16896,4.28834e+06,2.70226e+06,1.26889e+07,0,0,0,0,62.3362,61.308,6.44414,0,1,1.35466,1.34741,0,1.04082,1.69344,8.91204e+06,3.61194e+06,1.20728e+07,0,0,0,1.20747e+08
103.622,103.622,4.52236,0.26,0,2.95971,2.96672,0,0.554506,6.16896,4.28834e+06,2.70226e+06,1.26922e+07,0,0,0,0,62.3362,61.308,4.17723,0,1,1.35466,1.34765,0,1.04661,1.69344,8.91204e+06,3.61194e+06,1.20728e+07,0,0,0,1.20747e+08
103.601,103.622,3.32723,0.26,0,2.96047,2.96725,0,0.554649,6.16896,4.28834e+06,2.70226e+06,1.26955e+07,0,0,0,0,62.3362,61.308,3.45375,0,1,1.35466,1.34789,0,1.04661,1.69344,8.91204e+06,3.61194e+06,1.20728e+07,0,0,0,1.20747e+08
103.622,103.622,3.31591,0.28,0,2.96124,2.96778,0,0.554793,6.16896,4.28834e+06,2.70226e+06,1.26988e+07,0,0,0,0,62.3362,61.308,2.77272,0,1,1.35466,1.34813,0,1.04661,1.69344,8.91204e+06,3.61194e+06,1.20728e+07,0,0,0,1.20747e+08
103.622,103.622,6.70869,0.3,0,3.07046,3.07676,0,0.554937,6.16896,4.28834e+06,2.70226e+06,1.31672e+07,0,0,0,0,62.3362,61.308,6.89959,0,1,1.40889,1.4026,0,1.04661,1.69344,8.91204e+06,3.61194e+06,1.25561e+07,0,0,0,1.20747e+08
103.622,103.622,5.90724,0.31,0,3.07731,3.07731,0,0.575405,6.16896,4.28834e+06,2.70226e+06,1.31965e+07,0,0,0,0,62.3362,61.308,5.13769,0,1,1.40285,1.40285,0,1.08851,1.69344,8.91204e+06,3.61194e+06,1.25022e+07,0,0,0,1.20747e+08
103.622,103.622,3.91667,0.32,0,3.07785,3.07785,0,0.576687,6.16896,4.28834e+06,2.70226e+06,1.31989e+07,0,0,0,0,62.3362,61.308,3.98262,0,1,1.4031,1.4031,0,1.08384,1.69344,8.91204e+06,3.61194e+06,1.25044e+07,0,0,0,1.20747e+08
103.622,103.622,3.389,0.34,0,3.0784,3.0784,0,0.57679,6.16896,4.28834e+06,2.70226e+06,1.32012e+07,0,0,0,0,62.3362,61.308,3.9056,0,1,1.40335,1.40335,0,1.08403,1.69344,8.91204e+06,3.61194e+06,1.25067e+07,0,0,0,1.20747e+08
103.622,103.622,3.42939,0.32,0,3.03651,3.03651,0,0.576892,6.16896,4.28834e+06,2.70226e+06,1.30216e+07,0,0,0,0,62.3362,61.308,4.03895,0,1,1.38252,1.38252,0,1.08422,1.69344,8.91204e+06,3.61194e+06,1.2321e+07,0,0,0,1.20747e+08
103.622,103.622,3.35811,0.3,0,3.03705,3.03705,0,0.569042,6.16896,4.28834e+06,2.70226e+06,1.30239e+07,0,0,0,0,62.3362,61.308,4.46354,0,1,1.38276,1.38276,0,1.06813,1.69344,8.91204e+06,3.61194e+06,1.23232e+07,0,0,0,1.20747e+08
103.514,103.622,3.02682,0.29,0,3.03759,3.03759,0,0.569144,6.16896,4.28834e+06,2.70226e+06,1.30262e+07,0,0,0,0,62.3362,61.308,4.78472,0,1,1.38301,1.38301,0,1.06832,1.69344,8.91204e+06,3.61194e+06,1.23254e+07,0,0,0,1.20747e+08
103.522,103.622,3.18323,0.28,0,3.03813,3.03813,0,0.569245,6.16896,4.28834e+06,2.70226e+06,1.30285e+07,0,0,0,0,62.3362,61.308,4.00933,0,1,1.38325,1.38325,0,1.06851,1.69344,8.91204e+06,3.61194e+06,1.23276e+07,0,0,0,1.20747e+08
103.407,103.622,3.09447,0.25,0,3.18282,3.18282,0,0.569346,6.16896,4.28834e+06,2.70226e+06,1.3649e+07,0,0,0,0,62.3362,61.308,4.06981,0,1,1.4583,1.4583,0,1.0687,1.69344,8.91204e+06,3.61194e+06,1.29964e+07,0,0,0,1.20747e+08
102.903,103.622,2.62614,0.24,0,3.18338,3.18338,0,0.59646,6.16896,4.28834e+06,2.70226e+06,1.36514e+07,0,0,0,0,62.3362,61.308,3.53341,0,1,1.45856,1.45856,0,1.12668,1.69344,8.91204e+06,3.61194e+06,1.29987e+07,0,0,0,1.20747e+08
102.216,103.622,2.41075,0.22,0,3.18395,3.18395,0,0.596566,6.16896,4.28834e+06,2.70226e+06,1.36538e+07,0,0,0,0,62.3362,61.308,3.19861,0,1,1.45882,1.45882,0,1.12688,1.69344,8.91204e+06,3.61194e+06,1.3001e+07,0,0,0,1.20747e+08
101.433,103.622,2.23794,0.19,0,3.18451,3.18451,0,0.596672,6.16896,4.28834e+06,2.70226e+06,1.36563e+07,0,0,0,0,62.3362,61.308,3.08067,0,1,1.45908,1.45908,0,1.12708,1.69344,8.91204e+06,3.61194e+06,1.30033e+07,0,0,0,1.20747e+08
100.554,103.622,2.12678,0.17,0,3.18508,3.18508,0,0.596778,6.16896,4.28834e+06,2.70226e+06,1.36587e+07,0,0,0,0,62.3362,61.308,2.88813,0,1,1.45934,1.45934,0,1.12728,1.69344,8.91204e+06,3.61194e+06,1.30057e+07,0,0,0,1.20747e+08
99.6302,103.622,1.9591,0.17,0,3.15711,3.15711,0,0.596884,6.16896,4.28834e+06,2.70226e+06,1.35388e+07,0,0,0,0,61.9421,61.308,1.92249,0,1,1.50074,1.50074,0,1.12748,1.69344,8.91204e+06,3.61194e+06,1.33747e+07,0,0,0,1.20747e+08
98.5204,103.622,1.71617,0.17,0,3.15767,3.15767,0,0.591643,6.16896,4.28834e+06,2.70226e+06,1.35412e+07,0,0,0,0,61.4047,61.308,1.58084,0,1,1.50101,1.50101,0,1.15947,1.69344,8.91204e+06,3.61194e+06,1.3377e+07,0,0,0,1.20747e+08
97.307,103.622,1.59212,0.18,0,3.15823,3.15823,0,0.591748,6.16896,4.28834e+06,2.70226e+06,1.35436e+07,0,0,0,0,60.7296,61.308,1.49775,0,1,1.50128,1.50128,0,1.15968,1.69344,8.91204e+06,3.61194e+06,1.33794e+07,0,0,0,1.20747e+08
96.0619,103.622,1.53665,0.17,0,3.1588,3.1588,0,0.591853,6.16896,4.28834e+06,2.70226e+06,1.3546e+07,0,0,0,0,60.0917,61.308,1.35492,0,1,1.50154,1.50154,0,1.15989,1.69344,8.91204e+06,3.61194e+06,1.33818e+07,0,0,0,1.20747e+08
94.9656,103.622,1.6754,0.2,0,3.16534,3.23309,0,0.591958,6.16896,4.28834e+06,2.93465e+06,1.35741e+07,0,0,0,0,59.5383,61.308,1.45801,1,1,1.50627,1.53851,0,1.16009,1.69344,8.91204e+06,3.92256e+06,1.34239e+07,0,0,0,1.20747e+08
93.9272,103.622,1.72468,0.19,0,3.16591,3.23366,0,0.593185,6.16896,4.28834e+06,2.93465e+06,1.35765e+07,0,0,0,0,58.9289,61.308,1.55097,1,1,1.50654,1.53878,0,1.16374,1.69344,8.91204e+06,3.92256e+06,1.34263e+07,0,0,0,1.20747e+08
92.7644,103.622,1.57443,0.19,0,3.16647,3.23424,0,0.593291,6.16896,4.28834e+06,2.93465e+06,1.35789e+07,0,0,0,0,58.2898,61.308,1.431,1,1,1.5068,1.53905,0,1.16395,1.69344,8.91204e+06,3.92256e+06,1.34287e+07,0,0,0,1.20747e+08
91.4438,103.622,1.38712,0.18,0,3.16703,3.23481,0,0.593396,6.16896,4.28834e+06,2.93465e+06,1.35813e+07,0,0,0,0,57.6234,61.308,1.41852,1,1,1.50707,1.53933,0,1.16416,1.69344,8.91204e+06,3.92256e+06,1.34311e+07,0,0,0,1.20747e+08
89.8221,103.622,1.20817,0.19,0,3.37914,3.45146,0,0.593502,6.16896,4.28834e+06,2.93465e+06,1.44909e+07,0,0,0,0,56.5582,61.308,1.37967,1,1,1.63711,1.67215,0,1.16436,1.69344,8.91204e+06,3.92256e+06,1.459e+07,0,0,0,1.20747e+08
88.6157,103.622,1.6534,0.19,0,3.37974,3.45208,0,0.633251,6.16896,4.28834e+06,2.93465e+06,1.44935e+07,0,0,0,0,55.7777,61.308,1.1254,1,1,1.63741,1.67245,0,1.26483,1.69344,8.91204e+06,3.92256e+06,1.45926e+07,0,0,0,1.20747e+08
87.3327,103.622,1.58027,0.22,0,3.38034,3.45269,0,0.633364,6.16896,4.28834e+06,2.93465e+06,1.4496e+07,0,0,0,0,55.1368,61.308,1.3898,1,1,1.6377,1.67275,0,1.26506,1.69344,8.91204e+06,3.92256e+06,1.45952e+07,0,0,0,1.20747e+08
85.9888,103.622,1.48962,0.22,0,3.38094,3.4533,0,0.633476,6.16896,4.28834e+06,2.93465e+06,1.44986e+07,0,0,0,0,54.4651,61.308,1.50129,1,1,1.63799,1.67304,0,1.26528,1.69344,8.91204e+06,3.92256e+06,1.45978e+07,0,0,0,1.20747e+08
84.6313,103.622,1.45228,0.22,0,3.38154,3.45392,0,0.633589,6.16896,4.28834e+06,2.93465e+06,1.45012e+07,0,0,0,0,53.719,61.308,1.48647,1,1,1.63828,1.67334,0,1.26551,1.69344,8.91204e+06,3.92256e+06,1.46004e+07,0,0,0,1.20747e+08
83.6699,103.622,1.7941,0.22,0,3.27895,3.34913,0,0.633701,6.16896,4.28834e+06,2.93465e+06,1.40612e+07,0,0,0,0,53.0569,61.308,1.34813,1,1,1.55973,1.59311,0,1.26573,1.69344,8.91204e+06,3.92256e+06,1.39004e+07,0,0,0,1.20747e+08
83.102,103.622,2.17673,0.22,0,3.27953,3.34972,0,0.614475,6.16896,4.28834e+06,2.93465e+06,1.40637e+07,0,0,0,0,52.6457,61.308,1.41432,1,1,1.56001,1.59339,0,1.20505,1.69344,8.91204e+06,3.92256e+06,1.39028e+07,0,0,0,1.20747e+08
82.1994,103.622,1.85329,0.22,0,3.28011,3.35032,0,0.614584,6.16896,4.28834e+06,2.93465e+06,1.40662e+07,0,0,0,0,52.0502,61.308,2.2924,1,1,1.56028,1.59368,0,1.20526,1.69344,8.91204e+06,3.92256e+06,1.39053e+07,0,0,0,1.20747e+08
81.0406,103.622,1.53096,0.25,0,3.2807,3.35091,0,0.614693,6.16896,4.28834e+06,2.93465e+06,1.40687e+07,0,0,0,0,51.4052,61.308,1.19778,1,1,1.56056,1.59396,0,1.20547,1.69344,8.91204e+06,3.92256e+06,1.39078e+07,0,0,0,1.20747e+08
80.0493,103.622,1.69701,0.25,0,3.26493,3.26493,0,0.614803,6.16896,4.28834e+06,2.70226e+06,1.40011e+07,0,0,0,0,50.7526,61.308,1.45025,0,1,1.52089,1.52089,0,1.20569,1.69344,8.91204e+06,3.61194e+06,1.35542e+07,0,0,0,1.20747e+08
79.6931,103.622,2.38011,0.25,0,3.26551,3.26551,0,0.611847,6.16896,4.28834e+06,2.70226e+06,1.40036e+07,0,0,0,0,50.4173,61.308,1.26408,0,1,1.52116,1.52116,0,1.17504,1.69344,8.91204e+06,3.61194e+06,1.35566e+07,0,0,0,1.20747e+08
81.4915,103.622,4.70586,0.25,0,3.26609,3.26609,0,0.611956,6.16896,4.28834e+06,2.70226e+06,1.40061e+07,0,0,0,0,50.5518,61.308,3.02176,0,1,1.52143,1.52143,0,1.17525,1.69344,8.91204e+06,3.61194e+06,1.35591e+07,0,0,0,1.20747e+08
81.605,103.622,2.98171,0.25,0,3.26667,3.26667,0,0.612065,6.16896,4.28834e+06,2.70226e+06,1.40086e+07,0,0,0,0,50.5548,61.308,2.70003,0,1,1.5217,1.5217,0,1.17546,1.69344,8.91204e+06,3.61194e+06,1.35615e+07,0,0,0,1.20747e+08
83.6603,103.622,5.03315,0.26,0,3.02118,3.02118,0,0.612173,6.16896,4.28834e+06,2.70226e+06,1.29559e+07,0,0,0,0,50.654,61.308,2.51282,0,1,1.36909,1.36909,0,1.17567,1.69344,8.91204e+06,3.61194e+06,1.22014e+07,0,0,0,1.20747e+08
85.2911,103.622,4.49085,0.22,0,3.02172,3.02172,0,0.56617,6.16896,4.28834e+06,2.70226e+06,1.29582e+07,0,0,0,0,50.641,61.308,2.13253,0,1,1.36934,1.36934,0,1.05776,1.69344,8.91204e+06,3.61194e+06,1.22036e+07,0,0,0,1.20747e+08
87.7452,103.622,5.45256,0.22,0,3.02226,3.02226,0,0.56627,6.16896,4.28834e+06,2.70226e+06,1.29605e+07,0,0,0,0,50.8758,61.308,3.10577,0,1,1.36958,1.36958,0,1.05795,1.69344,8.91204e+06,3.61194e+06,1.22058e+07,0,0,0,1.20747e+08
90.3842,103.622,5.7963,0.24,0,3.02279,3.02279,0,0.566371,6.16896,4.28834e+06,2.70226e+06,1.29628e+07,0,0,0,0,51.1136,61.308,2.89767,0,1,1.36982,1.36982,0,1.05814,1.69344,8.91204e+06,3.61194e+06,1.22079e+07,0,0,0,1.20747e+08
90.9868,103.622,3.5595,0.21,0,3.02333,3.02333,0,0.566471,6.16896,4.28834e+06,2.70226e+06,1.29651e+07,0,0,0,0,51.1823,61.308,2.30968,0,1,1.37007,1.37007,0,1.05833,1.69344,8.91204e+06,3.61194e+06,1.22101e+07,0,0,0,1.20747e+08
90.4724,103.622,2.48926,0.2,0,3.11858,3.11858,0,0.566572,6.16896,4.28834e+06,2.70226e+06,1.33735e+07,0,0,0,0,51.0871,61.308,1.92168,0,1,1.41461,1.41461,0,1.05851,1.69344,8.91204e+06,3.61194e+06,1.26071e+07,0,0,0,1.20747e+08
90.4548,103.622,2.95622,0.21,0,3.1191,3.1191,0,0.584422,6.16896,4.28834e+06,2.70226e+06,1.33758e+07,0,0,0,0,50.9412,61.308,2.08338,0,1,1.41485,1.41485,0,1.09293,1.69344,8.91204e+06,3.61194e+06,1.26092e+07,0,0,0,1.20747e+08
89.7008,103.622,2.19371,0.21,0,3.11963,3.11963,0,0.58452,6.16896,4.28834e+06,2.70226e+06,1.3378e+07,0,0,0,0,50.8966,61.308,1.96953,0,1,1.41509,1.41509,0,1.09311,1.69344,8.91204e+06,3.61194e+06,1.26113e+07,0,0,0,1.20747e+08
88.3848,103.622,1.63869,0.3,0,3.12015,3.12015,0,0.584618,6.16896,4.28834e+06,2.70226e+06,1.33803e+07,0,0,0,0,50.8183,61.308,2.21051,0,1,1.41532,1.41532,0,1.09329,1.69344,8.91204e+06,3.61194e+06,1.26134e+07,0,0,0,1.20747e+08
87.08,103.622,1.76813,0.32,0,3.35329,3.42506,0,0.584717,6.16896,4.28834e+06,2.93465e+06,1.438e+07,0,0,0,0,50.5315,61.308,1.93796,1,1,1.54885,1.582,0,1.09348,1.69344,8.91204e+06,3.92256e+06,1.38034e+07,0,0,0,1.20747e+08
86.099,103.622,2.04665,0.33,0,3.35386,3.42564,0,0.628407,6.16896,4.28834e+06,2.93465e+06,1.43825e+07,0,0,0,0,50.2763,61.308,1.94428,1,1,1.54911,1.58227,0,1.19664,1.69344,8.91204e+06,3.92256e+06,1.38057e+07,0,0,0,1.20747e+08
85.7192,103.622,2.71361,0.33,0,3.35442,3.42621,0,0.628513,6.16896,4.28834e+06,2.93465e+06,1.43849e+07,0,0,0,0,50.0719,61.308,2.31443,1,1,1.54937,1.58253,0,1.19684,1.69344,8.91204e+06,3.92256e+06,1.38081e+07,0,0,0,1.20747e+08
85.5501,103.622,2.91215,0.33,0,3.35498,3.42679,0,0.628618,6.16896,4.28834e+06,2.93465e+06,1.43873e+07,0,0,0,0,49.7662,61.308,2.21367,1,1,1.54963,1.5828,0,1.19705,1.69344,8.91204e+06,3.92256e+06,1.38104e+07,0,0,0,1.20747e+08
85.5156,103.622,2.81465,0.34,0,2.99292,2.99292,0,0.628724,6.16896,4.28834e+06,2.70226e+06,1.28347e+07,0,0,0,0,49.8695,61.308,2.10485,0,1,1.35955,1.35955,0,1.19725,1.69344,8.91204e+06,3.61194e+06,1.21164e+07,0,0,0,1.20747e+08
86.7614,103.622,4.48226,0.36,0,2.99343,2.99343,0,0.560874,6.16896,4.28834e+06,2.70226e+06,1.28368e+07,0,0,0,0,50.5462,61.308,3.52537,0,1,1.35978,1.35978,0,1.05039,1.69344,8.91204e+06,3.61194e+06,1.21184e+07,0,0,0,1.20747e+08
87.3999,103.622,3.68056,0.38,0,2.99393,2.99393,0,0.560968,6.16896,4.28834e+06,2.70226e+06,1.2839e+07,0,0,0,0,50.7587,61.308,2.44984,0,1,1.36001,1.36001,0,1.05056,1.69344,8.91204e+06,3.61194e+06,1.21204e+07,0,0,0,1.20747e+08
88.2619,103.622,3.64381,0.42,0,2.68071,2.99443,0,0.561062,6.16896,4.28834e+06,3.52158e+06,1.14958e+07,0,0,0,0,51.1279,61.308,2.25866,0,1,1.21773,1.36024,0,1.05074,1.69344,8.91204e+06,4.70707e+06,1.08524e+07,0,0,0,1.20747e+08
89.2497,103.622,3.80265,0.49,0,2.68116,2.99494,0,0.502365,6.16896,4.28834e+06,3.52158e+06,1.14977e+07,0,0,0,0,51.5566,61.308,2.49515,0,1,1.21793,1.36046,0,0.940815,1.69344,8.91204e+06,4.70707e+06,1.08542e+07,0,0,0,1.20747e+08
91.8853,103.622,5.83375,0.56,0,2.77959,3.10489,0,0.50245,6.16896,4.28834e+06,3.52158e+06,1.19198e+07,0,0,0,0,52.1405,61.308,3.16326,0,1,1.26713,1.41542,0,0.940973,1.69344,8.91204e+06,4.70707e+06,1.12927e+07,0,0,0,1.20747e+08
93.6584,103.622,4.86719,0.47,0,2.78006,3.10541,0,0.520896,6.16896,4.28834e+06,3.52158e+06,1.19218e+07,0,0,0,0,52.6162,61.308,2.82638,0,1,1.26734,1.41566,0,0.978983,1.69344,8.91204e+06,4.70707e+06,1.12946e+07,0,0,0,1.20747e+08
94.8354,103.622,4.1763,0.47,0,2.78053,3.10593,0,0.520983,6.16896,4.28834e+06,3.52158e+06,1.19238e+07,0,0,0,0,52.9676,61.308,2.44872,0,1,1.26755,1.41589,0,0.979147,1.69344,8.91204e+06,4.70707e+06,1.12965e+07,0,0,0,1.20747e+08
95.9641,103.622,4.12556,0.49,0,2.78099,3.10645,0,0.521071,6.16896,4.28834e+06,3.52158e+06,1.19258e+07,0,0,0,0,53.3048,61.308,2.8841,0,1,1.26777,1.41613,0,0.979312,1.69344,8.91204e+06,4.70707e+06,1.12984e+07,0,0,0,1.20747e+08
97.194,103.622,4.20373,0.48,0,2.74313,3.06415,0,0.521158,6.16896,4.28834e+06,3.52158e+06,1.17634e+07,0,0,0,0,53.6888,61.308,2.96237,0,1,1.24894,1.3951,0,0.979476,1.69344,8.91204e+06,4.70707e+06,1.11306e+07,0,0,0,1.20747e+08
97.3637,103.622,3.24816,0.32,0,3.06467,3.06467,0,0.514062,6.16896,4.28834e+06,2.70226e+06,1.31423e+07,0,0,0,0,53.7178,61.308,2.46872,0,1,1.39533,1.39533,0,0.96493,1.69344,8.91204e+06,3.61194e+06,1.24353e+07,0,0,0,1.20747e+08
97.0915,103.622,2.76435,0.31,0,3.06518,3.06518,0,0.574318,6.16896,4.28834e+06,2.70226e+06,1.31445e+07,0,0,0,0,53.5643,61.308,2.22957,0,1,1.39557,1.39557,0,1.07804,1.69344,8.91204e+06,3.61194e+06,1.24374e+07,0,0,0,1.20747e+08
96.6139,103.622,2.55837,0.3,0,3.06569,3.06569,0,0.574415,6.16896,4.28834e+06,2.70226e+06,1.31467e+07,0,0,0,0,53.4677,61.308,1.77578,0,1,1.3958,1.3958,0,1.07822,1.69344,8.91204e+06,3.61194e+06,1.24395e+07,0,0,0,1.20747e+08
96.8513,103.622,3.11907,0.41,0,2.87518,3.21166,0,0.574511,6.16896,4.28834e+06,3.52158e+06,1.23297e+07,0,0,0,0,53.3567,61.308,2.06612,0,1,1.31735,1.47152,0,1.0784,1.69344,8.91204e+06,4.70707e+06,1.17403e+07,0,0,0,1.20747e+08
95.8624,103.622,1.99102,0.27,0,3.2122,3.2122,0,0.538809,6.16896,4.28834e+06,2.70226e+06,1.3775e+07,0,0,0,0,52.983,61.308,1.73074,0,1,1.47176,1.47176,0,1.01778,1.69344,8.91204e+06,3.61194e+06,1.31164e+07,0,0,0,1.20747e+08
94.7297,103.622,1.75602,0.36,0,3.21274,3.21274,0,0.601966,6.16896,4.28834e+06,2.70226e+06,1.37773e+07,0,0,0,0,52.6278,61.308,1.6605,0,1,1.47201,1.47201,0,1.13708,1.69344,8.91204e+06,3.61194e+06,1.31186e+07,0,0,0,1.20747e+08
93.5659,103.622,1.71594,0.31,0,3.21328,3.21328,0,0.602068,6.16896,4.28834e+06,2.70226e+06,1.37796e+07,0,0,0,0,52.2456,61.308,1.67129,0,1,1.47226,1.47226,0,1.13727,1.69344,8.91204e+06,3.61194e+06,1.31208e+07,0,0,0,1.20747e+08
92.3408,103.622,1.62335,0.27,0,3.21382,3.21382,0,0.602169,6.16896,4.28834e+06,2.70226e+06,1.37819e+07,0,0,0,0,51.9937,61.308,1.60633,0,1,1.4725,1.4725,0,1.13747,1.69344,8.91204e+06,3.61194e+06,1.3123e+07,0,0,0,1.20747e+08
91.3259,103.622,1.79805,0.26,0,3.18557,3.18557,0,0.60227,6.16896,4.28834e+06,2.70226e+06,1.36608e+07,0,0,0,0,51.8284,61.308,1.98526,0,1,1.51427,1.51427,0,1.13766,1.69344,8.91204e+06,3.61194e+06,1.34952e+07,0,0,0,1.20747e+08
90.3705,103.622,1.84986,0.24,0,3.18611,3.18611,0,0.596976,6.16896,4.28834e+06,2.70226e+06,1.36631e+07,0,0,0,0,51.6937,61.308,2.03756,0,1,1.51452,1.51452,0,1.16992,1.69344,8.91204e+06,3.61194e+06,1.34975e+07,0,0,0,1.20747e+08
89.2981,103.622,1.72038,0.22,0,3.18664,3.18664,0,0.597076,6.16896,4.28834e+06,2.70226e+06,1.36654e+07,0,0,0,0,51.4825,61.308,2.02043,0,1,1.51478,1.51478,0,1.17012,1.69344,8.91204e+06,3.61194e+06,1.34998e+07,0,0,0,1.20747e+08
88.108,103.622,1.57542,0.27,0,3.18718,3.18718,0,0.597176,6.16896,4.28834e+06,2.70226e+06,1.36677e+07,0,0,0,0,51.1367,61.308,1.79189,0,1,1.51503,1.51503,0,1.17032,1.69344,8.91204e+06,3.61194e+06,1.3502e+07,0,0,0,1.20747e+08
86.8233,103.622,1.42548,0.25,0,3.19375,3.2621,0,0.597277,6.16896,4.28834e+06,2.93465e+06,1.36959e+07,0,0,0,0,50.6875,61.308,1.66834,1,1,1.51979,1.55231,0,1.17051,1.69344,8.91204e+06,3.92256e+06,1.35444e+07,0,0,0,1.20747e+08
85.4368,103.622,1.28592,0.24,0,3.19429,3.26265,0,0.598509,6.16896,4.28834e+06,2.93465e+06,1.36982e+07,0,0,0,0,50.1381,61.308,1.52775,1,1,1.52004,1.55257,0,1.17419,1.69344,8.91204e+06,3.92256e+06,1.35467e+07,0,0,0,1.20747e+08
83.9961,103.622,1.18497,0.25,0,3.19482,3.2632,0,0.59861,6.16896,4.28834e+06,2.93465e+06,1.37005e+07,0,0,0,0,49.4056,61.308,1.46254,1,1,1.5203,1.55283,0,1.17438,1.69344,8.91204e+06,3.92256e+06,1.35489e+07,0,0,0,1.20747e+08
82.484,103.622,1.07906,0.24,0,3.19536,3.26375,0,0.59871,6.16896,4.28834e+06,2.93465e+06,1.37028e+07,0,0,0,0,48.9668,61.308,1.27177,1,1,1.52055,1.5531,0,1.17458,1.69344,8.91204e+06,3.92256e+06,1.35512e+07,0,0,0,1.20747e+08
80.9925,103.622,1.24402,0.29,0,3.40934,3.4823,0,0.598811,6.16896,4.28834e+06,2.93465e+06,1.46204e+07,0,0,0,0,48.5256,61.308,1.66904,1,1,1.65174,1.68709,0,1.17478,1.69344,8.91204e+06,3.92256e+06,1.47204e+07,0,0,0,1.20747e+08
79.5619,103.622,1.27179,0.28,0,3.40991,3.48289,0,0.63891,6.16896,4.28834e+06,2.93465e+06,1.46228e+07,0,0,0,0,48.112,61.308,1.80026,1,1,1.65202,1.68738,0,1.27614,1.69344,8.91204e+06,3.92256e+06,1.47229e+07,0,0,0,1.20747e+08
78.0764,103.622,1.19115,0.27,0,3.41048,3.48347,0,0.639017,6.16896,4.28834e+06,2.93465e+06,1.46253e+07,0,0,0,0,47.7267,61.308,1.6973,1,1,1.6523,1.68766,0,1.27635,1.69344,8.91204e+06,3.92256e+06,1.47253e+07,0,0,0,1.20747e+08
76.8274,103.622,1.44567,0.27,0,3.41105,3.48406,0,0.639124,6.16896,4.28834e+06,2.93465e+06,1.46277e+07,0,0,0,0,47.3539,61.308,1.80496,1,1,1.65257,1.68794,0,1.27657,1.69344,8.91204e+06,3.92256e+06,1.47278e+07,0,0,0,1.20747e+08
75.4509,103.622,1.25278,0.27,0,3.41163,3.48464,0,0.639232,6.16896,4.28834e+06,2.93465e+06,1.46302e+07,0,0,0,0,46.9829,61.308,1.76414,1,1,1.65285,1.68823,0,1.27678,1.69344,8.91204e+06,3.92256e+06,1.47303e+07,0,0,0,1.20747e+08
74.1196,103.622,1.26876,0.28,0,3.30809,3.37889,0,0.639339,6.16896,4.28834e+06,2.93465e+06,1.41862e+07,0,0,0,0,46.6151,61.308,2.29446,1,1,1.57359,1.60727,0,1.27699,1.69344,8.91204e+06,3.92256e+06,1.40239e+07,0,0,0,1.20747e+08
73.0408,103.622,1.60221,0.29,0,3.30864,3.37946,0,0.619936,6.16896,4.28834e+06,2.93465e+06,1.41886e+07,0,0,0,0,46.3662,61.308,3.22691,1,1,1.57385,1.60754,0,1.21576,1.69344,8.91204e+06,3.92256e+06,1.40262e+07,0,0,0,1.20747e+08
71.8461,103.622,1.50589,0.29,0,3.3092,3.38002,0,0.62004,6.16896,4.28834e+06,2.93465e+06,1.4191e+07,0,0,0,0,46.2857,61.308,3.85014,1,1,1.57412,1.60781,0,1.21596,1.69344,8.91204e+06,3.92256e+06,1.40286e+07,0,0,0,1.20747e+08
70.8283,103.622,1.72633,0.29,0,3.30976,3.38059,0,0.620144,6.16896,4.28834e+06,2.93465e+06,1.41933e+07,0,0,0,0,46.5047,61.308,5.31433,1,1,1.57438,1.60808,0,1.21616,1.69344,8.91204e+06,3.92256e+06,1.4031e+07,0,0,0,1.20747e+08
69.9648,103.622,1.74922,0.29,0,3.2248,3.29381,0,0.620248,6.16896,4.28834e+06,2.93465e+06,1.3829e+07,0,0,0,0,46.5943,61.308,4.00953,1,1,1.5022,1.53435,0,1.21637,1.69344,8.91204e+06,3.92256e+06,1.33876e+07,0,0,0,1.20747e+08
69.1935,103.622,1.91889,0.29,0,3.22534,3.29437,0,0.604327,6.16896,4.28834e+06,2.93465e+06,1.38313e+07,0,0,0,0,47.2165,61.308,3.66483,1,1,1.50245,1.53461,0,1.1606,1.69344,8.91204e+06,3.92256e+06,1.33899e+07,0,0,0,1.20747e+08
69.6415,103.622,3.27164,0.29,0,3.22588,3.29492,0,0.604428,6.16896,4.28834e+06,2.93465e+06,1.38337e+07,0,0,0,0,48.3841,61.308,4.87788,1,1,1.5027,1.53486,0,1.16079,1.69344,8.91204e+06,3.92256e+06,1.33921e+07,0,0,0,1.20747e+08
70.4524,103.622,4.03848,0.3,0,3.22642,3.29547,0,0.60453,6.16896,4.28834e+06,2.93465e+06,1.3836e+07,0,0,0,0,49.6158,61.308,6.09389,1,1,1.50295,1.53512,0,1.16099,1.69344,8.91204e+06,3.92256e+06,1.33944e+07,0,0,0,1.20747e+08
70.3015,103.622,2.76059,0.31,0,3.0478,3.0478,0,0.604631,6.16896,4.28834e+06,2.70226e+06,1.307e+07,0,0,0,0,50.7281,61.308,5.53378,0,1,1.38115,1.38115,0,1.16118,1.69344,8.91204e+06,3.61194e+06,1.23089e+07,0,0,0,1.20747e+08
70.8737,103.622,3.65483,0.31,0,3.04831,3.04831,0,0.571157,6.16896,4.28834e+06,2.70226e+06,1.30722e+07,0,0,0,0,51.6917,61.308,4.77319,0,1,1.38139,1.38139,0,1.06708,1.69344,8.91204e+06,3.61194e+06,1.2311e+07,0,0,0,1.20747e+08
72.0894,103.622,4.32765,0.31,0,3.04882,3.04882,0,0.571253,6.16896,4.28834e+06,2.70226e+06,1.30744e+07,0,0,0,0,53.5008,61.308,7.57737,0,1,1.38162,1.38162,0,1.06726,1.69344,8.91204e+06,3.61194e+06,1.2313e+07,0,0,0,1.20747e+08
71.8322,103.622,2.7186,0.32,0,3.04933,3.04933,0,0.571349,6.16896,4.28834e+06,2.70226e+06,1.30766e+07,0,0,0,0,55.1797,61.308,7.17862,0,1,1.38185,1.38185,0,1.06744,1.69344,8.91204e+06,3.61194e+06,1.23151e+07,0,0,0,1.20747e+08
72.7277,103.622,4.05509,0.34,0,3.04984,3.04984,0,0.571445,6.16896,4.28834e+06,2.70226e+06,1.30788e+07,0,0,0,0,57.5912,61.308,9.2879,0,1,1.38208,1.38208,0,1.06762,1.69344,8.91204e+06,3.61194e+06,1.23172e+07,0,0,0,1.20747e+08
73.8312,103.622,4.11178,0.36,0,3.04984,3.04984,0,0.57154,6.16896,4.28834e+06,2.70226e+06,1.30788e+07,0,0,0,0,58.9767,61.308,6.09492,0,1,1.38208,1.38208,0,1.0678,1.69344,8.91204e+06,3.61194e+06,1.23172e+07,0,0,0,1.20747e+08
76.4939,103.622,5.83311,0.37,0,3.1459,3.1459,0,0.57154,6.16896,4.28834e+06,2.70226e+06,1.34907e+07,0,0,0,0,60.9898,61.308,7.82405,0,1,1.427,1.427,0,1.0678,1.69344,8.91204e+06,3.61194e+06,1.27175e+07,0,0,0,1.20747e+08
78.1278,103.622,4.71932,0.35,0,3.1464,3.1464,0,0.589541,6.16896,4.28834e+06,2.70226e+06,1.34928e+07,0,0,0,0,62.3362,61.308,6.11954,0,1,1.42723,1.42723,0,1.1025,1.69344,8.91204e+06,3.61194e+06,1.27195e+07,0,0,0,1.20747e+08
80.5594,103.622,5.73811,0.36,0,3.1469,3.1469,0,0.589635,6.16896,4.28834e+06,2.70226e+06,1.34949e+07,0,0,0,0,62.3362,61.308,5.77507,0,1,1.42745,1.42745,0,1.10268,1.69344,8.91204e+06,3.61194e+06,1.27215e+07,0,0,0,1.20747e+08
81.6989,103.622,4.26881,0.36,0,3.14739,3.14739,0,0.589728,6.16896,4.28834e+06,2.70226e+06,1.34971e+07,0,0,0,0,62.3362,61.308,5.13426,0,1,1.42768,1.42768,0,1.10285,1.69344,8.91204e+06,3.61194e+06,1.27235e+07,0,0,0,1.20747e+08
85.108,103.622,7.30215,0.38,0,3.38254,3.45493,0,0.589822,6.16896,4.28834e+06,2.93465e+06,1.45055e+07,0,0,0,0,62.3362,61.308,7.85595,1,1,1.56236,1.5958,0,1.10303,1.69344,8.91204e+06,3.92256e+06,1.39238e+07,0,0,0,1.20747e+08
86.4549,103.622,4.86079,0.36,0,3.38307,3.45548,0,0.633888,6.16896,4.28834e+06,2.93465e+06,1.45078e+07,0,0,0,0,62.3362,61.308,5.19578,1,1,1.56261,1.59605,0,1.20708,1.69344,8.91204e+06,3.92256e+06,1.3926e+07,0,0,0,1.20747e+08
88.2445,103.622,5.18717,0.36,0,3.38361,3.45603,0,0.633988,6.16896,4.28834e+06,2.93465e+06,1.45101e+07,0,0,0,0,62.3362,61.308,4.64923,1,1,1.56286,1.5963,0,1.20727,1.69344,8.91204e+06,3.92256e+06,1.39282e+07,0,0,0,1.20747e+08
88.8619,103.622,4.06851,0.37,0,3.38415,3.45657,0,0.634089,6.16896,4.28834e+06,2.93465e+06,1.45124e+07,0,0,0,0,62.3362,61.308,4.19372,1,1,1.5631,1.59656,0,1.20746,1.69344,8.91204e+06,3.92256e+06,1.39304e+07,0,0,0,1.20747e+08
92.9594,103.622,7.54638,0.38,0,3.01891,3.01891,0,0.634189,6.16896,4.28834e+06,2.70226e+06,1.29461e+07,0,0,0,0,62.3362,61.308,6.40381,0,1,1.37135,1.37135,0,1.20765,1.69344,8.91204e+06,3.61194e+06,1.22216e+07,0,0,0,1.20747e+08
95.593,103.622,6.08421,0.35,0,3.01939,3.01939,0,0.565744,6.16896,4.28834e+06,2.70226e+06,1.29482e+07,0,0,0,0,62.3362,61.308,4.56098,0,1,1.37157,1.37157,0,1.05951,1.69344,8.91204e+06,3.61194e+06,1.22235e+07,0,0,0,1.20747e+08
96.561,103.622,4.30654,0.37,0,3.01987,3.01987,0,0.565833,6.16896,4.28834e+06,2.70226e+06,1.29502e+07,0,0,0,0,62.3362,61.308,3.52091,0,1,1.37179,1.37179,0,1.05968,1.69344,8.91204e+06,3.61194e+06,1.22254e+07,0,0,0,1.20747e+08
99.2853,103.622,5.85349,0.4,0,2.70391,3.02035,0,0.565923,6.16896,4.28834e+06,3.52158e+06,1.15953e+07,0,0,0,0,62.3362,61.308,4.41156,0,1,1.22826,1.37201,0,1.05984,1.69344,8.91204e+06,4.70707e+06,1.09463e+07,0,0,0,1.20747e+08
101.712,103.622,5.83207,0.34,0,3.02082,3.02082,0,0.506713,6.16896,4.28834e+06,2.70226e+06,1.29543e+07,0,0,0,0,62.3362,61.308,3.71523,0,1,1.37222,1.37222,0,0.948957,1.69344,8.91204e+06,3.61194e+06,1.22293e+07,0,0,0,1.20747e+08
103.622,103.622,7.9018,0.35,0,3.1317,3.1317,0,0.566103,6.16896,4.28834e+06,2.70226e+06,1.34298e+07,0,0,0,0,62.3362,61.308,7.74594,0,1,1.42764,1.42764,0,1.06018,1.69344,8.91204e+06,3.61194e+06,1.27232e+07,0,0,0,1.20747e+08
103.622,103.622,6.8701,0.38,0,3.13219,3.13219,0,0.58688,6.16896,4.28834e+06,2.70226e+06,1.34319e+07,0,0,0,0,62.3362,61.308,8.6186,0,1,1.42787,1.42787,0,1.10299,1.69344,8.91204e+06,3.61194e+06,1.27252e+07,0,0,0,1.20747e+08
103.622,103.622,4.92545,0.39,0,3.06705,3.13269,0,0.586973,6.16896,4.28834e+06,2.93465e+06,1.31525e+07,0,0,0,0,62.3362,61.308,6.07673,0,1,1.39817,1.42809,0,1.10317,1.69344,8.91204e+06,3.92256e+06,1.24605e+07,0,0,0,1.20747e+08
103.622,103.622,4.70207,0.38,0,3.13318,3.13318,0,0.574765,6.16896,4.28834e+06,2.70226e+06,1.34362e+07,0,0,0,0,62.3362,61.308,5.16021,0,1,1.42832,1.42832,0,1.08023,1.69344,8.91204e+06,3.61194e+06,1.27292e+07,0,0,0,1.20747e+08
103.622,103.622,4.47103,0.35,0,3.09049,3.09049,0,0.587159,6.16896,4.28834e+06,2.70226e+06,1.32531e+07,0,0,0,0,62.3362,61.308,4.33465,0,1,1.40709,1.40709,0,1.10352,1.69344,8.91204e+06,3.61194e+06,1.25401e+07,0,0,0,1.20747e+08
103.622,103.622,3.5708,0.34,0,3.09098,3.09098,0,0.579158,6.16896,4.28834e+06,2.70226e+06,1.32552e+07,0,0,0,0,62.3362,61.308,3.60898,0,1,1.40732,1.40732,0,1.08712,1.69344,8.91204e+06,3.61194e+06,1.25421e+07,0,0,0,1.20747e+08
103.622,103.622,3.18602,0.33,0,3.09147,3.09147,0,0.57925,6.16896,4.28834e+06,2.70226e+06,1.32573e+07,0,0,0,0,62.3362,61.308,2.98234,0,1,1.40754,1.40754,0,1.08729,1.69344,8.91204e+06,3.61194e+06,1.2544e+07,0,0,0,1.20747e+08
103.622,103.622,3.74551,0.31,0,3.09196,3.09196,0,0.579342,6.16896,4.28834e+06,2.70226e+06,1.32594e+07,0,0,0,0,62.3362,61.308,3.19422,0,1,1.40776,1.40776,0,1.08747,1.69344,8.91204e+06,3.61194e+06,1.2546e+07,0,0,0,1.20747e+08
103.622,103.622,3.39351,0.29,0,3.23915,3.23915,0,0.579433,6.16896,4.28834e+06,2.70226e+06,1.38906e+07,0,0,0,0,62.3362,61.308,3.43016,0,1,1.48411,1.48411,0,1.08764,1.69344,8.91204e+06,3.61194e+06,1.32264e+07,0,0,0,1.20747e+08
103.596,103.622,3.15361,0.28,0,3.23966,3.23966,0,0.607016,6.16896,4.28834e+06,2.70226e+06,1.38928e+07,0,0,0,0,62.3362,61.308,3.07626,0,1,1.48434,1.48434,0,1.14662,1.69344,8.91204e+06,3.61194e+06,1.32285e+07,0,0,0,1.20747e+08
103.318,103.622,2.87467,0.24,0,3.24017,3.24017,0,0.607112,6.16896,4.28834e+06,2.70226e+06,1.3895e+07,0,0,0,0,62.3362,61.308,2.55,0,1,1.48458,1.48458,0,1.1468,1.69344,8.91204e+06,3.61194e+06,1.32306e+07,0,0,0,1.20747e+08
102.754,103.622,2.55616,0.21,0,3.24069,3.24069,0,0.607208,6.16896,4.28834e+06,2.70226e+06,1.38972e+07,0,0,0,0,62.3212,61.308,2.64489,0,1,1.48481,1.48481,0,1.14699,1.69344,8.91204e+06,3.61194e+06,1.32327e+07,0,0,0,1.20747e+08
101.986,103.622,2.21107,0.22,0,3.2412,3.2412,0,0.607305,6.16896,4.28834e+06,2.70226e+06,1.38994e+07,0,0,0,0,61.7909,61.308,2.08192,0,1,1.48505,1.48505,0,1.14717,1.69344,8.91204e+06,3.61194e+06,1.32348e+07,0,0,0,1.20747e+08
101.027,103.622,1.87184,0.2,0,3.14536,3.21268,0,0.607401,6.16896,4.28834e+06,2.93465e+06,1.34884e+07,0,0,0,0,61.0353,61.308,1.32468,1,1,1.49516,1.52716,0,1.14735,1.69344,8.91204e+06,3.92256e+06,1.33249e+07,0,0,0,1.20747e+08
99.9094,103.622,1.6936,0.2,0,3.14586,3.21319,0,0.589441,6.16896,4.28834e+06,2.93465e+06,1.34905e+07,0,0,0,0,60.2347,61.308,1.18766,1,1,1.49539,1.5274,0,1.15516,1.69344,8.91204e+06,3.92256e+06,1.3327e+07,0,0,0,1.20747e+08
98.76,103.622,1.61429,0.2,0,3.14636,3.2137,0,0.589534,6.16896,4.28834e+06,2.93465e+06,1.34926e+07,0,0,0,0,59.339,61.308,1.15151,1,1,1.49563,1.52764,0,1.15534,1.69344,8.91204e+06,3.92256e+06,1.33291e+07,0,0,0,1.20747e+08
97.4831,103.622,1.45576,0.2,0,3.14686,3.21421,0,0.589628,6.16896,4.28834e+06,2.93465e+06,1.34948e+07,0,0,0,0,58.4039,61.308,1.11143,1,1,1.49587,1.52788,0,1.15552,1.69344,8.91204e+06,3.92256e+06,1.33312e+07,0,0,0,1.20747e+08
96.2088,103.622,1.48737,0.19,0,3.22081,3.28974,0,0.589721,6.16896,4.28834e+06,2.93465e+06,1.38119e+07,0,0,0,0,57.4129,61.308,1.12865,1,1,1.53266,1.56546,0,1.15571,1.69344,8.91204e+06,3.92256e+06,1.36591e+07,0,0,0,1.20747e+08
94.7928,103.622,1.32764,0.21,0,3.22132,3.29026,0,0.603579,6.16896,4.28834e+06,2.93465e+06,1.38141e+07,0,0,0,0,56.3792,61.308,1.06623,1,1,1.5329,1.56571,0,1.18413,1.69344,8.91204e+06,3.92256e+06,1.36613e+07,0,0,0,1.20747e+08
93.2902,103.622,1.21782,0.2,0,3.22183,3.29078,0,0.603675,6.16896,4.28834e+06,2.93465e+06,1.38163e+07,0,0,0,0,55.3267,61.308,1.00168,1,1,1.53315,1.56596,0,1.18432,1.69344,8.91204e+06,3.92256e+06,1.36635e+07,0,0,0,1.20747e+08
91.6649,103.622,1.05887,0.21,0,3.22234,3.2913,0,0.603771,6.16896,4.28834e+06,2.93465e+06,1.38185e+07,0,0,0,0,54.2107,61.308,0.994259,1,1,1.53339,1.56621,0,1.18451,1.69344,8.91204e+06,3.92256e+06,1.36656e+07,0,0,0,1.20747e+08
89.8414,103.622,0.989517,0.21,0,3.43809,3.51167,0,0.603866,6.16896,4.28834e+06,2.93465e+06,1.47437e+07,0,0,0,0,52.9162,61.308,0.912669,1,1,1.66567,1.70132,0,1.1847,1.69344,8.91204e+06,3.92256e+06,1.48445e+07,0,0,0,1.20747e+08
87.9871,103.622,0.934416,0.21,0,3.43863,3.51223,0,0.644298,6.16896,4.28834e+06,2.93465e+06,1.4746e+07,0,0,0,0,51.6659,61.308,0.831135,1,1,1.66594,1.70159,0,1.2869,1.69344,8.91204e+06,3.92256e+06,1.48469e+07,0,0,0,1.20747e+08
86.2757,103.622,1.07081,0.24,0,3.43918,3.51278,0,0.6444,6.16896,4.28834e+06,2.93465e+06,1.47484e+07,0,0,0,0,50.4125,61.308,0.879702,1,1,1.6662,1.70186,0,1.2871,1.69344,8.91204e+06,3.92256e+06,1.48492e+07,0,0,0,1.20747e+08
84.5801,103.622,1.04348,0.24,0,3.43972,3.51334,0,0.644502,6.16896,4.28834e+06,2.93465e+06,1.47507e+07,0,0,0,0,49.3018,61.308,0.871193,1,1,1.66646,1.70213,0,1.28731,1.69344,8.91204e+06,3.92256e+06,1.48516e+07,0,0,0,1.20747e+08
83.2474,103.622,1.42733,0.24,0,3.44027,3.5139,0,0.644604,6.16896,4.28834e+06,2.93465e+06,1.4753e+07,0,0,0,0,48.9352,61.308,1.13788,1,1,1.66673,1.7024,0,1.28751,1.69344,8.91204e+06,3.92256e+06,1.48539e+07,0,0,0,1.20747e+08
82.3922,103.622,1.8771,0.24,0,3.33583,3.40722,0,0.644706,6.16896,4.28834e+06,2.93465e+06,1.43052e+07,0,0,0,0,48.7701,61.308,2.36759,1,1,1.58679,1.62075,0,1.28771,1.69344,8.91204e+06,3.92256e+06,1.41415e+07,0,0,0,1.20747e+08
81.3521,103.622,1.6595,0.27,0,3.33636,3.40776,0,0.625134,6.16896,4.28834e+06,2.93465e+06,1.43074e+07,0,0,0,0,48.0739,61.308,1.43686,1,1,1.58704,1.621,0,1.22595,1.69344,8.91204e+06,3.92256e+06,1.41437e+07,0,0,0,1.20747e+08
80.0705,103.622,1.38812,0.27,0,3.33688,3.4083,0,0.625233,6.16896,4.28834e+06,2.93465e+06,1.43097e+07,0,0,0,0,47.4906,61.308,1.27265,1,1,1.58729,1.62126,0,1.22614,1.69344,8.91204e+06,3.92256e+06,1.4146e+07,0,0,0,1.20747e+08
79.7875,103.622,2.56362,0.27,0,3.33741,3.40884,0,0.625332,6.16896,4.28834e+06,2.93465e+06,1.4312e+07,0,0,0,0,47.5955,61.308,1.75364,1,1,1.58754,1.62152,0,1.22634,1.69344,8.91204e+06,3.92256e+06,1.41482e+07,0,0,0,1.20747e+08
78.8866,103.622,1.92581,0.27,0,3.25171,3.32131,0,0.625431,6.16896,4.28834e+06,2.93465e+06,1.39444e+07,0,0,0,0,47.7479,61.308,2.33785,1,1,1.51474,1.54715,0,1.22653,1.69344,8.91204e+06,3.92256e+06,1.34994e+07,0,0,0,1.20747e+08
77.5685,103.622,1.45277,0.2,0,3.25223,3.32183,0,0.609371,6.16896,4.28834e+06,2.93465e+06,1.39467e+07,0,0,0,0,47.751,61.308,1.95695,1,1,1.51498,1.5474,0,1.17029,1.69344,8.91204e+06,3.92256e+06,1.35015e+07,0,0,0,1.20747e+08
78.142,103.622,3.38222,0.14,0,3.25274,3.32236,0,0.609468,6.16896,4.28834e+06,2.93465e+06,1.39489e+07,0,0,0,0,48.1226,61.308,2.88782,1,1,1.51522,1.54764,0,1.17047,1.69344,8.91204e+06,3.92256e+06,1.35037e+07,0,0,0,1.20747e+08
81.9724,103.622,7.10526,0.14,0,3.25326,3.32289,0,0.609564,6.16896,4.28834e+06,2.93465e+06,1.39511e+07,0,0,0,0,49.1821,61.308,4.45012,1,1,1.51546,1.54789,0,1.17066,1.69344,8.91204e+06,3.92256e+06,1.35058e+07,0,0,0,1.20747e+08
81.9894,103.622,2.84759,0.15,0,3.07312,3.07312,0,0.609661,6.16896,4.28834e+06,2.70226e+06,1.31786e+07,0,0,0,0,49.505,61.308,2.35199,0,1,1.39263,1.39263,0,1.17084,1.69344,8.91204e+06,3.61194e+06,1.24112e+07,0,0,0,1.20747e+08
82.0904,103.622,2.92608,0.15,0,3.07361,3.07361,0,0.575903,6.16896,4.28834e+06,2.70226e+06,1.31807e+07,0,0,0,0,49.8201,61.308,2.48157,0,1,1.39285,1.39285,0,1.07595,1.69344,8.91204e+06,3.61194e+06,1.24131e+07,0,0,0,1.20747e+08
82.1746,103.622,2.97316,0.16,0,3.07409,3.07409,0,0.575994,6.16896,4.28834e+06,2.70226e+06,1.31827e+07,0,0,0,0,50.4059,61.308,3.10681,0,1,1.39307,1.39307,0,1.07612,1.69344,8.91204e+06,3.61194e+06,1.24151e+07,0,0,0,1.20747e+08
83.1379,103.622,3.90253,0.15,0,3.07458,3.07458,0,0.576085,6.16896,4.28834e+06,2.70226e+06,1.31848e+07,0,0,0,0,51.2237,61.308,3.404,0,1,1.39329,1.39329,0,1.07629,1.69344,8.91204e+06,3.61194e+06,1.24171e+07,0,0,0,1.20747e+08
86.5054,103.622,6.62708,0,0,3.07507,3.07507,0,0.576176,6.16896,4.28834e+06,2.70226e+06,1.31869e+07,0,0,0,0,52.7484,61.308,4.6692,0,1,1.39351,1.39351,0,1.07646,1.69344,8.91204e+06,3.61194e+06,1.2419e+07,0,0,0,1.20747e+08
88.3259,103.622,5.03951,0,0,3.17189,3.17189,0,0.576267,6.16896,4.28834e+06,2.70226e+06,1.36021e+07,0,0,0,0,53.5857,61.308,3.41531,0,1,1.43879,1.43879,0,1.07663,1.69344,8.91204e+06,3.61194e+06,1.28225e+07,0,0,0,1.20747e+08
90.1222,103.622,5.07124,0,0,3.17236,3.17236,0,0.594411,6.16896,4.28834e+06,2.70226e+06,1.36041e+07,0,0,0,0,54.5517,61.308,3.66948,0,1,1.439,1.439,0,1.11161,1.69344,8.91204e+06,3.61194e+06,1.28245e+07,0,0,0,1.20747e+08
91.607,103.622,4.75525,0,0,3.17283,3.17283,0,0.5945,6.16896,4.28834e+06,2.70226e+06,1.36062e+07,0,0,0,0,55.6581,61.308,3.99523,0,1,1.43922,1.43922,0,1.11177,1.69344,8.91204e+06,3.61194e+06,1.28264e+07,0,0,0,1.20747e+08
94.5896,103.622,6.39754,0,0,3.1733,3.1733,0,0.594589,6.16896,4.28834e+06,2.70226e+06,1.36082e+07,0,0,0,0,56.3463,61.308,3.31342,0,1,1.43943,1.43943,0,1.11194,1.69344,8.91204e+06,3.61194e+06,1.28283e+07,0,0,0,1.20747e+08
94.8618,103.622,3.81514,0,0,3.41035,3.48334,0,0.594677,6.16896,4.28834e+06,2.93465e+06,1.46247e+07,0,0,0,0,56.8002,61.308,3.0212,1,1,1.57521,1.60892,0,1.11211,1.69344,8.91204e+06,3.92256e+06,1.40383e+07,0,0,0,1.20747e+08
95.0789,103.622,3.68733,0,0,3.41086,3.48386,0,0.6391,6.16896,4.28834e+06,2.93465e+06,1.46269e+07,0,0,0,0,57.5802,61.308,3.53396,1,1,1.57544,1.60916,0,1.21701,1.69344,8.91204e+06,3.92256e+06,1.40404e+07,0,0,0,1.20747e+08
96.7395,103.622,5.26646,0,0,3.41137,3.48438,0,0.639195,6.16896,4.28834e+06,2.93465e+06,1.46291e+07,0,0,0,0,58.5258,61.308,4.11969,1,1,1.57568,1.6094,0,1.21719,1.69344,8.91204e+06,3.92256e+06,1.40425e+07,0,0,0,1.20747e+08
97.7333,103.622,4.57307,0,0,3.41188,3.4849,0,0.639291,6.16896,4.28834e+06,2.93465e+06,1.46313e+07,0,0,0,0,58.9789,61.308,2.94876,1,1,1.57591,1.60964,0,1.21737,1.69344,8.91204e+06,3.92256e+06,1.40446e+07,0,0,0,1.20747e+08
99.3781,103.622,5.20841,0,0,3.04362,3.04362,0,0.639386,6.16896,4.28834e+06,2.70226e+06,1.30521e+07,0,0,0,0,59.9197,61.308,3.48068,0,1,1.38258,1.38258,0,1.21755,1.69344,8.91204e+06,3.61194e+06,1.23216e+07,0,0,0,1.20747e+08
100.364,103.622,4.40005,0,0,3.04407,3.04407,0,0.570374,6.16896,4.28834e+06,2.70226e+06,1.3054e+07,0,0,0,0,60.468,61.308,3.0964,0,1,1.38279,1.38279,0,1.06818,1.69344,8.91204e+06,3.61194e+06,1.23234e+07,0,0,0,1.20747e+08
101.931,103.622,4.89234,0,0,3.04453,3.04453,0,0.570459,6.16896,4.28834e+06,2.70226e+06,1.3056e+07,0,0,0,0,61.4887,61.308,3.92087,0,1,1.38299,1.38299,0,1.06834,1.69344,8.91204e+06,3.61194e+06,1.23253e+07,0,0,0,1.20747e+08
103.242,103.622,4.6068,0,0,3.04498,3.04498,0,0.570544,6.16896,4.28834e+06,2.70226e+06,1.30579e+07,0,0,0,0,62.2486,61.308,3.2378,0,1,1.3832,1.3832,0,1.0685,1.69344,8.91204e+06,3.61194e+06,1.23271e+07,0,0,0,1.20747e+08
103.622,103.622,3.71333,0,0,3.04544,3.04544,0,0.570629,6.16896,4.28834e+06,2.70226e+06,1.30599e+07,0,0,0,0,62.3362,61.308,3.43665,0,1,1.3834,1.3834,0,1.06866,1.69344,8.91204e+06,3.61194e+06,1.23289e+07,0,0,0,1.20747e+08
103.478,103.622,3.20412,0,0,3.15718,3.15718,0,0.570715,6.16896,4.28834e+06,2.70226e+06,1.3539e+07,0,0,0,0,62.3362,61.308,3.51402,0,1,1.43926,1.43926,0,1.06882,1.69344,8.91204e+06,3.61194e+06,1.28267e+07,0,0,0,1.20747e+08
102.78,103.622,2.57592,0,0,3.15765,3.15765,0,0.591655,6.16896,4.28834e+06,2.70226e+06,1.35411e+07,0,0,0,0,62.3362,61.308,2.87954,0,1,1.43947,1.43947,0,1.11197,1.69344,8.91204e+06,3.61194e+06,1.28286e+07,0,0,0,1.20747e+08
102.083,103.622,2.5261,0,0,3.15812,3.15812,0,0.591744,6.16896,4.28834e+06,2.70226e+06,1.35431e+07,0,0,0,0,62.3362,61.308,2.74263,0,1,1.43969,1.43969,0,1.11214,1.69344,8.91204e+06,3.61194e+06,1.28305e+07,0,0,0,1.20747e+08
101.337,103.622,2.41506,0,0,3.15859,3.15859,0,0.591832,6.16896,4.28834e+06,2.70226e+06,1.35451e+07,0,0,0,0,62.1028,61.308,2.57064,0,1,1.4399,1.4399,0,1.1123,1.69344,8.91204e+06,3.61194e+06,1.28325e+07,0,0,0,1.20747e+08
100.396,103.622,2.12276,0,0,3.11552,3.11552,0,0.59192,6.16896,4.28834e+06,2.70226e+06,1.33604e+07,0,0,0,0,61.9493,61.308,2.05751,0,1,1.41849,1.41849,0,1.11247,1.69344,8.91204e+06,3.61194e+06,1.26416e+07,0,0,0,1.20747e+08
99.3216,103.622,1.91123,0,0,3.11599,3.11599,0,0.583849,6.16896,4.28834e+06,2.70226e+06,1.33624e+07,0,0,0,0,61.8145,61.308,1.83774,0,1,1.4187,1.4187,0,1.09593,1.69344,8.91204e+06,3.61194e+06,1.26435e+07,0,0,0,1.20747e+08
98.2397,103.622,1.85342,0,0,3.11645,3.11645,0,0.583936,6.16896,4.28834e+06,2.70226e+06,1.33644e+07,0,0,0,0,61.6095,61.308,1.91729,0,1,1.41891,1.41891,0,1.09609,1.69344,8.91204e+06,3.61194e+06,1.26454e+07,0,0,0,1.20747e+08
97.0521,103.622,1.72257,0,0,3.11692,3.11692,0,0.584023,6.16896,4.28834e+06,2.70226e+06,1.33664e+07,0,0,0,0,61.3119,61.308,1.79264,0,1,1.41912,1.41912,0,1.09625,1.69344,8.91204e+06,3.61194e+06,1.26473e+07,0,0,0,1.20747e+08
95.7095,103.622,1.61443,0,0,3.26526,3.26526,0,0.58411,6.16896,4.28834e+06,2.70226e+06,1.40025e+07,0,0,0,0,60.8606,61.308,1.78541,0,1,1.49607,1.49607,0,1.09642,1.69344,8.91204e+06,3.61194e+06,1.33331e+07,0,0,0,1.20747e+08
94.2744,103.622,1.47829,0,0,3.26575,3.26575,0,0.61191,6.16896,4.28834e+06,2.70226e+06,1.40046e+07,0,0,0,0,60.3043,61.308,1.5749,0,1,1.4963,1.4963,0,1.15587,1.69344,8.91204e+06,3.61194e+06,1.3335e+07,0,0,0,1.20747e+08
92.7151,103.622,1.32341,0,0,3.26623,3.26623,0,0.612001,6.16896,4.28834e+06,2.70226e+06,1.40067e+07,0,0,0,0,59.6693,61.308,1.43868,0,1,1.49652,1.49652,0,1.15604,1.69344,8.91204e+06,3.61194e+06,1.3337e+07,0,0,0,1.20747e+08
91.1582,103.622,1.24601,0,0,3.26672,3.26672,0,0.612092,6.16896,4.28834e+06,2.70226e+06,1.40088e+07,0,0,0,0,59.1125,61.308,1.38351,0,1,1.49674,1.49674,0,1.15621,1.69344,8.91204e+06,3.61194e+06,1.3339e+07,0,0,0,1.20747e+08
89.6544,103.622,1.2933,0,0,3.26721,3.26721,0,0.612183,6.16896,4.28834e+06,2.70226e+06,1.40109e+07,0,0,0,0,58.8479,61.308,1.53455,0,1,1.49696,1.49696,0,1.15638,1.69344,8.91204e+06,3.61194e+06,1.3341e+07,0,0,0,1.20747e+08
88.2688,103.622,1.34436,0,0,3.17057,3.23843,0,0.612274,6.16896,4.28834e+06,2.93465e+06,1.35965e+07,0,0,0,0,58.6444,61.308,1.86503,1,1,1.50714,1.53939,0,1.15655,1.69344,8.91204e+06,3.92256e+06,1.34317e+07,0,0,0,1.20747e+08
86.8969,103.622,1.3427,0,0,3.17104,3.23891,0,0.594165,6.16896,4.28834e+06,2.93465e+06,1.35985e+07,0,0,0,0,58.4407,61.308,1.95067,1,1,1.50736,1.53962,0,1.16442,1.69344,8.91204e+06,3.92256e+06,1.34337e+07,0,0,0,1.20747e+08
85.5027,103.622,1.29347,0,0,3.17151,3.23939,0,0.594253,6.16896,4.28834e+06,2.93465e+06,1.36005e+07,0,0,0,0,58.1617,61.308,1.94378,1,1,1.50759,1.53985,0,1.16459,1.69344,8.91204e+06,3.92256e+06,1.34357e+07,0,0,0,1.20747e+08
84.0209,103.622,1.15274,0,0,3.17199,3.23987,0,0.594342,6.16896,4.28834e+06,2.93465e+06,1.36025e+07,0,0,0,0,57.6431,61.308,1.73715,1,1,1.50781,1.54008,0,1.16476,1.69344,8.91204e+06,3.92256e+06,1.34377e+07,0,0,0,1.20747e+08
82.5261,103.622,1.15335,0,0,3.2465,3.31598,0,0.59443,6.16896,4.28834e+06,2.93465e+06,1.39221e+07,0,0,0,0,57.199,61.308,1.64248,1,1,1.54489,1.57795,0,1.16494,1.69344,8.91204e+06,3.92256e+06,1.37681e+07,0,0,0,1.20747e+08
80.9666,103.622,1.04226,0,0,3.24698,3.31647,0,0.608394,6.16896,4.28834e+06,2.93465e+06,1.39241e+07,0,0,0,0,56.5189,61.308,1.566,1,1,1.54512,1.57819,0,1.19358,1.69344,8.91204e+06,3.92256e+06,1.37701e+07,0,0,0,1.20747e+08
79.3517,103.622,0.947983,0,0,3.24747,3.31697,0,0.608484,6.16896,4.28834e+06,2.93465e+06,1.39262e+07,0,0,0,0,56.0483,61.308,1.3628,1,1,1.54535,1.57842,0,1.19376,1.69344,8.91204e+06,3.92256e+06,1.37722e+07,0,0,0,1.20747e+08
77.8407,103.622,1.05162,0,0,3.24795,3.31746,0,0.608575,6.16896,4.28834e+06,2.93465e+06,1.39283e+07,0,0,0,0,55.6138,61.308,1.68252,1,1,1.54558,1.57866,0,1.19394,1.69344,8.91204e+06,3.92256e+06,1.37742e+07,0,0,0,1.20747e+08
76.1226,103.622,0.951496,0,0,3.46538,3.53955,0,0.608666,6.16896,4.28834e+06,2.93465e+06,1.48607e+07,0,0,0,0,54.878,61.308,1.59199,1,1,1.6789,1.71483,0,1.19411,1.69344,8.91204e+06,3.92256e+06,1.49624e+07,0,0,0,1.20747e+08
74.416,103.622,0.956413,0,0,3.4659,3.54008,0,0.649413,6.16896,4.28834e+06,2.93465e+06,1.48629e+07,0,0,0,0,54.1139,61.308,1.41433,1,1,1.67915,1.71508,0,1.29711,1.69344,8.91204e+06,3.92256e+06,1.49646e+07,0,0,0,1.20747e+08
72.5317,103.622,0.712338,0,0,3.46641,3.5406,0,0.649509,6.16896,4.28834e+06,2.93465e+06,1.48651e+07,0,0,0,0,53.2422,61.308,1.31479,1,1,1.6794,1.71534,0,1.29731,1.69344,8.91204e+06,3.92256e+06,1.49668e+07,0,0,0,1.20747e+08
70.7109,103.622,0.739791,0,0,3.46693,3.54113,0,0.649606,6.16896,4.28834e+06,2.93465e+06,1.48674e+07,0,0,0,0,52.7457,61.308,1.28426,1,1,1.67965,1.71559,0,1.2975,1.69344,8.91204e+06,3.92256e+06,1.49691e+07,0,0,0,1.20747e+08
68.8499,103.622,0.670489,0,0,3.46745,3.54166,0,0.649703,6.16896,4.28834e+06,2.93465e+06,1.48696e+07,0,0,0,0,52.116,61.308,2.02452,1,1,1.6799,1.71585,0,1.29769,1.69344,8.91204e+06,3.92256e+06,1.49713e+07,0,0,0,1.20747e+08
67.2087,103.622,0.828823,0,0,3.36215,3.43411,0,0.649799,6.16896,4.28834e+06,2.93465e+06,1.4418e+07,0,0,0,0,51.4011,61.308,1.26363,1,1,1.59931,1.63353,0,1.29789,1.69344,8.91204e+06,3.92256e+06,1.42531e+07,0,0,0,1.20747e+08
65.4598,103.622,0.713021,0,0,3.36265,3.43462,0,0.630067,6.16896,4.28834e+06,2.93465e+06,1.44202e+07,0,0,0,0,51.0138,61.308,1.39028,1,1,1.59954,1.63378,0,1.23562,1.69344,8.91204e+06,3.92256e+06,1.42552e+07,0,0,0,1.20747e+08
63.8666,103.622,0.869338,0,0,3.36315,3.43513,0,0.630161,6.16896,4.28834e+06,2.93465e+06,1.44223e+07,0,0,0,0,50.8452,61.308,1.98267,1,1,1.59978,1.63402,0,1.23581,1.69344,8.91204e+06,3.92256e+06,1.42573e+07,0,0,0,1.20747e+08
62.2678,103.622,0.790664,0,0,3.36365,3.43564,0,0.630255,6.16896,4.28834e+06,2.93465e+06,1.44245e+07,0,0,0,0,50.3265,61.308,1.85701,1,1,1.60002,1.63426,0,1.23599,1.69344,8.91204e+06,3.92256e+06,1.42594e+07,0,0,0,1.20747e+08
61.1047,103.622,1.1612,0,0,3.27725,3.34739,0,0.630349,6.16896,4.28834e+06,2.93465e+06,1.4054e+07,0,0,0,0,49.9387,61.308,1.31512,1,1,1.52663,1.5593,0,1.23618,1.69344,8.91204e+06,3.92256e+06,1.36054e+07,0,0,0,1.20747e+08
60.5858,103.622,1.93319,0,0,3.27774,3.34789,0,0.614157,6.16896,4.28834e+06,2.93465e+06,1.4056e+07,0,0,0,0,49.9234,61.308,3.38833,1,1,1.52686,1.55954,0,1.17948,1.69344,8.91204e+06,3.92256e+06,1.36074e+07,0,0,0,1.20747e+08
62.3531,103.622,4.48056,0,0,3.27823,3.34839,0,0.614248,6.16896,4.28834e+06,2.93465e+06,1.40581e+07,0,0,0,0,50.7782,61.308,5.79941,1,1,1.52709,1.55977,0,1.17965,1.69344,8.91204e+06,3.92256e+06,1.36094e+07,0,0,0,1.20747e+08
62.4301,103.622,2.62275,0,0,3.27871,3.34889,0,0.61434,6.16896,4.28834e+06,2.93465e+06,1.40602e+07,0,0,0,0,50.9525,61.308,2.79639,1,1,1.52731,1.56,0,1.17983,1.69344,8.91204e+06,3.92256e+06,1.36115e+07,0,0,0,1.20747e+08
62.2132,103.622,2.19401,0,0,3.09714,3.09714,0,0.614431,6.16896,4.28834e+06,2.70226e+06,1.32816e+07,0,0,0,0,51.0379,61.308,3.39457,0,1,1.40351,1.40351,0,1.18,1.69344,8.91204e+06,3.61194e+06,1.25082e+07,0,0,0,1.20747e+08
62.3941,103.622,2.61755,0,0,3.0976,3.0976,0,0.580403,6.16896,4.28834e+06,2.70226e+06,1.32835e+07,0,0,0,0,50.9928,61.308,3.61971,0,1,1.40372,1.40372,0,1.08435,1.69344,8.91204e+06,3.61194e+06,1.251e+07,0,0,0,1.20747e+08
62.8201,103.622,2.83102,0,0,3.09806,3.09806,0,0.58049,6.16896,4.28834e+06,2.70226e+06,1.32855e+07,0,0,0,0,50.8525,61.308,2.3216,0,1,1.40393,1.40393,0,1.08452,1.69344,8.91204e+06,3.61194e+06,1.25119e+07,0,0,0,1.20747e+08
64.1473,103.622,3.82246,0,0,3.09852,3.09852,0,0.580576,6.16896,4.28834e+06,2.70226e+06,1.32875e+07,0,0,0,0,51.3588,61.308,3.29183,0,1,1.40414,1.40414,0,1.08468,1.69344,8.91204e+06,3.61194e+06,1.25137e+07,0,0,0,1.20747e+08
64.7191,103.622,3.08993,0,0,3.09898,3.09898,0,0.580663,6.16896,4.28834e+06,2.70226e+06,1.32895e+07,0,0,0,0,51.8827,61.308,3.78428,0,1,1.40435,1.40435,0,1.08484,1.69344,8.91204e+06,3.61194e+06,1.25156e+07,0,0,0,1.20747e+08
66.1489,103.622,4.16149,0,0,3.19652,3.19652,0,0.580749,6.16896,4.28834e+06,2.70226e+06,1.37078e+07,0,0,0,0,51.9991,61.308,3.91237,0,1,1.44997,1.44997,0,1.085,1.69344,8.91204e+06,3.61194e+06,1.29221e+07,0,0,0,1.20747e+08
69.2723,103.622,6.10852,0,0,3.19697,3.19697,0,0.599029,6.16896,4.28834e+06,2.70226e+06,1.37097e+07,0,0,0,0,52.4231,61.308,4.12318,0,1,1.45017,1.45017,0,1.12024,1.69344,8.91204e+06,3.61194e+06,1.2924e+07,0,0,0,1.20747e+08
71.6616,103.622,5.41547,0,0,3.19742,3.19742,0,0.599112,6.16896,4.28834e+06,2.70226e+06,1.37116e+07,0,0,0,0,53.1027,61.308,5.5661,0,1,1.45037,1.45037,0,1.1204,1.69344,8.91204e+06,3.61194e+06,1.29258e+07,0,0,0,1.20747e+08
76.7049,103.622,8.42086,0,0,3.19786,3.19786,0,0.599196,6.16896,4.28834e+06,2.70226e+06,1.37135e+07,0,0,0,0,54.6103,61.308,8.42194,0,1,1.45057,1.45057,0,1.12056,1.69344,8.91204e+06,3.61194e+06,1.29276e+07,0,0,0,1.20747e+08
80.2517,103.622,7.0301,0,0,3.43671,3.51027,0,0.59928,6.16896,4.28834e+06,2.93465e+06,1.47378e+07,0,0,0,0,55.3427,61.308,6.75249,1,1,1.58738,1.62136,0,1.12071,1.69344,8.91204e+06,3.92256e+06,1.41468e+07,0,0,0,1.20747e+08
81.3098,103.622,4.50825,0,0,3.43719,3.51076,0,0.64404,6.16896,4.28834e+06,2.93465e+06,1.47398e+07,0,0,0,0,55.7394,61.308,5.08953,1,1,1.5876,1.62158,0,1.22641,1.69344,8.91204e+06,3.92256e+06,1.41488e+07,0,0,0,1.20747e+08
82.8545,103.622,4.93319,0,0,3.43767,3.51125,0,0.64413,6.16896,4.28834e+06,2.93465e+06,1.47419e+07,0,0,0,0,56.4766,61.308,6.15994,1,1,1.58783,1.62181,0,1.22658,1.69344,8.91204e+06,3.92256e+06,1.41508e+07,0,0,0,1.20747e+08
86.3702,103.622,7.08835,0,0,3.43815,3.51174,0,0.64422,6.16896,4.28834e+06,2.93465e+06,1.4744e+07,0,0,0,0,57.3706,61.308,7.31129,1,1,1.58805,1.62204,0,1.22675,1.69344,8.91204e+06,3.92256e+06,1.41527e+07,0,0,0,1.20747e+08
90.4107,103.622,7.5236,0,0,3.06703,3.06703,0,0.64431,6.16896,4.28834e+06,2.70226e+06,1.31525e+07,0,0,0,0,58.4174,61.308,6.42376,0,1,1.39321,1.39321,0,1.22693,1.69344,8.91204e+06,3.61194e+06,1.24164e+07,0,0,0,1.20747e+08
94.5174,103.622,8.02181,0,0,3.06746,3.06746,0,0.574761,6.16896,4.28834e+06,2.70226e+06,1.31543e+07,0,0,0,0,60.2379,61.308,9.53029,0,1,1.39341,1.39341,0,1.0764,1.69344,8.91204e+06,3.61194e+06,1.24181e+07,0,0,0,1.20747e+08
98.9684,103.622,8.47816,0,0,3.06789,3.06789,0,0.574842,6.16896,4.28834e+06,2.70226e+06,1.31561e+07,0,0,0,0,62.095,61.308,8.78337,0,1,1.3936,1.3936,0,1.07655,1.69344,8.91204e+06,3.61194e+06,1.24198e+07,0,0,0,1.20747e+08
103.622,103.622,9.38752,0,0,3.06831,3.06831,0,0.574922,6.16896,4.28834e+06,2.70226e+06,1.3158e+07,0,0,0,0,62.3362,61.308,10.1405,0,1,1.3938,1.3938,0,1.0767,1.69344,8.91204e+06,3.61194e+06,1.24216e+07,0,0,0,1.20747e+08
103.622,103.622,7.54601,0,0,3.06874,3.06874,0,0.575002,6.16896,4.28834e+06,2.70226e+06,1.31598e+07,0,0,0,0,62.3362,61.308,7.82889,0,1,1.39399,1.39399,0,1.07685,1.69344,8.91204e+06,3.61194e+06,1.24233e+07,0,0,0,1.20747e+08
103.622,103.622,5.33283,0,0,3.18131,3.18131,0,0.575082,6.16896,4.28834e+06,2.70226e+06,1.36425e+07,0,0,0,0,62.3362,61.308,6.11616,0,1,1.45026,1.45026,0,1.077,1.69344,8.91204e+06,3.61194e+06,1.29248e+07,0,0,0,1.20747e+08
103.622,103.622,4.77538,0,0,3.18176,3.18176,0,0.596178,6.16896,4.28834e+06,2.70226e+06,1.36444e+07,0,0,0,0,62.3362,61.308,5.50276,0,1,1.45046,1.45046,0,1.12047,1.69344,8.91204e+06,3.61194e+06,1.29266e+07,0,0,0,1.20747e+08
103.622,103.622,4.50873,0,0,3.1822,3.1822,0,0.596261,6.16896,4.28834e+06,2.70226e+06,1.36463e+07,0,0,0,0,62.3362,61.308,5.27119,0,1,1.45066,1.45066,0,1.12063,1.69344,8.91204e+06,3.61194e+06,1.29284e+07,0,0,0,1.20747e+08
103.622,103.622,3.84929,0,0,3.18264,3.18264,0,0.596344,6.16896,4.28834e+06,2.70226e+06,1.36483e+07,0,0,0,0,62.3362,61.308,4.45883,0,1,1.45087,1.45087,0,1.12078,1.69344,8.91204e+06,3.61194e+06,1.29302e+07,0,0,0,1.20747e+08
103.622,103.622,4.62633,0,0,3.13922,3.13922,0,0.596428,6.16896,4.28834e+06,2.70226e+06,1.3462e+07,0,0,0,0,62.3362,61.308,5.68037,0,1,1.42928,1.42928,0,1.12094,1.69344,8.91204e+06,3.61194e+06,1.27378e+07,0,0,0,1.20747e+08
103.622,103.622,3.65854,0,0,3.13966,3.13966,0,0.588289,6.16896,4.28834e+06,2.70226e+06,1.34639e+07,0,0,0,0,62.3362,61.308,4.4572,0,1,1.42948,1.42948,0,1.10426,1.69344,8.91204e+06,3.61194e+06,1.27396e+07,0,0,0,1.20747e+08
103.622,103.622,3.17488,0,0,3.14009,3.14009,0,0.588372,6.16896,4.28834e+06,2.70226e+06,1.34658e+07,0,0,0,0,62.3362,61.308,4.01862,0,1,1.42968,1.42968,0,1.10441,1.69344,8.91204e+06,3.61194e+06,1.27413e+07,0,0,0,1.20747e+08
103.622,103.622,3.24878,0,0,3.14053,3.14053,0,0.588454,6.16896,4.28834e+06,2.70226e+06,1.34677e+07,0,0,0,0,62.3362,61.308,3.33264,0,1,1.42988,1.42988,0,1.10457,1.69344,8.91204e+06,3.61194e+06,1.27431e+07,0,0,0,1.20747e+08
103.622,103.622,3.34258,0,0,3.28997,3.28997,0,0.588536,6.16896,4.28834e+06,2.70226e+06,1.41085e+07,0,0,0,0,62.3362,61.308,3.734,0,1,1.50739,1.50739,0,1.10472,1.69344,8.91204e+06,3.61194e+06,1.3434e+07,0,0,0,1.20747e+08
103.5,103.622,2.91999,0,0,3.29043,3.29043,0,0.61654,6.16896,4.28834e+06,2.70226e+06,1.41105e+07,0,0,0,0,62.3362,61.308,3.58309,0,1,1.5076,1.5076,0,1.16461,1.69344,8.91204e+06,3.61194e+06,1.34358e+07,0,0,0,1.20747e+08
103.34,103.622,2.86398,0,0,3.29089,3.29089,0,0.616626,6.16896,4.28834e+06,2.70226e+06,1.41124e+07,0,0,0,0,62.3362,61.308,3.63482,0,1,1.50782,1.50782,0,1.16478,1.69344,8.91204e+06,3.61194e+06,1.34377e+07,0,0,0,1.20747e+08
102.901,103.622,2.57286,0,0,3.29135,3.29135,0,0.616712,6.16896,4.28834e+06,2.70226e+06,1.41144e+07,0,0,0,0,62.3362,61.308,3.70671,0,1,1.50803,1.50803,0,1.16494,1.69344,8.91204e+06,3.61194e+06,1.34396e+07,0,0,0,1.20747e+08
102.429,103.622,2.57172,0,0,3.29181,3.29181,0,0.616798,6.16896,4.28834e+06,2.70226e+06,1.41164e+07,0,0,0,0,62.3362,61.308,3.74177,0,1,1.50824,1.50824,0,1.1651,1.69344,8.91204e+06,3.61194e+06,1.34415e+07,0,0,0,1.20747e+08
102.107,103.622,2.71419,0,0,3.19441,3.26278,0,0.616884,6.16896,4.28834e+06,2.93465e+06,1.36987e+07,0,0,0,0,62.3362,61.308,3.96389,1,1,1.51847,1.55097,0,1.16526,1.69344,8.91204e+06,3.92256e+06,1.35327e+07,0,0,0,1.20747e+08
101.573,103.622,2.47502,0,0,3.19486,3.26323,0,0.598633,6.16896,4.28834e+06,2.93465e+06,1.37006e+07,0,0,0,0,62.3362,61.308,3.5722,1,1,1.51868,1.55119,0,1.17317,1.69344,8.91204e+06,3.92256e+06,1.35346e+07,0,0,0,1.20747e+08
100.968,103.622,2.34132,0,0,3.1953,3.26369,0,0.598716,6.16896,4.28834e+06,2.93465e+06,1.37025e+07,0,0,0,0,62.3362,61.308,3.51903,1,1,1.5189,1.5514,0,1.17334,1.69344,8.91204e+06,3.92256e+06,1.35365e+07,0,0,0,1.20747e+08
100.142,103.622,2.09878,0,0,3.19575,3.26414,0,0.5988,6.16896,4.28834e+06,2.93465e+06,1.37044e+07,0,0,0,0,62.3362,61.308,3.42747,1,1,1.51911,1.55162,0,1.1735,1.69344,8.91204e+06,3.92256e+06,1.35383e+07,0,0,0,1.20747e+08
99.2505,103.622,2.07909,0,0,3.27079,3.34079,0,0.598883,6.16896,4.28834e+06,2.93465e+06,1.40262e+07,0,0,0,0,62.3362,61.308,3.1997,1,1,1.55645,1.58976,0,1.17366,1.69344,8.91204e+06,3.92256e+06,1.38711e+07,0,0,0,1.20747e+08
98.3703,103.622,2.13319,0,0,3.27124,3.34126,0,0.612946,6.16896,4.28834e+06,2.93465e+06,1.40282e+07,0,0,0,0,62.2998,61.308,3.36904,1,1,1.55666,1.58998,0,1.20251,1.69344,8.91204e+06,3.92256e+06,1.3873e+07,0,0,0,1.20747e+08
97.3858,103.622,1.97265,0,0,3.2717,3.34172,0,0.613031,6.16896,4.28834e+06,2.93465e+06,1.40302e+07,0,0,0,0,62.207,61.308,3.26518,1,1,1.55688,1.5902,0,1.20268,1.69344,8.91204e+06,3.92256e+06,1.3875e+07,0,0,0,1.20747e+08
96.2623,103.622,1.80053,0,0,3.27216,3.34219,0,0.613117,6.16896,4.28834e+06,2.93465e+06,1.40321e+07,0,0,0,0,62.0763,61.308,2.83992,1,1,1.5571,1.59042,0,1.20285,1.69344,8.91204e+06,3.92256e+06,1.38769e+07,0,0,0,1.20747e+08
95.239,103.622,2.11217,0,0,3.49118,3.5659,0,0.613202,6.16896,4.28834e+06,2.93465e+06,1.49713e+07,0,0,0,0,61.8789,61.308,3.6627,1,1,1.69139,1.72759,0,1.20301,1.69344,8.91204e+06,3.92256e+06,1.50738e+07,0,0,0,1.20747e+08
94.3892,103.622,2.31501,0,0,3.49166,3.56639,0,0.654247,6.16896,4.28834e+06,2.93465e+06,1.49734e+07,0,0,0,0,61.7031,61.308,3.90686,1,1,1.69163,1.72783,0,1.30677,1.69344,8.91204e+06,3.92256e+06,1.50759e+07,0,0,0,1.20747e+08
93.1658,103.622,1.88022,0,0,3.49215,3.56689,0,0.654338,6.16896,4.28834e+06,2.93465e+06,1.49755e+07,0,0,0,0,61.2969,61.308,2.73655,1,1,1.69186,1.72807,0,1.30695,1.69344,8.91204e+06,3.92256e+06,1.5078e+07,0,0,0,1.20747e+08
92.3435,103.622,2.36175,0,0,3.49264,3.56739,0,0.654429,6.16896,4.28834e+06,2.93465e+06,1.49776e+07,0,0,0,0,61.3187,61.308,5.06657,1,1,1.6921,1.72831,0,1.30713,1.69344,8.91204e+06,3.92256e+06,1.50801e+07,0,0,0,1.20747e+08
91.0643,103.622,1.84924,0,0,3.49313,3.56789,0,0.65452,6.16896,4.28834e+06,2.93465e+06,1.49797e+07,0,0,0,0,61.0442,61.308,3.33545,1,1,1.69234,1.72856,0,1.30732,1.69344,8.91204e+06,3.92256e+06,1.50822e+07,0,0,0,1.20747e+08
89.9418,103.622,1.98014,0,0,3.38702,3.45951,0,0.654612,6.16896,4.28834e+06,2.93465e+06,1.45247e+07,0,0,0,0,61.1581,61.308,4.56384,1,1,1.61114,1.64562,0,1.3075,1.69344,8.91204e+06,3.92256e+06,1.43585e+07,0,0,0,1.20747e+08
87.9408,103.622,0.932057,0,0,3.38749,3.45999,0,0.634727,6.16896,4.28834e+06,2.93465e+06,1.45267e+07,0,0,0,0,60.8627,61.308,2.386,1,1,1.61136,1.64585,0,1.24476,1.69344,8.91204e+06,3.92256e+06,1.43605e+07,0,0,0,1.20747e+08
86.1297,103.622,1.14425,0,0,3.38796,3.46047,0,0.634816,6.16896,4.28834e+06,2.93465e+06,1.45287e+07,0,0,0,0,60.7124,61.308,2.61146,1,1,1.61158,1.64608,0,1.24494,1.69344,8.91204e+06,3.92256e+06,1.43625e+07,0,0,0,1.20747e+08
85.8986,103.622,3.01326,0,0,3.38844,3.46096,0,0.634904,6.16896,4.28834e+06,2.93465e+06,1.45308e+07,0,0,0,0,61.0639,61.308,5.95213,1,1,1.61181,1.64631,0,1.24511,1.69344,8.91204e+06,3.92256e+06,1.43645e+07,0,0,0,1.20747e+08
85.8224,103.622,2.9557,0,0,3.30136,3.37202,0,0.634993,6.16896,4.28834e+06,2.93465e+06,1.41574e+07,0,0,0,0,61.0608,61.308,2.74326,1,1,1.53786,1.57078,0,1.24528,1.69344,8.91204e+06,3.92256e+06,1.37055e+07,0,0,0,1.20747e+08
85.5366,103.622,2.69711,0,0,3.30183,3.37249,0,0.618676,6.16896,4.28834e+06,2.93465e+06,1.41593e+07,0,0,0,0,60.8436,61.308,1.87356,1,1,1.53808,1.571,0,1.18815,1.69344,8.91204e+06,3.92256e+06,1.37074e+07,0,0,0,1.20747e+08
86.0199,103.622,3.65375,0,0,3.30229,3.37296,0,0.618762,6.16896,4.28834e+06,2.93465e+06,1.41613e+07,0,0,0,0,61.2476,61.308,4.6436,1,1,1.53829,1.57122,0,1.18832,1.69344,8.91204e+06,3.92256e+06,1.37093e+07,0,0,0,1.20747e+08
91.8865,103.622,9.57328,0,0,3.30275,3.37343,0,0.618848,6.16896,4.28834e+06,2.93465e+06,1.41633e+07,0,0,0,0,62.3362,61.308,8.96333,1,1,1.53851,1.57144,0,1.18849,1.69344,8.91204e+06,3.92256e+06,1.37112e+07,0,0,0,1.20747e+08
93.6099,103.622,4.88309,0,0,3.11981,3.11981,0,0.618935,6.16896,4.28834e+06,2.70226e+06,1.33788e+07,0,0,0,0,62.3362,61.308,2.96924,0,1,1.41379,1.41379,0,1.18865,1.69344,8.91204e+06,3.61194e+06,1.25997e+07,0,0,0,1.20747e+08
95.4127,103.622,4.99036,0,0,3.12024,3.12024,0,0.584652,6.16896,4.28834e+06,2.70226e+06,1.33807e+07,0,0,0,0,62.3362,61.308,3.28438,0,1,1.41398,1.41398,0,1.09229,1.69344,8.91204e+06,3.61194e+06,1.26015e+07,0,0,0,1.20747e+08
98.2649,103.622,6.19767,0,0,3.12068,3.12068,0,0.584734,6.16896,4.28834e+06,2.70226e+06,1.33825e+07,0,0,0,0,62.3362,61.308,4.43641,0,1,1.41418,1.41418,0,1.09244,1.69344,8.91204e+06,3.61194e+06,1.26032e+07,0,0,0,1.20747e+08
100.233,103.622,5.32501,0,0,3.12111,3.12111,0,0.584815,6.16896,4.28834e+06,2.70226e+06,1.33844e+07,0,0,0,0,62.3362,61.308,3.00478,0,1,1.41438,1.41438,0,1.0926,1.69344,8.91204e+06,3.61194e+06,1.2605e+07,0,0,0,1.20747e+08
102.694,103.622,5.78967,0,0,3.12155,3.12155,0,0.584897,6.16896,4.28834e+06,2.70226e+06,1.33863e+07,0,0,0,0,62.3362,61.308,3.83458,0,1,1.41458,1.41458,0,1.09275,1.69344,8.91204e+06,3.61194e+06,1.26068e+07,0,0,0,1.20747e+08
103.622,103.622,6.94355,0,0,3.21977,3.21977,0,0.584978,6.16896,4.28834e+06,2.70226e+06,1.38075e+07,0,0,0,0,62.3362,61.308,3.79468,0,1,1.46051,1.46051,0,1.0929,1.69344,8.91204e+06,3.61194e+06,1.30161e+07,0,0,0,1.20747e+08
103.622,103.622,5.32389,0,0,3.22019,3.22019,0,0.603385,6.16896,4.28834e+06,2.70226e+06,1.38093e+07,0,0,0,0,62.3362,61.308,3.21334,0,1,1.4607,1.4607,0,1.12839,1.69344,8.91204e+06,3.61194e+06,1.30178e+07,0,0,0,1.20747e+08
103.622,103.622,4.1851,0,0,3.22061,3.22061,0,0.603464,6.16896,4.28834e+06,2.70226e+06,1.38111e+07,0,0,0,0,62.3362,61.308,2.82298,0,1,1.46089,1.46089,0,1.12854,1.69344,8.91204e+06,3.61194e+06,1.30195e+07,0,0,0,1.20747e+08
103.622,103.622,4.25738,0,0,3.22103,3.22103,0,0.603542,6.16896,4.28834e+06,2.70226e+06,1.38129e+07,0,0,0,0,62.3362,61.308,2.75643,0,1,1.46108,1.46108,0,1.12868,1.69344,8.91204e+06,3.61194e+06,1.30212e+07,0,0,0,1.20747e+08
103.622,103.622,5.52007,0,0,3.46158,3.53566,0,0.603621,6.16896,4.28834e+06,2.93465e+06,1.48444e+07,0,0,0,0,62.3362,61.308,2.73093,1,1,1.59887,1.63309,0,1.12883,1.69344,8.91204e+06,3.92256e+06,1.42492e+07,0,0,0,1.20747e+08
103.622,103.622,5.23642,0,0,3.46203,3.53612,0,0.6487,6.16896,4.28834e+06,2.93465e+06,1.48463e+07,0,0,0,0,62.3362,61.308,2.45113,1,1,1.59908,1.6333,0,1.23529,1.69344,8.91204e+06,3.92256e+06,1.4251e+07,0,0,0,1.20747e+08
103.622,103.622,6.92899,0,0,3.46248,3.53658,0,0.648784,6.16896,4.28834e+06,2.93465e+06,1.48483e+07,0,0,0,0,62.3362,61.308,2.99798,1,1,1.59928,1.63351,0,1.23545,1.69344,8.91204e+06,3.92256e+06,1.42529e+07,0,0,0,1.20747e+08
103.622,103.622,6.16127,0,0,3.46293,3.53705,0,0.648869,6.16896,4.28834e+06,2.93465e+06,1.48502e+07,0,0,0,0,62.3362,61.308,2.6317,1,1,1.59949,1.63373,0,1.23561,1.69344,8.91204e+06,3.92256e+06,1.42547e+07,0,0,0,1.20747e+08
103.622,103.622,5.69528,0,0,3.0891,3.0891,0,0.648953,6.16896,4.28834e+06,2.70226e+06,1.32471e+07,0,0,0,0,62.3362,61.308,2.87417,0,1,1.40324,1.40324,0,1.23577,1.69344,8.91204e+06,3.61194e+06,1.25057e+07,0,0,0,1.20747e+08
103.622,103.622,7.84221,0,0,3.08951,3.08951,0,0.578898,6.16896,4.28834e+06,2.70226e+06,1.32488e+07,0,0,0,0,62.3362,61.308,4.25851,0,1,1.40342,1.40342,0,1.08414,1.69344,8.91204e+06,3.61194e+06,1.25074e+07,0,0,0,1.20747e+08
103.622,103.622,7.09611,0,0,3.08991,3.08991,0,0.578974,6.16896,4.28834e+06,2.70226e+06,1.32506e+07,0,0,0,0,62.3362,61.308,2.94669,0,1,1.40361,1.40361,0,1.08429,1.69344,8.91204e+06,3.61194e+06,1.2509e+07,0,0,0,1.20747e+08
103.622,103.622,6.644,0,0,3.09031,3.09031,0,0.579049,6.16896,4.28834e+06,2.70226e+06,1.32523e+07,0,0,0,0,62.3362,61.308,3.78671,0,1,1.40379,1.40379,0,1.08443,1.69344,8.91204e+06,3.61194e+06,1.25106e+07,0,0,0,1.20747e+08
103.622,103.622,6.82968,0,0,3.09071,3.09071,0,0.579124,6.16896,4.28834e+06,2.70226e+06,1.3254e+07,0,0,0,0,62.3362,61.308,3.859,0,1,1.40397,1.40397,0,1.08457,1.69344,8.91204e+06,3.61194e+06,1.25123e+07,0,0,0,1.20747e+08
103.622,103.622,5.44419,0,0,3.20406,3.20406,0,0.5792,6.16896,4.28834e+06,2.70226e+06,1.37401e+07,0,0,0,0,62.3362,61.308,3.34624,0,1,1.46063,1.46063,0,1.08471,1.69344,8.91204e+06,3.61194e+06,1.30172e+07,0,0,0,1.20747e+08
103.622,103.622,6.53294,0,0,3.20448,3.20448,0,0.600441,6.16896,4.28834e+06,2.70226e+06,1.37419e+07,0,0,0,0,62.3362,61.308,4.34477,0,1,1.46082,1.46082,0,1.12848,1.69344,8.91204e+06,3.61194e+06,1.30189e+07,0,0,0,1.20747e+08
103.622,103.622,4.60385,0,0,3.20489,3.20489,0,0.600519,6.16896,4.28834e+06,2.70226e+06,1.37437e+07,0,0,0,0,62.3362,61.308,2.93522,0,1,1.46101,1.46101,0,1.12863,1.69344,8.91204e+06,3.61194e+06,1.30206e+07,0,0,0,1.20747e+08
103.622,103.622,3.97871,0,0,3.20531,3.20531,0,0.600597,6.16896,4.28834e+06,2.70226e+06,1.37455e+07,0,0,0,0,62.3362,61.308,2.55886,0,1,1.4612,1.4612,0,1.12878,1.69344,8.91204e+06,3.61194e+06,1.30223e+07,0,0,0,1.20747e+08
103.622,103.622,3.92422,0,0,3.16155,3.16155,0,0.600675,6.16896,4.28834e+06,2.70226e+06,1.35578e+07,0,0,0,0,61.971,61.308,2.3635,0,1,1.43944,1.43944,0,1.12892,1.69344,8.91204e+06,3.61194e+06,1.28284e+07,0,0,0,1.20747e+08
103.622,103.622,3.28819,0,0,3.16196,3.16196,0,0.592474,6.16896,4.28834e+06,2.70226e+06,1.35595e+07,0,0,0,0,61.6987,61.308,1.80891,0,1,1.43963,1.43963,0,1.11211,1.69344,8.91204e+06,3.61194e+06,1.28301e+07,0,0,0,1.20747e+08
103.247,103.622,2.72352,0,0,3.16237,3.16237,0,0.592551,6.16896,4.28834e+06,2.70226e+06,1.35613e+07,0,0,0,0,61.3502,61.308,1.73001,0,1,1.43982,1.43982,0,1.11226,1.69344,8.91204e+06,3.61194e+06,1.28317e+07,0,0,0,1.20747e+08
102.789,103.622,2.62341,0,0,3.16278,3.16278,0,0.592628,6.16896,4.28834e+06,2.70226e+06,1.35631e+07,0,0,0,0,60.9635,61.308,1.71452,0,1,1.44001,1.44001,0,1.1124,1.69344,8.91204e+06,3.61194e+06,1.28334e+07,0,0,0,1.20747e+08
102.275,103.622,2.64614,0,0,3.31325,3.31325,0,0.592705,6.16896,4.28834e+06,2.70226e+06,1.42083e+07,0,0,0,0,60.4477,61.308,1.66308,0,1,1.51806,1.51806,0,1.11255,1.69344,8.91204e+06,3.61194e+06,1.3529e+07,0,0,0,1.20747e+08
101.608,103.622,2.44372,0,0,3.31368,3.31368,0,0.620902,6.16896,4.28834e+06,2.70226e+06,1.42102e+07,0,0,0,0,59.9754,61.308,1.54419,0,1,1.51826,1.51826,0,1.17285,1.69344,8.91204e+06,3.61194e+06,1.35308e+07,0,0,0,1.20747e+08
100.862,103.622,2.35071,0,0,3.31411,3.31411,0,0.620983,6.16896,4.28834e+06,2.70226e+06,1.4212e+07,0,0,0,0,59.4794,61.308,1.56262,0,1,1.51845,1.51845,0,1.17301,1.69344,8.91204e+06,3.61194e+06,1.35325e+07,0,0,0,1.20747e+08
100.033,103.622,2.24491,0,0,3.31454,3.31454,0,0.621064,6.16896,4.28834e+06,2.70226e+06,1.42139e+07,0,0,0,0,58.9193,61.308,1.51787,0,1,1.51865,1.51865,0,1.17316,1.69344,8.91204e+06,3.61194e+06,1.35343e+07,0,0,0,1.20747e+08
99.0022,103.622,1.99509,0,0,3.31497,3.31497,0,0.621145,6.16896,4.28834e+06,2.70226e+06,1.42157e+07,0,0,0,0,58.2353,61.308,1.4159,0,1,1.51885,1.51885,0,1.17331,1.69344,8.91204e+06,3.61194e+06,1.3536e+07,0,0,0,1.20747e+08
97.5108,103.622,1.32273,0,0,3.21686,3.28571,0,0.621226,6.16896,4.28834e+06,2.93465e+06,1.3795e+07,0,0,0,0,57.4827,61.308,1.30677,1,1,1.52914,1.56187,0,1.17346,1.69344,8.91204e+06,3.92256e+06,1.36278e+07,0,0,0,1.20747e+08
95.9574,103.622,1.24538,0,0,3.21728,3.28614,0,0.60284,6.16896,4.28834e+06,2.93465e+06,1.37968e+07,0,0,0,0,56.6725,61.308,1.25461,1,1,1.52934,1.56207,0,1.18142,1.69344,8.91204e+06,3.92256e+06,1.36296e+07,0,0,0,1.20747e+08
94.3201,103.622,1.1376,0,0,3.2177,3.28657,0,0.602918,6.16896,4.28834e+06,2.93465e+06,1.37986e+07,0,0,0,0,55.7689,61.308,1.19448,1,1,1.52954,1.56228,0,1.18157,1.69344,8.91204e+06,3.92256e+06,1.36313e+07,0,0,0,1.20747e+08
92.6189,103.622,1.03857,0,0,3.21812,3.28699,0,0.602997,6.16896,4.28834e+06,2.93465e+06,1.38004e+07,0,0,0,0,54.8032,61.308,1.09702,1,1,1.52974,1.56248,0,1.18172,1.69344,8.91204e+06,3.92256e+06,1.36331e+07,0,0,0,1.20747e+08
90.91,103.622,1.036,0,0,3.29365,3.36414,0,0.603075,6.16896,4.28834e+06,2.93465e+06,1.41243e+07,0,0,0,0,53.8935,61.308,1.13142,1,1,1.56733,1.60087,0,1.18188,1.69344,8.91204e+06,3.92256e+06,1.39681e+07,0,0,0,1.20747e+08
89.2748,103.622,1.12364,0,0,3.29408,3.36458,0,0.61723,6.16896,4.28834e+06,2.93465e+06,1.41261e+07,0,0,0,0,53.0574,61.308,1.27677,1,1,1.56753,1.60108,0,1.21092,1.69344,8.91204e+06,3.92256e+06,1.39699e+07,0,0,0,1.20747e+08
87.5972,103.622,1.03463,0,0,3.29451,3.36502,0,0.617311,6.16896,4.28834e+06,2.93465e+06,1.4128e+07,0,0,0,0,52.0459,61.308,1.21,1,1,1.56773,1.60129,0,1.21107,1.69344,8.91204e+06,3.92256e+06,1.39717e+07,0,0,0,1.20747e+08
85.8624,103.622,0.942213,0,0,3.29494,3.36546,0,0.617391,6.16896,4.28834e+06,2.93465e+06,1.41298e+07,0,0,0,0,51.2476,61.308,1.06276,1,1,1.56794,1.60149,0,1.21123,1.69344,8.91204e+06,3.92256e+06,1.39735e+07,0,0,0,1.20747e+08
84.1083,103.622,1.07086,0,0,3.51545,3.59069,0,0.617471,6.16896,4.28834e+06,2.93465e+06,1.50754e+07,0,0,0,0,50.3613,61.308,1.41077,1,1,1.69344,1.7396,0.00971218,1.21139,1.69344,8.91204e+06,3.92256e+06,1.5092e+07,0,0,0,1.20747e+08
82.285,103.622,0.98369,0,0,3.51591,3.59116,0,0.658795,6.16896,4.28834e+06,2.93465e+06,1.50774e+07,0,0,0,0,49.6088,61.308,1.3386,1,1,1.69344,1.73983,0.00993393,1.30835,1.69344,8.91204e+06,3.92256e+06,1.5092e+07,0,0,0,1.20747e+08
80.5468,103.622,1.0605,0,0,3.51637,3.59162,0,0.658881,6.16896,4.28834e+06,2.93465e+06,1.50794e+07,0,0,0,0,48.8399,61.308,1.41283,1,1,1.69344,1.74006,0.0101556,1.30835,1.69344,8.91204e+06,3.92256e+06,1.5092e+07,0,0,0,1.20747e+08
78.9494,103.622,1.18261,0,0,3.51682,3.59209,0,0.658967,6.16896,4.28834e+06,2.93465e+06,1.50813e+07,0,0,0,0,48.0405,61.308,1.40541,1,1,1.69344,1.74028,0.0103773,1.30835,1.69344,8.91204e+06,3.92256e+06,1.5092e+07,0,0,0,1.20747e+08
77.1034,103.622,0.870559,0,0,3.51728,3.59256,0,0.659053,6.16896,4.28834e+06,2.93465e+06,1.50833e+07,0,0,0,0,47.0196,61.308,1.27835,1,1,1.69344,1.74051,0.0105991,1.30835,1.69344,8.91204e+06,3.92256e+06,1.5092e+07,0,0,0,1.20747e+08
75.4257,103.622,0.982798,0,0,3.41041,3.4834,0,0.659138,6.16896,4.28834e+06,2.93465e+06,1.4625e+07,0,0,0,0,46.2868,61.308,0.908203,1,1,1.62226,1.65698,0,1.30835,1.69344,8.91204e+06,3.92256e+06,1.44577e+07,0,0,0,1.20747e+08
73.8988,103.622,1.17133,0,0,3.41085,3.48385,0,0.639111,6.16896,4.28834e+06,2.93465e+06,1.46269e+07,0,0,0,0,45.7315,61.308,1.53801,1,1,1.62247,1.6572,0,1.25336,1.69344,8.91204e+06,3.92256e+06,1.44595e+07,0,0,0,1.20747e+08
72.3686,103.622,1.10984,0,0,3.4113,3.4843,0,0.639194,6.16896,4.28834e+06,2.93465e+06,1.46288e+07,0,0,0,0,45.3378,61.308,1.46974,1,1,1.62268,1.65741,0,1.25352,1.69344,8.91204e+06,3.92256e+06,1.44614e+07,0,0,0,1.20747e+08
70.8559,103.622,1.11337,0,0,3.41174,3.48476,0,0.639277,6.16896,4.28834e+06,2.93465e+06,1.46307e+07,0,0,0,0,45.0058,61.308,1.74279,1,1,1.62289,1.65763,0,1.25369,1.69344,8.91204e+06,3.92256e+06,1.44633e+07,0,0,0,1.20747e+08
69.9135,103.622,1.70121,0,0,3.32404,3.39518,0,0.63936,6.16896,4.28834e+06,2.93465e+06,1.42546e+07,0,0,0,0,44.7586,61.308,1.8255,1,1,1.54843,1.58157,0,1.25385,1.69344,8.91204e+06,3.92256e+06,1.37996e+07,0,0,0,1.20747e+08
69.2745,103.622,2.10928,0,0,3.32447,3.39562,0,0.622925,6.16896,4.28834e+06,2.93465e+06,1.42565e+07,0,0,0,0,44.5156,61.308,1.94228,1,1,1.54863,1.58177,0,1.19631,1.69344,8.91204e+06,3.92256e+06,1.38014e+07,0,0,0,1.20747e+08
69.3461,103.622,2.86375,0,0,3.3249,3.39606,0,0.623006,6.16896,4.28834e+06,2.93465e+06,1.42583e+07,0,0,0,0,44.4143,61.308,2.42024,1,1,1.54883,1.58198,0,1.19647,1.69344,8.91204e+06,3.92256e+06,1.38032e+07,0,0,0,1.20747e+08
72.2522,103.622,5.96138,0,0,3.32534,3.39651,0,0.623087,6.16896,4.28834e+06,2.93465e+06,1.42602e+07,0,0,0,0,44.9615,61.308,3.84129,1,1,1.54903,1.58218,0,1.19663,1.69344,8.91204e+06,3.92256e+06,1.3805e+07,0,0,0,1.20747e+08
73.8029,103.622,4.46287,0,0,3.14112,3.14112,0,0.623168,6.16896,4.28834e+06,2.70226e+06,1.34702e+07,0,0,0,0,45.2577,61.308,2.97682,0,1,1.42344,1.42344,0,1.19678,1.69344,8.91204e+06,3.61194e+06,1.26858e+07,0,0,0,1.20747e+08
75.3292,103.622,4.61991,0,0,3.14153,3.14153,0,0.588646,6.16896,4.28834e+06,2.70226e+06,1.34719e+07,0,0,0,0,46.0945,61.308,3.47118,0,1,1.42363,1.42363,0,1.09975,1.69344,8.91204e+06,3.61194e+06,1.26874e+07,0,0,0,1.20747e+08
78.5562,103.622,6.49537,0,0,3.14194,3.14194,0,0.588722,6.16896,4.28834e+06,2.70226e+06,1.34737e+07,0,0,0,0,47.219,61.308,4.24102,0,1,1.42381,1.42381,0,1.0999,1.69344,8.91204e+06,3.61194e+06,1.26891e+07,0,0,0,1.20747e+08
83.6733,103.622,8.73524,0,0,3.14234,3.14234,0,0.588799,6.16896,4.28834e+06,2.70226e+06,1.34754e+07,0,0,0,0,49.5803,61.308,7.72588,0,1,1.424,1.424,0,1.10004,1.69344,8.91204e+06,3.61194e+06,1.26907e+07,0,0,0,1.20747e+08
85.5438,103.622,5.3152,0,0,3.14275,3.14275,0,0.588875,6.16896,4.28834e+06,2.70226e+06,1.34772e+07,0,0,0,0,51.562,61.308,6.77933,0,1,1.42419,1.42419,0,1.10018,1.69344,8.91204e+06,3.61194e+06,1.26924e+07,0,0,0,1.20747e+08
88.4876,103.622,6.24295,0,0,3.24161,3.24161,0,0.588952,6.16896,4.28834e+06,2.70226e+06,1.39011e+07,0,0,0,0,52.661,61.308,4.86891,0,1,1.47042,1.47042,0,1.10033,1.69344,8.91204e+06,3.61194e+06,1.31044e+07,0,0,0,1.20747e+08
90.0186,103.622,4.58591,0,0,3.24201,3.24201,0,0.607478,6.16896,4.28834e+06,2.70226e+06,1.39028e+07,0,0,0,0,53.1255,61.308,3.87317,0,1,1.4706,1.4706,0,1.13605,1.69344,8.91204e+06,3.61194e+06,1.3106e+07,0,0,0,1.20747e+08
90.3452,103.622,3.42289,0,0,3.2424,3.2424,0,0.607552,6.16896,4.28834e+06,2.70226e+06,1.39045e+07,0,0,0,0,53.212,61.308,2.08982,0,1,1.47078,1.47078,0,1.13618,1.69344,8.91204e+06,3.61194e+06,1.31076e+07,0,0,0,1.20747e+08
91.2224,103.622,4.28147,0,0,3.24279,3.24279,0,0.607626,6.16896,4.28834e+06,2.70226e+06,1.39062e+07,0,0,0,0,53.6217,61.308,3.11634,0,1,1.47095,1.47095,0,1.13632,1.69344,8.91204e+06,3.61194e+06,1.31092e+07,0,0,0,1.20747e+08
93.9039,103.622,6.32304,0,0,3.48493,3.55952,0,0.6077,6.16896,4.28834e+06,2.93465e+06,1.49446e+07,0,0,0,0,54.3969,61.308,4.78145,1,1,1.60966,1.64411,0,1.13646,1.69344,8.91204e+06,3.92256e+06,1.43453e+07,0,0,0,1.20747e+08
96.1697,103.622,5.8836,0,0,3.48536,3.55995,0,0.653077,6.16896,4.28834e+06,2.93465e+06,1.49464e+07,0,0,0,0,54.8978,61.308,3.88764,1,1,1.60985,1.64431,0,1.24362,1.69344,8.91204e+06,3.92256e+06,1.43471e+07,0,0,0,1.20747e+08
98.4601,103.622,5.83273,0,0,3.48578,3.56038,0,0.653156,6.16896,4.28834e+06,2.93465e+06,1.49482e+07,0,0,0,0,55.3065,61.308,4.09317,1,1,1.61005,1.6445,0,1.24377,1.69344,8.91204e+06,3.92256e+06,1.43488e+07,0,0,0,1.20747e+08
99.0702,103.622,4.07958,0,0,3.4862,3.56081,0,0.653235,6.16896,4.28834e+06,2.93465e+06,1.495e+07,0,0,0,0,55.2765,61.308,2.81432,1,1,1.61024,1.6447,0,1.24392,1.69344,8.91204e+06,3.92256e+06,1.43505e+07,0,0,0,1.20747e+08
99.6749,103.622,3.8148,0,0,3.10984,3.10984,0,0.653314,6.16896,4.28834e+06,2.70226e+06,1.3336e+07,0,0,0,0,55.3497,61.308,2.65,0,1,1.41266,1.41266,0,1.24407,1.69344,8.91204e+06,3.61194e+06,1.25897e+07,0,0,0,1.20747e+08
101.123,103.622,4.77834,0,0,3.11021,3.11021,0,0.582783,6.16896,4.28834e+06,2.70226e+06,1.33376e+07,0,0,0,0,55.6572,61.308,3.28945,0,1,1.41283,1.41283,0,1.09142,1.69344,8.91204e+06,3.61194e+06,1.25912e+07,0,0,0,1.20747e+08
102.138,103.622,4.3266,0,0,3.11059,3.11059,0,0.582854,6.16896,4.28834e+06,2.70226e+06,1.33393e+07,0,0,0,0,55.958,61.308,3.35767,0,1,1.413,1.413,0,1.09155,1.69344,8.91204e+06,3.61194e+06,1.25927e+07,0,0,0,1.20747e+08
103.622,103.622,5.01855,0,0,3.11097,3.11097,0,0.582925,6.16896,4.28834e+06,2.70226e+06,1.33409e+07,0,0,0,0,56.1992,61.308,2.93709,0,1,1.41317,1.41317,0,1.09168,1.69344,8.91204e+06,3.61194e+06,1.25942e+07,0,0,0,1.20747e+08
103.622,103.622,4.12199,0,0,3.11134,3.11134,0,0.582995,6.16896,4.28834e+06,2.70226e+06,1.33425e+07,0,0,0,0,56.3714,61.308,2.57401,0,1,1.41334,1.41334,0,1.09182,1.69344,8.91204e+06,3.61194e+06,1.25958e+07,0,0,0,1.20747e+08
103.622,103.622,6.90561,0,0,3.22542,3.22542,0,0.583066,6.16896,4.28834e+06,2.70226e+06,1.38317e+07,0,0,0,0,56.8819,61.308,4.20417,0,1,1.47037,1.47037,0,1.09195,1.69344,8.91204e+06,3.61194e+06,1.31039e+07,0,0,0,1.20747e+08
103.622,103.622,5.71039,0,0,3.22581,3.22581,0,0.604443,6.16896,4.28834e+06,2.70226e+06,1.38334e+07,0,0,0,0,57.2276,61.308,3.91035,0,1,1.47054,1.47054,0,1.136,1.69344,8.91204e+06,3.61194e+06,1.31055e+07,0,0,0,1.20747e+08
103.622,103.622,5.03589,0,0,3.2262,3.2262,0,0.604516,6.16896,4.28834e+06,2.70226e+06,1.3835e+07,0,0,0,0,57.4839,61.308,3.61521,0,1,1.47072,1.47072,0,1.13614,1.69344,8.91204e+06,3.61194e+06,1.31071e+07,0,0,0,1.20747e+08
103.622,103.622,5.59633,0,0,3.22659,3.22659,0,0.60459,6.16896,4.28834e+06,2.70226e+06,1.38367e+07,0,0,0,0,57.7755,61.308,3.55938,0,1,1.4709,1.4709,0,1.13628,1.69344,8.91204e+06,3.61194e+06,1.31087e+07,0,0,0,1.20747e+08
103.622,103.622,4.25592,0,0,3.18251,3.18251,0,0.604663,6.16896,4.28834e+06,2.70226e+06,1.36477e+07,0,0,0,0,57.9989,61.308,3.43212,0,1,1.44899,1.44899,0,1.13642,1.69344,8.91204e+06,3.61194e+06,1.29134e+07,0,0,0,1.20747e+08
103.622,103.622,3.52625,0,0,3.18289,3.18289,0,0.596402,6.16896,4.28834e+06,2.70226e+06,1.36493e+07,0,0,0,0,58.1867,61.308,3.09472,0,1,1.44916,1.44916,0,1.11949,1.69344,8.91204e+06,3.61194e+06,1.2915e+07,0,0,0,1.20747e+08
103.622,103.622,3.99929,0,0,3.18328,3.18328,0,0.596474,6.16896,4.28834e+06,2.70226e+06,1.3651e+07,0,0,0,0,58.2755,61.308,2.78093,0,1,1.44934,1.44934,0,1.11962,1.69344,8.91204e+06,3.61194e+06,1.29166e+07,0,0,0,1.20747e+08
103.622,103.622,3.37558,0,0,3.18366,3.18366,0,0.596546,6.16896,4.28834e+06,2.70226e+06,1.36526e+07,0,0,0,0,58.3333,61.308,2.83648,0,1,1.44951,1.44951,0,1.11976,1.69344,8.91204e+06,3.61194e+06,1.29181e+07,0,0,0,1.20747e+08
103.413,103.622,2.87627,0,0,3.26521,3.33509,0,0.596618,6.16896,4.28834e+06,2.93465e+06,1.40023e+07,0,0,0,0,58.269,61.308,2.45363,1,1,1.49605,1.52807,0,1.11989,1.69344,8.91204e+06,3.92256e+06,1.33328e+07,0,0,0,1.20747e+08
103.101,103.622,2.84023,0,0,3.2656,3.33549,0,0.6119,6.16896,4.28834e+06,2.93465e+06,1.4004e+07,0,0,0,0,58.2741,61.308,2.35186,1,1,1.49623,1.52825,0,1.15585,1.69344,8.91204e+06,3.92256e+06,1.33345e+07,0,0,0,1.20747e+08
102.53,103.622,2.49345,0,0,3.266,3.3359,0,0.611974,6.16896,4.28834e+06,2.93465e+06,1.40057e+07,0,0,0,0,58.149,61.308,2.18636,1,1,1.49641,1.52844,0,1.15599,1.69344,8.91204e+06,3.92256e+06,1.33361e+07,0,0,0,1.20747e+08
101.879,103.622,2.3968,0,0,3.2664,3.3363,0,0.612048,6.16896,4.28834e+06,2.93465e+06,1.40074e+07,0,0,0,0,58.0495,61.308,2.2045,1,1,1.49659,1.52862,0,1.15613,1.69344,8.91204e+06,3.92256e+06,1.33377e+07,0,0,0,1.20747e+08
101.14,103.622,2.2885,0,0,3.26679,3.33671,0,0.612123,6.16896,4.28834e+06,2.93465e+06,1.40091e+07,0,0,0,0,57.7203,61.308,2.13445,1,1,1.49677,1.52881,0,1.15627,1.69344,8.91204e+06,3.92256e+06,1.33393e+07,0,0,0,1.20747e+08
100.223,103.622,1.99131,0,0,3.23793,3.30722,0,0.612197,6.16896,4.28834e+06,2.93465e+06,1.38853e+07,0,0,0,0,57.1872,61.308,1.57519,1,1,1.53916,1.5721,0,1.15641,1.69344,8.91204e+06,3.92256e+06,1.3717e+07,0,0,0,1.20747e+08
99.1477,103.622,1.81582,0,0,3.23832,3.30762,0,0.606787,6.16896,4.28834e+06,2.93465e+06,1.3887e+07,0,0,0,0,56.5736,61.308,1.49944,1,1,1.53934,1.57229,0,1.18915,1.69344,8.91204e+06,3.92256e+06,1.37187e+07,0,0,0,1.20747e+08
97.9441,103.622,1.65651,0,0,3.23871,3.30803,0,0.606861,6.16896,4.28834e+06,2.93465e+06,1.38887e+07,0,0,0,0,55.9382,61.308,1.37504,1,1,1.53953,1.57248,0,1.1893,1.69344,8.91204e+06,3.92256e+06,1.37203e+07,0,0,0,1.20747e+08
96.7066,103.622,1.56894,0,0,3.2391,3.30843,0,0.606934,6.16896,4.28834e+06,2.93465e+06,1.38904e+07,0,0,0,0,55.1644,61.308,1.36064,1,1,1.53972,1.57267,0,1.18944,1.69344,8.91204e+06,3.92256e+06,1.3722e+07,0,0,0,1.20747e+08
95.4018,103.622,1.53358,0,0,3.3151,3.38605,0,0.607008,6.16896,4.28834e+06,2.93465e+06,1.42163e+07,0,0,0,0,54.3001,61.308,1.30047,1,1,1.57753,1.61129,0,1.18958,1.69344,8.91204e+06,3.92256e+06,1.4059e+07,0,0,0,1.20747e+08
94.1604,103.622,1.57471,0,0,3.3155,3.38646,0,0.621249,6.16896,4.28834e+06,2.93465e+06,1.4218e+07,0,0,0,0,53.3911,61.308,1.27099,1,1,1.57772,1.61149,0,1.2188,1.69344,8.91204e+06,3.92256e+06,1.40607e+07,0,0,0,1.20747e+08
92.7919,103.622,1.43017,0,0,3.3159,3.38687,0,0.621325,6.16896,4.28834e+06,2.93465e+06,1.42197e+07,0,0,0,0,52.413,61.308,1.2187,1,1,1.57791,1.61168,0,1.21895,1.69344,8.91204e+06,3.92256e+06,1.40624e+07,0,0,0,1.20747e+08
91.3258,103.622,1.30537,0,0,3.3163,3.38728,0,0.6214,6.16896,4.28834e+06,2.93465e+06,1.42214e+07,0,0,0,0,51.4007,61.308,1.12316,1,1,1.5781,1.61188,0,1.2191,1.69344,8.91204e+06,3.92256e+06,1.40641e+07,0,0,0,1.20747e+08
89.5829,103.622,1.13537,0,0,3.53821,3.61394,0,0.621475,6.16896,4.28834e+06,2.93465e+06,1.51731e+07,0,0,0,0,50.165,61.308,1.09212,1,1,1.69344,1.75087,0.0207406,1.21924,1.69344,8.91204e+06,3.92256e+06,1.5092e+07,0,0,0,1.20747e+08
87.6374,103.622,0.888564,0,0,3.53864,3.61438,0,0.663061,6.16896,4.28834e+06,2.93465e+06,1.51749e+07,0,0,0,0,48.8432,61.308,0.929921,1,1,1.69344,1.75108,0.0209482,1.30835,1.69344,8.91204e+06,3.92256e+06,1.5092e+07,0,0,0,1.20747e+08
85.6783,103.622,0.841175,0,0,3.53907,3.61481,0,0.663142,6.16896,4.28834e+06,2.93465e+06,1.51767e+07,0,0,0,0,47.6086,61.308,0.86698,1,1,1.69344,1.75129,0.021156,1.30835,1.69344,8.91204e+06,3.92256e+06,1.5092e+07,0,0,0,1.20747e+08
84.0264,103.622,1.12977,0,0,3.5395,3.61525,0,0.663222,6.16896,4.28834e+06,2.93465e+06,1.51786e+07,0,0,0,0,46.4914,61.308,0.977006,1,1,1.69344,1.7515,0.0213637,1.30835,1.69344,8.91204e+06,3.92256e+06,1.5092e+07,0,0,0,1.20747e+08
82.8354,103.622,1.62805,0,0,3.53993,3.61569,0,0.663302,6.16896,4.28834e+06,2.93465e+06,1.51804e+07,0,0,0,0,45.3898,61.308,1.15654,1,1,1.69344,1.75172,0.0215715,1.30835,1.69344,8.91204e+06,3.92256e+06,1.5092e+07,0,0,0,1.20747e+08
81.3901,103.622,1.26105,0,0,3.43234,3.5058,0,0.663383,6.16896,4.28834e+06,2.93465e+06,1.4719e+07,0,0,0,0,44.7942,61.308,1.02815,1,1,1.63269,1.66764,0,1.30835,1.69344,8.91204e+06,3.92256e+06,1.45506e+07,0,0,0,1.20747e+08
79.6562,103.622,0.949397,0,0,3.43275,3.50622,0,0.64322,6.16896,4.28834e+06,2.93465e+06,1.47208e+07,0,0,0,0,43.7392,61.308,1.61956,1,1,1.63289,1.66784,0,1.26142,1.69344,8.91204e+06,3.92256e+06,1.45524e+07,0,0,0,1.20747e+08
77.8289,103.622,0.807713,0,0,3.43317,3.50665,0,0.643298,6.16896,4.28834e+06,2.93465e+06,1.47226e+07,0,0,0,0,42.5012,61.308,0.862272,1,1,1.63309,1.66804,0,1.26157,1.69344,8.91204e+06,3.92256e+06,1.45541e+07,0,0,0,1.20747e+08
76.124,103.622,0.931175,0,0,3.43358,3.50707,0,0.643376,6.16896,4.28834e+06,2.93465e+06,1.47244e+07,0,0,0,0,41.679,61.308,0.881856,1,1,1.63329,1.66824,0,1.26172,1.69344,8.91204e+06,3.92256e+06,1.45559e+07,0,0,0,1.20747e+08
75.1659,103.622,1.82946,0,0,3.34529,3.41689,0,0.643454,6.16896,4.28834e+06,2.93465e+06,1.43457e+07,0,0,0,0,41.4456,61.308,1.50151,1,1,1.55833,1.59168,0,1.26188,1.69344,8.91204e+06,3.92256e+06,1.38879e+07,0,0,0,1.20747e+08
73.8391,103.622,1.4221,0,0,3.3457,3.4173,0,0.626908,6.16896,4.28834e+06,2.93465e+06,1.43475e+07,0,0,0,0,41.4464,61.308,2.1921,1,1,1.55852,1.59187,0,1.20396,1.69344,8.91204e+06,3.92256e+06,1.38896e+07,0,0,0,1.20747e+08
72.5506,103.622,1.43246,0,0,3.3461,3.41772,0,0.626984,6.16896,4.28834e+06,2.93465e+06,1.43492e+07,0,0,0,0,41.3074,61.308,2.21167,1,1,1.5587,1.59206,0,1.20411,1.69344,8.91204e+06,3.92256e+06,1.38912e+07,0,0,0,1.20747e+08
71.5711,103.622,1.83191,0,0,3.34651,3.41813,0,0.62706,6.16896,4.28834e+06,2.93465e+06,1.4351e+07,0,0,0,0,41.5555,61.308,2.76635,1,1,1.55889,1.59226,0,1.20426,1.69344,8.91204e+06,3.92256e+06,1.38929e+07,0,0,0,1.20747e+08
72.3093,103.622,3.44664,0,0,3.16109,3.16109,0,0.627135,6.16896,4.28834e+06,2.70226e+06,1.35558e+07,0,0,0,0,41.5353,61.308,2.68959,0,1,1.43249,1.43249,0,1.2044,1.69344,8.91204e+06,3.61194e+06,1.27664e+07,0,0,0,1.20747e+08
71.0833,103.622,1.36936,0,0,3.16147,3.16147,0,0.592388,6.16896,4.28834e+06,2.70226e+06,1.35575e+07,0,0,0,0,41.4469,61.308,1.76213,0,1,1.43267,1.43267,0,1.10674,1.69344,8.91204e+06,3.61194e+06,1.2768e+07,0,0,0,1.20747e+08
71.0172,103.622,2.68087,0,0,3.16185,3.16185,0,0.59246,6.16896,4.28834e+06,2.70226e+06,1.35591e+07,0,0,0,0,41.611,61.308,2.87755,0,1,1.43284,1.43284,0,1.10688,1.69344,8.91204e+06,3.61194e+06,1.27695e+07,0,0,0,1.20747e+08
70.6708,103.622,2.36422,0,0,3.16224,3.16224,0,0.592531,6.16896,4.28834e+06,2.70226e+06,1.35607e+07,0,0,0,0,41.5998,61.308,1.9859,0,1,1.43301,1.43301,0,1.10701,1.69344,8.91204e+06,3.61194e+06,1.27711e+07,0,0,0,1.20747e+08
71.2866,103.622,3.46875,0,0,3.16262,3.16262,0,0.592603,6.16896,4.28834e+06,2.70226e+06,1.35624e+07,0,0,0,0,42.1608,61.308,3.87907,0,1,1.43319,1.43319,0,1.10715,1.69344,8.91204e+06,3.61194e+06,1.27726e+07,0,0,0,1.20747e+08
77.0499,103.622,8.81483,0,0,3.26208,3.26208,0,0.592675,6.16896,4.28834e+06,2.70226e+06,1.39889e+07,0,0,0,0,43.2382,61.308,5.16745,0,1,1.4797,1.4797,0,1.10728,1.69344,8.91204e+06,3.61194e+06,1.31871e+07,0,0,0,1.20747e+08
81.8991,103.622,7.89389,0,0,3.26244,3.26244,0,0.611313,6.16896,4.28834e+06,2.70226e+06,1.39905e+07,0,0,0,0,43.798,61.308,3.58935,0,1,1.47987,1.47987,0,1.14322,1.69344,8.91204e+06,3.61194e+06,1.31886e+07,0,0,0,1.20747e+08
85.4682,103.622,6.7497,0,0,3.26281,3.26281,0,0.611382,6.16896,4.28834e+06,2.70226e+06,1.3992e+07,0,0,0,0,43.8881,61.308,2.58657,0,1,1.48003,1.48003,0,1.14335,1.69344,8.91204e+06,3.61194e+06,1.31901e+07,0,0,0,1.20747e+08
87.4434,103.622,5.114,0,0,3.26318,3.26318,0,0.611451,6.16896,4.28834e+06,2.70226e+06,1.39936e+07,0,0,0,0,43.9591,61.308,2.1082,0,1,1.4802,1.4802,0,1.14347,1.69344,8.91204e+06,3.61194e+06,1.31916e+07,0,0,0,1.20747e+08
89.9203,103.622,5.75436,0,0,3.50681,3.58186,0,0.611519,6.16896,4.28834e+06,2.93465e+06,1.50384e+07,0,0,0,0,44.0774,61.308,2.64662,1,1,1.61976,1.65443,0,1.1436,1.69344,8.91204e+06,3.92256e+06,1.44354e+07,0,0,0,1.20747e+08
91.8926,103.622,5.29687,0,0,3.5072,3.58227,0,0.657176,6.16896,4.28834e+06,2.93465e+06,1.50401e+07,0,0,0,0,44.1892,61.308,2.88872,1,1,1.61994,1.65461,0,1.25143,1.69344,8.91204e+06,3.92256e+06,1.4437e+07,0,0,0,1.20747e+08
94.6841,103.622,6.15448,0,0,3.5076,3.58267,0,0.65725,6.16896,4.28834e+06,2.93465e+06,1.50418e+07,0,0,0,0,44.4702,61.308,3.17688,1,1,1.62012,1.6548,0,1.25157,1.69344,8.91204e+06,3.92256e+06,1.44386e+07,0,0,0,1.20747e+08
97.6504,103.622,6.56661,0,0,3.50799,3.58307,0,0.657324,6.16896,4.28834e+06,2.93465e+06,1.50435e+07,0,0,0,0,44.7111,61.308,3.0945,1,1,1.62031,1.65498,0,1.25171,1.69344,8.91204e+06,3.92256e+06,1.44402e+07,0,0,0,1.20747e+08
101.105,103.622,6.90436,0,0,3.12925,3.12925,0,0.657398,6.16896,4.28834e+06,2.70226e+06,1.34193e+07,0,0,0,0,45.1107,61.308,3.28849,0,1,1.42148,1.42148,0,1.25185,1.69344,8.91204e+06,3.61194e+06,1.26682e+07,0,0,0,1.20747e+08
103.622,103.622,11.0081,0,0,3.1296,3.1296,0,0.586421,6.16896,4.28834e+06,2.70226e+06,1.34208e+07,0,0,0,0,46.4085,61.308,5.69054,0,1,1.42164,1.42164,0,1.09823,1.69344,8.91204e+06,3.61194e+06,1.26697e+07,0,0,0,1.20747e+08
103.622,103.622,9.34815,0,0,3.12995,3.12995,0,0.586487,6.16896,4.28834e+06,2.70226e+06,1.34223e+07,0,0,0,0,47.5307,61.308,5.17141,0,1,1.4218,1.4218,0,1.09836,1.69344,8.91204e+06,3.61194e+06,1.26711e+07,0,0,0,1.20747e+08
103.622,103.622,10.1458,0,0,3.1303,3.1303,0,0.586553,6.16896,4.28834e+06,2.70226e+06,1.34238e+07,0,0,0,0,48.5922,61.308,5.62376,0,1,1.42196,1.42196,0,1.09848,1.69344,8.91204e+06,3.61194e+06,1.26725e+07,0,0,0,1.20747e+08
103.622,103.622,12.8216,0,0,3.13066,3.13066,0,0.586619,6.16896,4.28834e+06,2.70226e+06,1.34253e+07,0,0,0,0,49.8918,61.308,6.04193,0,1,1.42212,1.42212,0,1.0986,1.69344,8.91204e+06,3.61194e+06,1.26739e+07,0,0,0,1.20747e+08
103.622,103.622,9.8843,0,0,3.24541,3.24541,0,0.586685,6.16896,4.28834e+06,2.70226e+06,1.39174e+07,0,0,0,0,50.8221,61.308,4.80582,0,1,1.47948,1.47948,0,1.09873,1.69344,8.91204e+06,3.61194e+06,1.31852e+07,0,0,0,1.20747e+08
103.622,103.622,10.8793,0,0,3.24577,3.24577,0,0.608189,6.16896,4.28834e+06,2.70226e+06,1.3919e+07,0,0,0,0,52.4446,61.308,6.36985,0,1,1.47964,1.47964,0,1.14304,1.69344,8.91204e+06,3.61194e+06,1.31866e+07,0,0,0,1.20747e+08
103.622,103.622,9.16451,0.43,0,2.90605,3.24614,0,0.608258,6.16896,4.28834e+06,3.52158e+06,1.24621e+07,0,0,0,0,53.7707,61.308,5.1946,0,1,1.32477,1.47981,0,1.14317,1.69344,8.91204e+06,4.70707e+06,1.18064e+07,0,0,0,1.20747e+08
103.622,103.622,7.30852,0.53,0,2.90637,3.2465,0,0.544593,6.16896,4.28834e+06,3.52158e+06,1.24635e+07,0,0,0,0,54.572,61.308,3.71511,0,1,1.32492,1.47998,0,1.02352,1.69344,8.91204e+06,4.70707e+06,1.18078e+07,0,0,0,1.20747e+08
103.622,103.622,6.87496,0.54,0,2.86664,3.20212,0,0.544654,6.16896,4.28834e+06,3.52158e+06,1.22931e+07,0,0,0,0,55.1221,61.308,3.21486,0,1,1.30517,1.45792,0,1.02364,1.69344,8.91204e+06,4.70707e+06,1.16318e+07,0,0,0,1.20747e+08
103.622,103.622,5.6868,0.52,0,2.86696,3.20248,0,0.537208,6.16896,4.28834e+06,3.52158e+06,1.22945e+07,0,0,0,0,55.3963,61.308,2.63052,0,1,1.30532,1.45808,0,1.00838,1.69344,8.91204e+06,4.70707e+06,1.16331e+07,0,0,0,1.20747e+08
103.622,103.622,4.92594,0.49,0,2.86728,3.20284,0,0.537268,6.16896,4.28834e+06,3.52158e+06,1.22959e+07,0,0,0,0,55.6352,61.308,2.40958,0,1,1.30547,1.45824,0,1.00849,1.69344,8.91204e+06,4.70707e+06,1.16344e+07,0,0,0,1.20747e+08
103.622,103.622,4.38158,0.48,0,2.86761,3.2032,0,0.537329,6.16896,4.28834e+06,3.52158e+06,1.22973e+07,0,0,0,0,55.7534,61.308,2.11217,0,1,1.30561,1.45841,0,1.0086,1.69344,8.91204e+06,4.70707e+06,1.16357e+07,0,0,0,1.20747e+08
103.622,103.622,4.09371,0.45,0,3.00397,3.35553,0,0.537389,6.16896,4.28834e+06,2.93465e+06,1.2882e+07,0,0,0,0,55.8297,61.308,1.99058,1,1,1.37636,1.53743,0,1.00872,1.69344,8.91204e+06,3.92256e+06,1.22661e+07,0,0,0,1.20747e+08
103.622,103.622,4.60263,0.42,0,3.00431,3.3559,0,0.562945,6.16896,4.28834e+06,2.93465e+06,1.28835e+07,0,0,0,0,56.1457,61.308,2.62959,1,1,1.37651,1.5376,0,1.06337,1.69344,8.91204e+06,3.92256e+06,1.22675e+07,0,0,0,1.20747e+08
103.622,103.622,4.18975,0.37,0,3.28595,3.35628,0,0.563008,6.16896,4.28834e+06,2.93465e+06,1.40913e+07,0,0,0,0,56.186,61.308,2.30556,1,1,1.50555,1.53778,0,1.06349,1.69344,8.91204e+06,3.92256e+06,1.34176e+07,0,0,0,1.20747e+08
103.622,103.622,3.84867,0.36,0,3.28632,3.35666,0,0.615788,6.16896,4.28834e+06,2.93465e+06,1.40929e+07,0,0,0,0,56.0689,61.308,1.93399,1,1,1.50572,1.53795,0,1.16319,1.69344,8.91204e+06,3.92256e+06,1.34191e+07,0,0,0,1.20747e+08
103.622,103.622,3.74491,0.34,0,3.28669,3.35703,0,0.615857,6.16896,4.28834e+06,2.93465e+06,1.40944e+07,0,0,0,0,55.8517,61.308,1.77526,1,1,1.50589,1.53812,0,1.16332,1.69344,8.91204e+06,3.92256e+06,1.34206e+07,0,0,0,1.20747e+08
103.622,103.622,4.02705,0.31,0,3.25762,3.32734,0,0.615926,6.16896,4.28834e+06,2.93465e+06,1.39698e+07,0,0,0,0,55.7377,61.308,2.23055,1,1,1.54852,1.58166,0,1.16345,1.69344,8.91204e+06,3.92256e+06,1.38005e+07,0,0,0,1.20747e+08
103.622,103.622,3.98421,0.29,0,3.25799,3.32772,0,0.610478,6.16896,4.28834e+06,2.93465e+06,1.39714e+07,0,0,0,0,55.6306,61.308,2.17405,1,1,1.54869,1.58184,0,1.19639,1.69344,8.91204e+06,3.92256e+06,1.3802e+07,0,0,0,1.20747e+08
103.622,103.622,3.66692,0.28,0,3.25835,3.32809,0,0.610547,6.16896,4.28834e+06,2.93465e+06,1.39729e+07,0,0,0,0,55.5075,61.308,2.18578,1,1,1.54887,1.58202,0,1.19652,1.69344,8.91204e+06,3.92256e+06,1.38036e+07,0,0,0,1.20747e+08
103.622,103.622,3.36172,0.25,0,3.25872,3.32846,0,0.610616,6.16896,4.28834e+06,2.93465e+06,1.39745e+07,0,0,0,0,55.3415,61.308,1.92027,1,1,1.54904,1.58219,0,1.19666,1.69344,8.91204e+06,3.92256e+06,1.38051e+07,0,0,0,1.20747e+08
103.622,103.622,3.14564,0.25,0,3.33515,3.40653,0,0.610684,6.16896,4.28834e+06,2.93465e+06,1.43022e+07,0,0,0,0,55.0699,61.308,1.85926,1,1,1.58707,1.62104,0,1.19679,1.69344,8.91204e+06,3.92256e+06,1.4144e+07,0,0,0,1.20747e+08
103.622,103.622,3.65132,0.23,0,3.33552,3.40691,0,0.625007,6.16896,4.28834e+06,2.93465e+06,1.43038e+07,0,0,0,0,54.9672,61.308,2.38559,1,1,1.58725,1.62122,0,1.22617,1.69344,8.91204e+06,3.92256e+06,1.41456e+07,0,0,0,1.20747e+08
103.622,103.622,3.34911,0.23,0,3.3359,3.40729,0,0.625077,6.16896,4.28834e+06,2.93465e+06,1.43055e+07,0,0,0,0,54.7491,61.308,2.36889,1,1,1.58743,1.6214,0,1.22631,1.69344,8.91204e+06,3.92256e+06,1.41472e+07,0,0,0,1.20747e+08
103.622,103.622,3.06682,0.23,0,3.33627,3.40768,0,0.625147,6.16896,4.28834e+06,2.93465e+06,1.43071e+07,0,0,0,0,54.4839,61.308,2.07087,1,1,1.58761,1.62159,0,1.22645,1.69344,8.91204e+06,3.92256e+06,1.41488e+07,0,0,0,1.20747e+08
103.622,103.622,3.26285,0.23,0,3.55949,3.63567,0,0.625218,6.16896,4.28834e+06,2.93465e+06,1.52643e+07,0,0,0,0,54.1967,61.308,2.45407,1,1,1.69344,1.7614,0.0310476,1.22659,1.69344,8.91204e+06,3.92256e+06,1.5092e+07,0,0,0,1.20747e+08
103.622,103.622,3.52222,0.23,0,3.55989,3.63608,0,0.667048,6.16896,4.28834e+06,2.93465e+06,1.5266e+07,0,0,0,0,53.9099,61.308,2.11014,1,1,1.69344,1.76159,0.0312415,1.30835,1.69344,8.91204e+06,3.92256e+06,1.5092e+07,0,0,0,1.20747e+08
103.622,103.622,3.89582,0.25,0,3.56029,3.63649,0,0.667123,6.16896,4.28834e+06,2.93465e+06,1.52677e+07,0,0,0,0,53.7816,61.308,2.61647,1,1,1.69344,1.76179,0.0314353,1.30835,1.69344,8.91204e+06,3.92256e+06,1.5092e+07,0,0,0,1.20747e+08
103.524,103.622,3.16668,0.25,0,3.56069,3.63689,0,0.667198,6.16896,4.28834e+06,2.93465e+06,1.52694e+07,0,0,0,0,53.4226,61.308,1.84105,1,1,1.69344,1.76199,0.0316292,1.30835,1.69344,8.91204e+06,3.92256e+06,1.5092e+07,0,0,0,1.20747e+08
103.622,103.622,3.91134,0.25,0,3.56109,3.6373,0,0.667273,6.16896,4.28834e+06,2.93465e+06,1.52711e+07,0,0,0,0,53.246,61.308,3.37097,1,1,1.69344,1.76219,0.031823,1.30835,1.69344,8.91204e+06,3.92256e+06,1.5092e+07,0,0,0,1.20747e+08
102.735,103.622,2.21249,0.24,0,3.45282,3.52672,0,0.667348,6.16896,4.28834e+06,2.93465e+06,1.48069e+07,0,0,0,0,52.4145,61.308,1.46219,1,1,1.64244,1.67759,0,1.30835,1.69344,8.91204e+06,3.92256e+06,1.46375e+07,0,0,0,1.20747e+08
101.479,103.622,1.91528,0.24,0,3.45321,3.52712,0,0.647059,6.16896,4.28834e+06,2.93465e+06,1.48085e+07,0,0,0,0,51.6281,61.308,1.29127,1,1,1.64262,1.67778,0,1.26895,1.69344,8.91204e+06,3.92256e+06,1.46391e+07,0,0,0,1.20747e+08
100.366,103.622,2.08514,0.17,0,3.4536,3.52751,0,0.647132,6.16896,4.28834e+06,2.93465e+06,1.48102e+07,0,0,0,0,50.9858,61.308,1.41318,1,1,1.64281,1.67797,0,1.26909,1.69344,8.91204e+06,3.92256e+06,1.46408e+07,0,0,0,1.20747e+08
99.2977,103.622,2.17105,0.12,0,3.45399,3.52791,0,0.647205,6.16896,4.28834e+06,2.93465e+06,1.48119e+07,0,0,0,0,50.5584,61.308,1.48489,1,1,1.64299,1.67815,0,1.26923,1.69344,8.91204e+06,3.92256e+06,1.46424e+07,0,0,0,1.20747e+08
98.2208,103.622,2.31346,0.1,0,3.36514,3.43716,0,0.647277,6.16896,4.28834e+06,2.93465e+06,1.44309e+07,0,0,0,0,50.4086,61.308,1.86432,1,1,1.56757,1.60112,0,1.26938,1.69344,8.91204e+06,3.92256e+06,1.39703e+07,0,0,0,1.20747e+08
96.2357,103.622,1.27732,0,0,3.36552,3.43755,0,0.630628,6.16896,4.28834e+06,2.93465e+06,1.44325e+07,0,0,0,0,49.6493,61.308,1.70057,1,1,1.56775,1.6013,0,1.21111,1.69344,8.91204e+06,3.92256e+06,1.39718e+07,0,0,0,1.20747e+08
94.3483,103.622,1.33434,0.08,0,3.3659,3.43794,0,0.630698,6.16896,4.28834e+06,2.93465e+06,1.44341e+07,0,0,0,0,49.3171,61.308,1.08416,1,1,1.56793,1.60148,0,1.21124,1.69344,8.91204e+06,3.92256e+06,1.39734e+07,0,0,0,1.20747e+08
93.9721,103.622,3.01097,0,0,3.36628,3.43832,0,0.630769,6.16896,4.28834e+06,2.93465e+06,1.44357e+07,0,0,0,0,49.6624,61.308,2.95118,1,1,1.5681,1.60166,0,1.21138,1.69344,8.91204e+06,3.92256e+06,1.3975e+07,0,0,0,1.20747e+08
94.7003,103.622,4.20235,0,0,3.17973,3.17973,0,0.63084,6.16896,4.28834e+06,2.70226e+06,1.36358e+07,0,0,0,0,50.5541,61.308,4.84449,0,1,1.44094,1.44094,0,1.21152,1.69344,8.91204e+06,3.61194e+06,1.28417e+07,0,0,0,1.20747e+08
93.1722,103.622,1.72691,0,0,3.18009,3.18009,0,0.595882,6.16896,4.28834e+06,2.70226e+06,1.36373e+07,0,0,0,0,50.9798,61.308,2.77986,0,1,1.44111,1.44111,0,1.11327,1.69344,8.91204e+06,3.61194e+06,1.28432e+07,0,0,0,1.20747e+08
91.8302,103.622,1.97151,0,0,3.18045,3.18045,0,0.595949,6.16896,4.28834e+06,2.70226e+06,1.36388e+07,0,0,0,0,51.4584,61.308,2.80354,0,1,1.44127,1.44127,0,1.1134,1.69344,8.91204e+06,3.61194e+06,1.28446e+07,0,0,0,1.20747e+08
90.3224,103.622,1.74176,0,0,3.18081,3.18081,0,0.596016,6.16896,4.28834e+06,2.70226e+06,1.36404e+07,0,0,0,0,51.9094,61.308,2.70199,0,1,1.44143,1.44143,0,1.11352,1.69344,8.91204e+06,3.61194e+06,1.28461e+07,0,0,0,1.20747e+08
89.2967,103.622,2.20181,0,0,3.18116,3.18116,0,0.596083,6.16896,4.28834e+06,2.70226e+06,1.36419e+07,0,0,0,0,52.2978,61.308,2.71706,0,1,1.44159,1.44159,0,1.11365,1.69344,8.91204e+06,3.61194e+06,1.28475e+07,0,0,0,1.20747e+08
88.605,103.622,2.53996,0,0,3.18116,3.18116,0,0.59615,6.16896,4.28834e+06,2.70226e+06,1.36419e+07,0,0,0,0,52.39,61.308,2.56101,0,1,1.44159,1.44159,0,1.11377,1.69344,8.91204e+06,3.61194e+06,1.28475e+07,0,0,0,1.20747e+08
87.7344,103.622,2.44907,0,0,3.28117,3.28117,0,0.59615,6.16896,4.28834e+06,2.70226e+06,1.40708e+07,0,0,0,0,52.1662,61.308,1.84396,0,1,1.48836,1.48836,0,1.11377,1.69344,8.91204e+06,3.61194e+06,1.32644e+07,0,0,0,1.20747e+08
88.459,103.622,4.21983,0,0,3.28152,3.28152,0,0.614892,6.16896,4.28834e+06,2.70226e+06,1.40722e+07,0,0,0,0,52.2588,61.308,2.55632,0,1,1.48852,1.48852,0,1.14991,1.69344,8.91204e+06,3.61194e+06,1.32657e+07,0,0,0,1.20747e+08
89.392,103.622,4.48999,0,0,3.28186,3.28186,0,0.614956,6.16896,4.28834e+06,2.70226e+06,1.40737e+07,0,0,0,0,52.6127,61.308,3.58423,0,1,1.48867,1.48867,0,1.15003,1.69344,8.91204e+06,3.61194e+06,1.32671e+07,0,0,0,1.20747e+08
91.5114,103.622,6.05113,0,0,3.2822,3.2822,0,0.61502,6.16896,4.28834e+06,2.70226e+06,1.40752e+07,0,0,0,0,53.3754,61.308,5.34941,0,1,1.48883,1.48883,0,1.15015,1.69344,8.91204e+06,3.61194e+06,1.32685e+07,0,0,0,1.20747e+08
95.0179,103.622,7.41765,0,0,3.52722,3.60271,0,0.615084,6.16896,4.28834e+06,2.93465e+06,1.51259e+07,0,0,0,0,53.8247,61.308,4.52133,1,1,1.62919,1.66406,0,1.15027,1.69344,8.91204e+06,3.92256e+06,1.45194e+07,0,0,0,1.20747e+08
97.2386,103.622,6.30456,0,0,3.52759,3.60308,0,0.661001,6.16896,4.28834e+06,2.93465e+06,1.51275e+07,0,0,0,0,54.0456,61.308,3.95877,1,1,1.62936,1.66423,0,1.25871,1.69344,8.91204e+06,3.92256e+06,1.45209e+07,0,0,0,1.20747e+08
98.5227,103.622,5.09781,0,0,3.52795,3.60346,0,0.66107,6.16896,4.28834e+06,2.93465e+06,1.5129e+07,0,0,0,0,54.0629,61.308,3.21816,1,1,1.62953,1.6644,0,1.25884,1.69344,8.91204e+06,3.92256e+06,1.45224e+07,0,0,0,1.20747e+08
99.9332,103.622,5.09307,0,0,3.52832,3.60383,0,0.661138,6.16896,4.28834e+06,2.93465e+06,1.51306e+07,0,0,0,0,53.9058,61.308,2.71808,1,1,1.6297,1.66457,0,1.25897,1.69344,8.91204e+06,3.92256e+06,1.45239e+07,0,0,0,1.20747e+08
100.115,103.622,3.55919,0,0,3.14735,3.14735,0,0.661207,6.16896,4.28834e+06,2.70226e+06,1.34969e+07,0,0,0,0,53.8475,61.308,2.34478,0,1,1.4297,1.4297,0,1.2591,1.69344,8.91204e+06,3.61194e+06,1.27415e+07,0,0,0,1.20747e+08
100.746,103.622,3.92263,0,0,3.14768,3.14768,0,0.589814,6.16896,4.28834e+06,2.70226e+06,1.34983e+07,0,0,0,0,53.916,61.308,2.18325,0,1,1.42985,1.42985,0,1.10459,1.69344,8.91204e+06,3.61194e+06,1.27429e+07,0,0,0,1.20747e+08
100.864,103.622,3.44453,0,0,3.14801,3.14801,0,0.589875,6.16896,4.28834e+06,2.70226e+06,1.34997e+07,0,0,0,0,54.1198,61.308,2.18376,0,1,1.43,1.43,0,1.1047,1.69344,8.91204e+06,3.61194e+06,1.27442e+07,0,0,0,1.20747e+08
100.322,103.622,2.75246,0,0,3.14833,3.14833,0,0.589936,6.16896,4.28834e+06,2.70226e+06,1.35011e+07,0,0,0,0,54.1456,61.308,2.51288,0,1,1.43015,1.43015,0,1.10482,1.69344,8.91204e+06,3.61194e+06,1.27455e+07,0,0,0,1.20747e+08
100.709,103.622,3.84661,0,0,3.14866,3.14866,0,0.589997,6.16896,4.28834e+06,2.70226e+06,1.35025e+07,0,0,0,0,54.2171,61.308,1.9823,0,1,1.43029,1.43029,0,1.10493,1.69344,8.91204e+06,3.61194e+06,1.27468e+07,0,0,0,1.20747e+08
101.093,103.622,3.82592,0,0,3.26404,3.26404,0,0.590059,6.16896,4.28834e+06,2.70226e+06,1.39973e+07,0,0,0,0,54.3946,61.308,2.38798,0,1,1.48797,1.48797,0,1.10504,1.69344,8.91204e+06,3.61194e+06,1.32609e+07,0,0,0,1.20747e+08
101.226,103.622,3.64028,0,0,3.26438,3.26438,0,0.611682,6.16896,4.28834e+06,2.70226e+06,1.39988e+07,0,0,0,0,54.5933,61.308,2.45703,0,1,1.48813,1.48813,0,1.14961,1.69344,8.91204e+06,3.61194e+06,1.32623e+07,0,0,0,1.20747e+08
100.973,103.622,3.11926,0,0,3.26472,3.26472,0,0.611745,6.16896,4.28834e+06,2.70226e+06,1.40002e+07,0,0,0,0,54.3492,61.308,2.30018,0,1,1.48828,1.48828,0,1.14973,1.69344,8.91204e+06,3.61194e+06,1.32636e+07,0,0,0,1.20747e+08
100.305,103.622,2.60141,0,0,3.26506,3.26506,0,0.611809,6.16896,4.28834e+06,2.70226e+06,1.40017e+07,0,0,0,0,54.2186,61.308,1.6647,0,1,1.48844,1.48844,0,1.14985,1.69344,8.91204e+06,3.61194e+06,1.3265e+07,0,0,0,1.20747e+08
99.423,103.622,2.40546,0,0,3.22039,3.22039,0,0.611872,6.16896,4.28834e+06,2.70226e+06,1.38101e+07,0,0,0,0,54.2517,61.308,2.14643,0,1,1.46624,1.46624,0,1.14997,1.69344,8.91204e+06,3.61194e+06,1.30672e+07,0,0,0,1.20747e+08
99.7082,103.622,3.58422,0,0,3.22073,3.22073,0,0.603502,6.16896,4.28834e+06,2.70226e+06,1.38116e+07,0,0,0,0,54.4353,61.308,2.55611,0,1,1.46639,1.46639,0,1.13282,1.69344,8.91204e+06,3.61194e+06,1.30685e+07,0,0,0,1.20747e+08
98.8738,103.622,2.34424,0,0,3.22106,3.22106,0,0.603565,6.16896,4.28834e+06,2.70226e+06,1.3813e+07,0,0,0,0,54.3375,61.308,2.18052,0,1,1.46654,1.46654,0,1.13293,1.69344,8.91204e+06,3.61194e+06,1.30699e+07,0,0,0,1.20747e+08
97.7999,103.622,2.04347,0,0,3.2214,3.2214,0,0.603627,6.16896,4.28834e+06,2.70226e+06,1.38144e+07,0,0,0,0,54.1353,61.308,1.83517,0,1,1.46669,1.46669,0,1.13305,1.69344,8.91204e+06,3.61194e+06,1.30712e+07,0,0,0,1.20747e+08
96.6603,103.622,1.98315,0,0,3.30385,3.37456,0,0.60369,6.16896,4.28834e+06,2.93465e+06,1.4168e+07,0,0,0,0,53.8572,61.308,1.83827,1,1,1.51376,1.54615,0,1.13317,1.69344,8.91204e+06,3.92256e+06,1.34906e+07,0,0,0,1.20747e+08
95.4183,103.622,1.81226,0,0,3.3042,3.37491,0,0.619142,6.16896,4.28834e+06,2.93465e+06,1.41695e+07,0,0,0,0,53.5875,61.308,1.72009,1,1,1.51391,1.54631,0,1.16953,1.69344,8.91204e+06,3.92256e+06,1.3492e+07,0,0,0,1.20747e+08
94.0975,103.622,1.68264,0,0,3.30454,3.37526,0,0.619206,6.16896,4.28834e+06,2.93465e+06,1.4171e+07,0,0,0,0,53.2742,61.308,1.72995,1,1,1.51407,1.54647,0,1.16965,1.69344,8.91204e+06,3.92256e+06,1.34934e+07,0,0,0,1.20747e+08
92.749,103.622,1.63728,0,0,3.30488,3.37561,0,0.619271,6.16896,4.28834e+06,2.93465e+06,1.41724e+07,0,0,0,0,53.0813,61.308,1.70515,1,1,1.51423,1.54663,0,1.16977,1.69344,8.91204e+06,3.92256e+06,1.34948e+07,0,0,0,1.20747e+08
91.3303,103.622,1.50648,0,0,3.30522,3.37596,0,0.619335,6.16896,4.28834e+06,2.93465e+06,1.41739e+07,0,0,0,0,52.9839,61.308,1.8908,1,1,1.51438,1.5468,0,1.16989,1.69344,8.91204e+06,3.92256e+06,1.34962e+07,0,0,0,1.20747e+08
89.8266,103.622,1.36567,0,0,3.27596,3.34607,0,0.619399,6.16896,4.28834e+06,2.93465e+06,1.40484e+07,0,0,0,0,52.841,61.308,1.96203,1,1,1.55724,1.59057,0,1.17001,1.69344,8.91204e+06,3.92256e+06,1.38782e+07,0,0,0,1.20747e+08
88.2451,103.622,1.24921,0,0,3.2763,3.34642,0,0.613915,6.16896,4.28834e+06,2.93465e+06,1.40499e+07,0,0,0,0,52.6736,61.308,1.7985,1,1,1.5574,1.59073,0,1.20312,1.69344,8.91204e+06,3.92256e+06,1.38796e+07,0,0,0,1.20747e+08
86.6583,103.622,1.18308,0,0,3.27664,3.34677,0,0.613979,6.16896,4.28834e+06,2.93465e+06,1.40513e+07,0,0,0,0,52.3081,61.308,1.781,1,1,1.55756,1.5909,0,1.20325,1.69344,8.91204e+06,3.92256e+06,1.3881e+07,0,0,0,1.20747e+08
84.9771,103.622,1.04735,0,0,3.27698,3.34712,0,0.614043,6.16896,4.28834e+06,2.93465e+06,1.40528e+07,0,0,0,0,51.8613,61.308,1.63692,1,1,1.55772,1.59106,0,1.20337,1.69344,8.91204e+06,3.92256e+06,1.38825e+07,0,0,0,1.20747e+08
83.3592,103.622,1.14492,0,0,3.35381,3.42559,0,0.614107,6.16896,4.28834e+06,2.93465e+06,1.43823e+07,0,0,0,0,51.5098,61.308,1.69561,1,1,1.59595,1.63011,0,1.2035,1.69344,8.91204e+06,3.92256e+06,1.42232e+07,0,0,0,1.20747e+08
81.6911,103.622,1.05195,0,0,3.35416,3.42594,0,0.628504,6.16896,4.28834e+06,2.93465e+06,1.43838e+07,0,0,0,0,50.9329,61.308,1.67946,1,1,1.59612,1.63028,0,1.23303,1.69344,8.91204e+06,3.92256e+06,1.42247e+07,0,0,0,1.20747e+08
79.9763,103.622,0.961171,0,0,3.35451,3.4263,0,0.628569,6.16896,4.28834e+06,2.93465e+06,1.43852e+07,0,0,0,0,50.5278,61.308,1.46948,1,1,1.59628,1.63045,0,1.23316,1.69344,8.91204e+06,3.92256e+06,1.42261e+07,0,0,0,1.20747e+08
78.3436,103.622,1.038,0,0,3.35485,3.42665,0,0.628634,6.16896,4.28834e+06,2.93465e+06,1.43867e+07,0,0,0,0,49.8232,61.308,1.74054,1,1,1.59645,1.63062,0,1.23329,1.69344,8.91204e+06,3.92256e+06,1.42276e+07,0,0,0,1.20747e+08
76.3768,103.622,0.789164,0,0,3.57928,3.65589,0,0.6287,6.16896,4.28834e+06,2.93465e+06,1.53492e+07,0,0,0,0,48.9978,61.308,1.2409,1,1,1.69344,1.77119,0.0406371,1.23342,1.69344,8.91204e+06,3.92256e+06,1.5092e+07,0,0,0,1.20747e+08
74.4802,103.622,0.817216,0,0,3.57965,3.65627,0,0.670757,6.16896,4.28834e+06,2.93465e+06,1.53508e+07,0,0,0,0,47.9752,61.308,1.42409,1,1,1.69344,1.77137,0.0408172,1.30835,1.69344,8.91204e+06,3.92256e+06,1.5092e+07,0,0,0,1.20747e+08
72.4889,103.622,0.663534,0,0,3.58003,3.65665,0,0.670827,6.16896,4.28834e+06,2.93465e+06,1.53524e+07,0,0,0,0,47.3232,61.308,1.06937,1,1,1.69344,1.77156,0.0409971,1.30835,1.69344,8.91204e+06,3.92256e+06,1.5092e+07,0,0,0,1.20747e+08
70.6501,103.622,0.81182,0,0,3.5804,3.65702,0,0.670897,6.16896,4.28834e+06,2.93465e+06,1.53539e+07,0,0,0,0,46.4163,61.308,1.75754,1,1,1.69344,1.77174,0.0411772,1.30835,1.69344,8.91204e+06,3.92256e+06,1.5092e+07,0,0,0,1.20747e+08
68.6478,103.622,0.561467,0,0,3.58077,3.6574,0,0.670966,6.16896,4.28834e+06,2.93465e+06,1.53555e+07,0,0,0,0,45.2575,61.308,1.1149,1,1,1.69344,1.77193,0.0413573,1.30835,1.69344,8.91204e+06,3.92256e+06,1.5092e+07,0,0,0,1.20747e+08
66.4689,103.622,0.471891,0,0,3.47188,3.54618,0,0.671036,6.16896,4.28834e+06,2.93465e+06,1.48886e+07,0,0,0,0,44.251,61.308,1.06591,1,1,1.6515,1.68685,0,1.30835,1.69344,8.91204e+06,3.92256e+06,1.47182e+07,0,0,0,1.20747e+08
64.8578,103.622,0.602857,0,0,3.47224,3.54655,0,0.650629,6.16896,4.28834e+06,2.93465e+06,1.48901e+07,0,0,0,0,43.7213,61.308,1.19005,1,1,1.65167,1.68702,0,1.27595,1.69344,8.91204e+06,3.92256e+06,1.47198e+07,0,0,0,1.20747e+08
63.2731,103.622,0.884282,0,0,3.4726,3.54692,0,0.650697,6.16896,4.28834e+06,2.93465e+06,1.48917e+07,0,0,0,0,43.2077,61.308,1.95191,1,1,1.65184,1.6872,0,1.27608,1.69344,8.91204e+06,3.92256e+06,1.47213e+07,0,0,0,1.20747e+08
61.6483,103.622,0.825797,0,0,3.47296,3.54729,0,0.650765,6.16896,4.28834e+06,2.93465e+06,1.48932e+07,0,0,0,0,42.61,61.308,1.53454,1,1,1.65201,1.68737,0,1.27621,1.69344,8.91204e+06,3.92256e+06,1.47228e+07,0,0,0,1.20747e+08
60.2576,103.622,1.08559,0,0,3.38359,3.45601,0,0.650832,6.16896,4.28834e+06,2.93465e+06,1.451e+07,0,0,0,0,42.3985,61.308,1.64654,1,1,1.57617,1.6099,0,1.27635,1.69344,8.91204e+06,3.92256e+06,1.40469e+07,0,0,0,1.20747e+08
59.1077,103.622,1.27105,0,0,3.38394,3.45637,0,0.634085,6.16896,4.28834e+06,2.93465e+06,1.45115e+07,0,0,0,0,42.2791,61.308,2.23602,1,1,1.57633,1.61007,0,1.21775,1.69344,8.91204e+06,3.92256e+06,1.40483e+07,0,0,0,1.20747e+08
57.8967,103.622,1.21087,0,0,3.3843,3.45673,0,0.634151,6.16896,4.28834e+06,2.93465e+06,1.4513e+07,0,0,0,0,41.8788,61.308,2.02931,1,1,1.5765,1.61024,0,1.21787,1.69344,8.91204e+06,3.92256e+06,1.40498e+07,0,0,0,1.20747e+08
56.7944,103.622,1.25449,0,0,3.38465,3.45708,0,0.634217,6.16896,4.28834e+06,2.93465e+06,1.45145e+07,0,0,0,0,41.6966,61.308,1.6192,1,1,1.57666,1.6104,0,1.218,1.69344,8.91204e+06,3.92256e+06,1.40513e+07,0,0,0,1.20747e+08
57.0229,103.622,2.70905,0,0,3.19706,3.19706,0,0.634283,6.16896,4.28834e+06,2.70226e+06,1.37101e+07,0,0,0,0,41.9757,61.308,2.97065,0,1,1.44879,1.44879,0,1.21813,1.69344,8.91204e+06,3.61194e+06,1.29117e+07,0,0,0,1.20747e+08
58.083,103.622,3.51094,0,0,3.19739,3.19739,0,0.599129,6.16896,4.28834e+06,2.70226e+06,1.37115e+07,0,0,0,0,42.2229,61.308,3.2495,0,1,1.44894,1.44894,0,1.11934,1.69344,8.91204e+06,3.61194e+06,1.2913e+07,0,0,0,1.20747e+08
58.281,103.622,2.70179,0,0,3.19772,3.19772,0,0.599191,6.16896,4.28834e+06,2.70226e+06,1.37129e+07,0,0,0,0,42.1372,61.308,2.71575,0,1,1.44909,1.44909,0,1.11945,1.69344,8.91204e+06,3.61194e+06,1.29144e+07,0,0,0,1.20747e+08
57.9481,103.622,1.98069,0,0,3.19805,3.19805,0,0.599253,6.16896,4.28834e+06,2.70226e+06,1.37143e+07,0,0,0,0,41.9869,61.308,1.74275,0,1,1.44925,1.44925,0,1.11957,1.69344,8.91204e+06,3.61194e+06,1.29157e+07,0,0,0,1.20747e+08
58.2246,103.622,2.8705,0,0,3.19839,3.19839,0,0.599315,6.16896,4.28834e+06,2.70226e+06,1.37158e+07,0,0,0,0,42.7506,61.308,5.175,0,1,1.4494,1.4494,0,1.11969,1.69344,8.91204e+06,3.61194e+06,1.29171e+07,0,0,0,1.20747e+08
59.6842,103.622,4.31113,0,0,3.29891,3.29891,0,0.599378,6.16896,4.28834e+06,2.70226e+06,1.41468e+07,0,0,0,0,44.824,61.308,7.514,0,1,1.49641,1.49641,0,1.1198,1.69344,8.91204e+06,3.61194e+06,1.33361e+07,0,0,0,1.20747e+08
60.932,103.622,4.00461,0,0,3.29923,3.29923,0,0.618216,6.16896,4.28834e+06,2.70226e+06,1.41482e+07,0,0,0,0,47.1558,61.308,7.45994,0,1,1.49655,1.49655,0,1.15613,1.69344,8.91204e+06,3.61194e+06,1.33373e+07,0,0,0,1.20747e+08
62.2242,103.622,4.16362,0,0,3.29954,3.29954,0,0.618275,6.16896,4.28834e+06,2.70226e+06,1.41495e+07,0,0,0,0,48.9168,61.308,6.13755,0,1,1.49669,1.49669,0,1.15624,1.69344,8.91204e+06,3.61194e+06,1.33386e+07,0,0,0,1.20747e+08
63.4106,103.622,4.06376,0,0,3.29986,3.29986,0,0.618334,6.16896,4.28834e+06,2.70226e+06,1.41509e+07,0,0,0,0,50.6663,61.308,6.11486,0,1,1.49684,1.49684,0,1.15635,1.69344,8.91204e+06,3.61194e+06,1.33399e+07,0,0,0,1.20747e+08
64.2181,103.622,3.59913,0,0,3.54617,3.62206,0,0.618393,6.16896,4.28834e+06,2.93465e+06,1.52072e+07,0,0,0,0,52.3242,61.308,6.7903,1,1,1.63794,1.67299,0,1.15646,1.69344,8.91204e+06,3.92256e+06,1.45974e+07,0,0,0,1.20747e+08
67.1636,103.622,6.43588,0,0,3.5465,3.62241,0,0.664552,6.16896,4.28834e+06,2.93465e+06,1.52086e+07,0,0,0,0,54.8543,61.308,8.61014,1,1,1.63809,1.67315,0,1.26547,1.69344,8.91204e+06,3.92256e+06,1.45988e+07,0,0,0,1.20747e+08
70.0354,103.622,6.23035,0,0,3.54684,3.62275,0,0.664615,6.16896,4.28834e+06,2.93465e+06,1.52101e+07,0,0,0,0,57.737,61.308,9.72894,1,1,1.63825,1.67331,0,1.26559,1.69344,8.91204e+06,3.92256e+06,1.46002e+07,0,0,0,1.20747e+08
72.5167,103.622,5.79455,0,0,3.54718,3.6231,0,0.664678,6.16896,4.28834e+06,2.93465e+06,1.52115e+07,0,0,0,0,59.655,61.308,8.45295,1,1,1.63841,1.67347,0,1.26571,1.69344,8.91204e+06,3.92256e+06,1.46015e+07,0,0,0,1.20747e+08
78.4308,103.622,9.62442,0,0,3.16415,3.16415,0,0.664742,6.16896,4.28834e+06,2.70226e+06,1.35689e+07,0,0,0,0,62.3362,61.308,13.9919,0,1,1.43733,1.43733,0,1.26583,1.69344,8.91204e+06,3.61194e+06,1.28095e+07,0,0,0,1.20747e+08
81.7332,103.622,7.00877,0,0,3.16445,3.16445,0,0.592962,6.16896,4.28834e+06,2.70226e+06,1.35702e+07,0,0,0,0,62.3362,61.308,11.0844,0,1,1.43747,1.43747,0,1.11048,1.69344,8.91204e+06,3.61194e+06,1.28108e+07,0,0,0,1.20747e+08
84.4099,103.622,6.2518,0,0,3.16475,3.16475,0,0.593018,6.16896,4.28834e+06,2.70226e+06,1.35715e+07,0,0,0,0,62.3362,61.308,8.04451,0,1,1.4376,1.4376,0,1.11059,1.69344,8.91204e+06,3.61194e+06,1.2812e+07,0,0,0,1.20747e+08
87.3626,103.622,6.59575,0,0,3.16506,3.16506,0,0.593075,6.16896,4.28834e+06,2.70226e+06,1.35728e+07,0,0,0,0,62.3362,61.308,10.5565,0,1,1.43774,1.43774,0,1.11069,1.69344,8.91204e+06,3.61194e+06,1.28132e+07,0,0,0,1.20747e+08
93.5377,103.622,10.2361,0,0,3.16536,3.16536,0,0.593131,6.16896,4.28834e+06,2.70226e+06,1.35741e+07,0,0,0,0,62.3362,61.308,15.2399,0,1,1.43788,1.43788,0,1.1108,1.69344,8.91204e+06,3.61194e+06,1.28144e+07,0,0,0,1.20747e+08
98.4182,103.622,9.05129,0,0,3.28133,3.28133,0,0.593188,6.16896,4.28834e+06,2.70226e+06,1.40714e+07,0,0,0,0,62.3362,61.308,10.2689,0,1,1.49585,1.49585,0,1.11091,1.69344,8.91204e+06,3.61194e+06,1.33311e+07,0,0,0,1.20747e+08
102.372,103.622,8.1661,0,0,3.28164,3.28164,0,0.61492,6.16896,4.28834e+06,2.70226e+06,1.40728e+07,0,0,0,0,62.3362,61.308,8.65898,0,1,1.49599,1.49599,0,1.1557,1.69344,8.91204e+06,3.61194e+06,1.33324e+07,0,0,0,1.20747e+08
103.622,103.622,7.59561,0,0,3.28195,3.28195,0,0.614979,6.16896,4.28834e+06,2.70226e+06,1.40741e+07,0,0,0,0,62.3362,61.308,9.91935,0,1,1.49614,1.49614,0,1.15581,1.69344,8.91204e+06,3.61194e+06,1.33336e+07,0,0,0,1.20747e+08
103.622,103.622,6.08329,0,0,3.28226,3.28226,0,0.615038,6.16896,4.28834e+06,2.70226e+06,1.40755e+07,0,0,0,0,62.3362,61.308,6.60926,0,1,1.49628,1.49628,0,1.15592,1.69344,8.91204e+06,3.61194e+06,1.33349e+07,0,0,0,1.20747e+08
103.622,103.622,5.56131,0,0,3.23734,3.23734,0,0.615096,6.16896,4.28834e+06,2.70226e+06,1.38828e+07,0,0,0,0,62.3362,61.308,5.11002,0,1,1.47395,1.47395,0,1.15603,1.69344,8.91204e+06,3.61194e+06,1.31359e+07,0,0,0,1.20747e+08
103.622,103.622,5.26545,0,0,3.23764,3.23764,0,0.606677,6.16896,4.28834e+06,2.70226e+06,1.38841e+07,0,0,0,0,62.3362,61.308,4.92118,0,1,1.47409,1.47409,0,1.13877,1.69344,8.91204e+06,3.61194e+06,1.31372e+07,0,0,0,1.20747e+08
103.622,103.622,5.01888,0,0,3.23795,3.23795,0,0.606735,6.16896,4.28834e+06,2.70226e+06,1.38854e+07,0,0,0,0,62.3362,61.308,5.84455,0,1,1.47423,1.47423,0,1.13888,1.69344,8.91204e+06,3.61194e+06,1.31384e+07,0,0,0,1.20747e+08
103.622,103.622,4.66485,0,0,3.23826,3.23826,0,0.606792,6.16896,4.28834e+06,2.70226e+06,1.38868e+07,0,0,0,0,62.3362,61.308,5.16678,0,1,1.47437,1.47437,0,1.13899,1.69344,8.91204e+06,3.61194e+06,1.31397e+07,0,0,0,1.20747e+08
103.622,103.622,3.97794,0,0,3.32112,3.3922,0,0.60685,6.16896,4.28834e+06,2.93465e+06,1.42421e+07,0,0,0,0,62.3362,61.308,4.28548,1,1,1.52167,1.55423,0,1.1391,1.69344,8.91204e+06,3.92256e+06,1.35612e+07,0,0,0,1.20747e+08
103.622,103.622,4.0067,0,0,3.32144,3.39252,0,0.622378,6.16896,4.28834e+06,2.93465e+06,1.42434e+07,0,0,0,0,62.3362,61.308,4.80405,1,1,1.52181,1.55438,0,1.17564,1.69344,8.91204e+06,3.92256e+06,1.35624e+07,0,0,0,1.20747e+08
103.622,103.622,3.52674,0,0,3.32175,3.39285,0,0.622437,6.16896,4.28834e+06,2.93465e+06,1.42448e+07,0,0,0,0,62.3362,61.308,4.02437,1,1,1.52196,1.55453,0,1.17575,1.69344,8.91204e+06,3.92256e+06,1.35637e+07,0,0,0,1.20747e+08
103.622,103.622,3.32158,0,0,3.32207,3.39317,0,0.622497,6.16896,4.28834e+06,2.93465e+06,1.42462e+07,0,0,0,0,62.3362,61.308,3.4499,1,1,1.5221,1.55468,0,1.17586,1.69344,8.91204e+06,3.92256e+06,1.3565e+07,0,0,0,1.20747e+08
103.622,103.622,3.26048,0,0,3.32239,3.39349,0,0.622556,6.16896,4.28834e+06,2.93465e+06,1.42475e+07,0,0,0,0,62.3362,61.308,3.30382,1,1,1.52225,1.55483,0,1.17598,1.69344,8.91204e+06,3.92256e+06,1.35663e+07,0,0,0,1.20747e+08
103.601,103.622,3.11666,0,0,3.29295,3.36342,0,0.622615,6.16896,4.28834e+06,2.93465e+06,1.41213e+07,0,0,0,0,62.3362,61.308,3.28021,1,1,1.56531,1.59881,0,1.17609,1.69344,8.91204e+06,3.92256e+06,1.39501e+07,0,0,0,1.20747e+08
103.371,103.622,2.87418,0,0,3.29326,3.36374,0,0.617098,6.16896,4.28834e+06,2.93465e+06,1.41226e+07,0,0,0,0,62.3362,61.308,3.22233,1,1,1.56546,1.59896,0,1.20936,1.69344,8.91204e+06,3.92256e+06,1.39514e+07,0,0,0,1.20747e+08
102.981,103.622,2.69255,0,0,3.29357,3.36406,0,0.617157,6.16896,4.28834e+06,2.93465e+06,1.4124e+07,0,0,0,0,62.3362,61.308,3.3269,1,1,1.56561,1.59912,0,1.20947,1.69344,8.91204e+06,3.92256e+06,1.39528e+07,0,0,0,1.20747e+08
102.532,103.622,2.60448,0,0,3.29389,3.36438,0,0.617216,6.16896,4.28834e+06,2.93465e+06,1.41253e+07,0,0,0,0,62.3362,61.308,3.12646,1,1,1.56576,1.59927,0,1.20959,1.69344,8.91204e+06,3.92256e+06,1.39541e+07,0,0,0,1.20747e+08
101.888,103.622,2.41955,0,0,3.37108,3.44323,0,0.617275,6.16896,4.28834e+06,2.93465e+06,1.44563e+07,0,0,0,0,62.2995,61.308,2.81639,1,1,1.60417,1.6385,0,1.20971,1.69344,8.91204e+06,3.92256e+06,1.42964e+07,0,0,0,1.20747e+08
101.069,103.622,2.23386,0,0,3.3714,3.44356,0,0.631741,6.16896,4.28834e+06,2.93465e+06,1.44577e+07,0,0,0,0,62.214,61.308,2.72996,1,1,1.60432,1.63866,0,1.23938,1.69344,8.91204e+06,3.92256e+06,1.42978e+07,0,0,0,1.20747e+08
100.075,103.622,2.03084,0,0,3.37172,3.44389,0,0.631801,6.16896,4.28834e+06,2.93465e+06,1.44591e+07,0,0,0,0,62.0945,61.308,2.49538,1,1,1.60448,1.63882,0,1.2395,1.69344,8.91204e+06,3.92256e+06,1.42992e+07,0,0,0,1.20747e+08
98.8837,103.622,1.80598,0,0,3.37205,3.44421,0,0.631861,6.16896,4.28834e+06,2.93465e+06,1.44605e+07,0,0,0,0,61.9622,61.308,2.462,1,1,1.60463,1.63897,0,1.23962,1.69344,8.91204e+06,3.92256e+06,1.43005e+07,0,0,0,1.20747e+08
97.7203,103.622,1.98353,0,0,3.59759,3.67459,0,0.631921,6.16896,4.28834e+06,2.93465e+06,1.54277e+07,0,0,0,0,61.7001,61.308,2.55461,1,1,1.69344,1.78025,0.0495088,1.23974,1.69344,8.91204e+06,3.92256e+06,1.5092e+07,0,0,0,1.20747e+08
96.9939,103.622,2.45921,0,0,3.59794,3.67494,0,0.674189,6.16896,4.28834e+06,2.93465e+06,1.54292e+07,0,0,0,0,61.5883,61.308,3.23388,1,1,1.69344,1.78042,0.049675,1.30835,1.69344,8.91204e+06,3.92256e+06,1.5092e+07,0,0,0,1.20747e+08
95.8264,103.622,1.97609,0,0,3.59828,3.67529,0,0.674253,6.16896,4.28834e+06,2.93465e+06,1.54306e+07,0,0,0,0,61.2468,61.308,2.32832,1,1,1.69344,1.78059,0.0498412,1.30835,1.69344,8.91204e+06,3.92256e+06,1.5092e+07,0,0,0,1.20747e+08
95.077,103.622,2.4361,0,0,3.59862,3.67564,0,0.674318,6.16896,4.28834e+06,2.93465e+06,1.54321e+07,0,0,0,0,61.3183,61.308,4.07827,1,1,1.69344,1.78076,0.0500074,1.30835,1.69344,8.91204e+06,3.92256e+06,1.5092e+07,0,0,0,1.20747e+08
94.109,103.622,2.16315,0,0,3.59897,3.67599,0,0.674382,6.16896,4.28834e+06,2.93465e+06,1.54336e+07,0,0,0,0,61.1191,61.308,3.33017,1,1,1.69344,1.78093,0.0501736,1.30835,1.69344,8.91204e+06,3.92256e+06,1.5092e+07,0,0,0,1.20747e+08
93.3716,103.622,2.32729,0,0,3.48949,3.56417,0,0.674446,6.16896,4.28834e+06,2.93465e+06,1.49641e+07,0,0,0,0,61.008,61.308,3.88562,1,1,1.65988,1.6954,0,1.30835,1.69344,8.91204e+06,3.92256e+06,1.47929e+07,0,0,0,1.20747e+08
92.8292,103.622,2.64699,0,0,3.48982,3.56451,0,0.65393,6.16896,4.28834e+06,2.93465e+06,1.49655e+07,0,0,0,0,61.2615,61.308,5.14515,1,1,1.66004,1.69557,0,1.28242,1.69344,8.91204e+06,3.92256e+06,1.47943e+07,0,0,0,1.20747e+08
92.1514,103.622,2.53655,0,0,3.49016,3.56485,0,0.653993,6.16896,4.28834e+06,2.93465e+06,1.4967e+07,0,0,0,0,61.5319,61.308,5.04507,1,1,1.6602,1.69573,0,1.28254,1.69344,8.91204e+06,3.92256e+06,1.47957e+07,0,0,0,1.20747e+08
91.7423,103.622,2.95742,0,0,3.49049,3.56519,0,0.654055,6.16896,4.28834e+06,2.93465e+06,1.49684e+07,0,0,0,0,62.0909,61.308,6.0852,1,1,1.66035,1.69589,0,1.28267,1.69344,8.91204e+06,3.92256e+06,1.47971e+07,0,0,0,1.20747e+08
94.3367,103.622,6.498,0,0,3.40064,3.47343,0,0.654118,6.16896,4.28834e+06,2.93465e+06,1.45831e+07,0,0,0,0,62.3362,61.308,8.15341,1,1,1.58411,1.61802,0,1.28279,1.69344,8.91204e+06,3.92256e+06,1.41177e+07,0,0,0,1.20747e+08
95.1098,103.622,4.19176,0,0,3.40097,3.47376,0,0.637281,6.16896,4.28834e+06,2.93465e+06,1.45845e+07,0,0,0,0,62.3362,61.308,6.27699,1,1,1.58426,1.61817,0,1.22388,1.69344,8.91204e+06,3.92256e+06,1.4119e+07,0,0,0,1.20747e+08
97.3504,103.622,5.84856,0,0,3.40129,3.47409,0,0.637342,6.16896,4.28834e+06,2.93465e+06,1.45859e+07,0,0,0,0,62.3362,61.308,9.08105,1,1,1.58441,1.61832,0,1.224,1.69344,8.91204e+06,3.92256e+06,1.41204e+07,0,0,0,1.20747e+08
100.366,103.622,6.89714,0,0,3.40162,3.47442,0,0.637402,6.16896,4.28834e+06,2.93465e+06,1.45873e+07,0,0,0,0,62.3362,61.308,9.50637,1,1,1.58457,1.61848,0,1.22412,1.69344,8.91204e+06,3.92256e+06,1.41217e+07,0,0,0,1.20747e+08
101.9,103.622,5.22782,0,0,3.21306,3.21306,0,0.637463,6.16896,4.28834e+06,2.70226e+06,1.37787e+07,0,0,0,0,62.3362,61.308,9.41444,0,1,1.45605,1.45605,0,1.22423,1.69344,8.91204e+06,3.61194e+06,1.29763e+07,0,0,0,1.20747e+08
103.524,103.622,5.54033,0,0,3.21337,3.21337,0,0.602128,6.16896,4.28834e+06,2.70226e+06,1.378e+07,0,0,0,0,62.3362,61.308,13.7447,0,1,1.45618,1.45618,0,1.12494,1.69344,8.91204e+06,3.61194e+06,1.29776e+07,0,0,0,1.20747e+08
103.622,103.622,5.99978,0,0,3.21367,3.21367,0,0.602185,6.16896,4.28834e+06,2.70226e+06,1.37813e+07,0,0,0,0,62.3362,61.308,13.7539,0,1,1.45632,1.45632,0,1.12505,1.69344,8.91204e+06,3.61194e+06,1.29788e+07,0,0,0,1.20747e+08
103.622,103.622,4.86999,0,0,3.21398,3.21398,0,0.602243,6.16896,4.28834e+06,2.70226e+06,1.37826e+07,0,0,0,0,62.3362,61.308,6.20235,0,1,1.45646,1.45646,0,1.12516,1.69344,8.91204e+06,3.61194e+06,1.298e+07,0,0,0,1.20747e+08
103.622,103.622,3.71854,0,0,3.21429,3.21429,0,0.6023,6.16896,4.28834e+06,2.70226e+06,1.37839e+07,0,0,0,0,62.3362,61.308,5.96493,0,1,1.4566,1.4566,0,1.12526,1.69344,8.91204e+06,3.61194e+06,1.29813e+07,0,0,0,1.20747e+08
102.866,103.622,2.6269,0,0,3.31528,3.31528,0,0.602357,6.16896,4.28834e+06,2.70226e+06,1.42171e+07,0,0,0,0,62.3362,61.308,3.89203,0,1,1.50384,1.50384,0,1.12537,1.69344,8.91204e+06,3.61194e+06,1.34022e+07,0,0,0,1.20747e+08
101.646,103.622,2.09882,0,0,3.31557,3.31557,0,0.621284,6.16896,4.28834e+06,2.70226e+06,1.42183e+07,0,0,0,0,62.3339,61.308,3.25341,0,1,1.50397,1.50397,0,1.16186,1.69344,8.91204e+06,3.61194e+06,1.34034e+07,0,0,0,1.20747e+08
100.572,103.622,2.22024,0,0,3.31586,3.31586,0,0.621338,6.16896,4.28834e+06,2.70226e+06,1.42195e+07,0,0,0,0,62.3362,61.308,3.47351,0,1,1.5041,1.5041,0,1.16197,1.69344,8.91204e+06,3.61194e+06,1.34046e+07,0,0,0,1.20747e+08
99.5084,103.622,2.25596,0,0,3.31615,3.31615,0,0.621393,6.16896,4.28834e+06,2.70226e+06,1.42208e+07,0,0,0,0,62.3362,61.308,4.58912,0,1,1.50423,1.50423,0,1.16207,1.69344,8.91204e+06,3.61194e+06,1.34057e+07,0,0,0,1.20747e+08
98.7033,103.622,2.67684,0,0,3.56365,3.63992,0,0.621447,6.16896,4.28834e+06,2.93465e+06,1.52821e+07,0,0,0,0,62.3362,61.308,3.92796,1,1,1.64601,1.68124,0,1.16217,1.69344,8.91204e+06,3.92256e+06,1.46693e+07,0,0,0,1.20747e+08
98.7289,103.622,3.59591,0,0,3.56396,3.64023,0,0.667828,6.16896,4.28834e+06,2.93465e+06,1.52835e+07,0,0,0,0,62.3362,61.308,4.36334,1,1,1.64616,1.68139,0,1.27171,1.69344,8.91204e+06,3.92256e+06,1.46706e+07,0,0,0,1.20747e+08
98.9943,103.622,3.82424,0,0,3.56427,3.64055,0,0.667886,6.16896,4.28834e+06,2.93465e+06,1.52848e+07,0,0,0,0,62.3362,61.308,4.13206,1,1,1.6463,1.68153,0,1.27182,1.69344,8.91204e+06,3.92256e+06,1.46719e+07,0,0,0,1.20747e+08
99.1188,103.622,3.65732,0,0,3.56458,3.64087,0,0.667944,6.16896,4.28834e+06,2.93465e+06,1.52861e+07,0,0,0,0,62.3362,61.308,3.66648,1,1,1.64644,1.68168,0,1.27193,1.69344,8.91204e+06,3.92256e+06,1.46732e+07,0,0,0,1.20747e+08
100.319,103.622,4.73652,0,0,3.17964,3.17964,0,0.668002,6.16896,4.28834e+06,2.70226e+06,1.36354e+07,0,0,0,0,62.3362,61.308,5.36179,0,1,1.44437,1.44437,0,1.27204,1.69344,8.91204e+06,3.61194e+06,1.28723e+07,0,0,0,1.20747e+08
101.301,103.622,4.40846,0,0,3.17992,3.17992,0,0.595865,6.16896,4.28834e+06,2.70226e+06,1.36366e+07,0,0,0,0,62.3362,61.308,3.83747,0,1,1.44449,1.44449,0,1.11592,1.69344,8.91204e+06,3.61194e+06,1.28734e+07,0,0,0,1.20747e+08
101.571,103.622,3.59779,0,0,3.1802,3.1802,0,0.595917,6.16896,4.28834e+06,2.70226e+06,1.36378e+07,0,0,0,0,62.3362,61.308,3.07845,0,1,1.44462,1.44462,0,1.11602,1.69344,8.91204e+06,3.61194e+06,1.28745e+07,0,0,0,1.20747e+08
102.619,103.622,4.48468,0,0,3.18047,3.18047,0,0.595969,6.16896,4.28834e+06,2.70226e+06,1.36389e+07,0,0,0,0,62.3362,61.308,3.97845,0,1,1.44475,1.44475,0,1.11611,1.69344,8.91204e+06,3.61194e+06,1.28756e+07,0,0,0,1.20747e+08
103.622,103.622,6.58231,0,0,3.18075,3.18075,0,0.596021,6.16896,4.28834e+06,2.70226e+06,1.36401e+07,0,0,0,0,62.3362,61.308,5.93313,0,1,1.44487,1.44487,0,1.11621,1.69344,8.91204e+06,3.61194e+06,1.28767e+07,0,0,0,1.20747e+08
103.622,103.622,5.22917,0,0,3.29726,3.29726,0,0.596073,6.16896,4.28834e+06,2.70226e+06,1.41397e+07,0,0,0,0,62.3362,61.308,5.10147,0,1,1.50311,1.50311,0,1.11631,1.69344,8.91204e+06,3.61194e+06,1.33958e+07,0,0,0,1.20747e+08
103.622,103.622,4.48339,0,0,3.29754,3.29754,0,0.617906,6.16896,4.28834e+06,2.70226e+06,1.4141e+07,0,0,0,0,62.3362,61.308,4.42029,0,1,1.50324,1.50324,0,1.16131,1.69344,8.91204e+06,3.61194e+06,1.3397e+07,0,0,0,1.20747e+08
103.622,103.622,4.41874,0,0,3.29783,3.29783,0,0.617959,6.16896,4.28834e+06,2.70226e+06,1.41422e+07,0,0,0,0,62.3362,61.308,5.221,0,1,1.50338,1.50338,0,1.16141,1.69344,8.91204e+06,3.61194e+06,1.33981e+07,0,0,0,1.20747e+08
103.622,103.622,4.4987,0,0,3.29812,3.29812,0,0.618013,6.16896,4.28834e+06,2.70226e+06,1.41434e+07,0,0,0,0,62.3362,61.308,4.45358,0,1,1.50351,1.50351,0,1.16151,1.69344,8.91204e+06,3.61194e+06,1.33993e+07,0,0,0,1.20747e+08
103.604,103.622,3.3101,0,0,3.25294,3.25294,0,0.618067,6.16896,4.28834e+06,2.70226e+06,1.39497e+07,0,0,0,0,62.3362,61.308,3.39782,0,1,1.48106,1.48106,0,1.16161,1.69344,8.91204e+06,3.61194e+06,1.31992e+07,0,0,0,1.20747e+08
102.979,103.622,2.61592,0,0,3.25323,3.25323,0,0.609602,6.16896,4.28834e+06,2.70226e+06,1.39509e+07,0,0,0,0,62.3362,61.308,2.62891,0,1,1.48119,1.48119,0,1.14427,1.69344,8.91204e+06,3.61194e+06,1.32004e+07,0,0,0,1.20747e+08
102.087,103.622,2.32632,0,0,3.25351,3.25351,0,0.609655,6.16896,4.28834e+06,2.70226e+06,1.39521e+07,0,0,0,0,62.3136,61.308,2.45936,0,1,1.48132,1.48132,0,1.14436,1.69344,8.91204e+06,3.61194e+06,1.32015e+07,0,0,0,1.20747e+08
101.47,103.622,2.6402,0,0,3.25379,3.25379,0,0.609708,6.16896,4.28834e+06,2.70226e+06,1.39534e+07,0,0,0,0,62.3195,61.308,2.35688,0,1,1.48144,1.48144,0,1.14446,1.69344,8.91204e+06,3.61194e+06,1.32027e+07,0,0,0,1.20747e+08
100.518,103.622,2.22877,0,0,3.33702,3.40844,0,0.609761,6.16896,4.28834e+06,2.93465e+06,1.43103e+07,0,0,0,0,62.2878,61.308,2.16627,1,1,1.52895,1.56168,0,1.14456,1.69344,8.91204e+06,3.92256e+06,1.36261e+07,0,0,0,1.20747e+08
99.3651,103.622,1.97735,0,0,3.33731,3.40874,0,0.625358,6.16896,4.28834e+06,2.93465e+06,1.43115e+07,0,0,0,0,62.1544,61.308,2.17166,1,1,1.52909,1.56181,0,1.18127,1.69344,8.91204e+06,3.92256e+06,1.36273e+07,0,0,0,1.20747e+08
98.0889,103.622,1.77713,0,0,3.3376,3.40903,0,0.625412,6.16896,4.28834e+06,2.93465e+06,1.43128e+07,0,0,0,0,62.0025,61.308,2.16205,1,1,1.52922,1.56195,0,1.18137,1.69344,8.91204e+06,3.92256e+06,1.36285e+07,0,0,0,1.20747e+08
96.8087,103.622,1.76818,0,0,3.33789,3.40933,0,0.625467,6.16896,4.28834e+06,2.93465e+06,1.4314e+07,0,0,0,0,61.8999,61.308,2.17789,1,1,1.52935,1.56208,0,1.18147,1.69344,8.91204e+06,3.92256e+06,1.36296e+07,0,0,0,1.20747e+08
95.5321,103.622,1.71741,0,0,3.33818,3.40963,0,0.625521,6.16896,4.28834e+06,2.93465e+06,1.43153e+07,0,0,0,0,61.6219,61.308,1.94038,1,1,1.52949,1.56222,0,1.18158,1.69344,8.91204e+06,3.92256e+06,1.36308e+07,0,0,0,1.20747e+08
94.2501,103.622,1.65224,0,0,3.30857,3.37938,0,0.625576,6.16896,4.28834e+06,2.93465e+06,1.41883e+07,0,0,0,0,61.1913,61.308,1.77209,1,1,1.57274,1.6064,0,1.18168,1.69344,8.91204e+06,3.92256e+06,1.40163e+07,0,0,0,1.20747e+08
92.8526,103.622,1.50625,0,0,3.30886,3.37968,0,0.620027,6.16896,4.28834e+06,2.93465e+06,1.41895e+07,0,0,0,0,60.7304,61.308,1.60098,1,1,1.57288,1.60654,0,1.2151,1.69344,8.91204e+06,3.92256e+06,1.40175e+07,0,0,0,1.20747e+08
91.4373,103.622,1.42474,0,0,3.30915,3.37997,0,0.620081,6.16896,4.28834e+06,2.93465e+06,1.41907e+07,0,0,0,0,60.1468,61.308,1.57238,1,1,1.57301,1.60668,0,1.2152,1.69344,8.91204e+06,3.92256e+06,1.40188e+07,0,0,0,1.20747e+08
89.9018,103.622,1.27689,0,0,3.30944,3.38027,0,0.620135,6.16896,4.28834e+06,2.93465e+06,1.4192e+07,0,0,0,0,59.3892,61.308,1.52823,1,1,1.57315,1.60682,0,1.21531,1.69344,8.91204e+06,3.92256e+06,1.402e+07,0,0,0,1.20747e+08
88.3387,103.622,1.24854,0,0,3.38697,3.45946,0,0.620189,6.16896,4.28834e+06,2.93465e+06,1.45245e+07,0,0,0,0,58.7229,61.308,1.39072,1,1,1.61173,1.64623,0,1.21542,1.69344,8.91204e+06,3.92256e+06,1.43638e+07,0,0,0,1.20747e+08
86.8092,103.622,1.2867,0,0,3.38726,3.45976,0,0.634718,6.16896,4.28834e+06,2.93465e+06,1.45257e+07,0,0,0,0,58.0448,61.308,1.4766,1,1,1.61187,1.64637,0,1.24522,1.69344,8.91204e+06,3.92256e+06,1.43651e+07,0,0,0,1.20747e+08
85.2328,103.622,1.18946,0,0,3.38756,3.46006,0,0.634773,6.16896,4.28834e+06,2.93465e+06,1.4527e+07,0,0,0,0,57.1813,61.308,1.42605,1,1,1.61201,1.64651,0,1.24533,1.69344,8.91204e+06,3.92256e+06,1.43663e+07,0,0,0,1.20747e+08
83.589,103.622,1.08542,0,0,3.38785,3.46036,0,0.634828,6.16896,4.28834e+06,2.93465e+06,1.45283e+07,0,0,0,0,56.447,61.308,1.24984,1,1,1.61215,1.64666,0,1.24544,1.69344,8.91204e+06,3.92256e+06,1.43676e+07,0,0,0,1.20747e+08
81.839,103.622,1.11478,0,0,3.61443,3.69178,0,0.634884,6.16896,4.28834e+06,2.93465e+06,1.54999e+07,0,0,0,0,55.4372,61.308,1.45223,1,1,1.69344,1.78858,0.0576645,1.24555,1.69344,8.91204e+06,3.92256e+06,1.5092e+07,0,0,0,1.20747e+08
79.9547,103.622,0.901082,0,0,3.61474,3.69211,0,0.677344,6.16896,4.28834e+06,2.93465e+06,1.55012e+07,0,0,0,0,54.5771,61.308,1.12766,1,1,1.69344,1.78874,0.057817,1.30835,1.69344,8.91204e+06,3.92256e+06,1.5092e+07,0,0,0,1.20747e+08
78.1535,103.622,0.973219,0,0,3.61506,3.69243,0,0.677403,6.16896,4.28834e+06,2.93465e+06,1.55026e+07,0,0,0,0,53.5126,61.308,1.38895,1,1,1.69344,1.78889,0.0579694,1.30835,1.69344,8.91204e+06,3.92256e+06,1.5092e+07,0,0,0,1.20747e+08
76.2414,103.622,0.80532,0,0,3.61537,3.69275,0,0.677462,6.16896,4.28834e+06,2.93465e+06,1.55039e+07,0,0,0,0,52.924,61.308,0.970071,1,1,1.69344,1.78905,0.0581219,1.30835,1.69344,8.91204e+06,3.92256e+06,1.5092e+07,0,0,0,1.20747e+08
74.7512,103.622,1.25034,0,0,3.61569,3.69307,0,0.677521,6.16896,4.28834e+06,2.93465e+06,1.55053e+07,0,0,0,0,52.62,61.308,1.88704,1,1,1.69344,1.7892,0.0582743,1.30835,1.69344,8.91204e+06,3.92256e+06,1.5092e+07,0,0,0,1.20747e+08
73.3617,103.622,1.27107,0,0,3.50567,3.5807,0,0.67758,6.16896,4.28834e+06,2.93465e+06,1.50335e+07,0,0,0,0,51.9286,61.308,1.91289,1,1,1.66758,1.70327,0,1.30835,1.69344,8.91204e+06,3.92256e+06,1.48615e+07,0,0,0,1.20747e+08
71.8741,103.622,1.11586,0,0,3.50598,3.58101,0,0.656963,6.16896,4.28834e+06,2.93465e+06,1.50348e+07,0,0,0,0,50.8844,61.308,1.17111,1,1,1.66772,1.70341,0,1.28837,1.69344,8.91204e+06,3.92256e+06,1.48628e+07,0,0,0,1.20747e+08
70.2531,103.622,0.938263,0,0,3.50628,3.58133,0,0.65702,6.16896,4.28834e+06,2.93465e+06,1.50361e+07,0,0,0,0,49.9773,61.308,1.03834,1,1,1.66787,1.70356,0,1.28848,1.69344,8.91204e+06,3.92256e+06,1.48641e+07,0,0,0,1.20747e+08
69.2732,103.622,1.72727,0,0,3.50659,3.58164,0,0.657077,6.16896,4.28834e+06,2.93465e+06,1.50374e+07,0,0,0,0,49.1919,61.308,1.39579,1,1,1.66801,1.70371,0,1.28859,1.69344,8.91204e+06,3.92256e+06,1.48654e+07,0,0,0,1.20747e+08
67.7638,103.622,1.0734,0,0,3.4163,3.48942,0,0.657135,6.16896,4.28834e+06,2.93465e+06,1.46503e+07,0,0,0,0,48.4128,61.308,1.26236,1,1,1.59141,1.62547,0,1.28871,1.69344,8.91204e+06,3.92256e+06,1.41827e+07,0,0,0,1.20747e+08
66.3905,103.622,1.24488,0,0,3.4166,3.48972,0,0.640215,6.16896,4.28834e+06,2.93465e+06,1.46515e+07,0,0,0,0,47.3949,61.308,1.1306,1,1,1.59154,1.62561,0,1.22952,1.69344,8.91204e+06,3.92256e+06,1.41839e+07,0,0,0,1.20747e+08
64.8391,103.622,1.00509,0,0,3.4169,3.49003,0,0.640271,6.16896,4.28834e+06,2.93465e+06,1.46528e+07,0,0,0,0,46.9599,61.308,0.951699,1,1,1.59168,1.62575,0,1.22963,1.69344,8.91204e+06,3.92256e+06,1.41851e+07,0,0,0,1.20747e+08
64.0452,103.622,1.92221,0,0,3.41719,3.49033,0,0.640326,6.16896,4.28834e+06,2.93465e+06,1.46541e+07,0,0,0,0,47.0617,61.308,2.81155,1,1,1.59182,1.62589,0,1.22973,1.69344,8.91204e+06,3.92256e+06,1.41864e+07,0,0,0,1.20747e+08
66.3653,103.622,5.45768,0,0,3.22775,3.22775,0,0.640382,6.16896,4.28834e+06,2.70226e+06,1.38417e+07,0,0,0,0,48.9268,61.308,5.60852,0,1,1.4627,1.4627,0,1.22984,1.69344,8.91204e+06,3.61194e+06,1.30357e+07,0,0,0,1.20747e+08
69.1482,103.622,6.05217,0,0,3.22803,3.22803,0,0.60488,6.16896,4.28834e+06,2.70226e+06,1.38429e+07,0,0,0,0,52.0887,61.308,7.74597,0,1,1.46283,1.46283,0,1.13008,1.69344,8.91204e+06,3.61194e+06,1.30368e+07,0,0,0,1.20747e+08
71.2772,103.622,5.41452,0,0,3.22831,3.22831,0,0.604933,6.16896,4.28834e+06,2.70226e+06,1.38441e+07,0,0,0,0,54.5241,61.308,6.50449,0,1,1.46296,1.46296,0,1.13018,1.69344,8.91204e+06,3.61194e+06,1.30379e+07,0,0,0,1.20747e+08
73.7486,103.622,6.04861,0,0,3.22859,3.22859,0,0.604985,6.16896,4.28834e+06,2.70226e+06,1.38453e+07,0,0,0,0,58.1633,61.308,7.95884,0,1,1.46308,1.46308,0,1.13028,1.69344,8.91204e+06,3.61194e+06,1.30391e+07,0,0,0,1.20747e+08
76.7946,103.622,6.49952,0,0,3.22887,3.22887,0,0.605038,6.16896,4.28834e+06,2.70226e+06,1.38465e+07,0,0,0,0,61.4855,61.308,7.56019,0,1,1.46321,1.46321,0,1.13038,1.69344,8.91204e+06,3.61194e+06,1.30402e+07,0,0,0,1.20747e+08
77.0669,103.622,3.37393,0,0,3.3303,3.3303,0,0.605091,6.16896,4.28834e+06,2.70226e+06,1.42814e+07,0,0,0,0,62.3362,61.308,5.22393,0,1,1.51065,1.51065,0,1.13048,1.69344,8.91204e+06,3.61194e+06,1.34629e+07,0,0,0,1.20747e+08
77.6969,103.622,3.73087,0,0,3.33056,3.33056,0,0.624098,6.16896,4.28834e+06,2.70226e+06,1.42826e+07,0,0,0,0,62.3362,61.308,6.41455,0,1,1.51077,1.51077,0,1.16713,1.69344,8.91204e+06,3.61194e+06,1.3464e+07,0,0,0,1.20747e+08
79.5203,103.622,5.14894,0,0,3.33083,3.33083,0,0.624148,6.16896,4.28834e+06,2.70226e+06,1.42837e+07,0,0,0,0,62.3362,61.308,5.83935,0,1,1.51089,1.51089,0,1.16722,1.69344,8.91204e+06,3.61194e+06,1.34651e+07,0,0,0,1.20747e+08
82.1978,103.622,6.36399,0,0,3.33109,3.33109,0,0.624197,6.16896,4.28834e+06,2.70226e+06,1.42848e+07,0,0,0,0,62.3362,61.308,7.8897,0,1,1.51101,1.51101,0,1.16731,1.69344,8.91204e+06,3.61194e+06,1.34661e+07,0,0,0,1.20747e+08
87.7416,103.622,9.87412,0,0,3.57967,3.65629,0,0.624246,6.16896,4.28834e+06,2.93465e+06,1.53508e+07,0,0,0,0,62.3362,61.308,10.905,1,1,1.65341,1.6888,0,1.1674,1.69344,8.91204e+06,3.92256e+06,1.47353e+07,0,0,0,1.20747e+08
89.5001,103.622,5.51389,0,0,3.57996,3.65657,0,0.670831,6.16896,4.28834e+06,2.93465e+06,1.53521e+07,0,0,0,0,62.3362,61.308,7.36426,1,1,1.65355,1.68893,0,1.27743,1.69344,8.91204e+06,3.92256e+06,1.47365e+07,0,0,0,1.20747e+08
89.9717,103.622,3.96418,0,0,3.58024,3.65686,0,0.670884,6.16896,4.28834e+06,2.93465e+06,1.53533e+07,0,0,0,0,62.3362,61.308,4.014,1,1,1.65368,1.68907,0,1.27753,1.69344,8.91204e+06,3.92256e+06,1.47376e+07,0,0,0,1.20747e+08
89.8763,103.622,3.28702,0,0,3.58052,3.65715,0,0.670937,6.16896,4.28834e+06,2.93465e+06,1.53545e+07,0,0,0,0,62.3362,61.308,3.33556,1,1,1.65381,1.6892,0,1.27763,1.69344,8.91204e+06,3.92256e+06,1.47388e+07,0,0,0,1.20747e+08
89.7831,103.622,3.02792,0,0,3.19384,3.19384,0,0.67099,6.16896,4.28834e+06,2.70226e+06,1.36962e+07,0,0,0,0,62.3362,61.308,3.04299,0,1,1.45082,1.45082,0,1.27773,1.69344,8.91204e+06,3.61194e+06,1.29297e+07,0,0,0,1.20747e+08
89.6411,103.622,3.01125,0,0,3.19409,3.19409,0,0.598525,6.16896,4.28834e+06,2.70226e+06,1.36973e+07,0,0,0,0,62.3362,61.308,3.23909,0,1,1.45093,1.45093,0,1.1209,1.69344,8.91204e+06,3.61194e+06,1.29307e+07,0,0,0,1.20747e+08
95.0947,103.622,9.07075,0,0,3.19434,3.19434,0,0.598572,6.16896,4.28834e+06,2.70226e+06,1.36984e+07,0,0,0,0,62.3362,61.308,7.65628,0,1,1.45105,1.45105,0,1.12099,1.69344,8.91204e+06,3.61194e+06,1.29318e+07,0,0,0,1.20747e+08
100.93,103.622,9.97963,0,0,3.19459,3.19459,0,0.59862,6.16896,4.28834e+06,2.70226e+06,1.36995e+07,0,0,0,0,62.3362,61.308,8.87914,0,1,1.45116,1.45116,0,1.12108,1.69344,8.91204e+06,3.61194e+06,1.29328e+07,0,0,0,1.20747e+08
103.622,103.622,8.93869,0,0,3.19485,3.19485,0,0.598667,6.16896,4.28834e+06,2.70226e+06,1.37006e+07,0,0,0,0,62.3362,61.308,5.43505,0,1,1.45127,1.45127,0,1.12117,1.69344,8.91204e+06,3.61194e+06,1.29338e+07,0,0,0,1.20747e+08
103.622,103.622,6.02399,0,0,3.31184,3.31184,0,0.598714,6.16896,4.28834e+06,2.70226e+06,1.42023e+07,0,0,0,0,62.3362,61.308,4.43108,0,1,1.50976,1.50976,0,1.12125,1.69344,8.91204e+06,3.61194e+06,1.34551e+07,0,0,0,1.20747e+08
103.622,103.622,6.49685,0,0,3.3121,3.3121,0,0.620639,6.16896,4.28834e+06,2.70226e+06,1.42034e+07,0,0,0,0,62.3362,61.308,4.68077,0,1,1.50988,1.50988,0,1.16644,1.69344,8.91204e+06,3.61194e+06,1.34561e+07,0,0,0,1.20747e+08
103.622,103.622,5.82317,0,0,3.31236,3.31236,0,0.620688,6.16896,4.28834e+06,2.70226e+06,1.42045e+07,0,0,0,0,62.3362,61.308,4.83907,0,1,1.51,1.51,0,1.16654,1.69344,8.91204e+06,3.61194e+06,1.34572e+07,0,0,0,1.20747e+08
103.622,103.622,5.46289,0,0,3.31263,3.31263,0,0.620737,6.16896,4.28834e+06,2.70226e+06,1.42057e+07,0,0,0,0,62.3362,61.308,4.38988,0,1,1.51012,1.51012,0,1.16663,1.69344,8.91204e+06,3.61194e+06,1.34583e+07,0,0,0,1.20747e+08
103.622,103.622,5.37807,0,0,3.26723,3.26723,0,0.620786,6.16896,4.28834e+06,2.70226e+06,1.4011e+07,0,0,0,0,62.3362,61.308,4.27909,0,1,1.48756,1.48756,0,1.16672,1.69344,8.91204e+06,3.61194e+06,1.32572e+07,0,0,0,1.20747e+08
103.622,103.622,3.83288,0,0,3.26749,3.26749,0,0.612278,6.16896,4.28834e+06,2.70226e+06,1.40121e+07,0,0,0,0,62.3362,61.308,3.05129,0,1,1.48768,1.48768,0,1.14929,1.69344,8.91204e+06,3.61194e+06,1.32582e+07,0,0,0,1.20747e+08
103.622,103.622,3.32151,0,0,3.26774,3.26774,0,0.612327,6.16896,4.28834e+06,2.70226e+06,1.40132e+07,0,0,0,0,62.3362,61.308,2.8046,0,1,1.4878,1.4878,0,1.14938,1.69344,8.91204e+06,3.61194e+06,1.32593e+07,0,0,0,1.20747e+08
103.37,103.622,2.95189,0,0,3.268,3.268,0,0.612375,6.16896,4.28834e+06,2.70226e+06,1.40143e+07,0,0,0,0,62.3362,61.308,2.46116,0,1,1.48791,1.48791,0,1.14947,1.69344,8.91204e+06,3.61194e+06,1.32603e+07,0,0,0,1.20747e+08
103.171,103.622,3.06035,0,0,3.35157,3.4233,0,0.612424,6.16896,4.28834e+06,2.93465e+06,1.43726e+07,0,0,0,0,62.3362,61.308,2.41498,1,1,1.53562,1.56848,0,1.14956,1.69344,8.91204e+06,3.92256e+06,1.36855e+07,0,0,0,1.20747e+08
103.074,103.622,3.16139,0,0,3.35183,3.42357,0,0.628083,6.16896,4.28834e+06,2.93465e+06,1.43738e+07,0,0,0,0,62.3362,61.308,2.41524,1,1,1.53574,1.56861,0,1.18642,1.69344,8.91204e+06,3.92256e+06,1.36866e+07,0,0,0,1.20747e+08
102.902,103.622,3.06703,0,0,3.3521,3.42384,0,0.628133,6.16896,4.28834e+06,2.93465e+06,1.43749e+07,0,0,0,0,62.3362,61.308,2.55251,1,1,1.53586,1.56873,0,1.18651,1.69344,8.91204e+06,3.92256e+06,1.36876e+07,0,0,0,1.20747e+08
102.466,103.622,2.79226,0,0,3.35236,3.42411,0,0.628183,6.16896,4.28834e+06,2.93465e+06,1.4376e+07,0,0,0,0,62.3362,61.308,2.44938,1,1,1.53598,1.56885,0,1.1866,1.69344,8.91204e+06,3.92256e+06,1.36887e+07,0,0,0,1.20747e+08
101.756,103.622,2.44077,0,0,3.35262,3.42438,0,0.628232,6.16896,4.28834e+06,2.93465e+06,1.43772e+07,0,0,0,0,62.3125,61.308,2.30355,1,1,1.5361,1.56898,0,1.1867,1.69344,8.91204e+06,3.92256e+06,1.36898e+07,0,0,0,1.20747e+08
100.578,103.622,1.84351,0,0,3.32286,3.39398,0,0.628282,6.16896,4.28834e+06,2.93465e+06,1.42495e+07,0,0,0,0,61.9675,61.308,1.87367,1,1,1.57953,1.61334,0,1.18679,1.69344,8.91204e+06,3.92256e+06,1.40768e+07,0,0,0,1.20747e+08
99.3892,103.622,1.8164,0,0,3.32312,3.39424,0,0.622704,6.16896,4.28834e+06,2.93465e+06,1.42507e+07,0,0,0,0,61.6038,61.308,1.87909,1,1,1.57966,1.61346,0,1.22035,1.69344,8.91204e+06,3.92256e+06,1.40779e+07,0,0,0,1.20747e+08
98.1545,103.622,1.72914,0,0,3.32338,3.39451,0,0.622753,6.16896,4.28834e+06,2.93465e+06,1.42518e+07,0,0,0,0,61.1993,61.308,1.81529,1,1,1.57978,1.61359,0,1.22044,1.69344,8.91204e+06,3.92256e+06,1.40791e+07,0,0,0,1.20747e+08
96.7402,103.622,1.51531,0,0,3.32365,3.39478,0,0.622802,6.16896,4.28834e+06,2.93465e+06,1.42529e+07,0,0,0,0,60.7544,61.308,1.74345,1,1,1.57991,1.61372,0,1.22054,1.69344,8.91204e+06,3.92256e+06,1.40802e+07,0,0,0,1.20747e+08
95.3329,103.622,1.53441,0,0,3.40148,3.47428,0,0.622851,6.16896,4.28834e+06,2.93465e+06,1.45867e+07,0,0,0,0,60.2504,61.308,1.73893,1,1,1.61864,1.65328,0,1.22063,1.69344,8.91204e+06,3.92256e+06,1.44254e+07,0,0,0,1.20747e+08
93.9028,103.622,1.49019,0,0,3.40175,3.47456,0,0.637438,6.16896,4.28834e+06,2.93465e+06,1.45879e+07,0,0,0,0,59.7131,61.308,1.7555,1,1,1.61877,1.65341,0,1.25056,1.69344,8.91204e+06,3.92256e+06,1.44265e+07,0,0,0,1.20747e+08
92.3226,103.622,1.31348,0,0,3.40202,3.47483,0,0.637488,6.16896,4.28834e+06,2.93465e+06,1.4589e+07,0,0,0,0,59.0996,61.308,1.60674,1,1,1.61889,1.65354,0,1.25066,1.69344,8.91204e+06,3.92256e+06,1.44276e+07,0,0,0,1.20747e+08
90.6783,103.622,1.21898,0,0,3.40229,3.47511,0,0.637539,6.16896,4.28834e+06,2.93465e+06,1.45902e+07,0,0,0,0,58.4778,61.308,1.54588,1,1,1.61902,1.65367,0,1.25076,1.69344,8.91204e+06,3.92256e+06,1.44288e+07,0,0,0,1.20747e+08
88.8717,103.622,1.17804,0,0,3.6298,3.70749,0,0.637589,6.16896,4.28834e+06,2.93465e+06,1.55658e+07,0,0,0,0,57.8302,61.308,1.52801,1,1,1.69344,1.79619,0.0651118,1.25086,1.69344,8.91204e+06,3.92256e+06,1.5092e+07,0,0,0,1.20747e+08
87.3243,103.622,1.46079,0,0,3.63009,3.70778,0,0.680225,6.16896,4.28834e+06,2.93465e+06,1.5567e+07,0,0,0,0,56.9912,61.308,1.86704,1,1,1.69344,1.79633,0.0652507,1.30835,1.69344,8.91204e+06,3.92256e+06,1.5092e+07,0,0,0,1.20747e+08
85.5784,103.622,1.21192,0,0,3.63037,3.70807,0,0.680278,6.16896,4.28834e+06,2.93465e+06,1.55683e+07,0,0,0,0,56.2769,61.308,1.29418,1,1,1.69344,1.79647,0.0653896,1.30835,1.69344,8.91204e+06,3.92256e+06,1.5092e+07,0,0,0,1.20747e+08
84.1144,103.622,1.50674,0,0,3.63066,3.70836,0,0.680332,6.16896,4.28834e+06,2.93465e+06,1.55695e+07,0,0,0,0,55.7808,61.308,2.48557,1,1,1.69344,1.79661,0.0655285,1.30835,1.69344,8.91204e+06,3.92256e+06,1.5092e+07,0,0,0,1.20747e+08
82.3939,103.622,1.2,0,0,3.63095,3.70866,0,0.680386,6.16896,4.28834e+06,2.93465e+06,1.55707e+07,0,0,0,0,55.1716,61.308,1.68547,1,1,1.69344,1.79676,0.0656674,1.30835,1.69344,8.91204e+06,3.92256e+06,1.5092e+07,0,0,0,1.20747e+08
80.6325,103.622,1.03949,0,0,3.52044,3.59578,0,0.680439,6.16896,4.28834e+06,2.93465e+06,1.50968e+07,0,0,0,0,54.4605,61.308,1.56362,1,1,1.6746,1.71044,0,1.30835,1.69344,8.91204e+06,3.92256e+06,1.49241e+07,0,0,0,1.20747e+08
78.9822,103.622,1.13239,0,0,3.52072,3.59607,0,0.65973,6.16896,4.28834e+06,2.93465e+06,1.5098e+07,0,0,0,0,53.8411,61.308,1.50574,1,1,1.67473,1.71058,0,1.2938,1.69344,8.91204e+06,3.92256e+06,1.49253e+07,0,0,0,1.20747e+08
77.9209,103.622,1.78261,0,0,3.521,3.59635,0,0.659783,6.16896,4.28834e+06,2.93465e+06,1.50992e+07,0,0,0,0,53.4349,61.308,2.57318,1,1,1.67487,1.71071,0,1.2939,1.69344,8.91204e+06,3.92256e+06,1.49265e+07,0,0,0,1.20747e+08
76.7549,103.622,1.71402,0,0,3.52127,3.59664,0,0.659835,6.16896,4.28834e+06,2.93465e+06,1.51004e+07,0,0,0,0,52.9866,61.308,2.34364,1,1,1.675,1.71085,0,1.294,1.69344,8.91204e+06,3.92256e+06,1.49276e+07,0,0,0,1.20747e+08
75.4632,103.622,1.4072,0,0,3.43058,3.504,0,0.659887,6.16896,4.28834e+06,2.93465e+06,1.47115e+07,0,0,0,0,52.5639,61.308,1.8275,1,1,1.59806,1.63226,0,1.2941,1.69344,8.91204e+06,3.92256e+06,1.42419e+07,0,0,0,1.20747e+08
74.3031,103.622,1.55144,0,0,3.43085,3.50428,0,0.642891,6.16896,4.28834e+06,2.93465e+06,1.47127e+07,0,0,0,0,52.1877,61.308,1.99274,1,1,1.59818,1.63239,0,1.23466,1.69344,8.91204e+06,3.92256e+06,1.42431e+07,0,0,0,1.20747e+08
73.705,103.622,2.14547,0,0,3.43112,3.50456,0,0.642942,6.16896,4.28834e+06,2.93465e+06,1.47138e+07,0,0,0,0,51.9392,61.308,2.48122,1,1,1.59831,1.63252,0,1.23476,1.69344,8.91204e+06,3.92256e+06,1.42442e+07,0,0,0,1.20747e+08
75.3263,103.622,4.49244,0,0,3.43139,3.50483,0,0.642992,6.16896,4.28834e+06,2.93465e+06,1.4715e+07,0,0,0,0,52.2706,61.308,3.89006,1,1,1.59844,1.63265,0,1.23485,1.69344,8.91204e+06,3.92256e+06,1.42453e+07,0,0,0,1.20747e+08
76.6455,103.622,4.16356,0,0,3.24113,3.24113,0,0.643043,6.16896,4.28834e+06,2.70226e+06,1.38991e+07,0,0,0,0,52.4897,61.308,3.6238,0,1,1.46877,1.46877,0,1.23495,1.69344,8.91204e+06,3.61194e+06,1.30897e+07,0,0,0,1.20747e+08
77.7067,103.622,4.07367,0,0,3.24139,3.24139,0,0.607389,6.16896,4.28834e+06,2.70226e+06,1.39002e+07,0,0,0,0,53.0683,61.308,4.427,0,1,1.46888,1.46888,0,1.13477,1.69344,8.91204e+06,3.61194e+06,1.30907e+07,0,0,0,1.20747e+08
77.5015,103.622,2.7155,0,0,3.24165,3.24165,0,0.607437,6.16896,4.28834e+06,2.70226e+06,1.39013e+07,0,0,0,0,53.4556,61.308,3.8787,0,1,1.469,1.469,0,1.13486,1.69344,8.91204e+06,3.61194e+06,1.30918e+07,0,0,0,1.20747e+08
77.4447,103.622,2.92613,0,0,3.2419,3.2419,0,0.607485,6.16896,4.28834e+06,2.70226e+06,1.39024e+07,0,0,0,0,53.7567,61.308,3.54359,0,1,1.46912,1.46912,0,1.13495,1.69344,8.91204e+06,3.61194e+06,1.30928e+07,0,0,0,1.20747e+08
76.9361,103.622,2.4145,0,0,3.24216,3.24216,0,0.607532,6.16896,4.28834e+06,2.70226e+06,1.39035e+07,0,0,0,0,54.0037,61.308,3.1704,0,1,1.46923,1.46923,0,1.13504,1.69344,8.91204e+06,3.61194e+06,1.30938e+07,0,0,0,1.20747e+08
75.4063,103.622,1.28295,0,0,3.34398,3.34398,0,0.60758,6.16896,4.28834e+06,2.70226e+06,1.43401e+07,0,0,0,0,54.138,61.308,2.66299,0,1,1.51685,1.51685,0,1.13513,1.69344,8.91204e+06,3.61194e+06,1.35182e+07,0,0,0,1.20747e+08
74.649,103.622,2.09943,0,0,3.34422,3.34422,0,0.626661,6.16896,4.28834e+06,2.70226e+06,1.43411e+07,0,0,0,0,54.4227,61.308,3.39433,0,1,1.51696,1.51696,0,1.17192,1.69344,8.91204e+06,3.61194e+06,1.35192e+07,0,0,0,1.20747e+08
74.8882,103.622,3.17693,0,0,3.34445,3.34445,0,0.626706,6.16896,4.28834e+06,2.70226e+06,1.43421e+07,0,0,0,0,54.6592,61.308,3.0865,0,1,1.51707,1.51707,0,1.172,1.69344,8.91204e+06,3.61194e+06,1.35202e+07,0,0,0,1.20747e+08
75.0226,103.622,3.17833,0,0,3.34469,3.34469,0,0.62675,6.16896,4.28834e+06,2.70226e+06,1.43432e+07,0,0,0,0,54.9449,61.308,3.35748,0,1,1.51717,1.51717,0,1.17209,1.69344,8.91204e+06,3.61194e+06,1.35211e+07,0,0,0,1.20747e+08
74.1593,103.622,2.12539,0,0,3.59426,3.67118,0,0.626795,6.16896,4.28834e+06,2.93465e+06,1.54134e+07,0,0,0,0,54.6677,61.308,2.45693,1,1,1.66015,1.69568,0,1.17217,1.69344,8.91204e+06,3.92256e+06,1.47953e+07,0,0,0,1.20747e+08
73.2578,103.622,1.98977,0,0,3.59451,3.67144,0,0.673564,6.16896,4.28834e+06,2.93465e+06,1.54145e+07,0,0,0,0,54.4279,61.308,1.9128,1,1,1.66027,1.6958,0,1.28263,1.69344,8.91204e+06,3.92256e+06,1.47964e+07,0,0,0,1.20747e+08
72.7531,103.622,2.44525,0,0,3.59477,3.67171,0,0.673612,6.16896,4.28834e+06,2.93465e+06,1.54156e+07,0,0,0,0,54.3597,61.308,2.74186,1,1,1.66039,1.69592,0,1.28272,1.69344,8.91204e+06,3.92256e+06,1.47974e+07,0,0,0,1.20747e+08
72.7931,103.622,3.00869,0,0,3.59502,3.67197,0,0.67366,6.16896,4.28834e+06,2.93465e+06,1.54167e+07,0,0,0,0,54.3152,61.308,2.55436,1,1,1.66051,1.69604,0,1.28282,1.69344,8.91204e+06,3.92256e+06,1.47985e+07,0,0,0,1.20747e+08
72.9738,103.622,2.92154,0,0,3.20675,3.20675,0,0.673708,6.16896,4.28834e+06,2.70226e+06,1.37516e+07,0,0,0,0,54.4916,61.308,2.4407,0,1,1.45668,1.45668,0,1.28291,1.69344,8.91204e+06,3.61194e+06,1.2982e+07,0,0,0,1.20747e+08
73.8252,103.622,3.7321,0,0,3.20698,3.20698,0,0.600945,6.16896,4.28834e+06,2.70226e+06,1.37526e+07,0,0,0,0,54.8158,61.308,2.83961,0,1,1.45678,1.45678,0,1.12543,1.69344,8.91204e+06,3.61194e+06,1.29829e+07,0,0,0,1.20747e+08
74.8676,103.622,4.07691,0,0,3.2072,3.2072,0,0.600987,6.16896,4.28834e+06,2.70226e+06,1.37536e+07,0,0,0,0,55.3811,61.308,3.27519,0,1,1.45689,1.45689,0,1.12551,1.69344,8.91204e+06,3.61194e+06,1.29838e+07,0,0,0,1.20747e+08
76.9664,103.622,5.35108,0,0,3.20743,3.20743,0,0.60103,6.16896,4.28834e+06,2.70226e+06,1.37545e+07,0,0,0,0,55.8732,61.308,3.29498,0,1,1.45699,1.45699,0,1.12559,1.69344,8.91204e+06,3.61194e+06,1.29848e+07,0,0,0,1.20747e+08
78.4591,103.622,4.60292,0,0,3.20766,3.20766,0,0.601073,6.16896,4.28834e+06,2.70226e+06,1.37555e+07,0,0,0,0,55.9417,61.308,3.08479,0,1,1.45709,1.45709,0,1.12567,1.69344,8.91204e+06,3.61194e+06,1.29857e+07,0,0,0,1.20747e+08
77.8384,103.622,2.3719,0,0,3.3251,3.3251,0,0.601115,6.16896,4.28834e+06,2.70226e+06,1.42591e+07,0,0,0,0,55.7176,61.308,1.82979,0,1,1.51581,1.51581,0,1.12575,1.69344,8.91204e+06,3.61194e+06,1.35089e+07,0,0,0,1.20747e+08
78.8247,103.622,4.20803,0,0,3.32533,3.32533,0,0.623123,6.16896,4.28834e+06,2.70226e+06,1.42601e+07,0,0,0,0,56.1543,61.308,3.15111,0,1,1.51591,1.51591,0,1.17111,1.69344,8.91204e+06,3.61194e+06,1.35099e+07,0,0,0,1.20747e+08
79.5293,103.622,3.83162,0,0,3.32557,3.32557,0,0.623167,6.16896,4.28834e+06,2.70226e+06,1.42612e+07,0,0,0,0,56.5207,61.308,3.7394,0,1,1.51602,1.51602,0,1.17119,1.69344,8.91204e+06,3.61194e+06,1.35108e+07,0,0,0,1.20747e+08
79.5327,103.622,3.09169,0,0,3.3258,3.3258,0,0.623211,6.16896,4.28834e+06,2.70226e+06,1.42622e+07,0,0,0,0,56.5694,61.308,2.79979,0,1,1.51613,1.51613,0,1.17128,1.69344,8.91204e+06,3.61194e+06,1.35118e+07,0,0,0,1.20747e+08
79.7204,103.622,3.13042,0,0,3.2802,3.2802,0,0.623256,6.16896,4.28834e+06,2.70226e+06,1.40666e+07,0,0,0,0,56.9141,61.308,3.29461,0,1,1.49347,1.49347,0,1.17136,1.69344,8.91204e+06,3.61194e+06,1.33098e+07,0,0,0,1.20747e+08
79.4278,103.622,2.57308,0,0,3.28043,3.28043,0,0.614709,6.16896,4.28834e+06,2.70226e+06,1.40676e+07,0,0,0,0,57.0824,61.308,2.7971,0,1,1.49357,1.49357,0,1.15385,1.69344,8.91204e+06,3.61194e+06,1.33108e+07,0,0,0,1.20747e+08
78.8282,103.622,2.23228,0,0,3.28066,3.28066,0,0.614753,6.16896,4.28834e+06,2.70226e+06,1.40686e+07,0,0,0,0,57.1208,61.308,2.52176,0,1,1.49368,1.49368,0,1.15393,1.69344,8.91204e+06,3.61194e+06,1.33117e+07,0,0,0,1.20747e+08
78.2819,103.622,2.28303,0,0,3.2809,3.2809,0,0.614797,6.16896,4.28834e+06,2.70226e+06,1.40696e+07,0,0,0,0,57.158,61.308,2.09098,0,1,1.49379,1.49379,0,1.15402,1.69344,8.91204e+06,3.61194e+06,1.33127e+07,0,0,0,1.20747e+08
77.7658,103.622,2.31055,0,0,3.36476,3.43678,0,0.61484,6.16896,4.28834e+06,2.93465e+06,1.44292e+07,0,0,0,0,57.1788,61.308,2.16875,1,1,1.54166,1.57466,0,1.1541,1.69344,8.91204e+06,3.92256e+06,1.37394e+07,0,0,0,1.20747e+08
76.9353,103.622,1.91831,0,0,3.365,3.43702,0,0.630557,6.16896,4.28834e+06,2.93465e+06,1.44303e+07,0,0,0,0,57.1969,61.308,2.32508,1,1,1.54177,1.57477,0,1.19109,1.69344,8.91204e+06,3.92256e+06,1.37403e+07,0,0,0,1.20747e+08
76.0686,103.622,1.86273,0,0,3.36524,3.43727,0,0.630602,6.16896,4.28834e+06,2.93465e+06,1.44313e+07,0,0,0,0,57.2505,61.308,2.30315,1,1,1.54188,1.57488,0,1.19117,1.69344,8.91204e+06,3.92256e+06,1.37413e+07,0,0,0,1.20747e+08
75.1162,103.622,1.74128,0,0,3.36548,3.43751,0,0.630646,6.16896,4.28834e+06,2.93465e+06,1.44323e+07,0,0,0,0,57.2435,61.308,2.10451,1,1,1.54199,1.57499,0,1.19126,1.69344,8.91204e+06,3.92256e+06,1.37423e+07,0,0,0,1.20747e+08
74.1702,103.622,1.68423,0,0,3.36572,3.43775,0,0.630691,6.16896,4.28834e+06,2.93465e+06,1.44333e+07,0,0,0,0,57.18,61.308,2.15671,1,1,1.5421,1.57511,0,1.19134,1.69344,8.91204e+06,3.92256e+06,1.37433e+07,0,0,0,1.20747e+08
73.3807,103.622,1.8095,0,0,3.33581,3.40721,0,0.630736,6.16896,4.28834e+06,2.93465e+06,1.43051e+07,0,0,0,0,57.1764,61.308,2.32269,1,1,1.58569,1.61962,0,1.19143,1.69344,8.91204e+06,3.92256e+06,1.41317e+07,0,0,0,1.20747e+08
72.4711,103.622,1.66129,0,0,3.33605,3.40745,0,0.625131,6.16896,4.28834e+06,2.93465e+06,1.43061e+07,0,0,0,0,57.1242,61.308,2.04525,1,1,1.5858,1.61974,0,1.2251,1.69344,8.91204e+06,3.92256e+06,1.41327e+07,0,0,0,1.20747e+08
71.4782,103.622,1.52894,0,0,3.33629,3.40769,0,0.625175,6.16896,4.28834e+06,2.93465e+06,1.43071e+07,0,0,0,0,56.9929,61.308,2.0095,1,1,1.58591,1.61985,0,1.22519,1.69344,8.91204e+06,3.92256e+06,1.41337e+07,0,0,0,1.20747e+08
70.4337,103.622,1.43286,0,0,3.33652,3.40793,0,0.62522,6.16896,4.28834e+06,2.93465e+06,1.43081e+07,0,0,0,0,56.7892,61.308,1.93569,1,1,1.58603,1.61997,0,1.22528,1.69344,8.91204e+06,3.92256e+06,1.41347e+07,0,0,0,1.20747e+08
69.3733,103.622,1.44349,0,0,3.41463,3.48771,0,0.625264,6.16896,4.28834e+06,2.93465e+06,1.46431e+07,0,0,0,0,56.5306,61.308,2.13064,1,1,1.6249,1.65967,0,1.22536,1.69344,8.91204e+06,3.92256e+06,1.44811e+07,0,0,0,1.20747e+08
68.3467,103.622,1.45512,0,0,3.41487,3.48796,0,0.639902,6.16896,4.28834e+06,2.93465e+06,1.46441e+07,0,0,0,0,56.2745,61.308,2.26632,1,1,1.62501,1.65979,0,1.25539,1.69344,8.91204e+06,3.92256e+06,1.44822e+07,0,0,0,1.20747e+08
67.1994,103.622,1.30519,0,0,3.41512,3.48821,0,0.639947,6.16896,4.28834e+06,2.93465e+06,1.46452e+07,0,0,0,0,55.9808,61.308,2.11488,1,1,1.62513,1.65991,0,1.25548,1.69344,8.91204e+06,3.92256e+06,1.44832e+07,0,0,0,1.20747e+08
65.9771,103.622,1.19447,0,0,3.41536,3.48845,0,0.639993,6.16896,4.28834e+06,2.93465e+06,1.46462e+07,0,0,0,0,55.6716,61.308,2.00025,1,1,1.62524,1.66003,0,1.25557,1.69344,8.91204e+06,3.92256e+06,1.44842e+07,0,0,0,1.20747e+08
64.6293,103.622,1.14449,0,0,3.64371,3.7217,0,0.640038,6.16896,4.28834e+06,2.93465e+06,1.56255e+07,0,0,0,0,55.2685,61.308,1.93614,1,1,1.69344,1.80307,0.0718533,1.25566,1.69344,8.91204e+06,3.92256e+06,1.5092e+07,0,0,0,1.20747e+08
63.5454,103.622,1.37677,0,0,3.64397,3.72196,0,0.682832,6.16896,4.28834e+06,2.93465e+06,1.56266e+07,0,0,0,0,54.8472,61.308,1.89301,1,1,1.69344,1.8032,0.0719785,1.30835,1.69344,8.91204e+06,3.92256e+06,1.5092e+07,0,0,0,1.20747e+08
62.344,103.622,1.24417,0,0,3.64423,3.72223,0,0.682881,6.16896,4.28834e+06,2.93465e+06,1.56277e+07,0,0,0,0,54.4077,61.308,1.8137,1,1,1.69344,1.80333,0.0721038,1.30835,1.69344,8.91204e+06,3.92256e+06,1.5092e+07,0,0,0,1.20747e+08
61.2005,103.622,1.25815,0,0,3.64449,3.72249,0,0.682929,6.16896,4.28834e+06,2.93465e+06,1.56288e+07,0,0,0,0,54.046,61.308,1.96373,1,1,1.69344,1.80346,0.0722291,1.30835,1.69344,8.91204e+06,3.92256e+06,1.5092e+07,0,0,0,1.20747e+08
60.1009,103.622,1.29544,0,0,3.64475,3.72275,0,0.682978,6.16896,4.28834e+06,2.93465e+06,1.56299e+07,0,0,0,0,53.6962,61.308,2.30171,1,1,1.69344,1.80359,0.0723544,1.30835,1.69344,8.91204e+06,3.92256e+06,1.5092e+07,0,0,0,1.20747e+08
59.4317,103.622,1.62043,0,0,3.53379,3.60942,0,0.683026,6.16896,4.28834e+06,2.93465e+06,1.51541e+07,0,0,0,0,53.516,61.308,2.16891,1,1,1.68095,1.71693,0,1.30835,1.69344,8.91204e+06,3.92256e+06,1.49807e+07,0,0,0,1.20747e+08
58.4343,103.622,1.27751,0,0,3.53405,3.60968,0,0.662233,6.16896,4.28834e+06,2.93465e+06,1.51552e+07,0,0,0,0,52.7992,61.308,1.95538,1,1,1.68107,1.71705,0,1.2987,1.69344,8.91204e+06,3.92256e+06,1.49818e+07,0,0,0,1.20747e+08
57.1111,103.622,0.848505,0,0,3.5343,3.60994,0,0.66228,6.16896,4.28834e+06,2.93465e+06,1.51562e+07,0,0,0,0,52.3271,61.308,1.30341,1,1,1.68119,1.71717,0,1.2988,1.69344,8.91204e+06,3.92256e+06,1.49828e+07,0,0,0,1.20747e+08
56.4852,103.622,1.58655,0,0,3.53455,3.61019,0,0.662327,6.16896,4.28834e+06,2.93465e+06,1.51573e+07,0,0,0,0,52.0704,61.308,1.94878,1,1,1.68131,1.71729,0,1.29889,1.69344,8.91204e+06,3.92256e+06,1.49839e+07,0,0,0,1.20747e+08
56.7303,103.622,2.6201,0,0,3.44348,3.51718,0,0.662374,6.16896,4.28834e+06,2.93465e+06,1.47668e+07,0,0,0,0,52.2282,61.308,3.20201,1,1,1.60407,1.6384,0,1.29898,1.69344,8.91204e+06,3.92256e+06,1.42955e+07,0,0,0,1.20747e+08
56.2775,103.622,1.8496,0,0,3.44373,3.51743,0,0.645309,6.16896,4.28834e+06,2.93465e+06,1.47679e+07,0,0,0,0,52.0096,61.308,1.9736,1,1,1.60418,1.63851,0,1.2393,1.69344,8.91204e+06,3.92256e+06,1.42965e+07,0,0,0,1.20747e+08
56.5258,103.622,2.58081,0,0,3.44397,3.51768,0,0.645355,6.16896,4.28834e+06,2.93465e+06,1.47689e+07,0,0,0,0,51.8438,61.308,1.7957,1,1,1.6043,1.63863,0,1.23939,1.69344,8.91204e+06,3.92256e+06,1.42975e+07,0,0,0,1.20747e+08
60.4575,103.622,6.60683,0,0,3.44422,3.51793,0,0.645401,6.16896,4.28834e+06,2.93465e+06,1.477e+07,0,0,0,0,52.9641,61.308,5.88209,1,1,1.60441,1.63875,0,1.23948,1.69344,8.91204e+06,3.92256e+06,1.42986e+07,0,0,0,1.20747e+08
62.5592,103.622,4.66044,0,0,3.25322,3.25322,0,0.645446,6.16896,4.28834e+06,2.70226e+06,1.39509e+07,0,0,0,0,53.5663,61.308,4.11384,0,1,1.47425,1.47425,0,1.23957,1.69344,8.91204e+06,3.61194e+06,1.31385e+07,0,0,0,1.20747e+08
65.4839,103.622,5.62294,0,0,3.25345,3.25345,0,0.609654,6.16896,4.28834e+06,2.70226e+06,1.39519e+07,0,0,0,0,54.0964,61.308,3.80891,0,1,1.47435,1.47435,0,1.139,1.69344,8.91204e+06,3.61194e+06,1.31395e+07,0,0,0,1.20747e+08
68.8604,103.622,6.39393,0,0,3.25368,3.25368,0,0.609697,6.16896,4.28834e+06,2.70226e+06,1.39529e+07,0,0,0,0,55.5247,61.308,5.93014,0,1,1.47445,1.47445,0,1.13908,1.69344,8.91204e+06,3.61194e+06,1.31404e+07,0,0,0,1.20747e+08
72.8158,103.622,7.2897,0,0,3.25391,3.25391,0,0.60974,6.16896,4.28834e+06,2.70226e+06,1.39539e+07,0,0,0,0,56.8922,61.308,7.01974,0,1,1.47456,1.47456,0,1.13916,1.69344,8.91204e+06,3.61194e+06,1.31413e+07,0,0,0,1.20747e+08
76.4412,103.622,6.85004,0,0,3.25414,3.25414,0,0.609783,6.16896,4.28834e+06,2.70226e+06,1.39549e+07,0,0,0,0,58.45,61.308,6.67615,0,1,1.47466,1.47466,0,1.13924,1.69344,8.91204e+06,3.61194e+06,1.31423e+07,0,0,0,1.20747e+08
78.7232,103.622,5.58425,0,0,3.35631,3.35631,0,0.609827,6.16896,4.28834e+06,2.70226e+06,1.4393e+07,0,0,0,0,60.03,61.308,8.23799,0,1,1.52245,1.52245,0,1.13933,1.69344,8.91204e+06,3.61194e+06,1.35681e+07,0,0,0,1.20747e+08
79.8096,103.622,4.3104,0,0,3.35652,3.35652,0,0.628973,6.16896,4.28834e+06,2.70226e+06,1.43939e+07,0,0,0,0,60.9824,61.308,5.70995,0,1,1.52254,1.52254,0,1.17624,1.69344,8.91204e+06,3.61194e+06,1.3569e+07,0,0,0,1.20747e+08
80.0771,103.622,3.50286,0,0,3.35674,3.35674,0,0.629013,6.16896,4.28834e+06,2.70226e+06,1.43948e+07,0,0,0,0,61.5998,61.308,4.66788,0,1,1.52264,1.52264,0,1.17632,1.69344,8.91204e+06,3.61194e+06,1.35698e+07,0,0,0,1.20747e+08
80.0685,103.622,3.05851,0,0,3.35695,3.35695,0,0.629052,6.16896,4.28834e+06,2.70226e+06,1.43957e+07,0,0,0,0,62.0302,61.308,3.9058,0,1,1.52274,1.52274,0,1.17639,1.69344,8.91204e+06,3.61194e+06,1.35707e+07,0,0,0,1.20747e+08
80.8234,103.622,4.13852,0,0,3.6074,3.68461,0,0.629092,6.16896,4.28834e+06,2.93465e+06,1.54698e+07,0,0,0,0,62.3362,61.308,6.2061,1,1,1.66622,1.70188,0,1.17647,1.69344,8.91204e+06,3.92256e+06,1.48494e+07,0,0,0,1.20747e+08
82.5121,103.622,5.3184,0,0,3.60763,3.68484,0,0.676027,6.16896,4.28834e+06,2.93465e+06,1.54707e+07,0,0,0,0,62.3362,61.308,7.35088,1,1,1.66633,1.70199,0,1.28732,1.69344,8.91204e+06,3.92256e+06,1.48504e+07,0,0,0,1.20747e+08
84.6168,103.622,5.81877,0,0,3.60786,3.68507,0,0.67607,6.16896,4.28834e+06,2.93465e+06,1.54717e+07,0,0,0,0,62.3362,61.308,7.20427,1,1,1.66643,1.7021,0,1.2874,1.69344,8.91204e+06,3.92256e+06,1.48513e+07,0,0,0,1.20747e+08
85.5164,103.622,4.56931,0,0,3.60808,3.68531,0,0.676112,6.16896,4.28834e+06,2.93465e+06,1.54727e+07,0,0,0,0,62.3362,61.308,5.90751,1,1,1.66654,1.70221,0,1.28749,1.69344,8.91204e+06,3.92256e+06,1.48522e+07,0,0,0,1.20747e+08
91.3827,103.622,9.61244,0,0,3.21837,3.21837,0,0.676155,6.16896,4.28834e+06,2.70226e+06,1.38015e+07,0,0,0,0,62.3362,61.308,12.4064,0,1,1.46196,1.46196,0,1.28757,1.69344,8.91204e+06,3.61194e+06,1.30291e+07,0,0,0,1.20747e+08
94.875,103.622,6.99658,0,0,3.21857,3.21857,0,0.603123,6.16896,4.28834e+06,2.70226e+06,1.38023e+07,0,0,0,0,62.3362,61.308,6.44892,0,1,1.46205,1.46205,0,1.12951,1.69344,8.91204e+06,3.61194e+06,1.30299e+07,0,0,0,1.20747e+08
97.0309,103.622,5.65705,0,0,3.21878,3.21878,0,0.603161,6.16896,4.28834e+06,2.70226e+06,1.38032e+07,0,0,0,0,62.3362,61.308,4.58478,0,1,1.46215,1.46215,0,1.12958,1.69344,8.91204e+06,3.61194e+06,1.30307e+07,0,0,0,1.20747e+08
97.5588,103.622,3.94572,0,0,3.21898,3.21898,0,0.603199,6.16896,4.28834e+06,2.70226e+06,1.38041e+07,0,0,0,0,62.3362,61.308,3.57709,0,1,1.46224,1.46224,0,1.12965,1.69344,8.91204e+06,3.61194e+06,1.30315e+07,0,0,0,1.20747e+08
99.3601,103.622,5.18676,0,0,3.21918,3.21918,0,0.603237,6.16896,4.28834e+06,2.70226e+06,1.38049e+07,0,0,0,0,62.3362,61.308,4.24854,0,1,1.46233,1.46233,0,1.12972,1.69344,8.91204e+06,3.61194e+06,1.30323e+07,0,0,0,1.20747e+08
100.431,103.622,4.54035,0,0,3.33702,3.33702,0,0.603275,6.16896,4.28834e+06,2.70226e+06,1.43102e+07,0,0,0,0,62.3362,61.308,3.68387,0,1,1.52124,1.52124,0,1.1298,1.69344,8.91204e+06,3.61194e+06,1.35573e+07,0,0,0,1.20747e+08
102.726,103.622,5.73564,0,0,3.33723,3.33723,0,0.625357,6.16896,4.28834e+06,2.70226e+06,1.43111e+07,0,0,0,0,62.3362,61.308,4.32643,0,1,1.52134,1.52134,0,1.17531,1.69344,8.91204e+06,3.61194e+06,1.35582e+07,0,0,0,1.20747e+08
103.622,103.622,5.28271,0,0,3.33744,3.33744,0,0.625396,6.16896,4.28834e+06,2.70226e+06,1.4312e+07,0,0,0,0,62.3362,61.308,5.88624,0,1,1.52143,1.52143,0,1.17538,1.69344,8.91204e+06,3.61194e+06,1.3559e+07,0,0,0,1.20747e+08
103.622,103.622,4.25448,0,0,3.33765,3.33765,0,0.625435,6.16896,4.28834e+06,2.70226e+06,1.43129e+07,0,0,0,0,62.3362,61.308,5.61432,0,1,1.52153,1.52153,0,1.17546,1.69344,8.91204e+06,3.61194e+06,1.35599e+07,0,0,0,1.20747e+08
103.622,103.622,4.12397,0,0,3.29185,3.29185,0,0.625475,6.16896,4.28834e+06,2.70226e+06,1.41166e+07,0,0,0,0,62.3362,61.308,5.27796,0,1,1.49877,1.49877,0,1.17553,1.69344,8.91204e+06,3.61194e+06,1.33571e+07,0,0,0,1.20747e+08
103.622,103.622,3.65826,0,0,3.29206,3.29206,0,0.616893,6.16896,4.28834e+06,2.70226e+06,1.41175e+07,0,0,0,0,62.3362,61.308,4.7634,0,1,1.49887,1.49887,0,1.15795,1.69344,8.91204e+06,3.61194e+06,1.3358e+07,0,0,0,1.20747e+08
103.391,103.622,3.05273,0,0,3.29227,3.29227,0,0.616932,6.16896,4.28834e+06,2.70226e+06,1.41183e+07,0,0,0,0,62.3362,61.308,4.3569,0,1,1.49896,1.49896,0,1.15802,1.69344,8.91204e+06,3.61194e+06,1.33588e+07,0,0,0,1.20747e+08
102.906,103.622,2.79328,0,0,3.29247,3.29247,0,0.616971,6.16896,4.28834e+06,2.70226e+06,1.41192e+07,0,0,0,0,62.3362,61.308,3.41684,0,1,1.49906,1.49906,0,1.1581,1.69344,8.91204e+06,3.61194e+06,1.33596e+07,0,0,0,1.20747e+08
102.882,103.622,3.30865,0,0,3.37661,3.44888,0,0.61701,6.16896,4.28834e+06,2.93465e+06,1.448e+07,0,0,0,0,62.3362,61.308,3.97106,1,1,1.54709,1.5802,0,1.15817,1.69344,8.91204e+06,3.92256e+06,1.37877e+07,0,0,0,1.20747e+08
102.31,103.622,2.6293,0,0,3.37682,3.44909,0,0.632777,6.16896,4.28834e+06,2.93465e+06,1.4481e+07,0,0,0,0,62.3362,61.308,3.69498,1,1,1.54719,1.5803,0,1.19528,1.69344,8.91204e+06,3.92256e+06,1.37886e+07,0,0,0,1.20747e+08
101.553,103.622,2.41217,0,0,3.37704,3.44931,0,0.632817,6.16896,4.28834e+06,2.93465e+06,1.44819e+07,0,0,0,0,62.3362,61.308,3.34492,1,1,1.54729,1.5804,0,1.19536,1.69344,8.91204e+06,3.92256e+06,1.37895e+07,0,0,0,1.20747e+08
100.697,103.622,2.23853,0,0,3.37725,3.44953,0,0.632856,6.16896,4.28834e+06,2.93465e+06,1.44828e+07,0,0,0,0,62.3362,61.308,3.22156,1,1,1.54738,1.5805,0,1.19543,1.69344,8.91204e+06,3.92256e+06,1.37903e+07,0,0,0,1.20747e+08
99.7438,103.622,2.12439,0,0,3.37746,3.44975,0,0.632896,6.16896,4.28834e+06,2.93465e+06,1.44837e+07,0,0,0,0,62.3362,61.308,3.02024,1,1,1.54748,1.5806,0,1.19551,1.69344,8.91204e+06,3.92256e+06,1.37912e+07,0,0,0,1.20747e+08
99.3053,103.622,2.62948,0,0,3.34742,3.41906,0,0.632936,6.16896,4.28834e+06,2.93465e+06,1.43549e+07,0,0,0,0,62.3362,61.308,3.10574,1,1,1.59121,1.62526,0,1.19558,1.69344,8.91204e+06,3.92256e+06,1.41809e+07,0,0,0,1.20747e+08
98.6056,103.622,2.32406,0,0,3.34763,3.41928,0,0.627307,6.16896,4.28834e+06,2.93465e+06,1.43558e+07,0,0,0,0,62.3362,61.308,2.79175,1,1,1.59131,1.62536,0,1.22937,1.69344,8.91204e+06,3.92256e+06,1.41818e+07,0,0,0,1.20747e+08
97.7647,103.622,2.16152,0,0,3.34784,3.41949,0,0.627346,6.16896,4.28834e+06,2.93465e+06,1.43567e+07,0,0,0,0,62.2879,61.308,2.60067,1,1,1.59141,1.62547,0,1.22944,1.69344,8.91204e+06,3.92256e+06,1.41827e+07,0,0,0,1.20747e+08
96.8805,103.622,2.09479,0,0,3.34805,3.41971,0,0.627386,6.16896,4.28834e+06,2.93465e+06,1.43576e+07,0,0,0,0,62.1942,61.308,2.39402,1,1,1.59151,1.62557,0,1.22952,1.69344,8.91204e+06,3.92256e+06,1.41836e+07,0,0,0,1.20747e+08
96.0954,103.622,2.23936,0,0,3.42641,3.49974,0,0.627425,6.16896,4.28834e+06,2.93465e+06,1.46936e+07,0,0,0,0,62.0481,61.308,2.41988,1,1,1.6305,1.6654,0,1.2296,1.69344,8.91204e+06,3.92256e+06,1.45311e+07,0,0,0,1.20747e+08
95.4158,103.622,2.34526,0,0,3.42662,3.49996,0,0.642109,6.16896,4.28834e+06,2.93465e+06,1.46945e+07,0,0,0,0,61.8936,61.308,2.54589,1,1,1.6306,1.6655,0,1.25972,1.69344,8.91204e+06,3.92256e+06,1.4532e+07,0,0,0,1.20747e+08
94.48,103.622,2.0675,0,0,3.42684,3.50018,0,0.642149,6.16896,4.28834e+06,2.93465e+06,1.46954e+07,0,0,0,0,61.696,61.308,2.33672,1,1,1.6307,1.6656,0,1.2598,1.69344,8.91204e+06,3.92256e+06,1.45329e+07,0,0,0,1.20747e+08
93.4202,103.622,1.92012,0,0,3.42705,3.5004,0,0.642189,6.16896,4.28834e+06,2.93465e+06,1.46964e+07,0,0,0,0,61.4838,61.308,2.25283,1,1,1.63081,1.66571,0,1.25988,1.69344,8.91204e+06,3.92256e+06,1.45338e+07,0,0,0,1.20747e+08
91.9683,103.622,1.65193,0,0,3.65616,3.73441,0,0.64223,6.16896,4.28834e+06,2.93465e+06,1.56789e+07,0,0,0,0,61.0813,61.308,2.19285,1,1,1.69344,1.80923,0.077884,1.25996,1.69344,8.91204e+06,3.92256e+06,1.5092e+07,0,0,0,1.20747e+08
90.7129,103.622,1.86527,0,0,3.65639,3.73465,0,0.685165,6.16896,4.28834e+06,2.93465e+06,1.56798e+07,0,0,0,0,60.7185,61.308,1.7839,1,1,1.69344,1.80935,0.0779956,1.30835,1.69344,8.91204e+06,3.92256e+06,1.5092e+07,0,0,0,1.20747e+08
89.3704,103.622,1.77598,0,0,3.65662,3.73488,0,0.685208,6.16896,4.28834e+06,2.93465e+06,1.56808e+07,0,0,0,0,60.3634,61.308,2.23944,1,1,1.69344,1.80946,0.0781071,1.30835,1.69344,8.91204e+06,3.92256e+06,1.5092e+07,0,0,0,1.20747e+08
87.9581,103.622,1.67632,0,0,3.65685,3.73512,0,0.685251,6.16896,4.28834e+06,2.93465e+06,1.56818e+07,0,0,0,0,59.9853,61.308,2.43596,1,1,1.69344,1.80958,0.0782186,1.30835,1.69344,8.91204e+06,3.92256e+06,1.5092e+07,0,0,0,1.20747e+08
86.5301,103.622,1.63266,0,0,3.65708,3.73535,0,0.685294,6.16896,4.28834e+06,2.93465e+06,1.56828e+07,0,0,0,0,59.6082,61.308,2.41048,1,1,1.69344,1.80969,0.0783302,1.30835,1.69344,8.91204e+06,3.92256e+06,1.5092e+07,0,0,0,1.20747e+08
85.3353,103.622,1.8982,0,0,3.54573,3.62161,0,0.685337,6.16896,4.28834e+06,2.93465e+06,1.52053e+07,0,0,0,0,59.6277,61.308,4.13073,1,1,1.68663,1.72273,0,1.30835,1.69344,8.91204e+06,3.92256e+06,1.50313e+07,0,0,0,1.20747e+08
84.0344,103.622,1.76964,0,0,3.54595,3.62184,0,0.664469,6.16896,4.28834e+06,2.93465e+06,1.52062e+07,0,0,0,0,59.4394,61.308,3.79274,1,1,1.68673,1.72283,0,1.30309,1.69344,8.91204e+06,3.92256e+06,1.50322e+07,0,0,0,1.20747e+08
82.525,103.622,1.59579,0,0,3.54617,3.62207,0,0.664511,6.16896,4.28834e+06,2.93465e+06,1.52072e+07,0,0,0,0,59.2164,61.308,3.40871,1,1,1.68684,1.72294,0,1.30317,1.69344,8.91204e+06,3.92256e+06,1.50332e+07,0,0,0,1.20747e+08
82.4975,103.622,3.14748,0,0,3.54639,3.62229,0,0.664553,6.16896,4.28834e+06,2.93465e+06,1.52081e+07,0,0,0,0,59.2091,61.308,4.67296,1,1,1.68695,1.72305,0,1.30325,1.69344,8.91204e+06,3.92256e+06,1.50341e+07,0,0,0,1.20747e+08
84.6738,103.622,5.57346,0,0,3.455,3.52894,0,0.664594,6.16896,4.28834e+06,2.93465e+06,1.48162e+07,0,0,0,0,59.7921,61.308,6.03348,1,1,1.60943,1.64388,0,1.30334,1.69344,8.91204e+06,3.92256e+06,1.43433e+07,0,0,0,1.20747e+08
84.1668,103.622,2.73458,0,0,3.45522,3.52917,0,0.647467,6.16896,4.28834e+06,2.93465e+06,1.48171e+07,0,0,0,0,60.1208,61.308,3.87281,1,1,1.60953,1.64398,0,1.24345,1.69344,8.91204e+06,3.92256e+06,1.43442e+07,0,0,0,1.20747e+08
84.8643,103.622,4.27879,0,0,3.45544,3.52939,0,0.647508,6.16896,4.28834e+06,2.93465e+06,1.48181e+07,0,0,0,0,60.8956,61.308,5.63397,1,1,1.60964,1.64408,0,1.24353,1.69344,8.91204e+06,3.92256e+06,1.43451e+07,0,0,0,1.20747e+08
85.4985,103.622,4.26619,0,0,3.45565,3.52961,0,0.647549,6.16896,4.28834e+06,2.93465e+06,1.4819e+07,0,0,0,0,61.5167,61.308,4.93699,1,1,1.60974,1.64419,0,1.2436,1.69344,8.91204e+06,3.92256e+06,1.4346e+07,0,0,0,1.20747e+08
87.1015,103.622,5.2152,0,0,3.264,3.264,0,0.647589,6.16896,4.28834e+06,2.70226e+06,1.39971e+07,0,0,0,0,62.3362,61.308,6.77364,0,1,1.47913,1.47913,0,1.24368,1.69344,8.91204e+06,3.61194e+06,1.3182e+07,0,0,0,1.20747e+08
87.5366,103.622,3.90154,0,0,3.2642,3.2642,0,0.611673,6.16896,4.28834e+06,2.70226e+06,1.3998e+07,0,0,0,0,62.3362,61.308,4.57457,0,1,1.47922,1.47922,0,1.14277,1.69344,8.91204e+06,3.61194e+06,1.31829e+07,0,0,0,1.20747e+08
88.1311,103.622,3.98104,0,0,3.26441,3.26441,0,0.611711,6.16896,4.28834e+06,2.70226e+06,1.39989e+07,0,0,0,0,62.3362,61.308,4.82242,0,1,1.47931,1.47931,0,1.14285,1.69344,8.91204e+06,3.61194e+06,1.31837e+07,0,0,0,1.20747e+08
89.8359,103.622,5.10866,0,0,3.26461,3.26461,0,0.61175,6.16896,4.28834e+06,2.70226e+06,1.39998e+07,0,0,0,0,62.3362,61.308,4.96117,0,1,1.47941,1.47941,0,1.14292,1.69344,8.91204e+06,3.61194e+06,1.31845e+07,0,0,0,1.20747e+08
93.1973,103.622,7.08808,0,0,3.26482,3.26482,0,0.611788,6.16896,4.28834e+06,2.70226e+06,1.40006e+07,0,0,0,0,62.3362,61.308,4.93931,0,1,1.4795,1.4795,0,1.14299,1.69344,8.91204e+06,3.61194e+06,1.31854e+07,0,0,0,1.20747e+08
96.8664,103.622,7.82424,0,0,3.26482,3.26482,0,0.611827,6.16896,4.28834e+06,2.70226e+06,1.40006e+07,0,0,0,0,62.3362,61.308,13.2121,0,1,1.4795,1.4795,0,1.14306,1.69344,8.91204e+06,3.61194e+06,1.31854e+07,0,0,0,1.20747e+08
103.622,103.622,13.624,0,0,3.29674,3.3673,0,0.611827,6.16896,4.28834e+06,2.93465e+06,1.41375e+07,0,0,0,0,62.3362,61.308,17.0453,1,1,1.49542,1.52743,0,1.14306,1.69344,8.91204e+06,3.92256e+06,1.33273e+07,0,0,0,1.20747e+08
103.622,103.622,16.4943,0,0,3.29692,3.36748,0,0.617809,6.16896,4.28834e+06,2.93465e+06,1.41383e+07,0,0,0,0,62.3362,61.308,17.0898,1,1,1.49551,1.52751,0,1.15536,1.69344,8.91204e+06,3.92256e+06,1.3328e+07,0,0,0,1.20747e+08
103.622,103.622,8.49347,0,0,3.2971,3.36767,0,0.617843,6.16896,4.28834e+06,2.93465e+06,1.41391e+07,0,0,0,0,62.3362,61.308,10.5194,1,1,1.49559,1.5276,0,1.15543,1.69344,8.91204e+06,3.92256e+06,1.33287e+07,0,0,0,1.20747e+08
103.622,103.622,6.90561,0,0,3.29728,3.36785,0,0.617877,6.16896,4.28834e+06,2.93465e+06,1.41399e+07,0,0,0,0,62.3362,61.308,10.0723,1,1,1.49567,1.52768,0,1.15549,1.69344,8.91204e+06,3.92256e+06,1.33295e+07,0,0,0,1.20747e+08
103.622,103.622,8.46497,0,0,3.61909,3.69655,0,0.617911,6.16896,4.28834e+06,2.93465e+06,1.55199e+07,0,0,0,0,62.3362,61.308,13.498,1,1,1.67162,1.7074,0,1.15556,1.69344,8.91204e+06,3.92256e+06,1.48976e+07,0,0,0,1.20747e+08
103.622,103.622,11.5961,0,0,3.61929,3.69675,0,0.678218,6.16896,4.28834e+06,2.93465e+06,1.55207e+07,0,0,0,0,62.3362,61.308,20.1962,1,1,1.67171,1.70749,0,1.2915,1.69344,8.91204e+06,3.92256e+06,1.48984e+07,0,0,0,1.20747e+08
103.622,103.622,13.4616,0,0,3.61949,3.69696,0,0.678255,6.16896,4.28834e+06,2.93465e+06,1.55216e+07,0,0,0,0,62.3362,61.308,20.7106,1,1,1.67181,1.70759,0,1.29157,1.69344,8.91204e+06,3.92256e+06,1.48992e+07,0,0,0,1.20747e+08
103.622,103.622,11.2236,0,0,3.61969,3.69716,0,0.678293,6.16896,4.28834e+06,2.93465e+06,1.55224e+07,0,0,0,0,62.3362,61.308,15.5015,1,1,1.6719,1.70768,0,1.29164,1.69344,8.91204e+06,3.92256e+06,1.49e+07,0,0,0,1.20747e+08
103.622,103.622,9.62456,0.02,0,3.2287,3.2287,0,0.67833,6.16896,4.28834e+06,2.70226e+06,1.38457e+07,0,0,0,0,62.3362,61.308,13.4422,0,1,1.46665,1.46665,0,1.29171,1.69344,8.91204e+06,3.61194e+06,1.30709e+07,0,0,0,1.20747e+08
103.622,103.622,7.76622,0.27,0,3.22888,3.22888,0,0.605058,6.16896,4.28834e+06,2.70226e+06,1.38465e+07,0,0,0,0,62.3362,61.308,10.4667,0,1,1.46673,1.46673,0,1.13314,1.69344,8.91204e+06,3.61194e+06,1.30716e+07,0,0,0,1.20747e+08
103.622,103.622,7.39142,0.59,0,2.89075,3.22905,0,0.605091,6.16896,4.28834e+06,3.52158e+06,1.23965e+07,0,0,0,0,62.3362,61.308,8.99624,0,1,1.31314,1.46681,0,1.1332,1.69344,8.91204e+06,4.70707e+06,1.17027e+07,0,0,0,1.20747e+08
103.622,103.622,6.68468,0.61,0,2.89091,3.22923,0,0.541727,6.16896,4.28834e+06,3.52158e+06,1.23972e+07,0,0,0,0,62.3362,61.308,8.44419,0,1,1.31321,1.46689,0,1.01453,1.69344,8.91204e+06,4.70707e+06,1.17034e+07,0,0,0,1.20747e+08
103.622,103.622,5.60498,0.67,0,2.89107,3.22941,0,0.541757,6.16896,4.28834e+06,3.52158e+06,1.23979e+07,0,0,0,0,62.3362,61.308,7.14709,0,1,1.31328,1.46698,0,1.01459,1.69344,8.91204e+06,4.70707e+06,1.1704e+07,0,0,0,1.20747e+08
103.622,103.622,5.60915,0.66,0,2.99687,3.34759,0,0.541787,6.16896,4.28834e+06,2.93465e+06,1.28516e+07,0,0,0,0,62.3362,61.308,8.2424,1,1,1.36618,1.52606,0,1.01464,1.69344,8.91204e+06,3.92256e+06,1.21754e+07,0,0,0,1.20747e+08
103.622,103.622,4.1984,0.66,0,2.99703,3.34777,0,0.561613,6.16896,4.28834e+06,2.93465e+06,1.28523e+07,0,0,0,0,62.3362,61.308,5.65447,1,1,1.36625,1.52614,0,1.05551,1.69344,8.91204e+06,3.92256e+06,1.21761e+07,0,0,0,1.20747e+08
103.622,103.622,4.02521,0.66,0,2.9972,3.34796,0,0.561644,6.16896,4.28834e+06,2.93465e+06,1.2853e+07,0,0,0,0,62.3362,61.308,5.83062,1,1,1.36633,1.52623,0,1.05557,1.69344,8.91204e+06,3.92256e+06,1.21768e+07,0,0,0,1.20747e+08
103.622,103.622,3.64404,0.63,0,2.99736,3.34814,0,0.561675,6.16896,4.28834e+06,2.93465e+06,1.28537e+07,0,0,0,0,62.3362,61.308,4.86773,1,1,1.3664,1.52631,0,1.05562,1.69344,8.91204e+06,3.92256e+06,1.21774e+07,0,0,0,1.20747e+08
103.622,103.622,3.36257,0.58,0,2.95622,3.30218,0,0.561706,6.16896,4.28834e+06,3.52158e+06,1.26772e+07,0,0,0,0,62.3362,61.308,4.56659,0,1,1.34596,1.50347,0,1.05568,1.69344,8.91204e+06,4.70707e+06,1.19952e+07,0,0,0,1.20747e+08
103.622,103.622,5.07291,0.55,0,2.95638,3.30236,0,0.553995,6.16896,4.28834e+06,3.52158e+06,1.26779e+07,0,0,0,0,62.3362,61.308,5.69317,0,1,1.34603,1.50356,0,1.03989,1.69344,8.91204e+06,4.70707e+06,1.19959e+07,0,0,0,1.20747e+08
103.622,103.622,3.23295,0.51,0,2.95654,3.30254,0,0.554025,6.16896,4.28834e+06,3.52158e+06,1.26786e+07,0,0,0,0,62.3362,61.308,4.53189,0,1,1.34611,1.50364,0,1.03994,1.69344,8.91204e+06,4.70707e+06,1.19966e+07,0,0,0,1.20747e+08
103.508,103.622,2.90739,0.49,0,2.9567,3.30272,0,0.554056,6.16896,4.28834e+06,3.52158e+06,1.26793e+07,0,0,0,0,62.3362,61.308,4.00988,0,1,1.34618,1.50372,0,1.04,1.69344,8.91204e+06,4.70707e+06,1.19972e+07,0,0,0,1.20747e+08
103.622,103.622,3.47283,0.45,0,3.09713,3.45959,0,0.554086,6.16896,4.28834e+06,2.93465e+06,1.32815e+07,0,0,0,0,62.3362,61.308,4.15357,1,1,1.41904,1.58511,0,1.04006,1.69344,8.91204e+06,3.92256e+06,1.26465e+07,0,0,0,1.20747e+08
103.622,103.622,3.04993,0.44,0,3.0973,3.45978,0,0.580403,6.16896,4.28834e+06,2.93465e+06,1.32823e+07,0,0,0,0,62.3362,61.308,3.86675,1,1,1.41912,1.5852,0,1.09635,1.69344,8.91204e+06,3.92256e+06,1.26472e+07,0,0,0,1.20747e+08
103.336,103.622,2.93392,0.39,0,3.38747,3.45997,0,0.580434,6.16896,4.28834e+06,2.93465e+06,1.45266e+07,0,0,0,0,62.3362,61.308,3.89744,1,1,1.55207,1.58528,0,1.09641,1.69344,8.91204e+06,3.92256e+06,1.38321e+07,0,0,0,1.20747e+08
102.94,103.622,2.80169,0.37,0,3.38765,3.46016,0,0.634812,6.16896,4.28834e+06,2.93465e+06,1.45274e+07,0,0,0,0,62.3362,61.308,3.77236,1,1,1.55215,1.58537,0,1.19913,1.69344,8.91204e+06,3.92256e+06,1.38328e+07,0,0,0,1.20747e+08
102.43,103.622,2.70142,0.2,0,3.38784,3.46035,0,0.634847,6.16896,4.28834e+06,2.93465e+06,1.45282e+07,0,0,0,0,62.3362,61.308,4.60675,1,1,1.55224,1.58546,0,1.19919,1.69344,8.91204e+06,3.92256e+06,1.38336e+07,0,0,0,1.20747e+08
101.794,103.622,2.53297,0.2,0,3.35768,3.42954,0,0.634881,6.16896,4.28834e+06,2.93465e+06,1.43989e+07,0,0,0,0,62.3362,61.308,4.14063,1,1,1.59608,1.63024,0,1.19926,1.69344,8.91204e+06,3.92256e+06,1.42244e+07,0,0,0,1.20747e+08
101.009,103.622,2.33316,0.2,0,3.35787,3.42973,0,0.62923,6.16896,4.28834e+06,2.93465e+06,1.43997e+07,0,0,0,0,62.3362,61.308,4.06687,1,1,1.59617,1.63033,0,1.23313,1.69344,8.91204e+06,3.92256e+06,1.42251e+07,0,0,0,1.20747e+08
100.123,103.622,2.18831,0,0,3.35805,3.42992,0,0.629265,6.16896,4.28834e+06,2.93465e+06,1.44005e+07,0,0,0,0,62.3362,61.308,3.91654,1,1,1.59626,1.63042,0,1.2332,1.69344,8.91204e+06,3.92256e+06,1.42259e+07,0,0,0,1.20747e+08
99.1305,103.622,2.06062,0,0,3.35824,3.43011,0,0.629299,6.16896,4.28834e+06,2.93465e+06,1.44013e+07,0,0,0,0,62.3362,61.308,3.54528,1,1,1.59635,1.63051,0,1.23327,1.69344,8.91204e+06,3.92256e+06,1.42267e+07,0,0,0,1.20747e+08
98.4532,103.622,2.49057,0,0,3.4368,3.51036,0,0.629334,6.16896,4.28834e+06,2.93465e+06,1.47382e+07,0,0,0,0,62.3362,61.308,4.13247,1,1,1.63545,1.67045,0,1.23334,1.69344,8.91204e+06,3.92256e+06,1.45752e+07,0,0,0,1.20747e+08
97.6162,103.622,2.28896,0,0,3.43699,3.51055,0,0.644057,6.16896,4.28834e+06,2.93465e+06,1.4739e+07,0,0,0,0,62.3362,61.308,4.01101,1,1,1.63554,1.67054,0,1.26355,1.69344,8.91204e+06,3.92256e+06,1.4576e+07,0,0,0,1.20747e+08
96.6255,103.622,2.09176,0,0,3.43718,3.51074,0,0.644092,6.16896,4.28834e+06,2.93465e+06,1.47398e+07,0,0,0,0,62.3362,61.308,3.53449,1,1,1.63563,1.67063,0,1.26361,1.69344,8.91204e+06,3.92256e+06,1.45768e+07,0,0,0,1.20747e+08
95.7562,103.622,2.2548,0,0,3.43737,3.51094,0,0.644128,6.16896,4.28834e+06,2.93465e+06,1.47406e+07,0,0,0,0,62.3362,61.308,4.16999,1,1,1.63572,1.67072,0,1.26368,1.69344,8.91204e+06,3.92256e+06,1.45776e+07,0,0,0,1.20747e+08
95.0002,103.622,2.55015,0,0,3.66714,3.74562,0,0.644163,6.16896,4.28834e+06,2.93465e+06,1.57259e+07,0,0,0,0,62.3362,61.308,4.9233,1,1,1.69344,1.81467,0.0832016,1.26375,1.69344,8.91204e+06,3.92256e+06,1.5092e+07,0,0,0,1.20747e+08
94.5095,103.622,2.85207,0,0,3.66734,3.74583,0,0.687222,6.16896,4.28834e+06,2.93465e+06,1.57268e+07,0,0,0,0,62.3362,61.308,6.13161,1,1,1.69344,1.81477,0.0832995,1.30835,1.69344,8.91204e+06,3.92256e+06,1.5092e+07,0,0,0,1.20747e+08
93.5236,103.622,2.29128,0,0,3.66754,3.74604,0,0.68726,6.16896,4.28834e+06,2.93465e+06,1.57277e+07,0,0,0,0,62.3362,61.308,4.42428,1,1,1.69344,1.81487,0.0833974,1.30835,1.69344,8.91204e+06,3.92256e+06,1.5092e+07,0,0,0,1.20747e+08
93.001,103.622,2.84632,0,0,3.66774,3.74624,0,0.687297,6.16896,4.28834e+06,2.93465e+06,1.57285e+07,0,0,0,0,62.3362,61.308,7.68723,1,1,1.69344,1.81497,0.0834952,1.30835,1.69344,8.91204e+06,3.92256e+06,1.5092e+07,0,0,0,1.20747e+08
92.4863,103.622,2.98111,0,0,3.66795,3.74645,0,0.687335,6.16896,4.28834e+06,2.93465e+06,1.57294e+07,0,0,0,0,62.3362,61.308,5.42718,1,1,1.69344,1.81507,0.083593,1.30835,1.69344,8.91204e+06,3.92256e+06,1.5092e+07,0,0,0,1.20747e+08
92.3938,103.622,3.29099,0,0,3.55623,3.63234,0,0.687373,6.16896,4.28834e+06,2.93465e+06,1.52503e+07,0,0,0,0,62.3362,61.308,5.09561,1,1,1.69163,1.72783,0,1.30835,1.69344,8.91204e+06,3.92256e+06,1.50758e+07,0,0,0,1.20747e+08
93.2127,103.622,4.35381,0,0,3.55642,3.63254,0,0.666437,6.16896,4.28834e+06,2.93465e+06,1.52511e+07,0,0,0,0,62.3362,61.308,6.59965,1,1,1.69172,1.72792,0,1.30695,1.69344,8.91204e+06,3.92256e+06,1.50767e+07,0,0,0,1.20747e+08
94.9624,103.622,5.66459,0,0,3.55662,3.63274,0,0.666474,6.16896,4.28834e+06,2.93465e+06,1.5252e+07,0,0,0,0,62.3362,61.308,9.89976,1,1,1.69181,1.72802,0,1.30702,1.69344,8.91204e+06,3.92256e+06,1.50775e+07,0,0,0,1.20747e+08
96.0833,103.622,4.77101,0,0,3.55682,3.63294,0,0.666511,6.16896,4.28834e+06,2.93465e+06,1.52528e+07,0,0,0,0,62.3362,61.308,6.03682,1,1,1.6919,1.72811,0,1.30709,1.69344,8.91204e+06,3.92256e+06,1.50783e+07,0,0,0,1.20747e+08
97.3969,103.622,4.95562,0,0,3.46513,3.53929,0,0.666547,6.16896,4.28834e+06,2.93465e+06,1.48596e+07,0,0,0,0,62.3362,61.308,4.35634,1,1,1.61415,1.6487,0,1.30717,1.69344,8.91204e+06,3.92256e+06,1.43854e+07,0,0,0,1.20747e+08
98.9309,103.622,5.15095,0,0,3.46532,3.53948,0,0.649365,6.16896,4.28834e+06,2.93465e+06,1.48604e+07,0,0,0,0,62.3362,61.308,6.67424,1,1,1.61424,1.64879,0,1.24709,1.69344,8.91204e+06,3.92256e+06,1.43861e+07,0,0,0,1.20747e+08
99.6907,103.622,4.54084,0,0,3.46551,3.53968,0,0.6494,6.16896,4.28834e+06,2.93465e+06,1.48613e+07,0,0,0,0,62.3362,61.308,5.46497,1,1,1.61433,1.64888,0,1.24716,1.69344,8.91204e+06,3.92256e+06,1.43869e+07,0,0,0,1.20747e+08
103.622,103.622,8.47573,0,0,3.4657,3.53987,0,0.649436,6.16896,4.28834e+06,2.93465e+06,1.48621e+07,0,0,0,0,62.3362,61.308,8.86763,1,1,1.61442,1.64897,0,1.24723,1.69344,8.91204e+06,3.92256e+06,1.43877e+07,0,0,0,1.20747e+08
103.622,103.622,14.1118,0,0,3.27346,3.27346,0,0.649472,6.16896,4.28834e+06,2.70226e+06,1.40377e+07,0,0,0,0,62.3362,61.308,26.541,0,1,1.48342,1.48342,0,1.2473,1.69344,8.91204e+06,3.61194e+06,1.32203e+07,0,0,0,1.20747e+08
103.622,103.622,12.636,0,0,3.27364,3.27364,0,0.613446,6.16896,4.28834e+06,2.70226e+06,1.40385e+07,0,0,0,0,62.3362,61.308,22.9679,0,1,1.4835,1.4835,0,1.14609,1.69344,8.91204e+06,3.61194e+06,1.3221e+07,0,0,0,1.20747e+08
103.622,103.622,16.0591,0,0,3.27382,3.27382,0,0.61348,6.16896,4.28834e+06,2.70226e+06,1.40392e+07,0,0,0,0,62.3362,61.308,30.01,0,1,1.48358,1.48358,0,1.14615,1.69344,8.91204e+06,3.61194e+06,1.32217e+07,0,0,0,1.20747e+08
103.622,103.622,16.5069,0.29,0,3.274,3.274,0,0.613514,6.16896,4.28834e+06,2.70226e+06,1.404e+07,0,0,0,0,62.3362,61.308,38.3778,0,1,1.48366,1.48366,0,1.14621,1.69344,8.91204e+06,3.61194e+06,1.32224e+07,0,0,0,1.20747e+08
103.622,103.622,8.98083,0.34,0,3.27418,3.27418,0,0.613547,6.16896,4.28834e+06,2.70226e+06,1.40408e+07,0,0,0,0,62.3362,61.308,20.5616,0,1,1.48374,1.48374,0,1.14628,1.69344,8.91204e+06,3.61194e+06,1.32232e+07,0,0,0,1.20747e+08
103.622,103.622,5.22108,0.36,0,3.30617,3.37692,0,0.613581,6.16896,4.28834e+06,2.93465e+06,1.4178e+07,0,0,0,0,62.3362,61.308,8.71512,1,1,1.4997,1.5318,0,1.14634,1.69344,8.91204e+06,3.92256e+06,1.33654e+07,0,0,0,1.20747e+08
103.368,103.622,3.62964,0.37,0,3.30632,3.37708,0,0.619575,6.16896,4.28834e+06,2.93465e+06,1.41786e+07,0,0,0,0,62.3362,61.308,5.8845,1,1,1.49977,1.53187,0,1.15867,1.69344,8.91204e+06,3.92256e+06,1.3366e+07,0,0,0,1.20747e+08
103.622,103.622,5.34297,0.39,0,3.30648,3.37724,0,0.619605,6.16896,4.28834e+06,2.93465e+06,1.41793e+07,0,0,0,0,62.3362,61.308,11.1185,1,1,1.49984,1.53194,0,1.15872,1.69344,8.91204e+06,3.92256e+06,1.33666e+07,0,0,0,1.20747e+08
103.622,103.622,5.11115,0.41,0,3.02356,3.3774,0,0.619634,6.16896,4.28834e+06,2.93465e+06,1.2966e+07,0,0,0,0,62.3362,61.308,9.80458,1,1,1.37151,1.53201,0,1.15878,1.69344,8.91204e+06,3.92256e+06,1.22229e+07,0,0,0,1.20747e+08
103.622,103.622,4.26954,0.42,0,3.31863,3.707,0,0.566615,6.16896,4.28834e+06,2.93465e+06,1.42314e+07,0,0,0,0,62.3362,61.308,8.20125,1,1,1.53284,1.71223,0,1.05963,1.69344,8.91204e+06,3.92256e+06,1.36607e+07,0,0,0,1.20747e+08
103.622,103.622,4.1537,0.42,0,3.31878,3.70718,0,0.621911,6.16896,4.28834e+06,2.93465e+06,1.42321e+07,0,0,0,0,62.3362,61.308,7.94988,1,1,1.53291,1.71231,0,1.18427,1.69344,8.91204e+06,3.92256e+06,1.36614e+07,0,0,0,1.20747e+08
103.622,103.622,4.16765,0.44,0,3.31894,3.70735,0,0.62194,6.16896,4.28834e+06,2.93465e+06,1.42327e+07,0,0,0,0,62.3362,61.308,7.32108,1,1,1.53299,1.71239,0,1.18433,1.69344,8.91204e+06,3.92256e+06,1.3662e+07,0,0,0,1.20747e+08
103.622,103.622,4.00814,0.46,0,3.3191,3.70753,0,0.62197,6.16896,4.28834e+06,2.93465e+06,1.42334e+07,0,0,0,0,62.3362,61.308,8.26359,1,1,1.53306,1.71247,0,1.18438,1.69344,8.91204e+06,3.92256e+06,1.36627e+07,0,0,0,1.20747e+08
103.622,103.622,4.56311,0.47,0,2.89852,3.23773,0,0.621999,6.16896,4.28834e+06,3.52158e+06,1.24298e+07,0,0,0,0,62.3362,61.308,7.05054,0,1,1.31667,1.47075,0,1.18444,1.69344,8.91204e+06,4.70707e+06,1.17342e+07,0,0,0,1.20747e+08
103.622,103.622,3.78025,0.49,0,2.89866,3.23788,0,0.543182,6.16896,4.28834e+06,3.52158e+06,1.24304e+07,0,0,0,0,62.3362,61.308,5.19961,0,1,1.31673,1.47082,0,1.01726,1.69344,8.91204e+06,4.70707e+06,1.17347e+07,0,0,0,1.20747e+08
103.622,103.622,3.98783,0.59,0,2.89879,3.23804,0,0.543208,6.16896,4.28834e+06,3.52158e+06,1.2431e+07,0,0,0,0,62.3362,61.308,5.68941,0,1,1.31679,1.47089,0,1.0173,1.69344,8.91204e+06,4.70707e+06,1.17353e+07,0,0,0,1.20747e+08
103.622,103.622,6.48794,0.6,0,2.89893,3.23819,0,0.543234,6.16896,4.28834e+06,3.52158e+06,1.24316e+07,0,0,0,0,62.3362,61.308,10.1019,0,1,1.31685,1.47096,0,1.01735,1.69344,8.91204e+06,4.70707e+06,1.17358e+07,0,0,0,1.20747e+08
103.622,103.622,4.23137,0.66,0,2.89907,3.23834,0,0.543259,6.16896,4.28834e+06,3.52158e+06,1.24322e+07,0,0,0,0,62.3362,61.308,6.25695,0,1,1.31692,1.47103,0,1.0174,1.69344,8.91204e+06,4.70707e+06,1.17364e+07,0,0,0,1.20747e+08
103.27,103.622,2.97415,0.65,0,3.00513,3.35682,0,0.543285,6.16896,4.28834e+06,2.93465e+06,1.2887e+07,0,0,0,0,62.3362,61.308,4.42607,1,1,1.36995,1.53027,0,1.01745,1.69344,8.91204e+06,3.92256e+06,1.2209e+07,0,0,0,1.20747e+08
102.692,103.622,2.70091,0.65,0,3.00528,3.35698,0,0.563162,6.16896,4.28834e+06,2.93465e+06,1.28876e+07,0,0,0,0,62.3362,61.308,3.99391,1,1,1.37001,1.53034,0,1.05842,1.69344,8.91204e+06,3.92256e+06,1.22096e+07,0,0,0,1.20747e+08
102.276,103.622,2.82207,0.65,0,3.00542,3.35714,0,0.563189,6.16896,4.28834e+06,2.93465e+06,1.28882e+07,0,0,0,0,62.3362,61.308,3.98684,1,1,1.37008,1.53041,0,1.05847,1.69344,8.91204e+06,3.92256e+06,1.22102e+07,0,0,0,1.20747e+08
102.032,103.622,2.96134,0.61,0,3.00556,3.3573,0,0.563216,6.16896,4.28834e+06,2.93465e+06,1.28889e+07,0,0,0,0,62.3362,61.308,4.12507,1,1,1.37014,1.53049,0,1.05852,1.69344,8.91204e+06,3.92256e+06,1.22107e+07,0,0,0,1.20747e+08
101.891,103.622,2.98594,0.58,0,2.96428,3.31118,0,0.563242,6.16896,4.28834e+06,3.52158e+06,1.27118e+07,0,0,0,0,62.3362,61.308,3.83975,0,1,1.34963,1.50757,0,1.05857,1.69344,8.91204e+06,4.70707e+06,1.20279e+07,0,0,0,1.20747e+08
101.462,103.622,2.64726,0.53,0,2.96442,3.31134,0,0.555506,6.16896,4.28834e+06,3.52158e+06,1.27124e+07,0,0,0,0,62.3362,61.308,3.47189,0,1,1.34969,1.50765,0,1.04272,1.69344,8.91204e+06,4.70707e+06,1.20285e+07,0,0,0,1.20747e+08
100.941,103.622,2.45499,0.44,0,2.96456,3.3115,0,0.555532,6.16896,4.28834e+06,3.52158e+06,1.2713e+07,0,0,0,0,62.3362,61.308,3.19621,0,1,1.34976,1.50772,0,1.04277,1.69344,8.91204e+06,4.70707e+06,1.20291e+07,0,0,0,1.20747e+08
100.139,103.622,2.44869,0.28,0,3.31165,3.31165,0,0.555558,6.16896,4.28834e+06,2.70226e+06,1.42015e+07,0,0,0,0,62.3362,61.308,3.62891,0,1,1.50779,1.50779,0,1.04282,1.69344,8.91204e+06,3.61194e+06,1.34375e+07,0,0,0,1.20747e+08
99.3955,103.622,2.6005,0.24,0,3.39623,3.46891,0,0.620604,6.16896,4.28834e+06,2.93465e+06,1.45642e+07,0,0,0,0,62.3362,61.308,4.03992,1,1,1.55608,1.58938,0,1.16492,1.69344,8.91204e+06,3.92256e+06,1.38678e+07,0,0,0,1.20747e+08
98.596,103.622,2.50141,0.07,0,3.39639,3.46908,0,0.636453,6.16896,4.28834e+06,2.93465e+06,1.45649e+07,0,0,0,0,62.3362,61.308,3.62884,1,1,1.55615,1.58946,0,1.20223,1.69344,8.91204e+06,3.92256e+06,1.38685e+07,0,0,0,1.20747e+08
97.6054,103.622,2.24734,0,0,3.39655,3.46924,0,0.636483,6.16896,4.28834e+06,2.93465e+06,1.45655e+07,0,0,0,0,62.3362,61.308,3.46474,1,1,1.55623,1.58953,0,1.20228,1.69344,8.91204e+06,3.92256e+06,1.38691e+07,0,0,0,1.20747e+08
96.5492,103.622,2.13947,0,0,3.39671,3.4694,0,0.636513,6.16896,4.28834e+06,2.93465e+06,1.45662e+07,0,0,0,0,62.2831,61.308,3.28177,1,1,1.5563,1.58961,0,1.20234,1.69344,8.91204e+06,3.92256e+06,1.38698e+07,0,0,0,1.20747e+08
94.9812,103.622,1.44621,0,0,3.39687,3.46957,0,0.636543,6.16896,4.28834e+06,2.93465e+06,1.45669e+07,0,0,0,0,61.9213,61.308,2.05971,1,1,1.55637,1.58968,0,1.2024,1.69344,8.91204e+06,3.92256e+06,1.38705e+07,0,0,0,1.20747e+08
93.254,103.622,1.17124,0,0,3.3666,3.43866,0,0.636573,6.16896,4.28834e+06,2.93465e+06,1.44371e+07,0,0,0,0,61.3034,61.308,1.5304,1,1,1.60032,1.63458,0,1.20245,1.69344,8.91204e+06,3.92256e+06,1.42622e+07,0,0,0,1.20747e+08
91.5019,103.622,1.09466,0,0,3.36676,3.43882,0,0.630902,6.16896,4.28834e+06,2.93465e+06,1.44378e+07,0,0,0,0,60.634,61.308,1.46589,1,1,1.6004,1.63465,0,1.23641,1.69344,8.91204e+06,3.92256e+06,1.42628e+07,0,0,0,1.20747e+08
89.6698,103.622,0.97879,0,0,3.36692,3.43898,0,0.630932,6.16896,4.28834e+06,2.93465e+06,1.44385e+07,0,0,0,0,59.8675,61.308,1.43288,1,1,1.60048,1.63473,0,1.23647,1.69344,8.91204e+06,3.92256e+06,1.42635e+07,0,0,0,1.20747e+08
87.8244,103.622,0.929429,0,0,3.36708,3.43914,0,0.630961,6.16896,4.28834e+06,2.93465e+06,1.44392e+07,0,0,0,0,58.9084,61.308,1.3165,1,1,1.60055,1.63481,0,1.23653,1.69344,8.91204e+06,3.92256e+06,1.42642e+07,0,0,0,1.20747e+08
85.944,103.622,0.920406,0,0,3.44583,3.51957,0,0.630991,6.16896,4.28834e+06,2.93465e+06,1.47769e+07,0,0,0,0,57.9031,61.308,1.14572,1,1,1.63974,1.67483,0,1.23659,1.69344,8.91204e+06,3.92256e+06,1.46134e+07,0,0,0,1.20747e+08
84.0382,103.622,0.858669,0,0,3.44599,3.51974,0,0.645748,6.16896,4.28834e+06,2.93465e+06,1.47776e+07,0,0,0,0,56.7825,61.308,1.14505,1,1,1.63982,1.67491,0,1.26686,1.69344,8.91204e+06,3.92256e+06,1.46141e+07,0,0,0,1.20747e+08
82.1077,103.622,0.790913,0,0,3.44615,3.51991,0,0.645778,6.16896,4.28834e+06,2.93465e+06,1.47783e+07,0,0,0,0,55.727,61.308,1.02432,1,1,1.63989,1.67499,0,1.26692,1.69344,8.91204e+06,3.92256e+06,1.46148e+07,0,0,0,1.20747e+08
80.2277,103.622,0.820969,0,0,3.44631,3.52007,0,0.645809,6.16896,4.28834e+06,2.93465e+06,1.4779e+07,0,0,0,0,54.5666,61.308,1.15395,1,1,1.63997,1.67507,0,1.26698,1.69344,8.91204e+06,3.92256e+06,1.46155e+07,0,0,0,1.20747e+08
78.2052,103.622,0.777057,0,0,3.67665,3.75534,0,0.645839,6.16896,4.28834e+06,2.93465e+06,1.57667e+07,0,0,0,0,53.246,61.308,0.977027,1,1,1.69344,1.81937,0.0878114,1.26704,1.69344,8.91204e+06,3.92256e+06,1.5092e+07,0,0,0,1.20747e+08
76.1316,103.622,0.679162,0,0,3.67683,3.75552,0,0.689005,6.16896,4.28834e+06,2.93465e+06,1.57675e+07,0,0,0,0,51.8969,61.308,0.873946,1,1,1.69344,1.81946,0.0878955,1.30835,1.69344,8.91204e+06,3.92256e+06,1.5092e+07,0,0,0,1.20747e+08
74.1351,103.622,0.715724,0,0,3.677,3.7557,0,0.689037,6.16896,4.28834e+06,2.93465e+06,1.57682e+07,0,0,0,0,50.658,61.308,0.862717,1,1,1.69344,1.81955,0.0879798,1.30835,1.69344,8.91204e+06,3.92256e+06,1.5092e+07,0,0,0,1.20747e+08
72.468,103.622,1.03823,0,0,3.67718,3.75587,0,0.68907,6.16896,4.28834e+06,2.93465e+06,1.5769e+07,0,0,0,0,49.4478,61.308,1.03106,1,1,1.69344,1.81963,0.0880641,1.30835,1.69344,8.91204e+06,3.92256e+06,1.5092e+07,0,0,0,1.20747e+08
70.9944,103.622,1.18049,0,0,3.67735,3.75605,0,0.689103,6.16896,4.28834e+06,2.93465e+06,1.57697e+07,0,0,0,0,48.6418,61.308,1.0596,1,1,1.69344,1.81972,0.0881483,1.30835,1.69344,8.91204e+06,3.92256e+06,1.5092e+07,0,0,0,1.20747e+08
69.4054,103.622,0.920949,0,0,3.56532,3.64162,0,0.689135,6.16896,4.28834e+06,2.93465e+06,1.52893e+07,0,0,0,0,47.634,61.308,1.55108,1,1,1.69344,1.73225,0.0025084,1.30835,1.69344,8.91204e+06,3.92256e+06,1.5092e+07,0,0,0,1.20747e+08
67.7576,103.622,0.813501,0,0,3.56549,3.64179,0,0.66814,6.16896,4.28834e+06,2.93465e+06,1.529e+07,0,0,0,0,46.3115,61.308,0.945556,1,1,1.69344,1.73233,0.00258858,1.30835,1.69344,8.91204e+06,3.92256e+06,1.5092e+07,0,0,0,1.20747e+08
66.0254,103.622,0.681768,0,0,3.56565,3.64197,0,0.668172,6.16896,4.28834e+06,2.93465e+06,1.52907e+07,0,0,0,0,45.1355,61.308,0.837944,1,1,1.69344,1.73241,0.00266888,1.30835,1.69344,8.91204e+06,3.92256e+06,1.5092e+07,0,0,0,1.20747e+08
64.7846,103.622,1.23081,0,0,3.56582,3.64214,0,0.668204,6.16896,4.28834e+06,2.93465e+06,1.52915e+07,0,0,0,0,44.4346,61.308,1.19873,1,1,1.69344,1.73249,0.00274906,1.30835,1.69344,8.91204e+06,3.92256e+06,1.5092e+07,0,0,0,1.20747e+08
64.0683,103.622,1.73534,0,0,3.47387,3.54822,0,0.668235,6.16896,4.28834e+06,2.93465e+06,1.48971e+07,0,0,0,0,43.564,61.308,1.41913,1,1,1.61822,1.65286,0,1.30835,1.69344,8.91204e+06,3.92256e+06,1.44217e+07,0,0,0,1.20747e+08
63.1624,103.622,1.54093,0,0,3.47404,3.54839,0,0.651004,6.16896,4.28834e+06,2.93465e+06,1.48978e+07,0,0,0,0,43.1036,61.308,1.01314,1,1,1.6183,1.65294,0,1.25024,1.69344,8.91204e+06,3.92256e+06,1.44224e+07,0,0,0,1.20747e+08
62.7281,103.622,2.064,0,0,3.4742,3.54856,0,0.651035,6.16896,4.28834e+06,2.93465e+06,1.48985e+07,0,0,0,0,43.0552,61.308,2.49509,1,1,1.61838,1.65301,0,1.2503,1.69344,8.91204e+06,3.92256e+06,1.4423e+07,0,0,0,1.20747e+08
65.4472,103.622,5.50506,0,0,3.47437,3.54873,0,0.651065,6.16896,4.28834e+06,2.93465e+06,1.48993e+07,0,0,0,0,43.6659,61.308,4.88657,1,1,1.61845,1.65309,0,1.25036,1.69344,8.91204e+06,3.92256e+06,1.44237e+07,0,0,0,1.20747e+08
65.9476,103.622,3.16185,0,0,3.28162,3.28162,0,0.651096,6.16896,4.28834e+06,2.70226e+06,1.40727e+07,0,0,0,0,43.5307,61.308,1.53084,0,1,1.48711,1.48711,0,1.25042,1.69344,8.91204e+06,3.61194e+06,1.32532e+07,0,0,0,1.20747e+08
69.9219,103.622,6.96131,0,0,3.28178,3.28178,0,0.614976,6.16896,4.28834e+06,2.70226e+06,1.40734e+07,0,0,0,0,43.6863,61.308,3.46177,0,1,1.48718,1.48718,0,1.14894,1.69344,8.91204e+06,3.61194e+06,1.32538e+07,0,0,0,1.20747e+08
72.9001,103.622,5.80552,0,0,3.28193,3.28193,0,0.615005,6.16896,4.28834e+06,2.70226e+06,1.4074e+07,0,0,0,0,43.2076,61.308,1.48385,0,1,1.48726,1.48726,0,1.149,1.69344,8.91204e+06,3.61194e+06,1.32545e+07,0,0,0,1.20747e+08
75.2222,103.622,5.13198,0,0,3.28209,3.28209,0,0.615034,6.16896,4.28834e+06,2.70226e+06,1.40747e+07,0,0,0,0,43.2607,61.308,1.90866,0,1,1.48733,1.48733,0,1.14905,1.69344,8.91204e+06,3.61194e+06,1.32551e+07,0,0,0,1.20747e+08
78.7299,103.622,6.59902,0,0,3.28224,3.28224,0,0.615063,6.16896,4.28834e+06,2.70226e+06,1.40754e+07,0,0,0,0,43.808,61.308,2.86475,0,1,1.4874,1.4874,0,1.14911,1.69344,8.91204e+06,3.61194e+06,1.32557e+07,0,0,0,1.20747e+08
80.8839,103.622,5.4158,0,0,3.31428,3.38521,0,0.615092,6.16896,4.28834e+06,2.93465e+06,1.42128e+07,0,0,0,0,44.8266,61.308,4.14244,1,1,1.50338,1.53556,0,1.14916,1.69344,8.91204e+06,3.92256e+06,1.33982e+07,0,0,0,1.20747e+08
82.6016,103.622,5.13714,0,0,3.31441,3.38535,0,0.621096,6.16896,4.28834e+06,2.93465e+06,1.42133e+07,0,0,0,0,45.5098,61.308,3.21173,1,1,1.50344,1.53562,0,1.16151,1.69344,8.91204e+06,3.92256e+06,1.33987e+07,0,0,0,1.20747e+08
83.7299,103.622,4.36244,0,0,3.31454,3.38548,0,0.621121,6.16896,4.28834e+06,2.93465e+06,1.42139e+07,0,0,0,0,46.0323,61.308,3.14976,1,1,1.5035,1.53568,0,1.16156,1.69344,8.91204e+06,3.92256e+06,1.33992e+07,0,0,0,1.20747e+08
84.404,103.622,3.86808,0,0,3.31467,3.38562,0,0.621145,6.16896,4.28834e+06,2.93465e+06,1.42144e+07,0,0,0,0,46.3923,61.308,2.72278,1,1,1.50356,1.53574,0,1.1616,1.69344,8.91204e+06,3.92256e+06,1.33998e+07,0,0,0,1.20747e+08
86.7662,103.622,5.93157,0,0,3.63812,3.71599,0,0.62117,6.16896,4.28834e+06,2.93465e+06,1.56015e+07,0,0,0,0,47.7443,61.308,4.16984,1,1,1.68041,1.71638,0,1.16165,1.69344,8.91204e+06,3.92256e+06,1.49759e+07,0,0,0,1.20747e+08
86.8979,103.622,3.81683,0,0,3.63827,3.71613,0,0.681784,6.16896,4.28834e+06,2.93465e+06,1.56021e+07,0,0,0,0,50.2269,61.308,5.88046,1,1,1.68048,1.71644,0,1.29829,1.69344,8.91204e+06,3.92256e+06,1.49765e+07,0,0,0,1.20747e+08
88.464,103.622,5.43718,0,0,3.63841,3.71628,0,0.681811,6.16896,4.28834e+06,2.93465e+06,1.56027e+07,0,0,0,0,51.7446,61.308,5.33633,1,1,1.68055,1.71651,0,1.29834,1.69344,8.91204e+06,3.92256e+06,1.49771e+07,0,0,0,1.20747e+08
90.8869,103.622,6.34328,0,0,3.63856,3.71643,0,0.681838,6.16896,4.28834e+06,2.93465e+06,1.56034e+07,0,0,0,0,53.4413,61.308,6.82373,1,1,1.68061,1.71658,0,1.29839,1.69344,8.91204e+06,3.92256e+06,1.49777e+07,0,0,0,1.20747e+08
92.7408,103.622,5.62749,0,0,3.24548,3.24548,0,0.681865,6.16896,4.28834e+06,2.70226e+06,1.39177e+07,0,0,0,0,54.0776,61.308,3.60667,0,1,1.47427,1.47427,0,1.29844,1.69344,8.91204e+06,3.61194e+06,1.31388e+07,0,0,0,1.20747e+08
93.1714,103.622,3.95184,0,0,3.2456,3.2456,0,0.608202,6.16896,4.28834e+06,2.70226e+06,1.39182e+07,0,0,0,0,55.2155,61.308,3.74263,0,1,1.47433,1.47433,0,1.13902,1.69344,8.91204e+06,3.61194e+06,1.31393e+07,0,0,0,1.20747e+08
94.7988,103.622,5.41976,0,0,3.24573,3.24573,0,0.608226,6.16896,4.28834e+06,2.70226e+06,1.39188e+07,0,0,0,0,57.2217,61.308,5.38863,0,1,1.47439,1.47439,0,1.13907,1.69344,8.91204e+06,3.61194e+06,1.31398e+07,0,0,0,1.20747e+08
96.0614,103.622,4.82741,0,0,3.24586,3.24586,0,0.60825,6.16896,4.28834e+06,2.70226e+06,1.39193e+07,0,0,0,0,58.9207,61.308,4.7789,0,1,1.47445,1.47445,0,1.13911,1.69344,8.91204e+06,3.61194e+06,1.31403e+07,0,0,0,1.20747e+08
97.5668,103.622,5.2297,0,0,3.24599,3.24599,0,0.608274,6.16896,4.28834e+06,2.70226e+06,1.39199e+07,0,0,0,0,60.9106,61.308,5.34508,0,1,1.47451,1.47451,0,1.13916,1.69344,8.91204e+06,3.61194e+06,1.31409e+07,0,0,0,1.20747e+08
98.9841,103.622,5.08071,0,0,3.29422,3.36472,0,0.608298,6.16896,4.28834e+06,2.93465e+06,1.41267e+07,0,0,0,0,62.3362,61.308,4.93271,1,1,1.50173,1.53387,0,1.1392,1.69344,8.91204e+06,3.92256e+06,1.33835e+07,0,0,0,1.20747e+08
99.9554,103.622,4.51012,0,0,3.29435,3.36486,0,0.617337,6.16896,4.28834e+06,2.93465e+06,1.41273e+07,0,0,0,0,62.3362,61.308,4.43868,1,1,1.50179,1.53393,0,1.16024,1.69344,8.91204e+06,3.92256e+06,1.3384e+07,0,0,0,1.20747e+08
101.006,103.622,4.65763,0,0,3.29448,3.36499,0,0.617362,6.16896,4.28834e+06,2.93465e+06,1.41278e+07,0,0,0,0,62.3362,61.308,5.02305,1,1,1.50185,1.53399,0,1.16028,1.69344,8.91204e+06,3.92256e+06,1.33845e+07,0,0,0,1.20747e+08
101.758,103.622,4.2956,0,0,3.29461,3.36512,0,0.617386,6.16896,4.28834e+06,2.93465e+06,1.41284e+07,0,0,0,0,62.3362,61.308,4.03255,1,1,1.50191,1.53405,0,1.16033,1.69344,8.91204e+06,3.92256e+06,1.33851e+07,0,0,0,1.20747e+08
101.594,103.622,3.22397,0,0,3.31888,3.31888,0,0.61741,6.16896,4.28834e+06,2.70226e+06,1.42325e+07,0,0,0,0,62.3362,61.308,4.47907,0,1,1.51108,1.51108,0,1.16037,1.69344,8.91204e+06,3.61194e+06,1.34668e+07,0,0,0,1.20747e+08
101.229,103.622,2.91532,0,0,3.31901,3.31901,0,0.621957,6.16896,4.28834e+06,2.70226e+06,1.4233e+07,0,0,0,0,62.3362,61.308,3.88643,0,1,1.51114,1.51114,0,1.16746,1.69344,8.91204e+06,3.61194e+06,1.34673e+07,0,0,0,1.20747e+08
100.674,103.622,2.65808,0,0,3.31914,3.31914,0,0.621982,6.16896,4.28834e+06,2.70226e+06,1.42336e+07,0,0,0,0,62.3362,61.308,3.514,0,1,1.5112,1.5112,0,1.1675,1.69344,8.91204e+06,3.61194e+06,1.34678e+07,0,0,0,1.20747e+08
100.086,103.622,2.5704,0,0,3.31927,3.31927,0,0.622007,6.16896,4.28834e+06,2.70226e+06,1.42341e+07,0,0,0,0,62.3362,61.308,3.45229,0,1,1.51126,1.51126,0,1.16755,1.69344,8.91204e+06,3.61194e+06,1.34684e+07,0,0,0,1.20747e+08
99.3627,103.622,2.4883,0,0,3.40401,3.47686,0,0.622031,6.16896,4.28834e+06,2.93465e+06,1.45975e+07,0,0,0,0,62.3362,61.308,3.87402,1,1,1.55965,1.59303,0,1.1676,1.69344,8.91204e+06,3.92256e+06,1.38996e+07,0,0,0,1.20747e+08
98.4583,103.622,2.28545,0,0,3.40415,3.477,0,0.637912,6.16896,4.28834e+06,2.93465e+06,1.45981e+07,0,0,0,0,62.3362,61.308,3.20976,1,1,1.55971,1.59309,0,1.20498,1.69344,8.91204e+06,3.92256e+06,1.39002e+07,0,0,0,1.20747e+08
97.3545,103.622,2.03998,0,0,3.40428,3.47714,0,0.637937,6.16896,4.28834e+06,2.93465e+06,1.45987e+07,0,0,0,0,62.3362,61.308,2.82058,1,1,1.55977,1.59315,0,1.20503,1.69344,8.91204e+06,3.92256e+06,1.39007e+07,0,0,0,1.20747e+08
96.1221,103.622,1.86031,0,0,3.40441,3.47728,0,0.637962,6.16896,4.28834e+06,2.93465e+06,1.45993e+07,0,0,0,0,62.3362,61.308,3.01444,1,1,1.55983,1.59321,0,1.20508,1.69344,8.91204e+06,3.92256e+06,1.39013e+07,0,0,0,1.20747e+08
96.0168,103.622,3.09816,0,0,3.40455,3.47741,0,0.637987,6.16896,4.28834e+06,2.93465e+06,1.45999e+07,0,0,0,0,62.3362,61.308,3.90827,1,1,1.55989,1.59328,0,1.20513,1.69344,8.91204e+06,3.92256e+06,1.39018e+07,0,0,0,1.20747e+08
96.6907,103.622,3.93512,0,0,3.37419,3.44641,0,0.638013,6.16896,4.28834e+06,2.93465e+06,1.44697e+07,0,0,0,0,62.3362,61.308,4.81841,1,1,1.60393,1.63826,0,1.20517,1.69344,8.91204e+06,3.92256e+06,1.42943e+07,0,0,0,1.20747e+08
97.1349,103.622,3.65603,0,0,3.37432,3.44654,0,0.632323,6.16896,4.28834e+06,2.93465e+06,1.44702e+07,0,0,0,0,62.3362,61.308,4.61817,1,1,1.60399,1.63832,0,1.2392,1.69344,8.91204e+06,3.92256e+06,1.42949e+07,0,0,0,1.20747e+08
97.3686,103.622,3.41106,0,0,3.37446,3.44668,0,0.632348,6.16896,4.28834e+06,2.93465e+06,1.44708e+07,0,0,0,0,62.3362,61.308,4.76265,1,1,1.60406,1.63839,0,1.23925,1.69344,8.91204e+06,3.92256e+06,1.42954e+07,0,0,0,1.20747e+08
97.4537,103.622,3.2401,0,0,3.37459,3.44681,0,0.632373,6.16896,4.28834e+06,2.93465e+06,1.44714e+07,0,0,0,0,62.3362,61.308,4.62492,1,1,1.60412,1.63845,0,1.2393,1.69344,8.91204e+06,3.92256e+06,1.4296e+07,0,0,0,1.20747e+08
97.7016,103.622,3.43006,0,0,3.45348,3.5274,0,0.632398,6.16896,4.28834e+06,2.93465e+06,1.48097e+07,0,0,0,0,62.3362,61.308,4.36577,1,1,1.64338,1.67856,0,1.23934,1.69344,8.91204e+06,3.92256e+06,1.46459e+07,0,0,0,1.20747e+08
97.5558,103.622,3.02341,0,0,3.45362,3.52754,0,0.647183,6.16896,4.28834e+06,2.93465e+06,1.48103e+07,0,0,0,0,62.3362,61.308,4.02887,1,1,1.64345,1.67862,0,1.26968,1.69344,8.91204e+06,3.92256e+06,1.46465e+07,0,0,0,1.20747e+08
97.2054,103.622,2.80575,0,0,3.45376,3.52767,0,0.647208,6.16896,4.28834e+06,2.93465e+06,1.48109e+07,0,0,0,0,62.3362,61.308,3.8601,1,1,1.64351,1.67869,0,1.26973,1.69344,8.91204e+06,3.92256e+06,1.46471e+07,0,0,0,1.20747e+08
96.469,103.622,2.37846,0,0,3.45389,3.52781,0,0.647234,6.16896,4.28834e+06,2.93465e+06,1.48115e+07,0,0,0,0,62.3362,61.308,3.83737,1,1,1.64358,1.67876,0,1.26978,1.69344,8.91204e+06,3.92256e+06,1.46476e+07,0,0,0,1.20747e+08
95.6883,103.622,2.44514,0,0,3.68471,3.76357,0,0.64726,6.16896,4.28834e+06,2.93465e+06,1.58013e+07,0,0,0,0,62.3362,61.308,3.55537,1,1,1.69344,1.82336,0.0917148,1.26983,1.69344,8.91204e+06,3.92256e+06,1.5092e+07,0,0,0,1.20747e+08
95.3067,103.622,2.87068,0,0,3.68486,3.76372,0,0.690515,6.16896,4.28834e+06,2.93465e+06,1.58019e+07,0,0,0,0,62.3362,61.308,4.30903,1,1,1.69344,1.82343,0.0917855,1.30835,1.69344,8.91204e+06,3.92256e+06,1.5092e+07,0,0,0,1.20747e+08
94.4033,103.622,2.29814,0,0,3.685,3.76387,0,0.690542,6.16896,4.28834e+06,2.93465e+06,1.58025e+07,0,0,0,0,62.3215,61.308,3.10511,1,1,1.69344,1.82351,0.0918561,1.30835,1.69344,8.91204e+06,3.92256e+06,1.5092e+07,0,0,0,1.20747e+08
93.9844,103.622,2.85195,0,0,3.68515,3.76402,0,0.690569,6.16896,4.28834e+06,2.93465e+06,1.58032e+07,0,0,0,0,62.3362,61.308,5.42147,1,1,1.69344,1.82358,0.0919267,1.30835,1.69344,8.91204e+06,3.92256e+06,1.5092e+07,0,0,0,1.20747e+08
92.6226,103.622,1.81083,0,0,3.68529,3.76417,0,0.690597,6.16896,4.28834e+06,2.93465e+06,1.58038e+07,0,0,0,0,62.2632,61.308,2.99465,1,1,1.69344,1.82365,0.0919975,1.30835,1.69344,8.91204e+06,3.92256e+06,1.5092e+07,0,0,0,1.20747e+08
92.2732,103.622,2.75308,0,0,3.57299,3.64946,0,0.690624,6.16896,4.28834e+06,2.93465e+06,1.53222e+07,0,0,0,0,62.2926,61.308,3.69487,1,1,1.69344,1.73597,0.00615937,1.30835,1.69344,8.91204e+06,3.92256e+06,1.5092e+07,0,0,0,1.20747e+08
90.5811,103.622,1.30455,0,0,3.57313,3.64961,0,0.669579,6.16896,4.28834e+06,2.93465e+06,1.53228e+07,0,0,0,0,61.9014,61.308,2.05387,1,1,1.69344,1.73604,0.00622671,1.30835,1.69344,8.91204e+06,3.92256e+06,1.5092e+07,0,0,0,1.20747e+08
89.0574,103.622,1.43951,0,0,3.57328,3.64975,0,0.669605,6.16896,4.28834e+06,2.93465e+06,1.53234e+07,0,0,0,0,61.6131,61.308,2.07033,1,1,1.69344,1.73611,0.00629393,1.30835,1.69344,8.91204e+06,3.92256e+06,1.5092e+07,0,0,0,1.20747e+08
89.7689,103.622,3.95748,0,0,3.57342,3.6499,0,0.669632,6.16896,4.28834e+06,2.93465e+06,1.5324e+07,0,0,0,0,61.8939,61.308,4.82911,1,1,1.69344,1.73618,0.00636116,1.30835,1.69344,8.91204e+06,3.92256e+06,1.5092e+07,0,0,0,1.20747e+08
88.1479,103.622,1.48025,0,0,3.48124,3.55575,0,0.669658,6.16896,4.28834e+06,2.93465e+06,1.49287e+07,0,0,0,0,62.2339,61.308,3.04979,1,1,1.62166,1.65636,0,1.30835,1.69344,8.91204e+06,3.92256e+06,1.44523e+07,0,0,0,1.20747e+08
86.2949,103.622,1.15434,0,0,3.48138,3.55589,0,0.652385,6.16896,4.28834e+06,2.93465e+06,1.49293e+07,0,0,0,0,62.3362,61.308,2.6245,1,1,1.62172,1.65643,0,1.25289,1.69344,8.91204e+06,3.92256e+06,1.44528e+07,0,0,0,1.20747e+08
86.3138,103.622,3.17987,0,0,3.48152,3.55603,0,0.652411,6.16896,4.28834e+06,2.93465e+06,1.49299e+07,0,0,0,0,62.3362,61.308,4.16494,1,1,1.62179,1.6565,0,1.25294,1.69344,8.91204e+06,3.92256e+06,1.44534e+07,0,0,0,1.20747e+08
87.97,103.622,5.26928,0,0,3.48166,3.55617,0,0.652437,6.16896,4.28834e+06,2.93465e+06,1.49305e+07,0,0,0,0,62.3362,61.308,5.85393,1,1,1.62185,1.65656,0,1.25299,1.69344,8.91204e+06,3.92256e+06,1.4454e+07,0,0,0,1.20747e+08
91.0433,103.622,6.74557,0,0,3.28848,3.28848,0,0.652463,6.16896,4.28834e+06,2.70226e+06,1.41021e+07,0,0,0,0,62.3362,61.308,9.58117,0,1,1.49022,1.49022,0,1.25304,1.69344,8.91204e+06,3.61194e+06,1.32809e+07,0,0,0,1.20747e+08
95.2439,103.622,8.36049,0,0,3.28861,3.28861,0,0.616262,6.16896,4.28834e+06,2.70226e+06,1.41027e+07,0,0,0,0,62.3362,61.308,11.129,0,1,1.49028,1.49028,0,1.15135,1.69344,8.91204e+06,3.61194e+06,1.32815e+07,0,0,0,1.20747e+08
99.0595,103.622,7.90987,0,0,3.28874,3.28874,0,0.616286,6.16896,4.28834e+06,2.70226e+06,1.41032e+07,0,0,0,0,62.3362,61.308,9.67552,0,1,1.49034,1.49034,0,1.15139,1.69344,8.91204e+06,3.61194e+06,1.3282e+07,0,0,0,1.20747e+08
102.287,103.622,7.09845,0,0,3.28887,3.28887,0,0.61631,6.16896,4.28834e+06,2.70226e+06,1.41038e+07,0,0,0,0,62.3362,61.308,8.5454,0,1,1.4904,1.4904,0,1.15144,1.69344,8.91204e+06,3.61194e+06,1.32825e+07,0,0,0,1.20747e+08
103.622,103.622,6.61482,0,0,3.289,3.289,0,0.616335,6.16896,4.28834e+06,2.70226e+06,1.41044e+07,0,0,0,0,62.3362,61.308,8.73534,0,1,1.49046,1.49046,0,1.15148,1.69344,8.91204e+06,3.61194e+06,1.3283e+07,0,0,0,1.20747e+08
103.622,103.622,5.98718,0,0,3.32108,3.39216,0,0.616359,6.16896,4.28834e+06,2.93465e+06,1.42419e+07,0,0,0,0,62.3362,61.308,8.60344,1,1,1.50647,1.53871,0,1.15153,1.69344,8.91204e+06,3.92256e+06,1.34257e+07,0,0,0,1.20747e+08
103.622,103.622,7.94198,0,0,3.32119,3.39227,0,0.622371,6.16896,4.28834e+06,2.93465e+06,1.42424e+07,0,0,0,0,62.3362,61.308,11.415,1,1,1.50651,1.53876,0,1.1639,1.69344,8.91204e+06,3.92256e+06,1.34261e+07,0,0,0,1.20747e+08
103.622,103.622,13.9154,0,0,3.32129,3.39238,0,0.622391,6.16896,4.28834e+06,2.93465e+06,1.42428e+07,0,0,0,0,62.3362,61.308,19.8141,1,1,1.50656,1.53881,0,1.16393,1.69344,8.91204e+06,3.92256e+06,1.34265e+07,0,0,0,1.20747e+08
103.622,103.622,14.6807,0,0,3.3214,3.39248,0,0.62241,6.16896,4.28834e+06,2.93465e+06,1.42433e+07,0,0,0,0,62.3362,61.308,14.2886,1,1,1.50661,1.53885,0,1.16397,1.69344,8.91204e+06,3.92256e+06,1.3427e+07,0,0,0,1.20747e+08
103.622,103.622,10.6655,0,0,3.64548,3.7235,0,0.62243,6.16896,4.28834e+06,2.93465e+06,1.5633e+07,0,0,0,0,62.3362,61.308,11.8248,1,1,1.68381,1.71985,0,1.16401,1.69344,8.91204e+06,3.92256e+06,1.50062e+07,0,0,0,1.20747e+08
103.622,103.622,8.95306,0,0,3.64559,3.72362,0,0.683162,6.16896,4.28834e+06,2.93465e+06,1.56335e+07,0,0,0,0,62.3362,61.308,9.61588,1,1,1.68386,1.7199,0,1.30091,1.69344,8.91204e+06,3.92256e+06,1.50066e+07,0,0,0,1.20747e+08
103.622,103.622,13.4015,0,0,3.64571,3.72373,0,0.683184,6.16896,4.28834e+06,2.93465e+06,1.5634e+07,0,0,0,0,62.3362,61.308,14.6543,1,1,1.68392,1.71995,0,1.30095,1.69344,8.91204e+06,3.92256e+06,1.50071e+07,0,0,0,1.20747e+08
103.622,103.622,13.9516,0.01,0,3.64582,3.72385,0,0.683206,6.16896,4.28834e+06,2.93465e+06,1.56345e+07,0,0,0,0,62.3362,61.308,17.8597,1,1,1.68397,1.72001,0,1.30099,1.69344,8.91204e+06,3.92256e+06,1.50076e+07,0,0,0,1.20747e+08
103.622,103.622,8.92524,0.46,0,2.91123,3.25193,0,0.683227,6.16896,4.28834e+06,3.52158e+06,1.24844e+07,0,0,0,0,62.3362,61.308,8.95175,0,1,1.32244,1.47721,0,1.30103,1.69344,8.91204e+06,4.70707e+06,1.17857e+07,0,0,0,1.20747e+08
103.622,103.622,7.69727,0.48,0,2.91133,3.25204,0,0.545565,6.16896,4.28834e+06,3.52158e+06,1.24847e+07,0,0,0,0,62.3362,61.308,7.72986,0,1,1.32248,1.47725,0,1.02172,1.69344,8.91204e+06,4.70707e+06,1.1786e+07,0,0,0,1.20747e+08
103.622,103.622,8.39898,0.58,0,2.91142,3.25214,0,0.545583,6.16896,4.28834e+06,3.52158e+06,1.24851e+07,0,0,0,0,62.3362,61.308,9.68999,0,1,1.32253,1.4773,0,1.02175,1.69344,8.91204e+06,4.70707e+06,1.17864e+07,0,0,0,1.20747e+08
103.622,103.622,14.6805,0.6,0,2.91151,3.25224,0,0.5456,6.16896,4.28834e+06,3.52158e+06,1.24855e+07,0,0,0,0,62.3362,61.308,13.9685,0,1,1.32257,1.47735,0,1.02178,1.69344,8.91204e+06,4.70707e+06,1.17868e+07,0,0,0,1.20747e+08
103.622,103.622,11.1956,0.65,0,2.9116,3.25235,0,0.545617,6.16896,4.28834e+06,3.52158e+06,1.24859e+07,0,0,0,0,62.3362,61.308,8.33481,0,1,1.32261,1.47739,0,1.02182,1.69344,8.91204e+06,4.70707e+06,1.17872e+07,0,0,0,1.20747e+08
103.622,103.622,10.469,0.65,0,3.01808,3.37129,0,0.545635,6.16896,4.28834e+06,2.93465e+06,1.29426e+07,0,0,0,0,62.3362,61.308,7.49428,1,1,1.37585,1.53686,0,1.02185,1.69344,8.91204e+06,3.92256e+06,1.22616e+07,0,0,0,1.20747e+08
103.622,103.622,8.02456,0.64,0,3.01818,3.37139,0,0.565589,6.16896,4.28834e+06,2.93465e+06,1.2943e+07,0,0,0,0,62.3362,61.308,6.31648,1,1,1.37589,1.53691,0,1.06298,1.69344,8.91204e+06,3.92256e+06,1.2262e+07,0,0,0,1.20747e+08
103.622,103.622,7.7685,0.64,0,3.01828,3.3715,0,0.565607,6.16896,4.28834e+06,2.93465e+06,1.29434e+07,0,0,0,0,62.3362,61.308,6.86884,1,1,1.37594,1.53696,0,1.06301,1.69344,8.91204e+06,3.92256e+06,1.22624e+07,0,0,0,1.20747e+08
103.622,103.622,7.0565,0.61,0,3.01837,3.37161,0,0.565625,6.16896,4.28834e+06,2.93465e+06,1.29438e+07,0,0,0,0,62.3362,61.308,6.424,1,1,1.37598,1.53701,0,1.06305,1.69344,8.91204e+06,3.92256e+06,1.22628e+07,0,0,0,1.20747e+08
103.622,103.622,6.91627,0.59,0,2.97687,3.32525,0,0.565643,6.16896,4.28834e+06,3.52158e+06,1.27658e+07,0,0,0,0,62.3362,61.308,5.88406,0,1,1.35536,1.51398,0,1.06308,1.69344,8.91204e+06,4.70707e+06,1.2079e+07,0,0,0,1.20747e+08
103.622,103.622,5.984,0.55,0,2.97696,3.32535,0,0.557865,6.16896,4.28834e+06,3.52158e+06,1.27662e+07,0,0,0,0,62.3362,61.308,5.00624,0,1,1.3554,1.51402,0,1.04715,1.69344,8.91204e+06,4.70707e+06,1.20794e+07,0,0,0,1.20747e+08
103.622,103.622,5.64499,0.51,0,2.97706,3.32546,0,0.557882,6.16896,4.28834e+06,3.52158e+06,1.27666e+07,0,0,0,0,62.3362,61.308,4.31089,0,1,1.35545,1.51407,0,1.04718,1.69344,8.91204e+06,4.70707e+06,1.20798e+07,0,0,0,1.20747e+08
103.622,103.622,5.16685,0.49,0,2.97715,3.32556,0,0.5579,6.16896,4.28834e+06,3.52158e+06,1.2767e+07,0,0,0,0,62.3362,61.308,4.06961,0,1,1.35549,1.51412,0,1.04722,1.69344,8.91204e+06,4.70707e+06,1.20802e+07,0,0,0,1.20747e+08
103.622,103.622,4.74999,0.45,0,3.11848,3.48343,0,0.557918,6.16896,4.28834e+06,2.93465e+06,1.33731e+07,0,0,0,0,62.3362,61.308,3.97376,1,1,1.42882,1.59603,0,1.04725,1.69344,8.91204e+06,3.92256e+06,1.27337e+07,0,0,0,1.20747e+08
103.622,103.622,4.50874,0.45,0,3.11857,3.48354,0,0.584402,6.16896,4.28834e+06,2.93465e+06,1.33735e+07,0,0,0,0,62.3362,61.308,3.68048,1,1,1.42887,1.59608,0,1.10391,1.69344,8.91204e+06,3.92256e+06,1.27341e+07,0,0,0,1.20747e+08
103.622,103.622,4.2155,0.42,0,3.11867,3.48365,0,0.584421,6.16896,4.28834e+06,2.93465e+06,1.33739e+07,0,0,0,0,62.3362,61.308,3.29651,1,1,1.42891,1.59613,0,1.10394,1.69344,8.91204e+06,3.92256e+06,1.27345e+07,0,0,0,1.20747e+08
103.622,103.622,3.90958,0.39,0,3.41076,3.48376,0,0.584439,6.16896,4.28834e+06,2.93465e+06,1.46265e+07,0,0,0,0,62.3362,61.308,3.10363,1,1,1.56274,1.59619,0,1.10398,1.69344,8.91204e+06,3.92256e+06,1.39272e+07,0,0,0,1.20747e+08
103.622,103.622,3.31531,0.36,0,3.41087,3.48387,0,0.639177,6.16896,4.28834e+06,2.93465e+06,1.4627e+07,0,0,0,0,62.3362,61.308,2.91084,1,1,1.56279,1.59624,0,1.20737,1.69344,8.91204e+06,3.92256e+06,1.39276e+07,0,0,0,1.20747e+08
103.061,103.622,2.72046,0.34,0,3.38043,3.45278,0,0.639197,6.16896,4.28834e+06,2.93465e+06,1.44964e+07,0,0,0,0,62.3362,61.308,2.80158,1,1,1.6069,1.64129,0,1.20741,1.69344,8.91204e+06,3.92256e+06,1.43207e+07,0,0,0,1.20747e+08
102.359,103.622,2.54933,0.32,0,3.38054,3.45289,0,0.633492,6.16896,4.28834e+06,2.93465e+06,1.44969e+07,0,0,0,0,62.3362,61.308,2.5172,1,1,1.60695,1.64134,0,1.24149,1.69344,8.91204e+06,3.92256e+06,1.43212e+07,0,0,0,1.20747e+08
101.6,103.622,2.46087,0.33,0,3.38064,3.453,0,0.633513,6.16896,4.28834e+06,2.93465e+06,1.44973e+07,0,0,0,0,62.3362,61.308,2.39357,1,1,1.607,1.64139,0,1.24153,1.69344,8.91204e+06,3.92256e+06,1.43216e+07,0,0,0,1.20747e+08
100.97,103.622,2.55632,0.32,0,3.38075,3.45311,0,0.633533,6.16896,4.28834e+06,2.93465e+06,1.44978e+07,0,0,0,0,62.2333,61.308,2.62306,1,1,1.60705,1.64144,0,1.24157,1.69344,8.91204e+06,3.92256e+06,1.43221e+07,0,0,0,1.20747e+08
99.9159,103.622,2.09363,0.29,0,3.45976,3.53381,0,0.633553,6.16896,4.28834e+06,2.93465e+06,1.48366e+07,0,0,0,0,62.14,61.308,2.02616,1,1,1.64637,1.68161,0,1.24161,1.69344,8.91204e+06,3.92256e+06,1.46725e+07,0,0,0,1.20747e+08
99.1507,103.622,2.4361,0.29,0,3.45987,3.53392,0,0.648359,6.16896,4.28834e+06,2.93465e+06,1.48371e+07,0,0,0,0,62.3198,61.308,2.60629,1,1,1.64642,1.68166,0,1.27199,1.69344,8.91204e+06,3.92256e+06,1.4673e+07,0,0,0,1.20747e+08
98.2116,103.622,2.20119,0.27,0,3.45998,3.53403,0,0.64838,6.16896,4.28834e+06,2.93465e+06,1.48376e+07,0,0,0,0,62.302,61.308,2.44102,1,1,1.64648,1.68171,0,1.27203,1.69344,8.91204e+06,3.92256e+06,1.46735e+07,0,0,0,1.20747e+08
97.1157,103.622,2.00193,0.27,0,3.46009,3.53414,0,0.648401,6.16896,4.28834e+06,2.93465e+06,1.4838e+07,0,0,0,0,62.2204,61.308,2.14149,1,1,1.64653,1.68177,0,1.27207,1.69344,8.91204e+06,3.92256e+06,1.46739e+07,0,0,0,1.20747e+08
95.5307,103.622,1.64299,0.26,0,3.69129,3.77029,0,0.648421,6.16896,4.28834e+06,2.93465e+06,1.58295e+07,0,0,0,0,62.1053,61.308,2.23765,1,1,1.69344,1.82662,0.0949042,1.27211,1.69344,8.91204e+06,3.92256e+06,1.5092e+07,0,0,0,1.20747e+08
93.7771,103.622,1.43363,0.29,0,3.69141,3.77041,0,0.691748,6.16896,4.28834e+06,2.93465e+06,1.583e+07,0,0,0,0,61.9385,61.308,2.11175,1,1,1.69344,1.82668,0.094961,1.30835,1.69344,8.91204e+06,3.92256e+06,1.5092e+07,0,0,0,1.20747e+08
92.5601,103.622,1.98278,0.29,0,3.69153,3.77053,0,0.69177,6.16896,4.28834e+06,2.93465e+06,1.58305e+07,0,0,0,0,61.8893,61.308,2.46453,1,1,1.69344,1.82673,0.0950178,1.30835,1.69344,8.91204e+06,3.92256e+06,1.5092e+07,0,0,0,1.20747e+08
92.0585,103.622,2.80778,0.3,0,3.69165,3.77065,0,0.691792,6.16896,4.28834e+06,2.93465e+06,1.5831e+07,0,0,0,0,62.1421,61.308,2.88822,1,1,1.69344,1.82679,0.0950746,1.30835,1.69344,8.91204e+06,3.92256e+06,1.5092e+07,0,0,0,1.20747e+08
90.8527,103.622,2.04415,0.3,0,3.69176,3.77077,0,0.691814,6.16896,4.28834e+06,2.93465e+06,1.58315e+07,0,0,0,0,62.0968,61.308,2.44662,1,1,1.69344,1.82685,0.0951314,1.30835,1.69344,8.91204e+06,3.92256e+06,1.5092e+07,0,0,0,1.20747e+08
89.9128,103.622,2.2887,0.3,0,3.57924,3.65584,0,0.691836,6.16896,4.28834e+06,2.93465e+06,1.5349e+07,0,0,0,0,61.8842,61.308,2.4932,1,1,1.69344,1.73901,0.00912956,1.30835,1.69344,8.91204e+06,3.92256e+06,1.5092e+07,0,0,0,1.20747e+08
88.631,103.622,1.98034,0.29,0,3.57935,3.65596,0,0.670749,6.16896,4.28834e+06,2.93465e+06,1.53495e+07,0,0,0,0,61.8278,61.308,2.74718,1,1,1.69344,1.73906,0.00918359,1.30835,1.69344,8.91204e+06,3.92256e+06,1.5092e+07,0,0,0,1.20747e+08
87.6725,103.622,2.42054,0.32,0,3.57946,3.65607,0,0.67077,6.16896,4.28834e+06,2.93465e+06,1.53499e+07,0,0,0,0,62.2203,61.308,3.92384,1,1,1.69344,1.73912,0.00923775,1.30835,1.69344,8.91204e+06,3.92256e+06,1.5092e+07,0,0,0,1.20747e+08
86.5965,103.622,2.19559,0.33,0,3.57958,3.65619,0,0.670792,6.16896,4.28834e+06,2.93465e+06,1.53504e+07,0,0,0,0,62.3362,61.308,3.66883,1,1,1.69344,1.73917,0.00929178,1.30835,1.69344,8.91204e+06,3.92256e+06,1.5092e+07,0,0,0,1.20747e+08
85.1839,103.622,1.78581,0.33,0,3.48722,3.56185,0,0.670813,6.16896,4.28834e+06,2.93465e+06,1.49544e+07,0,0,0,0,62.3362,61.308,3.28206,1,1,1.62444,1.65921,0,1.30835,1.69344,8.91204e+06,3.92256e+06,1.44771e+07,0,0,0,1.20747e+08
83.9971,103.622,1.93121,0.37,0,3.48733,3.56197,0,0.653505,6.16896,4.28834e+06,2.93465e+06,1.49548e+07,0,0,0,0,62.3362,61.308,3.63235,1,1,1.62449,1.65926,0,1.25504,1.69344,8.91204e+06,3.92256e+06,1.44775e+07,0,0,0,1.20747e+08
87.8538,103.622,7.55127,0.37,0,3.48744,3.56208,0,0.653526,6.16896,4.28834e+06,2.93465e+06,1.49553e+07,0,0,0,0,62.3362,61.308,6.01106,1,1,1.62454,1.65931,0,1.25508,1.69344,8.91204e+06,3.92256e+06,1.4478e+07,0,0,0,1.20747e+08
88.9622,103.622,4.79913,0.38,0,3.48755,3.56219,0,0.653546,6.16896,4.28834e+06,2.93465e+06,1.49558e+07,0,0,0,0,62.3362,61.308,5.08614,1,1,1.6246,1.65937,0,1.25512,1.69344,8.91204e+06,3.92256e+06,1.44785e+07,0,0,0,1.20747e+08
88.7927,103.622,3.04468,0.38,0,3.29402,3.29402,0,0.653567,6.16896,4.28834e+06,2.70226e+06,1.41259e+07,0,0,0,0,62.3362,61.308,3.78082,0,1,1.49274,1.49274,0,1.25516,1.69344,8.91204e+06,3.61194e+06,1.33033e+07,0,0,0,1.20747e+08
88.4585,103.622,2.93284,0.39,0,3.2251,3.29413,0,0.6173,6.16896,4.28834e+06,2.93465e+06,1.38303e+07,0,0,0,0,62.3362,61.308,6.13945,0,1,1.4615,1.49278,0,1.15329,1.69344,8.91204e+06,3.92256e+06,1.3025e+07,0,0,0,1.20747e+08
89.5305,103.622,4.33816,0.41,0,2.9491,3.29423,0,0.604385,6.16896,4.28834e+06,3.52158e+06,1.26467e+07,0,0,0,0,62.3362,61.308,7.00869,0,1,1.33643,1.49283,0,1.12916,1.69344,8.91204e+06,4.70707e+06,1.19103e+07,0,0,0,1.20747e+08
102.155,103.622,17.5695,0.43,0,2.9492,3.29434,0,0.552662,6.16896,4.28834e+06,3.52158e+06,1.26471e+07,0,0,0,0,62.3362,61.308,15.3064,0,1,1.33647,1.49288,0,1.03253,1.69344,8.91204e+06,4.70707e+06,1.19107e+07,0,0,0,1.20747e+08
103.622,103.622,9.59087,0.33,0,3.29444,3.29444,0,0.552679,6.16896,4.28834e+06,2.70226e+06,1.41277e+07,0,0,0,0,62.3362,61.308,10.9986,0,1,1.49292,1.49292,0,1.03256,1.69344,8.91204e+06,3.61194e+06,1.3305e+07,0,0,0,1.20747e+08
103.622,103.622,4.00588,0.36,0,3.32655,3.39774,0,0.617378,6.16896,4.28834e+06,2.93465e+06,1.42654e+07,0,0,0,0,62.1943,61.308,2.04004,1,1,1.50895,1.54124,0,1.15343,1.69344,8.91204e+06,3.92256e+06,1.34478e+07,0,0,0,1.20747e+08
103.016,103.622,2.67097,0.37,0,3.32663,3.39783,0,0.623395,6.16896,4.28834e+06,2.93465e+06,1.42657e+07,0,0,0,0,62.1238,61.308,1.96479,1,1,1.50898,1.54128,0,1.16581,1.69344,8.91204e+06,3.92256e+06,1.34481e+07,0,0,0,1.20747e+08
103.622,103.622,5.97463,0.39,0,3.32671,3.39791,0,0.62341,6.16896,4.28834e+06,2.93465e+06,1.4266e+07,0,0,0,0,62.3362,61.308,3.76255,1,1,1.50902,1.54131,0,1.16584,1.69344,8.91204e+06,3.92256e+06,1.34484e+07,0,0,0,1.20747e+08
103.622,103.622,7.90403,0.4,0,3.04199,3.39799,0,0.623425,6.16896,4.28834e+06,2.93465e+06,1.30451e+07,0,0,0,0,62.3362,61.308,7.03056,1,1,1.37987,1.54135,0,1.16587,1.69344,8.91204e+06,3.92256e+06,1.22974e+07,0,0,0,1.20747e+08
103.622,103.622,5.48933,0.41,0,3.33878,3.72951,0,0.570068,6.16896,4.28834e+06,2.93465e+06,1.43178e+07,0,0,0,0,62.3362,61.308,5.07451,1,1,1.54215,1.72262,0,1.06609,1.69344,8.91204e+06,3.92256e+06,1.37437e+07,0,0,0,1.20747e+08
103.622,103.622,3.96962,0.41,0,3.33886,3.7296,0,0.625687,6.16896,4.28834e+06,2.93465e+06,1.43181e+07,0,0,0,0,62.3362,61.308,2.7263,1,1,1.54218,1.72266,0,1.19146,1.69344,8.91204e+06,3.92256e+06,1.3744e+07,0,0,0,1.20747e+08
103.622,103.622,5.25091,0.42,0,3.33894,3.72969,0,0.625702,6.16896,4.28834e+06,2.93465e+06,1.43185e+07,0,0,0,0,62.3362,61.308,3.88864,1,1,1.54222,1.72271,0,1.19149,1.69344,8.91204e+06,3.92256e+06,1.37443e+07,0,0,0,1.20747e+08
103.622,103.622,5.15224,0.44,0,3.33902,3.72978,0,0.625717,6.16896,4.28834e+06,2.93465e+06,1.43188e+07,0,0,0,0,62.3362,61.308,3.65001,1,1,1.54226,1.72275,0,1.19152,1.69344,8.91204e+06,3.92256e+06,1.37447e+07,0,0,0,1.20747e+08
103.622,103.622,4.70056,0.47,0,2.91584,3.25708,0,0.625732,6.16896,4.28834e+06,3.52158e+06,1.25041e+07,0,0,0,0,62.3362,61.308,4.58269,0,1,1.32454,1.47955,0,1.19155,1.69344,8.91204e+06,4.70707e+06,1.18043e+07,0,0,0,1.20747e+08
103.622,103.622,4.2847,0.49,0,2.91591,3.25716,0,0.546429,6.16896,4.28834e+06,3.52158e+06,1.25044e+07,0,0,0,0,62.3362,61.308,4.69258,0,1,1.32457,1.47958,0,1.02334,1.69344,8.91204e+06,4.70707e+06,1.18046e+07,0,0,0,1.20747e+08
103.622,103.622,4.64273,0.57,0,2.91598,3.25724,0,0.546442,6.16896,4.28834e+06,3.52158e+06,1.25047e+07,0,0,0,0,62.3362,61.308,4.47549,0,1,1.3246,1.47962,0,1.02336,1.69344,8.91204e+06,4.70707e+06,1.18049e+07,0,0,0,1.20747e+08
103.622,103.622,4.50261,0.6,0,2.91605,3.25732,0,0.546456,6.16896,4.28834e+06,3.52158e+06,1.2505e+07,0,0,0,0,62.3362,61.308,4.79267,0,1,1.32463,1.47965,0,1.02339,1.69344,8.91204e+06,4.70707e+06,1.18052e+07,0,0,0,1.20747e+08
103.622,103.622,12.3503,0.64,0,2.91612,3.2574,0,0.546469,6.16896,4.28834e+06,3.52158e+06,1.25053e+07,0,0,0,0,62.3362,61.308,9.93057,0,1,1.32466,1.47969,0,1.02341,1.69344,8.91204e+06,4.70707e+06,1.18055e+07,0,0,0,1.20747e+08
103.622,103.622,7.45075,0.65,0,3.02275,3.37649,0,0.546482,6.16896,4.28834e+06,2.93465e+06,1.29626e+07,0,0,0,0,62.3362,61.308,7.77621,1,1,1.37797,1.53924,0,1.02344,1.69344,8.91204e+06,3.92256e+06,1.22806e+07,0,0,0,1.20747e+08
103.622,103.622,7.24915,0.62,0,3.02282,3.37658,0,0.566463,6.16896,4.28834e+06,2.93465e+06,1.29629e+07,0,0,0,0,62.3362,61.308,6.4679,1,1,1.37801,1.53927,0,1.06462,1.69344,8.91204e+06,3.92256e+06,1.22808e+07,0,0,0,1.20747e+08
103.622,103.622,5.33624,0.62,0,3.02289,3.37666,0,0.566476,6.16896,4.28834e+06,2.93465e+06,1.29632e+07,0,0,0,0,62.3362,61.308,3.98516,1,1,1.37804,1.53931,0,1.06465,1.69344,8.91204e+06,3.92256e+06,1.22811e+07,0,0,0,1.20747e+08
103.622,103.622,5.06711,0.59,0,3.02296,3.37674,0,0.56649,6.16896,4.28834e+06,2.93465e+06,1.29635e+07,0,0,0,0,62.3362,61.308,3.49305,1,1,1.37807,1.53935,0,1.06467,1.69344,8.91204e+06,3.92256e+06,1.22814e+07,0,0,0,1.20747e+08
103.622,103.622,4.37907,0.57,0,2.98137,3.33028,0,0.566503,6.16896,4.28834e+06,3.52158e+06,1.27851e+07,0,0,0,0,62.3362,61.308,3.22608,0,1,1.35741,1.51627,0,1.0647,1.69344,8.91204e+06,4.70707e+06,1.20973e+07,0,0,0,1.20747e+08
103.622,103.622,4.14551,0.54,0,2.98144,3.33036,0,0.558709,6.16896,4.28834e+06,3.52158e+06,1.27854e+07,0,0,0,0,62.3362,61.308,3.1092,0,1,1.35744,1.5163,0,1.04874,1.69344,8.91204e+06,4.70707e+06,1.20976e+07,0,0,0,1.20747e+08
103.622,103.622,3.88286,0.5,0,2.98151,3.33044,0,0.558722,6.16896,4.28834e+06,3.52158e+06,1.27857e+07,0,0,0,0,62.3362,61.308,3.55465,0,1,1.35748,1.51634,0,1.04876,1.69344,8.91204e+06,4.70707e+06,1.20979e+07,0,0,0,1.20747e+08
103.622,103.622,3.66568,0.48,0,2.98159,3.33052,0,0.558736,6.16896,4.28834e+06,3.52158e+06,1.2786e+07,0,0,0,0,62.3362,61.308,3.38061,0,1,1.35751,1.51638,0,1.04879,1.69344,8.91204e+06,4.70707e+06,1.20982e+07,0,0,0,1.20747e+08
103.622,103.622,3.48397,0.44,0,3.1231,3.48859,0,0.558749,6.16896,4.28834e+06,2.93465e+06,1.33929e+07,0,0,0,0,62.3362,61.308,3.03134,1,1,1.43094,1.5984,0,1.04881,1.69344,8.91204e+06,3.92256e+06,1.27526e+07,0,0,0,1.20747e+08
103.622,103.622,3.14114,0.44,0,3.12317,3.48867,0,0.585269,6.16896,4.28834e+06,2.93465e+06,1.33932e+07,0,0,0,0,62.3362,61.308,2.67542,1,1,1.43097,1.59844,0,1.10554,1.69344,8.91204e+06,3.92256e+06,1.27529e+07,0,0,0,1.20747e+08
103.551,103.622,2.95774,0.42,0,3.12325,3.48876,0,0.585283,6.16896,4.28834e+06,2.93465e+06,1.33935e+07,0,0,0,0,62.3362,61.308,2.29623,1,1,1.43101,1.59848,0,1.10557,1.69344,8.91204e+06,3.92256e+06,1.27532e+07,0,0,0,1.20747e+08
103.181,103.622,2.83844,0.39,0,3.41574,3.48884,0,0.585297,6.16896,4.28834e+06,2.93465e+06,1.46478e+07,0,0,0,0,62.1344,61.308,2.14169,1,1,1.56502,1.59851,0,1.1056,1.69344,8.91204e+06,3.92256e+06,1.39475e+07,0,0,0,1.20747e+08
102.906,103.622,2.89684,0.36,0,3.41582,3.48893,0,0.640109,6.16896,4.28834e+06,2.93465e+06,1.46482e+07,0,0,0,0,61.8672,61.308,2.10664,1,1,1.56506,1.59855,0,1.20913,1.69344,8.91204e+06,3.92256e+06,1.39478e+07,0,0,0,1.20747e+08
103.197,103.622,3.4057,0.34,0,3.38531,3.45776,0,0.640125,6.16896,4.28834e+06,2.93465e+06,1.45173e+07,0,0,0,0,61.5541,61.308,1.89506,1,1,1.60922,1.64366,0,1.20916,1.69344,8.91204e+06,3.92256e+06,1.43414e+07,0,0,0,1.20747e+08
103.346,103.622,3.24906,0.32,0,3.38539,3.45784,0,0.634407,6.16896,4.28834e+06,2.93465e+06,1.45177e+07,0,0,0,0,61.2155,61.308,1.86076,1,1,1.60925,1.6437,0,1.24328,1.69344,8.91204e+06,3.92256e+06,1.43417e+07,0,0,0,1.20747e+08
103.352,103.622,3.07616,0.32,0,3.38547,3.45793,0,0.634422,6.16896,4.28834e+06,2.93465e+06,1.4518e+07,0,0,0,0,60.8248,61.308,1.86527,1,1,1.60929,1.64374,0,1.24331,1.69344,8.91204e+06,3.92256e+06,1.43421e+07,0,0,0,1.20747e+08
103.114,103.622,2.82887,0.32,0,3.38555,3.45801,0,0.634437,6.16896,4.28834e+06,2.93465e+06,1.45184e+07,0,0,0,0,60.4325,61.308,1.80206,1,1,1.60933,1.64377,0,1.24334,1.69344,8.91204e+06,3.92256e+06,1.43424e+07,0,0,0,1.20747e+08
102.987,103.622,3.01896,0.29,0,3.46465,3.5388,0,0.634452,6.16896,4.28834e+06,2.93465e+06,1.48576e+07,0,0,0,0,60.0463,61.308,1.92284,1,1,1.6487,1.68398,0,1.24337,1.69344,8.91204e+06,3.92256e+06,1.46932e+07,0,0,0,1.20747e+08
102.763,103.622,2.87993,0.29,0,3.46473,3.53888,0,0.649275,6.16896,4.28834e+06,2.93465e+06,1.48579e+07,0,0,0,0,59.5351,61.308,1.94162,1,1,1.64874,1.68402,0,1.27378,1.69344,8.91204e+06,3.92256e+06,1.46936e+07,0,0,0,1.20747e+08
102.305,103.622,2.62162,0.27,0,3.46481,3.53897,0,0.64929,6.16896,4.28834e+06,2.93465e+06,1.48583e+07,0,0,0,0,59.0927,61.308,1.68871,1,1,1.64878,1.68406,0,1.27381,1.69344,8.91204e+06,3.92256e+06,1.46939e+07,0,0,0,1.20747e+08
102.174,103.622,2.99822,0.27,0,3.4649,3.53905,0,0.649306,6.16896,4.28834e+06,2.93465e+06,1.48586e+07,0,0,0,0,58.7654,61.308,2.21578,1,1,1.64881,1.6841,0,1.27384,1.69344,8.91204e+06,3.92256e+06,1.46943e+07,0,0,0,1.20747e+08
101.725,103.622,2.81277,0.26,0,3.69639,3.7755,0,0.649322,6.16896,4.28834e+06,2.93465e+06,1.58514e+07,0,0,0,0,58.3296,61.308,2.04408,1,1,1.69344,1.82914,0.0973735,1.27387,1.69344,8.91204e+06,3.92256e+06,1.5092e+07,0,0,0,1.20747e+08
101.648,103.622,3.2335,0.26,0,3.69648,3.77559,0,0.692704,6.16896,4.28834e+06,2.93465e+06,1.58517e+07,0,0,0,0,57.9443,61.308,2.36506,1,1,1.69344,1.82918,0.0974165,1.30835,1.69344,8.91204e+06,3.92256e+06,1.5092e+07,0,0,0,1.20747e+08
100.966,103.622,2.60386,0.26,0,3.69657,3.77568,0,0.69272,6.16896,4.28834e+06,2.93465e+06,1.58521e+07,0,0,0,0,57.4118,61.308,1.776,1,1,1.69344,1.82923,0.0974594,1.30835,1.69344,8.91204e+06,3.92256e+06,1.5092e+07,0,0,0,1.20747e+08
100.791,103.622,3.15001,0.26,0,3.69666,3.77577,0,0.692737,6.16896,4.28834e+06,2.93465e+06,1.58525e+07,0,0,0,0,57.1509,61.308,2.92217,1,1,1.69344,1.82927,0.0975024,1.30835,1.69344,8.91204e+06,3.92256e+06,1.5092e+07,0,0,0,1.20747e+08
99.9852,103.622,2.51036,0.26,0,3.69675,3.77586,0,0.692753,6.16896,4.28834e+06,2.93465e+06,1.58529e+07,0,0,0,0,56.7181,61.308,2.13063,1,1,1.69344,1.82932,0.0975453,1.30835,1.69344,8.91204e+06,3.92256e+06,1.5092e+07,0,0,0,1.20747e+08
99.1852,103.622,2.44662,0.26,0,3.58404,3.66075,0,0.69277,6.16896,4.28834e+06,2.93465e+06,1.53696e+07,0,0,0,0,56.2784,61.308,1.99138,1,1,1.69344,1.74134,0.0114141,1.30835,1.69344,8.91204e+06,3.92256e+06,1.5092e+07,0,0,0,1.20747e+08
98.6121,103.622,2.65978,0.26,0,3.58413,3.66083,0,0.671649,6.16896,4.28834e+06,2.93465e+06,1.53699e+07,0,0,0,0,55.8666,61.308,1.87881,1,1,1.69344,1.74138,0.011455,1.30835,1.69344,8.91204e+06,3.92256e+06,1.5092e+07,0,0,0,1.20747e+08
98.8202,103.622,3.55029,0.27,0,3.58421,3.66092,0,0.671665,6.16896,4.28834e+06,2.93465e+06,1.53703e+07,0,0,0,0,55.6161,61.308,2.55574,1,1,1.69344,1.74143,0.0114959,1.30835,1.69344,8.91204e+06,3.92256e+06,1.5092e+07,0,0,0,1.20747e+08
99.9812,103.622,4.68954,0.26,0,3.5843,3.66101,0,0.671681,6.16896,4.28834e+06,2.93465e+06,1.53707e+07,0,0,0,0,55.6541,61.308,3.59061,1,1,1.69344,1.74147,0.0115368,1.30835,1.69344,8.91204e+06,3.92256e+06,1.5092e+07,0,0,0,1.20747e+08
99.3524,103.622,2.70242,0.25,0,3.49179,3.56652,0,0.671697,6.16896,4.28834e+06,2.93465e+06,1.4974e+07,0,0,0,0,55.5311,61.308,2.80678,1,1,1.62657,1.66138,0,1.30835,1.69344,8.91204e+06,3.92256e+06,1.44961e+07,0,0,0,1.20747e+08
100.14,103.622,4.4077,0.24,0,3.49187,3.56661,0,0.654361,6.16896,4.28834e+06,2.93465e+06,1.49743e+07,0,0,0,0,55.7895,61.308,4.56721,1,1,1.62661,1.66142,0,1.25669,1.69344,8.91204e+06,3.92256e+06,1.44964e+07,0,0,0,1.20747e+08
100.52,103.622,4.05641,0.21,0,3.49196,3.56669,0,0.654377,6.16896,4.28834e+06,2.93465e+06,1.49747e+07,0,0,0,0,55.9561,61.308,3.93366,1,1,1.62665,1.66146,0,1.25672,1.69344,8.91204e+06,3.92256e+06,1.44967e+07,0,0,0,1.20747e+08
102.519,103.622,5.81158,0.17,0,3.49204,3.56678,0,0.654393,6.16896,4.28834e+06,2.93465e+06,1.4975e+07,0,0,0,0,57.212,61.308,5.7689,1,1,1.62669,1.6615,0,1.25675,1.69344,8.91204e+06,3.92256e+06,1.44971e+07,0,0,0,1.20747e+08
103.622,103.622,6.91637,0.27,0,3.29824,3.29824,0,0.654409,6.16896,4.28834e+06,2.70226e+06,1.4144e+07,0,0,0,0,57.9462,61.308,5.45064,0,1,1.49465,1.49465,0,1.25678,1.69344,8.91204e+06,3.61194e+06,1.33203e+07,0,0,0,1.20747e+08
103.622,103.622,6.19548,0.33,0,3.29832,3.29832,0,0.61809,6.16896,4.28834e+06,2.70226e+06,1.41443e+07,0,0,0,0,58.4186,61.308,4.6359,0,1,1.49468,1.49468,0,1.15476,1.69344,8.91204e+06,3.61194e+06,1.33207e+07,0,0,0,1.20747e+08
103.622,103.622,9.02581,0.32,0,3.2984,3.2984,0,0.618105,6.16896,4.28834e+06,2.70226e+06,1.41446e+07,0,0,0,0,60.3981,61.308,8.5909,0,1,1.49472,1.49472,0,1.15479,1.69344,8.91204e+06,3.61194e+06,1.3321e+07,0,0,0,1.20747e+08
103.622,103.622,7.20056,0.33,0,3.29848,3.29848,0,0.618119,6.16896,4.28834e+06,2.70226e+06,1.4145e+07,0,0,0,0,62.3362,61.308,8.65743,0,1,1.49475,1.49475,0,1.15482,1.69344,8.91204e+06,3.61194e+06,1.33213e+07,0,0,0,1.20747e+08
103.622,103.622,8.58652,0.33,0,3.29855,3.29855,0,0.618134,6.16896,4.28834e+06,2.70226e+06,1.41453e+07,0,0,0,0,62.3362,61.308,8.6516,0,1,1.49479,1.49479,0,1.15485,1.69344,8.91204e+06,3.61194e+06,1.33216e+07,0,0,0,1.20747e+08
103.622,103.622,11.8598,0.36,0,3.33068,3.40196,0,0.618149,6.16896,4.28834e+06,2.93465e+06,1.42831e+07,0,0,0,0,62.3362,61.308,9.10388,1,1,1.51082,1.54315,0,1.15487,1.69344,8.91204e+06,3.92256e+06,1.34645e+07,0,0,0,1.20747e+08
103.622,103.622,6.83517,0.37,0,3.33073,3.40201,0,0.624169,6.16896,4.28834e+06,2.93465e+06,1.42833e+07,0,0,0,0,62.3362,61.308,6.92386,1,1,1.51084,1.54318,0,1.16726,1.69344,8.91204e+06,3.92256e+06,1.34647e+07,0,0,0,1.20747e+08
103.622,103.622,6.99955,0.39,0,3.33078,3.40207,0,0.624179,6.16896,4.28834e+06,2.93465e+06,1.42835e+07,0,0,0,0,62.3362,61.308,6.67577,1,1,1.51087,1.5432,0,1.16728,1.69344,8.91204e+06,3.92256e+06,1.34649e+07,0,0,0,1.20747e+08
103.622,103.622,8.62728,0.4,0,3.04569,3.40213,0,0.624189,6.16896,4.28834e+06,2.93465e+06,1.30609e+07,0,0,0,0,62.3362,61.308,8.91078,1,1,1.38155,1.54323,0,1.1673,1.69344,8.91204e+06,3.92256e+06,1.23124e+07,0,0,0,1.20747e+08
103.622,103.622,8.33606,0.41,0,3.34282,3.73402,0,0.570762,6.16896,4.28834e+06,2.93465e+06,1.43351e+07,0,0,0,0,62.3362,61.308,7.95306,1,1,1.54401,1.72471,0,1.06738,1.69344,8.91204e+06,3.92256e+06,1.37603e+07,0,0,0,1.20747e+08
103.622,103.622,8.46596,0.42,0,3.34287,3.73408,0,0.626444,6.16896,4.28834e+06,2.93465e+06,1.43353e+07,0,0,0,0,62.3362,61.308,7.35426,1,1,1.54404,1.72473,0,1.1929,1.69344,8.91204e+06,3.92256e+06,1.37605e+07,0,0,0,1.20747e+08
103.622,103.622,6.80032,0.44,0,3.34292,3.73414,0,0.626454,6.16896,4.28834e+06,2.93465e+06,1.43356e+07,0,0,0,0,62.3362,61.308,5.31562,1,1,1.54406,1.72476,0,1.19292,1.69344,8.91204e+06,3.92256e+06,1.37607e+07,0,0,0,1.20747e+08
103.622,103.622,5.9716,0.45,0,3.34298,3.7342,0,0.626464,6.16896,4.28834e+06,2.93465e+06,1.43358e+07,0,0,0,0,62.3362,61.308,4.84512,1,1,1.54409,1.72479,0,1.19294,1.69344,8.91204e+06,3.92256e+06,1.3761e+07,0,0,0,1.20747e+08
103.622,103.622,8.50081,0.47,0,2.91928,3.26092,0,0.626474,6.16896,4.28834e+06,3.52158e+06,1.25189e+07,0,0,0,0,62.3362,61.308,10.7821,0,1,1.3261,1.48129,0,1.19296,1.69344,8.91204e+06,4.70707e+06,1.18182e+07,0,0,0,1.20747e+08
103.622,103.622,10.1066,0.52,0,2.91933,3.26098,0,0.547073,6.16896,4.28834e+06,3.52158e+06,1.25191e+07,0,0,0,0,62.3362,61.308,11.6043,0,1,1.32612,1.48131,0,1.02454,1.69344,8.91204e+06,4.70707e+06,1.18184e+07,0,0,0,1.20747e+08
103.622,103.622,8.56623,0.55,0,2.91938,3.26103,0,0.547082,6.16896,4.28834e+06,3.52158e+06,1.25193e+07,0,0,0,0,62.3362,61.308,8.72116,0,1,1.32614,1.48134,0,1.02456,1.69344,8.91204e+06,4.70707e+06,1.18186e+07,0,0,0,1.20747e+08
103.622,103.622,8.42958,0.59,0,2.91942,3.26108,0,0.547091,6.16896,4.28834e+06,3.52158e+06,1.25195e+07,0,0,0,0,62.3362,61.308,7.95956,0,1,1.32616,1.48136,0,1.02458,1.69344,8.91204e+06,4.70707e+06,1.18188e+07,0,0,0,1.20747e+08
103.622,103.622,8.66448,0.63,0,2.91947,3.26114,0,0.5471,6.16896,4.28834e+06,3.52158e+06,1.25197e+07,0,0,0,0,62.3362,61.308,8.64708,0,1,1.32618,1.48139,0,1.02459,1.69344,8.91204e+06,4.70707e+06,1.1819e+07,0,0,0,1.20747e+08
103.622,103.622,11.0758,0.64,0,3.02619,3.38035,0,0.547109,6.16896,4.28834e+06,2.93465e+06,1.29773e+07,0,0,0,0,62.3362,61.308,12.8504,1,1,1.37955,1.54099,0,1.02461,1.69344,8.91204e+06,3.92256e+06,1.22946e+07,0,0,0,1.20747e+08
103.622,103.622,6.81823,0.61,0,3.02624,3.3804,0,0.567109,6.16896,4.28834e+06,2.93465e+06,1.29775e+07,0,0,0,0,62.3362,61.308,8.95092,1,1,1.37957,1.54102,0,1.06584,1.69344,8.91204e+06,3.92256e+06,1.22948e+07,0,0,0,1.20747e+08
103.622,103.622,5.74782,0.61,0,3.02629,3.38046,0,0.567118,6.16896,4.28834e+06,2.93465e+06,1.29778e+07,0,0,0,0,62.3362,61.308,8.25098,1,1,1.37959,1.54104,0,1.06585,1.69344,8.91204e+06,3.92256e+06,1.2295e+07,0,0,0,1.20747e+08
103.622,103.622,5.13165,0.6,0,3.02634,3.38051,0,0.567127,6.16896,4.28834e+06,2.93465e+06,1.2978e+07,0,0,0,0,62.3362,61.308,7.62043,1,1,1.37961,1.54107,0,1.06587,1.69344,8.91204e+06,3.92256e+06,1.22952e+07,0,0,0,1.20747e+08
103.622,103.622,5.25918,0.56,0,2.98468,3.33397,0,0.567136,6.16896,4.28834e+06,3.52158e+06,1.27993e+07,0,0,0,0,62.3362,61.308,5.8588,0,1,1.35892,1.51795,0,1.06589,1.69344,8.91204e+06,4.70707e+06,1.21107e+07,0,0,0,1.20747e+08
103.622,103.622,5.0049,0.54,0,2.98473,3.33403,0,0.559329,6.16896,4.28834e+06,3.52158e+06,1.27995e+07,0,0,0,0,62.3362,61.308,4.76097,0,1,1.35894,1.51797,0,1.0499,1.69344,8.91204e+06,4.70707e+06,1.21109e+07,0,0,0,1.20747e+08
103.622,103.622,4.56298,0.5,0,2.98478,3.33408,0,0.559338,6.16896,4.28834e+06,3.52158e+06,1.27997e+07,0,0,0,0,62.3362,61.308,4.5787,0,1,1.35896,1.518,0,1.04992,1.69344,8.91204e+06,4.70707e+06,1.21111e+07,0,0,0,1.20747e+08
103.622,103.622,4.27905,0.48,0,2.98482,3.33414,0,0.559347,6.16896,4.28834e+06,3.52158e+06,1.27999e+07,0,0,0,0,62.3362,61.308,4.57178,0,1,1.35898,1.51802,0,1.04993,1.69344,8.91204e+06,4.70707e+06,1.21113e+07,0,0,0,1.20747e+08
103.622,103.622,4.18844,0.45,0,3.12647,3.49235,0,0.559356,6.16896,4.28834e+06,2.93465e+06,1.34073e+07,0,0,0,0,62.3362,61.308,4.03237,1,1,1.43248,1.60012,0,1.04995,1.69344,8.91204e+06,3.92256e+06,1.27663e+07,0,0,0,1.20747e+08
103.622,103.622,3.86332,0.44,0,3.12652,3.49241,0,0.5859,6.16896,4.28834e+06,2.93465e+06,1.34076e+07,0,0,0,0,62.3362,61.308,3.68103,1,1,1.4325,1.60015,0,1.10673,1.69344,8.91204e+06,3.92256e+06,1.27665e+07,0,0,0,1.20747e+08
103.622,103.622,3.61446,0.43,0,3.12657,3.49247,0,0.585909,6.16896,4.28834e+06,2.93465e+06,1.34078e+07,0,0,0,0,62.3362,61.308,3.32059,1,1,1.43253,1.60017,0,1.10675,1.69344,8.91204e+06,3.92256e+06,1.27667e+07,0,0,0,1.20747e+08
103.622,103.622,3.36645,0.4,0,3.12662,3.49252,0,0.585919,6.16896,4.28834e+06,2.93465e+06,1.3408e+07,0,0,0,0,62.3362,61.308,3.24775,1,1,1.43255,1.6002,0,1.10677,1.69344,8.91204e+06,3.92256e+06,1.27669e+07,0,0,0,1.20747e+08
103.503,103.622,3.13232,0.38,0,3.4194,3.49258,0,0.585928,6.16896,4.28834e+06,2.93465e+06,1.46635e+07,0,0,0,0,62.2966,61.308,3.35402,1,1,1.5667,1.60023,0,1.10679,1.69344,8.91204e+06,3.92256e+06,1.39625e+07,0,0,0,1.20747e+08
102.89,103.622,2.556,0.36,0,3.38883,3.46136,0,0.640795,6.16896,4.28834e+06,2.93465e+06,1.45324e+07,0,0,0,0,62.1571,61.308,2.66724,1,1,1.61089,1.64537,0,1.21043,1.69344,8.91204e+06,3.92256e+06,1.43563e+07,0,0,0,1.20747e+08
102.173,103.622,2.4316,0.34,0,3.38888,3.46141,0,0.635067,6.16896,4.28834e+06,2.93465e+06,1.45327e+07,0,0,0,0,62.0008,61.308,2.56878,1,1,1.61092,1.64539,0,1.24457,1.69344,8.91204e+06,3.92256e+06,1.43565e+07,0,0,0,1.20747e+08
101.376,103.622,2.30856,0.33,0,3.38894,3.46147,0,0.635077,6.16896,4.28834e+06,2.93465e+06,1.45329e+07,0,0,0,0,61.7734,61.308,2.51581,1,1,1.61094,1.64542,0,1.24459,1.69344,8.91204e+06,3.92256e+06,1.43568e+07,0,0,0,1.20747e+08
100.453,103.622,2.17151,0.32,0,3.38899,3.46153,0,0.635087,6.16896,4.28834e+06,2.93465e+06,1.45331e+07,0,0,0,0,61.5439,61.308,2.54261,1,1,1.61097,1.64545,0,1.24461,1.69344,8.91204e+06,3.92256e+06,1.4357e+07,0,0,0,1.20747e+08
99.6129,103.622,2.28106,0.29,0,3.46814,3.54237,0,0.635098,6.16896,4.28834e+06,2.93465e+06,1.48726e+07,0,0,0,0,61.3402,61.308,2.52026,1,1,1.65036,1.68568,0,1.24463,1.69344,8.91204e+06,3.92256e+06,1.47081e+07,0,0,0,1.20747e+08
98.8279,103.622,2.31966,0.29,0,3.4682,3.54243,0,0.64993,6.16896,4.28834e+06,2.93465e+06,1.48728e+07,0,0,0,0,61.1624,61.308,2.58287,1,1,1.65039,1.68571,0,1.27507,1.69344,8.91204e+06,3.92256e+06,1.47083e+07,0,0,0,1.20747e+08
97.8194,103.622,2.0781,0.27,0,3.46826,3.54248,0,0.649941,6.16896,4.28834e+06,2.93465e+06,1.48731e+07,0,0,0,0,60.9396,61.308,2.41053,1,1,1.65041,1.68574,0,1.27509,1.69344,8.91204e+06,3.92256e+06,1.47085e+07,0,0,0,1.20747e+08
96.658,103.622,1.90051,0.27,0,3.46831,3.54254,0,0.649951,6.16896,4.28834e+06,2.93465e+06,1.48733e+07,0,0,0,0,60.6983,61.308,2.28099,1,1,1.65044,1.68576,0,1.27511,1.69344,8.91204e+06,3.92256e+06,1.47088e+07,0,0,0,1.20747e+08
95.1034,103.622,1.60624,0.32,0,3.70001,3.7792,0,0.649962,6.16896,4.28834e+06,2.93465e+06,1.58669e+07,0,0,0,0,60.3303,61.308,2.02763,1,1,1.69344,1.83093,0.0991256,1.27513,1.69344,8.91204e+06,3.92256e+06,1.5092e+07,0,0,0,1.20747e+08
93.5547,103.622,1.58263,0.31,0,3.70007,3.77926,0,0.693381,6.16896,4.28834e+06,2.93465e+06,1.58671e+07,0,0,0,0,59.5318,61.308,1.82439,1,1,1.69344,1.83096,0.0991548,1.30835,1.69344,8.91204e+06,3.92256e+06,1.5092e+07,0,0,0,1.20747e+08
91.7545,103.622,1.28711,0.3,0,3.70013,3.77932,0,0.693393,6.16896,4.28834e+06,2.93465e+06,1.58674e+07,0,0,0,0,58.9522,61.308,1.28252,1,1,1.69344,1.83099,0.099184,1.30835,1.69344,8.91204e+06,3.92256e+06,1.5092e+07,0,0,0,1.20747e+08
90.2534,103.622,1.59875,0.3,0,3.70019,3.77938,0,0.693404,6.16896,4.28834e+06,2.93465e+06,1.58677e+07,0,0,0,0,58.581,61.308,2.35369,1,1,1.69344,1.83102,0.0992133,1.30835,1.69344,8.91204e+06,3.92256e+06,1.5092e+07,0,0,0,1.20747e+08
88.5049,103.622,1.31611,0.3,0,3.70025,3.77944,0,0.693415,6.16896,4.28834e+06,2.93465e+06,1.58679e+07,0,0,0,0,58.1047,61.308,1.63991,1,1,1.69344,1.83105,0.0992424,1.30835,1.69344,8.91204e+06,3.92256e+06,1.5092e+07,0,0,0,1.20747e+08
87.3562,103.622,1.89072,0.34,0,3.58741,3.66419,0,0.693426,6.16896,4.28834e+06,2.93465e+06,1.5384e+07,0,0,0,0,57.9009,61.308,1.96609,1,1,1.69344,1.74298,0.0130164,1.30835,1.69344,8.91204e+06,3.92256e+06,1.5092e+07,0,0,0,1.20747e+08
85.8161,103.622,1.49604,0.34,0,3.58747,3.66425,0,0.67228,6.16896,4.28834e+06,2.93465e+06,1.53843e+07,0,0,0,0,57.094,61.308,1.75692,1,1,1.69344,1.74301,0.0130442,1.30835,1.69344,8.91204e+06,3.92256e+06,1.5092e+07,0,0,0,1.20747e+08
83.8813,103.622,0.993077,0.33,0,3.58752,3.66431,0,0.672291,6.16896,4.28834e+06,2.93465e+06,1.53845e+07,0,0,0,0,56.5051,61.308,1.18157,1,1,1.69344,1.74303,0.013072,1.30835,1.69344,8.91204e+06,3.92256e+06,1.5092e+07,0,0,0,1.20747e+08
82.7375,103.622,1.85478,0.34,0,3.58758,3.66436,0,0.672302,6.16896,4.28834e+06,2.93465e+06,1.53848e+07,0,0,0,0,56.2969,61.308,1.76625,1,1,1.69344,1.74306,0.0130997,1.30835,1.69344,8.91204e+06,3.92256e+06,1.5092e+07,0,0,0,1.20747e+08
82.2428,103.622,2.53013,0.39,0,3.49496,3.56976,0,0.672313,6.16896,4.28834e+06,2.93465e+06,1.49876e+07,0,0,0,0,55.5468,61.308,2.45726,1,1,1.62805,1.66289,0,1.30835,1.69344,8.91204e+06,3.92256e+06,1.45092e+07,0,0,0,1.20747e+08
80.6842,103.622,1.16056,0.4,0,3.19582,3.56982,0,0.654956,6.16896,4.28834e+06,2.93465e+06,1.37047e+07,0,0,0,0,54.8891,61.308,0.69351,1,1,1.4887,1.66292,0,1.25783,1.69344,8.91204e+06,3.92256e+06,1.32673e+07,0,0,0,1.20747e+08
79.3237,103.622,1.39224,0.42,0,3.19587,3.56988,0,0.598896,6.16896,4.28834e+06,2.93465e+06,1.3705e+07,0,0,0,0,54.8096,61.308,1.50335,1,1,1.48872,1.66295,0,1.15017,1.69344,8.91204e+06,3.92256e+06,1.32676e+07,0,0,0,1.20747e+08
79.9765,103.622,3.61988,0.41,0,3.19592,3.56994,0,0.598906,6.16896,4.28834e+06,2.93465e+06,1.37052e+07,0,0,0,0,55.0229,61.308,3.13679,1,1,1.48875,1.66297,0,1.15019,1.69344,8.91204e+06,3.92256e+06,1.32678e+07,0,0,0,1.20747e+08
79.9189,103.622,2.66424,0.43,0,2.95528,3.30113,0,0.598916,6.16896,4.28834e+06,3.52158e+06,1.26732e+07,0,0,0,0,54.698,61.308,1.5236,0,1,1.33923,1.49596,0,1.15021,1.69344,8.91204e+06,4.70707e+06,1.19353e+07,0,0,0,1.20747e+08
79.093,103.622,1.83468,0.45,0,2.95533,3.30119,0,0.55382,6.16896,4.28834e+06,3.52158e+06,1.26734e+07,0,0,0,0,54.5385,61.308,1.0853,0,1,1.33925,1.49598,0,1.03469,1.69344,8.91204e+06,4.70707e+06,1.19355e+07,0,0,0,1.20747e+08
79.3565,103.622,3.12299,0.48,0,2.95538,3.30124,0,0.553829,6.16896,4.28834e+06,3.52158e+06,1.26737e+07,0,0,0,0,54.9299,61.308,2.69933,0,1,1.33927,1.49601,0,1.03471,1.69344,8.91204e+06,4.70707e+06,1.19356e+07,0,0,0,1.20747e+08
79.986,103.622,3.47438,0.51,0,2.95543,3.3013,0,0.553838,6.16896,4.28834e+06,3.52158e+06,1.26739e+07,0,0,0,0,54.8263,61.308,2.29548,0,1,1.33929,1.49603,0,1.03472,1.69344,8.91204e+06,4.70707e+06,1.19358e+07,0,0,0,1.20747e+08
81.0647,103.622,3.79734,0.55,0,2.95547,3.30135,0,0.553847,6.16896,4.28834e+06,3.52158e+06,1.26741e+07,0,0,0,0,54.7553,61.308,1.53152,0,1,1.33932,1.49606,0,1.03474,1.69344,8.91204e+06,4.70707e+06,1.1936e+07,0,0,0,1.20747e+08
85.5395,103.622,7.46159,0.59,0,2.95547,3.30135,0,0.553856,6.16896,4.28834e+06,3.52158e+06,1.26741e+07,0,0,0,0,55.3556,61.308,2.93083,0,1,1.33932,1.49606,0,1.03476,1.69344,8.91204e+06,4.70707e+06,1.1936e+07,0,0,0,1.20747e+08
90.8202,103.622,8.51841,0.53,0,3.0481,3.40482,0,0.553856,6.16896,4.28834e+06,2.93465e+06,1.30713e+07,0,0,0,0,56.3077,61.308,3.72816,1,1,1.38264,1.54445,0,1.03476,1.69344,8.91204e+06,3.92256e+06,1.23221e+07,0,0,0,1.20747e+08
94.0392,103.622,6.50113,0.45,0,3.04813,3.40485,0,0.571214,6.16896,4.28834e+06,2.93465e+06,1.30714e+07,0,0,0,0,56.9624,61.308,3.12257,1,1,1.38265,1.54446,0,1.06823,1.69344,8.91204e+06,3.92256e+06,1.23222e+07,0,0,0,1.20747e+08
97.1249,103.622,6.40242,0.46,0,3.04815,3.40488,0,0.571219,6.16896,4.28834e+06,2.93465e+06,1.30715e+07,0,0,0,0,57.4227,61.308,2.65985,1,1,1.38266,1.54448,0,1.06824,1.69344,8.91204e+06,3.92256e+06,1.23223e+07,0,0,0,1.20747e+08
100.774,103.622,7.02438,0.41,0,3.04818,3.4049,0,0.571224,6.16896,4.28834e+06,2.93465e+06,1.30716e+07,0,0,0,0,58.1963,61.308,3.92308,1,1,1.38268,1.54449,0,1.06825,1.69344,8.91204e+06,3.92256e+06,1.23225e+07,0,0,0,1.20747e+08
103.622,103.622,7.81737,0.42,0,3.34552,3.73704,0,0.571229,6.16896,4.28834e+06,2.93465e+06,1.43467e+07,0,0,0,0,58.7246,61.308,3.76953,1,1,1.54526,1.7261,0,1.06826,1.69344,8.91204e+06,3.92256e+06,1.37714e+07,0,0,0,1.20747e+08
103.622,103.622,7.91225,0.44,0,3.34555,3.73708,0,0.626951,6.16896,4.28834e+06,2.93465e+06,1.43468e+07,0,0,0,0,59.3835,61.308,4.4165,1,1,1.54528,1.72612,0,1.19387,1.69344,8.91204e+06,3.92256e+06,1.37716e+07,0,0,0,1.20747e+08
103.622,103.622,7.01784,0.45,0,3.34558,3.73711,0,0.626956,6.16896,4.28834e+06,2.93465e+06,1.4347e+07,0,0,0,0,59.727,61.308,2.92589,1,1,1.54529,1.72613,0,1.19388,1.69344,8.91204e+06,3.92256e+06,1.37717e+07,0,0,0,1.20747e+08
103.622,103.622,7.03265,0.47,0,3.34561,3.73714,0,0.626961,6.16896,4.28834e+06,2.93465e+06,1.43471e+07,0,0,0,0,60.5868,61.308,4.18219,1,1,1.5453,1.72615,0,1.19389,1.69344,8.91204e+06,3.92256e+06,1.37718e+07,0,0,0,1.20747e+08
103.622,103.622,5.43794,0.51,0,2.92156,3.26346,0,0.626967,6.16896,4.28834e+06,3.52158e+06,1.25286e+07,0,0,0,0,61.6952,61.308,4.37032,0,1,1.32713,1.48244,0,1.1939,1.69344,8.91204e+06,4.70707e+06,1.18274e+07,0,0,0,1.20747e+08
103.622,103.622,4.48372,0.55,0,2.92158,3.26349,0,0.5475,6.16896,4.28834e+06,3.52158e+06,1.25287e+07,0,0,0,0,62.3362,61.308,3.96483,0,1,1.32714,1.48246,0,1.02534,1.69344,8.91204e+06,4.70707e+06,1.18275e+07,0,0,0,1.20747e+08
103.622,103.622,6.94837,0.58,0,2.92161,3.26352,0,0.547504,6.16896,4.28834e+06,3.52158e+06,1.25288e+07,0,0,0,0,62.3362,61.308,6.12101,0,1,1.32715,1.48247,0,1.02535,1.69344,8.91204e+06,4.70707e+06,1.18276e+07,0,0,0,1.20747e+08
103.622,103.622,7.61141,0.63,0,2.92163,3.26355,0,0.547509,6.16896,4.28834e+06,3.52158e+06,1.25289e+07,0,0,0,0,62.3362,61.308,6.21083,0,1,1.32717,1.48248,0,1.02536,1.69344,8.91204e+06,4.70707e+06,1.18278e+07,0,0,0,1.20747e+08
103.622,103.622,7.50587,0.64,0,2.92166,3.26358,0,0.547514,6.16896,4.28834e+06,3.52158e+06,1.25291e+07,0,0,0,0,62.3362,61.308,3.83036,0,1,1.32718,1.4825,0,1.02537,1.69344,8.91204e+06,4.70707e+06,1.18279e+07,0,0,0,1.20747e+08
103.622,103.622,6.95912,0.62,0,3.02844,3.38285,0,0.547519,6.16896,4.28834e+06,2.93465e+06,1.2987e+07,0,0,0,0,62.3362,61.308,5.21268,1,1,1.38057,1.54213,0,1.02538,1.69344,8.91204e+06,3.92256e+06,1.23037e+07,0,0,0,1.20747e+08
103.622,103.622,5.59633,0.62,0,3.02846,3.38288,0,0.567529,6.16896,4.28834e+06,2.93465e+06,1.29871e+07,0,0,0,0,62.3362,61.308,4.9217,1,1,1.38058,1.54215,0,1.06663,1.69344,8.91204e+06,3.92256e+06,1.23038e+07,0,0,0,1.20747e+08
103.622,103.622,4.28113,0.6,0,3.02849,3.38291,0,0.567534,6.16896,4.28834e+06,2.93465e+06,1.29872e+07,0,0,0,0,62.3362,61.308,3.56906,1,1,1.38059,1.54216,0,1.06664,1.69344,8.91204e+06,3.92256e+06,1.23039e+07,0,0,0,1.20747e+08
103.622,103.622,4.03923,0.57,0,3.02851,3.38294,0,0.567539,6.16896,4.28834e+06,2.93465e+06,1.29873e+07,0,0,0,0,62.3277,61.308,2.61316,1,1,1.3806,1.54217,0,1.06665,1.69344,8.91204e+06,3.92256e+06,1.2304e+07,0,0,0,1.20747e+08
103.622,103.622,3.84678,0.55,0,2.9868,3.33634,0,0.567544,6.16896,4.28834e+06,3.52158e+06,1.28084e+07,0,0,0,0,62.1729,61.308,2.35087,0,1,1.35988,1.51903,0,1.06665,1.69344,8.91204e+06,4.70707e+06,1.21193e+07,0,0,0,1.20747e+08
103.622,103.622,3.39366,0.51,0,2.98683,3.33637,0,0.559726,6.16896,4.28834e+06,3.52158e+06,1.28085e+07,0,0,0,0,62.3362,61.308,2.17209,0,1,1.3599,1.51904,0,1.05065,1.69344,8.91204e+06,4.70707e+06,1.21194e+07,0,0,0,1.20747e+08
103.622,103.622,3.1272,0.49,0,2.98685,3.3364,0,0.559731,6.16896,4.28834e+06,3.52158e+06,1.28086e+07,0,0,0,0,62.3273,61.308,2.33427,0,1,1.35991,1.51906,0,1.05065,1.69344,8.91204e+06,4.70707e+06,1.21195e+07,0,0,0,1.20747e+08
103.622,103.622,3.03258,0.46,0,2.98688,3.33643,0,0.559736,6.16896,4.28834e+06,3.52158e+06,1.28087e+07,0,0,0,0,62.0976,61.308,2.12245,0,1,1.35992,1.51907,0,1.05066,1.69344,8.91204e+06,4.70707e+06,1.21196e+07,0,0,0,1.20747e+08
103.425,103.622,2.78093,0.46,0,3.12859,3.49473,0,0.559741,6.16896,4.28834e+06,2.93465e+06,1.34165e+07,0,0,0,0,61.7628,61.308,1.76288,1,1,1.43346,1.60121,0,1.05067,1.69344,8.91204e+06,3.92256e+06,1.2775e+07,0,0,0,1.20747e+08
103.119,103.622,2.65555,0.43,0,3.12862,3.49476,0,0.586299,6.16896,4.28834e+06,2.93465e+06,1.34166e+07,0,0,0,0,61.4713,61.308,1.71276,1,1,1.43347,1.60123,0,1.10749,1.69344,8.91204e+06,3.92256e+06,1.27751e+07,0,0,0,1.20747e+08
102.66,103.622,2.4843,0.41,0,3.12865,3.49479,0,0.586304,6.16896,4.28834e+06,2.93465e+06,1.34167e+07,0,0,0,0,61.1703,61.308,1.61215,1,1,1.43348,1.60124,0,1.1075,1.69344,8.91204e+06,3.92256e+06,1.27752e+07,0,0,0,1.20747e+08
101.954,103.622,2.35399,0.38,0,3.42159,3.49482,0,0.586309,6.16896,4.28834e+06,2.93465e+06,1.46729e+07,0,0,0,0,60.8415,61.308,1.61843,1,1,1.5677,1.60125,0,1.10751,1.69344,8.91204e+06,3.92256e+06,1.39714e+07,0,0,0,1.20747e+08
101.168,103.622,2.39311,0.35,0,3.42162,3.49485,0,0.641206,6.16896,4.28834e+06,2.93465e+06,1.46731e+07,0,0,0,0,60.7035,61.308,2.05579,1,1,1.56771,1.60127,0,1.21121,1.69344,8.91204e+06,3.92256e+06,1.39715e+07,0,0,0,1.20747e+08
100.317,103.622,2.27102,0.33,0,3.39101,3.46358,0,0.641212,6.16896,4.28834e+06,2.93465e+06,1.45418e+07,0,0,0,0,60.4634,61.308,1.9841,1,1,1.61192,1.64642,0,1.21122,1.69344,8.91204e+06,3.92256e+06,1.43655e+07,0,0,0,1.20747e+08
99.368,103.622,2.1436,0.33,0,3.39104,3.46361,0,0.635475,6.16896,4.28834e+06,2.93465e+06,1.45419e+07,0,0,0,0,60.0796,61.308,1.85954,1,1,1.61194,1.64644,0,1.24537,1.69344,8.91204e+06,3.92256e+06,1.43657e+07,0,0,0,1.20747e+08
98.3023,103.622,2.00044,0.32,0,3.39107,3.46364,0,0.63548,6.16896,4.28834e+06,2.93465e+06,1.4542e+07,0,0,0,0,59.5872,61.308,1.74182,1,1,1.61195,1.64645,0,1.24538,1.69344,8.91204e+06,3.92256e+06,1.43658e+07,0,0,0,1.20747e+08
97.1204,103.622,1.81707,0.29,0,3.39109,3.46367,0,0.635486,6.16896,4.28834e+06,2.93465e+06,1.45422e+07,0,0,0,0,59.1806,61.308,1.73629,1,1,1.61197,1.64647,0,1.24539,1.69344,8.91204e+06,3.92256e+06,1.43659e+07,0,0,0,1.20747e+08
95.7725,103.622,1.69339,0.29,0,3.47027,3.54454,0,0.635491,6.16896,4.28834e+06,2.93465e+06,1.48817e+07,0,0,0,0,58.6351,61.308,1.70216,1,1,1.65137,1.68671,0,1.24541,1.69344,8.91204e+06,3.92256e+06,1.47171e+07,0,0,0,1.20747e+08
94.3491,103.622,1.56383,0.32,0,3.4703,3.54457,0,0.650328,6.16896,4.28834e+06,2.93465e+06,1.48818e+07,0,0,0,0,57.9139,61.308,1.64099,1,1,1.65138,1.68673,0,1.27585,1.69344,8.91204e+06,3.92256e+06,1.47172e+07,0,0,0,1.20747e+08
92.8225,103.622,1.42618,0.32,0,3.47033,3.5446,0,0.650334,6.16896,4.28834e+06,2.93465e+06,1.48819e+07,0,0,0,0,57.4863,61.308,1.4437,1,1,1.6514,1.68674,0,1.27586,1.69344,8.91204e+06,3.92256e+06,1.47173e+07,0,0,0,1.20747e+08
91.4807,103.622,1.62493,0.31,0,3.47036,3.54463,0,0.650339,6.16896,4.28834e+06,2.93465e+06,1.48821e+07,0,0,0,0,56.8404,61.308,1.9171,1,1,1.65141,1.68676,0,1.27587,1.69344,8.91204e+06,3.92256e+06,1.47175e+07,0,0,0,1.20747e+08
89.5228,103.622,1.06253,0.29,0,3.70216,3.78139,0,0.650345,6.16896,4.28834e+06,2.93465e+06,1.58761e+07,0,0,0,0,55.9752,61.308,1.38544,1,1,1.69344,1.832,0.100169,1.27588,1.69344,8.91204e+06,3.92256e+06,1.5092e+07,0,0,0,1.20747e+08
87.6516,103.622,1.12048,0.35,0,3.70219,3.78143,0,0.693785,6.16896,4.28834e+06,2.93465e+06,1.58762e+07,0,0,0,0,55.3098,61.308,1.36742,1,1,1.69344,1.83201,0.100184,1.30835,1.69344,8.91204e+06,3.92256e+06,1.5092e+07,0,0,0,1.20747e+08
86.2775,103.622,1.63738,0.34,0,3.70222,3.78146,0,0.693791,6.16896,4.28834e+06,2.93465e+06,1.58764e+07,0,0,0,0,54.7878,61.308,1.63445,1,1,1.69344,1.83203,0.1002,1.30835,1.69344,8.91204e+06,3.92256e+06,1.5092e+07,0,0,0,1.20747e+08
85.4954,103.622,2.26314,0.33,0,3.70226,3.78149,0,0.693797,6.16896,4.28834e+06,2.93465e+06,1.58765e+07,0,0,0,0,54.4127,61.308,1.84202,1,1,1.69344,1.83204,0.100215,1.30835,1.69344,8.91204e+06,3.92256e+06,1.5092e+07,0,0,0,1.20747e+08
84.0948,103.622,1.6613,0.33,0,3.70229,3.78153,0,0.693803,6.16896,4.28834e+06,2.93465e+06,1.58767e+07,0,0,0,0,53.8677,61.308,1.76847,1,1,1.69344,1.83206,0.100231,1.30835,1.69344,8.91204e+06,3.92256e+06,1.5092e+07,0,0,0,1.20747e+08
82.881,103.622,1.75266,0.32,0,3.58936,3.66618,0,0.693809,6.16896,4.28834e+06,2.93465e+06,1.53924e+07,0,0,0,0,53.5437,61.308,1.66882,1,1,1.69344,1.74393,0.0139445,1.30835,1.69344,8.91204e+06,3.92256e+06,1.5092e+07,0,0,0,1.20747e+08
82.1946,103.622,2.32971,0.37,0,3.58939,3.66621,0,0.672646,6.16896,4.28834e+06,2.93465e+06,1.53925e+07,0,0,0,0,53.374,61.308,2.14934,1,1,1.69344,1.74394,0.0139593,1.30835,1.69344,8.91204e+06,3.92256e+06,1.5092e+07,0,0,0,1.20747e+08
82.238,103.622,3.04556,0.4,0,3.28214,3.66624,0,0.672652,6.16896,4.28834e+06,2.93465e+06,1.40749e+07,0,0,0,0,53.7283,61.308,3.22391,1,1,1.56125,1.74396,0,1.30835,1.69344,8.91204e+06,3.92256e+06,1.39139e+07,0,0,0,1.20747e+08
81.4442,103.622,2.30057,0.39,0,3.58945,3.66627,0,0.615073,6.16896,4.28834e+06,2.93465e+06,1.53928e+07,0,0,0,0,53.6237,61.308,2.22312,1,1,1.69344,1.74397,0.0139891,1.20622,1.69344,8.91204e+06,3.92256e+06,1.5092e+07,0,0,0,1.20747e+08
80.1422,103.622,1.55726,0.4,0,3.19741,3.5716,0,0.672663,6.16896,4.28834e+06,2.93465e+06,1.37116e+07,0,0,0,0,53.6758,61.308,2.11221,1,1,1.48944,1.66375,0,1.30835,1.69344,8.91204e+06,3.92256e+06,1.32739e+07,0,0,0,1.20747e+08
79.2811,103.622,1.95288,0.41,0,3.19744,3.57163,0,0.599194,6.16896,4.28834e+06,2.93465e+06,1.37117e+07,0,0,0,0,53.8759,61.308,2.51124,1,1,1.48945,1.66376,0,1.15074,1.69344,8.91204e+06,3.92256e+06,1.3274e+07,0,0,0,1.20747e+08
83.3193,103.622,7.52582,0.2,0,3.49682,3.57166,0,0.599199,6.16896,4.28834e+06,2.93465e+06,1.49955e+07,0,0,0,0,54.6706,61.308,4.2193,1,1,1.62891,1.66378,0,1.15075,1.69344,8.91204e+06,3.92256e+06,1.45169e+07,0,0,0,1.20747e+08
84.4125,103.622,4.54174,0.2,0,3.49685,3.57169,0,0.655304,6.16896,4.28834e+06,2.93465e+06,1.49957e+07,0,0,0,0,55.3135,61.308,3.87438,1,1,1.62893,1.66379,0,1.2585,1.69344,8.91204e+06,3.92256e+06,1.45171e+07,0,0,0,1.20747e+08
86.4949,103.622,5.30718,0.21,0,3.30273,3.30273,0,0.65531,6.16896,4.28834e+06,2.70226e+06,1.41632e+07,0,0,0,0,55.2058,61.308,2.65962,0,1,1.49668,1.49668,0,1.25851,1.69344,8.91204e+06,3.61194e+06,1.33385e+07,0,0,0,1.20747e+08
87.7533,103.622,4.52501,0.21,0,3.30276,3.30276,0,0.618932,6.16896,4.28834e+06,2.70226e+06,1.41633e+07,0,0,0,0,55.5713,61.308,3.38232,0,1,1.49669,1.49669,0,1.15634,1.69344,8.91204e+06,3.61194e+06,1.33386e+07,0,0,0,1.20747e+08
90.1193,103.622,5.91957,0.22,0,3.30279,3.30279,0,0.618937,6.16896,4.28834e+06,2.70226e+06,1.41635e+07,0,0,0,0,58.4418,61.308,9.23457,0,1,1.49671,1.49671,0,1.15635,1.69344,8.91204e+06,3.61194e+06,1.33387e+07,0,0,0,1.20747e+08
90.7755,103.622,3.85855,0.01,0,3.30282,3.30282,0,0.618942,6.16896,4.28834e+06,2.70226e+06,1.41636e+07,0,0,0,0,58.9408,61.308,4.04941,0,1,1.49672,1.49672,0,1.15636,1.69344,8.91204e+06,3.61194e+06,1.33388e+07,0,0,0,1.20747e+08
93.7352,103.622,6.47086,0,0,3.30284,3.30284,0,0.618948,6.16896,4.28834e+06,2.70226e+06,1.41637e+07,0,0,0,0,60.178,61.308,5.12069,0,1,1.49673,1.49673,0,1.15637,1.69344,8.91204e+06,3.61194e+06,1.33389e+07,0,0,0,1.20747e+08
95.7838,103.622,5.33106,0.19,0,3.33496,3.40633,0,0.618953,6.16896,4.28834e+06,2.93465e+06,1.43014e+07,0,0,0,0,61.5278,61.308,4.58393,1,1,1.51276,1.54514,0,1.15638,1.69344,8.91204e+06,3.92256e+06,1.34818e+07,0,0,0,1.20747e+08
97.5566,103.622,5.06458,0.21,0,3.33496,3.40634,0,0.624971,6.16896,4.28834e+06,2.93465e+06,1.43014e+07,0,0,0,0,62.3362,61.308,5.32349,1,1,1.51276,1.54514,0,1.16876,1.69344,8.91204e+06,3.92256e+06,1.34818e+07,0,0,0,1.20747e+08
101.434,103.622,7.37963,0,0,3.33496,3.40634,0,0.624972,6.16896,4.28834e+06,2.93465e+06,1.43015e+07,0,0,0,0,62.3362,61.308,5.77775,1,1,1.51276,1.54514,0,1.16876,1.69344,8.91204e+06,3.92256e+06,1.34818e+07,0,0,0,1.20747e+08
103.622,103.622,8.53933,0.18,0,3.33497,3.40634,0,0.624972,6.16896,4.28834e+06,2.93465e+06,1.43015e+07,0,0,0,0,62.3362,61.308,6.6608,1,1,1.51277,1.54514,0,1.16876,1.69344,8.91204e+06,3.92256e+06,1.34818e+07,0,0,0,1.20747e+08
103.622,103.622,8.20102,0.24,0,3.66026,3.7386,0,0.624973,6.16896,4.28834e+06,2.93465e+06,1.56964e+07,0,0,0,0,62.3362,61.308,7.93109,1,1,1.69064,1.72682,0,1.16876,1.69344,8.91204e+06,3.92256e+06,1.5067e+07,0,0,0,1.20747e+08
103.622,103.622,5.63761,0.41,0,3.34691,3.7386,0,0.685932,6.16896,4.28834e+06,2.93465e+06,1.43527e+07,0,0,0,0,62.3362,61.308,4.32247,1,1,1.54591,1.72682,0,1.30619,1.69344,8.91204e+06,3.92256e+06,1.37772e+07,0,0,0,1.20747e+08
103.622,103.622,4.63559,0.43,0,3.34692,3.7386,0,0.627212,6.16896,4.28834e+06,2.93465e+06,1.43527e+07,0,0,0,0,62.3362,61.308,3.65344,1,1,1.54591,1.72682,0,1.19437,1.69344,8.91204e+06,3.92256e+06,1.37772e+07,0,0,0,1.20747e+08
103.622,103.622,3.76091,0.45,0,3.34692,3.73861,0,0.627212,6.16896,4.28834e+06,2.93465e+06,1.43527e+07,0,0,0,0,62.2053,61.308,3.4156,1,1,1.54591,1.72683,0,1.19437,1.69344,8.91204e+06,3.92256e+06,1.37772e+07,0,0,0,1.20747e+08
102.935,103.622,2.38556,0.45,0,2.92268,3.26472,0,0.627213,6.16896,4.28834e+06,3.52158e+06,1.25334e+07,0,0,0,0,62.3362,61.308,2.24541,0,1,1.32764,1.48301,0,1.19437,1.69344,8.91204e+06,4.70707e+06,1.1832e+07,0,0,0,1.20747e+08
103.622,103.622,4.04898,0.49,0,2.92268,3.26472,0,0.54771,6.16896,4.28834e+06,3.52158e+06,1.25335e+07,0,0,0,0,62.3362,61.308,3.82659,0,1,1.32764,1.48302,0,1.02574,1.69344,8.91204e+06,4.70707e+06,1.1832e+07,0,0,0,1.20747e+08
103.622,103.622,7.23212,0.52,0,2.92269,3.26473,0,0.547711,6.16896,4.28834e+06,3.52158e+06,1.25335e+07,0,0,0,0,62.3362,61.308,5.99022,0,1,1.32765,1.48302,0,1.02574,1.69344,8.91204e+06,4.70707e+06,1.1832e+07,0,0,0,1.20747e+08
103.622,103.622,7.53603,0.59,0,2.92269,3.26473,0,0.547712,6.16896,4.28834e+06,3.52158e+06,1.25335e+07,0,0,0,0,62.3362,61.308,5.05047,0,1,1.32765,1.48302,0,1.02574,1.69344,8.91204e+06,4.70707e+06,1.1832e+07,0,0,0,1.20747e+08
103.622,103.622,5.83687,0.59,0,2.92269,3.26473,0,0.547712,6.16896,4.28834e+06,3.52158e+06,1.25335e+07,0,0,0,0,62.3362,61.308,3.86781,0,1,1.32765,1.48302,0,1.02574,1.69344,8.91204e+06,4.70707e+06,1.18321e+07,0,0,0,1.20747e+08
103.622,103.622,5.1879,0.6,0,3.02949,3.38403,0,0.547713,6.16896,4.28834e+06,2.93465e+06,1.29915e+07,0,0,0,0,62.3362,61.308,3.45042,1,1,1.38105,1.54267,0,1.02574,1.69344,8.91204e+06,3.92256e+06,1.23079e+07,0,0,0,1.20747e+08
103.622,103.622,4.68153,0.59,0,3.02949,3.38403,0,0.567726,6.16896,4.28834e+06,2.93465e+06,1.29915e+07,0,0,0,0,62.3362,61.308,3.18526,1,1,1.38105,1.54267,0,1.067,1.69344,8.91204e+06,3.92256e+06,1.2308e+07,0,0,0,1.20747e+08
103.622,103.622,4.16671,0.57,0,3.02949,3.38403,0,0.567727,6.16896,4.28834e+06,2.93465e+06,1.29915e+07,0,0,0,0,62.3362,61.308,2.83809,1,1,1.38105,1.54267,0,1.067,1.69344,8.91204e+06,3.92256e+06,1.2308e+07,0,0,0,1.20747e+08
103.622,103.622,3.86209,0.56,0,3.0295,3.38404,0,0.567727,6.16896,4.28834e+06,2.93465e+06,1.29915e+07,0,0,0,0,62.3362,61.308,3.32893,1,1,1.38105,1.54268,0,1.067,1.69344,8.91204e+06,3.92256e+06,1.2308e+07,0,0,0,1.20747e+08
103.622,103.622,3.72098,0.51,0,2.98775,3.3374,0,0.567728,6.16896,4.28834e+06,3.52158e+06,1.28125e+07,0,0,0,0,62.3362,61.308,3.64633,0,1,1.36031,1.51951,0,1.067,1.69344,8.91204e+06,4.70707e+06,1.21232e+07,0,0,0,1.20747e+08
103.622,103.622,3.4607,0.5,0,2.98775,3.3374,0,0.559904,6.16896,4.28834e+06,3.52158e+06,1.28125e+07,0,0,0,0,62.3362,61.308,3.65301,0,1,1.36032,1.51951,0,1.05098,1.69344,8.91204e+06,4.70707e+06,1.21232e+07,0,0,0,1.20747e+08
103.622,103.622,3.37009,0.46,0,2.98775,3.33741,0,0.559905,6.16896,4.28834e+06,3.52158e+06,1.28125e+07,0,0,0,0,62.3362,61.308,4.47653,0,1,1.36032,1.51951,0,1.05098,1.69344,8.91204e+06,4.70707e+06,1.21232e+07,0,0,0,1.20747e+08
103.61,103.622,3.03318,0.45,0,2.98776,3.33741,0,0.559905,6.16896,4.28834e+06,3.52158e+06,1.28125e+07,0,0,0,0,62.3362,61.308,3.56192,0,1,1.36032,1.51952,0,1.05098,1.69344,8.91204e+06,4.70707e+06,1.21232e+07,0,0,0,1.20747e+08
103.449,103.622,2.9341,0.44,0,3.12949,3.49573,0,0.559906,6.16896,4.28834e+06,2.93465e+06,1.34203e+07,0,0,0,0,62.3362,61.308,4.06716,1,1,1.43387,1.60167,0,1.05098,1.69344,8.91204e+06,3.92256e+06,1.27787e+07,0,0,0,1.20747e+08
103.158,103.622,2.77119,0.41,0,3.1295,3.49574,0,0.586467,6.16896,4.28834e+06,2.93465e+06,1.34203e+07,0,0,0,0,62.3362,61.308,3.46358,1,1,1.43387,1.60167,0,1.10781,1.69344,8.91204e+06,3.92256e+06,1.27787e+07,0,0,0,1.20747e+08
102.498,103.622,2.567,0.38,0,3.42249,3.49574,0,0.586468,6.16896,4.28834e+06,2.93465e+06,1.46768e+07,0,0,0,0,62.3362,61.308,3.10041,1,1,1.56811,1.60167,0,1.10781,1.69344,8.91204e+06,3.92256e+06,1.39751e+07,0,0,0,1.20747e+08
101.786,103.622,2.42006,0.23,0,3.4225,3.49575,0,0.641375,6.16896,4.28834e+06,2.93465e+06,1.46768e+07,0,0,0,0,62.3362,61.308,2.82429,1,1,1.56812,1.60168,0,1.21152,1.69344,8.91204e+06,3.92256e+06,1.39751e+07,0,0,0,1.20747e+08
101.096,103.622,2.37744,0.21,0,3.4225,3.49575,0,0.641376,6.16896,4.28834e+06,2.93465e+06,1.46768e+07,0,0,0,0,62.2813,61.308,2.56719,1,1,1.56812,1.60168,0,1.21153,1.69344,8.91204e+06,3.92256e+06,1.39751e+07,0,0,0,1.20747e+08
100.337,103.622,2.27979,0.18,0,3.39185,3.46444,0,0.641377,6.16896,4.28834e+06,2.93465e+06,1.45454e+07,0,0,0,0,62.126,61.308,2.3617,1,1,1.61233,1.64683,0,1.21153,1.69344,8.91204e+06,3.92256e+06,1.43691e+07,0,0,0,1.20747e+08
99.4034,103.622,2.09064,0,0,3.39186,3.46445,0,0.635633,6.16896,4.28834e+06,2.93465e+06,1.45454e+07,0,0,0,0,61.9605,61.308,2.37677,1,1,1.61233,1.64684,0,1.24568,1.69344,8.91204e+06,3.92256e+06,1.43691e+07,0,0,0,1.20747e+08
98.2969,103.622,1.89269,0,0,3.39186,3.46445,0,0.635634,6.16896,4.28834e+06,2.93465e+06,1.45454e+07,0,0,0,0,61.749,61.308,2.11359,1,1,1.61233,1.64684,0,1.24568,1.69344,8.91204e+06,3.92256e+06,1.43691e+07,0,0,0,1.20747e+08
97.1395,103.622,1.7871,0,0,3.39186,3.46446,0,0.635635,6.16896,4.28834e+06,2.93465e+06,1.45455e+07,0,0,0,0,61.446,61.308,1.95677,1,1,1.61233,1.64684,0,1.24569,1.69344,8.91204e+06,3.92256e+06,1.43692e+07,0,0,0,1.20747e+08
95.9482,103.622,1.81817,0,0,3.47103,3.54531,0,0.635635,6.16896,4.28834e+06,2.93465e+06,1.48849e+07,0,0,0,0,61.0431,61.308,2.00762,1,1,1.65173,1.68708,0,1.24569,1.69344,8.91204e+06,3.92256e+06,1.47203e+07,0,0,0,1.20747e+08
94.6635,103.622,1.67668,0,0,3.47103,3.54532,0,0.650471,6.16896,4.28834e+06,2.93465e+06,1.4885e+07,0,0,0,0,60.5392,61.308,1.92633,1,1,1.65173,1.68708,0,1.27613,1.69344,8.91204e+06,3.92256e+06,1.47203e+07,0,0,0,1.20747e+08
93.2596,103.622,1.52653,0,0,3.47104,3.54532,0,0.650471,6.16896,4.28834e+06,2.93465e+06,1.4885e+07,0,0,0,0,60.0462,61.308,1.67126,1,1,1.65174,1.68709,0,1.27613,1.69344,8.91204e+06,3.92256e+06,1.47203e+07,0,0,0,1.20747e+08
92.0622,103.622,1.74346,0,0,3.47104,3.54533,0,0.650472,6.16896,4.28834e+06,2.93465e+06,1.4885e+07,0,0,0,0,59.5689,61.308,2.19829,1,1,1.65174,1.68709,0,1.27613,1.69344,8.91204e+06,3.92256e+06,1.47204e+07,0,0,0,1.20747e+08
90.6669,103.622,1.64765,0,0,3.70286,3.78211,0,0.650473,6.16896,4.28834e+06,2.93465e+06,1.58791e+07,0,0,0,0,58.9268,61.308,1.51452,1,1,1.69344,1.83234,0.100508,1.27613,1.69344,8.91204e+06,3.92256e+06,1.5092e+07,0,0,0,1.20747e+08
89.4368,103.622,1.82294,0,0,3.70286,3.78211,0,0.693916,6.16896,4.28834e+06,2.93465e+06,1.58791e+07,0,0,0,0,58.1412,61.308,1.87901,1,1,1.69344,1.83234,0.10051,1.30835,1.69344,8.91204e+06,3.92256e+06,1.5092e+07,0,0,0,1.20747e+08
87.9045,103.622,1.48252,0,0,3.70287,3.78212,0,0.693917,6.16896,4.28834e+06,2.93465e+06,1.58791e+07,0,0,0,0,57.4646,61.308,1.31701,1,1,1.69344,1.83235,0.100512,1.30835,1.69344,8.91204e+06,3.92256e+06,1.5092e+07,0,0,0,1.20747e+08
86.7174,103.622,1.83379,0,0,3.70287,3.78212,0,0.693918,6.16896,4.28834e+06,2.93465e+06,1.58792e+07,0,0,0,0,57.0106,61.308,2.43448,1,1,1.69344,1.83235,0.100514,1.30835,1.69344,8.91204e+06,3.92256e+06,1.5092e+07,0,0,0,1.20747e+08
84.9562,103.622,1.18886,0,0,3.70288,3.78213,0,0.693918,6.16896,4.28834e+06,2.93465e+06,1.58792e+07,0,0,0,0,56.6466,61.308,2.60681,1,1,1.69344,1.83235,0.100516,1.30835,1.69344,8.91204e+06,3.92256e+06,1.5092e+07,0,0,0,1.20747e+08
83.1408,103.622,1.00171,0,0,3.5899,3.66673,0,0.693919,6.16896,4.28834e+06,2.93465e+06,1.53947e+07,0,0,0,0,55.9782,61.308,1.85488,1,1,1.69344,1.74419,0.014203,1.30835,1.69344,8.91204e+06,3.92256e+06,1.5092e+07,0,0,0,1.20747e+08
81.1901,103.622,0.825891,0,0,3.58991,3.66674,0,0.672748,6.16896,4.28834e+06,2.93465e+06,1.53947e+07,0,0,0,0,55.3337,61.308,1.46413,1,1,1.69344,1.74419,0.014205,1.30835,1.69344,8.91204e+06,3.92256e+06,1.5092e+07,0,0,0,1.20747e+08
79.68,103.622,1.33514,0,0,3.58991,3.66674,0,0.672748,6.16896,4.28834e+06,2.93465e+06,1.53947e+07,0,0,0,0,54.9073,61.308,1.93611,1,1,1.69344,1.74419,0.014207,1.30835,1.69344,8.91204e+06,3.92256e+06,1.5092e+07,0,0,0,1.20747e+08
79.4906,103.622,2.899,0,0,3.58992,3.66675,0,0.672749,6.16896,4.28834e+06,2.93465e+06,1.53948e+07,0,0,0,0,54.7743,61.308,2.6251,1,1,1.69344,1.7442,0.014209,1.30835,1.69344,8.91204e+06,3.92256e+06,1.5092e+07,0,0,0,1.20747e+08
78.1782,103.622,1.66838,0,0,3.49718,3.57203,0,0.67275,6.16896,4.28834e+06,2.93465e+06,1.49971e+07,0,0,0,0,54.4738,61.308,2.54515,1,1,1.62908,1.66395,0,1.30835,1.69344,8.91204e+06,3.92256e+06,1.45184e+07,0,0,0,1.20747e+08
76.9945,103.622,1.76145,0,0,3.49719,3.57203,0,0.655372,6.16896,4.28834e+06,2.93465e+06,1.49971e+07,0,0,0,0,54.1348,61.308,1.5949,1,1,1.62908,1.66395,0,1.25863,1.69344,8.91204e+06,3.92256e+06,1.45185e+07,0,0,0,1.20747e+08
77.9742,103.622,4.08739,0,0,3.49719,3.57204,0,0.655373,6.16896,4.28834e+06,2.93465e+06,1.49971e+07,0,0,0,0,54.5876,61.308,4.35533,1,1,1.62909,1.66395,0,1.25863,1.69344,8.91204e+06,3.92256e+06,1.45185e+07,0,0,0,1.20747e+08
80.3378,103.622,5.70711,0,0,3.4972,3.57204,0,0.655374,6.16896,4.28834e+06,2.93465e+06,1.49972e+07,0,0,0,0,55.5306,61.308,7.28331,1,1,1.62909,1.66395,0,1.25863,1.69344,8.91204e+06,3.92256e+06,1.45185e+07,0,0,0,1.20747e+08
81.0455,103.622,3.85138,0,0,3.30303,3.30303,0,0.655374,6.16896,4.28834e+06,2.70226e+06,1.41645e+07,0,0,0,0,55.9448,61.308,3.52999,0,1,1.49682,1.49682,0,1.25863,1.69344,8.91204e+06,3.61194e+06,1.33397e+07,0,0,0,1.20747e+08
81.189,103.622,3.12318,0,0,3.30303,3.30303,0,0.618988,6.16896,4.28834e+06,2.70226e+06,1.41645e+07,0,0,0,0,56.1803,61.308,2.972,0,1,1.49682,1.49682,0,1.15644,1.69344,8.91204e+06,3.61194e+06,1.33397e+07,0,0,0,1.20747e+08
85.0412,103.622,7.05762,0,0,3.30304,3.30304,0,0.618989,6.16896,4.28834e+06,2.70226e+06,1.41645e+07,0,0,0,0,57.2954,61.308,5.20267,0,1,1.49682,1.49682,0,1.15644,1.69344,8.91204e+06,3.61194e+06,1.33397e+07,0,0,0,1.20747e+08
93.2776,103.622,12.28,0,0,3.30304,3.30304,0,0.618989,6.16896,4.28834e+06,2.70226e+06,1.41646e+07,0,0,0,0,60.1081,61.308,9.23671,0,1,1.49682,1.49682,0,1.15644,1.69344,8.91204e+06,3.61194e+06,1.33397e+07,0,0,0,1.20747e+08
96.5157,103.622,7.14565,0,0,3.30305,3.30305,0,0.61899,6.16896,4.28834e+06,2.70226e+06,1.41646e+07,0,0,0,0,61.7586,61.308,6.47651,0,1,1.49682,1.49682,0,1.15644,1.69344,8.91204e+06,3.61194e+06,1.33398e+07,0,0,0,1.20747e+08
98.0589,103.622,5.20259,0,0,3.33514,3.40651,0,0.618991,6.16896,4.28834e+06,2.93465e+06,1.43022e+07,0,0,0,0,62.3362,61.308,6.59895,1,1,1.51284,1.54522,0,1.15645,1.69344,8.91204e+06,3.92256e+06,1.34825e+07,0,0,0,1.20747e+08
99.7699,103.622,5.25413,0,0,3.33511,3.40649,0,0.625004,6.16896,4.28834e+06,2.93465e+06,1.43021e+07,0,0,0,0,62.3362,61.308,6.93068,1,1,1.51283,1.54521,0,1.16882,1.69344,8.91204e+06,3.92256e+06,1.34824e+07,0,0,0,1.20747e+08
103.55,103.622,7.79075,0,0,3.33509,3.40647,0,0.625,6.16896,4.28834e+06,2.93465e+06,1.4302e+07,0,0,0,0,62.3362,61.308,6.89087,1,1,1.51282,1.5452,0,1.16881,1.69344,8.91204e+06,3.92256e+06,1.34823e+07,0,0,0,1.20747e+08
103.622,103.622,8.41507,0,0,3.33507,3.40645,0,0.624996,6.16896,4.28834e+06,2.93465e+06,1.43019e+07,0,0,0,0,62.3362,61.308,9.08377,1,1,1.51281,1.54519,0,1.16881,1.69344,8.91204e+06,3.92256e+06,1.34822e+07,0,0,0,1.20747e+08
103.622,103.622,4.01268,0,0,3.66034,3.73868,0,0.624992,6.16896,4.28834e+06,2.93465e+06,1.56968e+07,0,0,0,0,62.3362,61.308,5.92315,1,1,1.69068,1.72686,0,1.1688,1.69344,8.91204e+06,3.92256e+06,1.50674e+07,0,0,0,1.20747e+08
103.622,103.622,4.18581,0,0,3.66032,3.73866,0,0.685948,6.16896,4.28834e+06,2.93465e+06,1.56967e+07,0,0,0,0,62.3362,61.308,6.51623,1,1,1.69066,1.72685,0,1.30622,1.69344,8.91204e+06,3.92256e+06,1.50673e+07,0,0,0,1.20747e+08
103.622,103.622,4.81699,0,0,3.6603,3.73864,0,0.685944,6.16896,4.28834e+06,2.93465e+06,1.56966e+07,0,0,0,0,62.3362,61.308,6.50877,1,1,1.69065,1.72684,0,1.30621,1.69344,8.91204e+06,3.92256e+06,1.50672e+07,0,0,0,1.20747e+08
103.622,103.622,4.07394,0,0,3.66027,3.73861,0,0.68594,6.16896,4.28834e+06,2.93465e+06,1.56965e+07,0,0,0,0,62.3362,61.308,5.19685,1,1,1.69064,1.72683,0,1.3062,1.69344,8.91204e+06,3.92256e+06,1.50671e+07,0,0,0,1.20747e+08
103.622,103.622,4.49592,0,0,3.2647,3.2647,0,0.685935,6.16896,4.28834e+06,2.70226e+06,1.40001e+07,0,0,0,0,62.3362,61.308,4.27162,0,1,1.483,1.483,0,1.30619,1.69344,8.91204e+06,3.61194e+06,1.32166e+07,0,0,0,1.20747e+08
103.622,103.622,5.79594,0,0,3.26468,3.26468,0,0.611804,6.16896,4.28834e+06,2.70226e+06,1.4e+07,0,0,0,0,62.3362,61.308,5.656,0,1,1.483,1.483,0,1.14577,1.69344,8.91204e+06,3.61194e+06,1.32165e+07,0,0,0,1.20747e+08
103.622,103.622,5.12171,0,0,3.26466,3.26466,0,0.6118,6.16896,4.28834e+06,2.70226e+06,1.39999e+07,0,0,0,0,62.3362,61.308,4.84592,0,1,1.48299,1.48299,0,1.14576,1.69344,8.91204e+06,3.61194e+06,1.32164e+07,0,0,0,1.20747e+08
103.622,103.622,5.44619,0,0,3.26464,3.26464,0,0.611797,6.16896,4.28834e+06,2.70226e+06,1.39999e+07,0,0,0,0,62.3362,61.308,5.80967,0,1,1.48298,1.48298,0,1.14576,1.69344,8.91204e+06,3.61194e+06,1.32163e+07,0,0,0,1.20747e+08
103.622,103.622,4.89489,0,0,3.26461,3.26461,0,0.611793,6.16896,4.28834e+06,2.70226e+06,1.39998e+07,0,0,0,0,62.3362,61.308,4.26966,0,1,1.48297,1.48297,0,1.14575,1.69344,8.91204e+06,3.61194e+06,1.32163e+07,0,0,0,1.20747e+08
103.622,103.622,4.99302,0,0,3.31297,3.38388,0,0.611789,6.16896,4.28834e+06,2.93465e+06,1.42071e+07,0,0,0,0,62.3362,61.308,5.20445,1,1,1.51028,1.5426,0,1.14574,1.69344,8.91204e+06,3.92256e+06,1.34597e+07,0,0,0,1.20747e+08
103.622,103.622,5.92617,0,0,3.31295,3.38385,0,0.620851,6.16896,4.28834e+06,2.93465e+06,1.4207e+07,0,0,0,0,62.3362,61.308,6.22061,1,1,1.51027,1.54259,0,1.16684,1.69344,8.91204e+06,3.92256e+06,1.34596e+07,0,0,0,1.20747e+08
103.622,103.622,3.96436,0,0,3.31293,3.38383,0,0.620847,6.16896,4.28834e+06,2.93465e+06,1.4207e+07,0,0,0,0,62.3362,61.308,3.61094,1,1,1.51026,1.54258,0,1.16683,1.69344,8.91204e+06,3.92256e+06,1.34595e+07,0,0,0,1.20747e+08
103.622,103.622,3.53915,0,0,3.31291,3.38381,0,0.620843,6.16896,4.28834e+06,2.93465e+06,1.42069e+07,0,0,0,0,62.3362,61.308,3.80407,1,1,1.51025,1.54257,0,1.16683,1.69344,8.91204e+06,3.92256e+06,1.34594e+07,0,0,0,1.20747e+08
103.616,103.622,3.43368,0,0,3.33715,3.33715,0,0.620839,6.16896,4.28834e+06,2.70226e+06,1.43108e+07,0,0,0,0,62.3362,61.308,4.4777,0,1,1.5194,1.5194,0,1.16682,1.69344,8.91204e+06,3.61194e+06,1.35409e+07,0,0,0,1.20747e+08
103.622,103.622,3.48313,0,0,3.33713,3.33713,0,0.625382,6.16896,4.28834e+06,2.70226e+06,1.43107e+07,0,0,0,0,62.3362,61.308,3.74966,0,1,1.51939,1.51939,0,1.17389,1.69344,8.91204e+06,3.61194e+06,1.35408e+07,0,0,0,1.20747e+08
103.622,103.622,3.61747,0,0,3.33711,3.33711,0,0.625378,6.16896,4.28834e+06,2.70226e+06,1.43106e+07,0,0,0,0,62.3362,61.308,3.81956,0,1,1.51938,1.51938,0,1.17388,1.69344,8.91204e+06,3.61194e+06,1.35408e+07,0,0,0,1.20747e+08
103.236,103.622,2.86275,0,0,3.33709,3.33709,0,0.625374,6.16896,4.28834e+06,2.70226e+06,1.43106e+07,0,0,0,0,62.3362,61.308,3.5883,0,1,1.51937,1.51937,0,1.17387,1.69344,8.91204e+06,3.61194e+06,1.35407e+07,0,0,0,1.20747e+08
102.874,103.622,2.95636,0,0,3.42213,3.49537,0,0.62537,6.16896,4.28834e+06,2.93465e+06,1.46752e+07,0,0,0,0,62.3362,61.308,3.91558,1,1,1.56795,1.6015,0,1.17386,1.69344,8.91204e+06,3.92256e+06,1.39736e+07,0,0,0,1.20747e+08
102.437,103.622,2.85038,0,0,3.42211,3.49535,0,0.641307,6.16896,4.28834e+06,2.93465e+06,1.46751e+07,0,0,0,0,62.3362,61.308,3.52003,1,1,1.56794,1.60149,0,1.2114,1.69344,8.91204e+06,3.92256e+06,1.39735e+07,0,0,0,1.20747e+08
101.758,103.622,2.55095,0,0,3.42208,3.49532,0,0.641303,6.16896,4.28834e+06,2.93465e+06,1.4675e+07,0,0,0,0,62.3362,61.308,3.35991,1,1,1.56793,1.60148,0,1.21139,1.69344,8.91204e+06,3.92256e+06,1.39734e+07,0,0,0,1.20747e+08
100.988,103.622,2.42339,0,0,3.42206,3.4953,0,0.641298,6.16896,4.28834e+06,2.93465e+06,1.4675e+07,0,0,0,0,62.3362,61.308,3.18419,1,1,1.56792,1.60147,0,1.21138,1.69344,8.91204e+06,3.92256e+06,1.39733e+07,0,0,0,1.20747e+08
100.456,103.622,2.70218,0,0,3.42204,3.49528,0,0.641294,6.16896,4.28834e+06,2.93465e+06,1.46749e+07,0,0,0,0,62.3362,61.308,3.76108,1,1,1.56791,1.60146,0,1.21137,1.69344,8.91204e+06,3.92256e+06,1.39732e+07,0,0,0,1.20747e+08
99.9324,103.622,2.67971,0,0,3.39137,3.46395,0,0.64129,6.16896,4.28834e+06,2.93465e+06,1.45433e+07,0,0,0,0,62.3362,61.308,3.52256,1,1,1.6121,1.6466,0,1.21136,1.69344,8.91204e+06,3.92256e+06,1.43671e+07,0,0,0,1.20747e+08
99.2439,103.622,2.46999,0,0,3.39135,3.46393,0,0.635543,6.16896,4.28834e+06,2.93465e+06,1.45432e+07,0,0,0,0,62.3362,61.308,3.44926,1,1,1.61209,1.64659,0,1.24551,1.69344,8.91204e+06,3.92256e+06,1.4367e+07,0,0,0,1.20747e+08
98.4545,103.622,2.32044,0,0,3.39133,3.46391,0,0.635539,6.16896,4.28834e+06,2.93465e+06,1.45431e+07,0,0,0,0,62.3362,61.308,3.32114,1,1,1.61208,1.64658,0,1.2455,1.69344,8.91204e+06,3.92256e+06,1.43669e+07,0,0,0,1.20747e+08
97.5554,103.622,2.17261,0,0,3.3913,3.46389,0,0.635535,6.16896,4.28834e+06,2.93465e+06,1.45431e+07,0,0,0,0,62.3362,61.308,3.09554,1,1,1.61207,1.64657,0,1.24549,1.69344,8.91204e+06,3.92256e+06,1.43668e+07,0,0,0,1.20747e+08
96.7371,103.622,2.25546,0,0,3.47043,3.5447,0,0.63553,6.16896,4.28834e+06,2.93465e+06,1.48824e+07,0,0,0,0,62.3362,61.308,2.88687,1,1,1.65145,1.68679,0,1.24548,1.69344,8.91204e+06,3.92256e+06,1.47178e+07,0,0,0,1.20747e+08
95.7589,103.622,2.08256,0,0,3.47041,3.54468,0,0.650358,6.16896,4.28834e+06,2.93465e+06,1.48823e+07,0,0,0,0,62.3362,61.308,2.79164,1,1,1.65144,1.68678,0,1.27591,1.69344,8.91204e+06,3.92256e+06,1.47177e+07,0,0,0,1.20747e+08
94.6205,103.622,1.89305,0,0,3.47038,3.54466,0,0.650354,6.16896,4.28834e+06,2.93465e+06,1.48822e+07,0,0,0,0,62.3229,61.308,2.56055,1,1,1.65143,1.68677,0,1.2759,1.69344,8.91204e+06,3.92256e+06,1.47176e+07,0,0,0,1.20747e+08
93.3031,103.622,1.68332,0,0,3.47036,3.54464,0,0.65035,6.16896,4.28834e+06,2.93465e+06,1.48821e+07,0,0,0,0,62.2468,61.308,2.52757,1,1,1.65142,1.68676,0,1.27589,1.69344,8.91204e+06,3.92256e+06,1.47175e+07,0,0,0,1.20747e+08
91.8531,103.622,1.66391,0,0,3.70211,3.78134,0,0.650346,6.16896,4.28834e+06,2.93465e+06,1.58759e+07,0,0,0,0,61.9479,61.308,1.86956,1,1,1.69344,1.83197,0.100144,1.27588,1.69344,8.91204e+06,3.92256e+06,1.5092e+07,0,0,0,1.20747e+08
90.6424,103.622,1.88696,0,0,3.70209,3.78132,0,0.693775,6.16896,4.28834e+06,2.93465e+06,1.58758e+07,0,0,0,0,61.553,61.308,2.1532,1,1,1.69344,1.83196,0.100133,1.30835,1.69344,8.91204e+06,3.92256e+06,1.5092e+07,0,0,0,1.20747e+08
89.0974,103.622,1.51717,0,0,3.70206,3.78129,0,0.693771,6.16896,4.28834e+06,2.93465e+06,1.58757e+07,0,0,0,0,61.1529,61.308,1.6168,1,1,1.69344,1.83195,0.100122,1.30835,1.69344,8.91204e+06,3.92256e+06,1.5092e+07,0,0,0,1.20747e+08
87.867,103.622,1.8412,0,0,3.70204,3.78127,0,0.693767,6.16896,4.28834e+06,2.93465e+06,1.58756e+07,0,0,0,0,61.0985,61.308,2.65211,1,1,1.69344,1.83194,0.10011,1.30835,1.69344,8.91204e+06,3.92256e+06,1.5092e+07,0,0,0,1.20747e+08
86.4715,103.622,1.63465,0,0,3.70202,3.78125,0,0.693762,6.16896,4.28834e+06,2.93465e+06,1.58755e+07,0,0,0,0,61.2769,61.308,2.70895,1,1,1.69344,1.83192,0.100099,1.30835,1.69344,8.91204e+06,3.92256e+06,1.5092e+07,0,0,0,1.20747e+08
85.0433,103.622,1.48258,0,0,3.58904,3.66585,0,0.693758,6.16896,4.28834e+06,2.93465e+06,1.5391e+07,0,0,0,0,61.5849,61.308,2.6431,1,1,1.69344,1.74377,0.0137929,1.30835,1.69344,8.91204e+06,3.92256e+06,1.5092e+07,0,0,0,1.20747e+08
83.6798,103.622,1.53904,0,0,3.58902,3.66583,0,0.672586,6.16896,4.28834e+06,2.93465e+06,1.53909e+07,0,0,0,0,61.862,61.308,2.554,1,1,1.69344,1.74376,0.013782,1.30835,1.69344,8.91204e+06,3.92256e+06,1.5092e+07,0,0,0,1.20747e+08
84.8916,103.622,4.44453,0,0,3.58899,3.66581,0,0.672582,6.16896,4.28834e+06,2.93465e+06,1.53908e+07,0,0,0,0,62.3362,61.308,4.89473,1,1,1.69344,1.74375,0.0137712,1.30835,1.69344,8.91204e+06,3.92256e+06,1.5092e+07,0,0,0,1.20747e+08
84.9355,103.622,3.16029,0,0,3.58897,3.66578,0,0.672578,6.16896,4.28834e+06,2.93465e+06,1.53907e+07,0,0,0,0,61.7296,61.308,3.7756,1,1,1.69344,1.74374,0.0137603,1.30835,1.69344,8.91204e+06,3.92256e+06,1.5092e+07,0,0,0,1.20747e+08
83.4008,103.622,1.4711,0,0,3.49624,3.57106,0,0.672573,6.16896,4.28834e+06,2.93465e+06,1.4993e+07,0,0,0,0,61.0305,61.308,1.30355,1,1,1.62864,1.6635,0,1.30835,1.69344,8.91204e+06,3.92256e+06,1.45145e+07,0,0,0,1.20747e+08
81.67,103.622,1.23247,0,0,3.49622,3.57104,0,0.655195,6.16896,4.28834e+06,2.93465e+06,1.49929e+07,0,0,0,0,60.7922,61.308,1.26607,1,1,1.62863,1.66349,0,1.25829,1.69344,8.91204e+06,3.92256e+06,1.45144e+07,0,0,0,1.20747e+08
81.6196,103.622,3.12053,0,0,3.49619,3.57102,0,0.655191,6.16896,4.28834e+06,2.93465e+06,1.49929e+07,0,0,0,0,61.8172,61.308,3.94352,1,1,1.62862,1.66348,0,1.25828,1.69344,8.91204e+06,3.92256e+06,1.45143e+07,0,0,0,1.20747e+08
82.0315,103.622,3.62859,0,0,3.49617,3.571,0,0.655187,6.16896,4.28834e+06,2.93465e+06,1.49928e+07,0,0,0,0,61.9997,61.308,3.74266,1,1,1.62861,1.66347,0,1.25827,1.69344,8.91204e+06,3.92256e+06,1.45142e+07,0,0,0,1.20747e+08
82.1647,103.622,3.12542,0,0,3.30204,3.30204,0,0.655182,6.16896,4.28834e+06,2.70226e+06,1.41603e+07,0,0,0,0,62.3362,61.308,2.02099,0,1,1.49637,1.49637,0,1.25826,1.69344,8.91204e+06,3.61194e+06,1.33357e+07,0,0,0,1.20747e+08
83.064,103.622,4.03527,0,0,3.30202,3.30202,0,0.618802,6.16896,4.28834e+06,2.70226e+06,1.41602e+07,0,0,0,0,62.3362,61.308,2.48732,0,1,1.49636,1.49636,0,1.15609,1.69344,8.91204e+06,3.61194e+06,1.33356e+07,0,0,0,1.20747e+08
84.3334,103.622,4.44977,0,0,3.302,3.302,0,0.618798,6.16896,4.28834e+06,2.70226e+06,1.41601e+07,0,0,0,0,61.995,61.308,2.62262,0,1,1.49635,1.49635,0,1.15609,1.69344,8.91204e+06,3.61194e+06,1.33355e+07,0,0,0,1.20747e+08
85.2885,103.622,4.19509,0,0,3.30198,3.30198,0,0.618794,6.16896,4.28834e+06,2.70226e+06,1.416e+07,0,0,0,0,62.3166,61.308,2.09631,0,1,1.49634,1.49634,0,1.15608,1.69344,8.91204e+06,3.61194e+06,1.33354e+07,0,0,0,1.20747e+08
86.4263,103.622,4.42985,0,0,3.30195,3.30195,0,0.61879,6.16896,4.28834e+06,2.70226e+06,1.41599e+07,0,0,0,0,62.3362,61.308,4.11056,0,1,1.49633,1.49633,0,1.15607,1.69344,8.91204e+06,3.61194e+06,1.33353e+07,0,0,0,1.20747e+08
91.1275,103.622,8.53731,0,0,3.33401,3.40536,0,0.618786,6.16896,4.28834e+06,2.93465e+06,1.42973e+07,0,0,0,0,62.3362,61.308,7.7294,1,1,1.51233,1.5447,0,1.15606,1.69344,8.91204e+06,3.92256e+06,1.34779e+07,0,0,0,1.20747e+08
95.4586,103.622,8.50452,0,0,3.33396,3.40532,0,0.624793,6.16896,4.28834e+06,2.93465e+06,1.42972e+07,0,0,0,0,62.3362,61.308,8.09511,1,1,1.51231,1.54468,0,1.16843,1.69344,8.91204e+06,3.92256e+06,1.34778e+07,0,0,0,1.20747e+08
99.613,103.622,8.48702,0,0,3.33392,3.40527,0,0.624784,6.16896,4.28834e+06,2.93465e+06,1.4297e+07,0,0,0,0,62.3362,61.308,9.72982,1,1,1.51229,1.54465,0,1.16841,1.69344,8.91204e+06,3.92256e+06,1.34776e+07,0,0,0,1.20747e+08
103.622,103.622,9.53102,0,0,3.33387,3.40522,0,0.624776,6.16896,4.28834e+06,2.93465e+06,1.42968e+07,0,0,0,0,62.3362,61.308,6.84423,1,1,1.51227,1.54463,0,1.16839,1.69344,8.91204e+06,3.92256e+06,1.34774e+07,0,0,0,1.20747e+08
103.622,103.622,23.7048,0,0,3.659,3.73731,0,0.624767,6.16896,4.28834e+06,2.93465e+06,1.5691e+07,0,0,0,0,62.3362,61.308,17.309,1,1,1.69005,1.72622,0,1.16838,1.69344,8.91204e+06,3.92256e+06,1.50618e+07,0,0,0,1.20747e+08
103.622,103.622,15.3745,0,0,3.65895,3.73726,0,0.685696,6.16896,4.28834e+06,2.93465e+06,1.56908e+07,0,0,0,0,62.3362,61.308,12.2717,1,1,1.69003,1.7262,0,1.30574,1.69344,8.91204e+06,3.92256e+06,1.50616e+07,0,0,0,1.20747e+08
103.622,103.622,9.31688,0,0,3.6589,3.7372,0,0.685687,6.16896,4.28834e+06,2.93465e+06,1.56906e+07,0,0,0,0,62.3362,61.308,8.53114,1,1,1.69001,1.72618,0,1.30572,1.69344,8.91204e+06,3.92256e+06,1.50614e+07,0,0,0,1.20747e+08
103.622,103.622,8.5918,0,0,3.65885,3.73715,0,0.685677,6.16896,4.28834e+06,2.93465e+06,1.56904e+07,0,0,0,0,62.3362,61.308,11.0319,1,1,1.68998,1.72615,0,1.3057,1.69344,8.91204e+06,3.92256e+06,1.50612e+07,0,0,0,1.20747e+08
103.622,103.622,10.0521,0,0,3.2634,3.2634,0,0.685668,6.16896,4.28834e+06,2.70226e+06,1.39946e+07,0,0,0,0,62.3362,61.308,13.3149,0,1,1.48242,1.48242,0,1.30568,1.69344,8.91204e+06,3.61194e+06,1.32113e+07,0,0,0,1.20747e+08
103.622,103.622,8.6238,0,0,3.26335,3.26335,0,0.611561,6.16896,4.28834e+06,2.70226e+06,1.39944e+07,0,0,0,0,62.3362,61.308,10.618,0,1,1.48239,1.48239,0,1.14531,1.69344,8.91204e+06,3.61194e+06,1.32112e+07,0,0,0,1.20747e+08
103.622,103.622,9.45267,0.32,0,3.26331,3.26331,0,0.611553,6.16896,4.28834e+06,2.70226e+06,1.39942e+07,0,0,0,0,62.3362,61.308,10.9325,0,1,1.48237,1.48237,0,1.1453,1.69344,8.91204e+06,3.61194e+06,1.3211e+07,0,0,0,1.20747e+08
103.622,103.622,8.49652,0.57,0,2.92138,3.26326,0,0.611544,6.16896,4.28834e+06,3.52158e+06,1.25279e+07,0,0,0,0,62.3362,61.308,9.6097,0,1,1.32705,1.48235,0,1.14528,1.69344,8.91204e+06,4.70707e+06,1.18267e+07,0,0,0,1.20747e+08
103.622,103.622,7.44639,0.61,0,2.92134,3.26322,0,0.547466,6.16896,4.28834e+06,3.52158e+06,1.25277e+07,0,0,0,0,62.3362,61.308,7.57067,0,1,1.32703,1.48233,0,1.02528,1.69344,8.91204e+06,4.70707e+06,1.18266e+07,0,0,0,1.20747e+08
103.622,103.622,8.73324,0.62,0,3.02803,3.3824,0,0.547459,6.16896,4.28834e+06,2.93465e+06,1.29852e+07,0,0,0,0,62.3362,61.308,7.20693,1,1,1.38038,1.54193,0,1.02526,1.69344,8.91204e+06,3.92256e+06,1.2302e+07,0,0,0,1.20747e+08
103.622,103.622,11.0796,0.62,0,3.02799,3.38236,0,0.567454,6.16896,4.28834e+06,2.93465e+06,1.29851e+07,0,0,0,0,62.3362,61.308,12.5841,1,1,1.38037,1.54191,0,1.06649,1.69344,8.91204e+06,3.92256e+06,1.23019e+07,0,0,0,1.20747e+08
103.622,103.622,7.97885,0.59,0,3.02795,3.38231,0,0.567446,6.16896,4.28834e+06,2.93465e+06,1.29849e+07,0,0,0,0,62.3362,61.308,7.65135,1,1,1.38035,1.54189,0,1.06647,1.69344,8.91204e+06,3.92256e+06,1.23017e+07,0,0,0,1.20747e+08
103.622,103.622,6.77157,0.59,0,3.02791,3.38226,0,0.567438,6.16896,4.28834e+06,2.93465e+06,1.29847e+07,0,0,0,0,62.3362,61.308,6.14494,1,1,1.38033,1.54187,0,1.06646,1.69344,8.91204e+06,3.92256e+06,1.23015e+07,0,0,0,1.20747e+08
103.622,103.622,5.24605,0.56,0,2.98614,3.3356,0,0.56743,6.16896,4.28834e+06,3.52158e+06,1.28056e+07,0,0,0,0,62.3362,61.308,4.66334,0,1,1.35958,1.51869,0,1.06644,1.69344,8.91204e+06,4.70707e+06,1.21166e+07,0,0,0,1.20747e+08
103.622,103.622,4.59345,0.53,0,2.98609,3.33555,0,0.559602,6.16896,4.28834e+06,3.52158e+06,1.28054e+07,0,0,0,0,62.3362,61.308,4.27387,0,1,1.35956,1.51867,0,1.05041,1.69344,8.91204e+06,4.70707e+06,1.21165e+07,0,0,0,1.20747e+08
103.622,103.622,4.09753,0.51,0,2.98605,3.33551,0,0.559594,6.16896,4.28834e+06,3.52158e+06,1.28052e+07,0,0,0,0,62.3362,61.308,3.75909,0,1,1.35954,1.51865,0,1.0504,1.69344,8.91204e+06,4.70707e+06,1.21163e+07,0,0,0,1.20747e+08
103.622,103.622,3.7891,0.47,0,2.98601,3.33546,0,0.559586,6.16896,4.28834e+06,3.52158e+06,1.2805e+07,0,0,0,0,62.3362,61.308,3.54108,0,1,1.35952,1.51863,0,1.05038,1.69344,8.91204e+06,4.70707e+06,1.21161e+07,0,0,0,1.20747e+08
103.622,103.622,3.99807,0.47,0,3.12762,3.49364,0,0.559579,6.16896,4.28834e+06,2.93465e+06,1.34123e+07,0,0,0,0,62.3362,61.308,3.25112,1,1,1.43301,1.60071,0,1.05037,1.69344,8.91204e+06,3.92256e+06,1.2771e+07,0,0,0,1.20747e+08
103.622,103.622,3.80559,0.43,0,3.12757,3.49359,0,0.586115,6.16896,4.28834e+06,2.93465e+06,1.34121e+07,0,0,0,0,62.3362,61.308,2.89746,1,1,1.43299,1.60069,0,1.10714,1.69344,8.91204e+06,3.92256e+06,1.27708e+07,0,0,0,1.20747e+08
103.622,103.622,3.56411,0.41,0,3.12753,3.49354,0,0.586107,6.16896,4.28834e+06,2.93465e+06,1.34119e+07,0,0,0,0,62.3362,61.308,3.09314,1,1,1.43297,1.60067,0,1.10713,1.69344,8.91204e+06,3.92256e+06,1.27707e+07,0,0,0,1.20747e+08
103.622,103.622,3.40433,0.38,0,3.42029,3.49349,0,0.586099,6.16896,4.28834e+06,2.93465e+06,1.46674e+07,0,0,0,0,62.3362,61.308,2.9969,1,1,1.56711,1.60064,0,1.10711,1.69344,8.91204e+06,3.92256e+06,1.39661e+07,0,0,0,1.20747e+08
103.622,103.622,3.4374,0.35,0,3.42024,3.49344,0,0.640963,6.16896,4.28834e+06,2.93465e+06,1.46672e+07,0,0,0,0,62.3362,61.308,2.6806,1,1,1.56708,1.60062,0,1.21075,1.69344,8.91204e+06,3.92256e+06,1.39659e+07,0,0,0,1.20747e+08
103.622,103.622,3.39614,0.33,0,3.38956,3.46211,0,0.640954,6.16896,4.28834e+06,2.93465e+06,1.45356e+07,0,0,0,0,62.2876,61.308,2.44375,1,1,1.61124,1.64572,0,1.21073,1.69344,8.91204e+06,3.92256e+06,1.43594e+07,0,0,0,1.20747e+08
103.607,103.622,3.23314,0.33,0,3.38952,3.46206,0,0.635204,6.16896,4.28834e+06,2.93465e+06,1.45354e+07,0,0,0,0,62.1933,61.308,2.36053,1,1,1.61122,1.6457,0,1.24484,1.69344,8.91204e+06,3.92256e+06,1.43592e+07,0,0,0,1.20747e+08
103.42,103.622,3.03167,0.32,0,3.38947,3.46201,0,0.635196,6.16896,4.28834e+06,2.93465e+06,1.45352e+07,0,0,0,0,62.0022,61.308,2.20615,1,1,1.61119,1.64568,0,1.24483,1.69344,8.91204e+06,3.92256e+06,1.4359e+07,0,0,0,1.20747e+08
103.004,103.622,2.76776,0.29,0,3.38942,3.46196,0,0.635187,6.16896,4.28834e+06,2.93465e+06,1.4535e+07,0,0,0,0,61.592,61.308,1.98674,1,1,1.61117,1.64565,0,1.24481,1.69344,8.91204e+06,3.92256e+06,1.43588e+07,0,0,0,1.20747e+08
102.357,103.622,2.54982,0.29,0,3.46848,3.54271,0,0.635178,6.16896,4.28834e+06,2.93465e+06,1.4874e+07,0,0,0,0,61.18,61.308,1.69139,1,1,1.65052,1.68584,0,1.24479,1.69344,8.91204e+06,3.92256e+06,1.47095e+07,0,0,0,1.20747e+08
101.602,103.622,2.42181,0.27,0,3.46843,3.54266,0,0.649993,6.16896,4.28834e+06,2.93465e+06,1.48738e+07,0,0,0,0,60.6033,61.308,1.74612,1,1,1.6505,1.68582,0,1.27519,1.69344,8.91204e+06,3.92256e+06,1.47093e+07,0,0,0,1.20747e+08
100.719,103.622,2.25633,0.27,0,3.46838,3.54261,0,0.649984,6.16896,4.28834e+06,2.93465e+06,1.48736e+07,0,0,0,0,60.1027,61.308,1.60134,1,1,1.65047,1.6858,0,1.27517,1.69344,8.91204e+06,3.92256e+06,1.47091e+07,0,0,0,1.20747e+08
99.8199,103.622,2.23975,0.26,0,3.46833,3.54256,0,0.649975,6.16896,4.28834e+06,2.93465e+06,1.48734e+07,0,0,0,0,59.2345,61.308,1.71579,1,1,1.65045,1.68577,0,1.27516,1.69344,8.91204e+06,3.92256e+06,1.47089e+07,0,0,0,1.20747e+08
98.5186,103.622,1.95458,0.26,0,3.69992,3.7791,0,0.649966,6.16896,4.28834e+06,2.93465e+06,1.58665e+07,0,0,0,0,58.0845,61.308,1.20606,1,1,1.69344,1.83089,0.0990826,1.27514,1.69344,8.91204e+06,3.92256e+06,1.5092e+07,0,0,0,1.20747e+08
97.1463,103.622,1.82941,0.26,0,3.69987,3.77905,0,0.693365,6.16896,4.28834e+06,2.93465e+06,1.58663e+07,0,0,0,0,56.8314,61.308,1.07457,1,1,1.69344,1.83086,0.0990578,1.30835,1.69344,8.91204e+06,3.92256e+06,1.5092e+07,0,0,0,1.20747e+08
95.5118,103.622,1.55967,0.25,0,3.69982,3.779,0,0.693355,6.16896,4.28834e+06,2.93465e+06,1.58661e+07,0,0,0,0,55.7529,61.308,0.944746,1,1,1.69344,1.83084,0.0990329,1.30835,1.69344,8.91204e+06,3.92256e+06,1.5092e+07,0,0,0,1.20747e+08
94.0373,103.622,1.70435,0.29,0,3.69976,3.77895,0,0.693345,6.16896,4.28834e+06,2.93465e+06,1.58658e+07,0,0,0,0,54.6852,61.308,1.2569,1,1,1.69344,1.83081,0.0990082,1.30835,1.69344,8.91204e+06,3.92256e+06,1.5092e+07,0,0,0,1.20747e+08
92.8965,103.622,2.08645,0.25,0,3.69971,3.7789,0,0.693336,6.16896,4.28834e+06,2.93465e+06,1.58656e+07,0,0,0,0,53.5556,61.308,1.09808,1,1,1.69344,1.83078,0.0989833,1.30835,1.69344,8.91204e+06,3.92256e+06,1.5092e+07,0,0,0,1.20747e+08
92.5874,103.622,2.86093,0.15,0,3.58678,3.66355,0,0.693326,6.16896,4.28834e+06,2.93465e+06,1.53813e+07,0,0,0,0,53.0237,61.308,1.15171,1,1,1.69344,1.74267,0.0127184,1.30835,1.69344,8.91204e+06,3.92256e+06,1.5092e+07,0,0,0,1.20747e+08
91.836,103.622,2.4337,0.14,0,3.58673,3.6635,0,0.672163,6.16896,4.28834e+06,2.93465e+06,1.53811e+07,0,0,0,0,52.0992,61.308,1.82215,1,1,1.69344,1.74265,0.0126949,1.30835,1.69344,8.91204e+06,3.92256e+06,1.5092e+07,0,0,0,1.20747e+08
90.7433,103.622,2.02163,0,0,3.58668,3.66344,0,0.672154,6.16896,4.28834e+06,2.93465e+06,1.53809e+07,0,0,0,0,50.9536,61.308,0.95636,1,1,1.69344,1.74263,0.0126712,1.30835,1.69344,8.91204e+06,3.92256e+06,1.5092e+07,0,0,0,1.20747e+08
90.3646,103.622,2.81388,0,0,3.58663,3.66339,0,0.672144,6.16896,4.28834e+06,2.93465e+06,1.53807e+07,0,0,0,0,50.492,61.308,1.11358,1,1,1.69344,1.7426,0.0126476,1.30835,1.69344,8.91204e+06,3.92256e+06,1.5092e+07,0,0,0,1.20747e+08
89.8113,103.622,2.67793,0,0,3.49393,3.56871,0,0.672135,6.16896,4.28834e+06,2.93465e+06,1.49832e+07,0,0,0,0,50.3243,61.308,2.02226,1,1,1.62757,1.6624,0,1.30835,1.69344,8.91204e+06,3.92256e+06,1.45049e+07,0,0,0,1.20747e+08
89.8932,103.622,3.36607,0,0,3.49388,3.56866,0,0.654763,6.16896,4.28834e+06,2.93465e+06,1.4983e+07,0,0,0,0,50.3575,61.308,2.17063,1,1,1.62755,1.66238,0,1.25746,1.69344,8.91204e+06,3.92256e+06,1.45047e+07,0,0,0,1.20747e+08
90.9269,103.622,4.41803,0,0,3.49384,3.56861,0,0.654754,6.16896,4.28834e+06,2.93465e+06,1.49827e+07,0,0,0,0,50.3681,61.308,2.35127,1,1,1.62752,1.66236,0,1.25744,1.69344,8.91204e+06,3.92256e+06,1.45045e+07,0,0,0,1.20747e+08
