0st_vol,0capacity,0net_inf,0st_rof,0lt_rof,0rest_demand,0unrest_demand,0unfulf_demand,0wastewater,0treat_capacity,0agg_price,0res_price,0gross_rev,0drought_cost,0cont_contrib,0debt_serv,0infra_npv,1st_vol,1capacity,1net_inf,1st_rof,1lt_rof,1rest_demand,1unrest_demand,1unfulf_demand,1wastewater,1treat_capacity,1agg_price,1res_price,1gross_rev,1drought_cost,1cont_contrib,1debt_serv,1infra_npv
103.622,103.622,5.55429,0.08,0,1.86497,2.46977,0,0,4.89888,4.3421e+06,2.70226e+06,8.09791e+06,0,0,0,0,62.3362,61.308,5.31262,0,1,1.69344,1.12031,0.0316663,0,1.69344,9.02378e+06,3.61194e+06,1.52812e+07,0,0,0,0
103.622,103.622,4.49324,0.08,0,2.23679,2.4709,0,0.349496,4.89888,4.3421e+06,2.70226e+06,9.71236e+06,0,0,0,0,62.3362,61.308,4.60283,0,1,1.35494,1.12082,0,1.30835,1.69344,9.02378e+06,3.61194e+06,1.22267e+07,0,0,0,0
103.622,103.622,5.10772,0.08,0,2.23843,2.47204,0,0.419174,4.89888,4.3421e+06,2.70226e+06,9.7195e+06,0,0,0,0,62.3362,61.308,5.61083,0,1,1.35494,1.12133,0,1.04682,1.69344,9.02378e+06,3.61194e+06,1.22267e+07,0,0,0,0
103.622,103.622,5.37929,0.08,0,2.24008,2.47317,0,0.419482,4.89888,4.3421e+06,2.70226e+06,9.72664e+06,0,0,0,0,62.3362,61.308,4.89127,0,1,1.35494,1.12185,0,1.04682,1.69344,9.02378e+06,3.61194e+06,1.22267e+07,0,0,0,0
103.622,103.622,5.04507,0.08,0,2.48306,2.71564,0,0.41979,4.89888,4.3421e+06,2.70226e+06,1.07817e+07,0,0,0,0,62.3362,61.308,4.7783,0,1,1.4869,1.25433,0,1.04682,1.69344,9.02378e+06,3.61194e+06,1.34175e+07,0,0,0,0
103.622,103.622,5.5157,0.07,0,2.61678,2.71688,0,0.465325,4.89888,4.3421e+06,2.70226e+06,1.13623e+07,0,0,0,0,62.3362,61.308,4.38391,0,1,1.355,1.2549,0,1.14878,1.69344,9.02378e+06,3.61194e+06,1.22272e+07,0,0,0,0
103.622,103.622,4.72033,0.07,0,2.6186,2.71812,0,0.490385,4.89888,4.3421e+06,2.70226e+06,1.13702e+07,0,0,0,0,62.3362,61.308,4.7899,0,1,1.355,1.25547,0,1.04687,1.69344,9.02378e+06,3.61194e+06,1.22272e+07,0,0,0,0
103.622,103.622,5.52785,0.08,0,2.62042,2.71937,0,0.490725,4.89888,4.3421e+06,2.70226e+06,1.13781e+07,0,0,0,0,62.3362,61.308,4.88072,0,1,1.355,1.25605,0,1.04687,1.69344,9.02378e+06,3.61194e+06,1.22272e+07,0,0,0,0
103.622,103.622,3.94101,0.08,0,2.27738,2.37576,0,0.491066,4.89888,4.3421e+06,2.70226e+06,9.88862e+06,0,0,0,0,62.3362,61.308,4.28547,0,1,1.17757,1.0792,0,1.04687,1.69344,9.02378e+06,3.61194e+06,1.06262e+07,0,0,0,0
103.597,103.622,2.60714,0.08,0,2.10162,2.37684,0,0.426781,4.89888,4.3421e+06,2.70226e+06,9.12544e+06,0,0,0,0,62.3362,61.308,3.53748,0,1,1.35492,1.07969,0,0.909794,1.69344,9.02378e+06,3.61194e+06,1.22265e+07,0,0,0,0
103.622,103.622,7.1744,0.07,0,2.1032,2.37793,0,0.393843,4.89888,4.3421e+06,2.70226e+06,9.1323e+06,0,0,0,0,62.3362,61.308,7.58577,0,1,1.35492,1.08019,0,1.04681,1.69344,9.02378e+06,3.61194e+06,1.22265e+07,0,0,0,0
103.622,103.622,8.08552,0.08,0,2.10478,2.37902,0,0.394139,4.89888,4.3421e+06,2.70226e+06,9.13916e+06,0,0,0,0,62.3362,61.308,9.49215,0,1,1.35492,1.08068,0,1.04681,1.69344,9.02378e+06,3.61194e+06,1.22265e+07,0,0,0,0
103.622,103.622,7.58559,0.08,0,2.10636,2.3801,0,0.394435,4.89888,4.3421e+06,2.70226e+06,9.14603e+06,0,0,0,0,62.3362,61.308,6.88102,0,1,1.35492,1.08117,0,1.04681,1.69344,9.02378e+06,3.61194e+06,1.22265e+07,0,0,0,0
103.622,103.622,6.72863,0.08,0,2.19494,2.46819,0,0.394731,4.89888,4.3421e+06,2.70226e+06,9.53067e+06,0,0,0,0,62.3362,61.308,8.12756,0,1,1.39842,1.12517,0,1.04681,1.69344,9.02378e+06,3.61194e+06,1.2619e+07,0,0,0,0
103.622,103.622,4.76963,0.08,0,2.24007,2.46932,0,0.411332,4.89888,4.3421e+06,2.70226e+06,9.72661e+06,0,0,0,0,62.3362,61.308,5.37276,0,1,1.35494,1.12569,0,1.08042,1.69344,9.02378e+06,3.61194e+06,1.22267e+07,0,0,0,0
103.622,103.622,4.15023,0.08,0,2.24171,2.47045,0,0.419789,4.89888,4.3421e+06,2.70226e+06,9.73374e+06,0,0,0,0,62.3362,61.308,5.21782,0,1,1.35494,1.1262,0,1.04683,1.69344,9.02378e+06,3.61194e+06,1.22267e+07,0,0,0,0
103.622,103.622,4.20578,0.07,0,2.24335,2.47158,0,0.420096,4.89888,4.3421e+06,2.70226e+06,9.74087e+06,0,0,0,0,62.3362,61.308,5.68903,0,1,1.35494,1.12671,0,1.04683,1.69344,9.02378e+06,3.61194e+06,1.22267e+07,0,0,0,0
103.622,103.622,3.8278,0.07,0,2.21092,2.43863,0,0.420404,4.89888,4.3421e+06,2.70226e+06,9.60003e+06,0,0,0,0,62.3362,61.308,4.98858,0,1,1.33801,1.1103,0,1.04683,1.69344,9.02378e+06,3.61194e+06,1.20739e+07,0,0,0,0
103.622,103.622,3.68462,0.07,0,2.19562,2.43974,0,0.414325,4.89888,4.3421e+06,2.70226e+06,9.53359e+06,0,0,0,0,62.3362,61.308,4.72742,0,1,1.35493,1.11081,0,1.03375,1.69344,9.02378e+06,3.61194e+06,1.22266e+07,0,0,0,0
103.622,103.622,3.43699,0.07,0,2.19724,2.44085,0,0.411458,4.89888,4.3421e+06,2.70226e+06,9.54063e+06,0,0,0,0,62.3362,61.308,5.15968,0,1,1.35493,1.11131,0,1.04682,1.69344,9.02378e+06,3.61194e+06,1.22266e+07,0,0,0,0
103.622,103.622,3.29309,0.07,0,2.19886,2.44197,0,0.411762,4.89888,4.3421e+06,2.70226e+06,9.54766e+06,0,0,0,0,62.3362,61.308,5.40391,0,1,1.35493,1.11182,0,1.04682,1.69344,9.02378e+06,3.61194e+06,1.22266e+07,0,0,0,0
103.622,103.622,2.95369,0.06,0,2.31637,2.55897,0,0.412066,4.89888,4.3421e+06,2.70226e+06,1.00579e+07,0,0,0,0,62.3362,61.308,4.45016,0,1,1.41507,1.17247,0,1.04682,1.69344,9.02378e+06,3.61194e+06,1.27693e+07,0,0,0,0
103.622,103.622,2.65502,0.06,0,2.37818,2.56014,0,0.434088,4.89888,4.3421e+06,2.70226e+06,1.03263e+07,0,0,0,0,62.3362,61.308,3.69742,0,1,1.35496,1.173,0,1.09328,1.69344,9.02378e+06,3.61194e+06,1.22268e+07,0,0,0,0
103.599,103.622,2.53659,0.05,0,2.37988,2.56131,0,0.445671,4.89888,4.3421e+06,2.70226e+06,1.03337e+07,0,0,0,0,62.3362,61.308,3.55313,0,1,1.35496,1.17354,0,1.04684,1.69344,9.02378e+06,3.61194e+06,1.22268e+07,0,0,0,0
103.485,103.622,2.42701,0.04,0,2.38159,2.56247,0,0.44599,4.89888,4.3421e+06,2.70226e+06,1.03411e+07,0,0,0,0,62.3362,61.308,3.88155,0,1,1.35496,1.17407,0,1.04684,1.69344,9.02378e+06,3.61194e+06,1.22269e+07,0,0,0,0
103.261,103.622,2.3046,0.04,0,2.38329,2.56364,0,0.446309,4.89888,4.3421e+06,2.70226e+06,1.03485e+07,0,0,0,0,62.3362,61.308,3.46355,0,1,1.35496,1.17461,0,1.04684,1.69344,9.02378e+06,3.61194e+06,1.22269e+07,0,0,0,0
103.45,103.622,2.60276,0.03,0,2.36202,2.54184,0,0.446629,4.89888,4.3421e+06,2.70226e+06,1.02561e+07,0,0,0,0,62.3089,61.308,2.17281,0,1,1.38809,1.20827,0,1.04684,1.69344,9.02378e+06,3.61194e+06,1.25258e+07,0,0,0,0
103.472,103.622,2.47031,0.03,0,2.39684,2.543,0,0.442643,4.89888,4.3421e+06,2.70226e+06,1.04073e+07,0,0,0,0,62.2806,61.308,2.0346,0,1,1.35497,1.20882,0,1.07244,1.69344,9.02378e+06,3.61194e+06,1.2227e+07,0,0,0,0
103.298,103.622,2.269,0.03,0,2.39855,2.54416,0,0.449169,4.89888,4.3421e+06,2.70226e+06,1.04148e+07,0,0,0,0,62.243,61.308,2.03092,0,1,1.35497,1.20937,0,1.04685,1.69344,9.02378e+06,3.61194e+06,1.2227e+07,0,0,0,0
102.934,103.622,2.05913,0.03,0,2.40026,2.54531,0,0.449489,4.89888,4.3421e+06,2.70226e+06,1.04222e+07,0,0,0,0,62.1686,61.308,1.80833,0,1,1.35497,1.20992,0,1.04685,1.69344,9.02378e+06,3.61194e+06,1.2227e+07,0,0,0,0
102.583,103.622,2.06835,0.03,0,2.4614,2.6059,0,0.449809,4.89888,4.3421e+06,2.70226e+06,1.06877e+07,0,0,0,0,61.9847,61.308,1.82467,0,1,1.38455,1.24005,0,1.04685,1.69344,9.02378e+06,3.61194e+06,1.24939e+07,0,0,0,0
102.156,103.622,2.00648,0.03,0,2.49272,2.60709,0,0.461267,4.89888,4.3421e+06,2.70226e+06,1.08236e+07,0,0,0,0,61.7944,61.308,1.85264,0,1,1.35499,1.24062,0,1.06971,1.69344,9.02378e+06,3.61194e+06,1.22271e+07,0,0,0,0
101.523,103.622,1.78716,0.03,0,2.49447,2.60828,0,0.467135,4.89888,4.3421e+06,2.70226e+06,1.08312e+07,0,0,0,0,61.5402,61.308,1.68158,0,1,1.35499,1.24118,0,1.04686,1.69344,9.02378e+06,3.61194e+06,1.22271e+07,0,0,0,0
100.75,103.622,1.62995,0.03,0,2.49622,2.60946,0,0.467463,4.89888,4.3421e+06,2.70226e+06,1.08388e+07,0,0,0,0,61.1595,61.308,1.64011,0,1,1.35499,1.24175,0,1.04686,1.69344,9.02378e+06,3.61194e+06,1.22271e+07,0,0,0,0
99.569,103.622,1.35216,0.03,0,2.67233,2.785,0,0.467792,4.89888,4.3421e+06,2.70226e+06,1.16035e+07,0,0,0,0,60.4181,61.308,1.47977,0,1,1.46195,1.34927,0,1.04686,1.69344,9.02378e+06,3.61194e+06,1.31923e+07,0,0,0,0
98.246,103.622,1.25626,0.03,0,2.78112,2.78627,0,0.500794,4.89888,4.3421e+06,2.70226e+06,1.20759e+07,0,0,0,0,59.8899,61.308,1.16309,0,1,1.35504,1.34988,0,1.1295,1.69344,9.02378e+06,3.61194e+06,1.22276e+07,0,0,0,0
97.0007,103.622,1.35491,0.03,0,2.783,2.78754,0,0.521181,4.89888,4.3421e+06,2.70226e+06,1.20841e+07,0,0,0,0,59.0872,61.308,1.43282,0,1,1.35504,1.3505,0,1.0469,1.69344,9.02378e+06,3.61194e+06,1.22276e+07,0,0,0,0
95.5505,103.622,1.12177,0.03,0,2.78488,2.78881,0,0.521534,4.89888,4.3421e+06,2.70226e+06,1.20922e+07,0,0,0,0,58.6839,61.308,0.995049,0,1,1.35504,1.35111,0,1.0469,1.69344,9.02378e+06,3.61194e+06,1.22276e+07,0,0,0,0
94.3471,103.622,1.40123,0.04,0,2.78676,2.79007,0,0.521886,4.89888,4.3421e+06,2.70226e+06,1.21004e+07,0,0,0,0,58.4705,61.308,1.9038,0,1,1.35504,1.35172,0,1.0469,1.69344,9.02378e+06,3.61194e+06,1.22276e+07,0,0,0,0
93.1369,103.622,1.32032,0.04,0,2.70348,2.70618,0,0.522239,4.89888,4.3421e+06,2.70226e+06,1.17388e+07,0,0,0,0,58.4251,61.308,2.74371,0,1,1.28997,1.28727,0,1.0469,1.69344,9.02378e+06,3.61194e+06,1.16404e+07,0,0,0,0
91.7951,103.622,1.09583,0.04,0,2.64025,2.7074,0,0.506631,4.89888,4.3421e+06,2.70226e+06,1.14643e+07,0,0,0,0,58.1404,61.308,1.43393,0,1,1.35501,1.28786,0,0.996632,1.69344,9.02378e+06,3.61194e+06,1.22273e+07,0,0,0,0
90.8139,103.622,1.52546,0.04,0,2.64207,2.70863,0,0.494783,4.89888,4.3421e+06,2.70226e+06,1.14721e+07,0,0,0,0,58.0194,61.308,1.65306,0,1,1.35501,1.28844,0,1.04688,1.69344,9.02378e+06,3.61194e+06,1.22273e+07,0,0,0,0
91.6987,103.622,3.79971,0.04,0,2.64388,2.70987,0,0.495123,4.89888,4.3421e+06,2.70226e+06,1.148e+07,0,0,0,0,58.426,61.308,2.83811,0,1,1.35501,1.28903,0,1.04688,1.69344,9.02378e+06,3.61194e+06,1.22273e+07,0,0,0,0
92.5401,103.622,3.56087,0.04,0,2.57567,2.64106,0,0.495464,4.89888,4.3421e+06,2.70226e+06,1.11838e+07,0,0,0,0,58.7546,61.308,2.365,0,1,1.29567,1.23028,0,1.04688,1.69344,9.02378e+06,3.61194e+06,1.16919e+07,0,0,0,0
93.366,103.622,3.59837,0.04,0,2.51811,2.64226,0,0.48268,4.89888,4.3421e+06,2.70226e+06,1.09339e+07,0,0,0,0,58.9891,61.308,2.36204,0,1,1.35498,1.23084,0,1.00104,1.69344,9.02378e+06,3.61194e+06,1.22271e+07,0,0,0,0
94.8941,103.622,4.34738,0.03,0,2.51987,2.64346,0,0.471895,4.89888,4.3421e+06,2.70226e+06,1.09416e+07,0,0,0,0,59.4648,61.308,2.63381,0,1,1.35498,1.2314,0,1.04686,1.69344,9.02378e+06,3.61194e+06,1.22271e+07,0,0,0,0
96.1081,103.622,4.07879,0.03,0,2.52163,2.64466,0,0.472224,4.89888,4.3421e+06,2.70226e+06,1.09492e+07,0,0,0,0,60.208,61.308,3.43799,0,1,1.35498,1.23195,0,1.04686,1.69344,9.02378e+06,3.61194e+06,1.22271e+07,0,0,0,0
97.5224,103.622,4.11585,0.03,0,2.32413,2.4466,0,0.472554,4.89888,4.3421e+06,2.70226e+06,1.00916e+07,0,0,0,0,61.2097,61.308,3.55868,0,1,1.23118,1.10871,0,1.04686,1.69344,9.02378e+06,3.61194e+06,1.11099e+07,0,0,0,0
100.423,103.622,5.53916,0.02,0,2.20199,2.44771,0,0.435541,4.89888,4.3421e+06,2.70226e+06,9.56129e+06,0,0,0,0,61.5955,61.308,3.40173,0,1,1.35493,1.10921,0,0.951211,1.69344,9.02378e+06,3.61194e+06,1.22266e+07,0,0,0,0
103.27,103.622,5.63936,0.02,0,2.20361,2.44882,0,0.412654,4.89888,4.3421e+06,2.70226e+06,9.5683e+06,0,0,0,0,62.2098,61.308,3.99933,0,1,1.35493,1.10972,0,1.04682,1.69344,9.02378e+06,3.61194e+06,1.22266e+07,0,0,0,0
103.622,103.622,10.3271,0.02,0,2.20522,2.44993,0,0.412956,4.89888,4.3421e+06,2.70226e+06,9.5753e+06,0,0,0,0,62.3362,61.308,8.63819,0,1,1.35493,1.11022,0,1.04682,1.69344,9.02378e+06,3.61194e+06,1.22266e+07,0,0,0,0
103.622,103.622,6.19493,0.02,0,2.20684,2.45104,0,0.413258,4.89888,4.3421e+06,2.70226e+06,9.58231e+06,0,0,0,0,62.3362,61.308,4.33422,0,1,1.35493,1.11072,0,1.04682,1.69344,9.02378e+06,3.61194e+06,1.22266e+07,0,0,0,0
103.622,103.622,5.47313,0.02,0,2.28524,2.52894,0,0.413561,4.89888,4.3421e+06,2.70226e+06,9.92277e+06,0,0,0,0,62.3362,61.308,4.44348,0,1,1.39085,1.14715,0,1.04682,1.69344,9.02378e+06,3.61194e+06,1.25507e+07,0,0,0,0
103.622,103.622,4.34109,0.03,0,2.32278,2.53006,0,0.428255,4.89888,4.3421e+06,2.70226e+06,1.00857e+07,0,0,0,0,62.3362,61.308,4.55136,0,1,1.35493,1.14765,0,1.07457,1.69344,9.02378e+06,3.61194e+06,1.22266e+07,0,0,0,0
103.622,103.622,5.13164,0.04,0,2.32439,2.53117,0,0.435289,4.89888,4.3421e+06,2.70226e+06,1.00928e+07,0,0,0,0,62.3362,61.308,5.41721,0,1,1.35493,1.14815,0,1.04682,1.69344,9.02378e+06,3.61194e+06,1.22266e+07,0,0,0,0
103.622,103.622,7.14713,0.04,0,2.32601,2.53228,0,0.435591,4.89888,4.3421e+06,2.70226e+06,1.00998e+07,0,0,0,0,62.3362,61.308,5.97535,0,1,1.35493,1.14866,0,1.04682,1.69344,9.02378e+06,3.61194e+06,1.22266e+07,0,0,0,0
103.622,103.622,5.73352,0.05,0,2.57473,2.78049,0,0.435894,4.89888,4.3421e+06,2.70226e+06,1.11797e+07,0,0,0,0,62.3362,61.308,5.7939,0,1,1.49005,1.28428,0,1.04682,1.69344,9.02378e+06,3.61194e+06,1.34458e+07,0,0,0,0
103.622,103.622,3.96114,0.04,0,2.71157,2.78171,0,0.482504,4.89888,4.3421e+06,2.70226e+06,1.17739e+07,0,0,0,0,62.3362,61.308,5.22742,0,1,1.35499,1.28484,0,1.15121,1.69344,9.02378e+06,3.61194e+06,1.22271e+07,0,0,0,0
103.622,103.622,4.11051,0.04,0,2.71335,2.78293,0,0.508148,4.89888,4.3421e+06,2.70226e+06,1.17817e+07,0,0,0,0,62.3362,61.308,4.08862,0,1,1.35499,1.28541,0,1.04686,1.69344,9.02378e+06,3.61194e+06,1.22271e+07,0,0,0,0
103.622,103.622,3.50228,0.04,0,2.71514,2.78415,0,0.508482,4.89888,4.3421e+06,2.70226e+06,1.17894e+07,0,0,0,0,62.3362,61.308,4.54366,0,1,1.35499,1.28597,0,1.04686,1.69344,9.02378e+06,3.61194e+06,1.22271e+07,0,0,0,0
103.622,103.622,9.53451,0.04,0,2.36386,2.43231,0,0.508817,4.89888,4.3421e+06,2.70226e+06,1.02641e+07,0,0,0,0,62.3362,61.308,10.9696,0,1,1.17334,1.10489,0,1.04686,1.69344,9.02378e+06,3.61194e+06,1.0588e+07,0,0,0,0
103.622,103.622,9.73387,0.05,0,2.18384,2.43338,0,0.442987,4.89888,4.3421e+06,2.70226e+06,9.48247e+06,0,0,0,0,62.3362,61.308,9.36703,0,1,1.35491,1.10537,0,0.906523,1.69344,9.02378e+06,3.61194e+06,1.22264e+07,0,0,0,0
103.622,103.622,7.84249,0.08,0,2.18539,2.43444,0,0.409252,4.89888,4.3421e+06,2.70226e+06,9.48921e+06,0,0,0,0,62.3362,61.308,6.63729,0,1,1.35491,1.10586,0,1.0468,1.69344,9.02378e+06,3.61194e+06,1.22264e+07,0,0,0,0
103.622,103.622,5.46161,0.08,0,2.18694,2.43551,0,0.409543,4.89888,4.3421e+06,2.70226e+06,9.49594e+06,0,0,0,0,62.3362,61.308,5.20983,0,1,1.35491,1.10634,0,1.0468,1.69344,9.02378e+06,3.61194e+06,1.22264e+07,0,0,0,0
103.622,103.622,7.19944,0.08,0,2.1885,2.43658,0,0.409833,4.89888,4.3421e+06,2.70226e+06,9.50269e+06,0,0,0,0,62.3362,61.308,6.18668,0,1,1.35491,1.10683,0,1.0468,1.69344,9.02378e+06,3.61194e+06,1.22264e+07,0,0,0,0
103.622,103.622,6.65146,0.08,0,2.27912,2.52671,0,0.410124,4.89888,4.3421e+06,2.70226e+06,9.89616e+06,0,0,0,0,62.3362,61.308,6.57291,0,1,1.39944,1.15185,0,1.0468,1.69344,9.02378e+06,3.61194e+06,1.26283e+07,0,0,0,0
103.622,103.622,4.3437,0.08,0,2.32524,2.52782,0,0.427106,4.89888,4.3421e+06,2.70226e+06,1.00965e+07,0,0,0,0,62.3362,61.308,4.24812,0,1,1.35493,1.15235,0,1.08121,1.69344,9.02378e+06,3.61194e+06,1.22266e+07,0,0,0,0
103.622,103.622,3.57165,0.08,0,2.32686,2.52893,0,0.435751,4.89888,4.3421e+06,2.70226e+06,1.01035e+07,0,0,0,0,62.3362,61.308,3.5569,0,1,1.35493,1.15286,0,1.04682,1.69344,9.02378e+06,3.61194e+06,1.22266e+07,0,0,0,0
103.622,103.622,3.66042,0.07,0,2.32847,2.53003,0,0.436053,4.89888,4.3421e+06,2.70226e+06,1.01105e+07,0,0,0,0,62.3362,61.308,3.42291,0,1,1.35493,1.15336,0,1.04682,1.69344,9.02378e+06,3.61194e+06,1.22266e+07,0,0,0,0
103.622,103.622,3.78165,0.07,0,2.2952,2.49626,0,0.436355,4.89888,4.3421e+06,2.70226e+06,9.96598e+06,0,0,0,0,62.3362,61.308,4.03191,0,1,1.3376,1.13654,0,1.04682,1.69344,9.02378e+06,3.61194e+06,1.20702e+07,0,0,0,0
103.622,103.622,3.35586,0.07,0,2.27947,2.49735,0,0.43012,4.89888,4.3421e+06,2.70226e+06,9.89768e+06,0,0,0,0,62.3362,61.308,3.80773,0,1,1.35492,1.13704,0,1.03343,1.69344,9.02378e+06,3.61194e+06,1.22265e+07,0,0,0,0
103.622,103.622,3.14987,0.07,0,2.28106,2.49844,0,0.427172,4.89888,4.3421e+06,2.70226e+06,9.90459e+06,0,0,0,0,62.3362,61.308,3.73416,0,1,1.35492,1.13754,0,1.04681,1.69344,9.02378e+06,3.61194e+06,1.22265e+07,0,0,0,0
103.622,103.622,4.79834,0.07,0,2.28265,2.49954,0,0.42747,4.89888,4.3421e+06,2.70226e+06,9.9115e+06,0,0,0,0,62.3362,61.308,4.66514,0,1,1.35492,1.13803,0,1.04681,1.69344,9.02378e+06,3.61194e+06,1.22265e+07,0,0,0,0
103.622,103.622,3.13973,0.07,0,2.40286,2.61925,0,0.427768,4.89888,4.3421e+06,2.70226e+06,1.04335e+07,0,0,0,0,62.3362,61.308,3.77518,0,1,1.41648,1.20009,0,1.04681,1.69344,9.02378e+06,3.61194e+06,1.2782e+07,0,0,0,0
103.622,103.622,3.08924,0.07,0,2.46606,2.6204,0,0.450296,4.89888,4.3421e+06,2.70226e+06,1.07079e+07,0,0,0,0,62.3362,61.308,3.64205,0,1,1.35495,1.20061,0,1.09437,1.69344,9.02378e+06,3.61194e+06,1.22268e+07,0,0,0,0
103.622,103.622,2.91563,0.06,0,2.46773,2.62155,0,0.46214,4.89888,4.3421e+06,2.70226e+06,1.07152e+07,0,0,0,0,62.3362,61.308,3.69381,0,1,1.35495,1.20114,0,1.04683,1.69344,9.02378e+06,3.61194e+06,1.22268e+07,0,0,0,0
103.622,103.622,2.80634,0.05,0,2.4694,2.62269,0,0.462453,4.89888,4.3421e+06,2.70226e+06,1.07224e+07,0,0,0,0,62.3362,61.308,3.58815,0,1,1.35495,1.20166,0,1.04683,1.69344,9.02378e+06,3.61194e+06,1.22268e+07,0,0,0,0
103.622,103.622,2.62762,0.05,0,2.47108,2.62384,0,0.462766,4.89888,4.3421e+06,2.70226e+06,1.07297e+07,0,0,0,0,62.3362,61.308,3.3423,0,1,1.35495,1.20219,0,1.04683,1.69344,9.02378e+06,3.61194e+06,1.22268e+07,0,0,0,0
103.193,103.622,2.07229,0.04,0,2.44924,2.60147,0,0.46308,4.89888,4.3421e+06,2.70226e+06,1.06348e+07,0,0,0,0,62.3362,61.308,2.52498,0,1,1.38886,1.23662,0,1.04683,1.69344,9.02378e+06,3.61194e+06,1.25327e+07,0,0,0,0
102.582,103.622,1.90367,0.03,0,2.48481,2.60261,0,0.458987,4.89888,4.3421e+06,2.70226e+06,1.07893e+07,0,0,0,0,62.3362,61.308,2.23111,0,1,1.35496,1.23716,0,1.07303,1.69344,9.02378e+06,3.61194e+06,1.22269e+07,0,0,0,0
101.86,103.622,1.75425,0.03,0,2.48648,2.60375,0,0.465653,4.89888,4.3421e+06,2.70226e+06,1.07966e+07,0,0,0,0,62.3362,61.308,2.18749,0,1,1.35496,1.2377,0,1.04685,1.69344,9.02378e+06,3.61194e+06,1.22269e+07,0,0,0,0
101.06,103.622,1.64621,0.03,0,2.48816,2.60489,0,0.465967,4.89888,4.3421e+06,2.70226e+06,1.08039e+07,0,0,0,0,62.3048,61.308,2.10404,0,1,1.35496,1.23824,0,1.04685,1.69344,9.02378e+06,3.61194e+06,1.22269e+07,0,0,0,0
100.066,103.622,1.47889,0.03,0,2.55066,2.66684,0,0.466282,4.89888,4.3421e+06,2.70226e+06,1.10752e+07,0,0,0,0,62.2588,61.308,1.87553,0,1,1.38524,1.26905,0,1.04685,1.69344,9.02378e+06,3.61194e+06,1.25001e+07,0,0,0,0
99.2276,103.622,1.68043,0.03,0,2.58264,2.66801,0,0.477994,4.89888,4.3421e+06,2.70226e+06,1.12141e+07,0,0,0,0,62.3322,61.308,2.20066,0,1,1.35498,1.26961,0,1.07023,1.69344,9.02378e+06,3.61194e+06,1.2227e+07,0,0,0,0
98.2782,103.622,1.54638,0.03,0,2.58436,2.66917,0,0.483986,4.89888,4.3421e+06,2.70226e+06,1.12215e+07,0,0,0,0,62.2942,61.308,2.1786,0,1,1.35498,1.27016,0,1.04686,1.69344,9.02378e+06,3.61194e+06,1.2227e+07,0,0,0,0
97.2211,103.622,1.41239,0.03,0,2.58608,2.67034,0,0.484308,4.89888,4.3421e+06,2.70226e+06,1.1229e+07,0,0,0,0,62.2106,61.308,1.90651,0,1,1.35498,1.27071,0,1.04686,1.69344,9.02378e+06,3.61194e+06,1.2227e+07,0,0,0,0
96.0862,103.622,1.51558,0.03,0,2.76621,2.84992,0,0.48463,4.89888,4.3421e+06,2.70226e+06,1.20112e+07,0,0,0,0,61.9242,61.308,2.14219,0,1,1.46443,1.38072,0,1.04686,1.69344,9.02378e+06,3.61194e+06,1.32147e+07,0,0,0,0
94.9247,103.622,1.49845,0.04,0,2.85117,2.85117,0,0.518388,4.89888,4.3421e+06,2.70226e+06,1.23801e+07,0,0,0,0,61.6822,61.308,1.54818,0,1,1.38132,1.38132,0,1.13142,1.69344,9.02378e+06,3.61194e+06,1.24647e+07,0,0,0,0
93.8945,103.622,1.65587,0.04,0,2.85241,2.85241,0,0.534309,4.89888,4.3421e+06,2.70226e+06,1.23855e+07,0,0,0,0,61.2677,61.308,1.92014,0,1,1.38193,1.38193,0,1.06721,1.69344,9.02378e+06,3.61194e+06,1.24702e+07,0,0,0,0
92.5909,103.622,1.34474,0.04,0,2.85366,2.85366,0,0.534542,4.89888,4.3421e+06,2.70226e+06,1.23909e+07,0,0,0,0,60.9787,61.308,1.34879,0,1,1.38253,1.38253,0,1.06768,1.69344,9.02378e+06,3.61194e+06,1.24756e+07,0,0,0,0
91.5735,103.622,1.68504,0.04,0,2.8549,2.8549,0,0.534775,4.89888,4.3421e+06,2.70226e+06,1.23963e+07,0,0,0,0,60.8081,61.308,2.47993,0,1,1.38313,1.38313,0,1.06814,1.69344,9.02378e+06,3.61194e+06,1.24811e+07,0,0,0,0
90.3753,103.622,1.3984,0.04,0,2.769,2.769,0,0.535008,4.89888,4.3421e+06,2.70226e+06,1.20233e+07,0,0,0,0,60.5469,61.308,1.49562,0,1,1.31716,1.31716,0,1.06861,1.69344,9.02378e+06,3.61194e+06,1.18857e+07,0,0,0,0
88.9977,103.622,1.22274,0.05,0,2.73294,2.77021,0,0.518911,4.89888,4.3421e+06,2.70226e+06,1.18667e+07,0,0,0,0,60.4883,61.308,1.58702,0,1,1.355,1.31773,0,1.01764,1.69344,9.02378e+06,3.61194e+06,1.22272e+07,0,0,0,0
87.8336,103.622,1.4837,0.08,0,2.73472,2.77142,0,0.512153,4.89888,4.3421e+06,2.70226e+06,1.18745e+07,0,0,0,0,60.7039,61.308,2.27162,0,1,1.355,1.31831,0,1.04687,1.69344,9.02378e+06,3.61194e+06,1.22272e+07,0,0,0,0
86.5875,103.622,1.35622,0.08,0,2.7365,2.77262,0,0.512487,4.89888,4.3421e+06,2.70226e+06,1.18822e+07,0,0,0,0,60.8022,61.308,2.11895,0,1,1.355,1.31888,0,1.04687,1.69344,9.02378e+06,3.61194e+06,1.22272e+07,0,0,0,0
85.9473,103.622,1.94084,0.08,0,2.66663,2.70218,0,0.512821,4.89888,4.3421e+06,2.70226e+06,1.15788e+07,0,0,0,0,60.5514,61.308,2.32864,0,1,1.29429,1.25875,0,1.04687,1.69344,9.02378e+06,3.61194e+06,1.16794e+07,0,0,0,0
85.4506,103.622,2.00324,0.08,0,2.60768,2.70335,0,0.499727,4.89888,4.3421e+06,2.70226e+06,1.13228e+07,0,0,0,0,60.3182,61.308,1.11824,0,1,1.35497,1.25929,0,0.999969,1.69344,9.02378e+06,3.61194e+06,1.2227e+07,0,0,0,0
85.5422,103.622,2.68798,0.08,0,2.6094,2.70453,0,0.488679,4.89888,4.3421e+06,2.70226e+06,1.13303e+07,0,0,0,0,60.4871,61.308,2.76499,0,1,1.35497,1.25984,0,1.04685,1.69344,9.02378e+06,3.61194e+06,1.2227e+07,0,0,0,0
89.7603,103.622,7.1375,0.08,0,2.61113,2.70571,0,0.489002,4.89888,4.3421e+06,2.70226e+06,1.13378e+07,0,0,0,0,61.6034,61.308,5.36597,0,1,1.35497,1.26039,0,1.04685,1.69344,9.02378e+06,3.61194e+06,1.2227e+07,0,0,0,0
90.904,103.622,3.71672,0.07,0,2.409,2.50303,0,0.489325,4.89888,4.3421e+06,2.70226e+06,1.04601e+07,0,0,0,0,62.1422,61.308,2.60407,0,1,1.22832,1.13428,0,1.04685,1.69344,9.02378e+06,3.61194e+06,1.1084e+07,0,0,0,0
91.7701,103.622,3.52484,0.03,0,2.28398,2.50412,0,0.451446,4.89888,4.3421e+06,2.70226e+06,9.91727e+06,0,0,0,0,62.3362,61.308,2.68508,0,1,1.35492,1.13478,0,0.948997,1.69344,9.02378e+06,3.61194e+06,1.22265e+07,0,0,0,0
97.6256,103.622,8.85771,0.03,0,2.28556,2.50521,0,0.428017,4.89888,4.3421e+06,2.70226e+06,9.92414e+06,0,0,0,0,62.3362,61.308,5.48196,0,1,1.35492,1.13527,0,1.04681,1.69344,9.02378e+06,3.61194e+06,1.22265e+07,0,0,0,0
103.622,103.622,10.1293,0.02,0,2.28714,2.5063,0,0.428314,4.89888,4.3421e+06,2.70226e+06,9.93102e+06,0,0,0,0,62.3362,61.308,3.97205,0,1,1.35492,1.13577,0,1.04681,1.69344,9.02378e+06,3.61194e+06,1.22265e+07,0,0,0,0
103.622,103.622,6.25891,0.02,0,2.28873,2.50739,0,0.428611,4.89888,4.3421e+06,2.70226e+06,9.9379e+06,0,0,0,0,62.3362,61.308,3.82151,0,1,1.35492,1.13626,0,1.04681,1.69344,9.02378e+06,3.61194e+06,1.22265e+07,0,0,0,0
103.622,103.622,5.77591,0.03,0,2.36887,2.58704,0,0.428908,4.89888,4.3421e+06,2.70226e+06,1.02859e+07,0,0,0,0,62.3362,61.308,3.97084,0,1,1.39166,1.1735,0,1.04681,1.69344,9.02378e+06,3.61194e+06,1.25581e+07,0,0,0,6.17808e+07
103.622,103.622,5.11514,0.03,0,2.4072,2.58812,0,0.443926,4.89888,4.3421e+06,2.70226e+06,1.04523e+07,0,0,0,0,62.3362,61.308,4.14674,0,1,1.35492,1.17399,0,1.0752,1.69344,9.02378e+06,3.61194e+06,1.22265e+07,0,0,0,6.17808e+07
103.622,103.622,4.46603,0.04,0,2.40878,2.58921,0,0.451109,4.89888,4.3421e+06,2.70226e+06,1.04592e+07,0,0,0,0,62.3362,61.308,3.04495,0,1,1.35492,1.17448,0,1.04681,1.69344,9.02378e+06,3.61194e+06,1.22265e+07,0,0,0,6.17808e+07
103.622,103.622,3.06878,0.05,0,2.41036,2.5903,0,0.451405,4.89888,4.3421e+06,2.70226e+06,1.0466e+07,0,0,0,0,62.3362,61.308,3.04266,0,1,1.35492,1.17498,0,1.04681,1.69344,9.02378e+06,3.61194e+06,1.22265e+07,0,0,0,6.17808e+07
103.622,103.622,4.33646,0.05,0,2.6647,2.84415,0,0.451702,4.89888,4.3421e+06,2.70226e+06,1.15704e+07,0,0,0,0,62.3362,61.308,3.17822,0,1,1.49313,1.31368,0,1.04681,1.69344,9.02378e+06,3.61194e+06,1.34737e+07,0,0,0,6.17808e+07
103.622,103.622,4.11013,0.05,0,2.8046,2.84534,0,0.499365,4.89888,4.3421e+06,2.70226e+06,1.21779e+07,0,0,0,0,62.3362,61.308,2.79687,0,1,1.35498,1.31424,0,1.15359,1.69344,9.02378e+06,3.61194e+06,1.2227e+07,0,0,0,6.17808e+07
103.622,103.622,4.48386,0.05,0,2.80635,2.84654,0,0.525582,4.89888,4.3421e+06,2.70226e+06,1.21855e+07,0,0,0,0,62.1443,61.308,2.88663,0,1,1.35498,1.31479,0,1.04685,1.69344,9.02378e+06,3.61194e+06,1.2227e+07,0,0,0,6.17808e+07
103.622,103.622,3.44016,0.04,0,2.8081,2.84773,0,0.52591,4.89888,4.3421e+06,2.70226e+06,1.21931e+07,0,0,0,0,62.3362,61.308,2.19495,0,1,1.35498,1.31534,0,1.04685,1.69344,9.02378e+06,3.61194e+06,1.2227e+07,0,0,0,6.17808e+07
103.622,103.622,7.66743,0.04,0,2.44873,2.48781,0,0.526238,4.89888,4.3421e+06,2.70226e+06,1.06326e+07,0,0,0,0,62.3362,61.308,6.66203,0,1,1.16918,1.1301,0,1.04685,1.69344,9.02378e+06,3.61194e+06,1.05505e+07,0,0,0,6.17808e+07
103.622,103.622,7.42269,0.04,0,2.26453,2.48886,0,0.458891,4.89888,4.3421e+06,2.70226e+06,9.83283e+06,0,0,0,0,62.3362,61.308,7.26513,0,1,1.3549,1.13057,0,0.903312,1.69344,9.02378e+06,3.61194e+06,1.22263e+07,0,0,0,6.17808e+07
103.622,103.622,6.01798,0.04,0,2.26605,2.4899,0,0.424373,4.89888,4.3421e+06,2.70226e+06,9.83943e+06,0,0,0,0,62.3362,61.308,4.86171,0,1,1.3549,1.13105,0,1.04679,1.69344,9.02378e+06,3.61194e+06,1.22263e+07,0,0,0,6.17808e+07
103.622,103.622,4.36109,0.05,0,2.26757,2.49095,0,0.424658,4.89888,4.3421e+06,2.70226e+06,9.84603e+06,0,0,0,0,62.3362,61.308,3.92427,0,1,1.3549,1.13152,0,1.04679,1.69344,9.02378e+06,3.61194e+06,1.22263e+07,0,0,0,6.17808e+07
103.622,103.622,4.72421,0.06,0,2.26909,2.49199,0,0.424943,4.89888,4.3421e+06,2.70226e+06,9.85263e+06,0,0,0,0,62.3362,61.308,3.52687,0,1,1.3549,1.132,0,1.04679,1.69344,9.02378e+06,3.61194e+06,1.22263e+07,0,0,0,6.17808e+07
103.622,103.622,3.96198,0.07,0,2.3617,2.58413,0,0.425228,4.89888,4.3421e+06,2.70226e+06,1.02548e+07,0,0,0,0,62.3362,61.308,3.26527,0,1,1.40045,1.17802,0,1.04679,1.69344,9.02378e+06,3.61194e+06,1.26373e+07,0,0,0,6.17808e+07
103.622,103.622,5.65095,0.08,0,2.40881,2.58521,0,0.442583,4.89888,4.3421e+06,2.70226e+06,1.04593e+07,0,0,0,0,62.3362,61.308,4.26954,0,1,1.35492,1.17852,0,1.08198,1.69344,9.02378e+06,3.61194e+06,1.22265e+07,0,0,0,6.17808e+07
103.622,103.622,3.95231,0.08,0,2.41039,2.5863,0,0.451411,4.89888,4.3421e+06,2.70226e+06,1.04662e+07,0,0,0,0,62.3362,61.308,2.69467,0,1,1.35492,1.17901,0,1.04681,1.69344,9.02378e+06,3.61194e+06,1.22265e+07,0,0,0,6.17808e+07
103.622,103.622,5.09664,0.09,0,2.41197,2.58738,0,0.451707,4.89888,4.3421e+06,2.70226e+06,1.0473e+07,0,0,0,0,62.3362,61.308,5.95718,0,1,1.35492,1.1795,0,1.04681,1.69344,9.02378e+06,3.61194e+06,1.22265e+07,0,0,0,6.17808e+07
103.622,103.622,3.90052,0.08,0,2.37787,2.55279,0,0.452003,4.89888,4.3421e+06,2.70226e+06,1.0325e+07,0,0,0,0,62.1714,61.308,3.43489,0,1,1.3372,1.16228,0,1.04681,1.69344,9.02378e+06,3.61194e+06,1.20666e+07,0,0,0,6.17808e+07
103.622,103.622,2.70222,0.07,0,2.36172,2.55386,0,0.445613,4.89888,4.3421e+06,2.70226e+06,1.02548e+07,0,0,0,0,62.2729,61.308,2.0246,0,1,1.35491,1.16277,0,1.03312,1.69344,9.02378e+06,3.61194e+06,1.22264e+07,0,0,0,6.17808e+07
103.534,103.622,2.49379,0.07,0,2.36327,2.55493,0,0.442586,4.89888,4.3421e+06,2.70226e+06,1.02616e+07,0,0,0,0,62.3362,61.308,2.08449,0,1,1.35491,1.16325,0,1.0468,1.69344,9.02378e+06,3.61194e+06,1.22264e+07,0,0,0,6.17808e+07
103.622,103.622,3.70067,0.07,0,2.36483,2.556,0,0.442878,4.89888,4.3421e+06,2.70226e+06,1.02684e+07,0,0,0,0,62.3362,61.308,2.45259,0,1,1.35491,1.16374,0,1.0468,1.69344,9.02378e+06,3.61194e+06,1.22264e+07,0,0,0,6.17808e+07
103.573,103.622,2.56213,0.07,0,2.48769,2.67837,0,0.44317,4.89888,4.3421e+06,2.70226e+06,1.08018e+07,0,0,0,0,62.0589,61.308,2.15185,0,1,1.41786,1.22717,0,1.0468,1.69344,9.02378e+06,3.61194e+06,1.27944e+07,0,0,0,6.17808e+07
103.352,103.622,2.39044,0.07,0,2.55225,2.6795,0,0.466193,4.89888,4.3421e+06,2.70226e+06,1.10821e+07,0,0,0,0,61.8904,61.308,1.67659,0,1,1.35494,1.22769,0,1.09544,1.69344,9.02378e+06,3.61194e+06,1.22267e+07,0,0,0,6.17808e+07
102.913,103.622,2.09891,0.07,0,2.55388,2.68062,0,0.478291,4.89888,4.3421e+06,2.70226e+06,1.10892e+07,0,0,0,0,61.6657,61.308,1.64845,0,1,1.35494,1.2282,0,1.04683,1.69344,9.02378e+06,3.61194e+06,1.22267e+07,0,0,0,6.17808e+07
102.452,103.622,2.08164,0.06,0,2.55552,2.68174,0,0.478598,4.89888,4.3421e+06,2.70226e+06,1.10963e+07,0,0,0,0,61.4427,61.308,1.66542,0,1,1.35494,1.22872,0,1.04683,1.69344,9.02378e+06,3.61194e+06,1.22267e+07,0,0,0,6.17808e+07
101.875,103.622,1.945,0.05,0,2.55716,2.68286,0,0.478904,4.89888,4.3421e+06,2.70226e+06,1.11034e+07,0,0,0,0,61.1824,61.308,1.59628,0,1,1.35494,1.22923,0,1.04683,1.69344,9.02378e+06,3.61194e+06,1.22267e+07,0,0,0,6.17808e+07
100.969,103.622,1.57017,0.05,0,2.53476,2.65995,0,0.479211,4.89888,4.3421e+06,2.70226e+06,1.10062e+07,0,0,0,0,60.8278,61.308,1.50844,0,1,1.38961,1.26441,0,1.04683,1.69344,9.02378e+06,3.61194e+06,1.25395e+07,0,0,0,6.17808e+07
99.9729,103.622,1.44652,0.04,0,2.57105,2.66106,0,0.475013,4.89888,4.3421e+06,2.70226e+06,1.11638e+07,0,0,0,0,60.4134,61.308,1.52896,0,1,1.35495,1.26494,0,1.07361,1.69344,9.02378e+06,3.61194e+06,1.22268e+07,0,0,0,6.17808e+07
98.9019,103.622,1.33612,0.04,0,2.57269,2.66218,0,0.481815,4.89888,4.3421e+06,2.70226e+06,1.11709e+07,0,0,0,0,60.0439,61.308,1.46943,0,1,1.35495,1.26547,0,1.04684,1.69344,9.02378e+06,3.61194e+06,1.22268e+07,0,0,0,6.17808e+07
97.7576,103.622,1.24914,0.04,0,2.57434,2.66329,0,0.482123,4.89888,4.3421e+06,2.70226e+06,1.1178e+07,0,0,0,0,59.5328,61.308,1.52617,0,1,1.35495,1.266,0,1.04684,1.69344,9.02378e+06,3.61194e+06,1.22268e+07,0,0,0,6.17808e+07
96.465,103.622,1.13496,0.04,0,2.63816,2.72659,0,0.482431,4.89888,4.3421e+06,2.70226e+06,1.14552e+07,0,0,0,0,58.9642,61.308,1.34902,0,1,1.3859,1.29748,0,1.04684,1.69344,9.02378e+06,3.61194e+06,1.25061e+07,0,0,0,6.17808e+07
95.2279,103.622,1.23091,0.04,0,2.67078,2.72773,0,0.494392,4.89888,4.3421e+06,2.70226e+06,1.15968e+07,0,0,0,0,58.5651,61.308,1.45282,0,1,1.35497,1.29802,0,1.07075,1.69344,9.02378e+06,3.61194e+06,1.22269e+07,0,0,0,6.17808e+07
93.9103,103.622,1.12819,0.04,0,2.67247,2.72887,0,0.500505,4.89888,4.3421e+06,2.70226e+06,1.16041e+07,0,0,0,0,57.944,61.308,1.44775,0,1,1.35497,1.29857,0,1.04685,1.69344,9.02378e+06,3.61194e+06,1.22269e+07,0,0,0,6.17808e+07
92.5148,103.622,1.03295,0.04,0,2.67415,2.73001,0,0.50082,4.89888,4.3421e+06,2.70226e+06,1.16114e+07,0,0,0,0,57.4807,61.308,1.26406,0,1,1.35497,1.29911,0,1.04685,1.69344,9.02378e+06,3.61194e+06,1.22269e+07,0,0,0,6.17808e+07
91.0357,103.622,1.10193,0.04,0,2.85824,2.91355,0,0.501136,4.89888,4.3421e+06,2.70226e+06,1.24108e+07,0,0,0,0,56.9168,61.308,1.49901,0,1,1.46686,1.41155,0,1.04685,1.69344,9.02378e+06,3.61194e+06,1.32366e+07,0,0,0,6.17808e+07
89.3916,103.622,0.974587,0.04,0,2.91477,2.91477,0,0.535633,4.89888,4.3421e+06,2.70226e+06,1.26562e+07,0,0,0,0,56.5482,61.308,1.3982,0,1,1.41214,1.41214,0,1.1333,1.69344,9.02378e+06,3.61194e+06,1.27428e+07,0,0,0,6.17808e+07
87.8397,103.622,1.07995,0.07,0,2.91599,2.91599,0,0.546228,4.89888,4.3421e+06,2.70226e+06,1.26615e+07,0,0,0,0,55.9467,61.308,1.73462,0,1,1.41273,1.41273,0,1.09102,1.69344,9.02378e+06,3.61194e+06,1.27481e+07,0,0,0,6.17808e+07
86.1166,103.622,0.880451,0.07,0,2.91721,2.91721,0,0.546456,4.89888,4.3421e+06,2.70226e+06,1.26668e+07,0,0,0,0,55.5435,61.308,1.21608,0,1,1.41332,1.41332,0,1.09147,1.69344,9.02378e+06,3.61194e+06,1.27535e+07,0,0,0,6.17808e+07
84.5873,103.622,1.09254,0.08,0,2.91842,2.91842,0,0.546684,4.89888,4.3421e+06,2.70226e+06,1.26721e+07,0,0,0,0,55.3499,61.308,2.24668,0,1,1.41391,1.41391,0,1.09193,1.69344,9.02378e+06,3.61194e+06,1.27588e+07,0,0,0,6.17808e+07
83.0692,103.622,1.03056,0.08,0,2.83056,2.83056,0,0.546913,4.89888,4.3421e+06,2.70226e+06,1.22906e+07,0,0,0,0,55.101,61.308,1.60565,0,1,1.34644,1.34644,0,1.09238,1.69344,9.02378e+06,3.61194e+06,1.215e+07,0,0,0,6.17808e+07
82.0448,103.622,1.5221,0.08,0,2.82376,2.83174,0,0.530447,4.89888,4.3421e+06,2.70226e+06,1.22611e+07,0,0,0,0,54.9802,61.308,2.50691,0,1,1.35499,1.347,0,1.04026,1.69344,9.02378e+06,3.61194e+06,1.22271e+07,0,0,0,6.17808e+07
80.5285,103.622,1.01825,0.12,0,2.8255,2.83293,0,0.529173,4.89888,4.3421e+06,2.70226e+06,1.22686e+07,0,0,0,0,54.5785,61.308,1.96618,0,1,1.35499,1.34756,0,1.04686,1.69344,9.02378e+06,3.61194e+06,1.22271e+07,0,0,0,6.17808e+07
78.8672,103.622,0.809328,0.13,0,2.82725,2.83411,0,0.5295,4.89888,4.3421e+06,2.70226e+06,1.22762e+07,0,0,0,0,54.2789,61.308,1.43455,0,1,1.35499,1.34813,0,1.04686,1.69344,9.02378e+06,3.61194e+06,1.22271e+07,0,0,0,6.17808e+07
77.5705,103.622,1.19825,0.13,0,2.75575,2.76205,0,0.529827,4.89888,4.3421e+06,2.70226e+06,1.19658e+07,0,0,0,0,53.7186,61.308,1.68785,0,1,1.29293,1.28664,0,1.04686,1.69344,9.02378e+06,3.61194e+06,1.16671e+07,0,0,0,6.17808e+07
76.2917,103.622,1.12153,0.13,0,2.69542,2.7632,0,0.516428,4.89888,4.3421e+06,2.70226e+06,1.17038e+07,0,0,0,0,53.4183,61.308,1.08862,0,1,1.35496,1.28717,0,0.99892,1.69344,9.02378e+06,3.61194e+06,1.22269e+07,0,0,0,6.17808e+07
75.3446,103.622,1.51516,0.13,0,2.6971,2.76435,0,0.505121,4.89888,4.3421e+06,2.70226e+06,1.17111e+07,0,0,0,0,53.433,61.308,2.70826,0,1,1.35496,1.28771,0,1.04684,1.69344,9.02378e+06,3.61194e+06,1.22269e+07,0,0,0,6.17808e+07
76.6626,103.622,3.98627,0.14,0,2.69879,2.76551,0,0.505437,4.89888,4.3421e+06,2.70226e+06,1.17185e+07,0,0,0,0,54.1893,61.308,5.18283,0,1,1.35496,1.28825,0,1.04684,1.69344,9.02378e+06,3.61194e+06,1.22269e+07,0,0,0,6.17808e+07
76.629,103.622,2.35464,0.13,0,2.49212,2.5583,0,0.505754,4.89888,4.3421e+06,2.70226e+06,1.08211e+07,0,0,0,0,54.5245,61.308,2.47455,0,1,1.22551,1.15933,0,1.04684,1.69344,9.02378e+06,3.61194e+06,1.10587e+07,0,0,0,6.17808e+07
75.283,103.622,0.866374,0.13,0,2.36427,2.55937,0,0.467024,4.89888,4.3421e+06,2.70226e+06,1.02659e+07,0,0,0,0,54.336,61.308,1.61393,0,1,1.35491,1.15981,0,0.946827,1.69344,9.02378e+06,3.61194e+06,1.22264e+07,0,0,0,6.17808e+07
74.5404,103.622,1.55259,0.15,0,2.36583,2.56043,0,0.443065,4.89888,4.3421e+06,2.70226e+06,1.02727e+07,0,0,0,0,54.429,61.308,2.70529,0,1,1.35491,1.1603,0,1.0468,1.69344,9.02378e+06,3.61194e+06,1.22264e+07,0,0,0,6.17808e+07
74.0236,103.622,1.83385,0.15,0,2.36738,2.5615,0,0.443356,4.89888,4.3421e+06,2.70226e+06,1.02794e+07,0,0,0,0,54.6877,61.308,3.14789,0,1,1.35491,1.16078,0,1.0468,1.69344,9.02378e+06,3.61194e+06,1.22264e+07,0,0,0,6.17808e+07
73.7042,103.622,2.04393,0.17,0,2.36893,2.56257,0,0.443646,4.89888,4.3421e+06,2.70226e+06,1.02861e+07,0,0,0,0,54.9922,61.308,3.2137,0,1,1.35491,1.16127,0,1.0468,1.69344,9.02378e+06,3.61194e+06,1.22264e+07,0,0,0,6.17808e+07
76.5578,103.622,5.4301,0.19,0,2.45076,2.64392,0,0.443937,4.89888,4.3421e+06,2.70226e+06,1.06415e+07,0,0,0,0,55.7149,61.308,4.09093,0,1,1.39246,1.1993,0,1.0468,1.69344,9.02378e+06,3.61194e+06,1.25652e+07,0,0,0,6.17808e+07
82.2877,103.622,8.71557,0.17,0,2.48986,2.64499,0,0.459273,4.89888,4.3421e+06,2.70226e+06,1.08112e+07,0,0,0,0,56.7948,61.308,5.32758,0,1,1.35491,1.19978,0,1.07581,1.69344,9.02378e+06,3.61194e+06,1.22264e+07,0,0,0,6.17808e+07
84.5283,103.622,5.03188,0.17,0,2.49141,2.64605,0,0.4666,4.89888,4.3421e+06,2.70226e+06,1.0818e+07,0,0,0,0,57.1469,61.308,3.64961,0,1,1.35491,1.20027,0,1.0468,1.69344,9.02378e+06,3.61194e+06,1.22264e+07,0,0,0,6.17808e+07
85.9087,103.622,4.09707,0.13,0,2.49296,2.64711,0,0.46689,4.89888,4.3421e+06,2.70226e+06,1.08247e+07,0,0,0,0,57.4037,61.308,3.16202,0,1,1.35491,1.20075,0,1.0468,1.69344,9.02378e+06,3.61194e+06,1.22264e+07,0,0,0,6.17808e+07
87.8767,103.622,5.00031,0.13,0,2.7528,2.90647,0,0.46718,4.89888,4.3421e+06,2.70226e+06,1.19529e+07,0,0,0,0,57.6284,61.308,3.68719,0,1,1.49615,1.34247,0,1.0468,1.69344,9.02378e+06,3.61194e+06,1.35009e+07,0,0,0,6.17808e+07
90.2547,103.622,5.56116,0.12,0,2.89569,2.90764,0,0.515875,4.89888,4.3421e+06,2.70226e+06,1.25734e+07,0,0,0,0,58.261,61.308,2.50604,0,1,1.35496,1.34301,0,1.15592,1.69344,9.02378e+06,3.61194e+06,1.22269e+07,0,0,0,6.17808e+07
93.8333,103.622,7.07478,0.09,0,2.8974,2.90881,0,0.542652,4.89888,4.3421e+06,2.70226e+06,1.25808e+07,0,0,0,0,58.971,61.308,4.10571,0,1,1.35496,1.34355,0,1.04684,1.69344,9.02378e+06,3.61194e+06,1.22269e+07,0,0,0,6.17808e+07
97.0046,103.622,6.59404,0.1,0,2.89911,2.90998,0,0.542972,4.89888,4.3421e+06,2.70226e+06,1.25882e+07,0,0,0,0,59.4419,61.308,3.40913,0,1,1.35496,1.34409,0,1.04685,1.69344,9.02378e+06,3.61194e+06,1.22269e+07,0,0,0,6.17808e+07
103.622,103.622,10.1729,0.06,0,2.53181,2.54214,0,0.543293,4.89888,4.3421e+06,2.70226e+06,1.09934e+07,0,0,0,0,60.0753,61.308,3.67025,0,1,1.16511,1.15478,0,1.04685,1.69344,9.02378e+06,3.61194e+06,1.05137e+07,0,0,0,6.17808e+07
103.622,103.622,5.09885,0.06,0,2.34352,2.54316,0,0.474461,4.89888,4.3421e+06,2.70226e+06,1.01758e+07,0,0,0,0,60.712,61.308,3.38197,0,1,1.35489,1.15524,0,0.900167,1.69344,9.02378e+06,3.61194e+06,1.22262e+07,0,0,0,6.17808e+07
103.622,103.622,5.13448,0.07,0,2.34501,2.54419,0,0.439176,4.89888,4.3421e+06,2.70226e+06,1.01823e+07,0,0,0,0,61.3358,61.308,3.1739,0,1,1.35489,1.15571,0,1.04679,1.69344,9.02378e+06,3.61194e+06,1.22262e+07,0,0,0,6.17808e+07
103.622,103.622,5.21578,0.09,0,2.34649,2.54521,0,0.439454,4.89888,4.3421e+06,2.70226e+06,1.01887e+07,0,0,0,0,62.1032,61.308,3.54815,0,1,1.35489,1.15617,0,1.04679,1.69344,9.02378e+06,3.61194e+06,1.22262e+07,0,0,0,6.17808e+07
103.622,103.622,5.25726,0.09,0,2.34798,2.54623,0,0.439733,4.89888,4.3421e+06,2.70226e+06,1.01952e+07,0,0,0,0,62.3362,61.308,2.8492,0,1,1.35489,1.15664,0,1.04679,1.69344,9.02378e+06,3.61194e+06,1.22262e+07,0,0,0,6.17808e+07
103.622,103.622,7.07126,0.1,0,2.44254,2.64032,0,0.440011,4.89888,4.3421e+06,2.70226e+06,1.06057e+07,0,0,0,0,62.3362,61.308,4.5163,0,1,1.40143,1.20364,0,1.04679,1.69344,9.02378e+06,3.61194e+06,1.26462e+07,0,0,0,6.17808e+07
103.622,103.622,6.76066,0.1,0,2.4906,2.64138,0,0.457731,4.89888,4.3421e+06,2.70226e+06,1.08144e+07,0,0,0,0,62.3362,61.308,5.04179,0,1,1.35491,1.20412,0,1.08274,1.69344,9.02378e+06,3.61194e+06,1.22264e+07,0,0,0,6.17808e+07
103.622,103.622,5.10382,0.11,0,2.49214,2.64244,0,0.466738,4.89888,4.3421e+06,2.70226e+06,1.08211e+07,0,0,0,0,62.3362,61.308,3.75832,0,1,1.35491,1.20461,0,1.0468,1.69344,9.02378e+06,3.61194e+06,1.22264e+07,0,0,0,6.17808e+07
103.622,103.622,4.54791,0.12,0,2.49368,2.6435,0,0.467027,4.89888,4.3421e+06,2.70226e+06,1.08278e+07,0,0,0,0,62.3362,61.308,3.18631,0,1,1.35491,1.20509,0,1.0468,1.69344,9.02378e+06,3.61194e+06,1.22264e+07,0,0,0,6.17808e+07
103.622,103.622,3.94544,0.12,0,2.45878,2.60811,0,0.467316,4.89888,4.3421e+06,2.70226e+06,1.06763e+07,0,0,0,0,62.3362,61.308,3.03038,0,1,1.3368,1.18747,0,1.0468,1.69344,9.02378e+06,3.61194e+06,1.2063e+07,0,0,0,6.17808e+07
103.622,103.622,3.44576,0.12,0,2.4422,2.60916,0,0.460775,4.89888,4.3421e+06,2.70226e+06,1.06043e+07,0,0,0,0,62.3362,61.308,2.52138,0,1,1.3549,1.18794,0,1.03281,1.69344,9.02378e+06,3.61194e+06,1.22263e+07,0,0,0,6.17808e+07
103.622,103.622,3.07442,0.12,0,2.44373,2.61021,0,0.457669,4.89888,4.3421e+06,2.70226e+06,1.06109e+07,0,0,0,0,62.3362,61.308,2.21625,0,1,1.3549,1.18842,0,1.0468,1.69344,9.02378e+06,3.61194e+06,1.22263e+07,0,0,0,6.17808e+07
103.622,103.622,2.84303,0.11,0,2.44525,2.61125,0,0.457954,4.89888,4.3421e+06,2.70226e+06,1.06175e+07,0,0,0,0,62.3362,61.308,2.09128,0,1,1.3549,1.1889,0,1.0468,1.69344,9.02378e+06,3.61194e+06,1.22263e+07,0,0,0,6.17808e+07
103.622,103.622,2.73606,0.11,0,2.57069,2.73622,0,0.45824,4.89888,4.3421e+06,2.70226e+06,1.11622e+07,0,0,0,0,62.3362,61.308,2.32178,0,1,1.4192,1.25368,0,1.0468,1.69344,9.02378e+06,3.61194e+06,1.28066e+07,0,0,0,6.17808e+07
103.605,103.622,2.67576,0.1,0,2.63657,2.73732,0,0.481748,4.89888,4.3421e+06,2.70226e+06,1.14483e+07,0,0,0,0,62.3362,61.308,2.21249,0,1,1.35493,1.25418,0,1.09648,1.69344,9.02378e+06,3.61194e+06,1.22266e+07,0,0,0,6.17808e+07
103.514,103.622,2.5806,0.1,0,2.63817,2.73841,0,0.494093,4.89888,4.3421e+06,2.70226e+06,1.14552e+07,0,0,0,0,62.3296,61.308,1.98283,0,1,1.35493,1.25468,0,1.04682,1.69344,9.02378e+06,3.61194e+06,1.22266e+07,0,0,0,6.17808e+07
103.198,103.622,2.30718,0.09,0,2.63977,2.73951,0,0.494393,4.89888,4.3421e+06,2.70226e+06,1.14622e+07,0,0,0,0,62.2357,61.308,1.89459,0,1,1.35493,1.25519,0,1.04682,1.69344,9.02378e+06,3.61194e+06,1.22266e+07,0,0,0,6.17808e+07
102.794,103.622,2.19074,0.07,0,2.64137,2.74061,0,0.494693,4.89888,4.3421e+06,2.70226e+06,1.14691e+07,0,0,0,0,62.0533,61.308,1.79183,0,1,1.35493,1.25569,0,1.04682,1.69344,9.02378e+06,3.61194e+06,1.22266e+07,0,0,0,6.17808e+07
102.511,103.622,2.30212,0.06,0,2.61841,2.71715,0,0.494993,4.89888,4.3421e+06,2.70226e+06,1.13694e+07,0,0,0,0,61.9925,61.308,1.83699,0,1,1.39034,1.2916,0,1.04682,1.69344,9.02378e+06,3.61194e+06,1.25461e+07,0,0,0,6.17808e+07
102.195,103.622,2.29696,0.05,0,2.65542,2.71824,0,0.490691,4.89888,4.3421e+06,2.70226e+06,1.15301e+07,0,0,0,0,61.8694,61.308,1.85451,0,1,1.35494,1.29212,0,1.07418,1.69344,9.02378e+06,3.61194e+06,1.22267e+07,0,0,0,6.17808e+07
101.689,103.622,2.06402,0.04,0,2.65702,2.71933,0,0.497625,4.89888,4.3421e+06,2.70226e+06,1.15371e+07,0,0,0,0,61.7294,61.308,1.71364,0,1,1.35494,1.29264,0,1.04683,1.69344,9.02378e+06,3.61194e+06,1.22267e+07,0,0,0,6.17808e+07
101.07,103.622,1.93787,0.04,0,2.65863,2.72041,0,0.497926,4.89888,4.3421e+06,2.70226e+06,1.15441e+07,0,0,0,0,61.547,61.308,1.73686,0,1,1.35494,1.29316,0,1.04683,1.69344,9.02378e+06,3.61194e+06,1.22267e+07,0,0,0,6.17808e+07
100.35,103.622,1.8798,0.04,0,2.72375,2.78502,0,0.498227,4.89888,4.3421e+06,2.70226e+06,1.18268e+07,0,0,0,0,61.1552,61.308,1.66887,0,1,1.38655,1.32529,0,1.04683,1.69344,9.02378e+06,3.61194e+06,1.2512e+07,0,0,0,6.17808e+07
99.5429,103.622,1.79583,0.04,0,2.75699,2.78613,0,0.510431,4.89888,4.3421e+06,2.70226e+06,1.19712e+07,0,0,0,0,60.6752,61.308,1.43532,0,1,1.35495,1.32582,0,1.07125,1.69344,9.02378e+06,3.61194e+06,1.22268e+07,0,0,0,6.17808e+07
98.5779,103.622,1.63157,0.04,0,2.75864,2.78725,0,0.516661,4.89888,4.3421e+06,2.70226e+06,1.19783e+07,0,0,0,0,60.0769,61.308,1.37714,0,1,1.35495,1.32635,0,1.04684,1.69344,9.02378e+06,3.61194e+06,1.22268e+07,0,0,0,6.17808e+07
97.4873,103.622,1.48953,0.04,0,2.76029,2.78836,0,0.516969,4.89888,4.3421e+06,2.70226e+06,1.19854e+07,0,0,0,0,59.454,61.308,1.26774,0,1,1.35495,1.32688,0,1.04684,1.69344,9.02378e+06,3.61194e+06,1.22268e+07,0,0,0,6.17808e+07
96.0838,103.622,1.3106,0.04,0,2.94823,2.97577,0,0.517277,4.89888,4.3421e+06,2.70226e+06,1.28015e+07,0,0,0,0,58.7925,61.308,1.25633,0,1,1.46924,1.44169,0,1.04684,1.69344,9.02378e+06,3.61194e+06,1.32581e+07,0,0,0,6.17808e+07
94.4927,103.622,1.1609,0.06,0,2.97696,2.97696,0,0.552498,4.89888,4.3421e+06,2.70226e+06,1.29263e+07,0,0,0,0,58.1753,61.308,1.32434,0,1,1.44227,1.44227,0,1.13513,1.69344,9.02378e+06,3.61194e+06,1.30147e+07,0,0,0,6.17808e+07
92.9762,103.622,1.232,0.06,0,2.97816,2.97816,0,0.557883,4.89888,4.3421e+06,2.70226e+06,1.29315e+07,0,0,0,0,57.7485,61.308,1.32696,0,1,1.44285,1.44285,0,1.1143,1.69344,9.02378e+06,3.61194e+06,1.30199e+07,0,0,0,6.17808e+07
91.984,103.622,1.7969,0.07,0,2.97935,2.97935,0,0.558106,4.89888,4.3421e+06,2.70226e+06,1.29366e+07,0,0,0,0,57.4468,61.308,1.58675,0,1,1.44342,1.44342,0,1.11474,1.69344,9.02378e+06,3.61194e+06,1.30251e+07,0,0,0,6.17808e+07
91.6252,103.622,2.48212,0.07,0,2.98054,2.98054,0,0.558329,4.89888,4.3421e+06,2.70226e+06,1.29418e+07,0,0,0,0,57.2798,61.308,1.76053,0,1,1.444,1.444,0,1.11519,1.69344,9.02378e+06,3.61194e+06,1.30303e+07,0,0,0,6.17808e+07
90.5596,103.622,1.62879,0.07,0,2.89075,2.89075,0,0.558553,4.89888,4.3421e+06,2.70226e+06,1.25519e+07,0,0,0,0,57.0568,61.308,1.74733,0,1,1.37507,1.37507,0,1.11563,1.69344,9.02378e+06,3.61194e+06,1.24083e+07,0,0,0,6.17808e+07
89.3509,103.622,1.43613,0.08,0,2.89191,2.89191,0,0.541727,4.89888,4.3421e+06,2.70226e+06,1.2557e+07,0,0,0,0,56.7811,61.308,1.63309,0,1,1.37562,1.37562,0,1.06238,1.69344,9.02378e+06,3.61194e+06,1.24133e+07,0,0,0,6.17808e+07
88.332,103.622,1.65914,0.11,0,2.89306,2.89306,0,0.541943,4.89888,4.3421e+06,2.70226e+06,1.2562e+07,0,0,0,0,56.5396,61.308,1.67139,0,1,1.37617,1.37617,0,1.0628,1.69344,9.02378e+06,3.61194e+06,1.24183e+07,0,0,0,6.17808e+07
89.8799,103.622,4.68905,0.11,0,2.89422,2.89422,0,0.54216,4.89888,4.3421e+06,2.70226e+06,1.2567e+07,0,0,0,0,56.8336,61.308,2.9975,0,1,1.37672,1.37672,0,1.06323,1.69344,9.02378e+06,3.61194e+06,1.24232e+07,0,0,0,6.17808e+07
90.0943,103.622,3.05892,0.08,0,2.82058,2.82058,0,0.542376,4.89888,4.3421e+06,2.70226e+06,1.22473e+07,0,0,0,0,56.8966,61.308,2.3366,0,1,1.3139,1.3139,0,1.06365,1.69344,9.02378e+06,3.61194e+06,1.18564e+07,0,0,0,6.17808e+07
91.5011,103.622,4.30576,0.08,0,2.78118,2.82171,0,0.528577,4.89888,4.3421e+06,2.70226e+06,1.20762e+07,0,0,0,0,57.0989,61.308,2.59974,0,1,1.35495,1.31443,0,1.01512,1.69344,9.02378e+06,3.61194e+06,1.22268e+07,0,0,0,6.17808e+07
93.9575,103.622,5.75188,0.09,0,2.78283,2.82283,0,0.521194,4.89888,4.3421e+06,2.70226e+06,1.20834e+07,0,0,0,0,57.5966,61.308,4.10998,0,1,1.35495,1.31495,0,1.04683,1.69344,9.02378e+06,3.61194e+06,1.22268e+07,0,0,0,6.17808e+07
97.3626,103.622,6.5673,0.08,0,2.78449,2.82396,0,0.521503,4.89888,4.3421e+06,2.70226e+06,1.20905e+07,0,0,0,0,58.0786,61.308,3.77415,0,1,1.35495,1.31548,0,1.04683,1.69344,9.02378e+06,3.61194e+06,1.22268e+07,0,0,0,6.17808e+07
101.696,103.622,7.23507,0.03,0,2.57338,2.61232,0,0.521813,4.89888,4.3421e+06,2.70226e+06,1.11739e+07,0,0,0,0,58.6641,61.308,3.44538,0,1,1.22276,1.18381,0,1.04683,1.69344,9.02378e+06,3.61194e+06,1.10339e+07,0,0,0,6.17808e+07
103.622,103.622,15.8988,0.03,0,2.44276,2.61337,0,0.482251,4.89888,4.3421e+06,2.70226e+06,1.06067e+07,0,0,0,0,62.1752,61.308,12.2953,0,1,1.3549,1.18429,0,0.944705,1.69344,9.02378e+06,3.61194e+06,1.22263e+07,0,0,0,6.17808e+07
103.622,103.622,12.1182,0.03,0,2.44427,2.61441,0,0.457773,4.89888,4.3421e+06,2.70226e+06,1.06133e+07,0,0,0,0,62.3362,61.308,8.48832,0,1,1.3549,1.18476,0,1.04679,1.69344,9.02378e+06,3.61194e+06,1.22263e+07,0,0,0,6.17808e+07
103.622,103.622,14.1596,0.04,0,2.44579,2.61545,0,0.458056,4.89888,4.3421e+06,2.70226e+06,1.06199e+07,0,0,0,0,62.3362,61.308,9.5938,0,1,1.3549,1.18523,0,1.04679,1.69344,9.02378e+06,3.61194e+06,1.22263e+07,0,0,0,6.17808e+07
103.622,103.622,12.4935,0.03,0,2.4473,2.6165,0,0.45834,4.89888,4.3421e+06,2.70226e+06,1.06264e+07,0,0,0,0,62.3362,61.308,8.14804,0,1,1.3549,1.1857,0,1.04679,1.69344,9.02378e+06,3.61194e+06,1.22263e+07,0,0,0,6.17808e+07
103.622,103.622,11.3443,0.06,0,2.53079,2.69951,0,0.458625,4.89888,4.3421e+06,2.70226e+06,1.0989e+07,0,0,0,0,62.3362,61.308,10.4272,0,1,1.39324,1.22452,0,1.04679,1.69344,9.02378e+06,3.61194e+06,1.25723e+07,0,0,0,6.17808e+07
103.622,103.622,10.6642,0.08,0,2.57064,2.70055,0,0.47427,4.89888,4.3421e+06,2.70226e+06,1.1162e+07,0,0,0,0,62.3362,61.308,11.8851,0,1,1.35489,1.22499,0,1.07642,1.69344,9.02378e+06,3.61194e+06,1.22263e+07,0,0,0,6.17808e+07
103.622,103.622,7.05341,0.1,0,2.57215,2.70159,0,0.481739,4.89888,4.3421e+06,2.70226e+06,1.11686e+07,0,0,0,0,62.3362,61.308,6.49547,0,1,1.35489,1.22546,0,1.04679,1.69344,9.02378e+06,3.61194e+06,1.22263e+07,0,0,0,6.17808e+07
103.622,103.622,6.37919,0.11,0,2.57366,2.70263,0,0.482021,4.89888,4.3421e+06,2.70226e+06,1.11751e+07,0,0,0,0,62.3362,61.308,5.22844,0,1,1.35489,1.22593,0,1.04679,1.69344,9.02378e+06,3.61194e+06,1.22263e+07,0,0,0,6.17808e+07
103.622,103.622,6.17582,0.13,0,2.83888,2.96737,0,0.482304,4.89888,4.3421e+06,2.70226e+06,1.23267e+07,0,0,0,0,62.3362,61.308,6.3159,0,1,1.49909,1.3706,0,1.04679,1.69344,9.02378e+06,3.61194e+06,1.35275e+07,0,0,0,6.17808e+07
103.622,103.622,7.70568,0.14,0,2.96851,2.96851,0,0.532006,4.89888,4.3421e+06,2.70226e+06,1.28896e+07,0,0,0,0,62.3362,61.308,11.6004,0,1,1.37113,1.37113,0,1.1582,1.69344,9.02378e+06,3.61194e+06,1.23727e+07,0,0,0,6.17808e+07
103.622,103.622,4.87132,0.15,0,2.96965,2.96965,0,0.556299,4.89888,4.3421e+06,2.70226e+06,1.28945e+07,0,0,0,0,62.3362,61.308,7.08368,0,1,1.37165,1.37165,0,1.05933,1.69344,9.02378e+06,3.61194e+06,1.23775e+07,0,0,0,6.17808e+07
103.622,103.622,3.90914,0.14,0,2.97079,2.97079,0,0.556513,4.89888,4.3421e+06,2.70226e+06,1.28995e+07,0,0,0,0,62.3362,61.308,5.09065,0,1,1.37218,1.37218,0,1.05974,1.69344,9.02378e+06,3.61194e+06,1.23822e+07,0,0,0,6.17808e+07
103.622,103.622,3.48495,0.14,0,2.59522,2.59522,0,0.556727,4.89888,4.3421e+06,2.70226e+06,1.12687e+07,0,0,0,0,62.3362,61.308,5.17658,0,1,1.17889,1.17889,0,1.06015,1.69344,9.02378e+06,3.61194e+06,1.06381e+07,0,0,0,6.17808e+07
103.622,103.622,6.52187,0.14,0,2.42069,2.59622,0,0.486345,4.89888,4.3421e+06,2.70226e+06,1.05109e+07,0,0,0,0,62.3362,61.308,9.04969,0,1,1.35488,1.17935,0,0.910813,1.69344,9.02378e+06,3.61194e+06,1.22261e+07,0,0,0,6.17808e+07
103.622,103.622,5.76743,0.14,0,2.42214,2.59722,0,0.453637,4.89888,4.3421e+06,2.70226e+06,1.05172e+07,0,0,0,0,62.3362,61.308,8.69118,0,1,1.35488,1.1798,0,1.04678,1.69344,9.02378e+06,3.61194e+06,1.22261e+07,0,0,0,6.17808e+07
103.622,103.622,7.42314,0.14,0,2.42359,2.59821,0,0.453909,4.89888,4.3421e+06,2.70226e+06,1.05235e+07,0,0,0,0,62.3362,61.308,9.65918,0,1,1.35488,1.18025,0,1.04678,1.69344,9.02378e+06,3.61194e+06,1.22261e+07,0,0,0,6.17808e+07
103.622,103.622,7.09229,0.14,0,2.42504,2.59921,0,0.45418,4.89888,4.3421e+06,2.70226e+06,1.05298e+07,0,0,0,0,62.3362,61.308,9.40519,0,1,1.35488,1.1807,0,1.04678,1.69344,9.02378e+06,3.61194e+06,1.22261e+07,0,0,0,6.17808e+07
103.622,103.622,6.8733,0.14,0,2.52149,2.69521,0,0.454452,4.89888,4.3421e+06,2.70226e+06,1.09486e+07,0,0,0,0,62.3362,61.308,8.49117,0,1,1.40238,1.22866,0,1.04678,1.69344,9.02378e+06,3.61194e+06,1.26548e+07,0,0,0,6.17808e+07
103.622,103.622,4.3127,0.14,0,2.57049,2.69625,0,0.472528,4.89888,4.3421e+06,2.70226e+06,1.11613e+07,0,0,0,0,62.3362,61.308,6.01547,0,1,1.3549,1.22913,0,1.08348,1.69344,9.02378e+06,3.61194e+06,1.22263e+07,0,0,0,6.17808e+07
103.622,103.622,5.98217,0.14,0,2.57199,2.69728,0,0.481709,4.89888,4.3421e+06,2.70226e+06,1.11679e+07,0,0,0,0,62.3362,61.308,9.03911,0,1,1.3549,1.2296,0,1.04679,1.69344,9.02378e+06,3.61194e+06,1.22263e+07,0,0,0,6.17808e+07
103.622,103.622,6.06302,0.14,0,2.5735,2.69832,0,0.481991,4.89888,4.3421e+06,2.70226e+06,1.11744e+07,0,0,0,0,62.3362,61.308,10.5059,0,1,1.3549,1.23008,0,1.04679,1.69344,9.02378e+06,3.61194e+06,1.22263e+07,0,0,0,6.17808e+07
103.622,103.622,4.42642,0.13,0,2.5378,2.66215,0,0.482273,4.89888,4.3421e+06,2.70226e+06,1.10194e+07,0,0,0,0,62.3362,61.308,7.01285,0,1,1.33642,1.21207,0,1.04679,1.69344,9.02378e+06,3.61194e+06,1.20595e+07,0,0,0,6.17808e+07
103.622,103.622,3.84607,0.13,0,2.52081,2.66317,0,0.475584,4.89888,4.3421e+06,2.70226e+06,1.09456e+07,0,0,0,0,62.3362,61.308,6.87501,0,1,1.35489,1.21253,0,1.03252,1.69344,9.02378e+06,3.61194e+06,1.22262e+07,0,0,0,6.17808e+07
103.622,103.622,3.49328,0.13,0,2.5223,2.66419,0,0.4724,4.89888,4.3421e+06,2.70226e+06,1.09521e+07,0,0,0,0,62.3362,61.308,5.75243,0,1,1.35489,1.213,0,1.04679,1.69344,9.02378e+06,3.61194e+06,1.22262e+07,0,0,0,6.17808e+07
103.622,103.622,4.21002,0.12,0,2.52378,2.66521,0,0.472679,4.89888,4.3421e+06,2.70226e+06,1.09585e+07,0,0,0,0,62.3362,61.308,5.83015,0,1,1.35489,1.21346,0,1.04679,1.69344,9.02378e+06,3.61194e+06,1.22262e+07,0,0,0,6.17808e+07
103.622,103.622,3.21811,0.11,0,2.65175,2.79271,0,0.472957,4.89888,4.3421e+06,2.70226e+06,1.15142e+07,0,0,0,0,62.3362,61.308,5.66365,0,1,1.42052,1.27956,0,1.04679,1.69344,9.02378e+06,3.61194e+06,1.28185e+07,0,0,0,6.17808e+07
103.622,103.622,3.29392,0.11,0,2.71891,2.79378,0,0.496938,4.89888,4.3421e+06,2.70226e+06,1.18058e+07,0,0,0,0,62.3362,61.308,5.35913,0,1,1.35491,1.28005,0,1.09749,1.69344,9.02378e+06,3.61194e+06,1.22264e+07,0,0,0,6.17808e+07
103.622,103.622,3.10293,0.11,0,2.72047,2.79485,0,0.509524,4.89888,4.3421e+06,2.70226e+06,1.18126e+07,0,0,0,0,62.3362,61.308,4.80886,0,1,1.35491,1.28054,0,1.04681,1.69344,9.02378e+06,3.61194e+06,1.22264e+07,0,0,0,6.17808e+07
103.622,103.622,2.97255,0.1,0,2.72204,2.79592,0,0.509817,4.89888,4.3421e+06,2.70226e+06,1.18194e+07,0,0,0,0,62.3362,61.308,4.80143,0,1,1.35491,1.28103,0,1.04681,1.69344,9.02378e+06,3.61194e+06,1.22264e+07,0,0,0,6.17808e+07
103.498,103.622,2.81888,0.1,0,2.7236,2.79699,0,0.510109,4.89888,4.3421e+06,2.70226e+06,1.18261e+07,0,0,0,0,62.3362,61.308,5.02563,0,1,1.35491,1.28152,0,1.04681,1.69344,9.02378e+06,3.61194e+06,1.22264e+07,0,0,0,6.17808e+07
103.622,103.622,3.19188,0.08,0,2.7001,2.773,0,0.510402,4.89888,4.3421e+06,2.70226e+06,1.17241e+07,0,0,0,0,62.3362,61.308,4.64327,0,1,1.39106,1.31815,0,1.04681,1.69344,9.02378e+06,3.61194e+06,1.25526e+07,0,0,0,6.17808e+07
103.622,103.622,3.39355,0.06,0,2.73779,2.77406,0,0.505998,4.89888,4.3421e+06,2.70226e+06,1.18878e+07,0,0,0,0,62.3362,61.308,4.64479,0,1,1.35493,1.31866,0,1.07473,1.69344,9.02378e+06,3.61194e+06,1.22266e+07,0,0,0,6.17808e+07
103.622,103.622,3.11746,0.05,0,2.73936,2.77512,0,0.513062,4.89888,4.3421e+06,2.70226e+06,1.18946e+07,0,0,0,0,62.3362,61.308,4.07026,0,1,1.35493,1.31916,0,1.04682,1.69344,9.02378e+06,3.61194e+06,1.22266e+07,0,0,0,6.17808e+07
103.622,103.622,2.87131,0.04,0,2.74092,2.77619,0,0.513355,4.89888,4.3421e+06,2.70226e+06,1.19014e+07,0,0,0,0,62.3362,61.308,4.0109,0,1,1.35493,1.31967,0,1.04682,1.69344,9.02378e+06,3.61194e+06,1.22266e+07,0,0,0,6.17808e+07
103.458,103.622,2.69728,0.04,0,2.80731,2.84206,0,0.513649,4.89888,4.3421e+06,2.70226e+06,1.21896e+07,0,0,0,0,62.3362,61.308,3.88418,0,1,1.38719,1.35243,0,1.04682,1.69344,9.02378e+06,3.61194e+06,1.25177e+07,0,0,0,6.17808e+07
103.054,103.622,2.49415,0.04,0,2.84116,2.84315,0,0.526089,4.89888,4.3421e+06,2.70226e+06,1.23366e+07,0,0,0,0,62.3362,61.308,3.52172,0,1,1.35494,1.35295,0,1.07174,1.69344,9.02378e+06,3.61194e+06,1.22267e+07,0,0,0,6.17808e+07
102.573,103.622,2.34724,0.04,0,2.84276,2.84424,0,0.532433,4.89888,4.3421e+06,2.70226e+06,1.23436e+07,0,0,0,0,62.3362,61.308,3.50331,0,1,1.35494,1.35347,0,1.04683,1.69344,9.02378e+06,3.61194e+06,1.22267e+07,0,0,0,6.17808e+07
102.264,103.622,2.52972,0.04,0,2.84437,2.84533,0,0.532734,4.89888,4.3421e+06,2.70226e+06,1.23505e+07,0,0,0,0,62.3362,61.308,3.80404,0,1,1.35494,1.35398,0,1.04683,1.69344,9.02378e+06,3.61194e+06,1.22267e+07,0,0,0,6.17808e+07
101.674,103.622,2.44136,0.04,0,3.03607,3.03651,0,0.533034,4.89888,4.3421e+06,2.70226e+06,1.31829e+07,0,0,0,0,62.3362,61.308,3.31105,0,1,1.47156,1.47112,0,1.04683,1.69344,9.02378e+06,3.61194e+06,1.3279e+07,0,0,0,6.17808e+07
101.421,103.622,2.80446,0.04,0,3.03767,3.03767,0,0.56896,4.89888,4.3421e+06,2.70226e+06,1.31899e+07,0,0,0,0,62.3362,61.308,3.6681,0,1,1.47168,1.47168,0,1.13693,1.69344,9.02378e+06,3.61194e+06,1.32801e+07,0,0,0,6.17808e+07
101.614,103.622,3.28326,0.04,0,3.03884,3.03884,0,0.56926,4.89888,4.3421e+06,2.70226e+06,1.31949e+07,0,0,0,0,62.3362,61.308,4.46176,0,1,1.47224,1.47224,0,1.13702,1.69344,9.02378e+06,3.61194e+06,1.32852e+07,0,0,0,6.17808e+07
101.239,103.622,2.69698,0.06,0,3.04,3.04,0,0.569478,4.89888,4.3421e+06,2.70226e+06,1.32e+07,0,0,0,0,62.3362,61.308,3.56163,0,1,1.47281,1.47281,0,1.13746,1.69344,9.02378e+06,3.61194e+06,1.32903e+07,0,0,0,6.17808e+07
101.288,103.622,3.17524,0.06,0,3.04116,3.04116,0,0.569695,4.89888,4.3421e+06,2.70226e+06,1.3205e+07,0,0,0,0,62.3362,61.308,5.37697,0,1,1.47337,1.47337,0,1.13789,1.69344,9.02378e+06,3.61194e+06,1.32954e+07,0,0,0,6.17808e+07
101.395,103.622,3.21099,0.06,0,2.9495,2.9495,0,0.569913,4.89888,4.3421e+06,2.70226e+06,1.2807e+07,0,0,0,0,62.3362,61.308,4.25631,0,1,1.40301,1.40301,0,1.13832,1.69344,9.02378e+06,3.61194e+06,1.26605e+07,0,0,0,6.17808e+07
102.45,103.622,4.22804,0.06,0,2.95062,2.95062,0,0.552735,4.89888,4.3421e+06,2.70226e+06,1.28119e+07,0,0,0,0,62.3362,61.308,4.44549,0,1,1.40355,1.40355,0,1.08397,1.69344,9.02378e+06,3.61194e+06,1.26653e+07,0,0,0,6.17808e+07
102.906,103.622,3.66135,0.06,0,2.95175,2.95175,0,0.552947,4.89888,4.3421e+06,2.70226e+06,1.28168e+07,0,0,0,0,62.3362,61.308,7.31264,0,1,1.40409,1.40409,0,1.08438,1.69344,9.02378e+06,3.61194e+06,1.26702e+07,0,0,0,6.17808e+07
102.907,103.622,3.1159,0.07,0,2.95288,2.95288,0,0.553158,4.89888,4.3421e+06,2.70226e+06,1.28217e+07,0,0,0,0,62.3362,61.308,4.06675,0,1,1.40462,1.40462,0,1.0848,1.69344,9.02378e+06,3.61194e+06,1.2675e+07,0,0,0,6.17808e+07
103.067,103.622,3.22741,0.07,0,2.87769,2.87769,0,0.553369,4.89888,4.3421e+06,2.70226e+06,1.24953e+07,0,0,0,0,62.3362,61.308,3.93563,0,1,1.34051,1.34051,0,1.08521,1.69344,9.02378e+06,3.61194e+06,1.20964e+07,0,0,0,6.17808e+07
103.622,103.622,5.1363,0.07,0,2.86488,2.87879,0,0.53928,4.89888,4.3421e+06,2.70226e+06,1.24396e+07,0,0,0,0,62.3362,61.308,9.11072,0,1,1.35494,1.34102,0,1.03568,1.69344,9.02378e+06,3.61194e+06,1.22266e+07,0,0,0,6.17808e+07
103.622,103.622,7.36465,0.07,0,2.86649,2.87989,0,0.536878,4.89888,4.3421e+06,2.70226e+06,1.24466e+07,0,0,0,0,62.3362,61.308,10.9334,0,1,1.35494,1.34153,0,1.04682,1.69344,9.02378e+06,3.61194e+06,1.22266e+07,0,0,0,6.17808e+07
103.622,103.622,5.5535,0.07,0,2.8681,2.88099,0,0.53718,4.89888,4.3421e+06,2.70226e+06,1.24536e+07,0,0,0,0,62.3362,61.308,7.42545,0,1,1.35494,1.34204,0,1.04682,1.69344,9.02378e+06,3.61194e+06,1.22266e+07,0,0,0,6.17808e+07
103.622,103.622,9.49434,0.07,0,2.65266,2.66504,0,0.537482,4.89888,4.3421e+06,2.70226e+06,1.15181e+07,0,0,0,0,62.3362,61.308,11.2003,0,1,1.22008,1.2077,0,1.04682,1.69344,9.02378e+06,3.61194e+06,1.10097e+07,0,0,0,6.17808e+07
103.622,103.622,10.7116,0.08,0,2.51933,2.66605,0,0.497108,4.89888,4.3421e+06,2.70226e+06,1.09392e+07,0,0,0,0,62.3362,61.308,14.276,0,1,1.35488,1.20816,0,0.942634,1.69344,9.02378e+06,3.61194e+06,1.22262e+07,0,0,0,6.17808e+07
103.622,103.622,8.19096,0.13,0,2.52081,2.66707,0,0.472122,4.89888,4.3421e+06,2.70226e+06,1.09456e+07,0,0,0,0,62.3362,61.308,8.72402,0,1,1.35488,1.20862,0,1.04678,1.69344,9.02378e+06,3.61194e+06,1.22262e+07,0,0,0,6.17808e+07
103.622,103.622,9.24276,0.15,0,2.52228,2.66809,0,0.472399,4.89888,4.3421e+06,2.70226e+06,1.0952e+07,0,0,0,0,62.3362,61.308,9.31145,0,1,1.35488,1.20908,0,1.04678,1.69344,9.02378e+06,3.61194e+06,1.22262e+07,0,0,0,6.17808e+07
103.622,103.622,8.04433,0.17,0,2.52376,2.6691,0,0.472676,4.89888,4.3421e+06,2.70226e+06,1.09584e+07,0,0,0,0,62.3362,61.308,8.16274,0,1,1.35488,1.20954,0,1.04678,1.69344,9.02378e+06,3.61194e+06,1.22262e+07,0,0,0,6.17808e+07
103.622,103.622,7.63326,0.17,0,2.60886,2.75374,0,0.472953,4.89888,4.3421e+06,2.70226e+06,1.1328e+07,0,0,0,0,62.3362,61.308,8.46799,0,1,1.394,1.24912,0,1.04678,1.69344,9.02378e+06,3.61194e+06,1.25791e+07,0,0,0,6.17808e+07
103.622,103.622,8.87798,0.18,0,2.64945,2.75475,0,0.488901,5.7456,4.3421e+06,2.70226e+06,1.15042e+07,0,0,0,0,62.3362,61.308,12.0856,0,1,1.35488,1.24958,0,1.077,1.69344,9.02378e+06,3.61194e+06,1.22262e+07,0,0,0,6.17808e+07
103.622,103.622,7.67688,0.17,0,2.65092,2.75576,0,0.496506,5.7456,4.3421e+06,2.70226e+06,1.15106e+07,0,0,0,0,62.3362,61.308,10.1964,0,1,1.35488,1.25003,0,1.04678,1.69344,9.02378e+06,3.61194e+06,1.22262e+07,0,0,0,6.17808e+07
103.622,103.622,12.9299,0.17,0,2.65239,2.75678,0,0.496782,5.7456,4.3421e+06,2.70226e+06,1.15169e+07,0,0,0,0,62.3362,61.308,13.0668,0,1,1.35488,1.25049,0,1.04678,1.69344,9.02378e+06,3.61194e+06,1.22262e+07,0,0,0,6.17808e+07
103.622,103.622,12.4824,0.17,0,2.92285,3.02678,0,0.497057,5.7456,4.3421e+06,2.70226e+06,1.26913e+07,0,0,0,0,62.3362,61.308,14.8915,0,1,1.50197,1.39804,0,1.04678,1.69344,9.02378e+06,3.61194e+06,1.35534e+07,0,0,0,6.17808e+07
103.622,103.622,10.5947,0.17,0,3.02789,3.02789,0,0.547741,5.7456,4.3421e+06,2.70226e+06,1.31474e+07,0,0,0,0,62.3362,61.308,12.4394,0,1,1.39855,1.39855,0,1.16042,1.69344,9.02378e+06,3.61194e+06,1.26202e+07,0,0,0,6.17808e+07
103.622,103.622,18.7258,0.17,0,3.029,3.029,0,0.567426,5.7456,4.3421e+06,2.70226e+06,1.31522e+07,0,0,0,0,62.3362,61.308,17.8766,0,1,1.39906,1.39906,0,1.08052,1.69344,9.02378e+06,3.61194e+06,1.26248e+07,0,0,0,6.17808e+07
103.622,103.622,7.81588,0.17,0,3.03011,3.03011,0,0.567634,5.7456,4.3421e+06,2.70226e+06,1.31571e+07,0,0,0,0,62.3362,61.308,8.90538,0,1,1.39958,1.39958,0,1.08092,1.69344,9.02378e+06,3.61194e+06,1.26295e+07,0,0,0,6.17808e+07
103.622,103.622,6.12297,0.17,0,2.64699,2.64699,0,0.567843,5.7456,4.3421e+06,2.70226e+06,1.14935e+07,0,0,0,0,62.3362,61.308,8.34933,0,1,1.20241,1.20241,0,1.08131,1.69344,9.02378e+06,3.61194e+06,1.08503e+07,0,0,0,6.17808e+07
103.622,103.622,5.94904,0.17,0,2.49595,2.64797,0,0.496047,5.7456,4.3421e+06,2.70226e+06,1.08377e+07,0,0,0,0,62.3362,61.308,6.3587,0,1,1.35486,1.20285,0,0.928982,1.69344,9.02378e+06,3.61194e+06,1.2226e+07,0,0,0,6.17808e+07
103.622,103.622,6.69271,0.17,0,2.49736,2.64894,0,0.467741,5.7456,4.3421e+06,2.70226e+06,1.08438e+07,0,0,0,0,62.3362,61.308,8.04789,0,1,1.35487,1.20329,0,1.04677,1.69344,9.02378e+06,3.61194e+06,1.2226e+07,0,0,0,6.17808e+07
103.622,103.622,7.11586,0.17,0,2.49878,2.64991,0,0.468006,5.7456,4.3421e+06,2.70226e+06,1.08499e+07,0,0,0,0,62.3362,61.308,7.44341,0,1,1.35487,1.20373,0,1.04677,1.69344,9.02378e+06,3.61194e+06,1.2226e+07,0,0,0,6.17808e+07
103.622,103.622,7.06184,0.17,0,2.50019,2.65088,0,0.468271,5.7456,4.3421e+06,2.70226e+06,1.08561e+07,0,0,0,0,62.3362,61.308,7.65484,0,1,1.35487,1.20417,0,1.04677,1.69344,9.02378e+06,3.61194e+06,1.2226e+07,0,0,0,6.17808e+07
103.622,103.622,7.14542,0.17,0,2.59849,2.74874,0,0.468535,5.7456,4.3421e+06,2.70226e+06,1.12829e+07,0,0,0,0,62.3362,61.308,9.82132,0,1,1.40331,1.25306,0,1.04677,1.69344,9.02378e+06,3.61194e+06,1.26632e+07,0,0,0,6.17808e+07
103.622,103.622,6.89217,0.17,0,2.64839,2.74975,0,0.486958,5.7456,4.3421e+06,2.70226e+06,1.14996e+07,0,0,0,0,62.3362,61.308,15.0258,0,1,1.35488,1.25352,0,1.0842,1.69344,9.02378e+06,3.61194e+06,1.22262e+07,0,0,0,6.17808e+07
103.622,103.622,7.63925,0.16,0,2.64986,2.75076,0,0.496309,5.7456,4.3421e+06,2.70226e+06,1.1506e+07,0,0,0,0,62.3362,61.308,15.7514,0,1,1.35488,1.25398,0,1.04678,1.69344,9.02378e+06,3.61194e+06,1.22262e+07,0,0,0,6.17808e+07
103.622,103.622,6.25406,0.16,0,2.65133,2.75177,0,0.496583,5.7456,4.3421e+06,2.70226e+06,1.15123e+07,0,0,0,0,62.3362,61.308,14.6175,0,1,1.35488,1.25444,0,1.04678,1.69344,9.02378e+06,3.61194e+06,1.22262e+07,0,0,0,6.17808e+07
103.622,103.622,5.41982,0.15,0,2.61485,2.71483,0,0.496858,5.7456,4.3421e+06,2.70226e+06,1.1354e+07,0,0,0,0,62.3362,61.308,11.3106,0,1,1.33604,1.23606,0,1.04678,1.69344,9.02378e+06,3.61194e+06,1.20561e+07,0,0,0,6.17808e+07
103.622,103.622,5.85012,0.13,0,2.59746,2.71583,0,0.490023,5.7456,4.3421e+06,2.70226e+06,1.12785e+07,0,0,0,0,62.3362,61.308,9.4726,0,1,1.35488,1.23651,0,1.03222,1.69344,9.02378e+06,3.61194e+06,1.22261e+07,0,0,0,6.17808e+07
103.622,103.622,4.66924,0.13,0,2.59891,2.71682,0,0.486764,5.7456,4.3421e+06,2.70226e+06,1.12847e+07,0,0,0,0,62.3362,61.308,8.11262,0,1,1.35488,1.23696,0,1.04678,1.69344,9.02378e+06,3.61194e+06,1.22261e+07,0,0,0,6.17808e+07
103.622,103.622,4.11825,0.13,0,2.60036,2.71782,0,0.487036,5.7456,4.3421e+06,2.70226e+06,1.1291e+07,0,0,0,0,62.3362,61.308,7.31063,0,1,1.35488,1.23742,0,1.04678,1.69344,9.02378e+06,3.61194e+06,1.22261e+07,0,0,0,6.17808e+07
103.622,103.622,3.7047,0.12,0,2.73078,2.84778,0,0.487307,5.7456,4.3421e+06,2.70226e+06,1.18573e+07,0,0,0,0,62.3362,61.308,6.52906,0,1,1.4218,1.30479,0,1.04678,1.69344,9.02378e+06,3.61194e+06,1.283e+07,0,0,0,6.17808e+07
103.622,103.622,3.71337,0.09,0,2.7992,2.84883,0,0.511748,5.7456,4.3421e+06,2.70226e+06,1.21544e+07,0,0,0,0,62.3362,61.308,6.7699,0,1,1.3549,1.30527,0,1.09848,1.69344,9.02378e+06,3.61194e+06,1.22263e+07,0,0,0,6.17808e+07
103.622,103.622,3.90687,0.09,0,2.80072,2.84987,0,0.52457,5.7456,4.3421e+06,2.70226e+06,1.2161e+07,0,0,0,0,62.3362,61.308,7.04137,0,1,1.3549,1.30575,0,1.0468,1.69344,9.02378e+06,3.61194e+06,1.22263e+07,0,0,0,6.17808e+07
103.622,103.622,3.42908,0.09,0,2.80224,2.85091,0,0.524855,5.7456,4.3421e+06,2.70226e+06,1.21676e+07,0,0,0,0,62.3362,61.308,5.94309,0,1,1.3549,1.30623,0,1.0468,1.69344,9.02378e+06,3.61194e+06,1.22263e+07,0,0,0,6.17808e+07
103.622,103.622,3.26261,0.08,0,2.80376,2.85196,0,0.52514,5.7456,4.3421e+06,2.70226e+06,1.21742e+07,0,0,0,0,62.3362,61.308,5.11961,0,1,1.3549,1.30671,0,1.0468,1.69344,9.02378e+06,3.61194e+06,1.22263e+07,0,0,0,6.17808e+07
103.622,103.622,3.27151,0.08,0,2.77973,2.82745,0,0.525425,5.7456,4.3421e+06,2.70226e+06,1.20699e+07,0,0,0,0,62.3362,61.308,5.21615,0,1,1.39175,1.34403,0,1.0468,1.69344,9.02378e+06,3.61194e+06,1.25589e+07,0,0,0,6.17808e+07
103.622,103.622,3.22077,0.06,0,2.81809,2.82848,0,0.520921,5.7456,4.3421e+06,2.70226e+06,1.22364e+07,0,0,0,0,62.3362,61.308,5.54374,0,1,1.35492,1.34453,0,1.07527,1.69344,9.02378e+06,3.61194e+06,1.22265e+07,0,0,0,6.17808e+07
103.622,103.622,2.96012,0.04,0,2.81962,2.82951,0,0.52811,5.7456,4.3421e+06,2.70226e+06,1.22431e+07,0,0,0,0,62.3362,61.308,5.52795,0,1,1.35492,1.34502,0,1.04681,1.69344,9.02378e+06,3.61194e+06,1.22265e+07,0,0,0,6.17808e+07
103.502,103.622,2.69168,0.03,0,2.82114,2.83055,0,0.528396,5.7456,4.3421e+06,2.70226e+06,1.22497e+07,0,0,0,0,62.3362,61.308,4.94811,0,1,1.35492,1.34551,0,1.04681,1.69344,9.02378e+06,3.61194e+06,1.22265e+07,0,0,0,6.17808e+07
103.256,103.622,2.55646,0.03,0,2.88875,2.89767,0,0.528682,5.7456,4.3421e+06,2.70226e+06,1.25433e+07,0,0,0,0,62.3362,61.308,4.86156,0,1,1.38781,1.37889,0,1.04681,1.69344,9.02378e+06,3.61194e+06,1.25233e+07,0,0,0,6.17808e+07
102.676,103.622,2.19613,0.03,0,2.89873,2.89873,0,0.541352,5.7456,4.3421e+06,2.70226e+06,1.25866e+07,0,0,0,0,62.3362,61.308,4.27911,0,1,1.3794,1.3794,0,1.07222,1.69344,9.02378e+06,3.61194e+06,1.24474e+07,0,0,0,6.17808e+07
101.941,103.622,2.00772,0.03,0,2.89979,2.89979,0,0.543221,5.7456,4.3421e+06,2.70226e+06,1.25912e+07,0,0,0,0,62.3362,61.308,3.76759,0,1,1.3799,1.3799,0,1.06572,1.69344,9.02378e+06,3.61194e+06,1.24519e+07,0,0,0,6.17808e+07
101.319,103.622,2.15922,0.04,0,2.90085,2.90085,0,0.54342,5.7456,4.3421e+06,2.70226e+06,1.25958e+07,0,0,0,0,62.3362,61.308,4.44709,0,1,1.3804,1.3804,0,1.06611,1.69344,9.02378e+06,3.61194e+06,1.24565e+07,0,0,0,6.17808e+07
100.588,103.622,2.16728,0.04,0,3.09571,3.09571,0,0.543619,5.7456,4.3421e+06,2.70226e+06,1.34419e+07,0,0,0,0,62.3362,61.308,4.48319,0,1,1.4998,1.4998,0,1.0665,1.69344,9.02378e+06,3.61194e+06,1.35339e+07,0,0,0,6.17808e+07
100.062,103.622,2.35035,0.04,0,3.09684,3.09684,0,0.580136,5.7456,4.3421e+06,2.70226e+06,1.34468e+07,0,0,0,0,62.3362,61.308,4.67605,0,1,1.50035,1.50035,0,1.15874,1.69344,9.02378e+06,3.61194e+06,1.35388e+07,0,0,0,6.17808e+07
99.4933,103.622,2.27809,0.04,0,3.09797,3.09797,0,0.580348,5.7456,4.3421e+06,2.70226e+06,1.34517e+07,0,0,0,0,62.3362,61.308,4.31628,0,1,1.50089,1.50089,0,1.15917,1.69344,9.02378e+06,3.61194e+06,1.35437e+07,0,0,0,6.17808e+07
98.5369,103.622,1.87082,0.04,0,3.09911,3.09911,0,0.58056,5.7456,4.3421e+06,2.70226e+06,1.34566e+07,0,0,0,0,62.3362,61.308,3.43987,0,1,1.50144,1.50144,0,1.15959,1.69344,9.02378e+06,3.61194e+06,1.35487e+07,0,0,0,6.17808e+07
97.8834,103.622,2.20381,0.04,0,3.10024,3.10024,0,0.580772,5.7456,4.3421e+06,2.70226e+06,1.34616e+07,0,0,0,0,62.3362,61.308,5.19941,0,1,1.50199,1.50199,0,1.16001,1.69344,9.02378e+06,3.61194e+06,1.35536e+07,0,0,0,6.17808e+07
97.2117,103.622,2.13382,0.05,0,3.00674,3.00674,0,0.580984,5.7456,4.3421e+06,2.70226e+06,1.30556e+07,0,0,0,0,62.3362,61.308,4.18562,0,1,1.43025,1.43025,0,1.16044,1.69344,9.02378e+06,3.61194e+06,1.29062e+07,0,0,0,6.17808e+07
95.9173,103.622,1.45265,0.05,0,3.00784,3.00784,0,0.563463,5.7456,4.3421e+06,2.70226e+06,1.30604e+07,0,0,0,0,62.3362,61.308,3.50025,0,1,1.43077,1.43077,0,1.10501,1.69344,9.02378e+06,3.61194e+06,1.29109e+07,0,0,0,6.17808e+07
95.8042,103.622,2.74376,0.08,0,3.00894,3.00894,0,0.563669,5.7456,4.3421e+06,2.70226e+06,1.30651e+07,0,0,0,0,62.3362,61.308,6.49484,0,1,1.43129,1.43129,0,1.10541,1.69344,9.02378e+06,3.61194e+06,1.29156e+07,0,0,0,6.17808e+07
94.4007,103.622,1.30153,0.08,0,3.01004,3.01004,0,0.563875,5.7456,4.3421e+06,2.70226e+06,1.30699e+07,0,0,0,0,62.3362,61.308,3.60755,0,1,1.43181,1.43181,0,1.10581,1.69344,9.02378e+06,3.61194e+06,1.29204e+07,0,0,0,6.17808e+07
93.2025,103.622,1.44147,0.09,0,2.93335,2.93335,0,0.564081,5.7456,4.3421e+06,2.70226e+06,1.27369e+07,0,0,0,0,62.3362,61.308,3.62754,0,1,1.36643,1.36643,0,1.10622,1.69344,9.02378e+06,3.61194e+06,1.23304e+07,0,0,0,6.17808e+07
92.1864,103.622,1.74642,0.09,0,2.93442,2.93442,0,0.54971,5.7456,4.3421e+06,2.70226e+06,1.27416e+07,0,0,0,0,62.3362,61.308,2.6657,0,1,1.36693,1.36693,0,1.05571,1.69344,9.02378e+06,3.61194e+06,1.23349e+07,0,0,0,6.17808e+07
92.3685,103.622,3.07037,0.09,0,2.93549,2.93549,0,0.54991,5.7456,4.3421e+06,2.70226e+06,1.27462e+07,0,0,0,0,62.3362,61.308,3.13926,0,1,1.36743,1.36743,0,1.05609,1.69344,9.02378e+06,3.61194e+06,1.23394e+07,0,0,0,6.17808e+07
92.0463,103.622,2.53233,0.09,0,2.93656,2.93656,0,0.550111,5.7456,4.3421e+06,2.70226e+06,1.27509e+07,0,0,0,0,62.3362,61.308,4.62147,0,1,1.36793,1.36793,0,1.05648,1.69344,9.02378e+06,3.61194e+06,1.23439e+07,0,0,0,6.17808e+07
91.6427,103.622,2.37386,0.09,0,2.71639,2.71639,0,0.550311,5.7456,4.3421e+06,2.70226e+06,1.17949e+07,0,0,0,0,62.3362,61.308,3.19805,0,1,1.23097,1.23097,0,1.05686,1.69344,9.02378e+06,3.61194e+06,1.1108e+07,0,0,0,6.17808e+07
92.5775,103.622,3.89345,0.09,0,2.59393,2.71738,0,0.509052,5.7456,4.3421e+06,2.70226e+06,1.12631e+07,0,0,0,0,62.3362,61.308,4.51119,0,1,1.35487,1.23142,0,0.95105,1.69344,9.02378e+06,3.61194e+06,1.22261e+07,0,0,0,6.17808e+07
92.1367,103.622,2.3455,0.09,0,2.59537,2.71837,0,0.486103,5.7456,4.3421e+06,2.70226e+06,1.12694e+07,0,0,0,0,62.3362,61.308,3.78068,0,1,1.35487,1.23187,0,1.04677,1.69344,9.02378e+06,3.61194e+06,1.22261e+07,0,0,0,6.17808e+07
92.3027,103.622,3.10728,0.1,0,2.59681,2.71936,0,0.486373,5.7456,4.3421e+06,2.70226e+06,1.12756e+07,0,0,0,0,62.3362,61.308,5.2521,0,1,1.35487,1.23232,0,1.04677,1.69344,9.02378e+06,3.61194e+06,1.22261e+07,0,0,0,6.17808e+07
92.0413,103.622,2.6441,0.1,0,2.59825,2.72036,0,0.486643,5.7456,4.3421e+06,2.70226e+06,1.12819e+07,0,0,0,0,62.3362,61.308,3.51947,0,1,1.35487,1.23277,0,1.04677,1.69344,9.02378e+06,3.61194e+06,1.22261e+07,0,0,0,6.17808e+07
92.1989,103.622,3.01304,0.11,0,2.5987,2.72036,0,0.486912,5.7456,4.3421e+06,2.70226e+06,1.12838e+07,0,0,0,0,62.3362,61.308,4.0438,0,1,1.35442,1.23277,0,1.04677,1.69344,9.02378e+06,3.61194e+06,1.2222e+07,0,0,0,6.17808e+07
94.0474,103.622,4.67666,0.11,0,2.68492,2.80657,0,0.486997,5.7456,4.3421e+06,2.70226e+06,1.16582e+07,0,0,0,0,62.3362,61.308,3.338,0,1,1.39474,1.27308,0,1.04643,1.69344,9.02378e+06,3.61194e+06,1.25858e+07,0,0,0,6.17808e+07
94.455,103.622,3.2462,0.12,0,2.72621,2.80756,0,0.503154,5.7456,4.3421e+06,2.70226e+06,1.18375e+07,0,0,0,0,62.3362,61.308,2.92933,0,1,1.35487,1.27353,0,1.07757,1.69344,9.02378e+06,3.61194e+06,1.2226e+07,0,0,0,6.17808e+07
94.2681,103.622,2.60489,0.13,0,2.72764,2.80854,0,0.510892,5.7456,4.3421e+06,2.70226e+06,1.18437e+07,0,0,0,0,62.3362,61.308,2.45243,0,1,1.35487,1.27397,0,1.04677,1.69344,9.02378e+06,3.61194e+06,1.22261e+07,0,0,0,6.17808e+07
94.43,103.622,2.96299,0.13,0,2.72907,2.80952,0,0.51116,5.7456,4.3421e+06,2.70226e+06,1.18499e+07,0,0,0,0,62.3362,61.308,2.82624,0,1,1.35487,1.27442,0,1.04677,1.69344,9.02378e+06,3.61194e+06,1.22261e+07,0,0,0,6.17808e+07
95.3593,103.622,4.05089,0.12,0,3.00463,3.08464,0,0.511428,5.7456,4.3421e+06,2.70226e+06,1.30464e+07,0,0,0,0,62.3362,61.308,3.02748,0,1,1.50477,1.42476,0,1.04677,1.69344,9.02378e+06,3.61194e+06,1.35787e+07,0,0,0,6.17808e+07
96.8508,103.622,4.77283,0.12,0,3.08572,3.08572,0,0.563068,5.7456,4.3421e+06,2.70226e+06,1.33985e+07,0,0,0,0,62.3362,61.308,3.16585,0,1,1.42526,1.42526,0,1.16258,1.69344,9.02378e+06,3.61194e+06,1.28613e+07,0,0,0,6.17808e+07
98.4577,103.622,4.91511,0.1,0,3.0868,3.0868,0,0.578264,5.7456,4.3421e+06,2.70226e+06,1.34032e+07,0,0,0,0,62.3362,61.308,3.06705,0,1,1.42576,1.42576,0,1.10116,1.69344,9.02378e+06,3.61194e+06,1.28658e+07,0,0,0,6.17808e+07
100.484,103.622,5.41069,0.09,0,3.08788,3.08788,0,0.578466,5.7456,4.3421e+06,2.70226e+06,1.34079e+07,0,0,0,0,62.3362,61.308,3.36236,0,1,1.42626,1.42626,0,1.10154,1.69344,9.02378e+06,3.61194e+06,1.28703e+07,0,0,0,6.17808e+07
103.622,103.622,9.22987,0.1,0,2.69742,2.69742,0,0.578669,5.7456,4.3421e+06,2.70226e+06,1.17125e+07,0,0,0,0,62.3362,61.308,6.50761,0,1,1.22531,1.22531,0,1.10193,1.69344,9.02378e+06,3.61194e+06,1.1057e+07,0,0,0,6.17808e+07
103.622,103.622,8.0976,0.12,0,2.56925,2.69836,0,0.505496,5.7456,4.3421e+06,2.70226e+06,1.1156e+07,0,0,0,0,62.3362,61.308,5.38775,0,1,1.35485,1.22574,0,0.946678,1.69344,9.02378e+06,3.61194e+06,1.22259e+07,0,0,0,6.17808e+07
103.622,103.622,8.07203,0.14,0,2.57062,2.6993,0,0.481478,5.7456,4.3421e+06,2.70226e+06,1.11619e+07,0,0,0,0,62.3362,61.308,4.24157,0,1,1.35485,1.22617,0,1.04676,1.69344,9.02378e+06,3.61194e+06,1.22259e+07,0,0,0,6.17808e+07
103.622,103.622,5.66867,0.14,0,2.572,2.70025,0,0.481735,5.7456,4.3421e+06,2.70226e+06,1.11679e+07,0,0,0,0,62.3362,61.308,2.86412,0,1,1.35485,1.2266,0,1.04676,1.69344,9.02378e+06,3.61194e+06,1.22259e+07,0,0,0,6.17808e+07
103.622,103.622,4.91058,0.15,0,2.57337,2.70119,0,0.481992,5.7456,4.3421e+06,2.70226e+06,1.11738e+07,0,0,0,0,62.3362,61.308,2.53827,0,1,1.35485,1.22703,0,1.04676,1.69344,9.02378e+06,3.61194e+06,1.22259e+07,0,0,0,6.17808e+07
103.622,103.622,4.62199,0.15,0,2.67348,2.80087,0,0.48225,5.7456,4.3421e+06,2.70226e+06,1.16085e+07,0,0,0,0,62.3362,61.308,2.2389,0,1,1.40422,1.27683,0,1.04676,1.69344,9.02378e+06,3.61194e+06,1.26714e+07,0,0,0,6.17808e+07
103.622,103.622,5.13427,0.16,0,2.72425,2.80185,0,0.501009,5.7456,4.3421e+06,2.70226e+06,1.1829e+07,0,0,0,0,62.3362,61.308,3.63061,0,1,1.35487,1.27727,0,1.0849,1.69344,9.02378e+06,3.61194e+06,1.22261e+07,0,0,0,6.17808e+07
103.622,103.622,4.57395,0.17,0,2.72568,2.80283,0,0.510525,5.7456,4.3421e+06,2.70226e+06,1.18352e+07,0,0,0,0,62.3362,61.308,4.31315,0,1,1.35487,1.27772,0,1.04677,1.69344,9.02378e+06,3.61194e+06,1.22261e+07,0,0,0,6.17808e+07
103.622,103.622,3.37915,0.17,0,2.72711,2.80381,0,0.510792,5.7456,4.3421e+06,2.70226e+06,1.18414e+07,0,0,0,0,62.2107,61.308,3.13855,0,1,1.35487,1.27817,0,1.04677,1.69344,9.02378e+06,3.61194e+06,1.22261e+07,0,0,0,6.17808e+07
103.622,103.622,3.2871,0.17,0,2.68988,2.76613,0,0.51106,5.7456,4.3421e+06,2.70226e+06,1.16797e+07,0,0,0,0,62.112,61.308,2.13248,0,1,1.33567,1.25941,0,1.04677,1.69344,9.02378e+06,3.61194e+06,1.20528e+07,0,0,0,6.17808e+07
103.622,103.622,3.26602,0.14,0,2.67209,2.7671,0,0.504083,5.7456,4.3421e+06,2.70226e+06,1.16025e+07,0,0,0,0,62.2307,61.308,1.99096,0,1,1.35486,1.25985,0,1.03194,1.69344,9.02378e+06,3.61194e+06,1.2226e+07,0,0,0,6.17808e+07
103.578,103.622,2.79801,0.13,0,2.6735,2.76807,0,0.50075,5.7456,4.3421e+06,2.70226e+06,1.16086e+07,0,0,0,0,62.235,61.308,2.11809,0,1,1.35486,1.26029,0,1.04677,1.69344,9.02378e+06,3.61194e+06,1.2226e+07,0,0,0,6.17808e+07
103.211,103.622,2.36852,0.13,0,2.6749,2.76903,0,0.501013,5.7456,4.3421e+06,2.70226e+06,1.16147e+07,0,0,0,0,62.1871,61.308,2.03302,0,1,1.35486,1.26073,0,1.04677,1.69344,9.02378e+06,3.61194e+06,1.2226e+07,0,0,0,6.17808e+07
102.62,103.622,2.19514,0.11,0,2.80771,2.9014,0,0.501277,5.7456,4.3421e+06,2.70226e+06,1.21914e+07,0,0,0,0,61.857,61.308,1.95978,0,1,1.42305,1.32936,0,1.04677,1.69344,9.02378e+06,3.61194e+06,1.28413e+07,0,0,0,6.17808e+07
101.974,103.622,2.18311,0.1,0,2.87735,2.90242,0,0.526165,5.7456,4.3421e+06,2.70226e+06,1.24938e+07,0,0,0,0,61.5318,61.308,1.70457,0,1,1.35489,1.32983,0,1.09945,1.69344,9.02378e+06,3.61194e+06,1.22262e+07,0,0,0,6.17808e+07
101.173,103.622,2.00167,0.09,0,2.87883,2.90343,0,0.539216,5.7456,4.3421e+06,2.70226e+06,1.25002e+07,0,0,0,0,61.1272,61.308,1.54328,0,1,1.35489,1.33029,0,1.04679,1.69344,9.02378e+06,3.61194e+06,1.22262e+07,0,0,0,6.17808e+07
100.298,103.622,1.8564,0.09,0,2.88031,2.90444,0,0.539493,5.7456,4.3421e+06,2.70226e+06,1.25066e+07,0,0,0,0,60.5999,61.308,1.48626,0,1,1.35489,1.33075,0,1.04679,1.69344,9.02378e+06,3.61194e+06,1.22262e+07,0,0,0,6.17808e+07
99.35,103.622,1.7612,0.08,0,2.88179,2.90546,0,0.53977,5.7456,4.3421e+06,2.70226e+06,1.2513e+07,0,0,0,0,60.0201,61.308,1.40098,0,1,1.35489,1.33122,0,1.04679,1.69344,9.02378e+06,3.61194e+06,1.22262e+07,0,0,0,6.17808e+07
98.3409,103.622,1.6422,0.07,0,2.85724,2.88044,0,0.540047,5.7456,4.3421e+06,2.70226e+06,1.24064e+07,0,0,0,0,59.4113,61.308,1.36862,0,1,1.39243,1.36923,0,1.04679,1.69344,9.02378e+06,3.61194e+06,1.2565e+07,0,0,0,6.17808e+07
97.2671,103.622,1.55739,0.05,0,2.88145,2.88145,0,0.535446,5.7456,4.3421e+06,2.70226e+06,1.25115e+07,0,0,0,0,58.7444,61.308,1.31827,0,1,1.3697,1.3697,0,1.07579,1.69344,9.02378e+06,3.61194e+06,1.23599e+07,0,0,0,6.17808e+07
96.1358,103.622,1.47681,0.04,0,2.88245,2.88245,0,0.539983,5.7456,4.3421e+06,2.70226e+06,1.25159e+07,0,0,0,0,57.996,61.308,1.24824,0,1,1.37018,1.37018,0,1.05823,1.69344,9.02378e+06,3.61194e+06,1.23642e+07,0,0,0,6.17808e+07
94.9216,103.622,1.37052,0.1,0,2.88346,2.88346,0,0.540172,5.7456,4.3421e+06,2.70226e+06,1.25203e+07,0,0,0,0,57.2419,61.308,1.16758,0,1,1.37066,1.37066,0,1.0586,1.69344,9.02378e+06,3.61194e+06,1.23685e+07,0,0,0,6.17808e+07
93.6788,103.622,1.37899,0.07,0,2.95178,2.95178,0,0.54036,5.7456,4.3421e+06,2.70226e+06,1.2817e+07,0,0,0,0,56.5562,61.308,1.28189,0,1,1.40464,1.40464,0,1.05897,1.69344,9.02378e+06,3.61194e+06,1.26752e+07,0,0,0,6.17808e+07
92.3833,103.622,1.28246,0.07,0,2.95281,2.95281,0,0.553164,5.7456,4.3421e+06,2.70226e+06,1.28214e+07,0,0,0,0,55.7327,61.308,1.2817,0,1,1.40513,1.40513,0,1.08523,1.69344,9.02378e+06,3.61194e+06,1.26796e+07,0,0,0,6.17808e+07
91.0015,103.622,1.16673,0.06,0,2.95384,2.95384,0,0.553357,5.7456,4.3421e+06,2.70226e+06,1.28259e+07,0,0,0,0,55.0785,61.308,1.11618,0,1,1.40562,1.40562,0,1.08561,1.69344,9.02378e+06,3.61194e+06,1.2684e+07,0,0,0,6.17808e+07
89.7316,103.622,1.28954,0.06,0,2.95487,2.95487,0,0.55355,5.7456,4.3421e+06,2.70226e+06,1.28304e+07,0,0,0,0,54.4106,61.308,1.37737,0,1,1.40611,1.40611,0,1.08598,1.69344,9.02378e+06,3.61194e+06,1.26885e+07,0,0,0,6.17808e+07
88.2363,103.622,1.10871,0.11,0,3.09882,3.15332,0,0.553743,5.7456,4.3421e+06,2.97144e+06,1.34554e+07,0,0,0,0,53.4299,61.308,1.25292,1,1,1.5013,1.52771,0,1.08636,1.69344,9.02378e+06,3.97174e+06,1.35474e+07,0,0,0,6.17808e+07
86.4665,103.622,0.782099,0.11,0,3.0999,3.15442,0,0.580719,5.7456,4.3421e+06,2.97144e+06,1.34601e+07,0,0,0,0,52.4196,61.308,0.974074,1,1,1.50183,1.52824,0,1.15991,1.69344,9.02378e+06,3.97174e+06,1.35522e+07,0,0,0,6.17808e+07
84.7976,103.622,0.865356,0.11,0,3.10098,3.15552,0,0.580921,5.7456,4.3421e+06,2.97144e+06,1.34648e+07,0,0,0,0,51.5645,61.308,1.00056,1,1,1.50235,1.52877,0,1.16031,1.69344,9.02378e+06,3.97174e+06,1.35569e+07,0,0,0,6.17808e+07
83.571,103.622,1.34664,0.12,0,3.10206,3.15662,0,0.581124,5.7456,4.3421e+06,2.97144e+06,1.34695e+07,0,0,0,0,51.0822,61.308,1.22015,1,1,1.50288,1.52931,0,1.16072,1.69344,9.02378e+06,3.97174e+06,1.35616e+07,0,0,0,6.17808e+07
82.6348,103.622,1.64299,0.12,0,3.10314,3.15772,0,0.581327,5.7456,4.3421e+06,2.97144e+06,1.34742e+07,0,0,0,0,50.3786,61.308,1.74484,1,1,1.5034,1.52984,0,1.16112,1.69344,9.02378e+06,3.97174e+06,1.35663e+07,0,0,0,6.17808e+07
80.997,103.622,0.830963,0.15,0,3.06244,3.06244,0,0.581529,5.7456,4.3421e+06,2.70226e+06,1.32974e+07,0,0,0,0,49.2398,61.308,0.934532,0,1,1.45674,1.45674,0,1.16153,1.69344,9.02378e+06,3.61194e+06,1.31453e+07,0,0,0,6.17808e+07
79.2509,103.622,0.687619,0.15,0,3.06351,3.06351,0,0.573901,5.7456,4.3421e+06,2.70226e+06,1.33021e+07,0,0,0,0,48.1888,61.308,0.741821,0,1,1.45725,1.45725,0,1.12548,1.69344,9.02378e+06,3.61194e+06,1.31499e+07,0,0,0,6.17808e+07
77.8458,103.622,1.10507,0.14,0,3.06457,3.06457,0,0.574101,5.7456,4.3421e+06,2.70226e+06,1.33067e+07,0,0,0,0,47.5664,61.308,1.00039,0,1,1.45775,1.45775,0,1.12587,1.69344,9.02378e+06,3.61194e+06,1.31545e+07,0,0,0,6.17808e+07
77.5928,103.622,2.48048,0.14,0,3.06564,3.06564,0,0.574301,5.7456,4.3421e+06,2.70226e+06,1.33113e+07,0,0,0,0,46.9755,61.308,1.46173,0,1,1.45826,1.45826,0,1.12626,1.69344,9.02378e+06,3.61194e+06,1.3159e+07,0,0,0,6.17808e+07
76.3983,103.622,1.24121,0.14,0,2.98749,2.98749,0,0.574501,5.7456,4.3421e+06,2.70226e+06,1.2972e+07,0,0,0,0,46.1661,61.308,0.988178,0,1,1.39165,1.39165,0,1.12665,1.69344,9.02378e+06,3.61194e+06,1.2558e+07,0,0,0,6.17808e+07
75.7701,103.622,1.89545,0.13,0,2.98853,2.98853,0,0.559855,5.7456,4.3421e+06,2.70226e+06,1.29765e+07,0,0,0,0,45.1942,61.308,0.933911,0,1,1.39214,1.39214,0,1.07519,1.69344,9.02378e+06,3.61194e+06,1.25623e+07,0,0,0,6.17808e+07
74.804,103.622,1.52725,0.16,0,2.98957,2.98957,0,0.56005,5.7456,4.3421e+06,2.70226e+06,1.2981e+07,0,0,0,0,44.9039,61.308,0.792129,0,1,1.39262,1.39262,0,1.07557,1.69344,9.02378e+06,3.61194e+06,1.25667e+07,0,0,0,6.17808e+07
75.0474,103.622,2.8904,0.14,0,2.99061,2.99061,0,0.560245,5.7456,4.3421e+06,2.70226e+06,1.29855e+07,0,0,0,0,44.9971,61.308,2.35233,0,1,1.39311,1.39311,0,1.07594,1.69344,9.02378e+06,3.61194e+06,1.25711e+07,0,0,0,6.17808e+07
78.7293,103.622,6.78833,0.15,0,2.76635,2.76635,0,0.56044,5.7456,4.3421e+06,2.70226e+06,1.20118e+07,0,0,0,0,46.3956,61.308,4.60803,0,1,1.25361,1.25361,0,1.07631,1.69344,9.02378e+06,3.61194e+06,1.13123e+07,0,0,0,6.17808e+07
81.5505,103.622,5.73325,0.14,0,2.6665,2.76731,0,0.518413,5.7456,4.3421e+06,2.70226e+06,1.15782e+07,0,0,0,0,47.7926,61.308,4.50152,0,1,1.35486,1.25405,0,0.968539,1.69344,9.02378e+06,3.61194e+06,1.2226e+07,0,0,0,6.17808e+07
85.1606,103.622,6.6218,0.16,0,2.66789,2.76827,0,0.499701,5.7456,4.3421e+06,2.70226e+06,1.15843e+07,0,0,0,0,50.0105,61.308,5.46264,0,1,1.35486,1.25448,0,1.04677,1.69344,9.02378e+06,3.61194e+06,1.2226e+07,0,0,0,6.17808e+07
89.8792,103.622,8.07257,0.16,0,2.66929,2.76924,0,0.499964,5.7456,4.3421e+06,2.70226e+06,1.15904e+07,0,0,0,0,51.7076,61.308,4.6832,0,1,1.35486,1.25492,0,1.04677,1.69344,9.02378e+06,3.61194e+06,1.2226e+07,0,0,0,6.17808e+07
99.2984,103.622,13.2722,0.11,0,2.67069,2.7702,0,0.500226,5.7456,4.3421e+06,2.70226e+06,1.15964e+07,0,0,0,0,55.6706,61.308,9.31559,0,1,1.35486,1.25536,0,1.04677,1.69344,9.02378e+06,3.61194e+06,1.2226e+07,0,0,0,6.17808e+07
102.709,103.622,6.82609,0.1,0,2.75888,2.85795,0,0.500488,5.7456,4.3421e+06,2.70226e+06,1.19793e+07,0,0,0,0,58.396,61.308,6.42724,0,1,1.39545,1.29639,0,1.04677,1.69344,9.02378e+06,3.61194e+06,1.25923e+07,0,0,0,6.17808e+07
103.622,103.622,9.24551,0.1,0,2.80086,2.8589,0,0.517014,5.7456,4.3421e+06,2.70226e+06,1.21616e+07,0,0,0,0,59.6582,61.308,3.90129,0,1,1.35486,1.29682,0,1.07813,1.69344,9.02378e+06,3.61194e+06,1.22259e+07,0,0,0,6.17808e+07
103.622,103.622,10.709,0.1,0,2.80225,2.85986,0,0.524882,5.7456,4.3421e+06,2.70226e+06,1.21677e+07,0,0,0,0,61.5164,61.308,4.76402,0,1,1.35486,1.29725,0,1.04676,1.69344,9.02378e+06,3.61194e+06,1.22259e+07,0,0,0,6.17808e+07
103.622,103.622,8.25933,0.1,0,2.80364,2.86081,0,0.525142,5.7456,4.3421e+06,2.70226e+06,1.21737e+07,0,0,0,0,62.3362,61.308,5.23266,0,1,1.35486,1.29768,0,1.04676,1.69344,9.02378e+06,3.61194e+06,1.22259e+07,0,0,0,6.17808e+07
103.622,103.622,5.18991,0.1,0,3.08416,3.1409,0,0.525402,5.7456,4.3421e+06,2.70226e+06,1.33917e+07,0,0,0,0,62.3362,61.308,3.68957,0,1,1.50749,1.45075,0,1.04676,1.69344,9.02378e+06,3.61194e+06,1.36032e+07,0,0,0,6.17808e+07
103.622,103.622,4.47182,0.1,0,3.14195,3.14195,0,0.577972,5.7456,4.3421e+06,2.70226e+06,1.36427e+07,0,0,0,0,62.2062,61.308,3.20682,0,1,1.45123,1.45123,0,1.16469,1.69344,9.02378e+06,3.61194e+06,1.30956e+07,0,0,0,6.17808e+07
103.622,103.622,4.69827,0.1,0,3.143,3.143,0,0.588801,5.7456,4.3421e+06,2.70226e+06,1.36472e+07,0,0,0,0,62.3362,61.308,2.9622,0,1,1.45172,1.45172,0,1.12122,1.69344,9.02378e+06,3.61194e+06,1.31e+07,0,0,0,6.17808e+07
103.622,103.622,4.83314,0.12,0,3.14405,3.14405,0,0.588998,5.7456,4.3421e+06,2.70226e+06,1.36518e+07,0,0,0,0,62.3362,61.308,4.2075,0,1,1.4522,1.4522,0,1.1216,1.69344,9.02378e+06,3.61194e+06,1.31044e+07,0,0,0,6.17808e+07
103.622,103.622,8.2353,0.13,0,2.74643,2.74643,0,0.589194,5.7456,4.3421e+06,2.70226e+06,1.19253e+07,0,0,0,0,62.3362,61.308,6.48073,0,1,1.24758,1.24758,0,1.12197,1.69344,9.02378e+06,3.61194e+06,1.12579e+07,0,0,0,6.17808e+07
103.622,103.622,7.43167,0.13,0,2.64051,2.74735,0,0.514682,5.7456,4.3421e+06,2.70226e+06,1.14654e+07,0,0,0,0,62.3362,61.308,6.78199,0,1,1.35484,1.248,0,0.963881,1.69344,9.02378e+06,3.61194e+06,1.22258e+07,0,0,0,6.17808e+07
103.622,103.622,6.30501,0.14,0,2.64184,2.74827,0,0.494831,5.7456,4.3421e+06,2.70226e+06,1.14711e+07,0,0,0,0,62.3362,61.308,6.16183,0,1,1.35484,1.24841,0,1.04675,1.69344,9.02378e+06,3.61194e+06,1.22258e+07,0,0,0,6.17808e+07
103.622,103.622,6.84681,0.17,0,2.64317,2.74918,0,0.495081,5.7456,4.3421e+06,2.70226e+06,1.14769e+07,0,0,0,0,62.3362,61.308,6.57603,0,1,1.35484,1.24883,0,1.04675,1.69344,9.02378e+06,3.61194e+06,1.22258e+07,0,0,0,6.17808e+07
103.622,103.622,8.37702,0.17,0,2.64451,2.7501,0,0.495331,5.7456,4.3421e+06,2.70226e+06,1.14827e+07,0,0,0,0,62.3362,61.308,6.92884,0,1,1.35484,1.24925,0,1.04675,1.69344,9.02378e+06,3.61194e+06,1.22258e+07,0,0,0,6.17808e+07
103.622,103.622,7.75612,0.19,0,2.74636,2.85153,0,0.495581,5.7456,4.3421e+06,2.70226e+06,1.1925e+07,0,0,0,0,62.3362,61.308,6.1764,0,1,1.4051,1.29992,0,1.04675,1.69344,9.02378e+06,3.61194e+06,1.26793e+07,0,0,0,6.17808e+07
103.622,103.622,8.40445,0.2,0,2.79799,2.85249,0,0.514667,5.7456,4.3421e+06,2.70226e+06,1.21491e+07,0,0,0,0,62.3362,61.308,6.60308,0,1,1.35486,1.30036,0,1.08558,1.69344,9.02378e+06,3.61194e+06,1.22259e+07,0,0,0,6.17808e+07
103.622,103.622,5.98488,0.22,0,2.79937,2.85344,0,0.524342,5.7456,4.3421e+06,2.70226e+06,1.21552e+07,0,0,0,0,62.3362,61.308,5.25827,0,1,1.35486,1.30079,0,1.04676,1.69344,9.02378e+06,3.61194e+06,1.22259e+07,0,0,0,6.17808e+07
103.622,103.622,5.32052,0.22,0,2.80075,2.85439,0,0.524602,5.7456,4.3421e+06,2.70226e+06,1.21612e+07,0,0,0,0,62.3362,61.308,5.20385,0,1,1.35486,1.30122,0,1.04676,1.69344,9.02378e+06,3.61194e+06,1.22259e+07,0,0,0,6.17808e+07
103.622,103.622,6.34861,0.21,0,2.76279,2.81599,0,0.524861,5.7456,4.3421e+06,2.70226e+06,1.19963e+07,0,0,0,0,62.3362,61.308,5.133,0,1,1.33531,1.28211,0,1.04676,1.69344,9.02378e+06,3.61194e+06,1.20496e+07,0,0,0,6.17808e+07
103.622,103.622,4.98898,0.2,0,2.74461,2.81692,0,0.517746,5.7456,4.3421e+06,2.70226e+06,1.19174e+07,0,0,0,0,62.3362,61.308,3.77084,0,1,1.35485,1.28254,0,1.03166,1.69344,9.02378e+06,3.61194e+06,1.22259e+07,0,0,0,6.17808e+07
103.622,103.622,4.36533,0.17,0,2.74598,2.81786,0,0.51434,5.7456,4.3421e+06,2.70226e+06,1.19233e+07,0,0,0,0,62.3362,61.308,3.4553,0,1,1.35485,1.28297,0,1.04676,1.69344,9.02378e+06,3.61194e+06,1.22259e+07,0,0,0,6.17808e+07
103.622,103.622,3.89605,0.15,0,2.74734,2.8188,0,0.514596,5.7456,4.3421e+06,2.70226e+06,1.19293e+07,0,0,0,0,62.3362,61.308,3.03906,0,1,1.35485,1.28339,0,1.04676,1.69344,9.02378e+06,3.61194e+06,1.22259e+07,0,0,0,6.17808e+07
103.622,103.622,3.92172,0.14,0,2.88247,2.9535,0,0.514852,5.7456,4.3421e+06,2.70226e+06,1.2516e+07,0,0,0,0,62.3362,61.308,3.01408,0,1,1.42426,1.35323,0,1.04676,1.69344,9.02378e+06,3.61194e+06,1.28522e+07,0,0,0,6.17808e+07
103.622,103.622,4.09329,0.12,0,2.95329,2.95448,0,0.540175,5.7456,4.3421e+06,2.70226e+06,1.28235e+07,0,0,0,0,62.3362,61.308,3.02514,0,1,1.35487,1.35368,0,1.10038,1.69344,9.02378e+06,3.61194e+06,1.22261e+07,0,0,0,6.17808e+07
103.622,103.622,4.01297,0.11,0,2.95473,2.95547,0,0.553447,5.7456,4.3421e+06,2.70226e+06,1.28297e+07,0,0,0,0,62.3362,61.308,3.0637,0,1,1.35487,1.35413,0,1.04678,1.69344,9.02378e+06,3.61194e+06,1.22261e+07,0,0,0,6.17808e+07
103.622,103.622,3.60717,0.09,0,2.95616,2.95645,0,0.553716,5.7456,4.3421e+06,2.70226e+06,1.2836e+07,0,0,0,0,62.3362,61.308,3.10131,0,1,1.35487,1.35458,0,1.04678,1.69344,9.02378e+06,3.61194e+06,1.22261e+07,0,0,0,6.17808e+07
103.622,103.622,3.46979,0.09,0,2.95744,2.95744,0,0.553985,5.7456,4.3421e+06,2.70226e+06,1.28415e+07,0,0,0,0,62.3158,61.308,2.93039,0,1,1.35504,1.35504,0,1.04678,1.69344,9.02378e+06,3.61194e+06,1.22275e+07,0,0,0,6.17808e+07
103.622,103.622,3.41423,0.08,0,2.93193,2.93193,0,0.554224,5.7456,4.3421e+06,2.70226e+06,1.27307e+07,0,0,0,0,62.3362,61.308,2.10883,0,1,1.3937,1.3937,0,1.0469,1.69344,9.02378e+06,3.61194e+06,1.25764e+07,0,0,0,6.17808e+07
103.622,103.622,3.25331,0.08,0,2.9329,2.9329,0,0.549443,5.7456,4.3421e+06,2.70226e+06,1.2735e+07,0,0,0,0,62.3362,61.308,2.06734,0,1,1.39416,1.39416,0,1.07677,1.69344,9.02378e+06,3.61194e+06,1.25806e+07,0,0,0,6.17808e+07
103.622,103.622,3.07826,0.06,0,2.93388,2.93388,0,0.549626,5.7456,4.3421e+06,2.70226e+06,1.27392e+07,0,0,0,0,62.3131,61.308,2.07739,0,1,1.39463,1.39463,0,1.07713,1.69344,9.02378e+06,3.61194e+06,1.25848e+07,0,0,0,6.17808e+07
103.622,103.622,2.82938,0.06,0,2.93485,2.93485,0,0.549809,5.7456,4.3421e+06,2.70226e+06,1.27434e+07,0,0,0,0,62.142,61.308,1.98806,0,1,1.39509,1.39509,0,1.07749,1.69344,9.02378e+06,3.61194e+06,1.2589e+07,0,0,0,6.17808e+07
103.477,103.622,2.65175,0.05,0,3.00435,3.00435,0,0.549992,5.7456,4.3421e+06,2.70226e+06,1.30452e+07,0,0,0,0,61.8724,61.308,1.74134,0,1,1.42966,1.42966,0,1.07785,1.69344,9.02378e+06,3.61194e+06,1.29009e+07,0,0,0,6.17808e+07
103.153,103.622,2.45614,0.06,0,3.00535,3.00535,0,0.563015,5.7456,4.3421e+06,2.70226e+06,1.30495e+07,0,0,0,0,61.4701,61.308,1.61366,0,1,1.43013,1.43013,0,1.10455,1.69344,9.02378e+06,3.61194e+06,1.29052e+07,0,0,0,6.17808e+07
102.689,103.622,2.28939,0.06,0,3.00635,3.00635,0,0.563202,5.7456,4.3421e+06,2.70226e+06,1.30539e+07,0,0,0,0,60.9436,61.308,1.52774,0,1,1.43061,1.43061,0,1.10492,1.69344,9.02378e+06,3.61194e+06,1.29095e+07,0,0,0,6.17808e+07
102.058,103.622,2.10778,0.06,0,3.00735,3.00735,0,0.563389,5.7456,4.3421e+06,2.70226e+06,1.30582e+07,0,0,0,0,60.6548,61.308,1.43715,0,1,1.43108,1.43108,0,1.10529,1.69344,9.02378e+06,3.61194e+06,1.29138e+07,0,0,0,6.17808e+07
101.767,103.622,2.58432,0.06,0,3.1538,3.20926,0,0.563577,5.7456,4.3421e+06,2.97144e+06,1.36941e+07,0,0,0,0,60.1176,61.308,1.78405,1,1,1.52794,1.55481,0,1.10566,1.69344,9.02378e+06,3.97174e+06,1.37878e+07,0,0,0,6.17808e+07
101.371,103.622,2.45266,0.07,0,3.15485,3.21033,0,0.591022,5.7456,4.3421e+06,2.97144e+06,1.36987e+07,0,0,0,0,59.6473,61.308,1.46741,1,1,1.52845,1.55533,0,1.18049,1.69344,9.02378e+06,3.97174e+06,1.37924e+07,0,0,0,6.17808e+07
101.439,103.622,2.95407,0.07,0,3.15589,3.2114,0,0.591218,5.7456,4.3421e+06,2.97144e+06,1.37032e+07,0,0,0,0,59.1586,61.308,1.55373,1,1,1.52896,1.55584,0,1.18088,1.69344,9.02378e+06,3.97174e+06,1.3797e+07,0,0,0,6.17808e+07
101.175,103.622,2.58182,0.07,0,3.15694,3.21246,0,0.591415,5.7456,4.3421e+06,2.97144e+06,1.37078e+07,0,0,0,0,58.5862,61.308,1.52303,1,1,1.52946,1.55636,0,1.18127,1.69344,9.02378e+06,3.97174e+06,1.38015e+07,0,0,0,6.17808e+07
100.418,103.622,2.08369,0.08,0,3.15799,3.21353,0,0.591611,5.7456,4.3421e+06,2.97144e+06,1.37123e+07,0,0,0,0,57.9025,61.308,1.36396,1,1,1.52997,1.55688,0,1.18166,1.69344,9.02378e+06,3.97174e+06,1.38061e+07,0,0,0,6.17808e+07
99.8738,103.622,2.3077,0.08,0,3.11652,3.11652,0,0.591808,5.7456,4.3421e+06,2.70226e+06,1.35322e+07,0,0,0,0,57.6544,61.308,1.28607,0,1,1.48246,1.48246,0,1.18206,1.69344,9.02378e+06,3.61194e+06,1.33774e+07,0,0,0,6.17808e+07
99.4026,103.622,2.43434,0.08,0,3.11755,3.11755,0,0.584035,5.7456,4.3421e+06,2.70226e+06,1.35367e+07,0,0,0,0,57.6718,61.308,1.93121,0,1,1.48296,1.48296,0,1.14535,1.69344,9.02378e+06,3.61194e+06,1.33819e+07,0,0,0,6.17808e+07
98.9161,103.622,2.41362,0.09,0,3.11859,3.11859,0,0.584229,5.7456,4.3421e+06,2.70226e+06,1.35412e+07,0,0,0,0,57.804,61.308,2.24687,0,1,1.48345,1.48345,0,1.14573,1.69344,9.02378e+06,3.61194e+06,1.33863e+07,0,0,0,6.17808e+07
98.1751,103.622,2.12305,0.09,0,3.11963,3.11963,0,0.584424,5.7456,4.3421e+06,2.70226e+06,1.35457e+07,0,0,0,0,57.8427,61.308,2.05344,0,1,1.48394,1.48394,0,1.14611,1.69344,9.02378e+06,3.61194e+06,1.33908e+07,0,0,0,6.17808e+07
97.7075,103.622,2.45646,0.09,0,3.04005,3.04005,0,0.584618,5.7456,4.3421e+06,2.70226e+06,1.32002e+07,0,0,0,0,57.7475,61.308,2.06738,0,1,1.41614,1.41614,0,1.14649,1.69344,9.02378e+06,3.61194e+06,1.27789e+07,0,0,0,6.17808e+07
97.0761,103.622,2.24705,0.09,0,3.04106,3.04106,0,0.569705,5.7456,4.3421e+06,2.70226e+06,1.32046e+07,0,0,0,0,57.3493,61.308,1.63677,0,1,1.41661,1.41661,0,1.09411,1.69344,9.02378e+06,3.61194e+06,1.27831e+07,0,0,0,6.17808e+07
97.3252,103.622,3.16273,0.09,0,3.04207,3.04207,0,0.569894,5.7456,4.3421e+06,2.70226e+06,1.3209e+07,0,0,0,0,57.2941,61.308,1.48978,0,1,1.41708,1.41708,0,1.09447,1.69344,9.02378e+06,3.61194e+06,1.27874e+07,0,0,0,6.17808e+07
102.281,103.622,8.16416,0.09,0,3.04308,3.04308,0,0.570083,5.7456,4.3421e+06,2.70226e+06,1.32134e+07,0,0,0,0,58.3294,61.308,4.87483,0,1,1.41755,1.41755,0,1.09483,1.69344,9.02378e+06,3.61194e+06,1.27916e+07,0,0,0,6.17808e+07
103.622,103.622,5.0523,0.09,0,2.81483,2.81483,0,0.570273,5.7456,4.3421e+06,2.70226e+06,1.22223e+07,0,0,0,0,58.8597,61.308,3.00681,0,1,1.27558,1.27558,0,1.0952,1.69344,9.02378e+06,3.61194e+06,1.15106e+07,0,0,0,6.17808e+07
103.622,103.622,4.72497,0.09,0,2.73693,2.81577,0,0.5275,5.7456,4.3421e+06,2.70226e+06,1.1884e+07,0,0,0,0,59.1898,61.308,2.55808,0,1,1.35485,1.27601,0,0.985515,1.69344,9.02378e+06,3.61194e+06,1.22258e+07,0,0,0,6.17808e+07
103.622,103.622,4.5771,0.1,0,2.73828,2.8167,0,0.5129,5.7456,4.3421e+06,2.70226e+06,1.18899e+07,0,0,0,0,59.4156,61.308,2.17641,0,1,1.35485,1.27643,0,1.04676,1.69344,9.02378e+06,3.61194e+06,1.22258e+07,0,0,0,6.17808e+07
103.622,103.622,4.11726,0.1,0,2.73964,2.81764,0,0.513154,5.7456,4.3421e+06,2.70226e+06,1.18958e+07,0,0,0,0,59.705,61.308,2.21015,0,1,1.35485,1.27685,0,1.04676,1.69344,9.02378e+06,3.61194e+06,1.22258e+07,0,0,0,6.17808e+07
103.622,103.622,6.57284,0.11,0,2.741,2.81857,0,0.513409,5.7456,4.3421e+06,2.70226e+06,1.19017e+07,0,0,0,0,59.9929,61.308,2.47127,0,1,1.35485,1.27728,0,1.04676,1.69344,9.02378e+06,3.61194e+06,1.22258e+07,0,0,0,6.17808e+07
103.622,103.622,8.7519,0.12,0,2.83066,2.90781,0,0.513663,5.7456,4.3421e+06,2.70226e+06,1.2291e+07,0,0,0,0,61.1964,61.308,4.55178,0,1,1.39615,1.319,0,1.04676,1.69344,9.02378e+06,3.61194e+06,1.25985e+07,0,0,0,6.17808e+07
103.622,103.622,5.57017,0.12,0,2.87331,2.90873,0,0.530465,5.7456,4.3421e+06,2.70226e+06,1.24762e+07,0,0,0,0,61.8909,61.308,4.35729,0,1,1.35484,1.31942,0,1.07866,1.69344,9.02378e+06,3.61194e+06,1.22258e+07,0,0,0,6.17808e+07
103.622,103.622,4.39067,0.13,0,2.87465,2.90966,0,0.538458,5.7456,4.3421e+06,2.70226e+06,1.2482e+07,0,0,0,0,62.2744,61.308,3.5093,0,1,1.35484,1.31984,0,1.04675,1.69344,9.02378e+06,3.61194e+06,1.22258e+07,0,0,0,6.17808e+07
103.622,103.622,3.8762,0.12,0,2.876,2.91058,0,0.53871,5.7456,4.3421e+06,2.70226e+06,1.24879e+07,0,0,0,0,62.3362,61.308,3.12504,0,1,1.35484,1.32026,0,1.04675,1.69344,9.02378e+06,3.61194e+06,1.22258e+07,0,0,0,6.17808e+07
103.622,103.622,4.58987,0.12,0,3.16133,3.19549,0,0.538962,5.7456,4.3421e+06,2.70226e+06,1.37268e+07,0,0,0,0,62.3362,61.308,4.18406,0,1,1.51013,1.47596,0,1.04675,1.69344,9.02378e+06,3.61194e+06,1.36271e+07,0,0,0,6.17808e+07
103.622,103.622,4.43902,0.13,0,3.19651,3.19651,0,0.592433,5.7456,4.3421e+06,2.70226e+06,1.38796e+07,0,0,0,0,62.3362,61.308,4.36686,0,1,1.47643,1.47643,0,1.16672,1.69344,9.02378e+06,3.61194e+06,1.3323e+07,0,0,0,6.17808e+07
103.622,103.622,4.14183,0.13,0,3.19752,3.19752,0,0.599025,5.7456,4.3421e+06,2.70226e+06,1.3884e+07,0,0,0,0,62.3362,61.308,4.60058,0,1,1.4769,1.4769,0,1.14069,1.69344,9.02378e+06,3.61194e+06,1.33272e+07,0,0,0,6.17808e+07
103.622,103.622,4.66739,0.13,0,3.19854,3.19854,0,0.599216,5.7456,4.3421e+06,2.70226e+06,1.38884e+07,0,0,0,0,62.3362,61.308,4.65834,0,1,1.47737,1.47737,0,1.14106,1.69344,9.02378e+06,3.61194e+06,1.33315e+07,0,0,0,6.17808e+07
103.622,103.622,6.42159,0.13,0,2.79399,2.79399,0,0.599406,5.7456,4.3421e+06,2.70226e+06,1.21318e+07,0,0,0,0,62.3362,61.308,6.22998,0,1,1.26918,1.26918,0,1.14142,1.69344,9.02378e+06,3.61194e+06,1.14528e+07,0,0,0,6.17808e+07
103.622,103.622,7.25537,0.15,0,2.70964,2.79488,0,0.523594,5.7456,4.3421e+06,2.70226e+06,1.17655e+07,0,0,0,0,62.3362,61.308,5.55018,0,1,1.35483,1.26959,0,0.980572,1.69344,9.02378e+06,3.61194e+06,1.22257e+07,0,0,0,6.17808e+07
103.622,103.622,7.54897,0.18,0,2.71093,2.79577,0,0.507787,5.7456,4.3421e+06,2.70226e+06,1.17712e+07,0,0,0,0,62.3362,61.308,6.1234,0,1,1.35483,1.26999,0,1.04674,1.69344,9.02378e+06,3.61194e+06,1.22257e+07,0,0,0,6.17808e+07
103.622,103.622,7.15044,0.19,0,2.71222,2.79666,0,0.508029,5.7456,4.3421e+06,2.70226e+06,1.17768e+07,0,0,0,0,62.3362,61.308,5.475,0,1,1.35483,1.2704,0,1.04674,1.69344,9.02378e+06,3.61194e+06,1.22257e+07,0,0,0,6.17808e+07
103.622,103.622,6.54418,0.22,0,2.71352,2.79755,0,0.508271,5.7456,4.3421e+06,2.70226e+06,1.17824e+07,0,0,0,0,62.3362,61.308,4.87506,0,1,1.35483,1.2708,0,1.04674,1.69344,9.02378e+06,3.61194e+06,1.22257e+07,0,0,0,6.17808e+07
103.622,103.622,6.46603,0.23,0,2.81706,2.90068,0,0.508513,5.7456,4.3421e+06,2.70226e+06,1.2232e+07,0,0,0,0,62.3362,61.308,3.44507,0,1,1.40595,1.32233,0,1.04674,1.69344,9.02378e+06,3.61194e+06,1.2687e+07,0,0,0,6.17808e+07
103.622,103.622,7.72527,0.25,0,2.86951,2.9016,0,0.527917,5.7456,4.3421e+06,2.70226e+06,1.24597e+07,0,0,0,0,62.3362,61.308,8.02856,0,1,1.35484,1.32275,0,1.08624,1.69344,9.02378e+06,3.61194e+06,1.22258e+07,0,0,0,6.17808e+07
103.622,103.622,5.61658,0.23,0,2.87085,2.90253,0,0.537746,5.7456,4.3421e+06,2.70226e+06,1.24655e+07,0,0,0,0,62.3362,61.308,3.84333,0,1,1.35484,1.32317,0,1.04675,1.69344,9.02378e+06,3.61194e+06,1.22258e+07,0,0,0,6.17808e+07
103.622,103.622,8.36818,0.23,0,2.87219,2.90345,0,0.537998,5.7456,4.3421e+06,2.70226e+06,1.24714e+07,0,0,0,0,62.3362,61.308,6.53429,0,1,1.35484,1.32359,0,1.04675,1.69344,9.02378e+06,3.61194e+06,1.22258e+07,0,0,0,6.17808e+07
103.622,103.622,5.60035,0.25,0,2.83351,2.86434,0,0.538249,5.7456,4.3421e+06,2.70226e+06,1.23034e+07,0,0,0,0,62.3362,61.308,3.94086,0,1,1.33496,1.30413,0,1.04675,1.69344,9.02378e+06,3.61194e+06,1.20464e+07,0,0,0,6.17808e+07
103.622,103.622,4.43303,0.24,0,2.81495,2.86525,0,0.530999,5.7456,4.3421e+06,2.70226e+06,1.22228e+07,0,0,0,0,62.3362,61.308,3.40989,0,1,1.35484,1.30454,0,1.03139,1.69344,9.02378e+06,3.61194e+06,1.22258e+07,0,0,0,6.17808e+07
103.622,103.622,4.22033,0.23,0,2.81628,2.86616,0,0.527522,5.7456,4.3421e+06,2.70226e+06,1.22286e+07,0,0,0,0,62.3362,61.308,2.84424,0,1,1.35484,1.30496,0,1.04675,1.69344,9.02378e+06,3.61194e+06,1.22258e+07,0,0,0,6.17808e+07
103.622,103.622,3.71178,0.19,0,2.8176,2.86707,0,0.52777,5.7456,4.3421e+06,2.70226e+06,1.22343e+07,0,0,0,0,62.3362,61.308,2.77919,0,1,1.35484,1.30537,0,1.04675,1.69344,9.02378e+06,3.61194e+06,1.22258e+07,0,0,0,6.17808e+07
103.622,103.622,3.44249,0.17,0,2.95497,3.00403,0,0.528018,5.7456,4.3421e+06,2.70226e+06,1.28308e+07,0,0,0,0,62.3362,61.308,3.0484,0,1,1.42544,1.37638,0,1.04675,1.69344,9.02378e+06,3.61194e+06,1.28628e+07,0,0,0,6.17808e+07
103.622,103.622,3.3327,0.15,0,3.00498,3.00498,0,0.553762,5.7456,4.3421e+06,2.70226e+06,1.30479e+07,0,0,0,0,62.3362,61.308,2.36072,0,1,1.37682,1.37682,0,1.10129,1.69344,9.02378e+06,3.61194e+06,1.24241e+07,0,0,0,6.17808e+07
103.622,103.622,3.11245,0.12,0,3.00593,3.00593,0,0.563133,5.7456,4.3421e+06,2.70226e+06,1.30521e+07,0,0,0,0,62.3362,61.308,2.3946,0,1,1.37726,1.37726,0,1.06373,1.69344,9.02378e+06,3.61194e+06,1.2428e+07,0,0,0,6.17808e+07
103.622,103.622,2.96683,0.1,0,3.00689,3.00689,0,0.563312,5.7456,4.3421e+06,2.70226e+06,1.30562e+07,0,0,0,0,62.3362,61.308,2.43023,0,1,1.37769,1.37769,0,1.06407,1.69344,9.02378e+06,3.61194e+06,1.2432e+07,0,0,0,6.17808e+07
103.497,103.622,2.80295,0.11,0,3.00784,3.00784,0,0.563491,5.7456,4.3421e+06,2.70226e+06,1.30604e+07,0,0,0,0,62.3362,61.308,2.289,0,1,1.37813,1.37813,0,1.06441,1.69344,9.02378e+06,3.61194e+06,1.24359e+07,0,0,0,6.17808e+07
103.622,103.622,4.19762,0.11,0,2.98185,2.98185,0,0.56367,5.7456,4.3421e+06,2.70226e+06,1.29475e+07,0,0,0,0,62.3362,61.308,2.55753,0,1,1.41743,1.41743,0,1.06474,1.69344,9.02378e+06,3.61194e+06,1.27906e+07,0,0,0,6.17808e+07
103.622,103.622,4.04316,0.09,0,2.98279,2.98279,0,0.558798,5.7456,4.3421e+06,2.70226e+06,1.29516e+07,0,0,0,0,62.3362,61.308,2.65817,0,1,1.41788,1.41788,0,1.09511,1.69344,9.02378e+06,3.61194e+06,1.27946e+07,0,0,0,6.17808e+07
103.622,103.622,3.98538,0.1,0,2.98374,2.98374,0,0.558975,5.7456,4.3421e+06,2.70226e+06,1.29557e+07,0,0,0,0,62.3362,61.308,2.658,0,1,1.41833,1.41833,0,1.09545,1.69344,9.02378e+06,3.61194e+06,1.27987e+07,0,0,0,6.17808e+07
103.622,103.622,3.79392,0.08,0,2.98469,2.98469,0,0.559153,5.7456,4.3421e+06,2.70226e+06,1.29598e+07,0,0,0,0,62.334,61.308,2.56942,0,1,1.41878,1.41878,0,1.0958,1.69344,9.02378e+06,3.61194e+06,1.28027e+07,0,0,0,6.17808e+07
103.622,103.622,3.42419,0.08,0,3.05531,3.05531,0,0.55933,5.7456,4.3421e+06,2.70226e+06,1.32665e+07,0,0,0,0,62.3095,61.308,2.39605,0,1,1.45391,1.45391,0,1.09615,1.69344,9.02378e+06,3.61194e+06,1.31197e+07,0,0,0,6.17808e+07
103.622,103.622,3.38062,0.07,0,3.05628,3.05628,0,0.572565,5.7456,4.3421e+06,2.70226e+06,1.32707e+07,0,0,0,0,62.2393,61.308,2.24773,0,1,1.45437,1.45437,0,1.12329,1.69344,9.02378e+06,3.61194e+06,1.31239e+07,0,0,0,6.17808e+07
103.622,103.622,3.30516,0.08,0,3.05725,3.05725,0,0.572747,5.7456,4.3421e+06,2.70226e+06,1.32749e+07,0,0,0,0,62.0921,61.308,2.45316,0,1,1.45483,1.45483,0,1.12365,1.69344,9.02378e+06,3.61194e+06,1.31281e+07,0,0,0,6.17808e+07
103.622,103.622,3.7623,0.09,0,3.05822,3.05822,0,0.572928,5.7456,4.3421e+06,2.70226e+06,1.32791e+07,0,0,0,0,62.091,61.308,2.39185,0,1,1.45529,1.45529,0,1.124,1.69344,9.02378e+06,3.61194e+06,1.31322e+07,0,0,0,6.17808e+07
103.622,103.622,3.25629,0.09,0,3.20709,3.26349,0,0.57311,5.7456,4.3421e+06,2.97144e+06,1.39255e+07,0,0,0,0,61.8494,61.308,2.26419,1,1,1.55376,1.58109,0,1.12436,1.69344,9.02378e+06,3.97174e+06,1.40208e+07,0,0,0,6.17808e+07
103.622,103.622,4.01865,0.09,0,3.20811,3.26453,0,0.601009,5.7456,4.3421e+06,2.97144e+06,1.393e+07,0,0,0,0,61.7098,61.308,2.66172,1,1,1.55425,1.58159,0,1.20044,1.69344,9.02378e+06,3.97174e+06,1.40252e+07,0,0,0,6.17808e+07
103.622,103.622,3.37279,0.08,0,3.20913,3.26556,0,0.6012,5.7456,4.3421e+06,2.97144e+06,1.39344e+07,0,0,0,0,61.4776,61.308,2.34248,1,1,1.55475,1.58209,0,1.20082,1.69344,9.02378e+06,3.97174e+06,1.40297e+07,0,0,0,6.17808e+07
103.622,103.622,3.70883,0.09,0,3.21014,3.2666,0,0.60139,5.7456,4.3421e+06,2.97144e+06,1.39388e+07,0,0,0,0,61.4774,61.308,3.1066,1,1,1.55524,1.58259,0,1.2012,1.69344,9.02378e+06,3.97174e+06,1.40341e+07,0,0,0,6.17808e+07
103.622,103.622,3.4904,0.09,0,3.21116,3.26763,0,0.601581,5.7456,4.3421e+06,2.97144e+06,1.39432e+07,0,0,0,0,61.323,61.308,2.76065,1,1,1.55573,1.58309,0,1.20158,1.69344,9.02378e+06,3.97174e+06,1.40386e+07,0,0,0,6.17808e+07
103.142,103.622,2.43098,0.09,0,3.16894,3.16894,0,0.601771,5.7456,4.3421e+06,2.70226e+06,1.37599e+07,0,0,0,0,61.0411,61.308,2.55707,0,1,1.5074,1.5074,0,1.20196,1.69344,9.02378e+06,3.61194e+06,1.36024e+07,0,0,0,6.17808e+07
102.283,103.622,1.98338,0.09,0,3.16994,3.16994,0,0.593859,5.7456,4.3421e+06,2.70226e+06,1.37642e+07,0,0,0,0,60.3673,61.308,1.39087,0,1,1.50787,1.50787,0,1.16462,1.69344,9.02378e+06,3.61194e+06,1.36067e+07,0,0,0,6.17808e+07
101.383,103.622,1.92658,0.09,0,3.17094,3.17094,0,0.594047,5.7456,4.3421e+06,2.70226e+06,1.37686e+07,0,0,0,0,59.9556,61.308,1.27552,0,1,1.50835,1.50835,0,1.16498,1.69344,9.02378e+06,3.61194e+06,1.3611e+07,0,0,0,6.17808e+07
102.087,103.622,3.99498,0.09,0,3.17195,3.17195,0,0.594235,5.7456,4.3421e+06,2.70226e+06,1.37729e+07,0,0,0,0,60.0133,61.308,2.05841,0,1,1.50883,1.50883,0,1.16535,1.69344,9.02378e+06,3.61194e+06,1.36153e+07,0,0,0,6.17808e+07
103.622,103.622,4.91037,0.1,0,3.09098,3.09098,0,0.594423,5.7456,4.3421e+06,2.70226e+06,1.34214e+07,0,0,0,0,59.5641,61.308,1.8986,0,1,1.43986,1.43986,0,1.16572,1.69344,9.02378e+06,3.61194e+06,1.2993e+07,0,0,0,6.17808e+07
101.846,103.622,1.18576,0.1,0,3.09196,3.09196,0,0.579251,5.7456,4.3421e+06,2.70226e+06,1.34256e+07,0,0,0,0,59.2438,61.308,1.08604,0,1,1.44032,1.44032,0,1.11244,1.69344,9.02378e+06,3.61194e+06,1.29971e+07,0,0,0,6.17808e+07
101.592,103.622,2.99396,0.11,0,3.09294,3.09294,0,0.579434,5.7456,4.3421e+06,2.70226e+06,1.34299e+07,0,0,0,0,59.5051,61.308,3.3466,0,1,1.44078,1.44078,0,1.11279,1.69344,9.02378e+06,3.61194e+06,1.30012e+07,0,0,0,6.17808e+07
101.756,103.622,3.4634,0.11,0,3.09392,3.09392,0,0.579617,5.7456,4.3421e+06,2.70226e+06,1.34341e+07,0,0,0,0,59.9428,61.308,2.72191,0,1,1.44123,1.44123,0,1.11314,1.69344,9.02378e+06,3.61194e+06,1.30054e+07,0,0,0,6.17808e+07
101.085,103.622,2.30758,0.11,0,2.86182,2.86182,0,0.579801,5.7456,4.3421e+06,2.70226e+06,1.24263e+07,0,0,0,0,60.1848,61.308,1.90025,0,1,1.29687,1.29687,0,1.1135,1.69344,9.02378e+06,3.61194e+06,1.17027e+07,0,0,0,6.17808e+07
100.796,103.622,2.70118,0.11,0,2.80517,2.86272,0,0.536305,5.7456,4.3421e+06,2.70226e+06,1.21804e+07,0,0,0,0,60.1782,61.308,1.98262,0,1,1.35483,1.29728,0,1.00197,1.69344,9.02378e+06,3.61194e+06,1.22257e+07,0,0,0,6.17808e+07
100.893,103.622,3.17892,0.11,0,2.80649,2.86363,0,0.525689,5.7456,4.3421e+06,2.70226e+06,1.21861e+07,0,0,0,0,60.2989,61.308,2.31681,0,1,1.35483,1.2977,0,1.04674,1.69344,9.02378e+06,3.61194e+06,1.22257e+07,0,0,0,6.17808e+07
101.32,103.622,3.54651,0.12,0,2.8078,2.86453,0,0.525936,5.7456,4.3421e+06,2.70226e+06,1.21918e+07,0,0,0,0,60.4521,61.308,2.37025,0,1,1.35483,1.29811,0,1.04674,1.69344,9.02378e+06,3.61194e+06,1.22257e+07,0,0,0,6.17808e+07
102.756,103.622,4.75946,0.13,0,2.80912,2.86544,0,0.526183,5.7456,4.3421e+06,2.70226e+06,1.21975e+07,0,0,0,0,60.7802,61.308,3.19001,0,1,1.35483,1.29852,0,1.04674,1.69344,9.02378e+06,3.61194e+06,1.22257e+07,0,0,0,6.17808e+07
103.622,103.622,5.76409,0.14,0,2.9002,2.95611,0,0.526429,5.7456,4.3421e+06,2.70226e+06,1.2593e+07,0,0,0,0,61.0559,61.308,3.05749,0,1,1.39682,1.34091,0,1.04675,1.69344,9.02378e+06,3.61194e+06,1.26046e+07,0,0,0,6.17808e+07
103.622,103.622,4.46845,0.13,0,2.9435,2.95701,0,0.543498,5.7456,4.3421e+06,2.70226e+06,1.2781e+07,0,0,0,0,61.2666,61.308,2.63315,0,1,1.35483,1.34132,0,1.07918,1.69344,9.02378e+06,3.61194e+06,1.22257e+07,0,0,0,6.17808e+07
103.622,103.622,4.31555,0.13,0,2.9448,2.9579,0,0.551611,5.7456,4.3421e+06,2.70226e+06,1.27866e+07,0,0,0,0,61.8218,61.308,3.20561,0,1,1.35483,1.34173,0,1.04674,1.69344,9.02378e+06,3.61194e+06,1.22257e+07,0,0,0,6.17808e+07
103.622,103.622,7.85669,0.13,0,2.9461,2.9588,0,0.551855,5.7456,4.3421e+06,2.70226e+06,1.27923e+07,0,0,0,0,62.3362,61.308,5.33201,0,1,1.35483,1.34213,0,1.04674,1.69344,9.02378e+06,3.61194e+06,1.22257e+07,0,0,0,6.17808e+07
103.622,103.622,4.9331,0.14,0,3.23608,3.24838,0,0.552099,5.7456,4.3421e+06,2.70226e+06,1.40514e+07,0,0,0,0,62.3362,61.308,3.45067,0,1,1.51268,1.50039,0,1.04674,1.69344,9.02378e+06,3.61194e+06,1.36501e+07,0,0,0,6.17808e+07
103.622,103.622,5.75211,0.14,0,3.24936,3.24936,0,0.606442,5.7456,4.3421e+06,2.70226e+06,1.41091e+07,0,0,0,0,62.3362,61.308,3.0562,0,1,1.50085,1.50085,0,1.1687,1.69344,9.02378e+06,3.61194e+06,1.35433e+07,0,0,0,6.17808e+07
103.622,103.622,6.60568,0.13,0,3.25034,3.25034,0,0.60893,5.7456,4.3421e+06,2.70226e+06,1.41133e+07,0,0,0,0,62.3362,61.308,3.44188,0,1,1.5013,1.5013,0,1.15955,1.69344,9.02378e+06,3.61194e+06,1.35474e+07,0,0,0,6.17808e+07
103.622,103.622,6.79203,0.17,0,3.25133,3.25133,0,0.609114,5.7456,4.3421e+06,2.70226e+06,1.41176e+07,0,0,0,0,62.3362,61.308,4.40082,0,1,1.50176,1.50176,0,1.1599,1.69344,9.02378e+06,3.61194e+06,1.35515e+07,0,0,0,6.17808e+07
103.622,103.622,6.05458,0.18,0,2.84006,2.84006,0,0.609299,5.7456,4.3421e+06,2.70226e+06,1.23318e+07,0,0,0,0,61.8012,61.308,3.72635,0,1,1.29011,1.29011,0,1.16026,1.69344,9.02378e+06,3.61194e+06,1.16417e+07,0,0,0,6.17808e+07
103.215,103.622,2.6234,0.2,0,2.77661,2.84092,0,0.532227,5.7456,4.3421e+06,2.70226e+06,1.20563e+07,0,0,0,0,61.7827,61.308,1.8629,0,1,1.35481,1.2905,0,0.99674,1.69344,9.02378e+06,3.61194e+06,1.22255e+07,0,0,0,6.17808e+07
103.622,103.622,3.57355,0.21,0,2.77786,2.84178,0,0.520336,5.7456,4.3421e+06,2.70226e+06,1.20617e+07,0,0,0,0,62.2046,61.308,2.39714,0,1,1.35481,1.29089,0,1.04673,1.69344,9.02378e+06,3.61194e+06,1.22255e+07,0,0,0,6.17808e+07
103.622,103.622,4.36937,0.23,0,2.77911,2.84264,0,0.52057,5.7456,4.3421e+06,2.70226e+06,1.20672e+07,0,0,0,0,62.3362,61.308,4.59512,0,1,1.35481,1.29128,0,1.04673,1.69344,9.02378e+06,3.61194e+06,1.22255e+07,0,0,0,6.17808e+07
103.622,103.622,3.54295,0.23,0,2.78036,2.8435,0,0.520805,5.7456,4.3421e+06,2.70226e+06,1.20726e+07,0,0,0,0,62.3362,61.308,3.85526,0,1,1.35481,1.29167,0,1.04673,1.69344,9.02378e+06,3.61194e+06,1.22255e+07,0,0,0,6.17808e+07
103.622,103.622,5.19117,0.26,0,2.88553,2.94828,0,0.521039,5.7456,4.3421e+06,2.70226e+06,1.25293e+07,0,0,0,0,62.3362,61.308,3.73605,0,1,1.40678,1.34403,0,1.04673,1.69344,9.02378e+06,3.61194e+06,1.26945e+07,0,0,0,6.17808e+07
103.622,103.622,6.76766,0.26,0,2.93878,2.94918,0,0.540749,5.7456,4.3421e+06,2.70226e+06,1.27605e+07,0,0,0,0,62.3362,61.308,5.58521,0,1,1.35483,1.34444,0,1.08688,1.69344,9.02378e+06,3.61194e+06,1.22257e+07,0,0,0,6.17808e+07
103.622,103.622,4.84712,0.26,0,2.94008,2.95007,0,0.550728,5.7456,4.3421e+06,2.70226e+06,1.27661e+07,0,0,0,0,62.3362,61.308,3.77971,0,1,1.35483,1.34484,0,1.04674,1.69344,9.02378e+06,3.61194e+06,1.22257e+07,0,0,0,6.17808e+07
103.622,103.622,4.12998,0.28,0,2.94138,2.95096,0,0.550971,5.7456,4.3421e+06,2.70226e+06,1.27718e+07,0,0,0,0,62.3362,61.308,3.23618,0,1,1.35483,1.34525,0,1.04674,1.69344,9.02378e+06,3.61194e+06,1.22257e+07,0,0,0,6.17808e+07
103.622,103.622,3.73116,0.27,0,2.90199,2.91117,0,0.551214,5.7456,4.3421e+06,2.70226e+06,1.26008e+07,0,0,0,0,62.3362,61.308,3.12292,0,1,1.33462,1.32545,0,1.04674,1.69344,9.02378e+06,3.61194e+06,1.20433e+07,0,0,0,6.17808e+07
103.622,103.622,3.30892,0.27,0,2.88307,2.91205,0,0.543833,5.7456,4.3421e+06,2.70226e+06,1.25186e+07,0,0,0,0,62.3362,61.308,3.23368,0,1,1.35482,1.32585,0,1.03113,1.69344,9.02378e+06,3.61194e+06,1.22256e+07,0,0,0,6.17808e+07
103.355,103.622,2.77638,0.24,0,2.88435,2.91293,0,0.540288,5.7456,4.3421e+06,2.70226e+06,1.25242e+07,0,0,0,0,62.3362,61.308,3.0124,0,1,1.35482,1.32625,0,1.04674,1.69344,9.02378e+06,3.61194e+06,1.22256e+07,0,0,0,6.17808e+07
103.162,103.622,2.80212,0.22,0,2.88563,2.91381,0,0.540528,5.7456,4.3421e+06,2.70226e+06,1.25297e+07,0,0,0,0,62.3362,61.308,3.04742,0,1,1.35482,1.32665,0,1.04674,1.69344,9.02378e+06,3.61194e+06,1.22256e+07,0,0,0,6.17808e+07
103.622,103.622,3.80403,0.2,0,3.02518,3.05295,0,0.540768,5.7456,4.3421e+06,2.70226e+06,1.31356e+07,0,0,0,0,62.3362,61.308,3.39976,0,1,1.42657,1.3988,0,1.04674,1.69344,9.02378e+06,3.61194e+06,1.28731e+07,0,0,0,6.17808e+07
103.442,103.622,2.8507,0.18,0,3.05387,3.05387,0,0.566918,5.7456,4.3421e+06,2.70226e+06,1.32602e+07,0,0,0,0,62.3362,61.308,3.01646,0,1,1.39922,1.39922,0,1.10217,1.69344,9.02378e+06,3.61194e+06,1.26263e+07,0,0,0,6.17808e+07
102.936,103.622,2.48488,0.15,0,3.0548,3.0548,0,0.572296,5.7456,4.3421e+06,2.70226e+06,1.32643e+07,0,0,0,0,62.3362,61.308,2.67983,0,1,1.39964,1.39964,0,1.08104,1.69344,9.02378e+06,3.61194e+06,1.26301e+07,0,0,0,6.17808e+07
102.178,103.622,2.22272,0.14,0,3.05572,3.05572,0,0.572469,5.7456,4.3421e+06,2.70226e+06,1.32683e+07,0,0,0,0,62.3362,61.308,2.51981,0,1,1.40007,1.40007,0,1.08136,1.69344,9.02378e+06,3.61194e+06,1.26339e+07,0,0,0,6.17808e+07
101.266,103.622,2.03865,0.12,0,3.05664,3.05664,0,0.572642,5.7456,4.3421e+06,2.70226e+06,1.32723e+07,0,0,0,0,62.3362,61.308,2.38952,0,1,1.40049,1.40049,0,1.08169,1.69344,9.02378e+06,3.61194e+06,1.26377e+07,0,0,0,6.17808e+07
101.006,103.622,2.64523,0.13,0,3.03018,3.03018,0,0.572815,5.7456,4.3421e+06,2.70226e+06,1.31574e+07,0,0,0,0,62.3362,61.308,3.03593,0,1,1.44041,1.44041,0,1.08202,1.69344,9.02378e+06,3.61194e+06,1.29979e+07,0,0,0,6.17808e+07
100.765,103.622,2.67191,0.11,0,3.0311,3.0311,0,0.567856,5.7456,4.3421e+06,2.70226e+06,1.31613e+07,0,0,0,0,62.3362,61.308,3.01052,0,1,1.44084,1.44084,0,1.11286,1.69344,9.02378e+06,3.61194e+06,1.30018e+07,0,0,0,6.17808e+07
100.326,103.622,2.46743,0.12,0,3.03201,3.03201,0,0.568027,5.7456,4.3421e+06,2.70226e+06,1.31653e+07,0,0,0,0,62.3362,61.308,3.02685,0,1,1.44127,1.44127,0,1.11319,1.69344,9.02378e+06,3.61194e+06,1.30057e+07,0,0,0,6.17808e+07
99.7072,103.622,2.26624,0.1,0,3.03293,3.03293,0,0.568199,5.7456,4.3421e+06,2.70226e+06,1.31693e+07,0,0,0,0,62.3362,61.308,2.65906,0,1,1.44171,1.44171,0,1.11353,1.69344,9.02378e+06,3.61194e+06,1.30097e+07,0,0,0,6.17808e+07
99.1054,103.622,2.2796,0.1,0,3.10465,3.10465,0,0.56837,5.7456,4.3421e+06,2.70226e+06,1.34807e+07,0,0,0,0,62.3362,61.308,2.62797,0,1,1.47738,1.47738,0,1.11387,1.69344,9.02378e+06,3.61194e+06,1.33316e+07,0,0,0,6.17808e+07
98.5616,103.622,2.30414,0.1,0,3.10558,3.10558,0,0.581811,5.7456,4.3421e+06,2.70226e+06,1.34848e+07,0,0,0,0,62.3362,61.308,2.63353,0,1,1.47783,1.47783,0,1.14143,1.69344,9.02378e+06,3.61194e+06,1.33356e+07,0,0,0,6.17808e+07
97.8363,103.622,2.10551,0.1,0,3.10652,3.10652,0,0.581986,5.7456,4.3421e+06,2.70226e+06,1.34888e+07,0,0,0,0,62.3203,61.308,2.49196,0,1,1.47828,1.47828,0,1.14177,1.69344,9.02378e+06,3.61194e+06,1.33396e+07,0,0,0,6.17808e+07
96.8516,103.622,1.81466,0.1,0,3.10746,3.10746,0,0.582162,5.7456,4.3421e+06,2.70226e+06,1.34929e+07,0,0,0,0,62.2943,61.308,2.47288,0,1,1.47872,1.47872,0,1.14212,1.69344,9.02378e+06,3.61194e+06,1.33437e+07,0,0,0,6.17808e+07
95.5711,103.622,1.60852,0.1,0,3.25868,3.31599,0,0.582337,5.7456,4.3421e+06,2.97144e+06,1.41495e+07,0,0,0,0,62.1283,61.308,2.36848,1,1,1.57875,1.60652,0,1.14246,1.69344,9.02378e+06,3.97174e+06,1.42463e+07,0,0,0,6.17808e+07
94.565,103.622,1.84382,0.15,0,3.25967,3.31699,0,0.610677,5.7456,4.3421e+06,2.97144e+06,1.41538e+07,0,0,0,0,61.8526,61.308,2.21669,1,1,1.57923,1.607,0,1.21975,1.69344,9.02378e+06,3.97174e+06,1.42506e+07,0,0,0,6.17808e+07
93.677,103.622,1.98576,0.15,0,3.26065,3.31799,0,0.610861,5.7456,4.3421e+06,2.97144e+06,1.41581e+07,0,0,0,0,61.7194,61.308,2.73058,1,1,1.57971,1.60749,0,1.22011,1.69344,9.02378e+06,3.97174e+06,1.42549e+07,0,0,0,6.17808e+07
92.4888,103.622,1.64231,0.14,0,3.26163,3.31899,0,0.611045,5.7456,4.3421e+06,2.97144e+06,1.41623e+07,0,0,0,0,61.3791,61.308,1.90036,1,1,1.58018,1.60797,0,1.22048,1.69344,9.02378e+06,3.97174e+06,1.42592e+07,0,0,0,6.17808e+07
91.6696,103.622,2.05758,0.14,0,3.26261,3.31999,0,0.61123,5.7456,4.3421e+06,2.97144e+06,1.41666e+07,0,0,0,0,61.4454,61.308,3.62015,1,1,1.58066,1.60846,0,1.22085,1.69344,9.02378e+06,3.97174e+06,1.42635e+07,0,0,0,6.17808e+07
90.5038,103.622,1.63947,0.14,0,3.16402,3.21967,0,0.611414,5.7456,4.3421e+06,2.97144e+06,1.37385e+07,0,0,0,0,61.3166,61.308,2.52291,1,1,1.50506,1.53153,0,1.22122,1.69344,9.02378e+06,3.97174e+06,1.35813e+07,0,0,0,6.17808e+07
89.511,103.622,1.79895,0.13,0,3.16498,3.22064,0,0.592938,5.7456,4.3421e+06,2.97144e+06,1.37427e+07,0,0,0,0,61.208,61.308,2.51962,1,1,1.50551,1.53199,0,1.16281,1.69344,9.02378e+06,3.97174e+06,1.35854e+07,0,0,0,6.17808e+07
88.7058,103.622,1.97144,0.17,0,3.16593,3.22161,0,0.593117,5.7456,4.3421e+06,2.97144e+06,1.37468e+07,0,0,0,0,61.1197,61.308,2.42789,1,1,1.50597,1.53245,0,1.16316,1.69344,9.02378e+06,3.97174e+06,1.35895e+07,0,0,0,6.17808e+07
88.898,103.622,3.09945,0.17,0,3.16688,3.22258,0,0.593295,5.7456,4.3421e+06,2.97144e+06,1.37509e+07,0,0,0,0,61.4756,61.308,4.1389,1,1,1.50642,1.53291,0,1.16351,1.69344,9.02378e+06,3.97174e+06,1.35936e+07,0,0,0,6.17808e+07
88.4117,103.622,2.45251,0.17,0,3.14028,3.14028,0,0.593474,5.7456,4.3421e+06,2.70226e+06,1.36354e+07,0,0,0,0,61.6324,61.308,3.14728,0,1,1.46283,1.46283,0,1.16386,1.69344,9.02378e+06,3.61194e+06,1.32002e+07,0,0,0,6.17808e+07
86.753,103.622,1.11999,0.16,0,3.14122,3.14122,0,0.588488,5.7456,4.3421e+06,2.70226e+06,1.36395e+07,0,0,0,0,61.3795,61.308,1.66693,0,1,1.46327,1.46327,0,1.13018,1.69344,9.02378e+06,3.61194e+06,1.32042e+07,0,0,0,6.17808e+07
86.559,103.622,2.84235,0.16,0,3.14217,3.14217,0,0.588665,5.7456,4.3421e+06,2.70226e+06,1.36436e+07,0,0,0,0,62.003,61.308,5.13539,0,1,1.46371,1.46371,0,1.13052,1.69344,9.02378e+06,3.61194e+06,1.32082e+07,0,0,0,6.17808e+07
86.7674,103.622,3.30456,0.14,0,3.14312,3.14312,0,0.588842,5.7456,4.3421e+06,2.70226e+06,1.36477e+07,0,0,0,0,62.3362,61.308,4.16261,0,1,1.46415,1.46415,0,1.13086,1.69344,9.02378e+06,3.61194e+06,1.32121e+07,0,0,0,6.17808e+07
86.2524,103.622,2.28655,0.14,0,2.90728,2.90728,0,0.58902,5.7456,4.3421e+06,2.70226e+06,1.26237e+07,0,0,0,0,62.3362,61.308,3.02532,0,1,1.31748,1.31748,0,1.1312,1.69344,9.02378e+06,3.61194e+06,1.18886e+07,0,0,0,6.17808e+07
87.6205,103.622,4.34583,0.15,0,2.87121,2.90815,0,0.544824,5.7456,4.3421e+06,2.70226e+06,1.24671e+07,0,0,0,0,62.3362,61.308,5.175,0,1,1.35482,1.31787,0,1.01788,1.69344,9.02378e+06,3.61194e+06,1.22256e+07,0,0,0,6.17808e+07
90.1115,103.622,5.45295,0.18,0,2.87248,2.90903,0,0.538064,5.7456,4.3421e+06,2.70226e+06,1.24726e+07,0,0,0,0,62.3362,61.308,5.51083,0,1,1.35482,1.31827,0,1.04673,1.69344,9.02378e+06,3.61194e+06,1.22256e+07,0,0,0,6.17808e+07
90.861,103.622,3.70468,0.17,0,2.87375,2.90991,0,0.538302,5.7456,4.3421e+06,2.70226e+06,1.24781e+07,0,0,0,0,62.3362,61.308,3.94886,0,1,1.35482,1.31867,0,1.04673,1.69344,9.02378e+06,3.61194e+06,1.22256e+07,0,0,0,6.17808e+07
91.0144,103.622,2.96265,0.17,0,2.87502,2.91078,0,0.538541,5.7456,4.3421e+06,2.70226e+06,1.24837e+07,0,0,0,0,62.3362,61.308,2.74037,0,1,1.35482,1.31906,0,1.04673,1.69344,9.02378e+06,3.61194e+06,1.22256e+07,0,0,0,6.17808e+07
91.5251,103.622,3.59934,0.17,0,2.96749,3.00285,0,0.538779,5.7456,4.3421e+06,2.70226e+06,1.28851e+07,0,0,0,0,62.3362,61.308,3.98067,0,1,1.39747,1.36211,0,1.04673,1.69344,9.02378e+06,3.61194e+06,1.26105e+07,0,0,0,6.17808e+07
92.8316,103.622,4.45674,0.18,0,3.00371,3.00371,0,0.556107,5.7456,4.3421e+06,2.70226e+06,1.30424e+07,0,0,0,0,62.3362,61.308,4.53914,0,1,1.36251,1.36251,0,1.07969,1.69344,9.02378e+06,3.61194e+06,1.2295e+07,0,0,0,6.17808e+07
96.9928,103.622,7.35411,0.19,0,3.00458,3.00458,0,0.562896,5.7456,4.3421e+06,2.70226e+06,1.30462e+07,0,0,0,0,62.3362,61.308,4.86065,0,1,1.3629,1.3629,0,1.05267,1.69344,9.02378e+06,3.61194e+06,1.22985e+07,0,0,0,6.17808e+07
97.5689,103.622,3.71539,0.13,0,3.00545,3.00545,0,0.563059,5.7456,4.3421e+06,2.70226e+06,1.305e+07,0,0,0,0,62.3362,61.308,5.11644,0,1,1.36329,1.36329,0,1.05298,1.69344,9.02378e+06,3.61194e+06,1.23021e+07,0,0,0,6.17808e+07
98.3029,103.622,4.15754,0.14,0,3.29955,3.29955,0,0.563221,5.7456,4.3421e+06,2.70226e+06,1.4327e+07,0,0,0,0,62.3362,61.308,5.30716,0,1,1.52403,1.52403,0,1.05328,1.69344,9.02378e+06,3.61194e+06,1.37525e+07,0,0,0,6.17808e+07
101.252,103.622,6.70911,0.14,0,3.24346,3.3005,0,0.618335,5.7456,4.3421e+06,2.97144e+06,1.40834e+07,0,0,0,0,62.3362,61.308,5.60744,1,1,1.49812,1.52447,0,1.17746,1.69344,9.02378e+06,3.97174e+06,1.35187e+07,0,0,0,6.17808e+07
102.073,103.622,4.31938,0.16,0,3.24439,3.30145,0,0.607824,5.7456,4.3421e+06,2.97144e+06,1.40875e+07,0,0,0,0,62.3362,61.308,4.39692,1,1,1.49855,1.52491,0,1.15745,1.69344,9.02378e+06,3.97174e+06,1.35226e+07,0,0,0,6.17808e+07
103.622,103.622,5.08863,0.16,0,3.24533,3.3024,0,0.607999,5.7456,4.3421e+06,2.97144e+06,1.40916e+07,0,0,0,0,62.3362,61.308,4.86879,1,1,1.49898,1.52535,0,1.15778,1.69344,9.02378e+06,3.97174e+06,1.35265e+07,0,0,0,6.17808e+07
103.622,103.622,6.27228,0.17,0,2.88463,2.88463,0,0.608175,5.7456,4.3421e+06,2.70226e+06,1.25254e+07,0,0,0,0,62.3362,61.308,6.44279,0,1,1.31036,1.31036,0,1.15812,1.69344,9.02378e+06,3.61194e+06,1.18244e+07,0,0,0,6.17808e+07
103.622,103.622,9.4529,0.19,0,2.8414,2.88547,0,0.54058,5.7456,4.3421e+06,2.70226e+06,1.23377e+07,0,0,0,0,62.3362,61.308,9.6931,0,1,1.3548,1.31074,0,1.01238,1.69344,9.02378e+06,3.61194e+06,1.22254e+07,0,0,0,6.17808e+07
103.622,103.622,7.64718,0.23,0,2.84261,2.8863,0,0.532478,5.7456,4.3421e+06,2.70226e+06,1.23429e+07,0,0,0,0,62.3362,61.308,6.44511,0,1,1.3548,1.31111,0,1.04672,1.69344,9.02378e+06,3.61194e+06,1.22254e+07,0,0,0,6.17808e+07
103.622,103.622,5.53714,0.24,0,2.84382,2.88713,0,0.532705,5.7456,4.3421e+06,2.70226e+06,1.23482e+07,0,0,0,0,62.3362,61.308,5.27459,0,1,1.3548,1.31149,0,1.04672,1.69344,9.02378e+06,3.61194e+06,1.22254e+07,0,0,0,6.17808e+07
103.622,103.622,6.00346,0.26,0,2.84503,2.88796,0,0.532932,5.7456,4.3421e+06,2.70226e+06,1.23534e+07,0,0,0,0,62.3362,61.308,4.74771,0,1,1.3548,1.31187,0,1.04672,1.69344,9.02378e+06,3.61194e+06,1.22254e+07,0,0,0,6.17808e+07
103.622,103.622,8.00062,0.26,0,2.95179,2.99434,0,0.533159,5.7456,4.3421e+06,2.70226e+06,1.2817e+07,0,0,0,0,62.3362,61.308,6.328,0,1,1.40758,1.36503,0,1.04672,1.69344,9.02378e+06,3.61194e+06,1.27017e+07,0,0,0,6.17808e+07
103.622,103.622,7.18051,0.27,0,2.99521,2.99521,0,0.553166,5.7456,4.3421e+06,2.70226e+06,1.30055e+07,0,0,0,0,62.3362,61.308,5.37276,0,1,1.36542,1.36542,0,1.0875,1.69344,9.02378e+06,3.61194e+06,1.23212e+07,0,0,0,6.17808e+07
103.622,103.622,6.62205,0.29,0,2.99607,2.99607,0,0.561302,5.7456,4.3421e+06,2.70226e+06,1.30093e+07,0,0,0,0,62.3362,61.308,5.4599,0,1,1.36581,1.36581,0,1.05492,1.69344,9.02378e+06,3.61194e+06,1.23248e+07,0,0,0,6.17808e+07
103.622,103.622,7.06998,0.29,0,2.99693,2.99693,0,0.561464,5.7456,4.3421e+06,2.70226e+06,1.3013e+07,0,0,0,0,62.3362,61.308,6.17468,0,1,1.36621,1.36621,0,1.05523,1.69344,9.02378e+06,3.61194e+06,1.23284e+07,0,0,0,6.17808e+07
103.622,103.622,7.17125,0.28,0,2.95648,2.95648,0,0.561626,5.7456,4.3421e+06,2.70226e+06,1.28374e+07,0,0,0,0,62.3362,61.308,4.44166,0,1,1.34608,1.34608,0,1.05553,1.69344,9.02378e+06,3.61194e+06,1.21467e+07,0,0,0,6.17808e+07
103.622,103.622,5.74883,0.27,0,2.94899,2.95733,0,0.554045,5.7456,4.3421e+06,2.70226e+06,1.28048e+07,0,0,0,0,62.3362,61.308,4.61263,0,1,1.35481,1.34647,0,1.03998,1.69344,9.02378e+06,3.61194e+06,1.22255e+07,0,0,0,6.17808e+07
103.622,103.622,4.61973,0.27,0,2.95023,2.95818,0,0.55264,5.7456,4.3421e+06,2.70226e+06,1.28102e+07,0,0,0,0,62.3362,61.308,3.94936,0,1,1.35481,1.34685,0,1.04673,1.69344,9.02378e+06,3.61194e+06,1.22255e+07,0,0,0,6.17808e+07
103.622,103.622,4.07455,0.24,0,2.95147,2.95904,0,0.552873,5.7456,4.3421e+06,2.70226e+06,1.28156e+07,0,0,0,0,62.3362,61.308,3.53169,0,1,1.35481,1.34724,0,1.04673,1.69344,9.02378e+06,3.61194e+06,1.22255e+07,0,0,0,6.17808e+07
103.622,103.622,3.66546,0.22,0,3.09312,3.1003,0,0.553105,5.7456,4.3421e+06,2.70226e+06,1.34306e+07,0,0,0,0,62.3362,61.308,3.15918,0,1,1.42767,1.42049,0,1.04673,1.69344,9.02378e+06,3.61194e+06,1.2883e+07,0,0,0,6.17808e+07
103.622,103.622,3.89065,0.21,0,3.10119,3.10119,0,0.57965,5.7456,4.3421e+06,2.70226e+06,1.34657e+07,0,0,0,0,62.3362,61.308,3.65945,0,1,1.4209,1.4209,0,1.10302,1.69344,9.02378e+06,3.61194e+06,1.28219e+07,0,0,0,6.17808e+07
103.622,103.622,3.95025,0.19,0,3.10208,3.10208,0,0.581163,5.7456,4.3421e+06,2.70226e+06,1.34696e+07,0,0,0,0,62.3362,61.308,3.85118,0,1,1.42131,1.42131,0,1.09779,1.69344,9.02378e+06,3.61194e+06,1.28256e+07,0,0,0,6.17808e+07
103.622,103.622,3.46905,0.15,0,3.10298,3.10298,0,0.58133,5.7456,4.3421e+06,2.70226e+06,1.34734e+07,0,0,0,0,62.3362,61.308,3.26451,0,1,1.42172,1.42172,0,1.0981,1.69344,9.02378e+06,3.61194e+06,1.28293e+07,0,0,0,6.17808e+07
103.622,103.622,3.30131,0.15,0,3.10387,3.10387,0,0.581498,5.7456,4.3421e+06,2.70226e+06,1.34773e+07,0,0,0,0,62.3362,61.308,2.84617,0,1,1.42213,1.42213,0,1.09842,1.69344,9.02378e+06,3.61194e+06,1.2833e+07,0,0,0,6.17808e+07
103.487,103.622,2.82761,0.14,0,3.07696,3.07696,0,0.581665,5.7456,4.3421e+06,2.70226e+06,1.33605e+07,0,0,0,0,62.3343,61.308,2.43255,0,1,1.46264,1.46264,0,1.09874,1.69344,9.02378e+06,3.61194e+06,1.31985e+07,0,0,0,6.17808e+07
103.134,103.622,2.53523,0.14,0,3.07784,3.07784,0,0.576622,5.7456,4.3421e+06,2.70226e+06,1.33643e+07,0,0,0,0,62.2865,61.308,2.33856,0,1,1.46306,1.46306,0,1.13004,1.69344,9.02378e+06,3.61194e+06,1.32023e+07,0,0,0,6.17808e+07
102.63,103.622,2.35195,0.13,0,3.07873,3.07873,0,0.576787,5.7456,4.3421e+06,2.70226e+06,1.33682e+07,0,0,0,0,62.2264,61.308,2.26248,0,1,1.46348,1.46348,0,1.13036,1.69344,9.02378e+06,3.61194e+06,1.32061e+07,0,0,0,6.17808e+07
101.986,103.622,2.18944,0.14,0,3.07961,3.07961,0,0.576953,5.7456,4.3421e+06,2.70226e+06,1.3372e+07,0,0,0,0,62.1689,61.308,2.34704,0,1,1.4639,1.4639,0,1.13069,1.69344,9.02378e+06,3.61194e+06,1.32099e+07,0,0,0,6.17808e+07
101.311,103.622,2.21146,0.12,0,3.15239,3.15239,0,0.57712,5.7456,4.3421e+06,2.70226e+06,1.3688e+07,0,0,0,0,62.0813,61.308,2.38613,0,1,1.50011,1.50011,0,1.13101,1.69344,9.02378e+06,3.61194e+06,1.35366e+07,0,0,0,6.17808e+07
100.648,103.622,2.21282,0.12,0,3.1533,3.1533,0,0.590758,5.7456,4.3421e+06,2.70226e+06,1.3692e+07,0,0,0,0,61.9281,61.308,2.32921,0,1,1.50054,1.50054,0,1.15898,1.69344,9.02378e+06,3.61194e+06,1.35405e+07,0,0,0,6.17808e+07
99.8653,103.622,2.06088,0.11,0,3.15421,3.15421,0,0.590928,5.7456,4.3421e+06,2.70226e+06,1.36959e+07,0,0,0,0,61.7268,61.308,2.20895,0,1,1.50097,1.50097,0,1.15932,1.69344,9.02378e+06,3.61194e+06,1.35444e+07,0,0,0,6.17808e+07
98.9395,103.622,1.89966,0.12,0,3.15511,3.15511,0,0.591098,5.7456,4.3421e+06,2.70226e+06,1.36998e+07,0,0,0,0,61.5189,61.308,2.07,0,1,1.5014,1.5014,0,1.15965,1.69344,9.02378e+06,3.61194e+06,1.35483e+07,0,0,0,6.17808e+07
98.2727,103.622,2.30768,0.12,0,3.30861,3.3668,0,0.591268,5.7456,4.3421e+06,2.97144e+06,1.43663e+07,0,0,0,0,61.3534,61.308,2.72398,1,1,1.60294,1.63113,0,1.15998,1.69344,9.02378e+06,3.97174e+06,1.44646e+07,0,0,0,6.17808e+07
97.233,103.622,1.90057,0.12,0,3.30956,3.36777,0,0.620034,5.7456,4.3421e+06,2.97144e+06,1.43705e+07,0,0,0,0,61.0155,61.308,2.17282,1,1,1.6034,1.6316,0,1.23843,1.69344,9.02378e+06,3.97174e+06,1.44688e+07,0,0,0,6.17808e+07
96.3794,103.622,2.09077,0.12,0,3.31051,3.36873,0,0.620212,5.7456,4.3421e+06,2.97144e+06,1.43746e+07,0,0,0,0,60.772,61.308,2.61026,1,1,1.60387,1.63207,0,1.23879,1.69344,9.02378e+06,3.97174e+06,1.44729e+07,0,0,0,6.17808e+07
95.1506,103.622,1.68556,0.17,0,3.31147,3.3697,0,0.62039,5.7456,4.3421e+06,2.97144e+06,1.43787e+07,0,0,0,0,60.363,61.308,1.96011,1,1,1.60433,1.63254,0,1.23915,1.69344,9.02378e+06,3.97174e+06,1.44771e+07,0,0,0,6.17808e+07
94.2534,103.622,2.04281,0.17,0,3.31242,3.37067,0,0.620569,5.7456,4.3421e+06,2.97144e+06,1.43829e+07,0,0,0,0,60.2572,61.308,3.22475,1,1,1.60479,1.63301,0,1.2395,1.69344,9.02378e+06,3.97174e+06,1.44813e+07,0,0,0,6.17808e+07
94.0477,103.622,2.77208,0.17,0,3.21228,3.26877,0,0.620747,5.7456,4.3421e+06,2.97144e+06,1.3948e+07,0,0,0,0,60.2353,61.308,2.79476,1,1,1.52801,1.55489,0,1.23986,1.69344,9.02378e+06,3.97174e+06,1.37885e+07,0,0,0,6.17808e+07
94.3649,103.622,3.41115,0.17,0,3.2132,3.26971,0,0.601981,5.7456,4.3421e+06,2.97144e+06,1.3952e+07,0,0,0,0,60.8943,61.308,5.14961,1,1,1.52845,1.55533,0,1.18054,1.69344,9.02378e+06,3.97174e+06,1.37924e+07,0,0,0,6.17808e+07
94.3097,103.622,2.9764,0.17,0,3.21412,3.27065,0,0.602154,5.7456,4.3421e+06,2.97144e+06,1.39561e+07,0,0,0,0,60.9842,61.308,3.56973,1,1,1.52889,1.55578,0,1.18088,1.69344,9.02378e+06,3.97174e+06,1.37964e+07,0,0,0,6.17808e+07
93.7688,103.622,2.4565,0.15,0,3.21505,3.27159,0,0.602327,5.7456,4.3421e+06,2.97144e+06,1.39601e+07,0,0,0,0,60.911,61.308,2.82607,1,1,1.52933,1.55623,0,1.18122,1.69344,9.02378e+06,3.97174e+06,1.38003e+07,0,0,0,6.17808e+07
94.1538,103.622,3.44325,0.15,0,3.18799,3.18799,0,0.6025,5.7456,4.3421e+06,2.70226e+06,1.38426e+07,0,0,0,0,61.1307,61.308,3.18945,0,1,1.48505,1.48505,0,1.18156,1.69344,9.02378e+06,3.61194e+06,1.34008e+07,0,0,0,6.17808e+07
93.7376,103.622,2.60284,0.14,0,3.18891,3.18891,0,0.597429,5.7456,4.3421e+06,2.70226e+06,1.38466e+07,0,0,0,0,61.357,61.308,2.76893,0,1,1.48548,1.48548,0,1.14735,1.69344,9.02378e+06,3.61194e+06,1.34046e+07,0,0,0,6.17808e+07
93.7343,103.622,3.10813,0.13,0,3.18982,3.18982,0,0.597601,5.7456,4.3421e+06,2.70226e+06,1.38505e+07,0,0,0,0,61.3531,61.308,2.1063,0,1,1.4859,1.4859,0,1.14768,1.69344,9.02378e+06,3.61194e+06,1.34085e+07,0,0,0,6.17808e+07
93.8112,103.622,3.28201,0.13,0,3.19074,3.19074,0,0.597772,5.7456,4.3421e+06,2.70226e+06,1.38545e+07,0,0,0,0,61.6364,61.308,3.83783,0,1,1.48633,1.48633,0,1.14801,1.69344,9.02378e+06,3.61194e+06,1.34123e+07,0,0,0,6.17808e+07
99.09,103.622,9.00099,0.14,0,2.95129,2.95129,0,0.597944,5.7456,4.3421e+06,2.70226e+06,1.28148e+07,0,0,0,0,62.3362,61.308,8.6721,0,1,1.33742,1.33742,0,1.14834,1.69344,9.02378e+06,3.61194e+06,1.20686e+07,0,0,0,6.17808e+07
101.37,103.622,5.68132,0.13,0,2.93513,2.95213,0,0.553071,5.7456,4.3421e+06,2.70226e+06,1.27446e+07,0,0,0,0,62.3362,61.308,6.23436,0,1,1.35481,1.3378,0,1.03329,1.69344,9.02378e+06,3.61194e+06,1.22255e+07,0,0,0,6.17808e+07
103.164,103.622,5.15863,0.12,0,2.93636,2.95298,0,0.550043,5.7456,4.3421e+06,2.70226e+06,1.275e+07,0,0,0,0,62.3362,61.308,5.06395,0,1,1.35481,1.33819,0,1.04672,1.69344,9.02378e+06,3.61194e+06,1.22255e+07,0,0,0,6.17808e+07
103.622,103.622,6.62077,0.15,0,2.93759,2.95383,0,0.550274,5.7456,4.3421e+06,2.70226e+06,1.27553e+07,0,0,0,0,62.3362,61.308,5.35922,0,1,1.35481,1.33857,0,1.04672,1.69344,9.02378e+06,3.61194e+06,1.22255e+07,0,0,0,6.17808e+07
103.622,103.622,7.97133,0.15,0,2.93882,2.95468,0,0.550504,5.7456,4.3421e+06,2.70226e+06,1.27607e+07,0,0,0,0,62.3362,61.308,6.95782,0,1,1.35481,1.33895,0,1.04672,1.69344,9.02378e+06,3.61194e+06,1.22255e+07,0,0,0,6.17808e+07
103.622,103.622,6.81882,0.16,0,3.03262,3.04809,0,0.550735,5.7456,4.3421e+06,2.70226e+06,1.3168e+07,0,0,0,0,62.3362,61.308,6.24447,0,1,1.3981,1.38263,0,1.04672,1.69344,9.02378e+06,3.61194e+06,1.26162e+07,0,0,0,6.17808e+07
103.622,103.622,10.4256,0.16,0,3.04893,3.04893,0,0.568313,6.16896,4.3421e+06,2.70226e+06,1.32388e+07,0,0,0,0,62.3362,61.308,7.0188,0,1,1.38302,1.38302,0,1.08018,1.69344,9.02378e+06,3.61194e+06,1.248e+07,0,0,0,6.17808e+07
103.622,103.622,7.81244,0.17,0,3.04977,3.04977,0,0.571369,6.16896,4.3421e+06,2.70226e+06,1.32424e+07,0,0,0,0,62.3362,61.308,7.26304,0,1,1.3834,1.3834,0,1.06852,1.69344,9.02378e+06,3.61194e+06,1.24835e+07,0,0,0,6.17808e+07
103.622,103.622,10.65,0.15,0,3.05061,3.05061,0,0.571527,6.16896,4.3421e+06,2.70226e+06,1.32461e+07,0,0,0,0,62.3362,61.308,4.54627,0,1,1.38378,1.38378,0,1.06881,1.69344,9.02378e+06,3.61194e+06,1.24869e+07,0,0,0,6.17808e+07
103.622,103.622,12.3177,0.17,0,3.2912,3.34908,0,0.571684,6.16896,4.3421e+06,2.97144e+06,1.42907e+07,0,0,0,0,62.3362,61.308,5.40354,1,1,1.52017,1.54691,0,1.06911,1.69344,9.02378e+06,3.97174e+06,1.37177e+07,0,0,0,6.17808e+07
103.622,103.622,4.04388,0.16,0,3.29211,3.35,0,0.616771,6.16896,4.3421e+06,2.97144e+06,1.42947e+07,0,0,0,0,62.3362,61.308,3.58798,1,1,1.52059,1.54733,0,1.17449,1.69344,9.02378e+06,3.97174e+06,1.37215e+07,0,0,0,6.17808e+07
103.622,103.622,4.51814,0.17,0,3.29301,3.35092,0,0.616941,6.16896,4.3421e+06,2.97144e+06,1.42986e+07,0,0,0,0,62.3362,61.308,4.01636,1,1,1.52101,1.54776,0,1.17481,1.69344,9.02378e+06,3.97174e+06,1.37253e+07,0,0,0,6.17808e+07
103.622,103.622,5.65215,0.19,0,3.29392,3.35185,0,0.617111,6.16896,4.3421e+06,2.97144e+06,1.43025e+07,0,0,0,0,62.3362,61.308,4.11216,1,1,1.52143,1.54818,0,1.17513,1.69344,9.02378e+06,3.97174e+06,1.3729e+07,0,0,0,6.17808e+07
103.622,103.622,5.39771,0.2,0,2.92778,2.92778,0,0.617281,6.16896,4.3421e+06,2.70226e+06,1.27127e+07,0,0,0,0,62.3362,61.308,4.32609,0,1,1.32996,1.32996,0,1.17546,1.69344,9.02378e+06,3.61194e+06,1.20013e+07,0,0,0,6.17808e+07
103.622,103.622,11.7082,0.22,0,2.90413,2.92859,0,0.548667,6.16896,4.3421e+06,2.70226e+06,1.261e+07,0,0,0,0,62.3362,61.308,8.21437,0,1,1.35479,1.33033,0,1.02753,1.69344,9.02378e+06,3.61194e+06,1.22253e+07,0,0,0,6.17808e+07
103.622,103.622,8.71152,0.26,0,2.9053,2.9294,0,0.544233,6.16896,4.3421e+06,2.70226e+06,1.26151e+07,0,0,0,0,62.3362,61.308,6.2756,0,1,1.35479,1.33069,0,1.04671,1.69344,9.02378e+06,3.61194e+06,1.22253e+07,0,0,0,6.17808e+07
103.622,103.622,11.1194,0.28,0,2.90647,2.9302,0,0.544453,6.16896,4.3421e+06,2.70226e+06,1.26202e+07,0,0,0,0,62.3362,61.308,7.03569,0,1,1.35479,1.33106,0,1.04671,1.69344,9.02378e+06,3.61194e+06,1.22253e+07,0,0,0,6.17808e+07
103.622,103.622,9.42329,0.33,0,2.90764,2.93101,0,0.544673,6.16896,4.3421e+06,2.70226e+06,1.26253e+07,0,0,0,0,62.3362,61.308,8.0485,0,1,1.35479,1.33143,0,1.04671,1.69344,9.02378e+06,3.61194e+06,1.22253e+07,0,0,0,6.17808e+07
103.622,103.622,11.093,0.33,0,3.01594,3.03894,0,0.544892,6.16896,4.3421e+06,2.70226e+06,1.30955e+07,0,0,0,0,62.3362,61.308,7.12822,0,1,1.40835,1.38535,0,1.04671,1.69344,9.02378e+06,3.61194e+06,1.27087e+07,0,0,0,6.17808e+07
103.622,103.622,9.55596,0.33,0,3.03977,3.03977,0,0.565187,6.16896,4.3421e+06,2.70226e+06,1.3199e+07,0,0,0,0,62.3362,61.308,7.17645,0,1,1.38574,1.38574,0,1.08809,1.69344,9.02378e+06,3.61194e+06,1.25046e+07,0,0,0,6.17808e+07
103.622,103.622,8.3835,0.33,0,3.04061,3.04061,0,0.569653,6.16896,4.3421e+06,2.70226e+06,1.32026e+07,0,0,0,0,62.3362,61.308,5.9905,0,1,1.38612,1.38612,0,1.07062,1.69344,9.02378e+06,3.61194e+06,1.2508e+07,0,0,0,6.17808e+07
103.622,103.622,7.68117,0.33,0,3.04145,3.04145,0,0.56981,6.16896,4.3421e+06,2.70226e+06,1.32063e+07,0,0,0,0,62.3362,61.308,6.6912,0,1,1.3865,1.3865,0,1.07091,1.69344,9.02378e+06,3.61194e+06,1.25115e+07,0,0,0,6.17808e+07
103.622,103.622,6.51389,0.33,0,3.00035,3.00035,0,0.569967,6.16896,4.3421e+06,2.70226e+06,1.30278e+07,0,0,0,0,62.3362,61.308,5.0347,0,1,1.36605,1.36605,0,1.07121,1.69344,9.02378e+06,3.61194e+06,1.2327e+07,0,0,0,6.17808e+07
103.622,103.622,6.39739,0.31,0,3.00118,3.00118,0,0.562266,6.16896,4.3421e+06,2.70226e+06,1.30314e+07,0,0,0,0,62.3362,61.308,4.69949,0,1,1.36643,1.36643,0,1.05541,1.69344,9.02378e+06,3.61194e+06,1.23303e+07,0,0,0,6.17808e+07
103.622,103.622,5.81062,0.29,0,3.002,3.002,0,0.56242,6.16896,4.3421e+06,2.70226e+06,1.3035e+07,0,0,0,0,62.3362,61.308,3.96084,0,1,1.3668,1.3668,0,1.0557,1.69344,9.02378e+06,3.61194e+06,1.23337e+07,0,0,0,6.17808e+07
103.622,103.622,5.42378,0.3,0,3.00283,3.00283,0,0.562575,6.16896,4.3421e+06,2.70226e+06,1.30386e+07,0,0,0,0,62.3362,61.308,3.49229,0,1,1.36718,1.36718,0,1.05599,1.69344,9.02378e+06,3.61194e+06,1.23371e+07,0,0,0,6.17808e+07
103.622,103.622,4.92364,0.28,0,3.14614,3.14614,0,0.56273,6.16896,4.3421e+06,2.70226e+06,1.36609e+07,0,0,0,0,62.3362,61.308,3.30623,0,1,1.44149,1.44149,0,1.05628,1.69344,9.02378e+06,3.61194e+06,1.30077e+07,0,0,0,6.17808e+07
103.622,103.622,5.34514,0.23,0,3.147,3.147,0,0.589586,6.16896,4.3421e+06,2.70226e+06,1.36646e+07,0,0,0,0,62.3362,61.308,4.3011,0,1,1.44189,1.44189,0,1.1137,1.69344,9.02378e+06,3.61194e+06,1.30113e+07,0,0,0,6.17808e+07
103.622,103.622,5.03009,0.23,0,3.14787,3.14787,0,0.589748,6.16896,4.3421e+06,2.70226e+06,1.36684e+07,0,0,0,0,62.3362,61.308,3.72895,0,1,1.44229,1.44229,0,1.114,1.69344,9.02378e+06,3.61194e+06,1.30149e+07,0,0,0,6.17808e+07
103.622,103.622,4.60174,0.21,0,3.14873,3.14873,0,0.58991,6.16896,4.3421e+06,2.70226e+06,1.36721e+07,0,0,0,0,62.3362,61.308,3.30928,0,1,1.44268,1.44268,0,1.11431,1.69344,9.02378e+06,3.61194e+06,1.30184e+07,0,0,0,6.17808e+07
103.622,103.622,4.06045,0.18,0,3.1496,3.1496,0,0.590072,6.16896,4.3421e+06,2.70226e+06,1.36759e+07,0,0,0,0,62.3362,61.308,3.02555,0,1,1.44308,1.44308,0,1.11462,1.69344,9.02378e+06,3.61194e+06,1.3022e+07,0,0,0,6.17808e+07
103.622,103.622,4.08791,0.15,0,3.12224,3.12224,0,0.590234,6.16896,4.3421e+06,2.70226e+06,1.35571e+07,0,0,0,0,62.3362,61.308,2.72563,0,1,1.48417,1.48417,0,1.11492,1.69344,9.02378e+06,3.61194e+06,1.33928e+07,0,0,0,6.17808e+07
103.622,103.622,4.10786,0.17,0,3.1231,3.1231,0,0.585108,6.16896,4.3421e+06,2.70226e+06,1.35608e+07,0,0,0,0,62.3362,61.308,2.5846,0,1,1.48458,1.48458,0,1.14667,1.69344,9.02378e+06,3.61194e+06,1.33965e+07,0,0,0,6.17808e+07
103.622,103.622,3.90142,0.16,0,3.12396,3.12396,0,0.585269,6.16896,4.3421e+06,2.70226e+06,1.35646e+07,0,0,0,0,62.3362,61.308,2.50085,0,1,1.48498,1.48498,0,1.14698,1.69344,9.02378e+06,3.61194e+06,1.34002e+07,0,0,0,6.17808e+07
103.622,103.622,3.63551,0.16,0,3.12482,3.12482,0,0.58543,6.16896,4.3421e+06,2.70226e+06,1.35683e+07,0,0,0,0,62.3362,61.308,2.31741,0,1,1.48539,1.48539,0,1.1473,1.69344,9.02378e+06,3.61194e+06,1.34038e+07,0,0,0,6.17808e+07
103.622,103.622,3.53024,0.15,0,3.19862,3.19862,0,0.585591,6.16896,4.3421e+06,2.70226e+06,1.38888e+07,0,0,0,0,62.2925,61.308,2.21958,0,1,1.5221,1.5221,0,1.14761,1.69344,9.02378e+06,3.61194e+06,1.37351e+07,0,0,0,6.17808e+07
103.622,103.622,3.70604,0.15,0,3.1995,3.1995,0,0.599422,6.16896,4.3421e+06,2.70226e+06,1.38926e+07,0,0,0,0,62.3362,61.308,2.62773,0,1,1.52252,1.52252,0,1.17598,1.69344,9.02378e+06,3.61194e+06,1.37389e+07,0,0,0,6.17808e+07
103.622,103.622,3.45762,0.14,0,3.20038,3.20038,0,0.599586,6.16896,4.3421e+06,2.70226e+06,1.38964e+07,0,0,0,0,62.3213,61.308,2.41159,0,1,1.52294,1.52294,0,1.1763,1.69344,9.02378e+06,3.61194e+06,1.37427e+07,0,0,0,6.17808e+07
103.622,103.622,3.42307,0.14,0,3.20126,3.20126,0,0.599751,6.16896,4.3421e+06,2.70226e+06,1.39002e+07,0,0,0,0,62.3362,61.308,2.58603,0,1,1.52336,1.52336,0,1.17662,1.69344,9.02378e+06,3.61194e+06,1.37465e+07,0,0,0,6.17808e+07
103.622,103.622,3.71197,0.15,0,3.35696,3.41599,0,0.599916,6.16896,4.3421e+06,2.97144e+06,1.45763e+07,0,0,0,0,62.3362,61.308,2.81346,1,1,1.62637,1.65497,0,1.17695,1.69344,9.02378e+06,3.97174e+06,1.4676e+07,0,0,0,6.17808e+07
103.622,103.622,3.77509,0.15,0,3.35788,3.41693,0,0.629094,6.16896,4.3421e+06,2.97144e+06,1.45803e+07,0,0,0,0,62.3362,61.308,2.50184,1,1,1.62681,1.65542,0,1.25653,1.69344,9.02378e+06,3.97174e+06,1.468e+07,0,0,0,6.17808e+07
103.622,103.622,4.28578,0.15,0,3.3588,3.41787,0,0.629266,6.16896,4.3421e+06,2.97144e+06,1.45843e+07,0,0,0,0,62.3362,61.308,2.90942,1,1,1.62726,1.65588,0,1.25688,1.69344,9.02378e+06,3.97174e+06,1.4684e+07,0,0,0,6.17808e+07
103.622,103.622,3.49866,0.15,0,3.35972,3.41881,0,0.629439,6.16896,4.3421e+06,2.97144e+06,1.45883e+07,0,0,0,0,62.2839,61.308,2.31629,1,1,1.62771,1.65633,0,1.25722,1.69344,9.02378e+06,3.97174e+06,1.46881e+07,0,0,0,6.17808e+07
103.622,103.622,4.11113,0.15,0,3.36064,3.41974,0,0.629612,6.16896,4.3421e+06,2.97144e+06,1.45923e+07,0,0,0,0,62.3362,61.308,3.50371,1,1,1.62815,1.65678,0,1.25756,1.69344,9.02378e+06,3.97174e+06,1.46921e+07,0,0,0,6.17808e+07
103.622,103.622,4.19167,0.14,0,3.259,3.31631,0,0.629784,6.16896,4.3421e+06,2.97144e+06,1.41509e+07,0,0,0,0,62.1997,61.308,2.39268,1,1,1.55024,1.5775,0,1.25791,1.69344,9.02378e+06,3.97174e+06,1.3989e+07,0,0,0,6.17808e+07
103.622,103.622,4.61529,0.16,0,3.25989,3.31722,0,0.610736,6.16896,4.3421e+06,2.97144e+06,1.41548e+07,0,0,0,0,62.2877,61.308,1.98706,1,1,1.55066,1.57793,0,1.19771,1.69344,9.02378e+06,3.97174e+06,1.39929e+07,0,0,0,6.17808e+07
103.622,103.622,5.28267,0.16,0,3.26079,3.31813,0,0.610904,6.16896,4.3421e+06,2.97144e+06,1.41587e+07,0,0,0,0,62.3362,61.308,2.77538,1,1,1.55109,1.57837,0,1.19804,1.69344,9.02378e+06,3.97174e+06,1.39967e+07,0,0,0,6.17808e+07
103.622,103.622,5.08837,0.18,0,3.26168,3.31904,0,0.611072,6.16896,4.3421e+06,2.97144e+06,1.41626e+07,0,0,0,0,62.3362,61.308,2.64799,1,1,1.55152,1.5788,0,1.19837,1.69344,9.02378e+06,3.97174e+06,1.40005e+07,0,0,0,6.17808e+07
103.622,103.622,5.94382,0.21,0,3.23419,3.23419,0,0.611239,6.16896,4.3421e+06,2.70226e+06,1.40432e+07,0,0,0,0,62.3362,61.308,3.35496,0,1,1.50657,1.50657,0,1.1987,1.69344,9.02378e+06,3.61194e+06,1.3595e+07,0,0,0,6.17808e+07
103.622,103.622,3.6914,0.27,0,3.23508,3.23508,0,0.606087,6.16896,4.3421e+06,2.70226e+06,1.4047e+07,0,0,0,0,62.3362,61.308,2.44791,0,1,1.50699,1.50699,0,1.16398,1.69344,9.02378e+06,3.61194e+06,1.35987e+07,0,0,0,6.17808e+07
103.622,103.622,4.38963,0.3,0,3.23596,3.23596,0,0.606253,6.16896,4.3421e+06,2.70226e+06,1.40509e+07,0,0,0,0,62.3362,61.308,2.90946,0,1,1.5074,1.5074,0,1.1643,1.69344,9.02378e+06,3.61194e+06,1.36024e+07,0,0,0,6.17808e+07
103.622,103.622,5.1097,0.32,0,3.23685,3.23685,0,0.60642,6.16896,4.3421e+06,2.70226e+06,1.40547e+07,0,0,0,0,62.3362,61.308,3.86377,0,1,1.50781,1.50781,0,1.16462,1.69344,9.02378e+06,3.61194e+06,1.36062e+07,0,0,0,6.17808e+07
103.622,103.622,4.65849,0.34,0,2.9939,2.9939,0,0.606586,6.16896,4.3421e+06,2.70226e+06,1.29998e+07,0,0,0,0,62.0431,61.308,3.23396,0,1,1.35673,1.35673,0,1.16494,1.69344,9.02378e+06,3.61194e+06,1.22428e+07,0,0,0,6.17808e+07
102.279,103.622,1.69043,0.34,0,2.99472,2.99472,0,0.561057,6.16896,4.3421e+06,2.70226e+06,1.30034e+07,0,0,0,0,62.1068,61.308,1.60351,0,1,1.3571,1.3571,0,1.04821,1.69344,9.02378e+06,3.61194e+06,1.22462e+07,0,0,0,6.17808e+07
100.213,103.622,0.908224,0.3,0,2.99554,2.99554,0,0.56121,6.16896,4.3421e+06,2.70226e+06,1.30069e+07,0,0,0,0,62.0585,61.308,1.9858,0,1,1.35747,1.35747,0,1.0485,1.69344,9.02378e+06,3.61194e+06,1.22495e+07,0,0,0,6.17808e+07
98.5091,103.622,1.33709,0.27,0,2.99636,2.99636,0,0.561364,6.16896,4.3421e+06,2.70226e+06,1.30105e+07,0,0,0,0,62.084,61.308,2.26755,0,1,1.35784,1.35784,0,1.04878,1.69344,9.02378e+06,3.61194e+06,1.22529e+07,0,0,0,6.17808e+07
100.033,103.622,5.34736,0.24,0,2.99718,2.99718,0,0.561518,6.16896,4.3421e+06,2.70226e+06,1.30141e+07,0,0,0,0,62.3362,61.308,5.13194,0,1,1.35822,1.35822,0,1.04907,1.69344,9.02378e+06,3.61194e+06,1.22562e+07,0,0,0,6.17808e+07
100.578,103.622,3.97325,0.26,0,2.99718,2.99718,0,0.561672,6.16896,4.3421e+06,2.70226e+06,1.30141e+07,0,0,0,0,62.3362,61.308,4.40117,0,1,1.35822,1.35822,0,1.04936,1.69344,9.02378e+06,3.61194e+06,1.22562e+07,0,0,0,6.17808e+07
103.622,103.622,7.69661,0.26,0,3.0919,3.0919,0,0.561672,6.16896,4.3421e+06,2.70226e+06,1.34254e+07,0,0,0,0,62.3362,61.308,4.54134,0,1,1.40251,1.40251,0,1.04936,1.69344,9.02378e+06,3.61194e+06,1.26559e+07,0,0,0,1.19558e+08
103.622,103.622,8.62629,0.27,0,3.09271,3.09271,0,0.579422,6.16896,4.3421e+06,2.70226e+06,1.34289e+07,0,0,0,0,62.3362,61.308,5.3469,0,1,1.40288,1.40288,0,1.08358,1.69344,9.02378e+06,3.61194e+06,1.26592e+07,0,0,0,1.19558e+08
103.622,103.622,9.50851,0.32,0,3.09352,3.09352,0,0.579574,6.16896,4.3421e+06,2.70226e+06,1.34324e+07,0,0,0,0,62.3362,61.308,6.70442,0,1,1.40324,1.40324,0,1.08386,1.69344,9.02378e+06,3.61194e+06,1.26626e+07,0,0,0,1.19558e+08
103.622,103.622,9.0544,0.36,0,3.09434,3.09434,0,0.579726,6.16896,4.3421e+06,2.70226e+06,1.34359e+07,0,0,0,0,62.3362,61.308,5.18583,0,1,1.40361,1.40361,0,1.08415,1.69344,9.02378e+06,3.61194e+06,1.26659e+07,0,0,0,1.19558e+08
103.622,103.622,7.50998,0.36,0,3.33833,3.39704,0,0.579878,6.16896,4.3421e+06,2.97144e+06,1.44954e+07,0,0,0,0,62.3362,61.308,4.05154,1,1,1.54194,1.56906,0,1.08443,1.69344,9.02378e+06,3.97174e+06,1.39141e+07,0,0,0,1.19558e+08
103.622,103.622,7.27022,0.36,0,3.33921,3.39793,0,0.625603,6.16896,4.3421e+06,2.97144e+06,1.44992e+07,0,0,0,0,62.3362,61.308,4.54645,1,1,1.54235,1.56947,0,1.1913,1.69344,9.02378e+06,3.97174e+06,1.39178e+07,0,0,0,1.19558e+08
103.622,103.622,10.9072,0.36,0,3.34008,3.39882,0,0.625768,6.16896,4.3421e+06,2.97144e+06,1.4503e+07,0,0,0,0,62.3362,61.308,6.73103,1,1,1.54275,1.56988,0,1.19162,1.69344,9.02378e+06,3.97174e+06,1.39214e+07,0,0,0,1.19558e+08
103.622,103.622,9.65321,0.36,0,3.34096,3.39972,0,0.625932,6.16896,4.3421e+06,2.97144e+06,1.45068e+07,0,0,0,0,62.3362,61.308,7.21166,1,1,1.54316,1.57029,0,1.19193,1.69344,9.02378e+06,3.97174e+06,1.39251e+07,0,0,0,1.19558e+08
103.622,103.622,5.64922,0.36,0,2.96956,2.96956,0,0.626096,6.16896,4.3421e+06,2.70226e+06,1.28941e+07,0,0,0,0,62.3362,61.308,4.63767,0,1,1.34894,1.34894,0,1.19224,1.69344,9.02378e+06,3.61194e+06,1.21725e+07,0,0,0,1.19558e+08
103.622,103.622,4.609,0.36,0,2.96485,2.97034,0,0.556495,6.16896,4.3421e+06,2.70226e+06,1.28737e+07,0,0,0,0,62.3362,61.308,4.35441,0,1,1.35478,1.34929,0,1.04219,1.69344,9.02378e+06,3.61194e+06,1.22252e+07,0,0,0,1.19558e+08
103.622,103.622,6.33139,0.36,0,2.96598,2.97112,0,0.555613,6.16896,4.3421e+06,2.70226e+06,1.28786e+07,0,0,0,0,62.3362,61.308,4.94363,0,1,1.35478,1.34964,0,1.0467,1.69344,9.02378e+06,3.61194e+06,1.22252e+07,0,0,0,1.19558e+08
103.622,103.622,5.5369,0.36,0,2.96712,2.9719,0,0.555825,6.16896,4.3421e+06,2.70226e+06,1.28835e+07,0,0,0,0,62.3362,61.308,4.5648,0,1,1.35478,1.35,0,1.0467,1.69344,9.02378e+06,3.61194e+06,1.22252e+07,0,0,0,1.19558e+08
103.622,103.622,8.90257,0.36,0,2.96825,2.97268,0,0.556038,6.16896,4.3421e+06,2.70226e+06,1.28885e+07,0,0,0,0,62.3362,61.308,6.29054,0,1,1.35478,1.35035,0,1.0467,1.69344,9.02378e+06,3.61194e+06,1.22252e+07,0,0,0,1.19558e+08
103.622,103.622,10.0443,0.36,0,3.07803,3.0821,0,0.55625,6.16896,4.3421e+06,2.70226e+06,1.33651e+07,0,0,0,0,62.3362,61.308,6.92944,0,1,1.4091,1.40503,0,1.0467,1.69344,9.02378e+06,3.61194e+06,1.27154e+07,0,0,0,1.19558e+08
103.622,103.622,8.13619,0.36,0,3.08291,3.08291,0,0.576822,6.16896,4.3421e+06,2.70226e+06,1.33863e+07,0,0,0,0,62.3362,61.308,6.9471,0,1,1.4054,1.4054,0,1.08867,1.69344,9.02378e+06,3.61194e+06,1.2682e+07,0,0,0,1.19558e+08
103.622,103.622,6.64606,0.35,0,3.08371,3.08371,0,0.577737,6.16896,4.3421e+06,2.70226e+06,1.33898e+07,0,0,0,0,62.3362,61.308,5.32735,0,1,1.40577,1.40577,0,1.08581,1.69344,9.02378e+06,3.61194e+06,1.26853e+07,0,0,0,1.19558e+08
103.622,103.622,6.37615,0.35,0,3.08452,3.08452,0,0.577888,6.16896,4.3421e+06,2.70226e+06,1.33933e+07,0,0,0,0,62.3362,61.308,5.37983,0,1,1.40614,1.40614,0,1.0861,1.69344,9.02378e+06,3.61194e+06,1.26887e+07,0,0,0,1.19558e+08
103.622,103.622,5.43168,0.35,0,3.04281,3.04281,0,0.57804,6.16896,4.3421e+06,2.70226e+06,1.32122e+07,0,0,0,0,62.3362,61.308,4.53396,0,1,1.38538,1.38538,0,1.08638,1.69344,9.02378e+06,3.61194e+06,1.25014e+07,0,0,0,1.19558e+08
103.622,103.622,5.07825,0.33,0,3.04361,3.04361,0,0.570222,6.16896,4.3421e+06,2.70226e+06,1.32157e+07,0,0,0,0,62.3362,61.308,3.70119,0,1,1.38575,1.38575,0,1.07035,1.69344,9.02378e+06,3.61194e+06,1.25047e+07,0,0,0,1.19558e+08
103.622,103.622,4.81612,0.31,0,3.0444,3.0444,0,0.570372,6.16896,4.3421e+06,2.70226e+06,1.32191e+07,0,0,0,0,62.3362,61.308,3.88348,0,1,1.38611,1.38611,0,1.07063,1.69344,9.02378e+06,3.61194e+06,1.25079e+07,0,0,0,1.19558e+08
103.622,103.622,4.41632,0.31,0,3.0452,3.0452,0,0.570521,6.16896,4.3421e+06,2.70226e+06,1.32226e+07,0,0,0,0,62.3362,61.308,3.79426,0,1,1.38647,1.38647,0,1.07091,1.69344,9.02378e+06,3.61194e+06,1.25112e+07,0,0,0,1.19558e+08
103.622,103.622,4.77024,0.28,0,3.19049,3.19049,0,0.570671,6.16896,4.3421e+06,2.70226e+06,1.38535e+07,0,0,0,0,62.3362,61.308,3.86278,0,1,1.46182,1.46182,0,1.07119,1.69344,9.02378e+06,3.61194e+06,1.31911e+07,0,0,0,1.19558e+08
103.622,103.622,4.40985,0.24,0,3.19133,3.19133,0,0.597898,6.16896,4.3421e+06,2.70226e+06,1.38571e+07,0,0,0,0,62.3362,61.308,3.5742,0,1,1.4622,1.4622,0,1.1294,1.69344,9.02378e+06,3.61194e+06,1.31946e+07,0,0,0,1.19558e+08
103.622,103.622,4.08112,0.22,0,3.19216,3.19216,0,0.598055,6.16896,4.3421e+06,2.70226e+06,1.38607e+07,0,0,0,0,62.3362,61.308,3.40496,0,1,1.46258,1.46258,0,1.12969,1.69344,9.02378e+06,3.61194e+06,1.3198e+07,0,0,0,1.19558e+08
103.622,103.622,3.83708,0.2,0,3.193,3.193,0,0.598211,6.16896,4.3421e+06,2.70226e+06,1.38643e+07,0,0,0,0,62.3362,61.308,3.24845,0,1,1.46297,1.46297,0,1.12999,1.69344,9.02378e+06,3.61194e+06,1.32015e+07,0,0,0,1.19558e+08
103.622,103.622,3.82549,0.19,0,3.19384,3.19384,0,0.598368,6.16896,4.3421e+06,2.70226e+06,1.3868e+07,0,0,0,0,62.3362,61.308,2.97157,0,1,1.46335,1.46335,0,1.13029,1.69344,9.02378e+06,3.61194e+06,1.32049e+07,0,0,0,1.19558e+08
103.622,103.622,3.81013,0.17,0,3.16606,3.16606,0,0.598525,6.16896,4.3421e+06,2.70226e+06,1.37474e+07,0,0,0,0,62.3362,61.308,2.66225,0,1,1.505,1.505,0,1.13058,1.69344,9.02378e+06,3.61194e+06,1.35807e+07,0,0,0,1.19558e+08
103.622,103.622,3.62633,0.17,0,3.16689,3.16689,0,0.59332,6.16896,4.3421e+06,2.70226e+06,1.3751e+07,0,0,0,0,62.3362,61.308,2.6054,0,1,1.50539,1.50539,0,1.16276,1.69344,9.02378e+06,3.61194e+06,1.35843e+07,0,0,0,1.19558e+08
103.622,103.622,3.4254,0.17,0,3.16772,3.16772,0,0.593475,6.16896,4.3421e+06,2.70226e+06,1.37546e+07,0,0,0,0,62.3362,61.308,2.63144,0,1,1.50578,1.50578,0,1.16306,1.69344,9.02378e+06,3.61194e+06,1.35879e+07,0,0,0,1.19558e+08
103.613,103.622,3.16008,0.18,0,3.16855,3.16855,0,0.59363,6.16896,4.3421e+06,2.70226e+06,1.37582e+07,0,0,0,0,62.3362,61.308,2.49445,0,1,1.50618,1.50618,0,1.16337,1.69344,9.02378e+06,3.61194e+06,1.35914e+07,0,0,0,1.19558e+08
103.622,103.622,3.25696,0.16,0,3.18729,3.24334,0,0.593786,6.16896,4.3421e+06,2.97144e+06,1.38396e+07,0,0,0,0,62.2769,61.308,2.30773,1,1,1.51671,1.54339,0,1.16367,1.69344,9.02378e+06,3.97174e+06,1.36865e+07,0,0,0,1.19558e+08
103.622,103.622,3.20612,0.16,0,3.18813,3.24419,0,0.597298,6.16896,4.3421e+06,2.97144e+06,1.38432e+07,0,0,0,0,62.1581,61.308,2.38714,1,1,1.51711,1.54379,0,1.17181,1.69344,9.02378e+06,3.97174e+06,1.36901e+07,0,0,0,1.19558e+08
103.498,103.622,2.98119,0.16,0,3.18896,3.24504,0,0.597455,6.16896,4.3421e+06,2.97144e+06,1.38468e+07,0,0,0,0,61.9875,61.308,2.26286,1,1,1.51751,1.54419,0,1.17212,1.69344,9.02378e+06,3.97174e+06,1.36936e+07,0,0,0,1.19558e+08
103.166,103.622,2.7503,0.16,0,3.18979,3.24589,0,0.597611,6.16896,4.3421e+06,2.97144e+06,1.38504e+07,0,0,0,0,61.8098,61.308,2.12273,1,1,1.5179,1.5446,0,1.17243,1.69344,9.02378e+06,3.97174e+06,1.36972e+07,0,0,0,1.19558e+08
103.178,103.622,3.29614,0.16,0,3.40372,3.46358,0,0.597767,6.16896,4.3421e+06,2.97144e+06,1.47793e+07,0,0,0,0,61.5187,61.308,2.39327,1,1,1.64902,1.67802,0,1.17273,1.69344,9.02378e+06,3.97174e+06,1.48804e+07,0,0,0,1.19558e+08
102.854,103.622,2.82539,0.16,0,3.40461,3.46448,0,0.637857,6.16896,4.3421e+06,2.97144e+06,1.47832e+07,0,0,0,0,61.0717,61.308,1.76971,1,1,1.64945,1.67846,0,1.27403,1.69344,9.02378e+06,3.97174e+06,1.48843e+07,0,0,0,1.19558e+08
102.773,103.622,3.13148,0.17,0,3.4055,3.46539,0,0.638024,6.16896,4.3421e+06,2.97144e+06,1.4787e+07,0,0,0,0,60.6033,61.308,2.19486,1,1,1.64988,1.6789,0,1.27437,1.69344,9.02378e+06,3.97174e+06,1.48882e+07,0,0,0,1.19558e+08
102.158,103.622,2.55346,0.17,0,3.40639,3.46629,0,0.63819,6.16896,4.3421e+06,2.97144e+06,1.47909e+07,0,0,0,0,60.1033,61.308,1.54183,1,1,1.65031,1.67934,0,1.2747,1.69344,9.02378e+06,3.97174e+06,1.48921e+07,0,0,0,1.19558e+08
102.265,103.622,3.42658,0.17,0,3.40728,3.4672,0,0.638357,6.16896,4.3421e+06,2.97144e+06,1.47948e+07,0,0,0,0,60.0198,61.308,3.10459,1,1,1.65075,1.67978,0,1.27503,1.69344,9.02378e+06,3.97174e+06,1.4896e+07,0,0,0,1.19558e+08
102.911,103.622,4.08023,0.17,0,3.30418,3.36229,0,0.638524,6.16896,4.3421e+06,2.97144e+06,1.43471e+07,0,0,0,0,59.9656,61.308,2.80433,1,1,1.57173,1.59937,0,1.27537,1.69344,9.02378e+06,3.97174e+06,1.4183e+07,0,0,0,1.19558e+08
103.622,103.622,4.41773,0.17,0,3.30505,3.36317,0,0.619204,6.16896,4.3421e+06,2.97144e+06,1.43509e+07,0,0,0,0,59.9265,61.308,2.70304,1,1,1.57214,1.59979,0,1.21432,1.69344,9.02378e+06,3.97174e+06,1.41867e+07,0,0,0,1.19558e+08
103.622,103.622,6.96424,0.15,0,3.30591,3.36405,0,0.619366,6.16896,4.3421e+06,2.97144e+06,1.43546e+07,0,0,0,0,60.4351,61.308,4.60264,1,1,1.57255,1.60021,0,1.21464,1.69344,9.02378e+06,3.97174e+06,1.41904e+07,0,0,0,1.19558e+08
103.622,103.622,6.72255,0.16,0,3.30678,3.36493,0,0.619528,6.16896,4.3421e+06,2.97144e+06,1.43584e+07,0,0,0,0,60.8314,61.308,4.19689,1,1,1.57297,1.60063,0,1.21496,1.69344,9.02378e+06,3.97174e+06,1.41941e+07,0,0,0,1.19558e+08
103.622,103.622,6.88911,0.14,0,3.2222,3.27886,0,0.61969,6.16896,4.3421e+06,2.97144e+06,1.39911e+07,0,0,0,0,61.892,61.308,5.19973,1,1,1.50099,1.52738,0,1.21527,1.69344,9.02378e+06,3.97174e+06,1.35446e+07,0,0,0,1.19558e+08
103.622,103.622,4.37679,0.14,0,3.22304,3.27972,0,0.60384,6.16896,4.3421e+06,2.97144e+06,1.39948e+07,0,0,0,0,62.3362,61.308,4.1465,1,1,1.50138,1.52778,0,1.15966,1.69344,9.02378e+06,3.97174e+06,1.35481e+07,0,0,0,1.19558e+08
103.622,103.622,4.60554,0.15,0,3.22388,3.28058,0,0.603997,6.16896,4.3421e+06,2.97144e+06,1.39984e+07,0,0,0,0,62.3362,61.308,4.232,1,1,1.50177,1.52818,0,1.15997,1.69344,9.02378e+06,3.97174e+06,1.35516e+07,0,0,0,1.19558e+08
103.622,103.622,5.61132,0.2,0,3.22472,3.28143,0,0.604155,6.16896,4.3421e+06,2.97144e+06,1.40021e+07,0,0,0,0,62.3362,61.308,5.13093,1,1,1.50216,1.52858,0,1.16027,1.69344,9.02378e+06,3.97174e+06,1.35552e+07,0,0,0,1.19558e+08
103.622,103.622,5.69443,0.22,0,3.0351,3.0351,0,0.604313,6.16896,4.3421e+06,2.70226e+06,1.31787e+07,0,0,0,0,62.3362,61.308,4.16983,0,1,1.3754,1.3754,0,1.16057,1.69344,9.02378e+06,3.61194e+06,1.24113e+07,0,0,0,1.19558e+08
103.622,103.622,6.28364,0.25,0,3.03589,3.03589,0,0.568777,6.16896,4.3421e+06,2.70226e+06,1.31822e+07,0,0,0,0,62.3362,61.308,5.02627,0,1,1.37576,1.37576,0,1.06263,1.69344,9.02378e+06,3.61194e+06,1.24145e+07,0,0,0,1.19558e+08
103.622,103.622,5.62699,0.27,0,3.03668,3.03668,0,0.568926,6.16896,4.3421e+06,2.70226e+06,1.31856e+07,0,0,0,0,62.3362,61.308,4.25693,0,1,1.37612,1.37612,0,1.06291,1.69344,9.02378e+06,3.61194e+06,1.24178e+07,0,0,0,1.19558e+08
103.622,103.622,6.30988,0.27,0,3.03748,3.03748,0,0.569075,6.16896,4.3421e+06,2.70226e+06,1.3189e+07,0,0,0,0,62.3362,61.308,5.03538,0,1,1.37648,1.37648,0,1.06319,1.69344,9.02378e+06,3.61194e+06,1.2421e+07,0,0,0,1.19558e+08
103.622,103.622,7.01538,0.3,0,3.03827,3.03827,0,0.569223,6.16896,4.3421e+06,2.70226e+06,1.31925e+07,0,0,0,0,62.3362,61.308,4.79722,0,1,1.37684,1.37684,0,1.06347,1.69344,9.02378e+06,3.61194e+06,1.24243e+07,0,0,0,1.19558e+08
103.622,103.622,4.72285,0.32,0,3.13425,3.13425,0,0.569372,6.16896,4.3421e+06,2.70226e+06,1.36092e+07,0,0,0,0,62.3362,61.308,3.26465,0,1,1.42172,1.42172,0,1.06374,1.69344,9.02378e+06,3.61194e+06,1.28293e+07,0,0,0,1.19558e+08
103.622,103.622,5.22462,0.32,0,3.13503,3.13503,0,0.587358,6.16896,4.3421e+06,2.70226e+06,1.36126e+07,0,0,0,0,62.3362,61.308,2.65638,0,1,1.42207,1.42207,0,1.09842,1.69344,9.02378e+06,3.61194e+06,1.28325e+07,0,0,0,1.19558e+08
103.622,103.622,5.51715,0.36,0,3.13582,3.13582,0,0.587505,6.16896,4.3421e+06,2.70226e+06,1.3616e+07,0,0,0,0,62.3362,61.308,2.49418,0,1,1.42243,1.42243,0,1.09869,1.69344,9.02378e+06,3.61194e+06,1.28357e+07,0,0,0,1.19558e+08
103.622,103.622,6.98618,0.37,0,3.1366,3.1366,0,0.587652,6.16896,4.3421e+06,2.70226e+06,1.36194e+07,0,0,0,0,62.3362,61.308,2.57374,0,1,1.42278,1.42278,0,1.09897,1.69344,9.02378e+06,3.61194e+06,1.28389e+07,0,0,0,1.19558e+08
103.622,103.622,7.215,0.39,0,3.38389,3.4434,0,0.587799,6.16896,4.3421e+06,2.97144e+06,1.46932e+07,0,0,0,0,62.3362,61.308,4.14183,1,1,1.56298,1.59047,0,1.09924,1.69344,9.02378e+06,3.97174e+06,1.4104e+07,0,0,0,1.19558e+08
103.622,103.622,7.84263,0.39,0,3.38473,3.44426,0,0.63414,6.16896,4.3421e+06,2.97144e+06,1.46969e+07,0,0,0,0,62.0981,61.308,4.84176,1,1,1.56337,1.59087,0,1.20756,1.69344,9.02378e+06,3.97174e+06,1.41075e+07,0,0,0,1.19558e+08
103.622,103.622,5.35473,0.39,0,3.38558,3.44512,0,0.634299,6.16896,4.3421e+06,2.97144e+06,1.47005e+07,0,0,0,0,61.6231,61.308,2.26388,1,1,1.56376,1.59126,0,1.20786,1.69344,9.02378e+06,3.97174e+06,1.41111e+07,0,0,0,1.19558e+08
103.622,103.622,4.29485,0.39,0,3.38642,3.44598,0,0.634457,6.16896,4.3421e+06,2.97144e+06,1.47042e+07,0,0,0,0,61.4772,61.308,1.64203,1,1,1.56415,1.59166,0,1.20816,1.69344,9.02378e+06,3.97174e+06,1.41146e+07,0,0,0,1.19558e+08
103.622,103.622,4.6687,0.36,0,3.00993,3.00993,0,0.634616,6.16896,4.3421e+06,2.70226e+06,1.30694e+07,0,0,0,0,61.9693,61.308,2.75501,0,1,1.36728,1.36728,0,1.20847,1.69344,9.02378e+06,3.61194e+06,1.2338e+07,0,0,0,1.19558e+08
103.622,103.622,4.38254,0.39,0,2.95865,3.01068,0,0.564061,6.16896,4.3421e+06,2.97144e+06,1.28468e+07,0,0,0,0,62.3362,61.308,3.24623,0,1,1.34398,1.36762,0,1.05636,1.69344,9.02378e+06,3.97174e+06,1.21278e+07,0,0,0,1.19558e+08
103.622,103.622,7.97358,0.39,0,2.95939,3.01143,0,0.554451,6.16896,4.3421e+06,2.97144e+06,1.285e+07,0,0,0,0,62.3362,61.308,5.55655,0,1,1.34432,1.36796,0,1.03836,1.69344,9.02378e+06,3.97174e+06,1.21308e+07,0,0,0,1.19558e+08
103.622,103.622,7.95345,0.39,0,2.96013,3.01219,0,0.55459,6.16896,4.3421e+06,2.97144e+06,1.28532e+07,0,0,0,0,62.3362,61.308,6.62097,0,1,1.34465,1.3683,0,1.03862,1.69344,9.02378e+06,3.97174e+06,1.21339e+07,0,0,0,1.19558e+08
103.622,103.622,5.91281,0.39,0,2.96087,3.01294,0,0.554728,6.16896,4.3421e+06,2.97144e+06,1.28564e+07,0,0,0,0,62.3362,61.308,4.64497,0,1,1.34499,1.36864,0,1.03888,1.69344,9.02378e+06,3.97174e+06,1.21369e+07,0,0,0,1.19558e+08
103.622,103.622,4.40595,0.39,0,3.06982,3.1238,0,0.554867,6.16896,4.3421e+06,2.97144e+06,1.33295e+07,0,0,0,0,62.3362,61.308,4.09176,0,1,1.39943,1.42404,0,1.03914,1.69344,9.02378e+06,3.97174e+06,1.26282e+07,0,0,0,1.19558e+08
103.622,103.622,5.63588,0.39,0,3.07058,3.12458,0,0.575284,6.16896,4.3421e+06,2.97144e+06,1.33328e+07,0,0,0,0,62.3362,61.308,5.95081,0,1,1.39978,1.4244,0,1.0812,1.69344,9.02378e+06,3.97174e+06,1.26313e+07,0,0,0,1.19558e+08
103.622,103.622,4.03841,0.37,0,3.12536,3.12536,0,0.575428,6.16896,4.3421e+06,2.70226e+06,1.35707e+07,0,0,0,0,62.3362,61.308,4.03466,0,1,1.42475,1.42475,0,1.08147,1.69344,9.02378e+06,3.61194e+06,1.28567e+07,0,0,0,1.19558e+08
103.622,103.622,3.43812,0.37,0,3.12614,3.12614,0,0.585693,6.16896,4.3421e+06,2.70226e+06,1.3574e+07,0,0,0,0,62.3362,61.308,3.45133,0,1,1.42511,1.42511,0,1.10077,1.69344,9.02378e+06,3.61194e+06,1.28599e+07,0,0,0,1.19558e+08
103.622,103.622,3.50472,0.35,0,3.08383,3.08383,0,0.58584,6.16896,4.3421e+06,2.70226e+06,1.33903e+07,0,0,0,0,62.3362,61.308,2.57229,0,1,1.40406,1.40406,0,1.10104,1.69344,9.02378e+06,3.61194e+06,1.26699e+07,0,0,0,1.19558e+08
103.622,103.622,3.41751,0.36,0,3.0846,3.0846,0,0.577909,6.16896,4.3421e+06,2.70226e+06,1.33936e+07,0,0,0,0,62.3362,61.308,2.44951,0,1,1.40441,1.40441,0,1.08478,1.69344,9.02378e+06,3.61194e+06,1.26731e+07,0,0,0,1.19558e+08
103.582,103.622,3.08028,0.33,0,3.08537,3.08537,0,0.578054,6.16896,4.3421e+06,2.70226e+06,1.3397e+07,0,0,0,0,62.3362,61.308,2.32949,0,1,1.40476,1.40476,0,1.08505,1.69344,9.02378e+06,3.61194e+06,1.26763e+07,0,0,0,1.19558e+08
103.424,103.622,2.92306,0.33,0,3.08614,3.08614,0,0.578198,6.16896,4.3421e+06,2.70226e+06,1.34003e+07,0,0,0,0,62.2726,61.308,2.09653,0,1,1.40511,1.40511,0,1.08532,1.69344,9.02378e+06,3.61194e+06,1.26794e+07,0,0,0,1.19558e+08
102.902,103.622,2.64221,0.31,0,3.23334,3.23334,0,0.578342,6.16896,4.3421e+06,2.70226e+06,1.40395e+07,0,0,0,0,62.1707,61.308,1.93009,0,1,1.48145,1.48145,0,1.08559,1.69344,9.02378e+06,3.61194e+06,1.33683e+07,0,0,0,1.19558e+08
102.418,103.622,2.64226,0.28,0,3.23415,3.23415,0,0.605928,6.16896,4.3421e+06,2.70226e+06,1.4043e+07,0,0,0,0,62.1034,61.308,2.30046,0,1,1.48182,1.48182,0,1.14457,1.69344,9.02378e+06,3.61194e+06,1.33716e+07,0,0,0,1.19558e+08
101.732,103.622,2.35049,0.24,0,3.23495,3.23495,0,0.606079,6.16896,4.3421e+06,2.70226e+06,1.40465e+07,0,0,0,0,61.8088,61.308,1.93547,0,1,1.48219,1.48219,0,1.14485,1.69344,9.02378e+06,3.61194e+06,1.33749e+07,0,0,0,1.19558e+08
100.918,103.622,2.19277,0.23,0,3.23576,3.23576,0,0.606231,6.16896,4.3421e+06,2.70226e+06,1.405e+07,0,0,0,0,61.2752,61.308,1.64135,0,1,1.48256,1.48256,0,1.14514,1.69344,9.02378e+06,3.61194e+06,1.33783e+07,0,0,0,1.19558e+08
99.8927,103.622,1.94474,0.21,0,3.23657,3.23657,0,0.606382,6.16896,4.3421e+06,2.70226e+06,1.40535e+07,0,0,0,0,60.4433,61.308,1.45564,0,1,1.48293,1.48293,0,1.14542,1.69344,9.02378e+06,3.61194e+06,1.33816e+07,0,0,0,1.19558e+08
98.4129,103.622,1.35859,0.19,0,3.15293,3.20838,0,0.606533,6.16896,4.3421e+06,2.97144e+06,1.36904e+07,0,0,0,0,59.7223,61.308,1.24457,1,1,1.49876,1.52511,0,1.14571,1.69344,9.02378e+06,3.97174e+06,1.35244e+07,0,0,0,1.19558e+08
96.944,103.622,1.35604,0.19,0,3.15372,3.20918,0,0.59086,6.16896,4.3421e+06,2.97144e+06,1.36938e+07,0,0,0,0,59.0112,61.308,1.3005,1,1,1.49913,1.52549,0,1.15794,1.69344,9.02378e+06,3.97174e+06,1.35278e+07,0,0,0,1.19558e+08
95.4495,103.622,1.30572,0.18,0,3.15451,3.20998,0,0.591007,6.16896,4.3421e+06,2.97144e+06,1.36972e+07,0,0,0,0,58.162,61.308,1.29496,1,1,1.4995,1.52587,0,1.15823,1.69344,9.02378e+06,3.97174e+06,1.35312e+07,0,0,0,1.19558e+08
93.8647,103.622,1.16301,0.22,0,3.15529,3.21078,0,0.591154,6.16896,4.3421e+06,2.97144e+06,1.37006e+07,0,0,0,0,57.1811,61.308,1.15866,1,1,1.49988,1.52625,0,1.15852,1.69344,9.02378e+06,3.97174e+06,1.35346e+07,0,0,0,1.19558e+08
92.219,103.622,1.13456,0.22,0,3.22974,3.28653,0,0.591302,6.16896,4.3421e+06,2.97144e+06,1.40238e+07,0,0,0,0,56.321,61.308,1.10294,1,1,1.53691,1.56394,0,1.1588,1.69344,9.02378e+06,3.97174e+06,1.38687e+07,0,0,0,1.19558e+08
90.7382,103.622,1.3029,0.22,0,3.23054,3.28735,0,0.605252,6.16896,4.3421e+06,2.97144e+06,1.40273e+07,0,0,0,0,55.6548,61.308,1.35487,1,1,1.53729,1.56433,0,1.18742,1.69344,9.02378e+06,3.97174e+06,1.38722e+07,0,0,0,1.19558e+08
89.1893,103.622,1.19527,0.2,0,3.23135,3.28817,0,0.605403,6.16896,4.3421e+06,2.97144e+06,1.40308e+07,0,0,0,0,54.782,61.308,1.33457,1,1,1.53768,1.56472,0,1.18771,1.69344,9.02378e+06,3.97174e+06,1.38757e+07,0,0,0,1.19558e+08
87.5758,103.622,1.09306,0.23,0,3.23215,3.28899,0,0.605554,6.16896,4.3421e+06,2.97144e+06,1.40343e+07,0,0,0,0,53.785,61.308,1.16995,1,1,1.53806,1.56511,0,1.18801,1.69344,9.02378e+06,3.97174e+06,1.38791e+07,0,0,0,1.19558e+08
85.7909,103.622,1.04707,0.22,0,3.44887,3.50952,0,0.605705,6.16896,4.3421e+06,2.97144e+06,1.49754e+07,0,0,0,0,52.5094,61.308,1.10155,1,1,1.6709,1.70028,0,1.1883,1.69344,9.02378e+06,3.97174e+06,1.50778e+07,0,0,0,1.19558e+08
83.9684,103.622,1.00376,0.21,0,3.44973,3.5104,0,0.646319,6.16896,4.3421e+06,2.97144e+06,1.49791e+07,0,0,0,0,51.6027,61.308,0.943661,1,1,1.67131,1.7007,0,1.29093,1.69344,9.02378e+06,3.97174e+06,1.50816e+07,0,0,0,1.19558e+08
82.123,103.622,0.957055,0.22,0,3.45059,3.51127,0,0.64648,6.16896,4.3421e+06,2.97144e+06,1.49828e+07,0,0,0,0,50.7007,61.308,1.26351,1,1,1.67173,1.70113,0,1.29126,1.69344,9.02378e+06,3.97174e+06,1.50853e+07,0,0,0,1.19558e+08
80.2671,103.622,0.909681,0.25,0,3.45145,3.51215,0,0.646641,6.16896,4.3421e+06,2.97144e+06,1.49866e+07,0,0,0,0,49.8181,61.308,1.24796,1,1,1.67215,1.70155,0,1.29158,1.69344,9.02378e+06,3.97174e+06,1.50891e+07,0,0,0,1.19558e+08
78.3996,103.622,0.861988,0.26,0,3.45231,3.51302,0,0.646802,6.16896,4.3421e+06,2.97144e+06,1.49903e+07,0,0,0,0,48.7759,61.308,1.28502,1,1,1.67256,1.70198,0,1.2919,1.69344,9.02378e+06,3.97174e+06,1.50928e+07,0,0,0,1.19558e+08
76.4024,103.622,0.606224,0.28,0,3.34781,3.40669,0,0.646963,6.16896,4.3421e+06,2.97144e+06,1.45365e+07,0,0,0,0,47.6601,61.308,1.04728,1,1,1.59248,1.62049,0,1.29222,1.69344,9.02378e+06,3.97174e+06,1.43702e+07,0,0,0,1.19558e+08
74.3633,103.622,0.516441,0.27,0,3.34864,3.40753,0,0.62738,6.16896,4.3421e+06,2.97144e+06,1.45402e+07,0,0,0,0,46.6662,61.308,0.928513,1,1,1.59288,1.62089,0,1.23035,1.69344,9.02378e+06,3.97174e+06,1.43738e+07,0,0,0,1.19558e+08
72.6078,103.622,0.943188,0.32,0,3.34948,3.40838,0,0.627536,6.16896,4.3421e+06,2.97144e+06,1.45438e+07,0,0,0,0,46.2114,61.308,1.24894,1,1,1.59328,1.6213,0,1.23066,1.69344,9.02378e+06,3.97174e+06,1.43774e+07,0,0,0,1.19558e+08
71.5454,103.622,1.76854,0.31,0,3.35031,3.40923,0,0.627692,6.16896,4.3421e+06,2.97144e+06,1.45474e+07,0,0,0,0,46.1327,61.308,1.79279,1,1,1.59367,1.6217,0,1.23097,1.69344,9.02378e+06,3.97174e+06,1.4381e+07,0,0,0,1.19558e+08
70.1056,103.622,1.17312,0.32,0,3.26458,3.32199,0,0.627848,6.16896,4.3421e+06,2.97144e+06,1.41751e+07,0,0,0,0,45.9564,61.308,1.69285,1,1,1.52073,1.54747,0,1.23127,1.69344,9.02378e+06,3.97174e+06,1.37227e+07,0,0,0,1.19558e+08
69.8597,103.622,2.52909,0.32,0,3.26539,3.32282,0,0.611782,6.16896,4.3421e+06,2.97144e+06,1.41787e+07,0,0,0,0,46.0277,61.308,2.5379,1,1,1.52111,1.54786,0,1.17491,1.69344,9.02378e+06,3.97174e+06,1.37261e+07,0,0,0,1.19558e+08
70.8513,103.622,3.98764,0.33,0,3.2662,3.32364,0,0.611934,6.16896,4.3421e+06,2.97144e+06,1.41822e+07,0,0,0,0,46.8834,61.308,4.62141,1,1,1.52149,1.54824,0,1.17521,1.69344,9.02378e+06,3.97174e+06,1.37295e+07,0,0,0,1.19558e+08
70.6277,103.622,2.73121,0.34,0,3.26702,3.32447,0,0.612086,6.16896,4.3421e+06,2.97144e+06,1.41857e+07,0,0,0,0,47.3552,61.308,3.82554,1,1,1.52186,1.54863,0,1.1755,1.69344,9.02378e+06,3.97174e+06,1.3733e+07,0,0,0,1.19558e+08
73.7846,103.622,6.30081,0.34,0,3.07487,3.07487,0,0.612239,6.16896,4.3421e+06,2.70226e+06,1.33514e+07,0,0,0,0,48.9507,61.308,5.09196,0,1,1.39342,1.39342,0,1.17579,1.69344,9.02378e+06,3.61194e+06,1.25739e+07,0,0,0,1.19558e+08
75.9997,103.622,5.31865,0.34,0,3.07563,3.07563,0,0.57623,6.16896,4.3421e+06,2.70226e+06,1.33547e+07,0,0,0,0,50.8638,61.308,7.36525,0,1,1.39377,1.39377,0,1.07656,1.69344,9.02378e+06,3.61194e+06,1.2577e+07,0,0,0,1.19558e+08
76.5893,103.622,3.5349,0.29,0,3.0764,3.0764,0,0.576373,6.16896,4.3421e+06,2.70226e+06,1.3358e+07,0,0,0,0,51.7688,61.308,4.01436,0,1,1.39411,1.39411,0,1.07682,1.69344,9.02378e+06,3.61194e+06,1.25802e+07,0,0,0,1.19558e+08
77.7716,103.622,4.29313,0.31,0,3.07716,3.07716,0,0.576517,6.16896,4.3421e+06,2.70226e+06,1.33614e+07,0,0,0,0,52.7454,61.308,4.49688,0,1,1.39446,1.39446,0,1.07709,1.69344,9.02378e+06,3.61194e+06,1.25833e+07,0,0,0,1.19558e+08
79.0321,103.622,4.5114,0.32,0,3.07793,3.07793,0,0.57666,6.16896,4.3421e+06,2.70226e+06,1.33647e+07,0,0,0,0,54.0135,61.308,4.98339,0,1,1.39481,1.39481,0,1.07736,1.69344,9.02378e+06,3.61194e+06,1.25864e+07,0,0,0,1.19558e+08
83.447,103.622,7.76439,0.35,0,3.17512,3.17512,0,0.576803,6.16896,4.3421e+06,2.70226e+06,1.37867e+07,0,0,0,0,54.5598,61.308,4.15895,0,1,1.44026,1.44026,0,1.07763,1.69344,9.02378e+06,3.61194e+06,1.29965e+07,0,0,0,1.19558e+08
89.0318,103.622,9.11434,0.32,0,3.17587,3.17587,0,0.595017,6.16896,4.3421e+06,2.70226e+06,1.379e+07,0,0,0,0,55.3164,61.308,4.17272,0,1,1.4406,1.4406,0,1.11274,1.69344,9.02378e+06,3.61194e+06,1.29996e+07,0,0,0,1.19558e+08
91.0131,103.622,5.26423,0.33,0,3.17663,3.17663,0,0.595159,6.16896,4.3421e+06,2.70226e+06,1.37932e+07,0,0,0,0,55.6389,61.308,3.0558,0,1,1.44094,1.44094,0,1.11301,1.69344,9.02378e+06,3.61194e+06,1.30027e+07,0,0,0,1.19558e+08
91.9512,103.622,4.19726,0.28,0,3.17738,3.17738,0,0.5953,6.16896,4.3421e+06,2.70226e+06,1.37965e+07,0,0,0,0,55.853,61.308,2.80301,0,1,1.44128,1.44128,0,1.11327,1.69344,9.02378e+06,3.61194e+06,1.30058e+07,0,0,0,1.19558e+08
96.0355,103.622,7.62485,0.3,0,3.42784,3.48813,0,0.595441,6.16896,4.3421e+06,2.97144e+06,1.48841e+07,0,0,0,0,56.2179,61.308,4.06356,1,1,1.58329,1.61113,0,1.11354,1.69344,9.02378e+06,3.97174e+06,1.42872e+07,0,0,0,1.19558e+08
100.536,103.622,8.1006,0.32,0,3.42866,3.48895,0,0.642378,6.16896,4.3421e+06,2.97144e+06,1.48876e+07,0,0,0,0,55.9364,61.308,3.12097,1,1,1.58366,1.61151,0,1.22325,1.69344,9.02378e+06,3.97174e+06,1.42906e+07,0,0,0,1.19558e+08
101.449,103.622,4.29962,0.27,0,3.42947,3.48978,0,0.64253,6.16896,4.3421e+06,2.97144e+06,1.48911e+07,0,0,0,0,55.6267,61.308,1.84868,1,1,1.58404,1.6119,0,1.22354,1.69344,9.02378e+06,3.97174e+06,1.4294e+07,0,0,0,1.19558e+08
103.467,103.622,5.49343,0.27,0,3.43029,3.49061,0,0.642683,6.16896,4.3421e+06,2.97144e+06,1.48947e+07,0,0,0,0,55.4011,61.308,2.29055,1,1,1.58441,1.61228,0,1.22383,1.69344,9.02378e+06,3.97174e+06,1.42974e+07,0,0,0,1.19558e+08
103.622,103.622,4.60243,0.29,0,3.04888,3.04888,0,0.642836,6.16896,4.3421e+06,2.70226e+06,1.32386e+07,0,0,0,0,55.5925,61.308,2.61776,0,1,1.38497,1.38497,0,1.22412,1.69344,9.02378e+06,3.61194e+06,1.24976e+07,0,0,0,1.19558e+08
103.622,103.622,4.55069,0.29,0,3.0496,3.0496,0,0.57136,6.16896,4.3421e+06,2.70226e+06,1.32417e+07,0,0,0,0,55.9328,61.308,3.03696,0,1,1.3853,1.3853,0,1.07003,1.69344,9.02378e+06,3.61194e+06,1.25006e+07,0,0,0,1.19558e+08
103.622,103.622,6.25996,0.31,0,3.05033,3.05033,0,0.571496,6.16896,4.3421e+06,2.70226e+06,1.32448e+07,0,0,0,0,56.3593,61.308,3.14184,0,1,1.38563,1.38563,0,1.07028,1.69344,9.02378e+06,3.61194e+06,1.25036e+07,0,0,0,1.19558e+08
103.622,103.622,6.78696,0.33,0,3.05105,3.05105,0,0.571631,6.16896,4.3421e+06,2.70226e+06,1.3248e+07,0,0,0,0,56.6765,61.308,3.22922,0,1,1.38596,1.38596,0,1.07053,1.69344,9.02378e+06,3.61194e+06,1.25066e+07,0,0,0,1.19558e+08
103.622,103.622,6.20584,0.37,0,3.05178,3.05178,0,0.571767,6.16896,4.3421e+06,2.70226e+06,1.32511e+07,0,0,0,0,57.0129,61.308,3.26641,0,1,1.38628,1.38628,0,1.07079,1.69344,9.02378e+06,3.61194e+06,1.25095e+07,0,0,0,1.19558e+08
103.622,103.622,4.77176,0.4,0,2.89062,3.16403,0,0.571903,6.16896,4.3421e+06,3.56573e+06,1.25514e+07,0,0,0,0,57.0793,61.308,2.23642,0,1,1.31774,1.44238,0,1.07104,1.69344,9.02378e+06,4.76609e+06,1.1891e+07,0,0,0,1.19558e+08
103.622,103.622,4.37185,0.42,0,2.89131,3.16478,0,0.541703,6.16896,4.3421e+06,3.56573e+06,1.25544e+07,0,0,0,0,57.2328,61.308,1.99617,0,1,1.31806,1.44272,0,1.01809,1.69344,9.02378e+06,4.76609e+06,1.18939e+07,0,0,0,1.19558e+08
103.622,103.622,3.89132,0.42,0,2.892,3.16554,0,0.541832,6.16896,4.3421e+06,3.56573e+06,1.25574e+07,0,0,0,0,57.2351,61.308,2.1599,0,1,1.31837,1.44307,0,1.01833,1.69344,9.02378e+06,4.76609e+06,1.18967e+07,0,0,0,1.19558e+08
103.622,103.622,3.81632,0.4,0,2.89268,3.16629,0,0.54196,6.16896,4.3421e+06,3.56573e+06,1.25603e+07,0,0,0,0,57.2605,61.308,1.96104,0,1,1.31868,1.44341,0,1.01857,1.69344,9.02378e+06,4.76609e+06,1.18995e+07,0,0,0,1.19558e+08
103.622,103.622,4.72667,0.4,0,2.85349,3.12339,0,0.542089,6.16896,4.3421e+06,3.56573e+06,1.23902e+07,0,0,0,0,57.4798,61.308,2.58516,0,1,1.29919,1.42207,0,1.01881,1.69344,9.02378e+06,4.76609e+06,1.17236e+07,0,0,0,1.19558e+08
103.622,103.622,3.68791,0.39,0,3.07014,3.12413,0,0.534744,6.16896,4.3421e+06,2.97144e+06,1.33309e+07,0,0,0,0,57.5491,61.308,2.14958,0,1,1.39783,1.42241,0,1.00375,1.69344,9.02378e+06,3.97174e+06,1.26137e+07,0,0,0,1.19558e+08
103.622,103.622,3.34386,0.39,0,3.07087,3.12487,0,0.575344,6.16896,4.3421e+06,2.97144e+06,1.3334e+07,0,0,0,0,57.539,61.308,1.91677,0,1,1.39816,1.42275,0,1.07996,1.69344,9.02378e+06,3.97174e+06,1.26167e+07,0,0,0,1.19558e+08
103.622,103.622,3.26645,0.35,0,3.12561,3.12561,0,0.57548,6.16896,4.3421e+06,2.70226e+06,1.35717e+07,0,0,0,0,57.5082,61.308,2.05998,0,1,1.42308,1.42308,0,1.08022,1.69344,9.02378e+06,3.61194e+06,1.28416e+07,0,0,0,1.19558e+08
103.622,103.622,3.1835,0.35,0,3.27466,3.27466,0,0.58574,6.16896,4.3421e+06,2.70226e+06,1.42189e+07,0,0,0,0,57.3879,61.308,1.96865,0,1,1.50038,1.50038,0,1.09948,1.69344,9.02378e+06,3.61194e+06,1.35391e+07,0,0,0,1.19558e+08
103.622,103.622,3.1347,0.32,0,3.27544,3.27544,0,0.613671,6.16896,4.3421e+06,2.70226e+06,1.42223e+07,0,0,0,0,57.2799,61.308,2.07784,0,1,1.50074,1.50074,0,1.15919,1.69344,9.02378e+06,3.61194e+06,1.35423e+07,0,0,0,1.19558e+08
103.588,103.622,3.05484,0.28,0,3.27621,3.27621,0,0.613817,6.16896,4.3421e+06,2.70226e+06,1.42257e+07,0,0,0,0,57.2087,61.308,2.09777,0,1,1.50109,1.50109,0,1.15947,1.69344,9.02378e+06,3.61194e+06,1.35455e+07,0,0,0,1.19558e+08
103.413,103.622,2.89276,0.25,0,3.27699,3.27699,0,0.613962,6.16896,4.3421e+06,2.70226e+06,1.4229e+07,0,0,0,0,57.1149,61.308,2.01753,0,1,1.50145,1.50145,0,1.15974,1.69344,9.02378e+06,3.61194e+06,1.35487e+07,0,0,0,1.19558e+08
103.055,103.622,2.68753,0.24,0,3.27777,3.27777,0,0.614108,6.16896,4.3421e+06,2.70226e+06,1.42324e+07,0,0,0,0,57.0138,61.308,1.92579,0,1,1.5018,1.5018,0,1.16002,1.69344,9.02378e+06,3.61194e+06,1.35519e+07,0,0,0,1.19558e+08
102.545,103.622,2.42746,0.22,0,3.19303,3.24918,0,0.614254,6.16896,4.3421e+06,2.97144e+06,1.38645e+07,0,0,0,0,57.0451,61.308,2.21574,1,1,1.51781,1.54451,0,1.16029,1.69344,9.02378e+06,3.97174e+06,1.36964e+07,0,0,0,1.19558e+08
101.834,103.622,2.21261,0.21,0,3.19379,3.24995,0,0.598374,6.16896,4.3421e+06,2.97144e+06,1.38678e+07,0,0,0,0,57.0258,61.308,2.10953,1,1,1.51817,1.54487,0,1.17266,1.69344,9.02378e+06,3.97174e+06,1.36997e+07,0,0,0,1.19558e+08
100.958,103.622,2.01927,0.19,0,3.19454,3.25072,0,0.598515,6.16896,4.3421e+06,2.97144e+06,1.3871e+07,0,0,0,0,56.9747,61.308,1.93703,1,1,1.51853,1.54524,0,1.17294,1.69344,9.02378e+06,3.97174e+06,1.37029e+07,0,0,0,1.19558e+08
100.028,103.622,1.9132,0.19,0,3.1953,3.25149,0,0.598657,6.16896,4.3421e+06,2.97144e+06,1.38743e+07,0,0,0,0,56.6405,61.308,1.91239,1,1,1.51889,1.54561,0,1.17322,1.69344,9.02378e+06,3.97174e+06,1.37062e+07,0,0,0,1.19558e+08
98.9686,103.622,1.81368,0.17,0,3.27065,3.32817,0,0.598799,6.16896,4.3421e+06,2.97144e+06,1.42015e+07,0,0,0,0,55.9968,61.308,1.62861,1,1,1.55638,1.58375,0,1.1735,1.69344,9.02378e+06,3.97174e+06,1.40444e+07,0,0,0,1.19558e+08
97.7658,103.622,1.64911,0.17,0,3.27142,3.32895,0,0.612919,6.16896,4.3421e+06,2.97144e+06,1.42049e+07,0,0,0,0,55.2571,61.308,1.39181,1,1,1.55675,1.58413,0,1.20246,1.69344,9.02378e+06,3.97174e+06,1.40477e+07,0,0,0,1.19558e+08
96.4417,103.622,1.50678,0.16,0,3.2722,3.32974,0,0.613065,6.16896,4.3421e+06,2.97144e+06,1.42082e+07,0,0,0,0,54.4988,61.308,1.31867,1,1,1.55712,1.5845,0,1.20274,1.69344,9.02378e+06,3.97174e+06,1.40511e+07,0,0,0,1.19558e+08
94.9452,103.622,1.29814,0.2,0,3.27297,3.33053,0,0.61321,6.16896,4.3421e+06,2.97144e+06,1.42116e+07,0,0,0,0,53.6871,61.308,1.30871,1,1,1.55749,1.58488,0,1.20303,1.69344,9.02378e+06,3.97174e+06,1.40544e+07,0,0,0,1.19558e+08
93.2979,103.622,1.28069,0.19,0,3.49239,3.55381,0,0.613355,6.16896,4.3421e+06,2.97144e+06,1.51643e+07,0,0,0,0,52.7009,61.308,1.23881,1,1,1.69198,1.72174,0,1.20331,1.69344,9.02378e+06,3.97174e+06,1.52681e+07,0,0,0,1.19558e+08
91.9705,103.622,1.57344,0.19,0,3.49322,3.55465,0,0.654474,6.16896,4.3421e+06,2.97144e+06,1.51679e+07,0,0,0,0,51.6977,61.308,1.23317,1,1,1.69238,1.72214,0,1.30722,1.69344,9.02378e+06,3.97174e+06,1.52717e+07,0,0,0,1.19558e+08
90.4876,103.622,1.41599,0.19,0,3.49404,3.55549,0,0.654629,6.16896,4.3421e+06,2.97144e+06,1.51715e+07,0,0,0,0,50.7254,61.308,1.18217,1,1,1.69278,1.72255,0,1.30753,1.69344,9.02378e+06,3.97174e+06,1.52753e+07,0,0,0,1.19558e+08
89.0507,103.622,1.43404,0.19,0,3.49487,3.55633,0,0.654784,6.16896,4.3421e+06,2.97144e+06,1.51751e+07,0,0,0,0,50.0149,61.308,1.28614,1,1,1.69318,1.72296,0,1.30784,1.69344,9.02378e+06,3.97174e+06,1.52789e+07,0,0,0,1.19558e+08
87.6437,103.622,1.47301,0.23,0,3.4957,3.55718,0,0.654939,6.16896,4.3421e+06,2.97144e+06,1.51787e+07,0,0,0,0,49.5319,61.308,1.48938,1,1,1.69344,1.72337,0.000143932,1.30815,1.69344,9.02378e+06,3.97174e+06,1.52812e+07,0,0,0,1.19558e+08
86.7096,103.622,1.91546,0.23,0,3.38985,3.44946,0,0.655094,6.16896,4.3421e+06,2.97144e+06,1.47191e+07,0,0,0,0,49.9927,61.308,3.96363,1,1,1.61248,1.64084,0,1.30835,1.69344,9.02378e+06,3.97174e+06,1.45507e+07,0,0,0,1.19558e+08
86.4381,103.622,2.5796,0.23,0,3.39065,3.45028,0,0.635257,6.16896,4.3421e+06,2.97144e+06,1.47226e+07,0,0,0,0,50.5861,61.308,4.42176,1,1,1.61286,1.64123,0,1.2458,1.69344,9.02378e+06,3.97174e+06,1.45541e+07,0,0,0,1.19558e+08
87.0397,103.622,3.65345,0.22,0,3.39145,3.45109,0,0.635407,6.16896,4.3421e+06,2.97144e+06,1.4726e+07,0,0,0,0,52.0818,61.308,7.24986,1,1,1.61324,1.64161,0,1.2461,1.69344,9.02378e+06,3.97174e+06,1.45576e+07,0,0,0,1.19558e+08
87.1583,103.622,3.12214,0.22,0,3.39225,3.45191,0,0.635558,6.16896,4.3421e+06,2.97144e+06,1.47295e+07,0,0,0,0,52.9602,61.308,5.2771,1,1,1.61363,1.642,0,1.24639,1.69344,9.02378e+06,3.97174e+06,1.4561e+07,0,0,0,1.19558e+08
88.7846,103.622,4.83143,0.24,0,3.30541,3.36354,0,0.635709,6.16896,4.3421e+06,2.97144e+06,1.43524e+07,0,0,0,0,54.443,61.308,6.06336,1,1,1.53975,1.56683,0,1.24669,1.69344,9.02378e+06,3.97174e+06,1.38943e+07,0,0,0,1.19558e+08
90.6776,103.622,5.28847,0.24,0,3.30619,3.36433,0,0.619433,6.16896,4.3421e+06,2.97144e+06,1.43558e+07,0,0,0,0,56.3233,61.308,7.45317,1,1,1.54011,1.5672,0,1.18961,1.69344,9.02378e+06,3.97174e+06,1.38976e+07,0,0,0,1.19558e+08
95.0967,103.622,8.1428,0.19,0,3.30697,3.36513,0,0.61958,6.16896,4.3421e+06,2.97144e+06,1.43592e+07,0,0,0,0,59.6793,61.308,10.7906,1,1,1.54048,1.56757,0,1.18989,1.69344,9.02378e+06,3.97174e+06,1.39009e+07,0,0,0,1.19558e+08
98.5249,103.622,7.22232,0.19,0,3.30776,3.36593,0,0.619727,6.16896,4.3421e+06,2.97144e+06,1.43626e+07,0,0,0,0,62.3362,61.308,10.5597,1,1,1.54084,1.56794,0,1.19017,1.69344,9.02378e+06,3.97174e+06,1.39042e+07,0,0,0,1.19558e+08
101.477,103.622,6.50165,0.16,0,3.11317,3.11317,0,0.619873,6.16896,4.3421e+06,2.70226e+06,1.35177e+07,0,0,0,0,62.3362,61.308,7.79204,0,1,1.41078,1.41078,0,1.19045,1.69344,9.02378e+06,3.61194e+06,1.27306e+07,0,0,0,1.19558e+08
103.622,103.622,7.31511,0.18,0,3.11391,3.11391,0,0.583408,6.16896,4.3421e+06,2.70226e+06,1.35209e+07,0,0,0,0,62.3362,61.308,9.17351,0,1,1.41111,1.41111,0,1.08997,1.69344,9.02378e+06,3.61194e+06,1.27336e+07,0,0,0,1.19558e+08
103.622,103.622,5.68453,0.18,0,3.11464,3.11464,0,0.583546,6.16896,4.3421e+06,2.70226e+06,1.35241e+07,0,0,0,0,62.3362,61.308,5.59064,0,1,1.41145,1.41145,0,1.09023,1.69344,9.02378e+06,3.61194e+06,1.27366e+07,0,0,0,1.19558e+08
103.622,103.622,5.76106,0.2,0,3.11538,3.11538,0,0.583684,6.16896,4.3421e+06,2.70226e+06,1.35273e+07,0,0,0,0,62.3362,61.308,3.23443,0,1,1.41178,1.41178,0,1.09048,1.69344,9.02378e+06,3.61194e+06,1.27396e+07,0,0,0,1.19558e+08
103.622,103.622,4.88875,0.21,0,3.11612,3.11612,0,0.583822,6.16896,4.3421e+06,2.70226e+06,1.35305e+07,0,0,0,0,62.3362,61.308,3.14802,0,1,1.41211,1.41211,0,1.09074,1.69344,9.02378e+06,3.61194e+06,1.27426e+07,0,0,0,1.19558e+08
103.622,103.622,9.02781,0.22,0,3.21448,3.21448,0,0.583961,6.16896,4.3421e+06,2.70226e+06,1.39576e+07,0,0,0,0,62.3362,61.308,8.61178,0,1,1.45811,1.45811,0,1.091,1.69344,9.02378e+06,3.61194e+06,1.31577e+07,0,0,0,1.19558e+08
103.622,103.622,6.84511,0.22,0,3.2152,3.2152,0,0.602393,6.16896,4.3421e+06,2.70226e+06,1.39607e+07,0,0,0,0,62.3362,61.308,7.90519,0,1,1.45844,1.45844,0,1.12653,1.69344,9.02378e+06,3.61194e+06,1.31606e+07,0,0,0,1.19558e+08
103.622,103.622,7.36333,0.24,0,3.21592,3.21592,0,0.602529,6.16896,4.3421e+06,2.70226e+06,1.39639e+07,0,0,0,0,62.3362,61.308,7.99233,0,1,1.45877,1.45877,0,1.12679,1.69344,9.02378e+06,3.61194e+06,1.31636e+07,0,0,0,1.19558e+08
103.622,103.622,7.45889,0.24,0,3.21665,3.21665,0,0.602664,6.16896,4.3421e+06,2.70226e+06,1.3967e+07,0,0,0,0,62.3362,61.308,8.26958,0,1,1.4591,1.4591,0,1.12704,1.69344,9.02378e+06,3.61194e+06,1.31666e+07,0,0,0,1.19558e+08
103.622,103.622,6.77639,0.26,0,3.47016,3.53119,0,0.6028,6.16896,4.3421e+06,2.97144e+06,1.50678e+07,0,0,0,0,62.3362,61.308,8.69703,1,1,1.60283,1.63102,0,1.1273,1.69344,9.02378e+06,3.97174e+06,1.44636e+07,0,0,0,1.19558e+08
103.622,103.622,5.26692,0.29,0,3.47095,3.53199,0,0.650309,6.16896,4.3421e+06,2.97144e+06,1.50712e+07,0,0,0,0,62.3362,61.308,6.54165,1,1,1.60319,1.63139,0,1.23835,1.69344,9.02378e+06,3.97174e+06,1.44669e+07,0,0,0,1.19558e+08
103.507,103.622,4.04566,0.28,0,3.47173,3.53278,0,0.650455,6.16896,4.3421e+06,2.97144e+06,1.50746e+07,0,0,0,0,62.3362,61.308,9.34897,1,1,1.60356,1.63176,0,1.23863,1.69344,9.02378e+06,3.97174e+06,1.44701e+07,0,0,0,1.19558e+08
103.622,103.622,5.15704,0.3,0,3.47251,3.53358,0,0.650602,6.16896,4.3421e+06,2.97144e+06,1.5078e+07,0,0,0,0,62.3362,61.308,7.50811,1,1,1.60392,1.63212,0,1.23891,1.69344,9.02378e+06,3.97174e+06,1.44734e+07,0,0,0,1.19558e+08
103.622,103.622,5.26173,0.3,0,3.08637,3.08637,0,0.650748,6.16896,4.3421e+06,2.70226e+06,1.34013e+07,0,0,0,0,62.3362,61.308,9.08041,0,1,1.402,1.402,0,1.23919,1.69344,9.02378e+06,3.61194e+06,1.26513e+07,0,0,0,1.19558e+08
103.622,103.622,7.18195,0.32,0,3.08706,3.08706,0,0.578386,6.16896,4.3421e+06,2.70226e+06,1.34044e+07,0,0,0,0,62.3362,61.308,6.71395,0,1,1.40231,1.40231,0,1.08318,1.69344,9.02378e+06,3.61194e+06,1.26542e+07,0,0,0,1.19558e+08
103.622,103.622,5.57515,0.33,0,3.08776,3.08776,0,0.578516,6.16896,4.3421e+06,2.70226e+06,1.34074e+07,0,0,0,0,62.3362,61.308,5.17906,0,1,1.40263,1.40263,0,1.08343,1.69344,9.02378e+06,3.61194e+06,1.2657e+07,0,0,0,1.19558e+08
103.622,103.622,6.63396,0.35,0,3.08846,3.08846,0,0.578646,6.16896,4.3421e+06,2.70226e+06,1.34104e+07,0,0,0,0,62.3362,61.308,5.79271,0,1,1.40295,1.40295,0,1.08367,1.69344,9.02378e+06,3.61194e+06,1.26599e+07,0,0,0,1.19558e+08
103.622,103.622,6.171,0.39,0,3.03576,3.08915,0,0.578777,6.16896,4.3421e+06,2.97144e+06,1.31816e+07,0,0,0,0,62.3362,61.308,6.62688,0,1,1.37901,1.40326,0,1.08392,1.69344,9.02378e+06,3.97174e+06,1.24439e+07,0,0,0,1.19558e+08
103.622,103.622,8.55152,0.42,0,2.92599,3.20274,0,0.568902,6.16896,4.3421e+06,3.56573e+06,1.2705e+07,0,0,0,0,62.3362,61.308,9.77397,0,1,1.33387,1.46003,0,1.06542,1.69344,9.02378e+06,4.76609e+06,1.20365e+07,0,0,0,1.19558e+08
103.622,103.622,5.99775,0.45,0,2.92665,3.20346,0,0.54833,6.16896,4.3421e+06,3.56573e+06,1.27078e+07,0,0,0,0,62.3362,61.308,6.52586,0,1,1.33417,1.46036,0,1.03054,1.69344,9.02378e+06,4.76609e+06,1.20392e+07,0,0,0,1.19558e+08
103.622,103.622,5.27175,0.45,0,2.92731,3.20419,0,0.548454,6.16896,4.3421e+06,3.56573e+06,1.27107e+07,0,0,0,0,62.3362,61.308,6.31202,0,1,1.33447,1.46069,0,1.03078,1.69344,9.02378e+06,4.76609e+06,1.20419e+07,0,0,0,1.19558e+08
103.622,103.622,5.33802,0.45,0,2.92797,3.20491,0,0.548577,6.16896,4.3421e+06,3.56573e+06,1.27135e+07,0,0,0,0,62.3362,61.308,6.90624,0,1,1.33477,1.46102,0,1.03101,1.69344,9.02378e+06,4.76609e+06,1.20446e+07,0,0,0,1.19558e+08
103.622,103.622,4.52549,0.43,0,2.88826,3.16145,0,0.548701,6.16896,4.3421e+06,3.56573e+06,1.25411e+07,0,0,0,0,62.3362,61.308,5.29468,0,1,1.31502,1.4394,0,1.03124,1.69344,9.02378e+06,4.76609e+06,1.18664e+07,0,0,0,1.19558e+08
103.622,103.622,4.20384,0.42,0,2.88891,3.16216,0,0.54126,6.16896,4.3421e+06,3.56573e+06,1.2544e+07,0,0,0,0,62.3362,61.308,5.24313,0,1,1.31531,1.43972,0,1.01598,1.69344,9.02378e+06,4.76609e+06,1.18691e+07,0,0,0,1.19558e+08
103.622,103.622,4.41391,0.41,0,2.88956,3.16287,0,0.541382,6.16896,4.3421e+06,3.56573e+06,1.25468e+07,0,0,0,0,62.3362,61.308,4.41649,0,1,1.31561,1.44005,0,1.01621,1.69344,9.02378e+06,4.76609e+06,1.18718e+07,0,0,0,1.19558e+08
103.622,103.622,4.29211,0.38,0,3.16358,3.16358,0,0.541504,6.16896,4.3421e+06,2.70226e+06,1.37366e+07,0,0,0,0,62.3362,61.308,4.47085,0,1,1.44037,1.44037,0,1.01644,1.69344,9.02378e+06,3.61194e+06,1.29976e+07,0,0,0,1.19558e+08
103.622,103.622,3.55571,0.36,0,3.3144,3.3144,0,0.592855,6.16896,4.3421e+06,2.70226e+06,1.43915e+07,0,0,0,0,62.3362,61.308,4.20481,0,1,1.51859,1.51859,0,1.11283,1.69344,9.02378e+06,3.61194e+06,1.37034e+07,0,0,0,1.19558e+08
103.622,103.622,3.40342,0.36,0,3.31514,3.31514,0,0.621118,6.16896,4.3421e+06,2.70226e+06,1.43947e+07,0,0,0,0,62.3362,61.308,3.93316,0,1,1.51893,1.51893,0,1.17326,1.69344,9.02378e+06,3.61194e+06,1.37065e+07,0,0,0,1.19558e+08
103.5,103.622,3.07203,0.3,0,3.31589,3.31589,0,0.621258,6.16896,4.3421e+06,2.70226e+06,1.43979e+07,0,0,0,0,62.3362,61.308,3.65499,0,1,1.51927,1.51927,0,1.17352,1.69344,9.02378e+06,3.61194e+06,1.37096e+07,0,0,0,1.19558e+08
103.302,103.622,2.96339,0.3,0,3.31664,3.31664,0,0.621398,6.16896,4.3421e+06,2.70226e+06,1.44012e+07,0,0,0,0,62.3362,61.308,3.31291,0,1,1.51961,1.51961,0,1.17379,1.69344,9.02378e+06,3.61194e+06,1.37126e+07,0,0,0,1.19558e+08
102.829,103.622,2.64171,0.26,0,3.31738,3.31738,0,0.621538,6.16896,4.3421e+06,2.70226e+06,1.44044e+07,0,0,0,0,62.3362,61.308,3.11847,0,1,1.51995,1.51995,0,1.17405,1.69344,9.02378e+06,3.61194e+06,1.37157e+07,0,0,0,1.19558e+08
102.129,103.622,2.30029,0.25,0,3.23158,3.28841,0,0.621677,6.16896,4.3421e+06,2.97144e+06,1.40319e+07,0,0,0,0,62.3362,61.308,2.48012,1,1,1.53614,1.56315,0,1.17432,1.69344,9.02378e+06,3.97174e+06,1.38618e+07,0,0,0,1.19558e+08
101.354,103.622,2.2185,0.22,0,3.23231,3.28915,0,0.605598,6.16896,4.3421e+06,2.97144e+06,1.4035e+07,0,0,0,0,62.3362,61.308,2.57311,1,1,1.53649,1.56351,0,1.18682,1.69344,9.02378e+06,3.97174e+06,1.38649e+07,0,0,0,1.19558e+08
100.558,103.622,2.18705,0.21,0,3.23303,3.28989,0,0.605734,6.16896,4.3421e+06,2.97144e+06,1.40382e+07,0,0,0,0,62.3362,61.308,2.56485,1,1,1.53683,1.56386,0,1.18709,1.69344,9.02378e+06,3.97174e+06,1.3868e+07,0,0,0,1.19558e+08
99.6968,103.622,2.08226,0.2,0,3.23376,3.29063,0,0.60587,6.16896,4.3421e+06,2.97144e+06,1.40413e+07,0,0,0,0,62.3362,61.308,2.4811,1,1,1.53718,1.56421,0,1.18736,1.69344,9.02378e+06,3.97174e+06,1.38711e+07,0,0,0,1.19558e+08
98.6644,103.622,1.92667,0.21,0,3.30997,3.36818,0,0.606007,6.16896,4.3421e+06,2.97144e+06,1.43723e+07,0,0,0,0,62.3098,61.308,2.34153,1,1,1.57509,1.60279,0,1.18762,1.69344,9.02378e+06,3.97174e+06,1.42133e+07,0,0,0,1.19558e+08
97.5786,103.622,1.84191,0.19,0,3.31072,3.36894,0,0.620289,6.16896,4.3421e+06,2.97144e+06,1.43755e+07,0,0,0,0,62.1447,61.308,2.15199,1,1,1.57545,1.60315,0,1.21692,1.69344,9.02378e+06,3.97174e+06,1.42165e+07,0,0,0,1.19558e+08
96.4026,103.622,1.71375,0.18,0,3.31146,3.3697,0,0.620428,6.16896,4.3421e+06,2.97144e+06,1.43787e+07,0,0,0,0,61.927,61.308,2.03742,1,1,1.5758,1.60351,0,1.21719,1.69344,9.02378e+06,3.97174e+06,1.42197e+07,0,0,0,1.19558e+08
95.1179,103.622,1.5799,0.21,0,3.31221,3.37046,0,0.620568,6.16896,4.3421e+06,2.97144e+06,1.43819e+07,0,0,0,0,61.7023,61.308,1.9166,1,1,1.57616,1.60387,0,1.21746,1.69344,9.02378e+06,3.97174e+06,1.42229e+07,0,0,0,1.19558e+08
93.9652,103.622,1.88543,0.2,0,3.53421,3.59636,0,0.620707,6.16896,4.3421e+06,2.97144e+06,1.53459e+07,0,0,0,0,61.4732,61.308,2.37196,1,1,1.69344,1.74235,0.0188002,1.21774,1.69344,9.02378e+06,3.97174e+06,1.52812e+07,0,0,0,1.19558e+08
92.9639,103.622,1.99087,0.2,0,3.535,3.59717,0,0.662311,6.16896,4.3421e+06,2.97144e+06,1.53494e+07,0,0,0,0,60.9195,61.308,2.00463,1,1,1.69344,1.74274,0.0191851,1.30835,1.69344,9.02378e+06,3.97174e+06,1.52812e+07,0,0,0,1.19558e+08
91.6104,103.622,1.61274,0.2,0,3.5358,3.59798,0,0.66246,6.16896,4.3421e+06,2.97144e+06,1.53528e+07,0,0,0,0,60.4155,61.308,1.50529,1,1,1.69344,1.74314,0.0195699,1.30835,1.69344,9.02378e+06,3.97174e+06,1.52812e+07,0,0,0,1.19558e+08
90.5753,103.622,1.94152,0.19,0,3.53659,3.59879,0,0.662608,6.16896,4.3421e+06,2.97144e+06,1.53563e+07,0,0,0,0,60.204,61.308,2.47147,1,1,1.69344,1.74353,0.0199549,1.30835,1.69344,9.02378e+06,3.97174e+06,1.52812e+07,0,0,0,1.19558e+08
89.2197,103.622,1.59791,0.2,0,3.53739,3.5996,0,0.662757,6.16896,4.3421e+06,2.97144e+06,1.53597e+07,0,0,0,0,59.7955,61.308,1.77891,1,1,1.69344,1.74392,0.02034,1.30835,1.69344,9.02378e+06,3.97174e+06,1.52812e+07,0,0,0,1.19558e+08
88.3628,103.622,1.95586,0.24,0,3.43023,3.49055,0,0.662906,6.16896,4.3421e+06,2.97144e+06,1.48944e+07,0,0,0,0,59.3978,61.308,1.90138,1,1,1.63169,1.66038,0,1.30835,1.69344,9.02378e+06,3.97174e+06,1.4724e+07,0,0,0,1.19558e+08
87.4601,103.622,2.00313,0.26,0,3.431,3.49134,0,0.642825,6.16896,4.3421e+06,2.97144e+06,1.48978e+07,0,0,0,0,59.1779,61.308,2.2966,1,1,1.63206,1.66076,0,1.26064,1.69344,9.02378e+06,3.97174e+06,1.47273e+07,0,0,0,1.19558e+08
86.7071,103.622,2.17974,0.26,0,3.43177,3.49212,0,0.642969,6.16896,4.3421e+06,2.97144e+06,1.49011e+07,0,0,0,0,59.0778,61.308,2.48944,1,1,1.63242,1.66113,0,1.26093,1.69344,9.02378e+06,3.97174e+06,1.47306e+07,0,0,0,1.19558e+08
85.9996,103.622,2.26892,0.24,0,3.43254,3.49291,0,0.643114,6.16896,4.3421e+06,2.97144e+06,1.49044e+07,0,0,0,0,58.9945,61.308,2.62393,1,1,1.63279,1.6615,0,1.26121,1.69344,9.02378e+06,3.97174e+06,1.47339e+07,0,0,0,1.19558e+08
84.9066,103.622,1.90069,0.25,0,3.34462,3.40344,0,0.643258,6.16896,4.3421e+06,2.97144e+06,1.45227e+07,0,0,0,0,59.1204,61.308,2.81297,1,1,1.55801,1.58541,0,1.26149,1.69344,9.02378e+06,3.97174e+06,1.40592e+07,0,0,0,1.19558e+08
83.4489,103.622,1.39587,0.25,0,3.34537,3.4042,0,0.626782,6.16896,4.3421e+06,2.97144e+06,1.4526e+07,0,0,0,0,58.9037,61.308,1.81058,1,1,1.55836,1.58577,0,1.20372,1.69344,9.02378e+06,3.97174e+06,1.40623e+07,0,0,0,1.19558e+08
83.1146,103.622,2.64098,0.26,0,3.34612,3.40497,0,0.626923,6.16896,4.3421e+06,2.97144e+06,1.45292e+07,0,0,0,0,58.9415,61.308,2.34315,1,1,1.55871,1.58613,0,1.20399,1.69344,9.02378e+06,3.97174e+06,1.40655e+07,0,0,0,1.19558e+08
83.9628,103.622,3.913,0.26,0,3.34687,3.40573,0,0.627063,6.16896,4.3421e+06,2.97144e+06,1.45325e+07,0,0,0,0,59.6601,61.308,4.35126,1,1,1.55906,1.58648,0,1.20426,1.69344,9.02378e+06,3.97174e+06,1.40687e+07,0,0,0,1.19558e+08
83.6915,103.622,2.66795,0.26,0,3.14995,3.14995,0,0.627204,6.16896,4.3421e+06,2.70226e+06,1.36774e+07,0,0,0,0,60.0786,61.308,3.36291,0,1,1.42745,1.42745,0,1.20453,1.69344,9.02378e+06,3.61194e+06,1.2881e+07,0,0,0,1.19558e+08
84.4476,103.622,3.93808,0.27,0,3.15066,3.15066,0,0.5903,6.16896,4.3421e+06,2.70226e+06,1.36805e+07,0,0,0,0,60.7505,61.308,4.34627,0,1,1.42777,1.42777,0,1.10284,1.69344,9.02378e+06,3.61194e+06,1.28838e+07,0,0,0,1.19558e+08
87.4808,103.622,6.32853,0.27,0,3.15136,3.15136,0,0.590433,6.16896,4.3421e+06,2.70226e+06,1.36836e+07,0,0,0,0,61.991,61.308,5.649,0,1,1.42809,1.42809,0,1.10309,1.69344,9.02378e+06,3.61194e+06,1.28867e+07,0,0,0,1.19558e+08
89.0323,103.622,4.94999,0.29,0,3.15207,3.15207,0,0.590566,6.16896,4.3421e+06,2.70226e+06,1.36866e+07,0,0,0,0,62.3362,61.308,4.23671,0,1,1.42841,1.42841,0,1.10334,1.69344,9.02378e+06,3.61194e+06,1.28896e+07,0,0,0,1.19558e+08
88.8054,103.622,2.8789,0.3,0,3.15278,3.15278,0,0.590698,6.16896,4.3421e+06,2.70226e+06,1.36897e+07,0,0,0,0,62.3362,61.308,2.59039,0,1,1.42873,1.42873,0,1.10359,1.69344,9.02378e+06,3.61194e+06,1.28925e+07,0,0,0,1.19558e+08
90.945,103.622,5.85708,0.31,0,3.25225,3.25225,0,0.590831,6.16896,4.3421e+06,2.70226e+06,1.41216e+07,0,0,0,0,62.3362,61.308,6.15603,0,1,1.47525,1.47525,0,1.10384,1.69344,9.02378e+06,3.61194e+06,1.33123e+07,0,0,0,1.19558e+08
94.3271,103.622,7.22007,0.27,0,3.25295,3.25295,0,0.609472,6.16896,4.3421e+06,2.70226e+06,1.41246e+07,0,0,0,0,62.3362,61.308,9.88167,0,1,1.47556,1.47556,0,1.13977,1.69344,9.02378e+06,3.61194e+06,1.33151e+07,0,0,0,1.19558e+08
103.622,103.622,15.3944,0.29,0,3.25364,3.25364,0,0.609602,6.16896,4.3421e+06,2.70226e+06,1.41276e+07,0,0,0,0,62.3362,61.308,12.4587,0,1,1.47587,1.47587,0,1.14002,1.69344,9.02378e+06,3.61194e+06,1.3318e+07,0,0,0,1.19558e+08
103.622,103.622,11.4872,0.24,0,3.25433,3.25433,0,0.609732,6.16896,4.3421e+06,2.70226e+06,1.41307e+07,0,0,0,0,62.3362,61.308,10.2854,0,1,1.47619,1.47619,0,1.14026,1.69344,9.02378e+06,3.61194e+06,1.33208e+07,0,0,0,1.19558e+08
103.622,103.622,7.67721,0.27,0,3.51077,3.57252,0,0.609862,6.16896,4.3421e+06,2.97144e+06,1.52441e+07,0,0,0,0,62.3362,61.308,7.02436,1,1,1.62159,1.65011,0,1.1405,1.69344,9.02378e+06,3.97174e+06,1.46329e+07,0,0,0,1.19558e+08
103.622,103.622,10.1577,0.28,0,3.51152,3.57328,0,0.657919,6.16896,4.3421e+06,2.97144e+06,1.52474e+07,0,0,0,0,62.3362,61.308,10.273,1,1,1.62194,1.65046,0,1.25284,1.69344,9.02378e+06,3.97174e+06,1.4636e+07,0,0,0,1.19558e+08
103.622,103.622,8.78251,0.29,0,3.51227,3.57404,0,0.658059,6.16896,4.3421e+06,2.97144e+06,1.52506e+07,0,0,0,0,62.3362,61.308,10.3885,1,1,1.62228,1.65081,0,1.25311,1.69344,9.02378e+06,3.97174e+06,1.46391e+07,0,0,0,1.19558e+08
103.622,103.622,9.20888,0.29,0,3.51302,3.5748,0,0.658199,6.16896,4.3421e+06,2.97144e+06,1.52539e+07,0,0,0,0,62.3362,61.308,10.5277,1,1,1.62263,1.65116,0,1.25338,1.69344,9.02378e+06,3.97174e+06,1.46422e+07,0,0,0,1.19558e+08
103.622,103.622,8.89951,0.3,0,3.12234,3.12234,0,0.65834,6.16896,4.3421e+06,2.70226e+06,1.35575e+07,0,0,0,0,62.3362,61.308,8.28387,0,1,1.41834,1.41834,0,1.25364,1.69344,9.02378e+06,3.61194e+06,1.27988e+07,0,0,0,1.19558e+08
103.622,103.622,6.80922,0.31,0,3.123,3.123,0,0.585126,6.16896,4.3421e+06,2.70226e+06,1.35604e+07,0,0,0,0,62.3362,61.308,10.4863,0,1,1.41864,1.41864,0,1.09581,1.69344,9.02378e+06,3.61194e+06,1.28015e+07,0,0,0,1.19558e+08
103.622,103.622,6.75951,0.33,0,3.12367,3.12367,0,0.58525,6.16896,4.3421e+06,2.70226e+06,1.35633e+07,0,0,0,0,62.3362,61.308,8.74037,0,1,1.41894,1.41894,0,1.09604,1.69344,9.02378e+06,3.61194e+06,1.28042e+07,0,0,0,1.19558e+08
103.622,103.622,11.4333,0.38,0,3.12433,3.12433,0,0.585375,6.16896,4.3421e+06,2.70226e+06,1.35662e+07,0,0,0,0,62.3362,61.308,15.1898,0,1,1.41924,1.41924,0,1.09627,1.69344,9.02378e+06,3.61194e+06,1.28069e+07,0,0,0,1.19558e+08
103.622,103.622,8.62104,0.42,0,2.85496,3.125,0,0.5855,6.16896,4.3421e+06,3.56573e+06,1.23965e+07,0,0,0,0,62.3362,61.308,10.273,0,1,1.29688,1.41955,0,1.09651,1.69344,9.02378e+06,4.76609e+06,1.17028e+07,0,0,0,1.19558e+08
103.622,103.622,7.25955,0.44,0,2.95991,3.23987,0,0.53502,6.16896,4.3421e+06,3.56573e+06,1.28522e+07,0,0,0,0,62.3362,61.308,8.7957,0,1,1.34933,1.47695,0,1.00197,1.69344,9.02378e+06,4.76609e+06,1.2176e+07,0,0,0,1.19558e+08
103.622,103.622,7.10869,0.45,0,2.96054,3.24056,0,0.554686,6.16896,4.3421e+06,3.56573e+06,1.2855e+07,0,0,0,0,62.3362,61.308,9.46668,0,1,1.34961,1.47727,0,1.04249,1.69344,9.02378e+06,4.76609e+06,1.21786e+07,0,0,0,1.19558e+08
103.622,103.622,6.2499,0.46,0,2.96117,3.24125,0,0.554804,6.16896,4.3421e+06,3.56573e+06,1.28577e+07,0,0,0,0,62.3362,61.308,8.40853,0,1,1.3499,1.47758,0,1.04271,1.69344,9.02378e+06,4.76609e+06,1.21812e+07,0,0,0,1.19558e+08
103.622,103.622,5.51502,0.46,0,2.9618,3.24194,0,0.554922,6.16896,4.3421e+06,3.56573e+06,1.28604e+07,0,0,0,0,62.3362,61.308,7.91669,0,1,1.35019,1.4779,0,1.04293,1.69344,9.02378e+06,4.76609e+06,1.21838e+07,0,0,0,1.19558e+08
103.622,103.622,5.13154,0.46,0,2.9216,3.19794,0,0.555041,6.16896,4.3421e+06,3.56573e+06,1.26859e+07,0,0,0,0,62.3362,61.308,8.003,0,1,1.3302,1.45601,0,1.04316,1.69344,9.02378e+06,4.76609e+06,1.20034e+07,0,0,0,1.19558e+08
103.622,103.622,4.72668,0.43,0,2.92222,3.19862,0,0.547507,6.16896,4.3421e+06,3.56573e+06,1.26886e+07,0,0,0,0,62.3362,61.308,6.716,0,1,1.33048,1.45632,0,1.02771,1.69344,9.02378e+06,4.76609e+06,1.2006e+07,0,0,0,1.19558e+08
103.622,103.622,3.97073,0.41,0,2.92284,3.1993,0,0.547624,6.16896,4.3421e+06,3.56573e+06,1.26913e+07,0,0,0,0,62.3362,61.308,4.03606,0,1,1.33076,1.45663,0,1.02793,1.69344,9.02378e+06,4.76609e+06,1.20085e+07,0,0,0,1.19558e+08
103.622,103.622,4.05729,0.38,0,3.19998,3.19998,0,0.54774,6.16896,4.3421e+06,2.70226e+06,1.38946e+07,0,0,0,0,62.3362,61.308,4.01247,0,1,1.45694,1.45694,0,1.02815,1.69344,9.02378e+06,3.61194e+06,1.31471e+07,0,0,0,1.19558e+08
103.622,103.622,4.01953,0.37,0,3.29455,3.35249,0,0.599676,6.16896,4.3421e+06,2.97144e+06,1.43053e+07,0,0,0,0,62.3362,61.308,4.09158,1,1,1.50949,1.53604,0,1.12563,1.69344,9.02378e+06,3.97174e+06,1.36213e+07,0,0,0,1.19558e+08
103.622,103.622,3.821,0.35,0,3.29525,3.3532,0,0.617399,6.16896,4.3421e+06,2.97144e+06,1.43083e+07,0,0,0,0,62.3362,61.308,3.98765,1,1,1.50981,1.53637,0,1.16623,1.69344,9.02378e+06,3.97174e+06,1.36242e+07,0,0,0,1.19558e+08
103.622,103.622,3.66107,0.32,0,3.29595,3.35392,0,0.61753,6.16896,4.3421e+06,2.97144e+06,1.43114e+07,0,0,0,0,62.3362,61.308,3.98017,1,1,1.51014,1.53669,0,1.16648,1.69344,9.02378e+06,3.97174e+06,1.36271e+07,0,0,0,1.19558e+08
103.622,103.622,3.47347,0.3,0,3.29665,3.35463,0,0.617661,6.16896,4.3421e+06,2.97144e+06,1.43144e+07,0,0,0,0,62.3362,61.308,4.15703,1,1,1.51046,1.53702,0,1.16673,1.69344,9.02378e+06,3.97174e+06,1.363e+07,0,0,0,1.19558e+08
103.602,103.622,3.22406,0.26,0,3.29736,3.35534,0,0.617793,6.16896,4.3421e+06,2.97144e+06,1.43175e+07,0,0,0,0,62.3362,61.308,4.00995,1,1,1.51078,1.53735,0,1.16698,1.69344,9.02378e+06,3.97174e+06,1.36329e+07,0,0,0,1.19558e+08
103.622,103.622,3.6209,0.24,0,3.26852,3.326,0,0.617924,6.16896,4.3421e+06,2.97144e+06,1.41922e+07,0,0,0,0,62.3362,61.308,5.77061,1,1,1.5537,1.58102,0,1.16723,1.69344,9.02378e+06,3.97174e+06,1.40202e+07,0,0,0,1.19558e+08
103.622,103.622,3.51306,0.22,0,3.26921,3.32671,0,0.61252,6.16896,4.3421e+06,2.97144e+06,1.41953e+07,0,0,0,0,62.3362,61.308,5.66915,1,1,1.55403,1.58136,0,1.20039,1.69344,9.02378e+06,3.97174e+06,1.40232e+07,0,0,0,1.19558e+08
103.622,103.622,3.27745,0.21,0,3.26991,3.32741,0,0.612651,6.16896,4.3421e+06,2.97144e+06,1.41983e+07,0,0,0,0,62.3362,61.308,5.30532,1,1,1.55436,1.5817,0,1.20064,1.69344,9.02378e+06,3.97174e+06,1.40262e+07,0,0,0,1.19558e+08
103.606,103.622,3.13401,0.2,0,3.2706,3.32812,0,0.612781,6.16896,4.3421e+06,2.97144e+06,1.42013e+07,0,0,0,0,62.3362,61.308,4.92876,1,1,1.55469,1.58203,0,1.2009,1.69344,9.02378e+06,3.97174e+06,1.40292e+07,0,0,0,1.19558e+08
103.514,103.622,3.03933,0.2,0,3.34765,3.40652,0,0.612911,6.16896,4.3421e+06,2.97144e+06,1.45358e+07,0,0,0,0,62.3362,61.308,4.9746,1,1,1.59302,1.62103,0,1.20115,1.69344,9.02378e+06,3.97174e+06,1.43751e+07,0,0,0,1.19558e+08
103.254,103.622,2.89964,0.18,0,3.34836,3.40724,0,0.627349,6.16896,4.3421e+06,2.97144e+06,1.45389e+07,0,0,0,0,62.3362,61.308,5.00736,1,1,1.59336,1.62138,0,1.23077,1.69344,9.02378e+06,3.97174e+06,1.43781e+07,0,0,0,1.19558e+08
102.836,103.622,2.68336,0.18,0,3.34907,3.40797,0,0.627482,6.16896,4.3421e+06,2.97144e+06,1.4542e+07,0,0,0,0,62.3362,61.308,4.80703,1,1,1.5937,1.62172,0,1.23103,1.69344,9.02378e+06,3.97174e+06,1.43812e+07,0,0,0,1.19558e+08
102.211,103.622,2.44729,0.17,0,3.34978,3.40869,0,0.627616,6.16896,4.3421e+06,2.97144e+06,1.45451e+07,0,0,0,0,62.3362,61.308,4.26773,1,1,1.59404,1.62207,0,1.23129,1.69344,9.02378e+06,3.97174e+06,1.43842e+07,0,0,0,1.19558e+08
101.822,103.622,2.91406,0.17,0,3.57426,3.63712,0,0.627749,6.16896,4.3421e+06,2.97144e+06,1.55198e+07,0,0,0,0,62.3362,61.308,5.81647,1,1,1.69344,1.7621,0.0382032,1.23155,1.69344,9.02378e+06,3.97174e+06,1.52812e+07,0,0,0,1.19558e+08
100.836,103.622,2.25138,0.17,0,3.57502,3.63789,0,0.669816,6.16896,4.3421e+06,2.97144e+06,1.55231e+07,0,0,0,0,62.3362,61.308,5.75204,1,1,1.69344,1.76247,0.0385713,1.30835,1.69344,9.02378e+06,3.97174e+06,1.52812e+07,0,0,0,1.19558e+08
99.6931,103.622,2.08033,0.17,0,3.57578,3.63866,0,0.669958,6.16896,4.3421e+06,2.97144e+06,1.55264e+07,0,0,0,0,62.3362,61.308,5.41851,1,1,1.69344,1.76285,0.0389395,1.30835,1.69344,9.02378e+06,3.97174e+06,1.52812e+07,0,0,0,1.19558e+08
98.9319,103.622,2.52488,0.17,0,3.57654,3.63944,0,0.670101,6.16896,4.3421e+06,2.97144e+06,1.55297e+07,0,0,0,0,62.3362,61.308,5.72096,1,1,1.69344,1.76322,0.0393077,1.30835,1.69344,9.02378e+06,3.97174e+06,1.52812e+07,0,0,0,1.19558e+08
97.916,103.622,2.1884,0.17,0,3.5773,3.64021,0,0.670243,6.16896,4.3421e+06,2.97144e+06,1.5533e+07,0,0,0,0,62.3362,61.308,5.6187,1,1,1.69344,1.76359,0.039676,1.30835,1.69344,9.02378e+06,3.97174e+06,1.52812e+07,0,0,0,1.19558e+08
96.1502,103.622,1.34376,0.17,0,3.46889,3.52989,0,0.670386,6.16896,4.3421e+06,2.97144e+06,1.50623e+07,0,0,0,0,62.3362,61.308,3.88403,1,1,1.65008,1.6791,0,1.30835,1.69344,9.02378e+06,3.97174e+06,1.48899e+07,0,0,0,1.19558e+08
94.3238,103.622,1.28132,0.21,0,3.46962,3.53064,0,0.65007,6.16896,4.3421e+06,2.97144e+06,1.50655e+07,0,0,0,0,62.3362,61.308,3.58428,1,1,1.65043,1.67945,0,1.27485,1.69344,9.02378e+06,3.97174e+06,1.48931e+07,0,0,0,1.19558e+08
92.4904,103.622,1.2328,0.2,0,3.47036,3.53139,0,0.650208,6.16896,4.3421e+06,2.97144e+06,1.50687e+07,0,0,0,0,62.3362,61.308,3.08575,1,1,1.65078,1.67981,0,1.27512,1.69344,9.02378e+06,3.97174e+06,1.48963e+07,0,0,0,1.19558e+08
90.5143,103.622,1.10923,0.2,0,3.4711,3.53214,0,0.650346,6.16896,4.3421e+06,2.97144e+06,1.50719e+07,0,0,0,0,62.3362,61.308,3.05157,1,1,1.65113,1.68017,0,1.27539,1.69344,9.02378e+06,3.97174e+06,1.48994e+07,0,0,0,1.19558e+08
88.5661,103.622,1.15684,0.21,0,3.38215,3.44163,0,0.650484,6.16896,4.3421e+06,2.97144e+06,1.46857e+07,0,0,0,0,62.3362,61.308,2.85177,1,1,1.5755,1.6032,0,1.27566,1.69344,9.02378e+06,3.97174e+06,1.42169e+07,0,0,0,1.19558e+08
86.7334,103.622,1.2034,0.25,0,3.38287,3.44236,0,0.633815,6.16896,4.3421e+06,2.97144e+06,1.46888e+07,0,0,0,0,62.3362,61.308,2.362,1,1,1.57583,1.60354,0,1.21723,1.69344,9.02378e+06,3.97174e+06,1.422e+07,0,0,0,1.19558e+08
85.2366,103.622,1.66131,0.26,0,3.38359,3.44309,0,0.63395,6.16896,4.3421e+06,2.97144e+06,1.46919e+07,0,0,0,0,62.3362,61.308,3.24263,1,1,1.57617,1.60389,0,1.21749,1.69344,9.02378e+06,3.97174e+06,1.4223e+07,0,0,0,1.19558e+08
85.3399,103.622,3.46929,0.26,0,3.38431,3.44382,0,0.634084,6.16896,4.3421e+06,2.97144e+06,1.4695e+07,0,0,0,0,62.3362,61.308,5.08709,1,1,1.5765,1.60423,0,1.21775,1.69344,9.02378e+06,3.97174e+06,1.4226e+07,0,0,0,1.19558e+08
85.2671,103.622,3.03104,0.29,0,3.18514,3.18514,0,0.634219,6.16896,4.3421e+06,2.70226e+06,1.38302e+07,0,0,0,0,62.3362,61.308,4.05239,0,1,1.44339,1.44339,0,1.218,1.69344,9.02378e+06,3.61194e+06,1.30249e+07,0,0,0,1.19558e+08
83.6499,103.622,1.23248,0.28,0,3.18582,3.18582,0,0.596895,6.16896,4.3421e+06,2.70226e+06,1.38332e+07,0,0,0,0,62.3362,61.308,2.2583,0,1,1.4437,1.4437,0,1.11517,1.69344,9.02378e+06,3.61194e+06,1.30276e+07,0,0,0,1.19558e+08
83.062,103.622,2.41332,0.27,0,3.18649,3.18649,0,0.597022,6.16896,4.3421e+06,2.70226e+06,1.38361e+07,0,0,0,0,62.3362,61.308,4.15511,0,1,1.44401,1.44401,0,1.1154,1.69344,9.02378e+06,3.61194e+06,1.30304e+07,0,0,0,1.19558e+08
82.4758,103.622,2.46383,0.27,0,3.18717,3.18717,0,0.597149,6.16896,4.3421e+06,2.70226e+06,1.3839e+07,0,0,0,0,62.3362,61.308,4.37871,0,1,1.44431,1.44431,0,1.11564,1.69344,9.02378e+06,3.61194e+06,1.30332e+07,0,0,0,1.19558e+08
82.4947,103.622,3.1206,0.35,0,3.18785,3.18785,0,0.597276,6.16896,4.3421e+06,2.70226e+06,1.3842e+07,0,0,0,0,62.3362,61.308,5.34568,0,1,1.44462,1.44462,0,1.11588,1.69344,9.02378e+06,3.61194e+06,1.30359e+07,0,0,0,1.19558e+08
83.0875,103.622,3.91648,0.37,0,3.28839,3.28839,0,0.597402,6.16896,4.3421e+06,2.70226e+06,1.42785e+07,0,0,0,0,62.3362,61.308,5.53398,0,1,1.49164,1.49164,0,1.11611,1.69344,9.02378e+06,3.61194e+06,1.34602e+07,0,0,0,1.19558e+08
84.1011,103.622,4.42187,0.34,0,3.28905,3.28905,0,0.616244,6.16896,4.3421e+06,2.70226e+06,1.42814e+07,0,0,0,0,62.3362,61.308,4.59759,0,1,1.49194,1.49194,0,1.15244,1.69344,9.02378e+06,3.61194e+06,1.34629e+07,0,0,0,1.19558e+08
86.7748,103.622,6.23014,0.36,0,3.28971,3.28971,0,0.616368,6.16896,4.3421e+06,2.70226e+06,1.42843e+07,0,0,0,0,62.3362,61.308,7.18858,0,1,1.49224,1.49224,0,1.15267,1.69344,9.02378e+06,3.61194e+06,1.34656e+07,0,0,0,1.19558e+08
90.8341,103.622,7.79056,0.39,0,3.23351,3.29037,0,0.616492,6.16896,4.3421e+06,2.97144e+06,1.40402e+07,0,0,0,0,62.3362,61.308,9.68891,0,1,1.46674,1.49254,0,1.1529,1.69344,9.02378e+06,3.97174e+06,1.32356e+07,0,0,0,1.19558e+08
95.3999,103.622,8.85739,0.31,0,3.54961,3.61203,0,0.605959,6.16896,4.3421e+06,2.97144e+06,1.54128e+07,0,0,0,0,62.3362,61.308,14.1896,1,1,1.63953,1.66836,0,1.1332,1.69344,9.02378e+06,3.97174e+06,1.47947e+07,0,0,0,1.19558e+08
99.027,103.622,7.69177,0.32,0,3.55032,3.61276,0,0.665197,6.16896,4.3421e+06,2.97144e+06,1.54159e+07,0,0,0,0,62.3362,61.308,8.19659,1,1,1.63986,1.6687,0,1.2667,1.69344,9.02378e+06,3.97174e+06,1.47977e+07,0,0,0,1.19558e+08
102.215,103.622,7.16497,0.3,0,3.55104,3.61349,0,0.665331,6.16896,4.3421e+06,2.97144e+06,1.5419e+07,0,0,0,0,62.3362,61.308,7.68146,1,1,1.64019,1.66903,0,1.26695,1.69344,9.02378e+06,3.97174e+06,1.48007e+07,0,0,0,1.19558e+08
103.622,103.622,7.68124,0.3,0,3.55175,3.61421,0,0.665464,6.16896,4.3421e+06,2.97144e+06,1.54221e+07,0,0,0,0,62.3362,61.308,7.1628,1,1,1.64052,1.66937,0,1.26721,1.69344,9.02378e+06,3.97174e+06,1.48037e+07,0,0,0,1.19558e+08
103.622,103.622,8.53855,0.31,0,3.15672,3.15672,0,0.665598,6.16896,4.3421e+06,2.70226e+06,1.37068e+07,0,0,0,0,62.3362,61.308,7.04773,0,1,1.43396,1.43396,0,1.26746,1.69344,9.02378e+06,3.61194e+06,1.29397e+07,0,0,0,1.19558e+08
103.622,103.622,4.42507,0.32,0,3.15736,3.15736,0,0.59157,6.16896,4.3421e+06,2.70226e+06,1.37096e+07,0,0,0,0,62.3362,61.308,4.93957,0,1,1.43425,1.43425,0,1.10788,1.69344,9.02378e+06,3.61194e+06,1.29423e+07,0,0,0,1.19558e+08
103.622,103.622,5.01843,0.34,0,3.15799,3.15799,0,0.591689,6.16896,4.3421e+06,2.70226e+06,1.37123e+07,0,0,0,0,62.3362,61.308,6.23701,0,1,1.43453,1.43453,0,1.1081,1.69344,9.02378e+06,3.61194e+06,1.29449e+07,0,0,0,1.19558e+08
103.622,103.622,6.20904,0.37,0,3.15863,3.15863,0,0.591808,6.16896,4.3421e+06,2.70226e+06,1.37151e+07,0,0,0,0,62.3362,61.308,6.05611,0,1,1.43482,1.43482,0,1.10832,1.69344,9.02378e+06,3.61194e+06,1.29475e+07,0,0,0,1.19558e+08
103.622,103.622,5.27519,0.41,0,2.88627,3.15926,0,0.591927,6.16896,4.3421e+06,3.56573e+06,1.25325e+07,0,0,0,0,62.3362,61.308,6.35869,0,1,1.3111,1.43511,0,1.10854,1.69344,9.02378e+06,4.76609e+06,1.18311e+07,0,0,0,1.19558e+08
103.622,103.622,6.52305,0.45,0,2.99232,3.27535,0,0.540886,6.16896,4.3421e+06,3.56573e+06,1.2993e+07,0,0,0,0,62.3362,61.308,6.27783,0,1,1.36411,1.49313,0,1.01296,1.69344,9.02378e+06,4.76609e+06,1.23094e+07,0,0,0,1.19558e+08
103.622,103.622,5.34181,0.48,0,2.99293,3.27601,0,0.560762,6.16896,4.3421e+06,3.56573e+06,1.29956e+07,0,0,0,0,62.3362,61.308,3.56202,0,1,1.36438,1.49343,0,1.05391,1.69344,9.02378e+06,4.76609e+06,1.23119e+07,0,0,0,1.19558e+08
103.622,103.622,4.72708,0.48,0,2.99353,3.27667,0,0.560874,6.16896,4.3421e+06,3.56573e+06,1.29982e+07,0,0,0,0,62.2987,61.308,2.97531,0,1,1.36465,1.49373,0,1.05412,1.69344,9.02378e+06,4.76609e+06,1.23143e+07,0,0,0,1.19558e+08
103.622,103.622,4.42409,0.5,0,2.99413,3.27733,0,0.560987,6.16896,4.3421e+06,3.56573e+06,1.30008e+07,0,0,0,0,62.2909,61.308,2.75025,0,1,1.36493,1.49403,0,1.05433,1.69344,9.02378e+06,4.76609e+06,1.23168e+07,0,0,0,1.19558e+08
103.622,103.622,4.25403,0.49,0,2.95346,3.23281,0,0.5611,6.16896,4.3421e+06,3.56573e+06,1.28242e+07,0,0,0,0,62.1342,61.308,2.75149,0,1,1.3447,1.47189,0,1.05454,1.69344,9.02378e+06,4.76609e+06,1.21343e+07,0,0,0,1.19558e+08
103.622,103.622,3.25591,0.48,0,2.95405,3.23346,0,0.553478,6.16896,4.3421e+06,3.56573e+06,1.28268e+07,0,0,0,0,62.1397,61.308,2.38088,0,1,1.34497,1.47219,0,1.03892,1.69344,9.02378e+06,4.76609e+06,1.21367e+07,0,0,0,1.19558e+08
103.568,103.622,2.95677,0.44,0,2.95464,3.23411,0,0.553589,6.16896,4.3421e+06,3.56573e+06,1.28294e+07,0,0,0,0,62.3362,61.308,2.37077,0,1,1.34524,1.47248,0,1.03912,1.69344,9.02378e+06,4.76609e+06,1.21392e+07,0,0,0,1.19558e+08
103.622,103.622,3.77642,0.43,0,2.95524,3.23476,0,0.5537,6.16896,4.3421e+06,3.56573e+06,1.28319e+07,0,0,0,0,62.2994,61.308,2.56536,0,1,1.34551,1.47278,0,1.03933,1.69344,9.02378e+06,4.76609e+06,1.21416e+07,0,0,0,1.19558e+08
103.622,103.622,3.43915,0.39,0,3.33032,3.38888,0,0.553811,6.16896,4.3421e+06,2.97144e+06,1.44606e+07,0,0,0,0,62.2368,61.308,2.4942,1,1,1.52588,1.55271,0,1.03954,1.69344,9.02378e+06,3.97174e+06,1.37692e+07,0,0,0,1.19558e+08
103.4,103.622,2.91084,0.36,0,3.33098,3.38956,0,0.624101,6.16896,4.3421e+06,2.97144e+06,1.44635e+07,0,0,0,0,62.2306,61.308,2.43213,1,1,1.52619,1.55303,0,1.17889,1.69344,9.02378e+06,3.97174e+06,1.3772e+07,0,0,0,1.19558e+08
102.982,103.622,2.65944,0.35,0,3.33165,3.39024,0,0.624226,6.16896,4.3421e+06,2.97144e+06,1.44664e+07,0,0,0,0,62.3347,61.308,2.20446,1,1,1.52649,1.55334,0,1.17913,1.69344,9.02378e+06,3.97174e+06,1.37747e+07,0,0,0,1.19558e+08
102.411,103.622,2.46697,0.3,0,3.33232,3.39092,0,0.624352,6.16896,4.3421e+06,2.97144e+06,1.44693e+07,0,0,0,0,62.2864,61.308,2.22163,1,1,1.5268,1.55365,0,1.17937,1.69344,9.02378e+06,3.97174e+06,1.37775e+07,0,0,0,1.19558e+08
101.777,103.622,2.39777,0.28,0,3.33299,3.39161,0,0.624477,6.16896,4.3421e+06,2.97144e+06,1.44722e+07,0,0,0,0,62.245,61.308,2.21609,1,1,1.52711,1.55396,0,1.17961,1.69344,9.02378e+06,3.97174e+06,1.37803e+07,0,0,0,1.19558e+08
100.531,103.622,1.70514,0.25,0,3.3038,3.3619,0,0.624603,6.16896,4.3421e+06,2.97144e+06,1.43455e+07,0,0,0,0,62.0808,61.308,1.9685,1,1,1.57047,1.59809,0,1.17984,1.69344,9.02378e+06,3.97174e+06,1.41716e+07,0,0,0,1.19558e+08
99.0352,103.622,1.42869,0.23,0,3.30447,3.36258,0,0.619133,6.16896,4.3421e+06,2.97144e+06,1.43483e+07,0,0,0,0,61.8606,61.308,1.86138,1,1,1.57079,1.59841,0,1.21335,1.69344,9.02378e+06,3.97174e+06,1.41744e+07,0,0,0,1.19558e+08
97.4542,103.622,1.32687,0.22,0,3.30513,3.36325,0,0.619257,6.16896,4.3421e+06,2.97144e+06,1.43512e+07,0,0,0,0,61.46,61.308,1.84315,1,1,1.5711,1.59873,0,1.21359,1.69344,9.02378e+06,3.97174e+06,1.41773e+07,0,0,0,1.19558e+08
95.7878,103.622,1.21442,0.2,0,3.30579,3.36393,0,0.619381,6.16896,4.3421e+06,2.97144e+06,1.43541e+07,0,0,0,0,60.9502,61.308,1.64058,1,1,1.57142,1.59905,0,1.21383,1.69344,9.02378e+06,3.97174e+06,1.41801e+07,0,0,0,1.19558e+08
94.0011,103.622,1.09628,0.24,0,3.38362,3.44313,0,0.619506,6.16896,4.3421e+06,2.97144e+06,1.4692e+07,0,0,0,0,60.4201,61.308,1.54665,1,1,1.61014,1.63846,0,1.21408,1.69344,9.02378e+06,3.97174e+06,1.45295e+07,0,0,0,1.19558e+08
92.3026,103.622,1.16049,0.23,0,3.3843,3.44382,0,0.634091,6.16896,4.3421e+06,2.97144e+06,1.4695e+07,0,0,0,0,60.13,61.308,1.81118,1,1,1.61046,1.63878,0,1.24399,1.69344,9.02378e+06,3.97174e+06,1.45325e+07,0,0,0,1.19558e+08
90.5568,103.622,1.08119,0.23,0,3.38498,3.44451,0,0.634218,6.16896,4.3421e+06,2.97144e+06,1.46979e+07,0,0,0,0,59.6352,61.308,1.79612,1,1,1.61079,1.63911,0,1.24424,1.69344,9.02378e+06,3.97174e+06,1.45354e+07,0,0,0,1.19558e+08
88.7638,103.622,0.996856,0.21,0,3.38566,3.4452,0,0.634345,6.16896,4.3421e+06,2.97144e+06,1.47009e+07,0,0,0,0,59.2281,61.308,1.60976,1,1,1.61111,1.63944,0,1.24449,1.69344,9.02378e+06,3.97174e+06,1.45383e+07,0,0,0,1.19558e+08
86.8725,103.622,1.03142,0.26,0,3.6125,3.67603,0,0.634473,6.16896,4.3421e+06,2.97144e+06,1.56858e+07,0,0,0,0,58.4182,61.308,1.81212,1,1,1.69344,1.78095,0.0567295,1.24474,1.69344,9.02378e+06,3.97174e+06,1.52812e+07,0,0,0,1.19558e+08
84.9527,103.622,0.944497,0.27,0,3.61322,3.67677,0,0.676982,6.16896,4.3421e+06,2.97144e+06,1.5689e+07,0,0,0,0,57.2651,61.308,1.32899,1,1,1.69344,1.78131,0.0570807,1.30835,1.69344,9.02378e+06,3.97174e+06,1.52812e+07,0,0,0,1.19558e+08
82.8645,103.622,0.73202,0.26,0,3.61395,3.6775,0,0.677118,6.16896,4.3421e+06,2.97144e+06,1.56921e+07,0,0,0,0,56.2414,61.308,0.945681,1,1,1.69344,1.78166,0.0574318,1.30835,1.69344,9.02378e+06,3.97174e+06,1.52812e+07,0,0,0,1.19558e+08
80.9225,103.622,0.860177,0.29,0,3.61467,3.67824,0,0.677254,6.16896,4.3421e+06,2.97144e+06,1.56953e+07,0,0,0,0,55.2764,61.308,1.43193,1,1,1.69344,1.78202,0.057783,1.30835,1.69344,9.02378e+06,3.97174e+06,1.52812e+07,0,0,0,1.19558e+08
78.8925,103.622,0.740881,0.29,0,3.6154,3.67898,0,0.67739,6.16896,4.3421e+06,2.97144e+06,1.56984e+07,0,0,0,0,54.0261,61.308,1.09428,1,1,1.69344,1.78238,0.0581344,1.30835,1.69344,9.02378e+06,3.97174e+06,1.52812e+07,0,0,0,1.19558e+08
76.9149,103.622,0.681288,0.3,0,3.50579,3.56744,0,0.677526,6.16896,4.3421e+06,2.97144e+06,1.52225e+07,0,0,0,0,53.0841,61.308,0.973164,1,1,1.66763,1.69696,0,1.30835,1.69344,9.02378e+06,3.97174e+06,1.50483e+07,0,0,0,1.19558e+08
75.4249,103.622,1.15664,0.3,0,3.50649,3.56816,0,0.656985,6.16896,4.3421e+06,2.97144e+06,1.52256e+07,0,0,0,0,52.1729,61.308,1.57733,1,1,1.66797,1.6973,0,1.28841,1.69344,9.02378e+06,3.97174e+06,1.50514e+07,0,0,0,1.19558e+08
73.4583,103.622,0.611238,0.3,0,3.5072,3.56888,0,0.657117,6.16896,4.3421e+06,2.97144e+06,1.52286e+07,0,0,0,0,50.8738,61.308,0.960224,1,1,1.6683,1.69764,0,1.28867,1.69344,9.02378e+06,3.97174e+06,1.50544e+07,0,0,0,1.19558e+08
71.5451,103.622,0.590634,0.31,0,3.5079,3.56959,0,0.657249,6.16896,4.3421e+06,2.97144e+06,1.52317e+07,0,0,0,0,50.2466,61.308,0.938029,1,1,1.66864,1.69798,0,1.28893,1.69344,9.02378e+06,3.97174e+06,1.50574e+07,0,0,0,1.19558e+08
70.524,103.622,1.59646,0.32,0,3.41797,3.47808,0,0.657381,6.16896,4.3421e+06,2.97144e+06,1.48412e+07,0,0,0,0,49.7807,61.308,1.96637,1,1,1.59218,1.62018,0,1.28919,1.69344,9.02378e+06,3.97174e+06,1.43675e+07,0,0,0,1.19558e+08
69.3768,103.622,1.44556,0.34,0,3.41865,3.47877,0,0.640527,6.16896,4.3421e+06,2.97144e+06,1.48442e+07,0,0,0,0,48.9992,61.308,1.10045,1,1,1.5925,1.62051,0,1.23012,1.69344,9.02378e+06,3.97174e+06,1.43704e+07,0,0,0,1.19558e+08
68.0651,103.622,1.25024,0.34,0,3.41934,3.47947,0,0.640656,6.16896,4.3421e+06,2.97144e+06,1.48471e+07,0,0,0,0,48.6772,61.308,1.30584,1,1,1.59282,1.62083,0,1.23037,1.69344,9.02378e+06,3.97174e+06,1.43733e+07,0,0,0,1.19558e+08
69.0376,103.622,3.80279,0.38,0,3.42002,3.48017,0,0.640784,6.16896,4.3421e+06,2.97144e+06,1.48501e+07,0,0,0,0,49.235,61.308,4.1772,1,1,1.59314,1.62116,0,1.23061,1.69344,9.02378e+06,3.97174e+06,1.43761e+07,0,0,0,1.19558e+08
69.475,103.622,3.10417,0.38,0,3.21872,3.21872,0,0.640912,6.16896,4.3421e+06,2.70226e+06,1.3976e+07,0,0,0,0,49.8676,61.308,2.44729,0,1,1.45861,1.45861,0,1.23086,1.69344,9.02378e+06,3.61194e+06,1.31622e+07,0,0,0,1.19558e+08
69.2429,103.622,2.54536,0.33,0,3.21936,3.21936,0,0.603188,6.16896,4.3421e+06,2.70226e+06,1.39788e+07,0,0,0,0,50.08,61.308,2.16295,0,1,1.4589,1.4589,0,1.12692,1.69344,9.02378e+06,3.61194e+06,1.31648e+07,0,0,0,1.19558e+08
71.8101,103.622,5.66788,0.36,0,3.22001,3.22001,0,0.603309,6.16896,4.3421e+06,2.70226e+06,1.39816e+07,0,0,0,0,51.5573,61.308,5.25722,0,1,1.45919,1.45919,0,1.12715,1.69344,9.02378e+06,3.61194e+06,1.31674e+07,0,0,0,1.19558e+08
73.776,103.622,4.69532,0.4,0,2.94235,3.22065,0,0.60343,6.16896,4.3421e+06,3.56573e+06,1.2776e+07,0,0,0,0,51.7712,61.308,2.20996,0,1,1.33337,1.45949,0,1.12737,1.69344,9.02378e+06,4.76609e+06,1.2032e+07,0,0,0,1.19558e+08
75.2452,103.622,4.15281,0.43,0,2.94294,3.2213,0,0.551397,6.16896,4.3421e+06,3.56573e+06,1.27786e+07,0,0,0,0,52.5239,61.308,2.92211,0,1,1.33364,1.45978,0,1.03016,1.69344,9.02378e+06,4.76609e+06,1.20344e+07,0,0,0,1.19558e+08
77.2655,103.622,4.79282,0.44,0,2.94294,3.2213,0,0.551507,6.16896,4.3421e+06,3.56573e+06,1.27786e+07,0,0,0,0,53.3465,61.308,2.99816,0,1,1.33364,1.45978,0,1.03037,1.69344,9.02378e+06,4.76609e+06,1.20344e+07,0,0,0,1.19558e+08
80.4483,103.622,5.98747,0.41,0,3.03572,3.32286,0,0.551507,6.16896,4.3421e+06,3.56573e+06,1.31814e+07,0,0,0,0,53.8676,61.308,2.81882,0,1,1.37703,1.50727,0,1.03037,1.69344,9.02378e+06,4.76609e+06,1.2426e+07,0,0,0,1.19558e+08
82.0212,103.622,4.41901,0.46,0,3.0363,3.32349,0,0.568895,6.16896,4.3421e+06,3.56573e+06,1.31839e+07,0,0,0,0,54.3231,61.308,2.66336,0,1,1.37729,1.50756,0,1.06389,1.69344,9.02378e+06,4.76609e+06,1.24283e+07,0,0,0,1.19558e+08
82.4179,103.622,3.24402,0.48,0,3.03687,3.32412,0,0.569002,6.16896,4.3421e+06,3.56573e+06,1.31864e+07,0,0,0,0,54.9016,61.308,2.97953,0,1,1.37755,1.50784,0,1.06409,1.69344,9.02378e+06,4.76609e+06,1.24307e+07,0,0,0,1.19558e+08
82.9106,103.622,3.33872,0.49,0,3.03745,3.32474,0,0.56911,6.16896,4.3421e+06,3.56573e+06,1.31889e+07,0,0,0,0,55.266,61.308,2.57358,0,1,1.37781,1.50813,0,1.06429,1.69344,9.02378e+06,4.76609e+06,1.2433e+07,0,0,0,1.19558e+08
82.9131,103.622,2.8741,0.41,0,3.33435,3.64972,0,0.569218,6.16896,4.3421e+06,2.97144e+06,1.44781e+07,0,0,0,0,55.152,61.308,2.26554,1,1,1.5401,1.68577,0,1.06449,1.69344,9.02378e+06,3.97174e+06,1.38975e+07,0,0,0,1.19558e+08
84.3081,103.622,4.47672,0.41,0,3.33498,3.65041,0,0.624856,6.16896,4.3421e+06,2.97144e+06,1.44808e+07,0,0,0,0,55.1291,61.308,2.52184,1,1,1.54039,1.68609,0,1.18988,1.69344,9.02378e+06,3.97174e+06,1.39002e+07,0,0,0,1.19558e+08
85.9515,103.622,4.82171,0.43,0,3.33561,3.65111,0,0.624975,6.16896,4.3421e+06,2.97144e+06,1.44836e+07,0,0,0,0,55.3895,61.308,3.28088,1,1,1.54068,1.68641,0,1.19011,1.69344,9.02378e+06,3.97174e+06,1.39028e+07,0,0,0,1.19558e+08
87.5427,103.622,4.69633,0.47,0,3.33624,3.6518,0,0.625093,6.16896,4.3421e+06,2.97144e+06,1.44863e+07,0,0,0,0,55.4081,61.308,2.87065,1,1,1.54098,1.68673,0,1.19033,1.69344,9.02378e+06,3.97174e+06,1.39054e+07,0,0,0,1.19558e+08
92.8412,103.622,8.77008,0.49,0,2.9139,3.18951,0,0.625211,6.16896,4.3421e+06,3.56573e+06,1.26525e+07,0,0,0,0,57.209,61.308,8.90368,0,1,1.32365,1.44885,0,1.19056,1.69344,9.02378e+06,4.76609e+06,1.19444e+07,0,0,0,1.19558e+08
95.7071,103.622,6.36024,0.47,0,2.91445,3.19012,0,0.546065,6.16896,4.3421e+06,3.56573e+06,1.26549e+07,0,0,0,0,58.4634,61.308,7.46321,0,1,1.3239,1.44913,0,1.02266,1.69344,9.02378e+06,4.76609e+06,1.19466e+07,0,0,0,1.19558e+08
98.7021,103.622,6.38471,0.5,0,2.915,3.19072,0,0.546169,6.16896,4.3421e+06,3.56573e+06,1.26573e+07,0,0,0,0,59.3372,61.308,6.03915,0,1,1.32416,1.4494,0,1.02285,1.69344,9.02378e+06,4.76609e+06,1.19489e+07,0,0,0,1.19558e+08
101.283,103.622,5.99971,0.43,0,2.91556,3.19132,0,0.546272,6.16896,4.3421e+06,3.56573e+06,1.26597e+07,0,0,0,0,60.4734,61.308,7.19723,0,1,1.32441,1.44967,0,1.02304,1.69344,9.02378e+06,4.76609e+06,1.19511e+07,0,0,0,1.19558e+08
103.622,103.622,10.012,0.47,0,2.91611,3.19193,0,0.546375,6.16896,4.3421e+06,3.56573e+06,1.2662e+07,0,0,0,0,62.3362,61.308,10.5069,0,1,1.32466,1.44995,0,1.02324,1.69344,9.02378e+06,4.76609e+06,1.19534e+07,0,0,0,1.19558e+08
103.622,103.622,7.43253,0.5,0,3.02323,3.30918,0,0.546479,6.16896,4.3421e+06,3.56573e+06,1.31272e+07,0,0,0,0,62.3362,61.308,4.73522,0,1,1.37819,1.50855,0,1.02343,1.69344,9.02378e+06,4.76609e+06,1.24365e+07,0,0,0,1.19558e+08
103.622,103.622,6.83633,0.52,0,3.0238,3.30981,0,0.566553,6.16896,4.3421e+06,3.56573e+06,1.31297e+07,0,0,0,0,62.3362,61.308,4.96009,0,1,1.37845,1.50884,0,1.06479,1.69344,9.02378e+06,4.76609e+06,1.24389e+07,0,0,0,1.19558e+08
103.622,103.622,6.54819,0.54,0,3.02437,3.31043,0,0.56666,6.16896,4.3421e+06,3.56573e+06,1.31321e+07,0,0,0,0,62.3362,61.308,5.19939,0,1,1.37872,1.50912,0,1.06499,1.69344,9.02378e+06,4.76609e+06,1.24412e+07,0,0,0,1.19558e+08
103.622,103.622,5.15424,0.52,0,3.02495,3.31106,0,0.566767,6.16896,4.3421e+06,3.56573e+06,1.31346e+07,0,0,0,0,62.3362,61.308,3.61027,0,1,1.37898,1.50941,0,1.0652,1.69344,9.02378e+06,4.76609e+06,1.24436e+07,0,0,0,1.19558e+08
103.622,103.622,4.49191,0.51,0,2.98382,3.26604,0,0.566875,6.16896,4.3421e+06,3.56573e+06,1.29561e+07,0,0,0,0,62.3362,61.308,3.37744,0,1,1.35853,1.48702,0,1.0654,1.69344,9.02378e+06,4.76609e+06,1.2259e+07,0,0,0,1.19558e+08
103.622,103.622,4.09468,0.48,0,2.98438,3.26666,0,0.559168,6.16896,4.3421e+06,3.56573e+06,1.29585e+07,0,0,0,0,62.3362,61.308,2.64571,0,1,1.35878,1.4873,0,1.0496,1.69344,9.02378e+06,4.76609e+06,1.22614e+07,0,0,0,1.19558e+08
103.622,103.622,4.99094,0.46,0,2.98495,3.26728,0,0.559273,6.16896,4.3421e+06,3.56573e+06,1.2961e+07,0,0,0,0,62.3362,61.308,2.97397,0,1,1.35904,1.48758,0,1.0498,1.69344,9.02378e+06,4.76609e+06,1.22637e+07,0,0,0,1.19558e+08
103.622,103.622,3.91427,0.43,0,2.98551,3.2679,0,0.559379,6.16896,4.3421e+06,3.56573e+06,1.29634e+07,0,0,0,0,62.3362,61.308,2.89634,0,1,1.3593,1.48787,0,1.04999,1.69344,9.02378e+06,4.76609e+06,1.2266e+07,0,0,0,1.19558e+08
103.622,103.622,3.93577,0.4,0,3.12773,3.42356,0,0.559485,6.16896,4.3421e+06,2.97144e+06,1.35809e+07,0,0,0,0,62.3362,61.308,2.62255,1,1,1.43306,1.5686,0,1.05019,1.69344,9.02378e+06,3.97174e+06,1.29316e+07,0,0,0,1.19558e+08
103.622,103.622,3.48157,0.37,0,3.36503,3.42421,0,0.586136,6.16896,4.3421e+06,2.97144e+06,1.46113e+07,0,0,0,0,62.3362,61.308,2.36898,1,1,1.54179,1.5689,0,1.10718,1.69344,9.02378e+06,3.97174e+06,1.39127e+07,0,0,0,1.19558e+08
103.566,103.622,3.09693,0.33,0,3.36567,3.42486,0,0.630607,6.16896,4.3421e+06,2.97144e+06,1.46141e+07,0,0,0,0,62.2606,61.308,2.22425,1,1,1.54208,1.5692,0,1.19118,1.69344,9.02378e+06,3.97174e+06,1.39154e+07,0,0,0,1.19558e+08
103.27,103.622,2.83329,0.31,0,3.3663,3.4255,0,0.630726,6.16896,4.3421e+06,2.97144e+06,1.46168e+07,0,0,0,0,62.1389,61.308,2.10868,1,1,1.54237,1.56949,0,1.19141,1.69344,9.02378e+06,3.97174e+06,1.3918e+07,0,0,0,1.19558e+08
102.976,103.622,2.82002,0.28,0,3.36694,3.42615,0,0.630845,6.16896,4.3421e+06,2.97144e+06,1.46196e+07,0,0,0,0,62.1838,61.308,2.61104,1,1,1.54266,1.56979,0,1.19163,1.69344,9.02378e+06,3.97174e+06,1.39206e+07,0,0,0,1.19558e+08
102.66,103.622,2.77449,0.25,0,3.33742,3.39611,0,0.630965,6.16896,4.3421e+06,2.97144e+06,1.44914e+07,0,0,0,0,62.3362,61.308,3.04726,1,1,1.58645,1.61435,0,1.19186,1.69344,9.02378e+06,3.97174e+06,1.43158e+07,0,0,0,1.19558e+08
102.212,103.622,2.62007,0.24,0,3.33805,3.39675,0,0.625432,6.16896,4.3421e+06,2.97144e+06,1.44942e+07,0,0,0,0,62.3362,61.308,2.86301,1,1,1.58675,1.61465,0,1.22569,1.69344,9.02378e+06,3.97174e+06,1.43185e+07,0,0,0,1.19558e+08
101.608,103.622,2.44412,0.21,0,3.33868,3.39739,0,0.62555,6.16896,4.3421e+06,2.97144e+06,1.44969e+07,0,0,0,0,62.3134,61.308,2.68428,1,1,1.58705,1.61496,0,1.22592,1.69344,9.02378e+06,3.97174e+06,1.43212e+07,0,0,0,1.19558e+08
100.92,103.622,2.32608,0.21,0,3.33931,3.39804,0,0.625668,6.16896,4.3421e+06,2.97144e+06,1.44996e+07,0,0,0,0,62.2871,61.308,2.46948,1,1,1.58735,1.61527,0,1.22615,1.69344,9.02378e+06,3.97174e+06,1.43239e+07,0,0,0,1.19558e+08
100.48,103.622,2.61549,0.19,0,3.41789,3.478,0,0.625787,6.16896,4.3421e+06,2.97144e+06,1.48408e+07,0,0,0,0,62.3362,61.308,2.83407,1,1,1.62645,1.65505,0,1.22639,1.69344,9.02378e+06,3.97174e+06,1.46767e+07,0,0,0,1.19558e+08
99.8595,103.622,2.40094,0.19,0,3.41853,3.47865,0,0.640512,6.16896,4.3421e+06,2.97144e+06,1.48436e+07,0,0,0,0,62.2379,61.308,2.79783,1,1,1.62675,1.65536,0,1.25659,1.69344,9.02378e+06,3.97174e+06,1.46795e+07,0,0,0,1.19558e+08
99.0638,103.622,2.19717,0.18,0,3.41918,3.47931,0,0.640633,6.16896,4.3421e+06,2.97144e+06,1.48464e+07,0,0,0,0,62.0784,61.308,2.45081,1,1,1.62706,1.65567,0,1.25683,1.69344,9.02378e+06,3.97174e+06,1.46822e+07,0,0,0,1.19558e+08
98.3974,103.622,2.34628,0.18,0,3.41983,3.47997,0,0.640754,6.16896,4.3421e+06,2.97144e+06,1.48492e+07,0,0,0,0,62.0274,61.308,2.90104,1,1,1.62737,1.65599,0,1.25707,1.69344,9.02378e+06,3.97174e+06,1.4685e+07,0,0,0,1.19558e+08
97.3955,103.622,2.11141,0.18,0,3.64891,3.71308,0,0.640875,6.16896,4.3421e+06,2.97144e+06,1.5844e+07,0,0,0,0,61.9838,61.308,2.76794,1,1,1.69344,1.7989,0.0743708,1.2573,1.69344,9.02378e+06,3.97174e+06,1.52812e+07,0,0,0,1.19558e+08
96.2319,103.622,1.89862,0.17,0,3.6496,3.71378,0,0.683806,6.16896,4.3421e+06,2.97144e+06,1.58469e+07,0,0,0,0,61.8893,61.308,2.55619,1,1,1.69344,1.79924,0.0747048,1.30835,1.69344,9.02378e+06,3.97174e+06,1.52812e+07,0,0,0,1.19558e+08
95.7273,103.622,2.56391,0.22,0,3.65029,3.71448,0,0.683935,6.16896,4.3421e+06,2.97144e+06,1.58499e+07,0,0,0,0,61.8879,61.308,2.87718,1,1,1.69344,1.79958,0.0750389,1.30835,1.69344,9.02378e+06,3.97174e+06,1.52812e+07,0,0,0,1.19558e+08
96.2686,103.622,3.70384,0.23,0,3.65098,3.71519,0,0.684064,6.16896,4.3421e+06,2.97144e+06,1.58529e+07,0,0,0,0,62.211,61.308,3.43432,1,1,1.69344,1.79992,0.075373,1.30835,1.69344,9.02378e+06,3.97174e+06,1.52812e+07,0,0,0,1.19558e+08
96.5006,103.622,3.42013,0.23,0,3.65167,3.71589,0,0.684194,6.16896,4.3421e+06,2.97144e+06,1.58559e+07,0,0,0,0,62.3362,61.308,3.59986,1,1,1.69344,1.80026,0.0757071,1.30835,1.69344,9.02378e+06,3.97174e+06,1.52812e+07,0,0,0,1.19558e+08
96.2095,103.622,2.80607,0.23,0,3.54092,3.60319,0,0.684323,6.16896,4.3421e+06,2.97144e+06,1.53751e+07,0,0,0,0,62.3362,61.308,3.54481,1,1,1.68434,1.71396,0,1.30835,1.69344,9.02378e+06,3.97174e+06,1.51991e+07,0,0,0,1.19558e+08
95.6791,103.622,2.57754,0.23,0,3.54159,3.60387,0,0.663569,6.16896,4.3421e+06,2.97144e+06,1.5378e+07,0,0,0,0,62.3362,61.308,4.04248,1,1,1.68466,1.71429,0,1.30132,1.69344,9.02378e+06,3.97174e+06,1.5202e+07,0,0,0,1.19558e+08
96.4816,103.622,4.14333,0.23,0,3.54226,3.60455,0,0.663694,6.16896,4.3421e+06,2.97144e+06,1.53809e+07,0,0,0,0,62.3362,61.308,5.78736,1,1,1.68498,1.71461,0,1.30157,1.69344,9.02378e+06,3.97174e+06,1.52049e+07,0,0,0,1.19558e+08
100.166,103.622,7.23951,0.23,0,3.54293,3.60523,0,0.663819,6.16896,4.3421e+06,2.97144e+06,1.53838e+07,0,0,0,0,62.2149,61.308,5.73703,1,1,1.6853,1.71494,0,1.30182,1.69344,9.02378e+06,3.97174e+06,1.52078e+07,0,0,0,1.19558e+08
98.9095,103.622,1.94729,0.2,0,3.45206,3.51277,0,0.663945,6.16896,4.3421e+06,2.97144e+06,1.49892e+07,0,0,0,0,61.9386,61.308,2.09636,1,1,1.60806,1.63634,0,1.30206,1.69344,9.02378e+06,3.97174e+06,1.45108e+07,0,0,0,1.19558e+08
97.6989,103.622,2.03666,0.19,0,3.45271,3.51343,0,0.646916,6.16896,4.3421e+06,2.97144e+06,1.4992e+07,0,0,0,0,61.8383,61.308,1.53892,1,1,1.60837,1.63665,0,1.24239,1.69344,9.02378e+06,3.97174e+06,1.45135e+07,0,0,0,1.19558e+08
96.805,103.622,2.44133,0.19,0,3.45336,3.51409,0,0.647038,6.16896,4.3421e+06,2.97144e+06,1.49949e+07,0,0,0,0,62.3362,61.308,3.31581,1,1,1.60867,1.63696,0,1.24262,1.69344,9.02378e+06,3.97174e+06,1.45163e+07,0,0,0,1.19558e+08
99.4267,103.622,6.35223,0.2,0,3.45401,3.51476,0,0.64716,6.16896,4.3421e+06,2.97144e+06,1.49977e+07,0,0,0,0,62.3362,61.308,6.98791,1,1,1.60897,1.63727,0,1.24286,1.69344,9.02378e+06,3.97174e+06,1.4519e+07,0,0,0,1.19558e+08
99.3068,103.622,3.19643,0.2,0,3.25067,3.25067,0,0.647282,6.16896,4.3421e+06,2.70226e+06,1.41147e+07,0,0,0,0,62.3362,61.308,4.66718,0,1,1.47309,1.47309,0,1.24309,1.69344,9.02378e+06,3.61194e+06,1.32928e+07,0,0,0,1.19558e+08
100.101,103.622,4.33034,0.22,0,3.25128,3.25128,0,0.609175,6.16896,4.3421e+06,2.70226e+06,1.41174e+07,0,0,0,0,62.3362,61.308,5.026,0,1,1.47337,1.47337,0,1.13811,1.69344,9.02378e+06,3.61194e+06,1.32953e+07,0,0,0,1.19558e+08
101.84,103.622,5.31995,0.22,0,3.2519,3.2519,0,0.60929,6.16896,4.3421e+06,2.70226e+06,1.41201e+07,0,0,0,0,62.3362,61.308,6.40132,0,1,1.47364,1.47364,0,1.13832,1.69344,9.02378e+06,3.61194e+06,1.32978e+07,0,0,0,1.19558e+08
101.801,103.622,3.51391,0.23,0,3.25251,3.25251,0,0.609405,6.16896,4.3421e+06,2.70226e+06,1.41227e+07,0,0,0,0,62.3362,61.308,4.11498,0,1,1.47392,1.47392,0,1.13854,1.69344,9.02378e+06,3.61194e+06,1.33004e+07,0,0,0,1.19558e+08
102.84,103.622,4.48116,0.24,0,3.25312,3.25312,0,0.60952,6.16896,4.3421e+06,2.70226e+06,1.41254e+07,0,0,0,0,62.3362,61.308,4.39397,0,1,1.4742,1.4742,0,1.13875,1.69344,9.02378e+06,3.61194e+06,1.33029e+07,0,0,0,1.19558e+08
103.622,103.622,9.46888,0.24,0,3.35565,3.35565,0,0.609635,6.16896,4.3421e+06,2.70226e+06,1.45706e+07,0,0,0,0,62.3362,61.308,9.28076,0,1,1.52214,1.52214,0,1.13897,1.69344,9.02378e+06,3.61194e+06,1.37355e+07,0,0,0,1.19558e+08
103.622,103.622,8.72903,0.26,0,3.35624,3.35624,0,0.628848,6.16896,4.3421e+06,2.70226e+06,1.45732e+07,0,0,0,0,62.3362,61.308,8.80832,0,1,1.52242,1.52242,0,1.17601,1.69344,9.02378e+06,3.61194e+06,1.37379e+07,0,0,0,1.19558e+08
103.622,103.622,8.86251,0.28,0,3.35684,3.35684,0,0.62896,6.16896,4.3421e+06,2.70226e+06,1.45757e+07,0,0,0,0,62.3362,61.308,6.43683,0,1,1.52269,1.52269,0,1.17622,1.69344,9.02378e+06,3.61194e+06,1.37404e+07,0,0,0,1.19558e+08
103.622,103.622,7.89941,0.3,0,3.35744,3.35744,0,0.629072,6.16896,4.3421e+06,2.70226e+06,1.45783e+07,0,0,0,0,62.3362,61.308,6.97726,0,1,1.52296,1.52296,0,1.17643,1.69344,9.02378e+06,3.61194e+06,1.37428e+07,0,0,0,1.19558e+08
103.622,103.622,5.98709,0.31,0,3.62187,3.68557,0,0.629184,6.16896,4.3421e+06,2.97144e+06,1.57266e+07,0,0,0,0,62.3362,61.308,7.04639,1,1,1.67291,1.70233,0,1.17664,1.69344,9.02378e+06,3.97174e+06,1.50959e+07,0,0,0,1.19558e+08
103.622,103.622,6.27548,0.33,0,3.62252,3.68622,0,0.678739,6.16896,4.3421e+06,2.97144e+06,1.57293e+07,0,0,0,0,62.3362,61.308,7.77113,1,1,1.6732,1.70263,0,1.29249,1.69344,9.02378e+06,3.97174e+06,1.50986e+07,0,0,0,1.19558e+08
103.622,103.622,5.05503,0.34,0,3.62316,3.68688,0,0.67886,6.16896,4.3421e+06,2.97144e+06,1.57321e+07,0,0,0,0,62.3362,61.308,5.6516,1,1,1.6735,1.70293,0,1.29272,1.69344,9.02378e+06,3.97174e+06,1.51013e+07,0,0,0,1.19558e+08
103.622,103.622,9.41816,0.33,0,3.62381,3.68753,0,0.67898,6.16896,4.3421e+06,2.97144e+06,1.57349e+07,0,0,0,0,62.3362,61.308,11.2462,1,1,1.6738,1.70323,0,1.29295,1.69344,9.02378e+06,3.97174e+06,1.5104e+07,0,0,0,1.19558e+08
103.622,103.622,6.95401,0.37,0,3.22069,3.22069,0,0.679101,6.16896,4.3421e+06,2.70226e+06,1.39846e+07,0,0,0,0,62.3362,61.308,10.6757,0,1,1.46301,1.46301,0,1.29318,1.69344,9.02378e+06,3.61194e+06,1.32019e+07,0,0,0,1.19558e+08
103.622,103.622,5.93725,0.38,0,3.22126,3.22126,0,0.603557,6.16896,4.3421e+06,2.70226e+06,1.39871e+07,0,0,0,0,62.3362,61.308,8.94972,0,1,1.46327,1.46327,0,1.13032,1.69344,9.02378e+06,3.61194e+06,1.32043e+07,0,0,0,1.19558e+08
103.622,103.622,6.17828,0.44,0,2.94343,3.22183,0,0.603664,6.16896,4.3421e+06,3.56573e+06,1.27807e+07,0,0,0,0,62.3362,61.308,9.83714,0,1,1.33707,1.46353,0,1.13053,1.69344,9.02378e+06,4.76609e+06,1.20654e+07,0,0,0,1.19558e+08
103.622,103.622,5.866,0.46,0,2.94395,3.22241,0,0.551599,6.16896,4.3421e+06,3.56573e+06,1.2783e+07,0,0,0,0,62.3362,61.308,8.75456,0,1,1.33731,1.46379,0,1.03302,1.69344,9.02378e+06,4.76609e+06,1.20675e+07,0,0,0,1.19558e+08
103.622,103.622,7.28769,0.51,0,2.94448,3.22298,0,0.551697,6.16896,4.3421e+06,3.56573e+06,1.27852e+07,0,0,0,0,62.3362,61.308,10.4957,0,1,1.33754,1.46405,0,1.0332,1.69344,9.02378e+06,4.76609e+06,1.20697e+07,0,0,0,1.19558e+08
103.622,103.622,8.12282,0.53,0,3.0526,3.34133,0,0.551795,6.16896,4.3421e+06,3.56573e+06,1.32547e+07,0,0,0,0,62.3362,61.308,10.3436,0,1,1.39158,1.52321,0,1.03339,1.69344,9.02378e+06,4.76609e+06,1.25574e+07,0,0,0,1.19558e+08
103.622,103.622,6.88981,0.55,0,3.05315,3.34193,0,0.572058,6.16896,4.3421e+06,3.56573e+06,1.32571e+07,0,0,0,0,62.3362,61.308,8.56599,0,1,1.39183,1.52348,0,1.07514,1.69344,9.02378e+06,4.76609e+06,1.25596e+07,0,0,0,1.19558e+08
103.622,103.622,6.46104,0.56,0,3.05369,3.34252,0,0.57216,6.16896,4.3421e+06,3.56573e+06,1.32594e+07,0,0,0,0,62.3362,61.308,8.15758,0,1,1.39208,1.52375,0,1.07533,1.69344,9.02378e+06,4.76609e+06,1.25618e+07,0,0,0,1.19558e+08
103.622,103.622,5.49019,0.55,0,3.05423,3.34311,0,0.572261,6.16896,4.3421e+06,3.56573e+06,1.32618e+07,0,0,0,0,62.3362,61.308,7.23094,0,1,1.39233,1.52402,0,1.07552,1.69344,9.02378e+06,4.76609e+06,1.25641e+07,0,0,0,1.19558e+08
103.622,103.622,5.21708,0.54,0,3.01267,3.29762,0,0.572363,6.16896,4.3421e+06,3.56573e+06,1.30813e+07,0,0,0,0,62.3362,61.308,6.67891,0,1,1.37166,1.5014,0,1.07571,1.69344,9.02378e+06,4.76609e+06,1.23776e+07,0,0,0,1.19558e+08
103.622,103.622,4.91882,0.52,0,3.01321,3.29821,0,0.564575,6.16896,4.3421e+06,3.56573e+06,1.30837e+07,0,0,0,0,62.3362,61.308,5.71435,0,1,1.37191,1.50167,0,1.05975,1.69344,9.02378e+06,4.76609e+06,1.23798e+07,0,0,0,1.19558e+08
103.622,103.622,4.49683,0.49,0,3.01374,3.2988,0,0.564675,6.16896,4.3421e+06,3.56573e+06,1.3086e+07,0,0,0,0,62.3362,61.308,5.39932,0,1,1.37215,1.50193,0,1.05993,1.69344,9.02378e+06,4.76609e+06,1.2382e+07,0,0,0,1.19558e+08
103.622,103.622,4.14685,0.46,0,3.01428,3.29938,0,0.564775,6.16896,4.3421e+06,3.56573e+06,1.30883e+07,0,0,0,0,62.3362,61.308,5.17155,0,1,1.37239,1.5022,0,1.06012,1.69344,9.02378e+06,4.76609e+06,1.23842e+07,0,0,0,1.19558e+08
103.622,103.622,3.96693,0.43,0,3.15783,3.45651,0,0.564876,6.16896,4.3421e+06,2.97144e+06,1.37116e+07,0,0,0,0,62.3362,61.308,4.4544,1,1,1.44685,1.5837,0,1.06031,1.69344,9.02378e+06,3.97174e+06,1.3056e+07,0,0,0,1.19558e+08
103.622,103.622,3.77516,0.38,0,3.39738,3.45712,0,0.591777,6.16896,4.3421e+06,2.97144e+06,1.47518e+07,0,0,0,0,62.3362,61.308,4.09155,1,1,1.55661,1.58398,0,1.11784,1.69344,9.02378e+06,3.97174e+06,1.40465e+07,0,0,0,1.19558e+08
103.622,103.622,3.58739,0.36,0,3.39798,3.45774,0,0.636668,6.16896,4.3421e+06,2.97144e+06,1.47544e+07,0,0,0,0,62.3362,61.308,4.19969,1,1,1.55688,1.58426,0,1.20263,1.69344,9.02378e+06,3.97174e+06,1.4049e+07,0,0,0,1.19558e+08
103.622,103.622,3.4932,0.34,0,3.39858,3.45835,0,0.636781,6.16896,4.3421e+06,2.97144e+06,1.4757e+07,0,0,0,0,62.3362,61.308,4.06167,1,1,1.55716,1.58454,0,1.20285,1.69344,9.02378e+06,3.97174e+06,1.40515e+07,0,0,0,1.19558e+08
103.488,103.622,3.14076,0.3,0,3.39919,3.45896,0,0.636894,6.16896,4.3421e+06,2.97144e+06,1.47596e+07,0,0,0,0,62.3362,61.308,3.48584,1,1,1.55744,1.58482,0,1.20306,1.69344,9.02378e+06,3.97174e+06,1.40539e+07,0,0,0,1.19558e+08
102.97,103.622,2.66547,0.25,0,3.36934,3.42859,0,0.637007,6.16896,4.3421e+06,2.97144e+06,1.463e+07,0,0,0,0,62.2987,61.308,2.65348,1,1,1.60163,1.62979,0,1.20327,1.69344,9.02378e+06,3.97174e+06,1.44527e+07,0,0,0,1.19558e+08
102.35,103.622,2.53146,0.24,0,3.36994,3.4292,0,0.631414,6.16896,4.3421e+06,2.97144e+06,1.46326e+07,0,0,0,0,62.2055,61.308,2.56169,1,1,1.60191,1.63008,0,1.23742,1.69344,9.02378e+06,3.97174e+06,1.44553e+07,0,0,0,1.19558e+08
101.616,103.622,2.39158,0.22,0,3.37054,3.42981,0,0.631526,6.16896,4.3421e+06,2.97144e+06,1.46352e+07,0,0,0,0,62.0254,61.308,2.41095,1,1,1.60219,1.63037,0,1.23764,1.69344,9.02378e+06,3.97174e+06,1.44578e+07,0,0,0,1.19558e+08
100.748,103.622,2.23116,0.21,0,3.37113,3.43042,0,0.631638,6.16896,4.3421e+06,2.97144e+06,1.46378e+07,0,0,0,0,61.7874,61.308,2.26187,1,1,1.60248,1.63066,0,1.23785,1.69344,9.02378e+06,3.97174e+06,1.44604e+07,0,0,0,1.19558e+08
99.5435,103.622,1.9061,0.2,0,3.45042,3.5111,0,0.631751,6.16896,4.3421e+06,2.97144e+06,1.49821e+07,0,0,0,0,61.5466,61.308,2.20756,1,1,1.64193,1.6708,0,1.23807,1.69344,9.02378e+06,3.97174e+06,1.48164e+07,0,0,0,1.19558e+08
98.2986,103.622,1.7952,0.19,0,3.45103,3.51173,0,0.646609,6.16896,4.3421e+06,2.97144e+06,1.49848e+07,0,0,0,0,61.2256,61.308,1.99112,1,1,1.64222,1.6711,0,1.26855,1.69344,9.02378e+06,3.97174e+06,1.4819e+07,0,0,0,1.19558e+08
97.0404,103.622,1.75098,0.18,0,3.45165,3.51235,0,0.646724,6.16896,4.3421e+06,2.97144e+06,1.49874e+07,0,0,0,0,60.836,61.308,2.17076,1,1,1.64251,1.6714,0,1.26878,1.69344,9.02378e+06,3.97174e+06,1.48216e+07,0,0,0,1.19558e+08
95.9959,103.622,1.9996,0.19,0,3.45226,3.51297,0,0.646839,6.16896,4.3421e+06,2.97144e+06,1.49901e+07,0,0,0,0,60.517,61.308,2.11922,1,1,1.6428,1.67169,0,1.269,1.69344,9.02378e+06,3.97174e+06,1.48243e+07,0,0,0,1.19558e+08
94.5679,103.622,1.72227,0.23,0,3.68348,3.74825,0,0.646954,6.16896,4.3421e+06,2.97144e+06,1.5994e+07,0,0,0,0,60.1031,61.308,1.77767,1,1,1.69344,1.81594,0.0911164,1.26923,1.69344,9.02378e+06,3.97174e+06,1.52812e+07,0,0,0,1.19558e+08
93.0843,103.622,1.66486,0.24,0,3.68413,3.74892,0,0.690283,6.16896,4.3421e+06,2.97144e+06,1.59969e+07,0,0,0,0,59.7216,61.308,1.97338,1,1,1.69344,1.81626,0.0914331,1.30835,1.69344,9.02378e+06,3.97174e+06,1.52812e+07,0,0,0,1.19558e+08
91.5333,103.622,1.56711,0.23,0,3.68478,3.74958,0,0.690406,6.16896,4.3421e+06,2.97144e+06,1.59997e+07,0,0,0,0,59.3263,61.308,2.2635,1,1,1.69344,1.81658,0.0917498,1.30835,1.69344,9.02378e+06,3.97174e+06,1.52812e+07,0,0,0,1.19558e+08
89.9608,103.622,1.51797,0.23,0,3.68544,3.75025,0,0.690528,6.16896,4.3421e+06,2.97144e+06,1.60026e+07,0,0,0,0,58.9265,61.308,2.23231,1,1,1.69344,1.81691,0.0920666,1.30835,1.69344,9.02378e+06,3.97174e+06,1.52812e+07,0,0,0,1.19558e+08
88.823,103.622,1.95558,0.25,0,3.68609,3.75092,0,0.690651,6.16896,4.3421e+06,2.97144e+06,1.60054e+07,0,0,0,0,58.5167,61.308,2.04836,1,1,1.69344,1.81723,0.0923834,1.30835,1.69344,9.02378e+06,3.97174e+06,1.52812e+07,0,0,0,1.19558e+08
88.0428,103.622,2.26667,0.3,0,3.57426,3.63712,0,0.690773,6.16896,4.3421e+06,2.97144e+06,1.55198e+07,0,0,0,0,58.1749,61.308,1.8565,1,1,1.69344,1.7301,0.0067611,1.30835,1.69344,9.02378e+06,3.97174e+06,1.52812e+07,0,0,0,1.19558e+08
87.6422,103.622,2.72045,0.3,0,3.57489,3.63776,0,0.669816,6.16896,4.3421e+06,2.97144e+06,1.55226e+07,0,0,0,0,58.2057,61.308,2.92297,1,1,1.69344,1.73041,0.00706276,1.30835,1.69344,9.02378e+06,3.97174e+06,1.52812e+07,0,0,0,1.19558e+08
87.1825,103.622,2.61389,0.29,0,3.57553,3.63841,0,0.669935,6.16896,4.3421e+06,2.97144e+06,1.55253e+07,0,0,0,0,58.1077,61.308,2.70087,1,1,1.69344,1.73072,0.00736442,1.30835,1.69344,9.02378e+06,3.97174e+06,1.52812e+07,0,0,0,1.19558e+08
86.7016,103.622,2.62745,0.3,0,3.57616,3.63905,0,0.670054,6.16896,4.3421e+06,2.97144e+06,1.55281e+07,0,0,0,0,58.1966,61.308,3.39415,1,1,1.69344,1.73102,0.00766607,1.30835,1.69344,9.02378e+06,3.97174e+06,1.52812e+07,0,0,0,1.19558e+08
85.794,103.622,2.06567,0.3,0,3.4844,3.54567,0,0.670172,6.16896,4.3421e+06,2.97144e+06,1.51296e+07,0,0,0,0,58.1113,61.308,2.11563,1,1,1.62313,1.65167,0,1.30835,1.69344,9.02378e+06,3.97174e+06,1.46467e+07,0,0,0,1.19558e+08
85.7528,103.622,3.0449,0.31,0,3.48502,3.5463,0,0.652976,6.16896,4.3421e+06,2.97144e+06,1.51323e+07,0,0,0,0,58.6085,61.308,3.65749,1,1,1.62341,1.65196,0,1.25403,1.69344,9.02378e+06,3.97174e+06,1.46493e+07,0,0,0,1.19558e+08
84.8189,103.622,2.03766,0.31,0,3.48563,3.54693,0,0.653092,6.16896,4.3421e+06,2.97144e+06,1.5135e+07,0,0,0,0,59.0623,61.308,3.68884,1,1,1.6237,1.65226,0,1.25425,1.69344,9.02378e+06,3.97174e+06,1.46519e+07,0,0,0,1.19558e+08
84.6744,103.622,3.09383,0.31,0,3.48625,3.54756,0,0.653208,6.16896,4.3421e+06,2.97144e+06,1.51377e+07,0,0,0,0,59.2468,61.308,2.85807,1,1,1.62399,1.65255,0,1.25447,1.69344,9.02378e+06,3.97174e+06,1.46545e+07,0,0,0,1.19558e+08
86.1338,103.622,4.6442,0.31,0,3.28097,3.28097,0,0.653324,6.16896,4.3421e+06,2.70226e+06,1.42463e+07,0,0,0,0,60.026,61.308,4.50701,0,1,1.48682,1.48682,0,1.25469,1.69344,9.02378e+06,3.61194e+06,1.34167e+07,0,0,0,1.19558e+08
88.5058,103.622,5.89856,0.31,0,3.28155,3.28155,0,0.614854,6.16896,4.3421e+06,2.70226e+06,1.42488e+07,0,0,0,0,62.1077,61.308,7.2883,0,1,1.48708,1.48708,0,1.14872,1.69344,9.02378e+06,3.61194e+06,1.34191e+07,0,0,0,1.19558e+08
91.8259,103.622,6.82497,0.32,0,3.28213,3.28213,0,0.614963,6.16896,4.3421e+06,2.70226e+06,1.42514e+07,0,0,0,0,62.3362,61.308,9.01557,0,1,1.48735,1.48735,0,1.14892,1.69344,9.02378e+06,3.61194e+06,1.34215e+07,0,0,0,1.19558e+08
92.879,103.622,4.44627,0.29,0,3.28272,3.28272,0,0.615072,6.16896,4.3421e+06,2.70226e+06,1.42539e+07,0,0,0,0,62.3362,61.308,4.26344,0,1,1.48761,1.48761,0,1.14912,1.69344,9.02378e+06,3.61194e+06,1.34239e+07,0,0,0,1.19558e+08
94.1741,103.622,4.87934,0.3,0,3.2833,3.2833,0,0.615181,6.16896,4.3421e+06,2.70226e+06,1.42564e+07,0,0,0,0,62.3362,61.308,4.7766,0,1,1.48787,1.48787,0,1.14933,1.69344,9.02378e+06,3.61194e+06,1.34263e+07,0,0,0,1.19558e+08
96.9275,103.622,6.40187,0.32,0,3.3282,3.38673,0,0.61529,6.16896,4.3421e+06,2.97144e+06,1.44514e+07,0,0,0,0,62.3362,61.308,8.17906,1,1,1.5097,1.53625,0,1.14953,1.69344,9.02378e+06,3.97174e+06,1.36232e+07,0,0,0,1.19558e+08
98.2453,103.622,4.92995,0.26,0,3.32876,3.3873,0,0.623705,6.16896,4.3421e+06,2.97144e+06,1.44538e+07,0,0,0,0,62.3362,61.308,7.07405,1,1,1.50995,1.5365,0,1.16639,1.69344,9.02378e+06,3.97174e+06,1.36254e+07,0,0,0,1.19558e+08
100.756,103.622,6.3417,0.28,0,3.32931,3.38786,0,0.623809,6.16896,4.3421e+06,2.97144e+06,1.44562e+07,0,0,0,0,62.3362,61.308,9.81857,1,1,1.5102,1.53676,0,1.16658,1.69344,9.02378e+06,3.97174e+06,1.36277e+07,0,0,0,1.19558e+08
103.622,103.622,6.92181,0.31,0,3.32986,3.38842,0,0.623913,6.16896,4.3421e+06,2.97144e+06,1.44586e+07,0,0,0,0,62.3362,61.308,10.0615,1,1,1.51045,1.53701,0,1.16678,1.69344,9.02378e+06,3.97174e+06,1.363e+07,0,0,0,1.19558e+08
103.622,103.622,6.5854,0.32,0,3.65526,3.71954,0,0.624016,6.16896,4.3421e+06,2.97144e+06,1.58715e+07,0,0,0,0,62.3362,61.308,5.72963,1,1,1.68833,1.71802,0,1.16697,1.69344,9.02378e+06,3.97174e+06,1.52351e+07,0,0,0,1.19558e+08
103.622,103.622,4.1619,0.34,0,3.65587,3.72016,0,0.684995,6.16896,4.3421e+06,2.97144e+06,1.58742e+07,0,0,0,0,62.3362,61.308,6.75854,1,1,1.68861,1.7183,0,1.3044,1.69344,9.02378e+06,3.97174e+06,1.52376e+07,0,0,0,1.19558e+08
103.622,103.622,5.39071,0.34,0,3.65647,3.72078,0,0.685109,6.16896,4.3421e+06,2.97144e+06,1.58768e+07,0,0,0,0,62.3362,61.308,7.68023,1,1,1.68889,1.71859,0,1.30462,1.69344,9.02378e+06,3.97174e+06,1.52402e+07,0,0,0,1.19558e+08
103.622,103.622,4.8649,0.36,0,3.65708,3.7214,0,0.685223,6.16896,4.3421e+06,2.97144e+06,1.58794e+07,0,0,0,0,62.3362,61.308,8.01128,1,1,1.68917,1.71887,0,1.30483,1.69344,9.02378e+06,3.97174e+06,1.52427e+07,0,0,0,1.19558e+08
103.622,103.622,7.71127,0.38,0,3.25023,3.25023,0,0.685337,6.16896,4.3421e+06,2.70226e+06,1.41128e+07,0,0,0,0,62.3362,61.308,7.51125,0,1,1.47643,1.47643,0,1.30505,1.69344,9.02378e+06,3.61194e+06,1.3323e+07,0,0,0,1.19558e+08
103.622,103.622,5.90437,0.39,0,3.19458,3.25077,0,0.609092,6.16896,4.3421e+06,2.97144e+06,1.38712e+07,0,0,0,0,62.3362,61.308,6.88089,0,1,1.45116,1.47668,0,1.14069,1.69344,9.02378e+06,3.97174e+06,1.30949e+07,0,0,0,1.19558e+08
103.622,103.622,9.11945,0.45,0,2.97036,3.25131,0,0.598665,6.16896,4.3421e+06,3.56573e+06,1.28976e+07,0,0,0,0,62.3362,61.308,10.5525,0,1,1.3493,1.47692,0,1.12116,1.69344,9.02378e+06,4.76609e+06,1.21758e+07,0,0,0,1.19558e+08
103.622,103.622,9.99731,0.5,0,2.97085,3.25185,0,0.556645,6.16896,4.3421e+06,3.56573e+06,1.28997e+07,0,0,0,0,62.3362,61.308,10.6914,0,1,1.34952,1.47717,0,1.04247,1.69344,9.02378e+06,4.76609e+06,1.21778e+07,0,0,0,1.19558e+08
103.622,103.622,7.52688,0.53,0,2.97134,3.25239,0,0.556737,6.16896,4.3421e+06,3.56573e+06,1.29019e+07,0,0,0,0,62.3362,61.308,8.57086,0,1,1.34975,1.47741,0,1.04264,1.69344,9.02378e+06,4.76609e+06,1.21798e+07,0,0,0,1.19558e+08
103.622,103.622,4.75634,0.55,0,3.08042,3.37178,0,0.55683,6.16896,4.3421e+06,2.97144e+06,1.33755e+07,0,0,0,0,62.3362,61.308,4.42644,1,1,1.40427,1.53709,0,1.04281,1.69344,9.02378e+06,3.97174e+06,1.26718e+07,0,0,0,1.19558e+08
103.622,103.622,4.8094,0.59,0,3.08093,3.37234,0,0.577271,6.16896,4.3421e+06,2.97144e+06,1.33777e+07,0,0,0,0,62.3362,61.308,4.94721,1,1,1.4045,1.53734,0,1.08494,1.69344,9.02378e+06,3.97174e+06,1.26739e+07,0,0,0,1.19558e+08
103.622,103.622,5.65695,0.58,0,3.08145,3.3729,0,0.577367,6.16896,4.3421e+06,2.97144e+06,1.338e+07,0,0,0,0,62.3362,61.308,5.86653,1,1,1.40473,1.5376,0,1.08512,1.69344,9.02378e+06,3.97174e+06,1.2676e+07,0,0,0,1.19558e+08
103.622,103.622,7.36206,0.56,0,3.08196,3.37346,0,0.577463,6.16896,4.3421e+06,2.97144e+06,1.33822e+07,0,0,0,0,62.3362,61.308,7.20543,1,1,1.40497,1.53785,0,1.0853,1.69344,9.02378e+06,3.97174e+06,1.26781e+07,0,0,0,1.19558e+08
103.622,103.622,4.03266,0.54,0,3.03999,3.32752,0,0.577559,6.16896,4.3421e+06,3.56573e+06,1.31999e+07,0,0,0,0,62.3362,61.308,4.38921,0,1,1.3841,1.51501,0,1.08548,1.69344,9.02378e+06,4.76609e+06,1.24898e+07,0,0,0,1.19558e+08
103.622,103.622,3.65752,0.53,0,3.04049,3.32807,0,0.569693,6.16896,4.3421e+06,3.56573e+06,1.32021e+07,0,0,0,0,62.3362,61.308,3.67591,0,1,1.38433,1.51526,0,1.06935,1.69344,9.02378e+06,4.76609e+06,1.24919e+07,0,0,0,1.19558e+08
103.622,103.622,4.39476,0.51,0,3.041,3.32863,0,0.569788,6.16896,4.3421e+06,3.56573e+06,1.32043e+07,0,0,0,0,62.3362,61.308,3.72177,0,1,1.38456,1.51552,0,1.06953,1.69344,9.02378e+06,4.76609e+06,1.24939e+07,0,0,0,1.19558e+08
103.622,103.622,3.36387,0.48,0,3.0415,3.32918,0,0.569883,6.16896,4.3421e+06,3.56573e+06,1.32065e+07,0,0,0,0,62.3362,61.308,3.61473,0,1,1.38479,1.51577,0,1.06971,1.69344,9.02378e+06,4.76609e+06,1.2496e+07,0,0,0,1.19558e+08
103.622,103.622,3.24565,0.44,0,3.18631,3.48769,0,0.569977,6.16896,4.3421e+06,2.97144e+06,1.38353e+07,0,0,0,0,62.3362,61.308,3.31805,1,1,1.4599,1.59798,0,1.06989,1.69344,9.02378e+06,3.97174e+06,1.31738e+07,0,0,0,1.19558e+08
103.362,103.622,3.00138,0.39,0,3.42798,3.48827,0,0.597114,6.16896,4.3421e+06,2.97144e+06,1.48846e+07,0,0,0,0,62.3362,61.308,3.11659,1,1,1.57063,1.59825,0,1.12792,1.69344,9.02378e+06,3.97174e+06,1.4173e+07,0,0,0,1.19558e+08
102.928,103.622,2.78501,0.37,0,3.42855,3.48884,0,0.642403,6.16896,4.3421e+06,2.97144e+06,1.48871e+07,0,0,0,0,62.3362,61.308,3.13813,1,1,1.57089,1.59851,0,1.21347,1.69344,9.02378e+06,3.97174e+06,1.41754e+07,0,0,0,1.19558e+08
102.423,103.622,2.70794,0.34,0,3.42912,3.48942,0,0.64251,6.16896,4.3421e+06,2.97144e+06,1.48896e+07,0,0,0,0,62.3362,61.308,3.11443,1,1,1.57115,1.59878,0,1.21367,1.69344,9.02378e+06,3.97174e+06,1.41777e+07,0,0,0,1.19558e+08
101.758,103.622,2.4989,0.3,0,3.42969,3.49,0,0.642617,6.16896,4.3421e+06,2.97144e+06,1.48921e+07,0,0,0,0,62.2405,61.308,2.63998,1,1,1.57141,1.59905,0,1.21387,1.69344,9.02378e+06,3.97174e+06,1.41801e+07,0,0,0,1.19558e+08
100.917,103.622,2.239,0.26,0,3.39954,3.45932,0,0.642724,6.16896,4.3421e+06,2.97144e+06,1.47611e+07,0,0,0,0,61.9646,61.308,2.02487,1,1,1.61598,1.6444,0,1.21407,1.69344,9.02378e+06,3.97174e+06,1.45822e+07,0,0,0,1.19558e+08
99.9135,103.622,2.05462,0.25,0,3.4001,3.45989,0,0.637073,6.16896,4.3421e+06,2.97144e+06,1.47636e+07,0,0,0,0,61.638,61.308,1.79417,1,1,1.61625,1.64467,0,1.24851,1.69344,9.02378e+06,3.97174e+06,1.45847e+07,0,0,0,1.19558e+08
98.7942,103.622,1.89037,0.22,0,3.40066,3.46047,0,0.637179,6.16896,4.3421e+06,2.97144e+06,1.4766e+07,0,0,0,0,61.2032,61.308,1.75615,1,1,1.61652,1.64494,0,1.24871,1.69344,9.02378e+06,3.97174e+06,1.45871e+07,0,0,0,1.19558e+08
97.5973,103.622,1.7713,0.22,0,3.40123,3.46104,0,0.637284,6.16896,4.3421e+06,2.97144e+06,1.47685e+07,0,0,0,0,60.5364,61.308,1.68715,1,1,1.61678,1.64522,0,1.24892,1.69344,9.02378e+06,3.97174e+06,1.45895e+07,0,0,0,1.19558e+08
96.1538,103.622,1.55476,0.21,0,3.48118,3.54241,0,0.63739,6.16896,4.3421e+06,2.97144e+06,1.51157e+07,0,0,0,0,59.7362,61.308,1.427,1,1,1.65657,1.6857,0,1.24913,1.69344,9.02378e+06,3.97174e+06,1.49485e+07,0,0,0,1.19558e+08
94.6788,103.622,1.50176,0.26,0,3.48176,3.54299,0,0.652374,6.16896,4.3421e+06,2.97144e+06,1.51182e+07,0,0,0,0,58.88,61.308,1.40175,1,1,1.65684,1.68598,0,1.27986,1.69344,9.02378e+06,3.97174e+06,1.4951e+07,0,0,0,1.19558e+08
93.0507,103.622,1.32309,0.24,0,3.48234,3.54358,0,0.652482,6.16896,4.3421e+06,2.97144e+06,1.51207e+07,0,0,0,0,57.9521,61.308,1.29632,1,1,1.65712,1.68626,0,1.28008,1.69344,9.02378e+06,3.97174e+06,1.49534e+07,0,0,0,1.19558e+08
91.3529,103.622,1.22708,0.25,0,3.48292,3.54417,0,0.652591,6.16896,4.3421e+06,2.97144e+06,1.51232e+07,0,0,0,0,56.9751,61.308,1.24535,1,1,1.65739,1.68654,0,1.28029,1.69344,9.02378e+06,3.97174e+06,1.49559e+07,0,0,0,1.19558e+08
89.3378,103.622,1.02052,0.24,0,3.71614,3.7815,0,0.652699,6.16896,4.3421e+06,2.97144e+06,1.61359e+07,0,0,0,0,55.8678,61.308,1.1856,1,1,1.69344,1.83205,0.106944,1.2805,1.69344,9.02378e+06,3.97174e+06,1.52812e+07,0,0,0,1.19558e+08
87.2238,103.622,0.901033,0.28,0,3.71676,3.78213,0,0.696406,6.16896,4.3421e+06,2.97144e+06,1.61386e+07,0,0,0,0,54.6978,61.308,1.06233,1,1,1.69344,1.83235,0.107243,1.30835,1.69344,9.02378e+06,3.97174e+06,1.52812e+07,0,0,0,1.19558e+08
85.102,103.622,0.853232,0.28,0,3.71738,3.78275,0,0.696521,6.16896,4.3421e+06,2.97144e+06,1.61412e+07,0,0,0,0,53.5777,61.308,0.988513,1,1,1.69344,1.83265,0.107542,1.30835,1.69344,9.02378e+06,3.97174e+06,1.52812e+07,0,0,0,1.19558e+08
83.2864,103.622,1.13846,0.29,0,3.718,3.78338,0,0.696637,6.16896,4.3421e+06,2.97144e+06,1.61439e+07,0,0,0,0,52.5765,61.308,1.11128,1,1,1.69344,1.83296,0.10784,1.30835,1.69344,9.02378e+06,3.97174e+06,1.52812e+07,0,0,0,1.19558e+08
81.8093,103.622,1.51961,0.3,0,3.71861,3.78401,0,0.696752,6.16896,4.3421e+06,2.97144e+06,1.61466e+07,0,0,0,0,51.8294,61.308,1.32501,1,1,1.69344,1.83326,0.108139,1.30835,1.69344,9.02378e+06,3.97174e+06,1.52812e+07,0,0,0,1.19558e+08
80.7603,103.622,1.86238,0.3,0,3.60575,3.66916,0,0.696868,6.16896,4.3421e+06,2.97144e+06,1.56566e+07,0,0,0,0,51.6946,61.308,1.65979,1,1,1.69344,1.74535,0.021742,1.30835,1.69344,9.02378e+06,3.97174e+06,1.52812e+07,0,0,0,1.19558e+08
79.4697,103.622,1.60869,0.3,0,3.60635,3.66977,0,0.675718,6.16896,4.3421e+06,2.97144e+06,1.56591e+07,0,0,0,0,51.4847,61.308,2.62733,1,1,1.69344,1.74564,0.0220267,1.30835,1.69344,9.02378e+06,3.97174e+06,1.52812e+07,0,0,0,1.19558e+08
78.0036,103.622,1.37383,0.31,0,3.60695,3.67038,0,0.67583,6.16896,4.3421e+06,2.97144e+06,1.56617e+07,0,0,0,0,50.7436,61.308,1.45869,1,1,1.69344,1.74592,0.0223112,1.30835,1.69344,9.02378e+06,3.97174e+06,1.52812e+07,0,0,0,1.19558e+08
76.6011,103.622,1.42215,0.32,0,3.60755,3.67099,0,0.675942,6.16896,4.3421e+06,2.97144e+06,1.56643e+07,0,0,0,0,50.3526,61.308,1.40983,1,1,1.69344,1.74621,0.0225959,1.30835,1.69344,9.02378e+06,3.97174e+06,1.52812e+07,0,0,0,1.19558e+08
77.0396,103.622,3.30845,0.32,0,3.51494,3.57675,0,0.676054,6.16896,4.3421e+06,2.97144e+06,1.52622e+07,0,0,0,0,50.0545,61.308,2.03479,1,1,1.63735,1.66615,0,1.30835,1.69344,9.02378e+06,3.97174e+06,1.47751e+07,0,0,0,1.19558e+08
77.0129,103.622,2.79924,0.33,0,3.51552,3.57735,0,0.658699,6.16896,4.3421e+06,2.97144e+06,1.52648e+07,0,0,0,0,49.8239,61.308,1.38681,1,1,1.63762,1.66642,0,1.26502,1.69344,9.02378e+06,3.97174e+06,1.47776e+07,0,0,0,1.19558e+08
77.8115,103.622,3.74544,0.33,0,3.5161,3.57794,0,0.658809,6.16896,4.3421e+06,2.97144e+06,1.52673e+07,0,0,0,0,50.2786,61.308,3.38884,1,1,1.6379,1.6667,0,1.26523,1.69344,9.02378e+06,3.97174e+06,1.478e+07,0,0,0,1.19558e+08
84.4118,103.622,9.98521,0.32,0,3.51669,3.57853,0,0.658918,6.16896,4.3421e+06,2.97144e+06,1.52698e+07,0,0,0,0,52.3499,61.308,6.75483,1,1,1.63817,1.66698,0,1.26544,1.69344,9.02378e+06,3.97174e+06,1.47825e+07,0,0,0,1.19558e+08
90.1664,103.622,8.98111,0.31,0,3.30958,3.30958,0,0.659027,6.16896,4.3421e+06,2.70226e+06,1.43705e+07,0,0,0,0,53.1356,61.308,2.95386,0,1,1.49978,1.49978,0,1.26565,1.69344,9.02378e+06,3.61194e+06,1.35337e+07,0,0,0,1.19558e+08
93.8383,103.622,6.93289,0.28,0,3.31013,3.31013,0,0.620215,6.16896,4.3421e+06,2.70226e+06,1.43729e+07,0,0,0,0,53.7812,61.308,3.00636,0,1,1.50003,1.50003,0,1.15873,1.69344,9.02378e+06,3.61194e+06,1.3536e+07,0,0,0,1.19558e+08
96.1718,103.622,5.60081,0.29,0,3.31067,3.31067,0,0.620318,6.16896,4.3421e+06,2.70226e+06,1.43753e+07,0,0,0,0,54.2309,61.308,2.68135,0,1,1.50028,1.50028,0,1.15892,1.69344,9.02378e+06,3.61194e+06,1.35382e+07,0,0,0,1.19558e+08
98.9885,103.622,6.18683,0.29,0,3.31122,3.31122,0,0.62042,6.16896,4.3421e+06,2.70226e+06,1.43777e+07,0,0,0,0,54.4054,61.308,2.48167,0,1,1.50053,1.50053,0,1.15912,1.69344,9.02378e+06,3.61194e+06,1.35404e+07,0,0,0,1.19558e+08
100.904,103.622,5.2482,0.26,0,3.31177,3.31177,0,0.620523,6.16896,4.3421e+06,2.70226e+06,1.43801e+07,0,0,0,0,54.7337,61.308,2.26644,0,1,1.50078,1.50078,0,1.15931,1.69344,9.02378e+06,3.61194e+06,1.35427e+07,0,0,0,1.19558e+08
103.622,103.622,6.92008,0.27,0,3.35703,3.41606,0,0.620626,6.16896,4.3421e+06,2.97144e+06,1.45766e+07,0,0,0,0,55.6294,61.308,3.56109,1,1,1.52277,1.54955,0,1.1595,1.69344,9.02378e+06,3.97174e+06,1.37412e+07,0,0,0,1.19558e+08
103.622,103.622,5.17277,0.28,0,3.35755,3.41659,0,0.629107,6.16896,4.3421e+06,2.97144e+06,1.45788e+07,0,0,0,0,56.1564,61.308,2.67261,1,1,1.52301,1.54979,0,1.17649,1.69344,9.02378e+06,3.97174e+06,1.37433e+07,0,0,0,1.19558e+08
103.622,103.622,6.34943,0.29,0,3.35807,3.41712,0,0.629204,6.16896,4.3421e+06,2.97144e+06,1.45811e+07,0,0,0,0,56.8484,61.308,3.26307,1,1,1.52324,1.55003,0,1.17668,1.69344,9.02378e+06,3.97174e+06,1.37454e+07,0,0,0,1.19558e+08
103.622,103.622,5.24012,0.31,0,3.35859,3.41765,0,0.629302,6.16896,4.3421e+06,2.97144e+06,1.45833e+07,0,0,0,0,57.1702,61.308,2.60747,1,1,1.52348,1.55027,0,1.17686,1.69344,9.02378e+06,3.97174e+06,1.37475e+07,0,0,0,1.19558e+08
103.622,103.622,4.21247,0.33,0,3.68675,3.75158,0,0.629399,6.16896,4.3421e+06,2.97144e+06,1.60082e+07,0,0,0,0,57.1533,61.308,2.6731,1,1,1.69344,1.73282,0.00943174,1.17704,1.69344,9.02378e+06,3.97174e+06,1.52812e+07,0,0,0,1.19558e+08
103.12,103.622,3.03145,0.34,0,3.68732,3.75217,0,0.690897,6.16896,4.3421e+06,2.97144e+06,1.60107e+07,0,0,0,0,57.188,61.308,2.19783,1,1,1.69344,1.73309,0.00969556,1.30835,1.69344,9.02378e+06,3.97174e+06,1.52812e+07,0,0,0,1.19558e+08
103.622,103.622,5.57737,0.34,0,3.68789,3.75275,0,0.691004,6.16896,4.3421e+06,2.97144e+06,1.60132e+07,0,0,0,0,57.8714,61.308,3.12142,1,1,1.69344,1.73336,0.00995938,1.30835,1.69344,9.02378e+06,3.97174e+06,1.52812e+07,0,0,0,1.19558e+08
103.622,103.622,5.23089,0.37,0,3.68846,3.75333,0,0.691111,6.16896,4.3421e+06,2.97144e+06,1.60157e+07,0,0,0,0,58.4509,61.308,3.13004,1,1,1.69344,1.73362,0.0102233,1.30835,1.69344,9.02378e+06,3.97174e+06,1.52812e+07,0,0,0,1.19558e+08
103.622,103.622,3.9511,0.38,0,3.27808,3.27808,0,0.691218,6.16896,4.3421e+06,2.70226e+06,1.42338e+07,0,0,0,0,58.7818,61.308,2.49816,0,1,1.48908,1.48908,0,1.30835,1.69344,9.02378e+06,3.61194e+06,1.34372e+07,0,0,0,1.19558e+08
103.622,103.622,4.04172,0.41,0,2.99528,3.27859,0,0.614312,6.16896,4.3421e+06,3.56573e+06,1.30058e+07,0,0,0,0,59.7188,61.308,3.49159,0,1,1.36062,1.48931,0,1.15047,1.69344,9.02378e+06,4.76609e+06,1.22779e+07,0,0,0,1.19558e+08
103.446,103.622,2.84789,0.46,0,2.99574,3.27909,0,0.561315,6.16896,4.3421e+06,3.56573e+06,1.30078e+07,0,0,0,0,59.9763,61.308,1.94727,0,1,1.36083,1.48954,0,1.05121,1.69344,9.02378e+06,4.76609e+06,1.22798e+07,0,0,0,1.19558e+08
103.622,103.622,4.1828,0.5,0,2.99621,3.2796,0,0.561402,6.16896,4.3421e+06,3.56573e+06,1.30098e+07,0,0,0,0,60.6839,61.308,2.86874,0,1,1.36104,1.48977,0,1.05138,1.69344,9.02378e+06,4.76609e+06,1.22817e+07,0,0,0,1.19558e+08
103.622,103.622,4.80823,0.53,0,2.99667,3.28011,0,0.561489,6.16896,4.3421e+06,3.56573e+06,1.30119e+07,0,0,0,0,61.5115,61.308,3.30943,0,1,1.36125,1.49001,0,1.05154,1.69344,9.02378e+06,4.76609e+06,1.22836e+07,0,0,0,1.19558e+08
103.622,103.622,5.46975,0.57,0,3.10664,3.40048,0,0.561576,6.16896,4.3421e+06,2.97144e+06,1.34894e+07,0,0,0,0,62.1658,61.308,3.52083,1,1,1.41622,1.55017,0,1.0517,1.69344,9.02378e+06,3.97174e+06,1.27797e+07,0,0,0,1.19558e+08
103.622,103.622,4.04653,0.6,0,3.10712,3.40101,0,0.582185,6.16896,4.3421e+06,2.97144e+06,1.34915e+07,0,0,0,0,62.0966,61.308,2.58343,1,1,1.41644,1.55041,0,1.09417,1.69344,9.02378e+06,3.97174e+06,1.27816e+07,0,0,0,1.19558e+08
103.622,103.622,3.5765,0.59,0,3.1076,3.40154,0,0.582275,6.16896,4.3421e+06,2.97144e+06,1.34935e+07,0,0,0,0,62.0494,61.308,2.39572,1,1,1.41666,1.55065,0,1.09434,1.69344,9.02378e+06,3.97174e+06,1.27836e+07,0,0,0,1.19558e+08
103.622,103.622,3.81448,0.58,0,3.10809,3.40206,0,0.582365,6.16896,4.3421e+06,2.97144e+06,1.34956e+07,0,0,0,0,61.6726,61.308,2.37692,1,1,1.41688,1.55089,0,1.09451,1.69344,9.02378e+06,3.97174e+06,1.27856e+07,0,0,0,1.19558e+08
103.153,103.622,2.51298,0.58,0,3.06572,3.35569,0,0.582455,6.16896,4.3421e+06,2.97144e+06,1.33117e+07,0,0,0,0,61.3221,61.308,1.82423,1,1,1.39582,1.52784,0,1.09468,1.69344,9.02378e+06,3.97174e+06,1.25955e+07,0,0,0,1.19558e+08
102.5,103.622,2.21675,0.55,0,3.0662,3.35621,0,0.574516,6.16896,4.3421e+06,2.97144e+06,1.33138e+07,0,0,0,0,61.0619,61.308,1.64398,1,1,1.39603,1.52808,0,1.07841,1.69344,9.02378e+06,3.97174e+06,1.25975e+07,0,0,0,1.19558e+08
101.804,103.622,2.18817,0.52,0,3.06667,3.35673,0,0.574605,6.16896,4.3421e+06,2.97144e+06,1.33158e+07,0,0,0,0,60.7784,61.308,1.84572,1,1,1.39625,1.52831,0,1.07857,1.69344,9.02378e+06,3.97174e+06,1.25994e+07,0,0,0,1.19558e+08
101.083,103.622,2.13015,0.5,0,3.06715,3.35725,0,0.574694,6.16896,4.3421e+06,2.97144e+06,1.33179e+07,0,0,0,0,60.5143,61.308,1.7216,1,1,1.39646,1.52855,0,1.07874,1.69344,9.02378e+06,3.97174e+06,1.26014e+07,0,0,0,1.19558e+08
100.12,103.622,1.95227,0.46,0,3.21314,3.51705,0,0.574783,6.16896,4.3421e+06,2.97144e+06,1.39518e+07,0,0,0,0,60.0051,61.308,1.58318,1,1,1.47219,1.61144,0,1.07891,1.69344,9.02378e+06,3.97174e+06,1.32847e+07,0,0,0,1.19558e+08
98.9619,103.622,1.70775,0.4,0,3.21364,3.5176,0,0.602143,6.16896,4.3421e+06,2.97144e+06,1.3954e+07,0,0,0,0,59.4559,61.308,1.55325,1,1,1.47242,1.61169,0,1.13742,1.69344,9.02378e+06,3.97174e+06,1.32868e+07,0,0,0,1.19558e+08
97.621,103.622,1.66512,0.38,0,3.45734,3.51814,0,0.602236,6.16896,4.3421e+06,2.97144e+06,1.50121e+07,0,0,0,0,58.6928,61.308,1.41562,1,1,1.58408,1.61194,0,1.13759,1.69344,9.02378e+06,3.97174e+06,1.42944e+07,0,0,0,1.19558e+08
96.114,103.622,1.46414,0.34,0,3.45788,3.51869,0,0.647906,6.16896,4.3421e+06,2.97144e+06,1.50145e+07,0,0,0,0,57.9187,61.308,1.31906,1,1,1.58433,1.61219,0,1.22386,1.69344,9.02378e+06,3.97174e+06,1.42966e+07,0,0,0,1.19558e+08
94.7436,103.622,1.38075,0.41,0,3.21513,3.51923,0,0.648006,6.16896,4.3421e+06,2.97144e+06,1.39604e+07,0,0,0,0,57.6822,61.308,1.34834,1,1,1.4731,1.61244,0,1.22405,1.69344,9.02378e+06,3.97174e+06,1.3293e+07,0,0,0,1.19558e+08
93.2836,103.622,1.50373,0.38,0,3.42797,3.48825,0,0.602515,6.16896,4.3421e+06,2.97144e+06,1.48846e+07,0,0,0,0,57.4364,61.308,1.8877,1,1,1.62949,1.65815,0,1.13812,1.69344,9.02378e+06,3.97174e+06,1.47042e+07,0,0,0,1.19558e+08
91.7952,103.622,1.44842,0.35,0,3.4285,3.48879,0,0.642401,6.16896,4.3421e+06,2.97144e+06,1.48869e+07,0,0,0,0,57.0058,61.308,1.87238,1,1,1.62975,1.65841,0,1.25895,1.69344,9.02378e+06,3.97174e+06,1.47065e+07,0,0,0,1.19558e+08
90.2036,103.622,1.29011,0.3,0,3.42903,3.48933,0,0.6425,6.16896,4.3421e+06,2.97144e+06,1.48892e+07,0,0,0,0,56.5792,61.308,1.68578,1,1,1.63,1.65866,0,1.25914,1.69344,9.02378e+06,3.97174e+06,1.47087e+07,0,0,0,1.19558e+08
88.5867,103.622,1.23569,0.29,0,3.42956,3.48987,0,0.6426,6.16896,4.3421e+06,2.97144e+06,1.48915e+07,0,0,0,0,55.9386,61.308,1.75015,1,1,1.63025,1.65892,0,1.25934,1.69344,9.02378e+06,3.97174e+06,1.4711e+07,0,0,0,1.19558e+08
86.7608,103.622,1.02912,0.33,0,3.51014,3.57187,0,0.642699,6.16896,4.3421e+06,2.97144e+06,1.52414e+07,0,0,0,0,55.268,61.308,1.45215,1,1,1.67034,1.69972,0,1.25953,1.69344,9.02378e+06,3.97174e+06,1.50728e+07,0,0,0,1.19558e+08
85.0228,103.622,1.10967,0.33,0,3.51068,3.57242,0,0.6578,6.16896,4.3421e+06,2.97144e+06,1.52438e+07,0,0,0,0,54.7776,61.308,1.70798,1,1,1.6706,1.69998,0,1.29051,1.69344,9.02378e+06,3.97174e+06,1.50752e+07,0,0,0,1.19558e+08
83.2285,103.622,1.00413,0.31,0,3.51123,3.57298,0,0.657902,6.16896,4.3421e+06,2.97144e+06,1.52461e+07,0,0,0,0,54.0056,61.308,1.61464,1,1,1.67086,1.70025,0,1.29071,1.69344,9.02378e+06,3.97174e+06,1.50775e+07,0,0,0,1.19558e+08
81.3868,103.622,0.912746,0.3,0,3.51177,3.57353,0,0.658004,6.16896,4.3421e+06,2.97144e+06,1.52485e+07,0,0,0,0,53.3709,61.308,1.41054,1,1,1.67112,1.70051,0,1.29091,1.69344,9.02378e+06,3.97174e+06,1.50798e+07,0,0,0,1.19558e+08
79.4599,103.622,0.966859,0.35,0,3.74689,3.81278,0,0.658106,6.16896,4.3421e+06,2.97144e+06,1.62694e+07,0,0,0,0,52.6071,61.308,1.63675,1,1,1.69344,1.8472,0.121837,1.29111,1.69344,9.02378e+06,3.97174e+06,1.52812e+07,0,0,0,1.19558e+08
77.5219,103.622,0.915526,0.34,0,3.74747,3.81337,0,0.702166,6.16896,4.3421e+06,2.97144e+06,1.62719e+07,0,0,0,0,51.7066,61.308,1.41576,1,1,1.69344,1.84749,0.122118,1.30835,1.69344,9.02378e+06,3.97174e+06,1.52812e+07,0,0,0,1.19558e+08
75.4867,103.622,0.781701,0.34,0,3.74804,3.81396,0,0.702275,6.16896,4.3421e+06,2.97144e+06,1.62744e+07,0,0,0,0,50.9934,61.308,1.24435,1,1,1.69344,1.84777,0.122399,1.30835,1.69344,9.02378e+06,3.97174e+06,1.52812e+07,0,0,0,1.19558e+08
73.5608,103.622,0.857065,0.35,0,3.74862,3.81455,0,0.702384,6.16896,4.3421e+06,2.97144e+06,1.62769e+07,0,0,0,0,50.3614,61.308,1.65708,1,1,1.69344,1.84806,0.122679,1.30835,1.69344,9.02378e+06,3.97174e+06,1.52812e+07,0,0,0,1.19558e+08
71.625,103.622,0.819497,0.34,0,3.7492,3.81514,0,0.702492,6.16896,4.3421e+06,2.97144e+06,1.62794e+07,0,0,0,0,49.8837,61.308,1.45581,1,1,1.69344,1.84834,0.12296,1.30835,1.69344,9.02378e+06,3.97174e+06,1.52812e+07,0,0,0,1.19558e+08
69.8479,103.622,0.872742,0.33,0,3.63537,3.69931,0,0.702601,6.16896,4.3421e+06,2.97144e+06,1.57852e+07,0,0,0,0,49.6761,61.308,2.70105,1,1,1.69344,1.75968,0.0358326,1.30835,1.69344,9.02378e+06,3.97174e+06,1.52812e+07,0,0,0,1.19558e+08
68.03,103.622,0.760444,0.34,0,3.63594,3.69988,0,0.681269,6.16896,4.3421e+06,2.97144e+06,1.57876e+07,0,0,0,0,49.0173,61.308,1.60175,1,1,1.69344,1.75996,0.0360999,1.30835,1.69344,9.02378e+06,3.97174e+06,1.52812e+07,0,0,0,1.19558e+08
66.3017,103.622,0.658888,0.42,0,3.38069,3.70045,0,0.681374,6.16896,4.3421e+06,2.97144e+06,1.46793e+07,0,0,0,0,48.5998,61.308,1.4573,1,1,1.60812,1.76023,0,1.30835,1.69344,9.02378e+06,3.97174e+06,1.45114e+07,0,0,0,1.19558e+08
65.1246,103.622,1.41564,0.43,0,3.38121,3.70102,0,0.633541,6.16896,4.3421e+06,2.97144e+06,1.46816e+07,0,0,0,0,48.6032,61.308,2.15449,1,1,1.60837,1.7605,0,1.24244,1.69344,9.02378e+06,3.97174e+06,1.45136e+07,0,0,0,1.19558e+08
64.5348,103.622,1.87747,0.45,0,3.29438,3.60597,0,0.633639,6.16896,4.3421e+06,2.97144e+06,1.43045e+07,0,0,0,0,48.5668,61.308,1.95011,1,1,1.53461,1.67976,0,1.24263,1.69344,9.02378e+06,3.97174e+06,1.3848e+07,0,0,0,1.19558e+08
63.5199,103.622,1.36875,0.45,0,3.29488,3.60653,0,0.617366,6.16896,4.3421e+06,2.97144e+06,1.43067e+07,0,0,0,0,48.4766,61.308,2.4498,1,1,1.53485,1.68002,0,1.18564,1.69344,9.02378e+06,3.97174e+06,1.38501e+07,0,0,0,1.19558e+08
64.4798,103.622,3.55064,0.46,0,3.29539,3.60709,0,0.617461,6.16896,4.3421e+06,2.97144e+06,1.43089e+07,0,0,0,0,49.3373,61.308,4.96292,1,1,1.53508,1.68028,0,1.18582,1.69344,9.02378e+06,3.97174e+06,1.38523e+07,0,0,0,1.19558e+08
64.0794,103.622,2.0677,0.49,0,3.2959,3.60765,0,0.617557,6.16896,4.3421e+06,2.97144e+06,1.43112e+07,0,0,0,0,49.5968,61.308,2.51968,1,1,1.53532,1.68054,0,1.18601,1.69344,9.02378e+06,3.97174e+06,1.38544e+07,0,0,0,1.19558e+08
64.2933,103.622,2.5662,0.47,0,3.04815,3.33646,0,0.617652,6.16896,4.3421e+06,3.56573e+06,1.32354e+07,0,0,0,0,50.1592,61.308,3.0003,0,1,1.38132,1.51197,0,1.18619,1.69344,9.02378e+06,4.76609e+06,1.24647e+07,0,0,0,1.19558e+08
65.7333,103.622,4.14501,0.48,0,3.04863,3.33698,0,0.571224,6.16896,4.3421e+06,3.56573e+06,1.32375e+07,0,0,0,0,52.0848,61.308,6.12761,0,1,1.38153,1.5122,0,1.0672,1.69344,9.02378e+06,4.76609e+06,1.24666e+07,0,0,0,1.19558e+08
67.3577,103.622,4.3253,0.51,0,3.0491,3.3375,0,0.571313,6.16896,4.3421e+06,3.56573e+06,1.32395e+07,0,0,0,0,53.9395,61.308,5.7183,0,1,1.38174,1.51243,0,1.06737,1.69344,9.02378e+06,4.76609e+06,1.24685e+07,0,0,0,1.19558e+08
68.3131,103.622,3.694,0.53,0,3.04957,3.33801,0,0.571401,6.16896,4.3421e+06,3.56573e+06,1.32415e+07,0,0,0,0,55.7309,61.308,5.4876,0,1,1.38196,1.51267,0,1.06753,1.69344,9.02378e+06,4.76609e+06,1.24705e+07,0,0,0,1.19558e+08
71.3131,103.622,5.75903,0.56,0,3.05004,3.33853,0,0.571489,6.16896,4.3421e+06,3.56573e+06,1.32436e+07,0,0,0,0,57.4919,61.308,6.06442,0,1,1.38217,1.5129,0,1.0677,1.69344,9.02378e+06,4.76609e+06,1.24724e+07,0,0,0,1.19558e+08
72.249,103.622,3.90074,0.52,0,3.14606,3.44362,0,0.571577,6.16896,4.3421e+06,2.97144e+06,1.36605e+07,0,0,0,0,58.5145,61.308,3.3355,1,1,1.42707,1.56205,0,1.06786,1.69344,9.02378e+06,3.97174e+06,1.28776e+07,0,0,0,1.19558e+08
74.7746,103.622,5.80092,0.56,0,3.14651,3.44412,0,0.589571,6.16896,4.3421e+06,2.97144e+06,1.36625e+07,0,0,0,0,60.5532,61.308,6.83582,1,1,1.42728,1.56228,0,1.10256,1.69344,9.02378e+06,3.97174e+06,1.28794e+07,0,0,0,1.19558e+08
77.7905,103.622,6.2395,0.56,0,3.14696,3.44462,0,0.589656,6.16896,4.3421e+06,2.97144e+06,1.36644e+07,0,0,0,0,62.1235,61.308,6.29218,1,1,1.42748,1.5625,0,1.10272,1.69344,9.02378e+06,3.97174e+06,1.28813e+07,0,0,0,1.19558e+08
79.6598,103.622,5.11517,0.52,0,3.14741,3.44511,0,0.589741,6.16896,4.3421e+06,2.97144e+06,1.36664e+07,0,0,0,0,62.3362,61.308,5.98602,1,1,1.42769,1.56273,0,1.10287,1.69344,9.02378e+06,3.97174e+06,1.28832e+07,0,0,0,1.19558e+08
80.8543,103.622,4.54382,0.55,0,3.4549,3.78168,0,0.589826,6.16896,4.3421e+06,2.97144e+06,1.50016e+07,0,0,0,0,62.3362,61.308,4.15676,1,1,1.59579,1.74672,0,1.10303,1.69344,9.02378e+06,3.97174e+06,1.44e+07,0,0,0,1.19558e+08
82.912,103.622,5.48162,0.58,0,3.4554,3.78223,0,0.647449,6.16896,4.3421e+06,2.97144e+06,1.50037e+07,0,0,0,0,62.3362,61.308,5.4393,1,1,1.59602,1.74697,0,1.2329,1.69344,9.02378e+06,3.97174e+06,1.44021e+07,0,0,0,1.19558e+08
84.5428,103.622,5.03471,0.53,0,3.4559,3.78277,0,0.647542,6.16896,4.3421e+06,2.97144e+06,1.50059e+07,0,0,0,0,62.3362,61.308,4.96752,1,1,1.59624,1.74723,0,1.23308,1.69344,9.02378e+06,3.97174e+06,1.44042e+07,0,0,0,1.19558e+08
86.6636,103.622,5.6361,0.53,0,3.4564,3.78332,0,0.647635,6.16896,4.3421e+06,2.97144e+06,1.5008e+07,0,0,0,0,62.3362,61.308,5.60752,1,1,1.59647,1.74748,0,1.23326,1.69344,9.02378e+06,3.97174e+06,1.44062e+07,0,0,0,1.19558e+08
90.2993,103.622,7.32261,0.56,0,3.01871,3.30423,0,0.647729,6.16896,4.3421e+06,3.56573e+06,1.31076e+07,0,0,0,0,62.3362,61.308,6.61401,0,1,1.37126,1.50096,0,1.23344,1.69344,9.02378e+06,4.76609e+06,1.2374e+07,0,0,0,1.19558e+08
94.456,103.622,7.98999,0.52,0,3.01915,3.30471,0,0.565706,6.16896,4.3421e+06,3.56573e+06,1.31094e+07,0,0,0,0,62.3362,61.308,6.69377,0,1,1.37146,1.50118,0,1.05944,1.69344,9.02378e+06,4.76609e+06,1.23758e+07,0,0,0,1.19558e+08
98.1822,103.622,7.62648,0.56,0,3.01958,3.30519,0,0.565788,6.16896,4.3421e+06,3.56573e+06,1.31113e+07,0,0,0,0,62.3362,61.308,5.76051,0,1,1.37166,1.5014,0,1.05959,1.69344,9.02378e+06,4.76609e+06,1.23775e+07,0,0,0,1.19558e+08
102.086,103.622,7.90605,0.53,0,3.02001,3.30566,0,0.565869,6.16896,4.3421e+06,3.56573e+06,1.31132e+07,0,0,0,0,62.3362,61.308,5.74271,0,1,1.37186,1.50161,0,1.05974,1.69344,9.02378e+06,4.76609e+06,1.23793e+07,0,0,0,1.19558e+08
103.622,103.622,6.97945,0.55,0,3.02045,3.30614,0,0.565951,6.16896,4.3421e+06,3.56573e+06,1.31151e+07,0,0,0,0,62.3362,61.308,5.16264,0,1,1.37205,1.50183,0,1.0599,1.69344,9.02378e+06,4.76609e+06,1.23811e+07,0,0,0,1.19558e+08
103.622,103.622,6.41649,0.59,0,3.13126,3.42743,0,0.566032,6.16896,4.3421e+06,2.97144e+06,1.35963e+07,0,0,0,0,62.3362,61.308,6.39692,1,1,1.42744,1.56246,0,1.06005,1.69344,9.02378e+06,3.97174e+06,1.28809e+07,0,0,0,1.19558e+08
103.622,103.622,6.32714,0.62,0,3.13171,3.42792,0,0.586798,6.16896,4.3421e+06,2.97144e+06,1.35982e+07,0,0,0,0,62.3362,61.308,6.19002,1,1,1.42765,1.56268,0,1.10284,1.69344,9.02378e+06,3.97174e+06,1.28828e+07,0,0,0,1.19558e+08
103.622,103.622,5.40268,0.61,0,3.13216,3.42842,0,0.586883,6.16896,4.3421e+06,2.97144e+06,1.36002e+07,0,0,0,0,62.3362,61.308,4.73869,1,1,1.42785,1.56291,0,1.103,1.69344,9.02378e+06,3.97174e+06,1.28846e+07,0,0,0,1.19558e+08
103.622,103.622,5.01704,0.6,0,3.13261,3.42891,0,0.586967,6.16896,4.3421e+06,2.97144e+06,1.36021e+07,0,0,0,0,62.3362,61.308,4.22908,1,1,1.42806,1.56313,0,1.10316,1.69344,9.02378e+06,3.97174e+06,1.28865e+07,0,0,0,1.19558e+08
103.622,103.622,3.92812,0.6,0,3.08988,3.38214,0,0.587052,6.16896,4.3421e+06,2.97144e+06,1.34166e+07,0,0,0,0,62.3362,61.308,3.43027,1,1,1.40682,1.53988,0,1.10332,1.69344,9.02378e+06,3.97174e+06,1.26948e+07,0,0,0,1.19558e+08
103.53,103.622,3.12187,0.59,0,3.09033,3.38263,0,0.579044,6.16896,4.3421e+06,2.97144e+06,1.34185e+07,0,0,0,0,62.3362,61.308,2.92892,1,1,1.40702,1.5401,0,1.08691,1.69344,9.02378e+06,3.97174e+06,1.26966e+07,0,0,0,1.19558e+08
103.174,103.622,2.8075,0.55,0,3.09077,3.38311,0,0.579127,6.16896,4.3421e+06,2.97144e+06,1.34205e+07,0,0,0,0,62.3362,61.308,2.61921,1,1,1.40722,1.54032,0,1.08706,1.69344,9.02378e+06,3.97174e+06,1.26985e+07,0,0,0,1.19558e+08
102.656,103.622,2.5846,0.53,0,3.09122,3.3836,0,0.579211,6.16896,4.3421e+06,2.97144e+06,1.34224e+07,0,0,0,0,62.3362,61.308,2.4889,1,1,1.40742,1.54054,0,1.08722,1.69344,9.02378e+06,3.97174e+06,1.27003e+07,0,0,0,1.19558e+08
102.098,103.622,2.64407,0.48,0,3.23832,3.54462,0,0.579294,6.16896,4.3421e+06,2.97144e+06,1.40611e+07,0,0,0,0,62.3362,61.308,2.87772,1,1,1.48373,1.62407,0,1.08738,1.69344,9.02378e+06,3.97174e+06,1.33889e+07,0,0,0,1.19558e+08
101.414,103.622,2.44984,0.44,0,3.23879,3.54513,0,0.606861,6.16896,4.3421e+06,2.97144e+06,1.40632e+07,0,0,0,0,62.3362,61.308,2.3125,1,1,1.48394,1.6243,0,1.14633,1.69344,9.02378e+06,3.97174e+06,1.33908e+07,0,0,0,1.19558e+08
100.558,103.622,2.2013,0.4,0,3.23925,3.54564,0,0.606949,6.16896,4.3421e+06,2.97144e+06,1.40652e+07,0,0,0,0,62.3362,61.308,2.2962,1,1,1.48416,1.62454,0,1.14649,1.69344,9.02378e+06,3.97174e+06,1.33927e+07,0,0,0,1.19558e+08
99.5199,103.622,2.18903,0.36,0,3.48486,3.54615,0,0.607036,6.16896,4.3421e+06,2.97144e+06,1.51316e+07,0,0,0,0,62.3362,61.308,2.33242,1,1,1.59669,1.62477,0,1.14666,1.69344,9.02378e+06,3.97174e+06,1.44082e+07,0,0,0,1.19558e+08
98.3726,103.622,2.03681,0.32,0,3.48536,3.54666,0,0.653063,6.16896,4.3421e+06,2.97144e+06,1.51338e+07,0,0,0,0,62.2329,61.308,2.20537,1,1,1.59692,1.625,0,1.2336,1.69344,9.02378e+06,3.97174e+06,1.44102e+07,0,0,0,1.19558e+08
97.6039,103.622,2.31697,0.29,0,3.45464,3.5154,0,0.653157,6.16896,4.3421e+06,2.97144e+06,1.50004e+07,0,0,0,0,61.744,61.308,1.8377,1,1,1.64217,1.67105,0,1.23378,1.69344,9.02378e+06,3.97174e+06,1.48186e+07,0,0,0,1.19558e+08
96.7331,103.622,2.21343,0.27,0,3.45514,3.5159,0,0.6474,6.16896,4.3421e+06,2.97144e+06,1.50026e+07,0,0,0,0,61.282,61.308,1.71303,1,1,1.64241,1.67129,0,1.26874,1.69344,9.02378e+06,3.97174e+06,1.48207e+07,0,0,0,1.19558e+08
95.6988,103.622,2.03199,0.24,0,3.45564,3.51641,0,0.647493,6.16896,4.3421e+06,2.97144e+06,1.50047e+07,0,0,0,0,60.6646,61.308,1.72162,1,1,1.64265,1.67153,0,1.26893,1.69344,9.02378e+06,3.97174e+06,1.48229e+07,0,0,0,1.19558e+08
94.5021,103.622,1.8408,0.31,0,3.45613,3.51691,0,0.647586,6.16896,4.3421e+06,2.97144e+06,1.50069e+07,0,0,0,0,60.1502,61.308,1.53544,1,1,1.64288,1.67178,0,1.26911,1.69344,9.02378e+06,3.97174e+06,1.4825e+07,0,0,0,1.19558e+08
93.4768,103.622,2.04464,0.28,0,3.5373,3.59951,0,0.64768,6.16896,4.3421e+06,2.97144e+06,1.53593e+07,0,0,0,0,59.7139,61.308,1.74654,1,1,1.68327,1.71287,0,1.26929,1.69344,9.02378e+06,3.97174e+06,1.51895e+07,0,0,0,1.19558e+08
92.4332,103.622,2.01555,0.3,0,3.53781,3.60003,0,0.66289,6.16896,4.3421e+06,2.97144e+06,1.53615e+07,0,0,0,0,59.2119,61.308,1.84908,1,1,1.68351,1.71312,0,1.30049,1.69344,9.02378e+06,3.97174e+06,1.51916e+07,0,0,0,1.19558e+08
91.2527,103.622,1.85085,0.28,0,3.53832,3.60055,0,0.662986,6.16896,4.3421e+06,2.97144e+06,1.53638e+07,0,0,0,0,58.712,61.308,1.73159,1,1,1.68375,1.71336,0,1.30068,1.69344,9.02378e+06,3.97174e+06,1.51938e+07,0,0,0,1.19558e+08
89.875,103.622,1.61622,0.28,0,3.53883,3.60106,0,0.663081,6.16896,4.3421e+06,2.97144e+06,1.5366e+07,0,0,0,0,58.2268,61.308,1.71809,1,1,1.684,1.71361,0,1.30087,1.69344,9.02378e+06,3.97174e+06,1.5196e+07,0,0,0,1.19558e+08
88.2401,103.622,1.4975,0.27,0,3.77571,3.84211,0,0.663176,6.16896,4.3421e+06,2.97144e+06,1.63945e+07,0,0,0,0,57.8572,61.308,1.7322,1,1,1.69344,1.86141,0.135804,1.30106,1.69344,9.02378e+06,3.97174e+06,1.52812e+07,0,0,0,1.19558e+08
86.8922,103.622,1.79853,0.32,0,3.77626,3.84267,0,0.707569,6.16896,4.3421e+06,2.97144e+06,1.63969e+07,0,0,0,0,57.6184,61.308,1.94936,1,1,1.69344,1.86168,0.136067,1.30835,1.69344,9.02378e+06,3.97174e+06,1.52812e+07,0,0,0,1.19558e+08
85.5802,103.622,1.82094,0.32,0,3.7768,3.84322,0,0.707671,6.16896,4.3421e+06,2.97144e+06,1.63993e+07,0,0,0,0,57.3718,61.308,2.00628,1,1,1.69344,1.86195,0.13633,1.30835,1.69344,9.02378e+06,3.97174e+06,1.52812e+07,0,0,0,1.19558e+08
84.5945,103.622,2.17269,0.33,0,3.77734,3.84377,0,0.707772,6.16896,4.3421e+06,2.97144e+06,1.64016e+07,0,0,0,0,57.1617,61.308,2.05839,1,1,1.69344,1.86222,0.136593,1.30835,1.69344,9.02378e+06,3.97174e+06,1.52812e+07,0,0,0,1.19558e+08
83.151,103.622,1.63263,0.34,0,3.77789,3.84433,0,0.707874,6.16896,4.3421e+06,2.97144e+06,1.6404e+07,0,0,0,0,56.8037,61.308,1.88957,1,1,1.69344,1.86248,0.136856,1.30835,1.69344,9.02378e+06,3.97174e+06,1.52812e+07,0,0,0,1.19558e+08
82.2756,103.622,2.27836,0.34,0,3.66315,3.72757,0,0.707976,6.16896,4.3421e+06,2.97144e+06,1.59058e+07,0,0,0,0,56.583,61.308,1.8222,1,1,1.69344,1.77313,0.049043,1.30835,1.69344,9.02378e+06,3.97174e+06,1.52812e+07,0,0,0,1.19558e+08
81.5096,103.622,2.4235,0.34,0,3.66367,3.7281,0,0.686473,6.16896,4.3421e+06,2.97144e+06,1.5908e+07,0,0,0,0,56.4326,61.308,2.25311,1,1,1.69344,1.77338,0.0492935,1.30835,1.69344,9.02378e+06,3.97174e+06,1.52812e+07,0,0,0,1.19558e+08
80.5736,103.622,2.16554,0.35,0,3.6642,3.72864,0,0.686572,6.16896,4.3421e+06,2.97144e+06,1.59103e+07,0,0,0,0,56.2135,61.308,1.7643,1,1,1.69344,1.77364,0.0495439,1.30835,1.69344,9.02378e+06,3.97174e+06,1.52812e+07,0,0,0,1.19558e+08
80.3547,103.622,3.11081,0.36,0,3.66472,3.72917,0,0.686671,6.16896,4.3421e+06,2.97144e+06,1.59126e+07,0,0,0,0,56.3487,61.308,2.9088,1,1,1.69344,1.77389,0.0497945,1.30835,1.69344,9.02378e+06,3.97174e+06,1.52812e+07,0,0,0,1.19558e+08
80.4687,103.622,3.32995,0.35,0,3.57057,3.63336,0,0.686769,6.16896,4.3421e+06,2.97144e+06,1.55038e+07,0,0,0,0,56.1777,61.308,2.13454,1,1,1.66327,1.69252,0,1.30835,1.69344,9.02378e+06,3.97174e+06,1.5009e+07,0,0,0,1.19558e+08
80.1252,103.622,2.72068,0.36,0,3.57108,3.63388,0,0.669125,6.16896,4.3421e+06,2.97144e+06,1.5506e+07,0,0,0,0,55.8112,61.308,1.68797,1,1,1.66351,1.69276,0,1.28504,1.69344,9.02378e+06,3.97174e+06,1.50111e+07,0,0,0,1.19558e+08
79.3687,103.622,2.27468,0.36,0,3.5716,3.63441,0,0.669221,6.16896,4.3421e+06,2.97144e+06,1.55082e+07,0,0,0,0,55.3801,61.308,1.72738,1,1,1.66375,1.693,0,1.28523,1.69344,9.02378e+06,3.97174e+06,1.50133e+07,0,0,0,1.19558e+08
81.7157,103.622,5.76575,0.35,0,3.57211,3.63493,0,0.669317,6.16896,4.3421e+06,2.97144e+06,1.55105e+07,0,0,0,0,55.8386,61.308,5.3203,1,1,1.66398,1.69325,0,1.28541,1.69344,9.02378e+06,3.97174e+06,1.50154e+07,0,0,0,1.19558e+08
85.1182,103.622,6.86283,0.35,0,3.36166,3.36166,0,0.669413,6.16896,4.3421e+06,2.70226e+06,1.45967e+07,0,0,0,0,57.3806,61.308,5.28143,0,1,1.52339,1.52339,0,1.28559,1.69344,9.02378e+06,3.61194e+06,1.37467e+07,0,0,0,1.19558e+08
89.2766,103.622,7.86417,0.33,0,3.36214,3.36214,0,0.629975,6.16896,4.3421e+06,2.70226e+06,1.45988e+07,0,0,0,0,59.5476,61.308,7.04608,0,1,1.5236,1.5236,0,1.17697,1.69344,9.02378e+06,3.61194e+06,1.37487e+07,0,0,0,1.19558e+08
91.2401,103.622,5.57936,0.34,0,3.36263,3.36263,0,0.630066,6.16896,4.3421e+06,2.70226e+06,1.46009e+07,0,0,0,0,60.5812,61.308,5.343,0,1,1.52382,1.52382,0,1.17714,1.69344,9.02378e+06,3.61194e+06,1.37506e+07,0,0,0,1.19558e+08
92.8837,103.622,5.41099,0.31,0,3.36311,3.36311,0,0.630156,6.16896,4.3421e+06,2.70226e+06,1.4603e+07,0,0,0,0,62.3067,61.308,6.82058,0,1,1.52404,1.52404,0,1.17731,1.69344,9.02378e+06,3.61194e+06,1.37526e+07,0,0,0,1.19558e+08
96.8324,103.622,7.88192,0.33,0,3.30546,3.36359,0,0.630247,6.16896,4.3421e+06,2.97144e+06,1.43527e+07,0,0,0,0,62.3362,61.308,10.47,1,1,1.49792,1.52426,0,1.17748,1.69344,9.02378e+06,3.97174e+06,1.35169e+07,0,0,0,1.19558e+08
101.514,103.622,8.43151,0.29,0,3.40948,3.46944,0,0.619444,6.16896,4.3421e+06,2.97144e+06,1.48043e+07,0,0,0,0,62.3362,61.308,4.79353,1,1,1.54657,1.57376,0,1.15729,1.69344,9.02378e+06,3.97174e+06,1.39559e+07,0,0,0,1.19558e+08
103.622,103.622,6.19159,0.3,0,3.40994,3.46991,0,0.638937,6.16896,4.3421e+06,2.97144e+06,1.48063e+07,0,0,0,0,62.3362,61.308,4.72058,1,1,1.54677,1.57397,0,1.19488,1.69344,9.02378e+06,3.97174e+06,1.39577e+07,0,0,0,1.19558e+08
103.622,103.622,6.41881,0.31,0,3.41039,3.47037,0,0.639022,6.16896,4.3421e+06,2.97144e+06,1.48083e+07,0,0,0,0,62.3362,61.308,5.31807,1,1,1.54698,1.57418,0,1.19504,1.69344,9.02378e+06,3.97174e+06,1.39596e+07,0,0,0,1.19558e+08
103.622,103.622,5.6173,0.33,0,3.41085,3.47083,0,0.639107,6.16896,4.3421e+06,2.97144e+06,1.48103e+07,0,0,0,0,62.3362,61.308,3.91451,1,1,1.54718,1.57439,0,1.1952,1.69344,9.02378e+06,3.97174e+06,1.39614e+07,0,0,0,1.19558e+08
103.622,103.622,4.4353,0.35,0,3.74403,3.80988,0,0.639193,6.16896,4.3421e+06,2.97144e+06,1.6257e+07,0,0,0,0,62.3362,61.308,4.60785,1,1,1.69344,1.75974,0.035891,1.19535,1.69344,9.02378e+06,3.97174e+06,1.52812e+07,0,0,0,1.19558e+08
103.622,103.622,4.42974,0.36,0,3.74453,3.81038,0,0.701632,6.16896,4.3421e+06,2.97144e+06,1.62592e+07,0,0,0,0,62.3362,61.308,3.0528,1,1,1.69344,1.75998,0.0361218,1.30835,1.69344,9.02378e+06,3.97174e+06,1.52812e+07,0,0,0,1.19558e+08
103.622,103.622,5.01224,0.36,0,3.74503,3.81089,0,0.701725,6.16896,4.3421e+06,2.97144e+06,1.62613e+07,0,0,0,0,62.3362,61.308,2.61547,1,1,1.69344,1.76021,0.0363526,1.30835,1.69344,9.02378e+06,3.97174e+06,1.52812e+07,0,0,0,1.19558e+08
103.622,103.622,7.36678,0.4,0,3.48205,3.8114,0,0.701819,6.16896,4.3421e+06,2.97144e+06,1.51194e+07,0,0,0,0,62.3362,61.308,3.67187,1,1,1.60833,1.76045,0,1.30835,1.69344,9.02378e+06,3.97174e+06,1.45132e+07,0,0,0,1.19558e+08
103.622,103.622,5.38895,0.4,0,3.04109,3.32873,0,0.652537,6.16896,4.3421e+06,3.56573e+06,1.32047e+07,0,0,0,0,62.3362,61.308,3.18691,0,1,1.38143,1.51209,0,1.24259,1.69344,9.02378e+06,4.76609e+06,1.24657e+07,0,0,0,1.19558e+08
103.622,103.622,4.90634,0.44,0,3.04149,3.32917,0,0.5699,6.16896,4.3421e+06,3.56573e+06,1.32065e+07,0,0,0,0,62.3362,61.308,4.09161,0,1,1.38161,1.51229,0,1.06729,1.69344,9.02378e+06,4.76609e+06,1.24674e+07,0,0,0,1.19558e+08
103.622,103.622,6.57805,0.5,0,3.0419,3.32961,0,0.569976,6.16896,4.3421e+06,3.56573e+06,1.32082e+07,0,0,0,0,62.3362,61.308,4.70352,0,1,1.3818,1.51249,0,1.06743,1.69344,9.02378e+06,4.76609e+06,1.2469e+07,0,0,0,1.19558e+08
103.622,103.622,6.34993,0.53,0,3.0423,3.33006,0,0.570052,6.16896,4.3421e+06,3.56573e+06,1.321e+07,0,0,0,0,62.3362,61.308,4.50681,0,1,1.38198,1.5127,0,1.06758,1.69344,9.02378e+06,4.76609e+06,1.24707e+07,0,0,0,1.19558e+08
103.622,103.622,5.87843,0.55,0,3.04271,3.3305,0,0.570128,6.16896,4.3421e+06,3.56573e+06,1.32118e+07,0,0,0,0,62.3362,61.308,4.64714,0,1,1.38217,1.5129,0,1.06772,1.69344,9.02378e+06,4.76609e+06,1.24724e+07,0,0,0,1.19558e+08
103.622,103.622,5.92744,0.63,0,3.1543,3.45265,0,0.570204,6.16896,4.3421e+06,2.97144e+06,1.36963e+07,0,0,0,0,62.3362,61.308,5.27837,1,1,1.43795,1.57395,0,1.06786,1.69344,9.02378e+06,3.97174e+06,1.29757e+07,0,0,0,1.19558e+08
103.622,103.622,5.18499,0.64,0,3.15472,3.45311,0,0.591117,6.16896,4.3421e+06,2.97144e+06,1.36981e+07,0,0,0,0,62.3362,61.308,4.91521,1,1,1.43814,1.57416,0,1.11096,1.69344,9.02378e+06,3.97174e+06,1.29774e+07,0,0,0,1.19558e+08
103.622,103.622,4.57297,0.63,0,3.15515,3.45357,0,0.591195,6.16896,4.3421e+06,2.97144e+06,1.37e+07,0,0,0,0,62.3362,61.308,4.54026,1,1,1.43833,1.57437,0,1.11111,1.69344,9.02378e+06,3.97174e+06,1.29792e+07,0,0,0,1.19558e+08
103.622,103.622,5.08847,0.62,0,3.15557,3.45403,0,0.591274,6.16896,4.3421e+06,2.97144e+06,1.37018e+07,0,0,0,0,62.3362,61.308,4.47795,1,1,1.43852,1.57458,0,1.11125,1.69344,9.02378e+06,3.97174e+06,1.29809e+07,0,0,0,1.19558e+08
103.622,103.622,4.38912,0.62,0,3.11249,3.40688,0,0.591353,6.16896,4.3421e+06,2.97144e+06,1.35148e+07,0,0,0,0,62.3362,61.308,4.2039,1,1,1.41711,1.55115,0,1.1114,1.69344,9.02378e+06,3.97174e+06,1.27877e+07,0,0,0,1.19558e+08
103.622,103.622,4.05502,0.63,0,3.1129,3.40734,0,0.583281,6.16896,4.3421e+06,2.97144e+06,1.35166e+07,0,0,0,0,62.3362,61.308,3.65306,1,1,1.4173,1.55135,0,1.09486,1.69344,9.02378e+06,3.97174e+06,1.27894e+07,0,0,0,1.19558e+08
103.622,103.622,3.6456,0.56,0,3.11332,3.40779,0,0.583358,6.16896,4.3421e+06,2.97144e+06,1.35184e+07,0,0,0,0,62.3362,61.308,3.39763,1,1,1.41749,1.55156,0,1.095,1.69344,9.02378e+06,3.97174e+06,1.27911e+07,0,0,0,1.19558e+08
103.622,103.622,3.42683,0.55,0,3.11374,3.40825,0,0.583436,6.16896,4.3421e+06,2.97144e+06,1.35202e+07,0,0,0,0,62.3362,61.308,3.13632,1,1,1.41768,1.55177,0,1.09515,1.69344,9.02378e+06,3.97174e+06,1.27928e+07,0,0,0,1.19558e+08
103.622,103.622,3.27264,0.49,0,3.26188,3.5704,0,0.583514,6.16896,4.3421e+06,2.97144e+06,1.41634e+07,0,0,0,0,62.3362,61.308,3.0365,1,1,1.49452,1.63588,0,1.0953,1.69344,9.02378e+06,3.97174e+06,1.34862e+07,0,0,0,1.19558e+08
103.622,103.622,3.26134,0.44,0,3.26231,3.57088,0,0.611276,6.16896,4.3421e+06,2.97144e+06,1.41653e+07,0,0,0,0,62.3362,61.308,3.1927,1,1,1.49472,1.6361,0,1.15467,1.69344,9.02378e+06,3.97174e+06,1.3488e+07,0,0,0,1.19558e+08
103.482,103.622,2.98941,0.4,0,3.26275,3.57135,0,0.611357,6.16896,4.3421e+06,2.97144e+06,1.41672e+07,0,0,0,0,62.3362,61.308,2.89017,1,1,1.49492,1.63632,0,1.15482,1.69344,9.02378e+06,3.97174e+06,1.34898e+07,0,0,0,1.19558e+08
103.024,103.622,2.77321,0.36,0,3.5101,3.57183,0,0.611439,6.16896,4.3421e+06,2.97144e+06,1.52412e+07,0,0,0,0,62.3005,61.308,2.78363,1,1,1.60825,1.63654,0,1.15498,1.69344,9.02378e+06,3.97174e+06,1.45125e+07,0,0,0,1.19558e+08
102.43,103.622,2.62601,0.35,0,3.51057,3.5723,0,0.657792,6.16896,4.3421e+06,2.97144e+06,1.52432e+07,0,0,0,0,62.2248,61.308,2.60962,1,1,1.60847,1.63675,0,1.24254,1.69344,9.02378e+06,3.97174e+06,1.45145e+07,0,0,0,1.19558e+08
102.511,103.622,3.21228,0.29,0,3.47959,3.54078,0,0.65788,6.16896,4.3421e+06,2.97144e+06,1.51087e+07,0,0,0,0,62.2148,61.308,2.53302,1,1,1.65403,1.68312,0,1.2427,1.69344,9.02378e+06,3.97174e+06,1.49256e+07,0,0,0,1.19558e+08
102.524,103.622,3.1364,0.27,0,3.48005,3.54125,0,0.652075,6.16896,4.3421e+06,2.97144e+06,1.51108e+07,0,0,0,0,62.1844,61.308,2.39931,1,1,1.65425,1.68334,0,1.27791,1.69344,9.02378e+06,3.97174e+06,1.49276e+07,0,0,0,1.19558e+08
102.273,103.622,2.86642,0.25,0,3.48052,3.54173,0,0.652162,6.16896,4.3421e+06,2.97144e+06,1.51128e+07,0,0,0,0,62.1327,61.308,2.35816,1,1,1.65447,1.68357,0,1.27808,1.69344,9.02378e+06,3.97174e+06,1.49296e+07,0,0,0,1.19558e+08
101.782,103.622,2.60651,0.24,0,3.48098,3.5422,0,0.652249,6.16896,4.3421e+06,2.97144e+06,1.51148e+07,0,0,0,0,62.03,61.308,2.1342,1,1,1.65469,1.68379,0,1.27825,1.69344,9.02378e+06,3.97174e+06,1.49316e+07,0,0,0,1.19558e+08
101.264,103.622,2.60288,0.23,0,3.56269,3.62535,0,0.652336,6.16896,4.3421e+06,2.97144e+06,1.54696e+07,0,0,0,0,61.7767,61.308,2.20403,1,1,1.69344,1.72517,0.001913,1.27842,1.69344,9.02378e+06,3.97174e+06,1.52812e+07,0,0,0,1.19558e+08
100.873,103.622,2.73778,0.22,0,3.56317,3.62583,0,0.667649,6.16896,4.3421e+06,2.97144e+06,1.54717e+07,0,0,0,0,61.5187,61.308,2.31188,1,1,1.69344,1.7254,0.00213898,1.30835,1.69344,9.02378e+06,3.97174e+06,1.52812e+07,0,0,0,1.19558e+08
100.194,103.622,2.44137,0.22,0,3.56364,3.62631,0,0.667738,6.16896,4.3421e+06,2.97144e+06,1.54737e+07,0,0,0,0,61.2161,61.308,2.18618,1,1,1.69344,1.72563,0.00236496,1.30835,1.69344,9.02378e+06,3.97174e+06,1.52812e+07,0,0,0,1.19558e+08
99.3309,103.622,2.23853,0.22,0,3.56412,3.6268,0,0.667827,6.16896,4.3421e+06,2.97144e+06,1.54758e+07,0,0,0,0,60.8907,61.308,2.04508,1,1,1.69344,1.72586,0.00259094,1.30835,1.69344,9.02378e+06,3.97174e+06,1.52812e+07,0,0,0,1.19558e+08
98.0395,103.622,1.94299,0.22,0,3.80266,3.86953,0,0.667916,6.16896,4.3421e+06,2.97144e+06,1.65115e+07,0,0,0,0,60.5569,61.308,2.02886,1,1,1.69344,1.8747,0.148857,1.30835,1.69344,9.02378e+06,3.97174e+06,1.52812e+07,0,0,0,1.19558e+08
97.6675,103.622,2.90208,0.22,0,3.80316,3.87005,0,0.712618,6.16896,4.3421e+06,2.97144e+06,1.65137e+07,0,0,0,0,60.16,61.308,2.25931,1,1,1.69344,1.87495,0.149103,1.30835,1.69344,9.02378e+06,3.97174e+06,1.52812e+07,0,0,0,1.19558e+08
96.7341,103.622,2.31727,0.23,0,3.80367,3.87056,0,0.712713,6.16896,4.3421e+06,2.97144e+06,1.65159e+07,0,0,0,0,59.7607,61.308,1.62953,1,1,1.69344,1.8752,0.149348,1.30835,1.69344,9.02378e+06,3.97174e+06,1.52812e+07,0,0,0,1.19558e+08
96.3209,103.622,2.85579,0.23,0,3.80418,3.87108,0,0.712808,6.16896,4.3421e+06,2.97144e+06,1.65181e+07,0,0,0,0,59.7535,61.308,2.83581,1,1,1.69344,1.87545,0.149594,1.30835,1.69344,9.02378e+06,3.97174e+06,1.52812e+07,0,0,0,1.19558e+08
95.3646,103.622,2.29296,0.31,0,3.80468,3.87159,0,0.712903,6.16896,4.3421e+06,2.97144e+06,1.65203e+07,0,0,0,0,59.4787,61.308,1.94717,1,1,1.69344,1.8757,0.149839,1.30835,1.69344,9.02378e+06,3.97174e+06,1.52812e+07,0,0,0,1.19558e+08
95.6391,103.622,3.55348,0.31,0,3.68909,3.75397,0,0.712998,6.16896,4.3421e+06,2.97144e+06,1.60184e+07,0,0,0,0,59.4694,61.308,2.56337,1,1,1.69344,1.78569,0.0613849,1.30835,1.69344,9.02378e+06,3.97174e+06,1.52812e+07,0,0,0,1.19558e+08
96.7513,103.622,4.42271,0.29,0,3.68958,3.75447,0,0.691336,6.16896,4.3421e+06,2.97144e+06,1.60206e+07,0,0,0,0,59.6007,61.308,2.87848,1,1,1.69344,1.78592,0.0616187,1.30835,1.69344,9.02378e+06,3.97174e+06,1.52812e+07,0,0,0,1.19558e+08
97.1167,103.622,3.71165,0.23,0,3.69007,3.75497,0,0.691428,6.16896,4.3421e+06,2.97144e+06,1.60227e+07,0,0,0,0,60.1541,61.308,4.58362,1,1,1.69344,1.78616,0.0618524,1.30835,1.69344,9.02378e+06,3.97174e+06,1.52812e+07,0,0,0,1.19558e+08
96.9009,103.622,3.07755,0.25,0,3.69057,3.75547,0,0.69152,6.16896,4.3421e+06,2.97144e+06,1.60248e+07,0,0,0,0,60.0208,61.308,2.40281,1,1,1.69344,1.7864,0.0620863,1.30835,1.69344,9.02378e+06,3.97174e+06,1.52812e+07,0,0,0,1.19558e+08
96.7699,103.622,3.17925,0.24,0,3.59571,3.65894,0,0.691612,6.16896,4.3421e+06,2.97144e+06,1.56129e+07,0,0,0,0,59.8957,61.308,2.27865,1,1,1.67498,1.70443,0,1.30835,1.69344,9.02378e+06,3.97174e+06,1.51146e+07,0,0,0,1.19558e+08
95.6176,103.622,2.20116,0.24,0,3.59619,3.65943,0,0.673836,6.16896,4.3421e+06,2.97144e+06,1.5615e+07,0,0,0,0,59.6134,61.308,2.25293,1,1,1.6752,1.70466,0,1.29409,1.69344,9.02378e+06,3.97174e+06,1.51166e+07,0,0,0,1.19558e+08
94.8224,103.622,2.5669,0.3,0,3.59667,3.65992,0,0.673925,6.16896,4.3421e+06,2.97144e+06,1.56171e+07,0,0,0,0,59.3831,61.308,1.64609,1,1,1.67542,1.70489,0,1.29426,1.69344,9.02378e+06,3.97174e+06,1.51187e+07,0,0,0,1.19558e+08
98.4654,103.622,7.24604,0.31,0,3.59714,3.66041,0,0.674015,6.16896,4.3421e+06,2.97144e+06,1.56192e+07,0,0,0,0,60.653,61.308,5.65982,1,1,1.67565,1.70512,0,1.29443,1.69344,9.02378e+06,3.97174e+06,1.51207e+07,0,0,0,1.19558e+08
100.804,103.622,5.83467,0.15,0,3.32668,3.38519,0,0.674105,6.16896,4.3421e+06,2.97144e+06,1.44448e+07,0,0,0,0,61.5978,61.308,4.838,1,1,1.50753,1.53405,0,1.2946,1.69344,9.02378e+06,3.97174e+06,1.36037e+07,0,0,0,1.19558e+08
102.417,103.622,5.05889,0.24,0,3.32712,3.38564,0,0.62342,6.16896,4.3421e+06,2.97144e+06,1.44467e+07,0,0,0,0,62.3362,61.308,3.8747,1,1,1.50774,1.53425,0,1.16472,1.69344,9.02378e+06,3.97174e+06,1.36055e+07,0,0,0,1.19558e+08
103.622,103.622,5.48469,0.25,0,3.32757,3.38609,0,0.623503,6.16896,4.3421e+06,2.97144e+06,1.44486e+07,0,0,0,0,62.3362,61.308,3.98641,1,1,1.50794,1.53446,0,1.16488,1.69344,9.02378e+06,3.97174e+06,1.36073e+07,0,0,0,1.19558e+08
103.622,103.622,8.06818,0.28,0,3.32801,3.38654,0,0.623586,6.16896,4.3421e+06,2.97144e+06,1.44506e+07,0,0,0,0,62.3362,61.308,9.90789,1,1,1.50814,1.53466,0,1.16503,1.69344,9.02378e+06,3.97174e+06,1.36091e+07,0,0,0,1.19558e+08
103.622,103.622,8.73104,0.29,0,3.32845,3.38699,0,0.623669,6.16896,4.3421e+06,2.97144e+06,1.44525e+07,0,0,0,0,62.3362,61.308,6.7207,1,1,1.50834,1.53486,0,1.16519,1.69344,9.02378e+06,3.97174e+06,1.36109e+07,0,0,0,1.19558e+08
103.622,103.622,7.27491,0.3,0,3.32845,3.38699,0,0.623752,6.16896,4.3421e+06,2.97144e+06,1.44525e+07,0,0,0,0,62.3362,61.308,5.53752,1,1,1.50834,1.53486,0,1.16534,1.69344,9.02378e+06,3.97174e+06,1.36109e+07,0,0,0,1.19558e+08
103.622,103.622,7.44668,0.32,0,3.43316,3.49354,0,0.623752,6.16896,4.3421e+06,2.97144e+06,1.49072e+07,0,0,0,0,62.3362,61.308,5.49583,1,1,1.55731,1.58469,0,1.16534,1.69344,9.02378e+06,3.97174e+06,1.40528e+07,0,0,0,1.19558e+08
103.622,103.622,6.56544,0.32,0,3.43358,3.49397,0,0.643375,6.16896,4.3421e+06,2.97144e+06,1.4909e+07,0,0,0,0,62.3362,61.308,4.02486,1,1,1.5575,1.58489,0,1.20318,1.69344,9.02378e+06,3.97174e+06,1.40545e+07,0,0,0,1.19558e+08
103.622,103.622,7.50735,0.34,0,3.43401,3.4944,0,0.643454,6.16896,4.3421e+06,2.97144e+06,1.49108e+07,0,0,0,0,62.3362,61.308,4.31969,1,1,1.55769,1.58508,0,1.20332,1.69344,9.02378e+06,3.97174e+06,1.40563e+07,0,0,0,1.19558e+08
103.622,103.622,5.54473,0.36,0,3.43443,3.49483,0,0.643533,6.16896,4.3421e+06,2.97144e+06,1.49127e+07,0,0,0,0,62.3362,61.308,3.98867,1,1,1.55788,1.58528,0,1.20347,1.69344,9.02378e+06,3.97174e+06,1.4058e+07,0,0,0,1.19558e+08
103.622,103.622,5.11347,0.36,0,3.76988,3.83618,0,0.643612,6.16896,4.3421e+06,2.97144e+06,1.63692e+07,0,0,0,0,62.3362,61.308,3.88326,1,1,1.69344,1.77189,0.0478299,1.20362,1.69344,9.02378e+06,3.97174e+06,1.52812e+07,0,0,0,1.19558e+08
103.622,103.622,5.07991,0.37,0,3.77035,3.83665,0,0.706476,6.16896,4.3421e+06,2.97144e+06,1.63712e+07,0,0,0,0,62.3362,61.308,3.82168,1,1,1.69344,1.77211,0.0480443,1.30835,1.69344,9.02378e+06,3.97174e+06,1.52812e+07,0,0,0,1.19558e+08
103.622,103.622,5.33793,0.4,0,3.50555,3.83712,0,0.706563,6.16896,4.3421e+06,2.97144e+06,1.52215e+07,0,0,0,0,62.3362,61.308,4.35399,1,1,1.61918,1.77233,0,1.30835,1.69344,9.02378e+06,3.97174e+06,1.46111e+07,0,0,0,1.19558e+08
103.622,103.622,5.06725,0.4,0,3.50598,3.8376,0,0.65694,6.16896,4.3421e+06,2.97144e+06,1.52233e+07,0,0,0,0,62.3362,61.308,3.79426,1,1,1.61938,1.77255,0,1.25098,1.69344,9.02378e+06,3.97174e+06,1.46129e+07,0,0,0,1.19558e+08
103.622,103.622,3.81816,0.46,0,3.06195,3.35157,0,0.657021,6.16896,4.3421e+06,3.56573e+06,1.32953e+07,0,0,0,0,62.3362,61.308,3.55126,0,1,1.39091,1.52247,0,1.25113,1.69344,9.02378e+06,4.76609e+06,1.25512e+07,0,0,0,1.19558e+08
103.622,103.622,3.98434,0.51,0,3.06233,3.35198,0,0.57381,6.16896,4.3421e+06,3.56573e+06,1.3297e+07,0,0,0,0,62.3362,61.308,4.29468,0,1,1.39108,1.52265,0,1.07462,1.69344,9.02378e+06,4.76609e+06,1.25528e+07,0,0,0,1.19558e+08
103.622,103.622,5.46774,0.53,0,3.06271,3.35239,0,0.573881,6.16896,4.3421e+06,3.56573e+06,1.32986e+07,0,0,0,0,62.3362,61.308,4.46374,0,1,1.39125,1.52284,0,1.07475,1.69344,9.02378e+06,4.76609e+06,1.25543e+07,0,0,0,1.19558e+08
103.622,103.622,5.90267,0.57,0,3.06309,3.35281,0,0.573952,6.16896,4.3421e+06,3.56573e+06,1.33002e+07,0,0,0,0,62.3362,61.308,4.54148,0,1,1.39142,1.52303,0,1.07488,1.69344,9.02378e+06,4.76609e+06,1.25559e+07,0,0,0,1.19558e+08
103.622,103.622,3.88073,0.64,0,3.06346,3.35322,0,0.574022,6.16896,4.3421e+06,3.56573e+06,1.33019e+07,0,0,0,0,62.3362,61.308,2.72001,0,1,1.39159,1.52322,0,1.07501,1.69344,9.02378e+06,4.76609e+06,1.25574e+07,0,0,0,1.19558e+08
103.622,103.622,3.92187,0.65,0,3.17579,3.47617,0,0.574093,6.16896,4.3421e+06,2.97144e+06,1.37896e+07,0,0,0,0,62.3362,61.308,4.12662,1,1,1.44774,1.58467,0,1.07514,1.69344,9.02378e+06,3.97174e+06,1.30641e+07,0,0,0,1.19558e+08
103.622,103.622,4.14816,0.64,0,3.17618,3.47659,0,0.595142,6.16896,4.3421e+06,2.97144e+06,1.37913e+07,0,0,0,0,62.3362,61.308,3.81203,1,1,1.44792,1.58487,0,1.11852,1.69344,9.02378e+06,3.97174e+06,1.30657e+07,0,0,0,1.19558e+08
103.37,103.622,2.94993,0.62,0,3.17657,3.47702,0,0.595215,6.16896,4.3421e+06,2.97144e+06,1.3793e+07,0,0,0,0,62.3362,61.308,2.4523,1,1,1.4481,1.58506,0,1.11866,1.69344,9.02378e+06,3.97174e+06,1.30673e+07,0,0,0,1.19558e+08
103.272,103.622,3.14149,0.65,0,3.17696,3.47745,0,0.595289,6.16896,4.3421e+06,2.97144e+06,1.37947e+07,0,0,0,0,62.3362,61.308,3.18098,1,1,1.44827,1.58526,0,1.1188,1.69344,9.02378e+06,3.97174e+06,1.30689e+07,0,0,0,1.19558e+08
102.934,103.622,2.87829,0.63,0,3.13356,3.42994,0,0.595362,6.16896,4.3421e+06,2.97144e+06,1.36062e+07,0,0,0,0,62.3362,61.308,3.49477,1,1,1.4267,1.56165,0,1.11894,1.69344,9.02378e+06,3.97174e+06,1.28742e+07,0,0,0,1.19558e+08
102.352,103.622,2.57074,0.59,0,3.13394,3.43037,0,0.587229,6.16896,4.3421e+06,2.97144e+06,1.36079e+07,0,0,0,0,62.3362,61.308,3.13991,1,1,1.42688,1.56184,0,1.10227,1.69344,9.02378e+06,3.97174e+06,1.28758e+07,0,0,0,1.19558e+08
101.702,103.622,2.42784,0.56,0,3.13433,3.43079,0,0.587301,6.16896,4.3421e+06,2.97144e+06,1.36096e+07,0,0,0,0,62.3362,61.308,3.10105,1,1,1.42705,1.56203,0,1.10241,1.69344,9.02378e+06,3.97174e+06,1.28774e+07,0,0,0,1.19558e+08
100.983,103.622,2.36316,0.49,0,3.13471,3.43121,0,0.587373,6.16896,4.3421e+06,2.97144e+06,1.36113e+07,0,0,0,0,62.3362,61.308,3.17731,1,1,1.42723,1.56222,0,1.10254,1.69344,9.02378e+06,3.97174e+06,1.2879e+07,0,0,0,1.19558e+08
99.9197,103.622,2.04851,0.46,0,3.28382,3.59442,0,0.587445,6.16896,4.3421e+06,2.97144e+06,1.42587e+07,0,0,0,0,62.3362,61.308,2.92391,1,1,1.50458,1.64689,0,1.10268,1.69344,9.02378e+06,3.97174e+06,1.3577e+07,0,0,0,1.19558e+08
98.9514,103.622,2.08666,0.4,0,3.28422,3.59486,0,0.615388,6.16896,4.3421e+06,2.97144e+06,1.42604e+07,0,0,0,0,62.3362,61.308,3.38428,1,1,1.50476,1.64709,0,1.16244,1.69344,9.02378e+06,3.97174e+06,1.35786e+07,0,0,0,1.19558e+08
97.6467,103.622,1.83917,0.36,0,3.53317,3.5953,0,0.615463,6.16896,4.3421e+06,2.97144e+06,1.53414e+07,0,0,0,0,62.3335,61.308,2.83961,1,1,1.61882,1.64729,0,1.16258,1.69344,9.02378e+06,3.97174e+06,1.46079e+07,0,0,0,1.19558e+08
96.2685,103.622,1.73173,0.35,0,3.5336,3.59574,0,0.662116,6.16896,4.3421e+06,2.97144e+06,1.53433e+07,0,0,0,0,62.1707,61.308,2.44623,1,1,1.61902,1.64749,0,1.2507,1.69344,9.02378e+06,3.97174e+06,1.46097e+07,0,0,0,1.19558e+08
95.2894,103.622,1.93803,0.4,0,3.28544,3.59619,0,0.662197,6.16896,4.3421e+06,2.97144e+06,1.42657e+07,0,0,0,0,62.0969,61.308,2.31847,1,1,1.50532,1.6477,0,1.25086,1.69344,9.02378e+06,3.97174e+06,1.35836e+07,0,0,0,1.19558e+08
94.2229,103.622,1.979,0.38,0,3.50282,3.56442,0,0.615691,6.16896,4.3421e+06,2.97144e+06,1.52096e+07,0,0,0,0,61.8379,61.308,2.23002,1,1,1.66507,1.69436,0,1.16301,1.69344,9.02378e+06,3.97174e+06,1.50253e+07,0,0,0,1.19558e+08
93.0714,103.622,1.84788,0.32,0,3.50325,3.56486,0,0.656428,6.16896,4.3421e+06,2.97144e+06,1.52115e+07,0,0,0,0,61.5283,61.308,2.12722,1,1,1.66528,1.69456,0,1.28644,1.69344,9.02378e+06,3.97174e+06,1.50271e+07,0,0,0,1.19558e+08
91.7484,103.622,1.64493,0.18,0,3.50368,3.56529,0,0.656508,6.16896,4.3421e+06,2.97144e+06,1.52133e+07,0,0,0,0,61.1795,61.308,2.09184,1,1,1.66548,1.69477,0,1.28659,1.69344,9.02378e+06,3.97174e+06,1.50289e+07,0,0,0,1.19558e+08
90.4141,103.622,1.59789,0.16,0,3.50411,3.56573,0,0.656589,6.16896,4.3421e+06,2.97144e+06,1.52152e+07,0,0,0,0,60.7834,61.308,1.98525,1,1,1.66569,1.69498,0,1.28675,1.69344,9.02378e+06,3.97174e+06,1.50308e+07,0,0,0,1.19558e+08
89.1358,103.622,1.6905,0,0,3.58633,3.6494,0,0.65667,6.16896,4.3421e+06,2.97144e+06,1.55722e+07,0,0,0,0,60.3658,61.308,1.90431,1,1,1.69344,1.73661,0.0131593,1.28691,1.69344,9.02378e+06,3.97174e+06,1.52812e+07,0,0,0,1.19558e+08
87.7731,103.622,1.5731,0.16,0,3.58677,3.64985,0,0.672078,6.16896,4.3421e+06,2.97144e+06,1.55741e+07,0,0,0,0,59.8753,61.308,1.93971,1,1,1.69344,1.73683,0.0133691,1.30835,1.69344,9.02378e+06,3.97174e+06,1.52812e+07,0,0,0,1.19558e+08
86.3259,103.622,1.45195,0,0,3.58721,3.6503,0,0.67216,6.16896,4.3421e+06,2.97144e+06,1.5576e+07,0,0,0,0,59.3506,61.308,1.72734,1,1,1.69344,1.73704,0.0135791,1.30835,1.69344,9.02378e+06,3.97174e+06,1.52812e+07,0,0,0,1.19558e+08
84.9335,103.622,1.4968,0,0,3.58765,3.65074,0,0.672243,6.16896,4.3421e+06,2.97144e+06,1.5578e+07,0,0,0,0,58.874,61.308,1.9495,1,1,1.69344,1.73725,0.0137889,1.30835,1.69344,9.02378e+06,3.97174e+06,1.52812e+07,0,0,0,1.19558e+08
83.1614,103.622,1.21091,0,0,3.82773,3.89504,0,0.672326,6.16896,4.3421e+06,2.97144e+06,1.66204e+07,0,0,0,0,58.2302,61.308,1.67767,1,1,1.69344,1.88705,0.161002,1.30835,1.69344,9.02378e+06,3.97174e+06,1.52812e+07,0,0,0,1.19558e+08
81.3118,103.622,1.08827,0,0,3.8282,3.89552,0,0.717316,6.16896,4.3421e+06,2.97144e+06,1.66224e+07,0,0,0,0,57.6076,61.308,1.5177,1,1,1.69344,1.88729,0.16123,1.30835,1.69344,9.02378e+06,3.97174e+06,1.52812e+07,0,0,0,1.19558e+08
79.8478,103.622,1.45691,0,0,3.82867,3.896,0,0.717404,6.16896,4.3421e+06,2.97144e+06,1.66245e+07,0,0,0,0,57.0214,61.308,1.7134,1,1,1.69344,1.88752,0.161458,1.30835,1.69344,9.02378e+06,3.97174e+06,1.52812e+07,0,0,0,1.19558e+08
78.9709,103.622,2.09644,0,0,3.82914,3.89648,0,0.717492,6.16896,4.3421e+06,2.97144e+06,1.66265e+07,0,0,0,0,56.5637,61.308,2.00242,1,1,1.69344,1.88775,0.161686,1.30835,1.69344,9.02378e+06,3.97174e+06,1.52812e+07,0,0,0,1.19558e+08
77.9883,103.622,1.93516,0,0,3.82961,3.89696,0,0.71758,6.16896,4.3421e+06,2.97144e+06,1.66286e+07,0,0,0,0,56.1216,61.308,1.99547,1,1,1.69344,1.88798,0.161914,1.30835,1.69344,9.02378e+06,3.97174e+06,1.52812e+07,0,0,0,1.19558e+08
76.6751,103.622,1.49022,0,0,3.71322,3.77852,0,0.717669,6.16896,4.3421e+06,2.97144e+06,1.61232e+07,0,0,0,0,55.8709,61.308,3.07506,1,1,1.69344,1.79736,0.072862,1.30835,1.69344,9.02378e+06,3.97174e+06,1.52812e+07,0,0,0,1.19558e+08
75.2315,103.622,1.31039,0,0,3.71367,3.77898,0,0.695857,6.16896,4.3421e+06,2.97144e+06,1.61252e+07,0,0,0,0,55.3219,61.308,1.83287,1,1,1.69344,1.79759,0.0730791,1.30835,1.69344,9.02378e+06,3.97174e+06,1.52812e+07,0,0,0,1.19558e+08
73.6402,103.622,1.12448,0,0,3.71413,3.77945,0,0.695943,6.16896,4.3421e+06,2.97144e+06,1.61271e+07,0,0,0,0,54.7399,61.308,1.66725,1,1,1.69344,1.79781,0.0732962,1.30835,1.69344,9.02378e+06,3.97174e+06,1.52812e+07,0,0,0,1.19558e+08
72.9055,103.622,2.13282,0,0,3.71459,3.77991,0,0.696028,6.16896,4.3421e+06,2.97144e+06,1.61291e+07,0,0,0,0,54.4654,61.308,2.25864,1,1,1.69344,1.79803,0.0735133,1.30835,1.69344,9.02378e+06,3.97174e+06,1.52812e+07,0,0,0,1.19558e+08
72.1663,103.622,2.07177,0,0,3.61908,3.68272,0,0.696114,6.16896,4.3421e+06,2.97144e+06,1.57144e+07,0,0,0,0,54.2957,61.308,2.72801,1,1,1.68586,1.71551,0,1.30835,1.69344,9.02378e+06,3.97174e+06,1.52129e+07,0,0,0,1.19558e+08
71.9137,103.622,2.65736,0,0,3.61952,3.68317,0,0.678215,6.16896,4.3421e+06,2.97144e+06,1.57163e+07,0,0,0,0,53.9904,61.308,2.30819,1,1,1.68607,1.71572,0,1.3025,1.69344,9.02378e+06,3.97174e+06,1.52147e+07,0,0,0,1.19558e+08
71.313,103.622,2.29922,0,0,3.61997,3.68363,0,0.678298,6.16896,4.3421e+06,2.97144e+06,1.57183e+07,0,0,0,0,53.7535,61.308,2.77182,1,1,1.68628,1.71593,0,1.30266,1.69344,9.02378e+06,3.97174e+06,1.52166e+07,0,0,0,1.19558e+08
74.8927,103.622,6.98722,0,0,3.62041,3.68408,0,0.678381,6.16896,4.3421e+06,2.97144e+06,1.57202e+07,0,0,0,0,54.8951,61.308,8.86582,1,1,1.68648,1.71614,0,1.30282,1.69344,9.02378e+06,3.97174e+06,1.52185e+07,0,0,0,1.19558e+08
75.8414,103.622,3.95101,0,0,3.34816,3.40704,0,0.678465,6.16896,4.3421e+06,2.97144e+06,1.45381e+07,0,0,0,0,55.233,61.308,3.95867,1,1,1.51727,1.54395,0,1.30298,1.69344,9.02378e+06,3.97174e+06,1.36915e+07,0,0,0,1.19558e+08
75.9004,103.622,3.14802,0,0,3.34857,3.40746,0,0.627446,6.16896,4.3421e+06,2.97144e+06,1.45399e+07,0,0,0,0,55.5296,61.308,4.35759,1,1,1.51746,1.54414,0,1.17224,1.69344,9.02378e+06,3.97174e+06,1.36932e+07,0,0,0,1.19558e+08
74.9852,103.622,1.90012,0,0,3.34899,3.40788,0,0.627523,6.16896,4.3421e+06,2.97144e+06,1.45416e+07,0,0,0,0,55.1962,61.308,2.07867,1,1,1.51764,1.54433,0,1.17239,1.69344,9.02378e+06,3.97174e+06,1.36949e+07,0,0,0,1.19558e+08
73.9923,103.622,1.8169,0,0,3.3494,3.4083,0,0.6276,6.16896,4.3421e+06,2.97144e+06,1.45434e+07,0,0,0,0,55.0262,61.308,1.86657,1,1,1.51783,1.54452,0,1.17253,1.69344,9.02378e+06,3.97174e+06,1.36966e+07,0,0,0,1.19558e+08
76.6539,103.622,6.01051,0,0,3.34981,3.40872,0,0.627677,6.16896,4.3421e+06,2.97144e+06,1.45452e+07,0,0,0,0,56.3394,61.308,5.0303,1,1,1.51802,1.54471,0,1.17267,1.69344,9.02378e+06,3.97174e+06,1.36982e+07,0,0,0,1.19558e+08
86.3466,103.622,13.9742,0,0,3.45515,3.51592,0,0.627754,6.16896,4.3421e+06,2.97144e+06,1.50026e+07,0,0,0,0,58.0416,61.308,10.6467,1,1,1.56728,1.59484,0,1.17282,1.69344,9.02378e+06,3.97174e+06,1.41428e+07,0,0,0,1.19558e+08
91.7201,103.622,9.42214,0,0,3.45554,3.51631,0,0.647496,6.16896,4.3421e+06,2.97144e+06,1.50043e+07,0,0,0,0,59.1186,61.308,7.18437,1,1,1.56746,1.59502,0,1.21088,1.69344,9.02378e+06,3.97174e+06,1.41444e+07,0,0,0,1.19558e+08
95.4024,103.622,7.37343,0,0,3.45593,3.51671,0,0.647569,6.16896,4.3421e+06,2.97144e+06,1.5006e+07,0,0,0,0,59.6126,61.308,4.34926,1,1,1.56764,1.59521,0,1.21102,1.69344,9.02378e+06,3.97174e+06,1.4146e+07,0,0,0,1.19558e+08
98.858,103.622,7.21324,0,0,3.45633,3.51711,0,0.647642,6.16896,4.3421e+06,2.97144e+06,1.50077e+07,0,0,0,0,60.1601,61.308,4.42108,1,1,1.56781,1.59539,0,1.21116,1.69344,9.02378e+06,3.97174e+06,1.41476e+07,0,0,0,1.19558e+08
102.474,103.622,7.72142,0,0,3.79388,3.8606,0,0.647715,6.16896,4.3421e+06,2.97144e+06,1.64734e+07,0,0,0,0,61.1246,61.308,5.91097,1,1,1.69344,1.78317,0.0589128,1.21129,1.69344,9.02378e+06,3.97174e+06,1.52812e+07,0,0,0,1.19558e+08
103.622,103.622,7.79866,0,0,3.7943,3.86103,0,0.710972,6.16896,4.3421e+06,2.97144e+06,1.64753e+07,0,0,0,0,62.1581,61.308,5.64325,1,1,1.69344,1.78337,0.0591108,1.30835,1.69344,9.02378e+06,3.97174e+06,1.52812e+07,0,0,0,1.19558e+08
103.622,103.622,9.60778,0,0,3.79473,3.86147,0,0.711053,6.16896,4.3421e+06,2.97144e+06,1.64771e+07,0,0,0,0,62.3362,61.308,6.02618,1,1,1.69344,1.78357,0.0593087,1.30835,1.69344,9.02378e+06,3.97174e+06,1.52812e+07,0,0,0,1.19558e+08
103.622,103.622,8.79469,0,0,3.79516,3.8619,0,0.711133,6.16896,4.3421e+06,2.97144e+06,1.6479e+07,0,0,0,0,62.3362,61.308,7.08882,1,1,1.69344,1.78377,0.0595066,1.30835,1.69344,9.02378e+06,3.97174e+06,1.52812e+07,0,0,0,1.19558e+08
103.622,103.622,6.42806,0,0,3.31447,3.37276,0,0.711213,6.16896,4.3421e+06,2.97144e+06,1.43918e+07,0,0,0,0,62.3362,61.308,3.57914,1,1,1.50562,1.53209,0,1.30835,1.69344,9.02378e+06,3.97174e+06,1.35864e+07,0,0,0,1.19558e+08
103.622,103.622,7.17462,0,0,3.31485,3.37314,0,0.621133,6.16896,4.3421e+06,2.97144e+06,1.43934e+07,0,0,0,0,62.3362,61.308,4.88858,1,1,1.50579,1.53227,0,1.16324,1.69344,9.02378e+06,3.97174e+06,1.35879e+07,0,0,0,1.19558e+08
103.622,103.622,7.96106,0,0,3.31522,3.37353,0,0.621203,6.16896,4.3421e+06,2.97144e+06,1.4395e+07,0,0,0,0,62.3362,61.308,5.04675,1,1,1.50596,1.53244,0,1.16337,1.69344,9.02378e+06,3.97174e+06,1.35894e+07,0,0,0,1.19558e+08
103.622,103.622,7.22983,0,0,3.3156,3.37391,0,0.621273,6.16896,4.3421e+06,2.97144e+06,1.43967e+07,0,0,0,0,62.3362,61.308,4.37719,1,1,1.50613,1.53261,0,1.1635,1.69344,9.02378e+06,3.97174e+06,1.3591e+07,0,0,0,1.19558e+08
103.622,103.622,6.23182,0,0,3.31597,3.37429,0,0.621343,6.16896,4.3421e+06,2.97144e+06,1.43983e+07,0,0,0,0,62.3362,61.308,4.23346,1,1,1.5063,1.53279,0,1.16363,1.69344,9.02378e+06,3.97174e+06,1.35925e+07,0,0,0,1.19558e+08
103.622,103.622,8.08723,0,0,3.43752,3.49797,0,0.621413,6.16896,4.3421e+06,2.97144e+06,1.49261e+07,0,0,0,0,62.3362,61.308,6.05845,1,1,1.56706,1.59461,0,1.16376,1.69344,9.02378e+06,3.97174e+06,1.41408e+07,0,0,0,1.19558e+08
103.622,103.622,6.18452,0,0,3.43791,3.49837,0,0.644191,6.16896,4.3421e+06,2.97144e+06,1.49278e+07,0,0,0,0,62.3362,61.308,4.65057,1,1,1.56723,1.59479,0,1.21071,1.69344,9.02378e+06,3.97174e+06,1.41424e+07,0,0,0,1.19558e+08
103.622,103.622,5.00295,0,0,3.4383,3.49876,0,0.644264,6.16896,4.3421e+06,2.97144e+06,1.49294e+07,0,0,0,0,62.3362,61.308,3.75055,1,1,1.56741,1.59497,0,1.21084,1.69344,9.02378e+06,3.97174e+06,1.4144e+07,0,0,0,1.19558e+08
103.622,103.622,4.54879,0,0,3.43868,3.49916,0,0.644337,6.16896,4.3421e+06,2.97144e+06,1.49311e+07,0,0,0,0,62.3362,61.308,3.21446,1,1,1.56759,1.59515,0,1.21098,1.69344,9.02378e+06,3.97174e+06,1.41456e+07,0,0,0,1.19558e+08
103.622,103.622,4.05776,0,0,3.39167,3.45132,0,0.644409,6.16896,4.3421e+06,2.97144e+06,1.4727e+07,0,0,0,0,62.3362,61.308,2.93642,1,1,1.54422,1.57138,0,1.21112,1.69344,9.02378e+06,3.97174e+06,1.39347e+07,0,0,0,1.19558e+08
103.622,103.622,3.8073,0,0,3.39206,3.45171,0,0.635599,6.16896,4.3421e+06,2.97144e+06,1.47287e+07,0,0,0,0,62.3362,61.308,2.42724,1,1,1.5444,1.57156,0,1.19306,1.69344,9.02378e+06,3.97174e+06,1.39363e+07,0,0,0,1.19558e+08
103.622,103.622,4.49979,0,0,3.39244,3.4521,0,0.635671,6.16896,4.3421e+06,2.97144e+06,1.47303e+07,0,0,0,0,62.3362,61.308,2.50492,1,1,1.54457,1.57173,0,1.1932,1.69344,9.02378e+06,3.97174e+06,1.39379e+07,0,0,0,1.19558e+08
103.622,103.622,3.39572,0,0,3.39282,3.45249,0,0.635743,6.16896,4.3421e+06,2.97144e+06,1.4732e+07,0,0,0,0,62.3324,61.308,2.37631,1,1,1.54474,1.57191,0,1.19333,1.69344,9.02378e+06,3.97174e+06,1.39394e+07,0,0,0,1.19558e+08
103.622,103.622,3.78071,0,0,3.55417,3.61667,0,0.635815,6.16896,4.3421e+06,2.97144e+06,1.54326e+07,0,0,0,0,62.2821,61.308,2.78563,1,1,1.62844,1.65708,0,1.19347,1.69344,9.02378e+06,3.97174e+06,1.46947e+07,0,0,0,1.19558e+08
103.622,103.622,3.59038,0,0,3.55457,3.61708,0,0.666051,6.16896,4.3421e+06,2.97144e+06,1.54343e+07,0,0,0,0,62.2049,61.308,2.45582,1,1,1.62863,1.65727,0,1.25814,1.69344,9.02378e+06,3.97174e+06,1.46964e+07,0,0,0,1.19558e+08
103.555,103.622,3.2819,0,0,3.55497,3.61749,0,0.666126,6.16896,4.3421e+06,2.97144e+06,1.54361e+07,0,0,0,0,62.0952,61.308,2.18972,1,1,1.62881,1.65746,0,1.25828,1.69344,9.02378e+06,3.97174e+06,1.4698e+07,0,0,0,1.19558e+08
103.134,103.622,2.89054,0,0,3.55537,3.6179,0,0.666201,6.16896,4.3421e+06,2.97144e+06,1.54378e+07,0,0,0,0,61.9144,61.308,2.00058,1,1,1.629,1.65764,0,1.25842,1.69344,9.02378e+06,3.97174e+06,1.46997e+07,0,0,0,1.19558e+08
102.817,103.622,2.97339,0,0,3.55577,3.61831,0,0.666277,6.16896,4.3421e+06,2.97144e+06,1.54395e+07,0,0,0,0,61.9655,61.308,2.74106,1,1,1.62918,1.65783,0,1.25856,1.69344,9.02378e+06,3.97174e+06,1.47014e+07,0,0,0,1.19558e+08
102.637,103.622,3.09039,0,0,3.52432,3.5863,0,0.666352,6.16896,4.3421e+06,2.97144e+06,1.5303e+07,0,0,0,0,62.1334,61.308,3.2487,1,1,1.6753,1.70476,0,1.2587,1.69344,9.02378e+06,3.97174e+06,1.51175e+07,0,0,0,1.19558e+08
102.236,103.622,2.86649,0,0,3.52472,3.58671,0,0.660458,6.16896,4.3421e+06,2.97144e+06,1.53047e+07,0,0,0,0,62.2696,61.308,3.21835,1,1,1.67549,1.70495,0,1.29433,1.69344,9.02378e+06,3.97174e+06,1.51192e+07,0,0,0,1.19558e+08
101.612,103.622,2.62235,0,0,3.52512,3.58711,0,0.660533,6.16896,4.3421e+06,2.97144e+06,1.53064e+07,0,0,0,0,62.3362,61.308,2.86127,1,1,1.67568,1.70514,0,1.29448,1.69344,9.02378e+06,3.97174e+06,1.51209e+07,0,0,0,1.19558e+08
100.869,103.622,2.46177,0,0,3.52552,3.58752,0,0.660607,6.16896,4.3421e+06,2.97144e+06,1.53082e+07,0,0,0,0,62.3362,61.308,2.91364,1,1,1.67586,1.70534,0,1.29463,1.69344,9.02378e+06,3.97174e+06,1.51226e+07,0,0,0,1.19558e+08
100.024,103.622,2.4181,0,0,3.6082,3.67166,0,0.660682,6.16896,4.3421e+06,2.97144e+06,1.56672e+07,0,0,0,0,62.3066,61.308,2.76321,1,1,1.69344,1.7472,0.0235687,1.29477,1.69344,9.02378e+06,3.97174e+06,1.52812e+07,0,0,0,1.19558e+08
99.0537,103.622,2.2388,0,0,3.60861,3.67207,0,0.676177,6.16896,4.3421e+06,2.97144e+06,1.5669e+07,0,0,0,0,62.21,61.308,2.66262,1,1,1.69344,1.7474,0.0237625,1.30835,1.69344,9.02378e+06,3.97174e+06,1.52812e+07,0,0,0,1.19558e+08
97.9183,103.622,2.0416,0,0,3.60902,3.67249,0,0.676253,6.16896,4.3421e+06,2.97144e+06,1.56707e+07,0,0,0,0,62.0685,61.308,2.3449,1,1,1.69344,1.7476,0.0239561,1.30835,1.69344,9.02378e+06,3.97174e+06,1.52812e+07,0,0,0,1.19558e+08
97.1223,103.622,2.42822,0,0,3.60942,3.6729,0,0.67633,6.16896,4.3421e+06,2.97144e+06,1.56725e+07,0,0,0,0,62.1487,61.308,3.22918,1,1,1.69344,1.7478,0.02415,1.30835,1.69344,9.02378e+06,3.97174e+06,1.52812e+07,0,0,0,1.19558e+08
95.5503,103.622,1.73657,0,0,3.85092,3.91864,0,0.676406,6.16896,4.3421e+06,2.97144e+06,1.67211e+07,0,0,0,0,62.0729,61.308,2.78465,1,1,1.69344,1.89849,0.172238,1.30835,1.69344,9.02378e+06,3.97174e+06,1.52812e+07,0,0,0,1.19558e+08
93.8603,103.622,1.58676,0,0,3.85135,3.91908,0,0.721662,6.16896,4.3421e+06,2.97144e+06,1.6723e+07,0,0,0,0,61.9452,61.308,2.63161,1,1,1.69344,1.8987,0.172448,1.30835,1.69344,9.02378e+06,3.97174e+06,1.52812e+07,0,0,0,1.19558e+08
92.8523,103.622,2.28735,0,0,3.85179,3.91952,0,0.721743,6.16896,4.3421e+06,2.97144e+06,1.67249e+07,0,0,0,0,61.9767,61.308,3.15248,1,1,1.69344,1.89892,0.172659,1.30835,1.69344,9.02378e+06,3.97174e+06,1.52812e+07,0,0,0,1.19558e+08
92.6966,103.622,3.21005,0,0,3.85222,3.91997,0,0.721825,6.16896,4.3421e+06,2.97144e+06,1.67267e+07,0,0,0,0,62.3147,61.308,3.55138,1,1,1.69344,1.89913,0.172869,1.30835,1.69344,9.02378e+06,3.97174e+06,1.52812e+07,0,0,0,1.19558e+08
91.3811,103.622,1.97625,0,0,3.85265,3.92041,0,0.721906,6.16896,4.3421e+06,2.97144e+06,1.67286e+07,0,0,0,0,62.3362,61.308,2.82023,1,1,1.69344,1.89934,0.17308,1.30835,1.69344,9.02378e+06,3.97174e+06,1.52812e+07,0,0,0,1.19558e+08
89.7455,103.622,1.5384,0,0,3.73553,3.80122,0,0.721987,6.16896,4.3421e+06,2.97144e+06,1.622e+07,0,0,0,0,62.3362,61.308,4.13695,1,1,1.69344,1.80816,0.0834735,1.30835,1.69344,9.02378e+06,3.97174e+06,1.52812e+07,0,0,0,1.19558e+08
87.9518,103.622,1.30229,0,0,3.73595,3.80165,0,0.700038,6.16896,4.3421e+06,2.97144e+06,1.62219e+07,0,0,0,0,62.1816,61.308,2.29863,1,1,1.69344,1.80837,0.0836739,1.30835,1.69344,9.02378e+06,3.97174e+06,1.52812e+07,0,0,0,1.19558e+08
86.2155,103.622,1.34758,0,0,3.73637,3.80208,0,0.700117,6.16896,4.3421e+06,2.97144e+06,1.62237e+07,0,0,0,0,62.0134,61.308,2.22305,1,1,1.69344,1.80857,0.0838744,1.30835,1.69344,9.02378e+06,3.97174e+06,1.52812e+07,0,0,0,1.19558e+08
86.5499,103.622,3.87319,0,0,3.73679,3.80251,0,0.700196,6.16896,4.3421e+06,2.97144e+06,1.62255e+07,0,0,0,0,62.3362,61.308,4.03708,1,1,1.69344,1.80877,0.0840748,1.30835,1.69344,9.02378e+06,3.97174e+06,1.52812e+07,0,0,0,1.19558e+08
87.9978,103.622,5.1644,0,0,3.64067,3.7047,0,0.700275,6.16896,4.3421e+06,2.97144e+06,1.58082e+07,0,0,0,0,62.3362,61.308,5.85676,1,1,1.69344,1.72575,0.00248281,1.30835,1.69344,9.02378e+06,3.97174e+06,1.52812e+07,0,0,0,1.19558e+08
89.4356,103.622,5.30155,0,0,3.64108,3.70511,0,0.682262,6.16896,4.3421e+06,2.97144e+06,1.581e+07,0,0,0,0,62.3362,61.308,6.41984,1,1,1.69344,1.72594,0.00267412,1.30835,1.69344,9.02378e+06,3.97174e+06,1.52812e+07,0,0,0,1.19558e+08
93.9529,103.622,8.35432,0,0,3.64149,3.70553,0,0.682339,6.16896,4.3421e+06,2.97144e+06,1.58117e+07,0,0,0,0,62.3362,61.308,5.44899,1,1,1.69344,1.72614,0.0028653,1.30835,1.69344,9.02378e+06,3.97174e+06,1.52812e+07,0,0,0,1.19558e+08
95.6857,103.622,5.67847,0,0,3.6419,3.70595,0,0.682416,6.16896,4.3421e+06,2.97144e+06,1.58135e+07,0,0,0,0,62.3362,61.308,5.98702,1,1,1.69344,1.72633,0.00305661,1.30835,1.69344,9.02378e+06,3.97174e+06,1.52812e+07,0,0,0,1.19558e+08
96.9328,103.622,4.85502,0,0,3.36801,3.42724,0,0.682493,6.16896,4.3421e+06,2.97144e+06,1.46242e+07,0,0,0,0,62.3362,61.308,4.3836,1,1,1.52626,1.5531,0,1.30835,1.69344,9.02378e+06,3.97174e+06,1.37726e+07,0,0,0,1.19558e+08
96.6141,103.622,3.00286,0,0,3.36839,3.42762,0,0.631164,6.16896,4.3421e+06,2.97144e+06,1.46259e+07,0,0,0,0,62.3362,61.308,2.92722,1,1,1.52643,1.55328,0,1.17919,1.69344,9.02378e+06,3.97174e+06,1.37742e+07,0,0,0,1.19558e+08
99.8061,103.622,6.75279,0,0,3.36877,3.42801,0,0.631235,6.16896,4.3421e+06,2.97144e+06,1.46275e+07,0,0,0,0,62.3362,61.308,5.22833,1,1,1.52661,1.55345,0,1.17932,1.69344,9.02378e+06,3.97174e+06,1.37758e+07,0,0,0,1.19558e+08
103.622,103.622,11.7885,0,0,3.36914,3.4284,0,0.631307,6.16896,4.3421e+06,2.97144e+06,1.46292e+07,0,0,0,0,62.3362,61.308,9.4504,1,1,1.52678,1.55363,0,1.17946,1.69344,9.02378e+06,3.97174e+06,1.37773e+07,0,0,0,1.19558e+08
103.622,103.622,8.46494,0,0,3.36952,3.42878,0,0.631378,6.16896,4.3421e+06,2.97144e+06,1.46308e+07,0,0,0,0,62.3362,61.308,6.52458,1,1,1.52695,1.5538,0,1.17959,1.69344,9.02378e+06,3.97174e+06,1.37789e+07,0,0,0,1.19558e+08
103.622,103.622,5.70428,0,0,3.47546,3.53658,0,0.631449,6.16896,4.3421e+06,2.97144e+06,1.50908e+07,0,0,0,0,62.3362,61.308,5.56984,1,1,1.57649,1.60422,0,1.17972,1.69344,9.02378e+06,3.97174e+06,1.42259e+07,0,0,0,1.19558e+08
103.622,103.622,6.52065,0,0,3.47581,3.53694,0,0.6513,6.16896,4.3421e+06,2.97144e+06,1.50923e+07,0,0,0,0,62.3362,61.308,8.36742,1,1,1.57665,1.60438,0,1.218,1.69344,9.02378e+06,3.97174e+06,1.42274e+07,0,0,0,1.19558e+08
103.622,103.622,5.68517,0,0,3.47617,3.5373,0,0.651367,6.16896,4.3421e+06,2.97144e+06,1.50939e+07,0,0,0,0,62.3362,61.308,5.14233,1,1,1.57682,1.60455,0,1.21812,1.69344,9.02378e+06,3.97174e+06,1.42288e+07,0,0,0,1.19558e+08
103.622,103.622,4.82026,0,0,3.47653,3.53767,0,0.651435,6.16896,4.3421e+06,2.97144e+06,1.50955e+07,0,0,0,0,62.3362,61.308,4.29855,1,1,1.57698,1.60471,0,1.21825,1.69344,9.02378e+06,3.97174e+06,1.42303e+07,0,0,0,1.19558e+08
103.622,103.622,8.49741,0,0,3.81602,3.88312,0,0.651502,6.16896,4.3421e+06,2.97144e+06,1.65695e+07,0,0,0,0,62.3362,61.308,8.34264,1,1,1.69344,1.79358,0.069139,1.21837,1.69344,9.02378e+06,3.97174e+06,1.52812e+07,0,0,0,1.19558e+08
103.622,103.622,6.87415,0,0,3.81641,3.88352,0,0.715121,6.16896,4.3421e+06,2.97144e+06,1.65712e+07,0,0,0,0,62.3362,61.308,6.58282,1,1,1.69344,1.79376,0.0693206,1.30835,1.69344,9.02378e+06,3.97174e+06,1.52812e+07,0,0,0,1.19558e+08
103.622,103.622,6.06843,0,0,3.8168,3.88392,0,0.715195,6.16896,4.3421e+06,2.97144e+06,1.6573e+07,0,0,0,0,62.3362,61.308,4.9601,1,1,1.69344,1.79395,0.0695022,1.30835,1.69344,9.02378e+06,3.97174e+06,1.52812e+07,0,0,0,1.19558e+08
103.622,103.622,4.76951,0,0,3.81719,3.88433,0,0.715269,6.16896,4.3421e+06,2.97144e+06,1.65747e+07,0,0,0,0,62.3362,61.308,4.51062,1,1,1.69344,1.79413,0.0696837,1.30835,1.69344,9.02378e+06,3.97174e+06,1.52812e+07,0,0,0,1.19558e+08
103.622,103.622,7.10237,0,0,3.33368,3.39231,0,0.715342,6.16896,4.3421e+06,2.97144e+06,1.44752e+07,0,0,0,0,62.3362,61.308,8.03505,1,1,1.51434,1.54097,0,1.30835,1.69344,9.02378e+06,3.97174e+06,1.36651e+07,0,0,0,1.19558e+08
103.622,103.622,6.94319,0,0,3.33403,3.39266,0,0.624732,6.16896,4.3421e+06,2.97144e+06,1.44767e+07,0,0,0,0,62.3362,61.308,8.73736,1,1,1.5145,1.54113,0,1.16998,1.69344,9.02378e+06,3.97174e+06,1.36665e+07,0,0,0,1.19558e+08
103.622,103.622,9.56495,0,0,3.33437,3.39301,0,0.624797,6.16896,4.3421e+06,2.97144e+06,1.44782e+07,0,0,0,0,62.3362,61.308,9.8683,1,1,1.51465,1.54129,0,1.1701,1.69344,9.02378e+06,3.97174e+06,1.36679e+07,0,0,0,1.19558e+08
103.622,103.622,8.33228,0,0,3.33471,3.39336,0,0.624861,6.16896,4.3421e+06,2.97144e+06,1.44797e+07,0,0,0,0,62.3362,61.308,9.19252,1,1,1.51481,1.54145,0,1.17022,1.69344,9.02378e+06,3.97174e+06,1.36693e+07,0,0,0,1.19558e+08
103.622,103.622,13.504,0,0,3.33506,3.39371,0,0.624926,6.16896,4.3421e+06,2.97144e+06,1.44812e+07,0,0,0,0,62.3362,61.308,11.7406,1,1,1.51497,1.54161,0,1.17034,1.69344,9.02378e+06,3.97174e+06,1.36707e+07,0,0,0,1.19558e+08
103.622,103.622,11.0558,0.28,0,3.45727,3.51807,0,0.62499,6.16896,4.3421e+06,2.97144e+06,1.50118e+07,0,0,0,0,62.3362,61.308,11.5792,1,1,1.57606,1.60378,0,1.17046,1.69344,9.02378e+06,3.97174e+06,1.4222e+07,0,0,0,1.19558e+08
103.622,103.622,8.72217,0.66,0,3.2144,3.51843,0,0.647892,6.16896,4.3421e+06,2.97144e+06,1.39573e+07,0,0,0,0,62.3362,61.308,10.6519,1,1,1.46534,1.60394,0,1.21766,1.69344,9.02378e+06,3.97174e+06,1.32229e+07,0,0,0,1.19558e+08
103.622,103.622,6.87283,0.64,0,3.21473,3.5188,0,0.602378,6.16896,4.3421e+06,2.97144e+06,1.39587e+07,0,0,0,0,62.3362,61.308,7.87227,1,1,1.46549,1.60411,0,1.13212,1.69344,9.02378e+06,3.97174e+06,1.32243e+07,0,0,0,1.19558e+08
103.622,103.622,6.39761,0.64,0,3.21506,3.51916,0,0.602441,6.16896,4.3421e+06,2.97144e+06,1.39601e+07,0,0,0,0,62.3362,61.308,7.46893,1,1,1.46564,1.60427,0,1.13224,1.69344,9.02378e+06,3.97174e+06,1.32257e+07,0,0,0,1.19558e+08
103.622,103.622,6.83382,0.63,0,3.17108,3.47101,0,0.602503,6.16896,4.3421e+06,2.97144e+06,1.37691e+07,0,0,0,0,62.3362,61.308,6.20679,1,1,1.44378,1.58034,0,1.13236,1.69344,9.02378e+06,3.97174e+06,1.30284e+07,0,0,0,1.19558e+08
103.622,103.622,6.19519,0.58,0,3.1714,3.47137,0,0.59426,6.16896,4.3421e+06,2.97144e+06,1.37706e+07,0,0,0,0,62.3362,61.308,5.73945,1,1,1.44393,1.58051,0,1.11547,1.69344,9.02378e+06,3.97174e+06,1.30297e+07,0,0,0,1.19558e+08
103.622,103.622,5.57283,0.55,0,3.17173,3.47173,0,0.594321,6.16896,4.3421e+06,2.97144e+06,1.3772e+07,0,0,0,0,62.3362,61.308,5.55631,1,1,1.44408,1.58067,0,1.11558,1.69344,9.02378e+06,3.97174e+06,1.30311e+07,0,0,0,1.19558e+08
103.622,103.622,5.25901,0.48,0,3.17206,3.47208,0,0.594382,6.16896,4.3421e+06,2.97144e+06,1.37734e+07,0,0,0,0,62.3362,61.308,5.39039,1,1,1.44423,1.58083,0,1.1157,1.69344,9.02378e+06,3.97174e+06,1.30324e+07,0,0,0,1.19558e+08
103.622,103.622,4.75095,0.45,0,3.32287,3.63716,0,0.594443,6.16896,4.3421e+06,2.97144e+06,1.44283e+07,0,0,0,0,62.3362,61.308,4.53888,1,1,1.52247,1.66647,0,1.11581,1.69344,9.02378e+06,3.97174e+06,1.37384e+07,0,0,0,1.19558e+08
103.622,103.622,4.37123,0.38,0,3.57467,3.63754,0,0.622706,6.16896,4.3421e+06,2.97144e+06,1.55216e+07,0,0,0,0,62.3362,61.308,3.77447,1,1,1.63784,1.66664,0,1.17626,1.69344,9.02378e+06,3.97174e+06,1.47795e+07,0,0,0,1.19558e+08
103.622,103.622,3.92839,0.36,0,3.57504,3.63791,0,0.669894,6.16896,4.3421e+06,2.97144e+06,1.55232e+07,0,0,0,0,62.3362,61.308,3.75071,1,1,1.63801,1.66681,0,1.2654,1.69344,9.02378e+06,3.97174e+06,1.4781e+07,0,0,0,1.19558e+08
103.622,103.622,3.90545,0.34,0,3.57541,3.63829,0,0.669963,6.16896,4.3421e+06,2.97144e+06,1.55248e+07,0,0,0,0,62.3362,61.308,3.80082,1,1,1.63818,1.66699,0,1.26553,1.69344,9.02378e+06,3.97174e+06,1.47825e+07,0,0,0,1.19558e+08
103.428,103.622,3.19055,0.3,0,3.57578,3.63866,0,0.670032,6.16896,4.3421e+06,2.97144e+06,1.55264e+07,0,0,0,0,62.3362,61.308,3.28951,1,1,1.63835,1.66716,0,1.26566,1.69344,9.02378e+06,3.97174e+06,1.47841e+07,0,0,0,1.19558e+08
102.553,103.622,2.38892,0.29,0,3.54412,3.60644,0,0.670101,6.16896,4.3421e+06,2.97144e+06,1.53889e+07,0,0,0,0,62.3362,61.308,2.923,1,1,1.68471,1.71433,0,1.26579,1.69344,9.02378e+06,3.97174e+06,1.52024e+07,0,0,0,1.19558e+08
101.553,103.622,2.23861,0.26,0,3.54448,3.60682,0,0.664167,6.16896,4.3421e+06,2.97144e+06,1.53905e+07,0,0,0,0,62.3362,61.308,3.01445,1,1,1.68488,1.71451,0,1.3016,1.69344,9.02378e+06,3.97174e+06,1.5204e+07,0,0,0,1.19558e+08
100.517,103.622,2.17175,0.24,0,3.54485,3.60719,0,0.664236,6.16896,4.3421e+06,2.97144e+06,1.53921e+07,0,0,0,0,62.3362,61.308,2.87626,1,1,1.68505,1.71469,0,1.30174,1.69344,9.02378e+06,3.97174e+06,1.52055e+07,0,0,0,1.19558e+08
99.3748,103.622,2.04515,0.23,0,3.54521,3.60756,0,0.664304,6.16896,4.3421e+06,2.97144e+06,1.53937e+07,0,0,0,0,62.3362,61.308,2.68959,1,1,1.68523,1.71486,0,1.30187,1.69344,9.02378e+06,3.97174e+06,1.52071e+07,0,0,0,1.19558e+08
97.8348,103.622,1.61109,0.22,0,3.62832,3.69213,0,0.664373,6.16896,4.3421e+06,2.97144e+06,1.57546e+07,0,0,0,0,62.1351,61.308,2.14723,1,1,1.69344,1.75695,0.033143,1.30201,1.69344,9.02378e+06,3.97174e+06,1.52812e+07,0,0,0,1.19558e+08
96.2793,103.622,1.58595,0.12,0,3.6287,3.69251,0,0.679948,6.16896,4.3421e+06,2.97144e+06,1.57562e+07,0,0,0,0,61.8749,61.308,2.21162,1,1,1.69344,1.75713,0.0333207,1.30835,1.69344,9.02378e+06,3.97174e+06,1.52812e+07,0,0,0,1.19558e+08
94.6563,103.622,1.4751,0.28,0,3.62907,3.69289,0,0.680018,6.16896,4.3421e+06,2.97144e+06,1.57578e+07,0,0,0,0,61.5632,61.308,2.09476,1,1,1.69344,1.75731,0.0334984,1.30835,1.69344,9.02378e+06,3.97174e+06,1.52812e+07,0,0,0,1.19558e+08
92.9503,103.622,1.3612,0.14,0,3.62944,3.69327,0,0.680088,6.16896,4.3421e+06,2.97144e+06,1.57594e+07,0,0,0,0,61.245,61.308,1.96867,1,1,1.69344,1.75749,0.0336761,1.30835,1.69344,9.02378e+06,3.97174e+06,1.52812e+07,0,0,0,1.19558e+08
91.2284,103.622,1.50388,0.14,0,3.87224,3.94033,0,0.680158,6.16896,4.3421e+06,2.97144e+06,1.68137e+07,0,0,0,0,60.9345,61.308,2.21388,1,1,1.69344,1.909,0.182566,1.30835,1.69344,9.02378e+06,3.97174e+06,1.52812e+07,0,0,0,1.19558e+08
89.5735,103.622,1.54904,0,0,3.87263,3.94074,0,0.725657,6.16896,4.3421e+06,2.97144e+06,1.68154e+07,0,0,0,0,60.5619,61.308,2.31807,1,1,1.69344,1.90919,0.18276,1.30835,1.69344,9.02378e+06,3.97174e+06,1.52812e+07,0,0,0,1.19558e+08
87.662,103.622,1.24446,0.12,0,3.87303,3.94115,0,0.725732,6.16896,4.3421e+06,2.97144e+06,1.68171e+07,0,0,0,0,60.0901,61.308,1.67067,1,1,1.69344,1.90939,0.182953,1.30835,1.69344,9.02378e+06,3.97174e+06,1.52812e+07,0,0,0,1.19558e+08
86.035,103.622,1.53555,0,0,3.87343,3.94155,0,0.725806,6.16896,4.3421e+06,2.97144e+06,1.68188e+07,0,0,0,0,59.9759,61.308,2.9154,1,1,1.69344,1.90959,0.183146,1.30835,1.69344,9.02378e+06,3.97174e+06,1.52812e+07,0,0,0,1.19558e+08
84.0069,103.622,1.09542,0,0,3.87383,3.94196,0,0.725881,6.16896,4.3421e+06,2.97144e+06,1.68206e+07,0,0,0,0,59.5978,61.308,2.03795,1,1,1.69344,1.90978,0.183339,1.30835,1.69344,9.02378e+06,3.97174e+06,1.52812e+07,0,0,0,1.19558e+08
81.8654,103.622,0.890795,0,0,3.75602,3.82208,0,0.725956,6.16896,4.3421e+06,2.97144e+06,1.6309e+07,0,0,0,0,59.1268,61.308,2.00342,1,1,1.69344,1.81808,0.0932225,1.30835,1.69344,9.02378e+06,3.97174e+06,1.52812e+07,0,0,0,1.19558e+08
79.7912,103.622,0.949712,0,0,3.75641,3.82247,0,0.703878,6.16896,4.3421e+06,2.97144e+06,1.63107e+07,0,0,0,0,58.6795,61.308,1.93104,1,1,1.69344,1.81827,0.0934063,1.30835,1.69344,9.02378e+06,3.97174e+06,1.52812e+07,0,0,0,1.19558e+08
78.2607,103.622,1.50465,0,0,3.75679,3.82286,0,0.703951,6.16896,4.3421e+06,2.97144e+06,1.63124e+07,0,0,0,0,58.6238,61.308,3.28826,1,1,1.69344,1.81846,0.0935901,1.30835,1.69344,9.02378e+06,3.97174e+06,1.52812e+07,0,0,0,1.19558e+08
76.6352,103.622,1.41833,0,0,3.75718,3.82326,0,0.704023,6.16896,4.3421e+06,2.97144e+06,1.63141e+07,0,0,0,0,58.4892,61.308,2.99831,1,1,1.69344,1.81864,0.093774,1.30835,1.69344,9.02378e+06,3.97174e+06,1.52812e+07,0,0,0,1.19558e+08
75.3961,103.622,1.95903,0,0,3.6605,3.72487,0,0.704096,6.16896,4.3421e+06,2.97144e+06,1.58943e+07,0,0,0,0,58.8197,61.308,2.93928,1,1,1.69344,1.73515,0.0117199,1.30835,1.69344,9.02378e+06,3.97174e+06,1.52812e+07,0,0,0,1.19558e+08
75.0369,103.622,2.7325,0,0,3.66088,3.72526,0,0.685978,6.16896,4.3421e+06,2.97144e+06,1.58959e+07,0,0,0,0,58.9503,61.308,3.02165,1,1,1.69344,1.73533,0.0118953,1.30835,1.69344,9.02378e+06,3.97174e+06,1.52812e+07,0,0,0,1.19558e+08
73.322,103.622,1.21788,0,0,3.66125,3.72564,0,0.686048,6.16896,4.3421e+06,2.97144e+06,1.58975e+07,0,0,0,0,58.7177,61.308,1.96545,1,1,1.69344,1.7355,0.0120706,1.30835,1.69344,9.02378e+06,3.97174e+06,1.52812e+07,0,0,0,1.19558e+08
72.0153,103.622,1.7557,0,0,3.66163,3.72602,0,0.686119,6.16896,4.3421e+06,2.97144e+06,1.58992e+07,0,0,0,0,58.711,61.308,2.50934,1,1,1.69344,1.73568,0.0122461,1.30835,1.69344,9.02378e+06,3.97174e+06,1.52812e+07,0,0,0,1.19558e+08
71.2201,103.622,1.98329,0,0,3.38622,3.44577,0,0.686189,6.16896,4.3421e+06,2.97144e+06,1.47033e+07,0,0,0,0,58.7566,61.308,2.34039,1,1,1.53451,1.5615,0,1.30835,1.69344,9.02378e+06,3.97174e+06,1.38471e+07,0,0,0,1.19558e+08
70.7155,103.622,2.23928,0,0,3.38656,3.44612,0,0.634577,6.16896,4.3421e+06,2.97144e+06,1.47048e+07,0,0,0,0,58.6243,61.308,2.20361,1,1,1.53467,1.56166,0,1.18557,1.69344,9.02378e+06,3.97174e+06,1.38485e+07,0,0,0,1.19558e+08
70.6945,103.622,2.78317,0,0,3.38691,3.44648,0,0.634642,6.16896,4.3421e+06,2.97144e+06,1.47063e+07,0,0,0,0,58.7063,61.308,2.98298,1,1,1.53483,1.56182,0,1.18569,1.69344,9.02378e+06,3.97174e+06,1.385e+07,0,0,0,1.19558e+08
70.3018,103.622,2.39375,0,0,3.38726,3.44683,0,0.634707,6.16896,4.3421e+06,2.97144e+06,1.47078e+07,0,0,0,0,58.5718,61.308,2.02406,1,1,1.53499,1.56198,0,1.18581,1.69344,9.02378e+06,3.97174e+06,1.38514e+07,0,0,0,1.19558e+08
70.3192,103.622,2.79853,0,0,3.38761,3.44718,0,0.634773,6.16896,4.3421e+06,2.97144e+06,1.47094e+07,0,0,0,0,58.9166,61.308,3.12485,1,1,1.53514,1.56214,0,1.18593,1.69344,9.02378e+06,3.97174e+06,1.38528e+07,0,0,0,1.19558e+08
71.8193,103.622,4.56109,0,0,3.49407,3.55552,0,0.634838,6.16896,4.3421e+06,2.97144e+06,1.51716e+07,0,0,0,0,60.0522,61.308,5.22355,1,1,1.58494,1.61281,0,1.18605,1.69344,9.02378e+06,3.97174e+06,1.43021e+07,0,0,0,1.19558e+08
72.0283,103.622,3.15607,0,0,3.4944,3.55585,0,0.65479,6.16896,4.3421e+06,2.97144e+06,1.51731e+07,0,0,0,0,60.3685,61.308,2.93784,1,1,1.58508,1.61296,0,1.22452,1.69344,9.02378e+06,3.97174e+06,1.43035e+07,0,0,0,1.19558e+08
71.8974,103.622,2.89449,0,0,3.49473,3.55619,0,0.654851,6.16896,4.3421e+06,2.97144e+06,1.51745e+07,0,0,0,0,60.2908,61.308,2.62339,1,1,1.58523,1.61311,0,1.22464,1.69344,9.02378e+06,3.97174e+06,1.43048e+07,0,0,0,1.19558e+08
71.3579,103.622,2.31768,0,0,3.49505,3.55652,0,0.654912,6.16896,4.3421e+06,2.97144e+06,1.51759e+07,0,0,0,0,60.2811,61.308,2.07454,1,1,1.58538,1.61326,0,1.22475,1.69344,9.02378e+06,3.97174e+06,1.43061e+07,0,0,0,1.19558e+08
71.1558,103.622,2.94658,0,0,3.83631,3.90378,0,0.654973,6.16896,4.3421e+06,2.97144e+06,1.66577e+07,0,0,0,0,60.6898,61.308,3.20187,1,1,1.69344,1.80312,0.0785132,1.22487,1.69344,9.02378e+06,3.97174e+06,1.52812e+07,0,0,0,1.19558e+08
71.6638,103.622,3.76131,0,0,3.83667,3.90414,0,0.718925,6.16896,4.3421e+06,2.97144e+06,1.66592e+07,0,0,0,0,61.2859,61.308,4.17407,1,1,1.69344,1.80328,0.0786786,1.30835,1.69344,9.02378e+06,3.97174e+06,1.52812e+07,0,0,0,1.19558e+08
72.9844,103.622,4.70894,0,0,3.83703,3.90451,0,0.718992,6.16896,4.3421e+06,2.97144e+06,1.66608e+07,0,0,0,0,61.8082,61.308,4.27719,1,1,1.69344,1.80345,0.078844,1.30835,1.69344,9.02378e+06,3.97174e+06,1.52812e+07,0,0,0,1.19558e+08
74.0838,103.622,4.49327,0,0,3.83739,3.90487,0,0.719059,6.16896,4.3421e+06,2.97144e+06,1.66623e+07,0,0,0,0,62.3362,61.308,4.49547,1,1,1.69344,1.80362,0.0790095,1.30835,1.69344,9.02378e+06,3.97174e+06,1.52812e+07,0,0,0,1.19558e+08
74.3134,103.622,3.24618,0,0,3.35129,3.41022,0,0.719126,6.16896,4.3421e+06,2.97144e+06,1.45516e+07,0,0,0,0,62.3362,61.308,3.27275,1,1,1.52234,1.54911,0,1.30835,1.69344,9.02378e+06,3.97174e+06,1.37372e+07,0,0,0,1.19558e+08
74.8144,103.622,3.59174,0,0,3.3516,3.41054,0,0.628031,6.16896,4.3421e+06,2.97144e+06,1.4553e+07,0,0,0,0,62.3136,61.308,3.11582,1,1,1.52248,1.54925,0,1.17616,1.69344,9.02378e+06,3.97174e+06,1.37385e+07,0,0,0,1.19558e+08
74.9684,103.622,3.14264,0,0,3.35191,3.41086,0,0.628089,6.16896,4.3421e+06,2.97144e+06,1.45543e+07,0,0,0,0,62.3362,61.308,2.72593,1,1,1.52262,1.5494,0,1.17627,1.69344,9.02378e+06,3.97174e+06,1.37398e+07,0,0,0,1.19558e+08
75.3728,103.622,3.3896,0,0,3.35222,3.41118,0,0.628148,6.16896,4.3421e+06,2.97144e+06,1.45557e+07,0,0,0,0,62.3362,61.308,3.05955,1,1,1.52276,1.54954,0,1.17638,1.69344,9.02378e+06,3.97174e+06,1.37411e+07,0,0,0,1.19558e+08
76.0903,103.622,3.81311,0,0,3.35254,3.41149,0,0.628207,6.16896,4.3421e+06,2.97144e+06,1.45571e+07,0,0,0,0,62.3362,61.308,3.72569,1,1,1.52291,1.54969,0,1.17649,1.69344,9.02378e+06,3.97174e+06,1.37424e+07,0,0,0,1.19558e+08
76.9856,103.622,4.07215,0,0,3.47536,3.53647,0,0.628265,6.16896,4.3421e+06,2.97144e+06,1.50904e+07,0,0,0,0,62.3362,61.308,3.33323,1,1,1.5843,1.61217,0,1.1766,1.69344,9.02378e+06,3.97174e+06,1.42964e+07,0,0,0,1.19558e+08
77.5294,103.622,3.7352,0,0,3.47568,3.5368,0,0.651282,6.16896,4.3421e+06,2.97144e+06,1.50918e+07,0,0,0,0,62.3362,61.308,3.49979,1,1,1.58445,1.61232,0,1.22403,1.69344,9.02378e+06,3.97174e+06,1.42977e+07,0,0,0,1.19558e+08
77.8401,103.622,3.53776,0,0,3.476,3.53713,0,0.651342,6.16896,4.3421e+06,2.97144e+06,1.50932e+07,0,0,0,0,62.3362,61.308,3.98492,1,1,1.5846,1.61247,0,1.22415,1.69344,9.02378e+06,3.97174e+06,1.42991e+07,0,0,0,1.19558e+08
78.3023,103.622,3.55629,0,0,3.47633,3.53746,0,0.651403,6.16896,4.3421e+06,2.97144e+06,1.50946e+07,0,0,0,0,62.3362,61.308,2.85074,1,1,1.58475,1.61262,0,1.22426,1.69344,9.02378e+06,3.97174e+06,1.43004e+07,0,0,0,1.19558e+08
78.0283,103.622,2.73477,0,0,3.42874,3.48903,0,0.651464,6.16896,4.3421e+06,2.97144e+06,1.48879e+07,0,0,0,0,62.3362,61.308,3.42819,1,1,1.5611,1.58855,0,1.22438,1.69344,9.02378e+06,3.97174e+06,1.4087e+07,0,0,0,1.19558e+08
77.5322,103.622,2.47991,0,0,3.42906,3.48936,0,0.642545,6.16896,4.3421e+06,2.97144e+06,1.48893e+07,0,0,0,0,62.3362,61.308,2.97712,1,1,1.56124,1.5887,0,1.2061,1.69344,9.02378e+06,3.97174e+06,1.40883e+07,0,0,0,1.19558e+08
77.4164,103.622,2.91593,0,0,3.42938,3.48969,0,0.642605,6.16896,4.3421e+06,2.97144e+06,1.48907e+07,0,0,0,0,62.3362,61.308,2.90218,1,1,1.56139,1.58885,0,1.20622,1.69344,9.02378e+06,3.97174e+06,1.40896e+07,0,0,0,1.19558e+08
76.8463,103.622,2.31814,0,0,3.4297,3.49001,0,0.642665,6.16896,4.3421e+06,2.97144e+06,1.48921e+07,0,0,0,0,62.3362,61.308,2.87804,1,1,1.56153,1.58899,0,1.20633,1.69344,9.02378e+06,3.97174e+06,1.40909e+07,0,0,0,1.19558e+08
76.0206,103.622,2.06274,0,0,3.59273,3.65591,0,0.642725,6.16896,4.3421e+06,2.97144e+06,1.56e+07,0,0,0,0,62.3362,61.308,2.57868,1,1,1.64611,1.67506,0,1.20644,1.69344,9.02378e+06,3.97174e+06,1.48541e+07,0,0,0,1.19558e+08
75.0042,103.622,1.8511,0,0,3.59306,3.65625,0,0.673277,6.16896,4.3421e+06,2.97144e+06,1.56014e+07,0,0,0,0,62.2495,61.308,2.41583,1,1,1.64626,1.67522,0,1.27179,1.69344,9.02378e+06,3.97174e+06,1.48555e+07,0,0,0,1.19558e+08
73.9121,103.622,1.73656,0,0,3.5934,3.65659,0,0.67334,6.16896,4.3421e+06,2.97144e+06,1.56029e+07,0,0,0,0,62.1134,61.308,2.23257,1,1,1.64642,1.67537,0,1.2719,1.69344,9.02378e+06,3.97174e+06,1.48569e+07,0,0,0,1.19558e+08
72.7188,103.622,1.59345,0,0,3.59373,3.65693,0,0.673402,6.16896,4.3421e+06,2.97144e+06,1.56044e+07,0,0,0,0,61.9133,61.308,2.02267,1,1,1.64657,1.67553,0,1.27202,1.69344,9.02378e+06,3.97174e+06,1.48583e+07,0,0,0,1.19558e+08
71.5698,103.622,1.56001,0,0,3.59407,3.65727,0,0.673465,6.16896,4.3421e+06,2.97144e+06,1.56058e+07,0,0,0,0,61.636,61.308,1.99444,1,1,1.64673,1.67569,0,1.27214,1.69344,9.02378e+06,3.97174e+06,1.48597e+07,0,0,0,1.19558e+08
70.5116,103.622,1.57807,0,0,3.56221,3.62486,0,0.673528,6.16896,4.3421e+06,2.97144e+06,1.54675e+07,0,0,0,0,61.2285,61.308,1.90965,1,1,1.69331,1.72309,0,1.27226,1.69344,9.02378e+06,3.97174e+06,1.528e+07,0,0,0,1.19558e+08
69.3588,103.622,1.44501,0,0,3.56254,3.62519,0,0.667558,6.16896,4.3421e+06,2.97144e+06,1.54689e+07,0,0,0,0,60.6528,61.308,1.83811,1,1,1.69344,1.72325,2.42052e-05,1.30825,1.69344,9.02378e+06,3.97174e+06,1.52812e+07,0,0,0,1.19558e+08
68.1706,103.622,1.37176,0,0,3.56287,3.62553,0,0.66762,6.16896,4.3421e+06,2.97144e+06,1.54704e+07,0,0,0,0,59.9778,61.308,1.64133,1,1,1.69344,1.72341,0.000182122,1.30835,1.69344,9.02378e+06,3.97174e+06,1.52812e+07,0,0,0,1.19558e+08
66.9734,103.622,1.32375,0,0,3.56321,3.62587,0,0.667683,6.16896,4.3421e+06,2.97144e+06,1.54718e+07,0,0,0,0,59.2859,61.308,1.56356,1,1,1.69344,1.72357,0.000340156,1.30835,1.69344,9.02378e+06,3.97174e+06,1.52812e+07,0,0,0,1.19558e+08
65.7487,103.622,1.27737,0,0,3.6467,3.71084,0,0.667745,6.16896,4.3421e+06,2.97144e+06,1.58344e+07,0,0,0,0,58.7557,61.308,1.62061,1,1,1.69344,1.76585,0.0418904,1.30835,1.69344,9.02378e+06,3.97174e+06,1.52812e+07,0,0,0,1.19558e+08
64.552,103.622,1.30329,0,0,3.64704,3.71118,0,0.683392,6.16896,4.3421e+06,2.97144e+06,1.58359e+07,0,0,0,0,58.2111,61.308,1.71164,1,1,1.69344,1.76601,0.0420523,1.30835,1.69344,9.02378e+06,3.97174e+06,1.52812e+07,0,0,0,1.19558e+08
63.3168,103.622,1.20438,0,0,3.64739,3.71153,0,0.683456,6.16896,4.3421e+06,2.97144e+06,1.58373e+07,0,0,0,0,57.4504,61.308,1.65358,1,1,1.69344,1.76618,0.0422142,1.30835,1.69344,9.02378e+06,3.97174e+06,1.52812e+07,0,0,0,1.19558e+08
62.023,103.622,1.09841,0,0,3.64773,3.71187,0,0.68352,6.16896,4.3421e+06,2.97144e+06,1.58388e+07,0,0,0,0,56.9258,61.308,1.44822,1,1,1.69344,1.76634,0.0423761,1.30835,1.69344,9.02378e+06,3.97174e+06,1.52812e+07,0,0,0,1.19558e+08
60.6969,103.622,1.17797,0,0,3.8917,3.96014,0,0.683584,6.16896,4.3421e+06,2.97144e+06,1.68982e+07,0,0,0,0,56.2856,61.308,1.88107,1,1,1.69344,1.9186,0.191998,1.30835,1.69344,9.02378e+06,3.97174e+06,1.52812e+07,0,0,0,1.19558e+08
59.1843,103.622,0.933457,0,0,3.89207,3.96051,0,0.729305,6.16896,4.3421e+06,2.97144e+06,1.68998e+07,0,0,0,0,55.696,61.308,1.48868,1,1,1.69344,1.91877,0.192174,1.30835,1.69344,9.02378e+06,3.97174e+06,1.52812e+07,0,0,0,1.19558e+08
57.8872,103.622,1.13211,0,0,3.89243,3.96088,0,0.729373,6.16896,4.3421e+06,2.97144e+06,1.69013e+07,0,0,0,0,55.0825,61.308,1.58174,1,1,1.69344,1.91895,0.19235,1.30835,1.69344,9.02378e+06,3.97174e+06,1.52812e+07,0,0,0,1.19558e+08
56.5101,103.622,0.98108,0,0,3.89279,3.96125,0,0.729441,6.16896,4.3421e+06,2.97144e+06,1.69029e+07,0,0,0,0,54.5489,61.308,1.54686,1,1,1.69344,1.91913,0.192526,1.30835,1.69344,9.02378e+06,3.97174e+06,1.52812e+07,0,0,0,1.19558e+08
55.1364,103.622,0.975235,0,0,3.89316,3.96162,0,0.729509,6.16896,4.3421e+06,2.97144e+06,1.69045e+07,0,0,0,0,54.1213,61.308,1.64457,1,1,1.69344,1.91931,0.192702,1.30835,1.69344,9.02378e+06,3.97174e+06,1.52812e+07,0,0,0,1.19558e+08
55.0691,103.622,2.49499,0,0,3.77472,3.84111,0,0.729577,6.16896,4.3421e+06,2.97144e+06,1.63902e+07,0,0,0,0,54.2986,61.308,3.22597,1,1,1.69344,1.82714,0.102119,1.30835,1.69344,9.02378e+06,3.97174e+06,1.52812e+07,0,0,0,1.19558e+08
54.9475,103.622,2.48336,0,0,3.77508,3.84146,0,0.707383,6.16896,4.3421e+06,2.97144e+06,1.63918e+07,0,0,0,0,54.5067,61.308,3.23173,1,1,1.69344,1.82731,0.102286,1.30835,1.69344,9.02378e+06,3.97174e+06,1.52812e+07,0,0,0,1.19558e+08
54.4519,103.622,1.94609,0,0,3.77543,3.84182,0,0.707449,6.16896,4.3421e+06,2.97144e+06,1.63933e+07,0,0,0,0,54.6261,61.308,3.17702,1,1,1.69344,1.82748,0.102454,1.30835,1.69344,9.02378e+06,3.97174e+06,1.52812e+07,0,0,0,1.19558e+08
53.9724,103.622,1.92207,0,0,3.77578,3.84218,0,0.707515,6.16896,4.3421e+06,2.97144e+06,1.63948e+07,0,0,0,0,54.8168,61.308,3.16024,1,1,1.69344,1.82765,0.102621,1.30835,1.69344,9.02378e+06,3.97174e+06,1.52812e+07,0,0,0,1.19558e+08
54.7277,103.622,3.27148,0,0,3.67858,3.74328,0,0.707581,6.16896,4.3421e+06,2.97144e+06,1.59728e+07,0,0,0,0,55.2609,61.308,3.13305,1,1,1.69344,1.74372,0.0201441,1.30835,1.69344,9.02378e+06,3.97174e+06,1.52812e+07,0,0,0,1.19558e+08
55.5689,103.622,3.43777,0,0,3.67893,3.74363,0,0.689367,6.16896,4.3421e+06,2.97144e+06,1.59743e+07,0,0,0,0,55.556,61.308,3.30642,1,1,1.69344,1.74388,0.0203039,1.30835,1.69344,9.02378e+06,3.97174e+06,1.52812e+07,0,0,0,1.19558e+08
57.9933,103.622,5.27428,0,0,3.67927,3.74398,0,0.689431,6.16896,4.3421e+06,2.97144e+06,1.59758e+07,0,0,0,0,56.3816,61.308,4.4953,1,1,1.69344,1.74404,0.0204637,1.30835,1.69344,9.02378e+06,3.97174e+06,1.52812e+07,0,0,0,1.19558e+08
59.8924,103.622,4.83496,0,0,3.67961,3.74432,0,0.689495,6.16896,4.3421e+06,2.97144e+06,1.59773e+07,0,0,0,0,57.4649,61.308,4.81866,1,1,1.69344,1.74421,0.0206235,1.30835,1.69344,9.02378e+06,3.97174e+06,1.52812e+07,0,0,0,1.19558e+08
61.3382,103.622,4.26674,0,0,3.40281,3.46266,0,0.68956,6.16896,4.3421e+06,2.97144e+06,1.47754e+07,0,0,0,0,58.0878,61.308,3.90558,1,1,1.54204,1.56915,0,1.30835,1.69344,9.02378e+06,3.97174e+06,1.3915e+07,0,0,0,1.19558e+08
61.8658,103.622,3.12634,0,0,3.40313,3.46298,0,0.637687,6.16896,4.3421e+06,2.97144e+06,1.47768e+07,0,0,0,0,58.2426,61.308,2.89033,1,1,1.54218,1.5693,0,1.19138,1.69344,9.02378e+06,3.97174e+06,1.39163e+07,0,0,0,1.19558e+08
63.8394,103.622,4.65147,0,0,3.40345,3.4633,0,0.637747,6.16896,4.3421e+06,2.97144e+06,1.47781e+07,0,0,0,0,58.5192,61.308,3.24922,1,1,1.54232,1.56945,0,1.19149,1.69344,9.02378e+06,3.97174e+06,1.39176e+07,0,0,0,1.19558e+08
71.8932,103.622,11.5197,0,0,3.40377,3.46363,0,0.637806,6.16896,4.3421e+06,2.97144e+06,1.47795e+07,0,0,0,0,60.9688,61.308,8.40778,1,1,1.54247,1.56959,0,1.1916,1.69344,9.02378e+06,3.97174e+06,1.39189e+07,0,0,0,1.19558e+08
78.0434,103.622,10.065,0,0,3.40408,3.46395,0,0.637866,6.16896,4.3421e+06,2.97144e+06,1.47809e+07,0,0,0,0,62.3362,61.308,7.01495,1,1,1.54261,1.56974,0,1.19171,1.69344,9.02378e+06,3.97174e+06,1.39202e+07,0,0,0,1.19558e+08
85.5041,103.622,11.6797,0,0,3.51103,3.57278,0,0.637925,6.16896,4.3421e+06,2.97144e+06,1.52453e+07,0,0,0,0,62.3362,61.308,9.53224,1,1,1.59263,1.62064,0,1.19182,1.69344,9.02378e+06,3.97174e+06,1.43715e+07,0,0,0,1.19558e+08
92.5764,103.622,11.1322,0,0,3.51133,3.57308,0,0.657968,6.16896,4.3421e+06,2.97144e+06,1.52466e+07,0,0,0,0,62.3362,61.308,7.16487,1,1,1.59276,1.62077,0,1.23047,1.69344,9.02378e+06,3.97174e+06,1.43727e+07,0,0,0,1.19558e+08
97.4379,103.622,8.77468,0,0,3.51162,3.57338,0,0.658023,6.16896,4.3421e+06,2.97144e+06,1.52478e+07,0,0,0,0,62.3362,61.308,5.85292,1,1,1.5929,1.62091,0,1.23057,1.69344,9.02378e+06,3.97174e+06,1.43739e+07,0,0,0,1.19558e+08
101.742,103.622,8.15842,0,0,3.51192,3.57368,0,0.658078,6.16896,4.3421e+06,2.97144e+06,1.52491e+07,0,0,0,0,62.3362,61.308,5.91689,1,1,1.59303,1.62105,0,1.23067,1.69344,9.02378e+06,3.97174e+06,1.43751e+07,0,0,0,1.19558e+08
103.622,103.622,7.03318,0,0,3.85478,3.92257,0,0.658133,6.16896,4.3421e+06,2.97144e+06,1.67379e+07,0,0,0,0,62.3362,61.308,5.41356,1,1,1.69344,1.8118,0.0870455,1.23077,1.69344,9.02378e+06,3.97174e+06,1.52812e+07,0,0,0,1.19558e+08
103.622,103.622,6.61621,0,0,3.85511,3.9229,0,0.722386,6.16896,4.3421e+06,2.97144e+06,1.67393e+07,0,0,0,0,62.3362,61.308,3.86821,1,1,1.69344,1.81195,0.0871947,1.30835,1.69344,9.02378e+06,3.97174e+06,1.52812e+07,0,0,0,1.19558e+08
103.622,103.622,5.56523,0,0,3.85543,3.92323,0,0.722447,6.16896,4.3421e+06,2.97144e+06,1.67407e+07,0,0,0,0,62.3362,61.308,4.30358,1,1,1.69344,1.8121,0.087344,1.30835,1.69344,9.02378e+06,3.97174e+06,1.52812e+07,0,0,0,1.19558e+08
103.622,103.622,10.5427,0,0,3.85575,3.92356,0,0.722508,6.16896,4.3421e+06,2.97144e+06,1.67421e+07,0,0,0,0,62.3362,61.308,8.10923,1,1,1.69344,1.81225,0.0874932,1.30835,1.69344,9.02378e+06,3.97174e+06,1.52812e+07,0,0,0,1.19558e+08
103.622,103.622,10.189,0,0,3.36729,3.42651,0,0.722568,6.16896,4.3421e+06,2.97144e+06,1.46211e+07,0,0,0,0,62.3362,61.308,9.17748,1,1,1.52961,1.55651,0,1.30835,1.69344,9.02378e+06,3.97174e+06,1.38029e+07,0,0,0,1.19558e+08
103.622,103.622,7.23428,0,0,3.36758,3.4268,0,0.631031,6.16896,4.3421e+06,2.97144e+06,1.46224e+07,0,0,0,0,62.3362,61.308,5.3514,1,1,1.52974,1.55664,0,1.18178,1.69344,9.02378e+06,3.97174e+06,1.3804e+07,0,0,0,1.19558e+08
103.622,103.622,10.4572,0,0,3.36786,3.42709,0,0.631084,6.16896,4.3421e+06,2.97144e+06,1.46236e+07,0,0,0,0,62.3362,61.308,8.69778,1,1,1.52987,1.55677,0,1.18188,1.69344,9.02378e+06,3.97174e+06,1.38052e+07,0,0,0,1.19558e+08
103.622,103.622,9.41563,0.33,0,3.36814,3.42737,0,0.631137,6.16896,4.3421e+06,2.97144e+06,1.46248e+07,0,0,0,0,62.3362,61.308,9.21307,1,1,1.52999,1.5569,0,1.18197,1.69344,9.02378e+06,3.97174e+06,1.38063e+07,0,0,0,1.19558e+08
103.622,103.622,7.74101,0.65,0,3.13147,3.42766,0,0.63119,6.16896,4.3421e+06,2.97144e+06,1.35972e+07,0,0,0,0,62.3362,61.308,6.20435,1,1,1.42249,1.55703,0,1.18207,1.69344,9.02378e+06,3.97174e+06,1.28362e+07,0,0,0,1.19558e+08
103.622,103.622,10.6799,0.65,0,3.24616,3.5532,0,0.586838,6.16896,4.3421e+06,2.97144e+06,1.40952e+07,0,0,0,0,62.3362,61.308,8.37884,1,1,1.47982,1.61979,0,1.09901,1.69344,9.02378e+06,3.97174e+06,1.33536e+07,0,0,0,1.19558e+08
103.622,103.622,8.85185,0.67,0,3.24643,3.5535,0,0.608331,6.16896,4.3421e+06,2.97144e+06,1.40964e+07,0,0,0,0,62.3362,61.308,7.65447,1,1,1.47995,1.61993,0,1.14331,1.69344,9.02378e+06,3.97174e+06,1.33547e+07,0,0,0,1.19558e+08
103.622,103.622,8.84537,0.65,0,3.2467,3.55379,0,0.608381,6.16896,4.3421e+06,2.97144e+06,1.40975e+07,0,0,0,0,62.3362,61.308,7.58604,1,1,1.48007,1.62006,0,1.14341,1.69344,9.02378e+06,3.97174e+06,1.33558e+07,0,0,0,1.19558e+08
103.622,103.622,9.07505,0.64,0,3.24698,3.55409,0,0.608432,6.16896,4.3421e+06,2.97144e+06,1.40987e+07,0,0,0,0,62.3362,61.308,7.39024,1,1,1.48019,1.6202,0,1.1435,1.69344,9.02378e+06,3.97174e+06,1.33569e+07,0,0,0,1.19558e+08
103.622,103.622,6.88117,0.64,0,3.20249,3.5054,0,0.608483,6.16896,4.3421e+06,2.97144e+06,1.39056e+07,0,0,0,0,62.3362,61.308,5.08486,1,1,1.45809,1.596,0,1.1436,1.69344,9.02378e+06,3.97174e+06,1.31575e+07,0,0,0,1.19558e+08
103.622,103.622,6.17817,0.6,0,3.20276,3.50569,0,0.600147,6.16896,4.3421e+06,2.97144e+06,1.39067e+07,0,0,0,0,62.3362,61.308,4.08978,1,1,1.45821,1.59613,0,1.12652,1.69344,9.02378e+06,3.97174e+06,1.31586e+07,0,0,0,1.19558e+08
103.622,103.622,5.66194,0.57,0,3.20303,3.50599,0,0.600198,6.16896,4.3421e+06,2.97144e+06,1.39079e+07,0,0,0,0,62.3362,61.308,3.87056,1,1,1.45833,1.59627,0,1.12661,1.69344,9.02378e+06,3.97174e+06,1.31597e+07,0,0,0,1.19558e+08
103.622,103.622,5.21316,0.5,0,3.2033,3.50628,0,0.600248,6.16896,4.3421e+06,2.97144e+06,1.39091e+07,0,0,0,0,62.3362,61.308,3.72389,1,1,1.45845,1.5964,0,1.12671,1.69344,9.02378e+06,3.97174e+06,1.31608e+07,0,0,0,1.19558e+08
103.622,103.622,4.89617,0.46,0,3.35553,3.67292,0,0.600298,6.16896,4.3421e+06,2.97144e+06,1.45701e+07,0,0,0,0,62.3362,61.308,3.20211,1,1,1.53744,1.68285,0,1.1268,1.69344,9.02378e+06,3.97174e+06,1.38735e+07,0,0,0,1.19558e+08
103.622,103.622,4.58797,0.4,0,3.35582,3.67322,0,0.628827,6.16896,4.3421e+06,2.97144e+06,1.45713e+07,0,0,0,0,62.3362,61.308,3.13445,1,1,1.53756,1.68299,0,1.18782,1.69344,9.02378e+06,3.97174e+06,1.38746e+07,0,0,0,1.19558e+08
103.622,103.622,4.41277,0.38,0,3.61005,3.67353,0,0.62888,6.16896,4.3421e+06,2.97144e+06,1.56752e+07,0,0,0,0,62.2454,61.308,3.0156,1,1,1.65405,1.68314,0,1.18792,1.69344,9.02378e+06,3.97174e+06,1.49258e+07,0,0,0,1.19558e+08
103.622,103.622,3.96329,0.34,0,3.61035,3.67384,0,0.676523,6.16896,4.3421e+06,2.97144e+06,1.56765e+07,0,0,0,0,62.011,61.308,2.51904,1,1,1.65419,1.68328,0,1.27792,1.69344,9.02378e+06,3.97174e+06,1.4927e+07,0,0,0,1.19558e+08
103.622,103.622,3.71933,0.31,0,3.61065,3.67415,0,0.676579,6.16896,4.3421e+06,2.97144e+06,1.56778e+07,0,0,0,0,61.6709,61.308,2.29138,1,1,1.65432,1.68342,0,1.27802,1.69344,9.02378e+06,3.97174e+06,1.49283e+07,0,0,0,1.19558e+08
103.35,103.622,3.00109,0.27,0,3.57861,3.64155,0,0.676636,6.16896,4.3421e+06,2.97144e+06,1.55387e+07,0,0,0,0,61.3185,61.308,2.15445,1,1,1.69344,1.73102,0.00766326,1.27813,1.69344,9.02378e+06,3.97174e+06,1.52812e+07,0,0,0,1.19558e+08
102.911,103.622,2.83425,0.24,0,3.57891,3.64185,0,0.670632,6.16896,4.3421e+06,2.97144e+06,1.554e+07,0,0,0,0,60.9389,61.308,2.03061,1,1,1.69344,1.73116,0.00780583,1.30835,1.69344,9.02378e+06,3.97174e+06,1.52812e+07,0,0,0,1.19558e+08
102.249,103.622,2.59708,0.24,0,3.57921,3.64216,0,0.670688,6.16896,4.3421e+06,2.97144e+06,1.55413e+07,0,0,0,0,60.5467,61.308,1.99797,1,1,1.69344,1.73131,0.00794829,1.30835,1.69344,9.02378e+06,3.97174e+06,1.52812e+07,0,0,0,1.19558e+08
101.383,103.622,2.36297,0.23,0,3.57951,3.64246,0,0.670744,6.16896,4.3421e+06,2.97144e+06,1.55426e+07,0,0,0,0,60.0938,61.308,1.79918,1,1,1.69344,1.73145,0.00809086,1.30835,1.69344,9.02378e+06,3.97174e+06,1.52812e+07,0,0,0,1.19558e+08
100.362,103.622,2.19848,0.21,0,3.66336,3.72778,0,0.6708,6.16896,4.3421e+06,2.97144e+06,1.59067e+07,0,0,0,0,59.6011,61.308,1.75232,1,1,1.69344,1.77391,0.0498147,1.30835,1.69344,9.02378e+06,3.97174e+06,1.52812e+07,0,0,0,1.19558e+08
99.6513,103.622,2.54982,0.21,0,3.66366,3.72809,0,0.686513,6.16896,4.3421e+06,2.97144e+06,1.5908e+07,0,0,0,0,59.2895,61.308,2.21512,1,1,1.69344,1.77406,0.0499608,1.30835,1.69344,9.02378e+06,3.97174e+06,1.52812e+07,0,0,0,1.19558e+08
98.7479,103.622,2.30529,0.21,0,3.66397,3.72841,0,0.686571,6.16896,4.3421e+06,2.97144e+06,1.59093e+07,0,0,0,0,58.8599,61.308,2.12977,1,1,1.69344,1.77421,0.0501067,1.30835,1.69344,9.02378e+06,3.97174e+06,1.52812e+07,0,0,0,1.19558e+08
97.6708,103.622,2.0975,0.21,0,3.66428,3.72872,0,0.686628,6.16896,4.3421e+06,2.97144e+06,1.59107e+07,0,0,0,0,58.3928,61.308,1.84647,1,1,1.69344,1.77436,0.0502528,1.30835,1.69344,9.02378e+06,3.97174e+06,1.52812e+07,0,0,0,1.19558e+08
96.5736,103.622,2.23662,0.21,0,3.90933,3.97808,0,0.686686,6.16896,4.3421e+06,2.97144e+06,1.69747e+07,0,0,0,0,57.9737,61.308,2.14309,1,1,1.69344,1.92728,0.200536,1.30835,1.69344,9.02378e+06,3.97174e+06,1.52812e+07,0,0,0,1.19558e+08
95.683,103.622,2.3779,0.28,0,3.90965,3.97841,0,0.732608,6.16896,4.3421e+06,2.97144e+06,1.69761e+07,0,0,0,0,57.4525,61.308,2.02371,1,1,1.69344,1.92745,0.200695,1.30835,1.69344,9.02378e+06,3.97174e+06,1.52812e+07,0,0,0,1.19558e+08
94.3818,103.622,1.95287,0.28,0,3.90998,3.97874,0,0.732669,6.16896,4.3421e+06,2.97144e+06,1.69776e+07,0,0,0,0,56.9,61.308,1.61434,1,1,1.69344,1.92761,0.200853,1.30835,1.69344,9.02378e+06,3.97174e+06,1.52812e+07,0,0,0,1.19558e+08
93.4143,103.622,2.28884,0.28,0,3.91031,3.97908,0,0.732731,6.16896,4.3421e+06,2.97144e+06,1.6979e+07,0,0,0,0,56.5851,61.308,2.43838,1,1,1.69344,1.92777,0.201012,1.30835,1.69344,9.02378e+06,3.97174e+06,1.52812e+07,0,0,0,1.19558e+08
92.1227,103.622,1.95054,0.29,0,3.91064,3.97941,0,0.732792,6.16896,4.3421e+06,2.97144e+06,1.69804e+07,0,0,0,0,56.1085,61.308,1.88608,1,1,1.69344,1.92793,0.20117,1.30835,1.69344,9.02378e+06,3.97174e+06,1.52812e+07,0,0,0,1.19558e+08
91.4678,103.622,2.50505,0.29,0,3.79164,3.85832,0,0.732853,6.16896,4.3421e+06,2.97144e+06,1.64637e+07,0,0,0,0,55.6424,61.308,1.74503,1,1,1.69344,1.83532,0.110164,1.30835,1.69344,9.02378e+06,3.97174e+06,1.52812e+07,0,0,0,1.19558e+08
91.1186,103.622,2.90651,0.28,0,3.79195,3.85864,0,0.710553,6.16896,4.3421e+06,2.97144e+06,1.64651e+07,0,0,0,0,55.3707,61.308,2.22367,1,1,1.69344,1.83548,0.110315,1.30835,1.69344,9.02378e+06,3.97174e+06,1.52812e+07,0,0,0,1.19558e+08
90.6659,103.622,2.83209,0.27,0,3.79227,3.85896,0,0.710612,6.16896,4.3421e+06,2.97144e+06,1.64664e+07,0,0,0,0,55.0862,61.308,2.16872,1,1,1.69344,1.83563,0.110466,1.30835,1.69344,9.02378e+06,3.97174e+06,1.52812e+07,0,0,0,1.19558e+08
90.5773,103.622,3.44855,0.25,0,3.79259,3.85929,0,0.710672,6.16896,4.3421e+06,2.97144e+06,1.64678e+07,0,0,0,0,55.0029,61.308,2.79967,1,1,1.69344,1.83578,0.110617,1.30835,1.69344,9.02378e+06,3.97174e+06,1.52812e+07,0,0,0,1.19558e+08
89.7552,103.622,2.56326,0.27,0,3.69493,3.75991,0,0.710731,6.16896,4.3421e+06,2.97144e+06,1.60438e+07,0,0,0,0,54.8604,61.308,1.93636,1,1,1.69344,1.75147,0.0277563,1.30835,1.69344,9.02378e+06,3.97174e+06,1.52812e+07,0,0,0,1.19558e+08
89.8505,103.622,3.57436,0.34,0,3.69524,3.76022,0,0.692429,6.16896,4.3421e+06,2.97144e+06,1.60451e+07,0,0,0,0,55.4556,61.308,3.48021,1,1,1.69344,1.75161,0.0279004,1.30835,1.69344,9.02378e+06,3.97174e+06,1.52812e+07,0,0,0,1.19558e+08
88.7958,103.622,2.3528,0.16,0,3.69555,3.76054,0,0.692487,6.16896,4.3421e+06,2.97144e+06,1.60464e+07,0,0,0,0,55.808,61.308,3.06417,1,1,1.69344,1.75176,0.0280445,1.30835,1.69344,9.02378e+06,3.97174e+06,1.52812e+07,0,0,0,1.19558e+08
88.9819,103.622,3.88687,0.24,0,3.69585,3.76085,0,0.692545,6.16896,4.3421e+06,2.97144e+06,1.60478e+07,0,0,0,0,56.0711,61.308,2.8584,1,1,1.69344,1.75191,0.0281887,1.30835,1.69344,9.02378e+06,3.97174e+06,1.52812e+07,0,0,0,1.19558e+08
91.5255,103.622,6.12772,0.17,0,3.4178,3.47791,0,0.692603,6.16896,4.3421e+06,2.97144e+06,1.48404e+07,0,0,0,0,56.738,61.308,4.09979,1,1,1.54883,1.57606,0,1.30835,1.69344,9.02378e+06,3.97174e+06,1.39763e+07,0,0,0,1.19558e+08
91.7206,103.622,3.72208,0.12,0,3.41809,3.4782,0,0.640496,6.16896,4.3421e+06,2.97144e+06,1.48417e+07,0,0,0,0,58.3826,61.308,6.27464,1,1,1.54896,1.5762,0,1.19662,1.69344,9.02378e+06,3.97174e+06,1.39774e+07,0,0,0,1.19558e+08
90.6593,103.622,2.36816,0,0,3.41837,3.47849,0,0.640549,6.16896,4.3421e+06,2.97144e+06,1.48429e+07,0,0,0,0,59.2377,61.308,4.72795,1,1,1.54909,1.57633,0,1.19672,1.69344,9.02378e+06,3.97174e+06,1.39786e+07,0,0,0,1.19558e+08
89.1197,103.622,1.77797,0,0,3.41866,3.47878,0,0.640603,6.16896,4.3421e+06,2.97144e+06,1.48442e+07,0,0,0,0,59.4234,61.308,2.81886,1,1,1.54922,1.57646,0,1.19682,1.69344,9.02378e+06,3.97174e+06,1.39798e+07,0,0,0,1.19558e+08
88.384,103.622,2.72803,0,0,3.41895,3.47907,0,0.640657,6.16896,4.3421e+06,2.97144e+06,1.48454e+07,0,0,0,0,60.2037,61.308,4.45846,1,1,1.54935,1.57659,0,1.19692,1.69344,9.02378e+06,3.97174e+06,1.39809e+07,0,0,0,1.19558e+08
93.0785,103.622,8.60476,0,0,3.52633,3.58834,0,0.64071,6.16896,4.3421e+06,2.97144e+06,1.53117e+07,0,0,0,0,61.2724,61.308,5.51465,1,1,1.59957,1.6277,0,1.19702,1.69344,9.02378e+06,3.97174e+06,1.44341e+07,0,0,0,1.19558e+08
98.2017,103.622,9.33636,0,0,3.52659,3.58861,0,0.660834,6.16896,4.3421e+06,2.97144e+06,1.53128e+07,0,0,0,0,62.3362,61.308,6.39635,1,1,1.59969,1.62782,0,1.23583,1.69344,9.02378e+06,3.97174e+06,1.44352e+07,0,0,0,1.19558e+08
102.621,103.622,8.76663,0,0,3.52685,3.58888,0,0.660883,6.16896,4.3421e+06,2.97144e+06,1.5314e+07,0,0,0,0,62.3362,61.308,6.45764,1,1,1.59981,1.62794,0,1.23592,1.69344,9.02378e+06,3.97174e+06,1.44363e+07,0,0,0,1.19558e+08
103.622,103.622,11.7298,0,0,3.52711,3.58914,0,0.660932,6.16896,4.3421e+06,2.97144e+06,1.53151e+07,0,0,0,0,62.3362,61.308,6.13507,1,1,1.59992,1.62806,0,1.23601,1.69344,9.02378e+06,3.97174e+06,1.44374e+07,0,0,0,1.19558e+08
103.622,103.622,11.9333,0.28,0,3.87143,3.93951,0,0.660981,6.16896,4.3421e+06,2.97144e+06,1.68102e+07,0,0,0,0,62.3362,61.308,8.51855,1,1,1.69344,1.81962,0.094734,1.2361,1.69344,9.02378e+06,3.97174e+06,1.52812e+07,0,0,0,1.19558e+08
103.622,103.622,8.78256,0.37,0,3.87172,3.93981,0,0.725506,6.16896,4.3421e+06,2.97144e+06,1.68114e+07,0,0,0,0,62.3362,61.308,5.08648,1,1,1.69344,1.81976,0.0948669,1.30835,1.69344,9.02378e+06,3.97174e+06,1.52812e+07,0,0,0,1.19558e+08
103.622,103.622,7.21064,0.38,0,3.872,3.9401,0,0.72556,6.16896,4.3421e+06,2.97144e+06,1.68127e+07,0,0,0,0,62.3362,61.308,4.27066,1,1,1.69344,1.81989,0.0949999,1.30835,1.69344,9.02378e+06,3.97174e+06,1.52812e+07,0,0,0,1.19558e+08
103.622,103.622,7.95449,0.44,0,3.5999,3.94039,0,0.725614,6.16896,4.3421e+06,2.97144e+06,1.56311e+07,0,0,0,0,62.3362,61.308,5.28037,1,1,1.66276,1.82003,0,1.30835,1.69344,9.02378e+06,3.97174e+06,1.50043e+07,0,0,0,1.19558e+08
103.622,103.622,10.5544,0.47,0,3.14382,3.44118,0,0.674621,6.16896,4.3421e+06,2.97144e+06,1.36508e+07,0,0,0,0,62.3362,61.308,6.9172,1,1,1.4281,1.56317,0,1.28465,1.69344,9.02378e+06,3.97174e+06,1.28868e+07,0,0,0,1.19558e+08
103.622,103.622,10.4878,0.51,0,3.14405,3.44143,0,0.589152,6.16896,4.3421e+06,2.97144e+06,1.36518e+07,0,0,0,0,62.3362,61.308,6.97276,1,1,1.4282,1.56329,0,1.10335,1.69344,9.02378e+06,3.97174e+06,1.28878e+07,0,0,0,1.19558e+08
103.622,103.622,9.98123,0.53,0,3.14429,3.44169,0,0.589196,6.16896,4.3421e+06,2.97144e+06,1.36528e+07,0,0,0,0,62.3362,61.308,6.00051,1,1,1.42831,1.5634,0,1.10343,1.69344,9.02378e+06,3.97174e+06,1.28887e+07,0,0,0,1.19558e+08
103.622,103.622,10.3256,0.61,0,3.14452,3.44195,0,0.58924,6.16896,4.3421e+06,2.97144e+06,1.36538e+07,0,0,0,0,62.3362,61.308,5.98253,1,1,1.42841,1.56352,0,1.10351,1.69344,9.02378e+06,3.97174e+06,1.28897e+07,0,0,0,1.19558e+08
103.622,103.622,9.11889,0.63,0,3.14476,3.4422,0,0.589283,6.16896,4.3421e+06,2.97144e+06,1.36549e+07,0,0,0,0,62.3362,61.308,5.37827,1,1,1.42852,1.56364,0,1.10359,1.69344,9.02378e+06,3.97174e+06,1.28907e+07,0,0,0,1.19558e+08
103.622,103.622,10.1785,0.66,0,3.2599,3.56824,0,0.589327,6.16896,4.3421e+06,2.97144e+06,1.41548e+07,0,0,0,0,62.3362,61.308,8.2151,1,1,1.48608,1.62665,0,1.10367,1.69344,9.02378e+06,3.97174e+06,1.34101e+07,0,0,0,1.19558e+08
103.622,103.622,8.43029,0.66,0,3.26014,3.5685,0,0.610905,6.16896,4.3421e+06,2.97144e+06,1.41559e+07,0,0,0,0,62.3362,61.308,7.474,1,1,1.4862,1.62677,0,1.14815,1.69344,9.02378e+06,3.97174e+06,1.34111e+07,0,0,0,1.19558e+08
103.622,103.622,8.15485,0.66,0,3.26038,3.56877,0,0.610951,6.16896,4.3421e+06,2.97144e+06,1.41569e+07,0,0,0,0,62.3362,61.308,7.28868,1,1,1.48631,1.62689,0,1.14823,1.69344,9.02378e+06,3.97174e+06,1.34121e+07,0,0,0,1.19558e+08
103.622,103.622,8.58638,0.63,0,3.26063,3.56903,0,0.610996,6.16896,4.3421e+06,2.97144e+06,1.4158e+07,0,0,0,0,62.3362,61.308,7.21845,1,1,1.48642,1.62701,0,1.14832,1.69344,9.02378e+06,3.97174e+06,1.34131e+07,0,0,0,1.19558e+08
103.622,103.622,6.79516,0.62,0,3.21593,3.5201,0,0.611041,6.16896,4.3421e+06,2.97144e+06,1.39639e+07,0,0,0,0,62.3362,61.308,4.51551,1,1,1.4642,1.6027,0,1.14841,1.69344,9.02378e+06,3.97174e+06,1.32127e+07,0,0,0,1.19558e+08
103.622,103.622,5.91655,0.59,0,3.21617,3.52037,0,0.602665,6.16896,4.3421e+06,2.97144e+06,1.39649e+07,0,0,0,0,62.3362,61.308,3.43888,1,1,1.46431,1.60281,0,1.13124,1.69344,9.02378e+06,3.97174e+06,1.32136e+07,0,0,0,1.19558e+08
103.622,103.622,5.45087,0.56,0,3.2164,3.52063,0,0.602709,6.16896,4.3421e+06,2.97144e+06,1.3966e+07,0,0,0,0,62.3362,61.308,3.46675,1,1,1.46442,1.60293,0,1.13133,1.69344,9.02378e+06,3.97174e+06,1.32146e+07,0,0,0,1.19558e+08
103.622,103.622,5.35633,0.5,0,3.21664,3.52089,0,0.602754,6.16896,4.3421e+06,2.97144e+06,1.3967e+07,0,0,0,0,62.3362,61.308,4.26395,1,1,1.46453,1.60305,0,1.13141,1.69344,9.02378e+06,3.97174e+06,1.32156e+07,0,0,0,1.19558e+08
103.622,103.622,5.01804,0.46,0,3.36948,3.68818,0,0.602799,6.16896,4.3421e+06,2.97144e+06,1.46306e+07,0,0,0,0,62.3362,61.308,3.49527,1,1,1.54383,1.68985,0,1.1315,1.69344,9.02378e+06,3.97174e+06,1.39311e+07,0,0,0,1.19558e+08
103.622,103.622,5.12859,0.41,0,3.36973,3.68846,0,0.631441,6.16896,4.3421e+06,2.97144e+06,1.46317e+07,0,0,0,0,62.3362,61.308,3.32402,1,1,1.54394,1.68997,0,1.19276,1.69344,9.02378e+06,3.97174e+06,1.39322e+07,0,0,0,1.19558e+08
103.622,103.622,4.75128,0.38,0,3.62498,3.68873,0,0.631488,6.16896,4.3421e+06,2.97144e+06,1.574e+07,0,0,0,0,62.3362,61.308,2.96969,1,1,1.66089,1.6901,0,1.19285,1.69344,9.02378e+06,3.97174e+06,1.49875e+07,0,0,0,1.19558e+08
103.622,103.622,4.47654,0.35,0,3.62525,3.68901,0,0.679322,6.16896,4.3421e+06,2.97144e+06,1.57412e+07,0,0,0,0,62.2817,61.308,2.70282,1,1,1.66101,1.69022,0,1.2832,1.69344,9.02378e+06,3.97174e+06,1.49886e+07,0,0,0,1.19558e+08
103.622,103.622,4.15688,0.32,0,3.62552,3.68928,0,0.679372,6.16896,4.3421e+06,2.97144e+06,1.57424e+07,0,0,0,0,62.1685,61.308,2.56516,1,1,1.66114,1.69035,0,1.2833,1.69344,9.02378e+06,3.97174e+06,1.49897e+07,0,0,0,1.19558e+08
103.182,103.622,2.90948,0.28,0,3.59332,3.65651,0,0.679422,6.16896,4.3421e+06,2.97144e+06,1.56026e+07,0,0,0,0,62.0237,61.308,2.36252,1,1,1.69344,1.73813,0.0146526,1.28339,1.69344,9.02378e+06,3.97174e+06,1.52812e+07,0,0,0,1.19558e+08
102.708,103.622,2.86725,0.26,0,3.59358,3.65678,0,0.673387,6.16896,4.3421e+06,2.97144e+06,1.56037e+07,0,0,0,0,61.8461,61.308,2.35705,1,1,1.69344,1.73826,0.0147796,1.30835,1.69344,9.02378e+06,3.97174e+06,1.52812e+07,0,0,0,1.19558e+08
102.135,103.622,2.7296,0.24,0,3.59385,3.65705,0,0.673437,6.16896,4.3421e+06,2.97144e+06,1.56049e+07,0,0,0,0,61.6202,61.308,2.27964,1,1,1.69344,1.73839,0.0149065,1.30835,1.69344,9.02378e+06,3.97174e+06,1.52812e+07,0,0,0,1.19558e+08
101.256,103.622,2.39234,0.24,0,3.59412,3.65732,0,0.673487,6.16896,4.3421e+06,2.97144e+06,1.5606e+07,0,0,0,0,61.3361,61.308,2.18469,1,1,1.69344,1.73852,0.0150335,1.30835,1.69344,9.02378e+06,3.97174e+06,1.52812e+07,0,0,0,1.19558e+08
100.151,103.622,2.16992,0.22,0,3.67827,3.74296,0,0.673537,6.16896,4.3421e+06,2.97144e+06,1.59714e+07,0,0,0,0,60.9669,61.308,1.91067,1,1,1.69344,1.78113,0.0569109,1.30835,1.69344,9.02378e+06,3.97174e+06,1.52812e+07,0,0,0,1.19558e+08
99.208,103.622,2.32449,0.24,0,3.67854,3.74323,0,0.689308,6.16896,4.3421e+06,2.97144e+06,1.59726e+07,0,0,0,0,60.6897,61.308,2.07609,1,1,1.69344,1.78127,0.0570409,1.30835,1.69344,9.02378e+06,3.97174e+06,1.52812e+07,0,0,0,1.19558e+08
98.1359,103.622,2.16395,0.22,0,3.67882,3.74351,0,0.689359,6.16896,4.3421e+06,2.97144e+06,1.59738e+07,0,0,0,0,60.3198,61.308,2.09399,1,1,1.69344,1.7814,0.0571709,1.30835,1.69344,9.02378e+06,3.97174e+06,1.52812e+07,0,0,0,1.19558e+08
96.9337,103.622,1.99672,0.22,0,3.67909,3.74379,0,0.68941,6.16896,4.3421e+06,2.97144e+06,1.5975e+07,0,0,0,0,59.9064,61.308,1.86912,1,1,1.69344,1.78153,0.057301,1.30835,1.69344,9.02378e+06,3.97174e+06,1.52812e+07,0,0,0,1.19558e+08
95.5164,103.622,1.9382,0.24,0,3.92509,3.99412,0,0.689461,6.16896,4.3421e+06,2.97144e+06,1.70432e+07,0,0,0,0,59.3865,61.308,2.0127,1,1,1.69344,1.93506,0.208174,1.30835,1.69344,9.02378e+06,3.97174e+06,1.52812e+07,0,0,0,1.19558e+08
93.8803,103.622,1.68658,0.28,0,3.92538,3.99442,0,0.735562,6.16896,4.3421e+06,2.97144e+06,1.70444e+07,0,0,0,0,58.6511,61.308,1.71682,1,1,1.69344,1.9352,0.208315,1.30835,1.69344,9.02378e+06,3.97174e+06,1.52812e+07,0,0,0,1.19558e+08
92.0422,103.622,1.38504,0.29,0,3.92567,3.99471,0,0.735617,6.16896,4.3421e+06,2.97144e+06,1.70457e+07,0,0,0,0,57.7143,61.308,1.3509,1,1,1.69344,1.93534,0.208456,1.30835,1.69344,9.02378e+06,3.97174e+06,1.52812e+07,0,0,0,1.19558e+08
89.8361,103.622,1.0088,0.29,0,3.92597,3.99501,0,0.735671,6.16896,4.3421e+06,2.97144e+06,1.7047e+07,0,0,0,0,56.7418,61.308,1.22356,1,1,1.69344,1.93549,0.208597,1.30835,1.69344,9.02378e+06,3.97174e+06,1.52812e+07,0,0,0,1.19558e+08
87.5799,103.622,0.937565,0.29,0,3.92626,3.99531,0,0.735726,6.16896,4.3421e+06,2.97144e+06,1.70482e+07,0,0,0,0,55.9047,61.308,1.23772,1,1,1.69344,1.93563,0.208739,1.30835,1.69344,9.02378e+06,3.97174e+06,1.52812e+07,0,0,0,1.19558e+08
86.0479,103.622,1.6023,0.3,0,3.80675,3.87369,0,0.735781,6.16896,4.3421e+06,2.97144e+06,1.65293e+07,0,0,0,0,55.5819,61.308,1.58828,1,1,1.69344,1.84264,0.117351,1.30835,1.69344,9.02378e+06,3.97174e+06,1.52812e+07,0,0,0,1.19558e+08
84.8558,103.622,1.98914,0.32,0,3.80703,3.87398,0,0.713384,6.16896,4.3421e+06,2.97144e+06,1.65305e+07,0,0,0,0,55.4916,61.308,2.1234,1,1,1.69344,1.84277,0.117485,1.30835,1.69344,9.02378e+06,3.97174e+06,1.52812e+07,0,0,0,1.19558e+08
83.6106,103.622,1.94127,0.33,0,3.80731,3.87427,0,0.713437,6.16896,4.3421e+06,2.97144e+06,1.65317e+07,0,0,0,0,55.4469,61.308,2.07287,1,1,1.69344,1.84291,0.11762,1.30835,1.69344,9.02378e+06,3.97174e+06,1.52812e+07,0,0,0,1.19558e+08
82.633,103.622,2.37517,0.33,0,3.80759,3.87456,0,0.71349,6.16896,4.3421e+06,2.97144e+06,1.6533e+07,0,0,0,0,55.6274,61.308,2.70606,1,1,1.69344,1.84305,0.117754,1.30835,1.69344,9.02378e+06,3.97174e+06,1.52812e+07,0,0,0,1.19558e+08
81.4099,103.622,2.02334,0.38,0,3.70951,3.77475,0,0.713543,6.16896,4.3421e+06,2.97144e+06,1.61071e+07,0,0,0,0,55.5255,61.308,2.03546,1,1,1.69344,1.75838,0.0345499,1.30835,1.69344,9.02378e+06,3.97174e+06,1.52812e+07,0,0,0,1.19558e+08
80.3097,103.622,2.06907,0.39,0,3.70979,3.77503,0,0.695162,6.16896,4.3421e+06,2.97144e+06,1.61083e+07,0,0,0,0,55.7192,61.308,2.18506,1,1,1.69344,1.75851,0.0346782,1.30835,1.69344,9.02378e+06,3.97174e+06,1.52812e+07,0,0,0,1.19558e+08
78.903,103.622,1.71119,0.38,0,3.71006,3.77531,0,0.695214,6.16896,4.3421e+06,2.97144e+06,1.61095e+07,0,0,0,0,56.0444,61.308,3.08665,1,1,1.69344,1.75864,0.0348066,1.30835,1.69344,9.02378e+06,3.97174e+06,1.52812e+07,0,0,0,1.19558e+08
77.3675,103.622,1.60836,0.39,0,3.71034,3.77559,0,0.695265,6.16896,4.3421e+06,2.97144e+06,1.61107e+07,0,0,0,0,56.1284,61.308,2.16705,1,1,1.69344,1.75877,0.0349349,1.30835,1.69344,9.02378e+06,3.97174e+06,1.52812e+07,0,0,0,1.19558e+08
78.859,103.622,4.69203,0.4,0,3.1898,3.4915,0,0.695317,6.16896,4.3421e+06,2.97144e+06,1.38504e+07,0,0,0,0,56.8776,61.308,3.43975,1,1,1.4455,1.58223,0,1.30835,1.69344,9.02378e+06,3.97174e+06,1.30439e+07,0,0,0,1.19558e+08
78.5891,103.622,2.61685,0.42,0,3.19003,3.49176,0,0.597768,6.16896,4.3421e+06,2.97144e+06,1.38515e+07,0,0,0,0,57.4148,61.308,2.51719,1,1,1.44561,1.58234,0,1.1168,1.69344,9.02378e+06,3.97174e+06,1.30449e+07,0,0,0,1.19558e+08
78.4534,103.622,2.93057,0.45,0,3.19027,3.49202,0,0.597812,6.16896,4.3421e+06,2.97144e+06,1.38525e+07,0,0,0,0,58.0481,61.308,2.73744,1,1,1.44572,1.58246,0,1.11688,1.69344,9.02378e+06,3.97174e+06,1.30458e+07,0,0,0,1.19558e+08
81.3711,103.622,6.59009,0.47,0,3.19051,3.49228,0,0.597857,6.16896,4.3421e+06,2.97144e+06,1.38535e+07,0,0,0,0,59.612,61.308,5.36908,1,1,1.44582,1.58258,0,1.11696,1.69344,9.02378e+06,3.97174e+06,1.30468e+07,0,0,0,1.19558e+08
86.5143,103.622,9.00432,0.49,0,3.19074,3.49254,0,0.597901,6.16896,4.3421e+06,2.97144e+06,1.38545e+07,0,0,0,0,61.9728,61.308,8.48465,1,1,1.44593,1.5827,0,1.11704,1.69344,9.02378e+06,3.97174e+06,1.30478e+07,0,0,0,1.19558e+08
87.469,103.622,4.31812,0.46,0,3.19074,3.49254,0,0.597945,6.16896,4.3421e+06,2.97144e+06,1.38545e+07,0,0,0,0,62.3362,61.308,4.69761,1,1,1.44593,1.5827,0,1.11713,1.69344,9.02378e+06,3.97174e+06,1.30478e+07,0,0,0,1.19558e+08
87.7279,103.622,3.6546,0.47,0,3.29093,3.6022,0,0.597945,6.16896,4.3421e+06,2.97144e+06,1.42896e+07,0,0,0,0,62.3362,61.308,4.63082,1,1,1.49279,1.63398,0,1.11713,1.69344,9.02378e+06,3.97174e+06,1.34706e+07,0,0,0,1.19558e+08
88.066,103.622,3.84675,0.48,0,3.29114,3.60243,0,0.61672,6.16896,4.3421e+06,2.97144e+06,1.42905e+07,0,0,0,0,62.3362,61.308,5.55625,1,1,1.49289,1.63409,0,1.15333,1.69344,9.02378e+06,3.97174e+06,1.34715e+07,0,0,0,1.19558e+08
87.9721,103.622,3.2065,0.49,0,3.29136,3.60267,0,0.61676,6.16896,4.3421e+06,2.97144e+06,1.42914e+07,0,0,0,0,62.3362,61.308,4.53317,1,1,1.49298,1.6342,0,1.1534,1.69344,9.02378e+06,3.97174e+06,1.34723e+07,0,0,0,1.19558e+08
88.4385,103.622,3.98368,0.49,0,3.29157,3.6029,0,0.6168,6.16896,4.3421e+06,2.97144e+06,1.42923e+07,0,0,0,0,62.3362,61.308,5.69511,1,1,1.49308,1.6343,0,1.15348,1.69344,9.02378e+06,3.97174e+06,1.34732e+07,0,0,0,1.19558e+08
88.6333,103.622,3.88435,0.55,0,3.61286,3.95458,0,0.61684,6.16896,4.3421e+06,2.97144e+06,1.56874e+07,0,0,0,0,62.3362,61.308,5.16319,1,1,1.66874,1.82658,0,1.15355,1.69344,9.02378e+06,3.97174e+06,1.50584e+07,0,0,0,1.19558e+08
89.1417,103.622,4.24641,0.56,0,3.61309,3.95483,0,0.677049,6.16896,4.3421e+06,2.97144e+06,1.56884e+07,0,0,0,0,62.3362,61.308,5.05068,1,1,1.66885,1.8267,0,1.28927,1.69344,9.02378e+06,3.97174e+06,1.50593e+07,0,0,0,1.19558e+08
88.8192,103.622,3.35005,0.56,0,3.61333,3.95509,0,0.677093,6.16896,4.3421e+06,2.97144e+06,1.56894e+07,0,0,0,0,62.3362,61.308,4.1539,1,1,1.66896,1.82682,0,1.28935,1.69344,9.02378e+06,3.97174e+06,1.50603e+07,0,0,0,1.19558e+08
92.1647,103.622,7.2514,0.59,0,3.61356,3.95535,0,0.677137,6.16896,4.3421e+06,2.97144e+06,1.56905e+07,0,0,0,0,62.3362,61.308,8.20659,1,1,1.66907,1.82694,0,1.28944,1.69344,9.02378e+06,3.97174e+06,1.50613e+07,0,0,0,1.19558e+08
98.1765,103.622,9.73644,0.57,0,3.15572,3.45421,0,0.677181,6.16896,4.3421e+06,2.97144e+06,1.37025e+07,0,0,0,0,62.3362,61.308,5.60409,1,1,1.4335,1.56909,0,1.28952,1.69344,9.02378e+06,3.97174e+06,1.29356e+07,0,0,0,1.19558e+08
103.622,103.622,10.8881,0.51,0,3.15593,3.45443,0,0.591383,6.16896,4.3421e+06,2.97144e+06,1.37034e+07,0,0,0,0,62.3362,61.308,9.16354,1,1,1.4336,1.56919,0,1.10752,1.69344,9.02378e+06,3.97174e+06,1.29365e+07,0,0,0,1.19558e+08
103.622,103.622,7.3381,0.59,0,3.15613,3.45466,0,0.591421,6.16896,4.3421e+06,2.97144e+06,1.37043e+07,0,0,0,0,62.3362,61.308,5.55473,1,1,1.43369,1.56929,0,1.1076,1.69344,9.02378e+06,3.97174e+06,1.29373e+07,0,0,0,1.19558e+08
103.622,103.622,8.8596,0.61,0,3.15634,3.45488,0,0.591459,6.16896,4.3421e+06,2.97144e+06,1.37052e+07,0,0,0,0,62.3362,61.308,11.3206,1,1,1.43378,1.5694,0,1.10767,1.69344,9.02378e+06,3.97174e+06,1.29381e+07,0,0,0,1.19558e+08
103.622,103.622,9.44251,0.64,0,3.15654,3.4551,0,0.591498,6.16896,4.3421e+06,2.97144e+06,1.3706e+07,0,0,0,0,62.3362,61.308,10.1476,1,1,1.43388,1.5695,0,1.10774,1.69344,9.02378e+06,3.97174e+06,1.2939e+07,0,0,0,1.19558e+08
103.622,103.622,6.31855,0.64,0,3.27209,3.58158,0,0.591536,6.16896,4.3421e+06,2.97144e+06,1.42078e+07,0,0,0,0,62.3362,61.308,5.01916,1,1,1.49164,1.63273,0,1.10781,1.69344,9.02378e+06,3.97174e+06,1.34602e+07,0,0,0,1.19558e+08
103.622,103.622,5.76821,0.63,0,3.2723,3.58181,0,0.613189,6.16896,4.3421e+06,2.97144e+06,1.42087e+07,0,0,0,0,62.3362,61.308,4.28323,1,1,1.49174,1.63283,0,1.15244,1.69344,9.02378e+06,3.97174e+06,1.34611e+07,0,0,0,1.19558e+08
103.622,103.622,5.20302,0.62,0,3.27251,3.58204,0,0.613229,6.16896,4.3421e+06,2.97144e+06,1.42096e+07,0,0,0,0,62.3362,61.308,3.59527,1,1,1.49184,1.63294,0,1.15252,1.69344,9.02378e+06,3.97174e+06,1.3462e+07,0,0,0,1.19558e+08
103.622,103.622,4.71778,0.61,0,3.27273,3.58228,0,0.613269,6.16896,4.3421e+06,2.97144e+06,1.42105e+07,0,0,0,0,62.3362,61.308,3.88661,1,1,1.49193,1.63305,0,1.15259,1.69344,9.02378e+06,3.97174e+06,1.34629e+07,0,0,0,1.19558e+08
103.622,103.622,4.47444,0.59,0,3.22783,3.53313,0,0.613309,6.16896,4.3421e+06,2.97144e+06,1.40156e+07,0,0,0,0,62.3362,61.308,4.16829,1,1,1.46962,1.60863,0,1.15267,1.69344,9.02378e+06,3.97174e+06,1.32616e+07,0,0,0,1.19558e+08
103.622,103.622,4.88666,0.56,0,3.22804,3.53336,0,0.604895,6.16896,4.3421e+06,2.97144e+06,1.40165e+07,0,0,0,0,62.3362,61.308,3.57311,1,1,1.46972,1.60873,0,1.13543,1.69344,9.02378e+06,3.97174e+06,1.32624e+07,0,0,0,1.19558e+08
103.622,103.622,4.39134,0.5,0,3.22825,3.53359,0,0.604935,6.16896,4.3421e+06,2.97144e+06,1.40174e+07,0,0,0,0,62.3362,61.308,3.64924,1,1,1.46981,1.60884,0,1.1355,1.69344,9.02378e+06,3.97174e+06,1.32633e+07,0,0,0,1.19558e+08
103.622,103.622,3.71891,0.46,0,3.22846,3.53382,0,0.604974,6.16896,4.3421e+06,2.97144e+06,1.40183e+07,0,0,0,0,62.3362,61.308,3.29278,1,1,1.46991,1.60894,0,1.13558,1.69344,9.02378e+06,3.97174e+06,1.32641e+07,0,0,0,1.19558e+08
103.622,103.622,3.50181,0.42,0,3.38183,3.7017,0,0.605013,6.16896,4.3421e+06,2.97144e+06,1.46842e+07,0,0,0,0,62.3362,61.308,2.97646,1,1,1.54948,1.69604,0,1.13565,1.69344,9.02378e+06,3.97174e+06,1.39822e+07,0,0,0,1.19558e+08
103.471,103.622,3.26463,0.39,0,3.63796,3.70194,0,0.633754,6.16896,4.3421e+06,2.97144e+06,1.57964e+07,0,0,0,0,62.3236,61.308,2.67681,1,1,1.66684,1.69615,0,1.19713,1.69344,9.02378e+06,3.97174e+06,1.50412e+07,0,0,0,1.19558e+08
103.142,103.622,3.04977,0.36,0,3.63819,3.70218,0,0.681753,6.16896,4.3421e+06,2.97144e+06,1.57974e+07,0,0,0,0,62.2864,61.308,2.71336,1,1,1.66694,1.69626,0,1.2878,1.69344,9.02378e+06,3.97174e+06,1.50421e+07,0,0,0,1.19558e+08
102.708,103.622,2.90857,0.32,0,3.63843,3.70242,0,0.681798,6.16896,4.3421e+06,2.97144e+06,1.57984e+07,0,0,0,0,62.2336,61.308,2.75229,1,1,1.66705,1.69637,0,1.28788,1.69344,9.02378e+06,3.97174e+06,1.50431e+07,0,0,0,1.19558e+08
101.848,103.622,2.44661,0.28,0,3.63867,3.70266,0,0.681842,6.16896,4.3421e+06,2.97144e+06,1.57995e+07,0,0,0,0,62.0303,61.308,2.36898,1,1,1.66716,1.69648,0,1.28796,1.69344,9.02378e+06,3.97174e+06,1.50441e+07,0,0,0,1.19558e+08
100.824,103.622,2.24352,0.25,0,3.60631,3.66973,0,0.681886,6.16896,4.3421e+06,2.97144e+06,1.5659e+07,0,0,0,0,61.7955,61.308,2.39075,1,1,1.69344,1.74442,0.0208305,1.28805,1.69344,9.02378e+06,3.97174e+06,1.52812e+07,0,0,0,1.19558e+08
99.8137,103.622,2.24856,0.24,0,3.60655,3.66997,0,0.675823,6.16896,4.3421e+06,2.97144e+06,1.566e+07,0,0,0,0,61.5358,61.308,2.41055,1,1,1.69344,1.74453,0.0209418,1.30835,1.69344,9.02378e+06,3.97174e+06,1.52812e+07,0,0,0,1.19558e+08
98.7351,103.622,2.15168,0.23,0,3.60678,3.67021,0,0.675867,6.16896,4.3421e+06,2.97144e+06,1.5661e+07,0,0,0,0,61.2443,61.308,2.4043,1,1,1.69344,1.74464,0.0210531,1.30835,1.69344,9.02378e+06,3.97174e+06,1.52812e+07,0,0,0,1.19558e+08
97.5065,103.622,1.92743,0.22,0,3.60701,3.67045,0,0.675911,6.16896,4.3421e+06,2.97144e+06,1.5662e+07,0,0,0,0,60.8943,61.308,2.04821,1,1,1.69344,1.74476,0.0211643,1.30835,1.69344,9.02378e+06,3.97174e+06,1.52812e+07,0,0,0,1.19558e+08
96.2549,103.622,1.96157,0.22,0,3.69143,3.75635,0,0.675954,6.16896,4.3421e+06,2.97144e+06,1.60286e+07,0,0,0,0,60.5244,61.308,2.05807,1,1,1.69344,1.78751,0.0631756,1.30835,1.69344,9.02378e+06,3.97174e+06,1.52812e+07,0,0,0,1.19558e+08
94.9059,103.622,1.80843,0.27,0,3.69167,3.7566,0,0.691775,6.16896,4.3421e+06,2.97144e+06,1.60296e+07,0,0,0,0,60.0092,61.308,1.96688,1,1,1.69344,1.78762,0.0632896,1.30835,1.69344,9.02378e+06,3.97174e+06,1.52812e+07,0,0,0,1.19558e+08
93.4325,103.622,1.64671,0.26,0,3.69191,3.75684,0,0.69182,6.16896,4.3421e+06,2.97144e+06,1.60307e+07,0,0,0,0,59.5339,61.308,1.71321,1,1,1.69344,1.78774,0.0634037,1.30835,1.69344,9.02378e+06,3.97174e+06,1.52812e+07,0,0,0,1.19558e+08
92.1759,103.622,1.89557,0.27,0,3.69215,3.75708,0,0.691865,6.16896,4.3421e+06,2.97144e+06,1.60317e+07,0,0,0,0,58.9514,61.308,2.24463,1,1,1.69344,1.78786,0.0635177,1.30835,1.69344,9.02378e+06,3.97174e+06,1.52812e+07,0,0,0,1.19558e+08
90.2659,103.622,1.28381,0.28,0,3.93899,4.00826,0,0.69191,6.16896,4.3421e+06,2.97144e+06,1.71035e+07,0,0,0,0,58.3637,61.308,1.42713,1,1,1.69344,1.94191,0.214908,1.30835,1.69344,9.02378e+06,3.97174e+06,1.52812e+07,0,0,0,1.19558e+08
88.4569,103.622,1.38646,0.28,0,3.93925,4.00852,0,0.738167,6.16896,4.3421e+06,2.97144e+06,1.71046e+07,0,0,0,0,57.5019,61.308,1.75797,1,1,1.69344,1.94203,0.215032,1.30835,1.69344,9.02378e+06,3.97174e+06,1.52812e+07,0,0,0,1.19558e+08
86.4673,103.622,1.14804,0.3,0,3.9395,4.00878,0,0.738215,6.16896,4.3421e+06,2.97144e+06,1.71057e+07,0,0,0,0,56.8752,61.308,1.22356,1,1,1.69344,1.94216,0.215156,1.30835,1.69344,9.02378e+06,3.97174e+06,1.52812e+07,0,0,0,1.19558e+08
84.7499,103.622,1.44116,0.3,0,3.93976,4.00904,0,0.738263,6.16896,4.3421e+06,2.97144e+06,1.71068e+07,0,0,0,0,56.3657,61.308,2.33044,1,1,1.69344,1.94229,0.21528,1.30835,1.69344,9.02378e+06,3.97174e+06,1.52812e+07,0,0,0,1.19558e+08
82.6437,103.622,1.02969,0.16,0,3.94001,4.00931,0,0.738311,6.16896,4.3421e+06,2.97144e+06,1.7108e+07,0,0,0,0,55.9317,61.308,1.52366,1,1,1.69344,1.94241,0.215404,1.30835,1.69344,9.02378e+06,3.97174e+06,1.52812e+07,0,0,0,1.19558e+08
80.7708,103.622,1.20428,0.34,0,3.82005,3.88723,0,0.738359,6.16896,4.3421e+06,2.97144e+06,1.65871e+07,0,0,0,0,55.6966,61.308,1.91465,1,1,1.69344,1.84908,0.123679,1.30835,1.69344,9.02378e+06,3.97174e+06,1.52812e+07,0,0,0,1.19558e+08
78.8633,103.622,1.10025,0.18,0,3.8203,3.88748,0,0.715877,6.16896,4.3421e+06,2.97144e+06,1.65881e+07,0,0,0,0,55.368,61.308,1.78995,1,1,1.69344,1.8492,0.123797,1.30835,1.69344,9.02378e+06,3.97174e+06,1.52812e+07,0,0,0,1.19558e+08
77.1414,103.622,1.31064,0.07,0,3.82054,3.88773,0,0.715924,6.16896,4.3421e+06,2.97144e+06,1.65892e+07,0,0,0,0,55.233,61.308,2.46983,1,1,1.69344,1.84932,0.123915,1.30835,1.69344,9.02378e+06,3.97174e+06,1.52812e+07,0,0,0,1.19558e+08
75.6901,103.622,1.6831,0,0,3.82079,3.88799,0,0.71597,6.16896,4.3421e+06,2.97144e+06,1.65903e+07,0,0,0,0,54.8532,61.308,2.09785,1,1,1.69344,1.84944,0.124033,1.30835,1.69344,9.02378e+06,3.97174e+06,1.52812e+07,0,0,0,1.19558e+08
73.8039,103.622,1.06351,0,0,3.72233,3.7878,0,0.716016,6.16896,4.3421e+06,2.97144e+06,1.61628e+07,0,0,0,0,54.4213,61.308,1.51138,1,1,1.69344,1.76446,0.0405233,1.30835,1.69344,9.02378e+06,3.97174e+06,1.52812e+07,0,0,0,1.19558e+08
73.2925,103.622,2.68943,0,0,3.72258,3.78804,0,0.697565,6.16896,4.3421e+06,2.97144e+06,1.61638e+07,0,0,0,0,54.8616,61.308,4.66179,1,1,1.69344,1.76457,0.0406359,1.30835,1.69344,9.02378e+06,3.97174e+06,1.52812e+07,0,0,0,1.19558e+08
73.1639,103.622,3.11311,0,0,3.72282,3.78829,0,0.697611,6.16896,4.3421e+06,2.97144e+06,1.61649e+07,0,0,0,0,55.6837,61.308,3.84909,1,1,1.69344,1.76469,0.0407485,1.30835,1.69344,9.02378e+06,3.97174e+06,1.52812e+07,0,0,0,1.19558e+08
72.2341,103.622,2.15747,0,0,3.72306,3.78853,0,0.697656,6.16896,4.3421e+06,2.97144e+06,1.61659e+07,0,0,0,0,55.9335,61.308,2.78205,1,1,1.69344,1.7648,0.040861,1.30835,1.69344,9.02378e+06,3.97174e+06,1.52812e+07,0,0,0,1.19558e+08
72.4158,103.622,3.03659,0,0,3.44289,3.50344,0,0.697701,6.16896,4.3421e+06,2.97144e+06,1.49494e+07,0,0,0,0,55.7785,61.308,2.17975,1,1,1.5602,1.58764,0,1.30835,1.69344,9.02378e+06,3.97174e+06,1.40789e+07,0,0,0,1.19558e+08
73.4006,103.622,4.02849,0,0,3.44312,3.50367,0,0.645198,6.16896,4.3421e+06,2.97144e+06,1.49504e+07,0,0,0,0,55.8758,61.308,2.54167,1,1,1.5603,1.58774,0,1.20541,1.69344,9.02378e+06,3.97174e+06,1.40798e+07,0,0,0,1.19558e+08
74.8451,103.622,4.51395,0,0,3.44334,3.5039,0,0.64524,6.16896,4.3421e+06,2.97144e+06,1.49513e+07,0,0,0,0,56.1332,61.308,3.02521,1,1,1.5604,1.58784,0,1.20549,1.69344,9.02378e+06,3.97174e+06,1.40807e+07,0,0,0,1.19558e+08
77.1754,103.622,5.8037,0,0,3.44356,3.50412,0,0.645282,6.16896,4.3421e+06,2.97144e+06,1.49523e+07,0,0,0,0,56.8098,61.308,4.24572,1,1,1.5605,1.58794,0,1.20556,1.69344,9.02378e+06,3.97174e+06,1.40816e+07,0,0,0,1.19558e+08
79.3737,103.622,5.62994,0,0,3.44379,3.50435,0,0.645324,6.16896,4.3421e+06,2.97144e+06,1.49533e+07,0,0,0,0,57.5732,61.308,3.93946,1,1,1.5606,1.58805,0,1.20564,1.69344,9.02378e+06,3.97174e+06,1.40825e+07,0,0,0,1.19558e+08
82.2709,103.622,6.33261,0,0,3.55188,3.61435,0,0.645366,6.16896,4.3421e+06,2.97144e+06,1.54227e+07,0,0,0,0,57.97,61.308,3.42226,1,1,1.61116,1.63949,0,1.20572,1.69344,9.02378e+06,3.97174e+06,1.45387e+07,0,0,0,1.19558e+08
85.3863,103.622,6.70006,0,0,3.55208,3.61455,0,0.665623,6.16896,4.3421e+06,2.97144e+06,1.54235e+07,0,0,0,0,58.8006,61.308,4.36806,1,1,1.61125,1.63959,0,1.24478,1.69344,9.02378e+06,3.97174e+06,1.45396e+07,0,0,0,1.19558e+08
89.5823,103.622,7.59037,0,0,3.55228,3.61475,0,0.66566,6.16896,4.3421e+06,2.97144e+06,1.54244e+07,0,0,0,0,59.2908,61.308,3.76577,1,1,1.61134,1.63968,0,1.24485,1.69344,9.02378e+06,3.97174e+06,1.45404e+07,0,0,0,1.19558e+08
96.584,103.622,11.1137,0,0,3.55248,3.61495,0,0.665697,6.16896,4.3421e+06,2.97144e+06,1.54252e+07,0,0,0,0,59.9657,61.308,4.44271,1,1,1.61143,1.63977,0,1.24492,1.69344,9.02378e+06,3.97174e+06,1.45412e+07,0,0,0,1.19558e+08
103.622,103.622,13.5719,0,0,3.8992,3.96777,0,0.665734,6.16896,4.3421e+06,2.97144e+06,1.69307e+07,0,0,0,0,61.1399,61.308,6.16022,1,1,1.69344,1.83267,0.107559,1.24499,1.69344,9.02378e+06,3.97174e+06,1.52812e+07,0,0,0,1.19558e+08
103.622,103.622,14.9694,0,0,3.89941,3.96799,0,0.730709,6.16896,4.3421e+06,2.97144e+06,1.69317e+07,0,0,0,0,62.3362,61.308,6.65737,1,1,1.69344,1.83277,0.10766,1.30835,1.69344,9.02378e+06,3.97174e+06,1.52812e+07,0,0,0,1.19558e+08
103.622,103.622,13.68,0.12,0,3.89963,3.96821,0,0.73075,6.16896,4.3421e+06,2.97144e+06,1.69326e+07,0,0,0,0,62.3362,61.308,5.46429,1,1,1.69344,1.83288,0.10776,1.30835,1.69344,9.02378e+06,3.97174e+06,1.52812e+07,0,0,0,1.19558e+08
103.622,103.622,10.7771,0.44,0,3.62551,3.96843,0,0.730791,6.16896,4.3421e+06,2.97144e+06,1.57424e+07,0,0,0,0,62.3362,61.308,4.50934,1,1,1.67459,1.83298,0,1.30835,1.69344,9.02378e+06,3.97174e+06,1.51111e+07,0,0,0,1.19558e+08
103.622,103.622,9.1199,0.47,0,3.16613,3.4656,0,0.679421,6.16896,4.3421e+06,2.97144e+06,1.37477e+07,0,0,0,0,62.3362,61.308,6.4438,1,1,1.43823,1.57427,0,1.29379,1.69344,9.02378e+06,3.97174e+06,1.29783e+07,0,0,0,1.19558e+08
103.622,103.622,6.65068,0.49,0,3.16631,3.46579,0,0.593333,6.16896,4.3421e+06,2.97144e+06,1.37484e+07,0,0,0,0,62.3362,61.308,5.34789,1,1,1.43831,1.57435,0,1.11118,1.69344,9.02378e+06,3.97174e+06,1.2979e+07,0,0,0,1.19558e+08
103.622,103.622,6.65852,0.57,0,3.16649,3.46599,0,0.593366,6.16896,4.3421e+06,2.97144e+06,1.37492e+07,0,0,0,0,62.3362,61.308,4.30279,1,1,1.43839,1.57444,0,1.11124,1.69344,9.02378e+06,3.97174e+06,1.29797e+07,0,0,0,1.19558e+08
103.622,103.622,6.26675,0.6,0,3.16666,3.46618,0,0.5934,6.16896,4.3421e+06,2.97144e+06,1.375e+07,0,0,0,0,62.3362,61.308,5.12893,1,1,1.43847,1.57453,0,1.1113,1.69344,9.02378e+06,3.97174e+06,1.29805e+07,0,0,0,1.19558e+08
103.622,103.622,12.6885,0.63,0,3.16684,3.46637,0,0.593433,6.16896,4.3421e+06,2.97144e+06,1.37507e+07,0,0,0,0,62.3362,61.308,10.8527,1,1,1.43855,1.57462,0,1.11136,1.69344,9.02378e+06,3.97174e+06,1.29812e+07,0,0,0,1.19558e+08
103.622,103.622,7.83078,0.64,0,3.28273,3.59323,0,0.593466,6.16896,4.3421e+06,2.97144e+06,1.4254e+07,0,0,0,0,62.3362,61.308,5.58925,1,1,1.49649,1.63804,0,1.11143,1.69344,9.02378e+06,3.97174e+06,1.3504e+07,0,0,0,1.19558e+08
103.622,103.622,7.2197,0.64,0,3.28292,3.59343,0,0.615184,6.16896,4.3421e+06,2.97144e+06,1.42548e+07,0,0,0,0,62.3362,61.308,5.87815,1,1,1.49658,1.63813,0,1.15619,1.69344,9.02378e+06,3.97174e+06,1.35048e+07,0,0,0,1.19558e+08
103.622,103.622,6.93751,0.62,0,3.2831,3.59363,0,0.615218,6.16896,4.3421e+06,2.97144e+06,1.42556e+07,0,0,0,0,62.3362,61.308,6.16864,1,1,1.49666,1.63822,0,1.15626,1.69344,9.02378e+06,3.97174e+06,1.35055e+07,0,0,0,1.19558e+08
103.622,103.622,5.34252,0.62,0,3.28328,3.59383,0,0.615253,6.16896,4.3421e+06,2.97144e+06,1.42564e+07,0,0,0,0,62.3362,61.308,4.06562,1,1,1.49674,1.63831,0,1.15632,1.69344,9.02378e+06,3.97174e+06,1.35063e+07,0,0,0,1.19558e+08
103.622,103.622,5.08504,0.6,0,3.23821,3.5445,0,0.615287,6.16896,4.3421e+06,2.97144e+06,1.40606e+07,0,0,0,0,62.3362,61.308,3.12297,1,1,1.47435,1.6138,0,1.15638,1.69344,9.02378e+06,3.97174e+06,1.33042e+07,0,0,0,1.19558e+08
103.622,103.622,5.01816,0.58,0,3.23839,3.54469,0,0.606841,6.16896,4.3421e+06,2.97144e+06,1.40614e+07,0,0,0,0,62.3362,61.308,3.10681,1,1,1.47443,1.61389,0,1.13908,1.69344,9.02378e+06,3.97174e+06,1.33049e+07,0,0,0,1.19558e+08
103.622,103.622,4.32454,0.52,0,3.23857,3.54489,0,0.606874,6.16896,4.3421e+06,2.97144e+06,1.40622e+07,0,0,0,0,62.3362,61.308,2.91888,1,1,1.47451,1.61398,0,1.13915,1.69344,9.02378e+06,3.97174e+06,1.33057e+07,0,0,0,1.19558e+08
103.622,103.622,4.19187,0.49,0,3.23875,3.54509,0,0.606908,6.16896,4.3421e+06,2.97144e+06,1.4063e+07,0,0,0,0,62.3362,61.308,3.0557,1,1,1.4746,1.61407,0,1.13921,1.69344,9.02378e+06,3.97174e+06,1.33064e+07,0,0,0,1.19558e+08
103.622,103.622,3.67787,0.44,0,3.39258,3.71346,0,0.606942,6.16896,4.3421e+06,2.97144e+06,1.47309e+07,0,0,0,0,62.2913,61.308,2.19771,1,1,1.55441,1.70143,0,1.13927,1.69344,9.02378e+06,3.97174e+06,1.40266e+07,0,0,0,1.19558e+08
103.622,103.622,3.35977,0.41,0,3.39277,3.71367,0,0.635769,6.16896,4.3421e+06,2.97144e+06,1.47317e+07,0,0,0,0,62.1225,61.308,2.04964,1,1,1.55449,1.70153,0,1.20093,1.69344,9.02378e+06,3.97174e+06,1.40274e+07,0,0,0,1.19558e+08
103.397,103.622,3.11499,0.38,0,3.64969,3.71388,0,0.635804,6.16896,4.3421e+06,2.97144e+06,1.58473e+07,0,0,0,0,61.8403,61.308,2.06182,1,1,1.67221,1.70162,0,1.201,1.69344,9.02378e+06,3.97174e+06,1.50897e+07,0,0,0,1.19558e+08
103.087,103.622,3.02583,0.34,0,3.6499,3.71408,0,0.683952,6.16896,4.3421e+06,2.97144e+06,1.58482e+07,0,0,0,0,61.5855,61.308,2.03477,1,1,1.67231,1.70171,0,1.29195,1.69344,9.02378e+06,3.97174e+06,1.50905e+07,0,0,0,1.19558e+08
102.635,103.622,2.86878,0.31,0,3.6501,3.71429,0,0.683991,6.16896,4.3421e+06,2.97144e+06,1.58491e+07,0,0,0,0,61.2922,61.308,1.99801,1,1,1.6724,1.70181,0,1.29202,1.69344,9.02378e+06,3.97174e+06,1.50914e+07,0,0,0,1.19558e+08
102.087,103.622,2.74978,0.28,0,3.61761,3.68123,0,0.684029,6.16896,4.3421e+06,2.97144e+06,1.5708e+07,0,0,0,0,61.0165,61.308,2.15808,1,1,1.69344,1.74988,0.0262009,1.2921,1.69344,9.02378e+06,3.97174e+06,1.52812e+07,0,0,0,1.19558e+08
101.288,103.622,2.49349,0.25,0,3.61781,3.68144,0,0.67794,6.16896,4.3421e+06,2.97144e+06,1.57089e+07,0,0,0,0,60.6626,61.308,1.93455,1,1,1.69344,1.74998,0.0262968,1.30835,1.69344,9.02378e+06,3.97174e+06,1.52812e+07,0,0,0,1.19558e+08
100.365,103.622,2.33157,0.24,0,3.61801,3.68164,0,0.677978,6.16896,4.3421e+06,2.97144e+06,1.57098e+07,0,0,0,0,60.2294,61.308,1.95761,1,1,1.69344,1.75008,0.0263927,1.30835,1.69344,9.02378e+06,3.97174e+06,1.52812e+07,0,0,0,1.19558e+08
99.3013,103.622,2.13416,0.22,0,3.61821,3.68185,0,0.678016,6.16896,4.3421e+06,2.97144e+06,1.57107e+07,0,0,0,0,59.6857,61.308,1.71771,1,1,1.69344,1.75018,0.0264885,1.30835,1.69344,9.02378e+06,3.97174e+06,1.52812e+07,0,0,0,1.19558e+08
98.1282,103.622,2.05564,0.24,0,3.70286,3.76798,0,0.678053,6.16896,4.3421e+06,2.97144e+06,1.60782e+07,0,0,0,0,59.2888,61.308,1.78062,1,1,1.69344,1.79304,0.0686141,1.30835,1.69344,9.02378e+06,3.97174e+06,1.52812e+07,0,0,0,1.19558e+08
96.828,103.622,1.88472,0.22,0,3.70307,3.76819,0,0.693917,6.16896,4.3421e+06,2.97144e+06,1.60791e+07,0,0,0,0,58.6536,61.308,1.76026,1,1,1.69344,1.79314,0.0687123,1.30835,1.69344,9.02378e+06,3.97174e+06,1.52812e+07,0,0,0,1.19558e+08
95.4057,103.622,1.72497,0.22,0,3.70328,3.7684,0,0.693955,6.16896,4.3421e+06,2.97144e+06,1.608e+07,0,0,0,0,58.1693,61.308,1.5412,1,1,1.69344,1.79324,0.0688105,1.30835,1.69344,9.02378e+06,3.97174e+06,1.52812e+07,0,0,0,1.19558e+08
94.096,103.622,1.8448,0.28,0,3.70348,3.76861,0,0.693994,6.16896,4.3421e+06,2.97144e+06,1.60809e+07,0,0,0,0,57.7513,61.308,1.82481,1,1,1.69344,1.79334,0.0689087,1.30835,1.69344,9.02378e+06,3.97174e+06,1.52812e+07,0,0,0,1.19558e+08
92.7775,103.622,1.99932,0.28,0,3.95104,4.02053,0,0.694033,6.16896,4.3421e+06,2.97144e+06,1.71558e+07,0,0,0,0,57.432,61.308,2.05756,1,1,1.69344,1.94785,0.220746,1.30835,1.69344,9.02378e+06,3.97174e+06,1.52812e+07,0,0,0,1.19558e+08
91.3442,103.622,1.85618,0.29,0,3.95126,4.02075,0,0.740425,6.16896,4.3421e+06,2.97144e+06,1.71568e+07,0,0,0,0,57.0843,61.308,1.97055,1,1,1.69344,1.94796,0.220853,1.30835,1.69344,9.02378e+06,3.97174e+06,1.52812e+07,0,0,0,1.19558e+08
90.1553,103.622,2.1396,0.29,0,3.95148,4.02097,0,0.740467,6.16896,4.3421e+06,2.97144e+06,1.71578e+07,0,0,0,0,56.7524,61.308,2.10218,1,1,1.69344,1.94807,0.22096,1.30835,1.69344,9.02378e+06,3.97174e+06,1.52812e+07,0,0,0,1.19558e+08
88.9663,103.622,2.07049,0.29,0,3.9517,4.0212,0,0.740508,6.16896,4.3421e+06,2.97144e+06,1.71587e+07,0,0,0,0,56.4314,61.308,2.06755,1,1,1.69344,1.94818,0.221066,1.30835,1.69344,9.02378e+06,3.97174e+06,1.52812e+07,0,0,0,1.19558e+08
87.2962,103.622,1.53437,0.3,0,3.95192,4.02142,0,0.740549,6.16896,4.3421e+06,2.97144e+06,1.71597e+07,0,0,0,0,56.1023,61.308,2.99084,1,1,1.69344,1.94828,0.221173,1.30835,1.69344,9.02378e+06,3.97174e+06,1.52812e+07,0,0,0,1.19558e+08
85.5666,103.622,1.30985,0.32,0,3.83156,3.89894,0,0.74059,6.16896,4.3421e+06,2.97144e+06,1.6637e+07,0,0,0,0,55.4871,61.308,2.13294,1,1,1.69344,1.85465,0.129154,1.30835,1.69344,9.02378e+06,3.97174e+06,1.52812e+07,0,0,0,1.19558e+08
83.6587,103.622,1.08496,0.33,0,3.83177,3.89916,0,0.718034,6.16896,4.3421e+06,2.97144e+06,1.6638e+07,0,0,0,0,54.8122,61.308,1.67993,1,1,1.69344,1.85475,0.129256,1.30835,1.69344,9.02378e+06,3.97174e+06,1.52812e+07,0,0,0,1.19558e+08
82.3035,103.622,1.73819,0.33,0,3.83199,3.89938,0,0.718074,6.16896,4.3421e+06,2.97144e+06,1.66389e+07,0,0,0,0,54.3419,61.308,2.20412,1,1,1.69344,1.85485,0.129357,1.30835,1.69344,9.02378e+06,3.97174e+06,1.52812e+07,0,0,0,1.19558e+08
82.8326,103.622,3.98111,0.39,0,3.8322,3.89959,0,0.718114,6.16896,4.3421e+06,2.97144e+06,1.66398e+07,0,0,0,0,54.1407,61.308,3.05885,1,1,1.69344,1.85496,0.129459,1.30835,1.69344,9.02378e+06,3.97174e+06,1.52812e+07,0,0,0,1.19558e+08
82.571,103.622,2.70346,0.4,0,3.47079,3.79907,0,0.718154,6.16896,4.3421e+06,2.97144e+06,1.50705e+07,0,0,0,0,53.697,61.308,1.59159,1,1,1.61679,1.76971,0,1.30835,1.69344,9.02378e+06,3.97174e+06,1.45895e+07,0,0,0,1.19558e+08
84.9811,103.622,5.8374,0.39,0,3.73362,3.79928,0,0.650425,6.16896,4.3421e+06,2.97144e+06,1.62118e+07,0,0,0,0,53.9773,61.308,4.75162,1,1,1.69344,1.76981,0.0457811,1.24913,1.69344,9.02378e+06,3.97174e+06,1.52812e+07,0,0,0,1.19558e+08
85.226,103.622,3.46611,0.17,0,3.73383,3.79949,0,0.69968,6.16896,4.3421e+06,2.97144e+06,1.62127e+07,0,0,0,0,53.6419,61.308,2.22339,1,1,1.69344,1.76991,0.045878,1.30835,1.69344,9.02378e+06,3.97174e+06,1.52812e+07,0,0,0,1.19558e+08
88.016,103.622,6.28282,0.17,0,3.73404,3.7997,0,0.699719,6.16896,4.3421e+06,2.97144e+06,1.62136e+07,0,0,0,0,53.6299,61.308,2.99222,1,1,1.69344,1.77,0.0459749,1.30835,1.69344,9.02378e+06,3.97174e+06,1.52812e+07,0,0,0,1.19558e+08
91.0642,103.622,6.52471,0.19,0,3.45301,3.51374,0,0.699758,6.16896,4.3421e+06,2.97144e+06,1.49933e+07,0,0,0,0,54.2086,61.308,3.65589,1,1,1.56478,1.5923,0,1.30835,1.69344,9.02378e+06,3.97174e+06,1.41203e+07,0,0,0,1.19558e+08
92.7762,103.622,5.22985,0.12,0,3.45321,3.51393,0,0.647095,6.16896,4.3421e+06,2.97144e+06,1.49942e+07,0,0,0,0,54.6937,61.308,4.30606,1,1,1.56487,1.59239,0,1.20895,1.69344,9.02378e+06,3.97174e+06,1.4121e+07,0,0,0,1.19558e+08
94.4488,103.622,5.30734,0.15,0,3.4534,3.51413,0,0.647131,6.16896,4.3421e+06,2.97144e+06,1.4995e+07,0,0,0,0,55.3443,61.308,6.94186,1,1,1.56496,1.59248,0,1.20902,1.69344,9.02378e+06,3.97174e+06,1.41218e+07,0,0,0,1.19558e+08
95.9964,103.622,5.15636,0.17,0,3.45359,3.51433,0,0.647167,6.16896,4.3421e+06,2.97144e+06,1.49959e+07,0,0,0,0,55.855,61.308,6.23487,1,1,1.56505,1.59257,0,1.20909,1.69344,9.02378e+06,3.97174e+06,1.41226e+07,0,0,0,1.19558e+08
99.4567,103.622,7.20434,0.2,0,3.45378,3.51452,0,0.647203,6.16896,4.3421e+06,2.97144e+06,1.49967e+07,0,0,0,0,57.056,61.308,6.01314,1,1,1.56513,1.59266,0,1.20915,1.69344,9.02378e+06,3.97174e+06,1.41234e+07,0,0,0,1.19558e+08
103.622,103.622,8.56719,0,0,3.56216,3.62481,0,0.647239,6.16896,4.3421e+06,2.97144e+06,1.54673e+07,0,0,0,0,58.8081,61.308,7.67454,1,1,1.61582,1.64424,0,1.20922,1.69344,9.02378e+06,3.97174e+06,1.45808e+07,0,0,0,1.19558e+08
103.622,103.622,5.95017,0.18,0,3.56233,3.62498,0,0.667549,6.16896,4.3421e+06,2.97144e+06,1.5468e+07,0,0,0,0,59.872,61.308,5.96605,1,1,1.6159,1.64431,0,1.24838,1.69344,9.02378e+06,3.97174e+06,1.45815e+07,0,0,0,1.19558e+08
103.622,103.622,6.37062,0.19,0,3.56249,3.62514,0,0.66758,6.16896,4.3421e+06,2.97144e+06,1.54687e+07,0,0,0,0,60.9955,61.308,6.31045,1,1,1.61597,1.64439,0,1.24844,1.69344,9.02378e+06,3.97174e+06,1.45822e+07,0,0,0,1.19558e+08
103.622,103.622,7.54592,0.32,0,3.56266,3.62531,0,0.667611,6.16896,4.3421e+06,2.97144e+06,1.54694e+07,0,0,0,0,62.3362,61.308,6.89908,1,1,1.61605,1.64447,0,1.2485,1.69344,9.02378e+06,3.97174e+06,1.45829e+07,0,0,0,1.19558e+08
103.622,103.622,7.56284,0.35,0,3.91034,3.9791,0,0.667642,6.16896,4.3421e+06,2.97144e+06,1.69791e+07,0,0,0,0,62.3362,61.308,4.93874,1,1,1.69344,1.83791,0.112705,1.24856,1.69344,9.02378e+06,3.97174e+06,1.52812e+07,0,0,0,1.19558e+08
103.622,103.622,5.18888,0.36,0,3.91052,3.97929,0,0.732797,6.16896,4.3421e+06,2.97144e+06,1.69799e+07,0,0,0,0,62.3362,61.308,4.2679,1,1,1.69344,1.83799,0.112789,1.30835,1.69344,9.02378e+06,3.97174e+06,1.52812e+07,0,0,0,1.19558e+08
103.622,103.622,5.94105,0.39,0,3.9107,3.97948,0,0.732831,6.16896,4.3421e+06,2.97144e+06,1.69807e+07,0,0,0,0,62.3362,61.308,4.51005,1,1,1.69344,1.83808,0.112873,1.30835,1.69344,9.02378e+06,3.97174e+06,1.52812e+07,0,0,0,1.19558e+08
103.622,103.622,6.18638,0.42,0,3.63577,3.97966,0,0.732865,6.16896,4.3421e+06,2.97144e+06,1.57869e+07,0,0,0,0,62.3362,61.308,5.19299,1,1,1.67933,1.83816,0,1.30835,1.69344,9.02378e+06,3.97174e+06,1.51539e+07,0,0,0,1.19558e+08
102.944,103.622,2.59133,0.45,0,3.17506,3.47538,0,0.681344,6.16896,4.3421e+06,2.97144e+06,1.37865e+07,0,0,0,0,62.3362,61.308,2.60978,1,1,1.44229,1.57871,0,1.29745,1.69344,9.02378e+06,3.97174e+06,1.30149e+07,0,0,0,1.19558e+08
103.622,103.622,4.41464,0.47,0,3.17521,3.47554,0,0.595007,6.16896,4.3421e+06,2.97144e+06,1.37871e+07,0,0,0,0,62.3362,61.308,4.40394,1,1,1.44236,1.57878,0,1.11431,1.69344,9.02378e+06,3.97174e+06,1.30155e+07,0,0,0,1.19558e+08
103.622,103.622,7.87631,0.55,0,3.17536,3.4757,0,0.595035,6.16896,4.3421e+06,2.97144e+06,1.37877e+07,0,0,0,0,62.3362,61.308,6.85096,1,1,1.44242,1.57885,0,1.11436,1.69344,9.02378e+06,3.97174e+06,1.30161e+07,0,0,0,1.19558e+08
103.622,103.622,8.18073,0.58,0,3.17551,3.47586,0,0.595062,6.16896,4.3421e+06,2.97144e+06,1.37884e+07,0,0,0,0,62.3362,61.308,5.79605,1,1,1.44249,1.57893,0,1.11442,1.69344,9.02378e+06,3.97174e+06,1.30167e+07,0,0,0,1.19558e+08
103.622,103.622,6.62762,0.61,0,3.17566,3.47602,0,0.59509,6.16896,4.3421e+06,2.97144e+06,1.3789e+07,0,0,0,0,62.3362,61.308,4.57814,1,1,1.44256,1.579,0,1.11447,1.69344,9.02378e+06,3.97174e+06,1.30173e+07,0,0,0,1.19558e+08
103.622,103.622,7.73677,0.62,0,3.29184,3.6032,0,0.595118,6.16896,4.3421e+06,2.97144e+06,1.42935e+07,0,0,0,0,62.3362,61.308,6.19245,1,1,1.50065,1.64258,0,1.11452,1.69344,9.02378e+06,3.97174e+06,1.35415e+07,0,0,0,1.19558e+08
103.622,103.622,5.64131,0.62,0,3.29199,3.60337,0,0.616891,6.16896,4.3421e+06,2.97144e+06,1.42942e+07,0,0,0,0,62.3362,61.308,4.34887,1,1,1.50072,1.64266,0,1.1594,1.69344,9.02378e+06,3.97174e+06,1.35421e+07,0,0,0,1.19558e+08
103.622,103.622,4.75682,0.6,0,3.29215,3.60353,0,0.61692,6.16896,4.3421e+06,2.97144e+06,1.42948e+07,0,0,0,0,62.3362,61.308,3.65628,1,1,1.50079,1.64274,0,1.15945,1.69344,9.02378e+06,3.97174e+06,1.35428e+07,0,0,0,1.19558e+08
103.622,103.622,4.43331,0.6,0,3.2923,3.6037,0,0.616948,6.16896,4.3421e+06,2.97144e+06,1.42955e+07,0,0,0,0,62.3362,61.308,3.35444,1,1,1.50086,1.64281,0,1.15951,1.69344,9.02378e+06,3.97174e+06,1.35434e+07,0,0,0,1.19558e+08
103.622,103.622,4.14138,0.57,0,3.24708,3.5542,0,0.616977,6.16896,4.3421e+06,2.97144e+06,1.40991e+07,0,0,0,0,62.3362,61.308,3.72904,1,1,1.47839,1.61822,0,1.15956,1.69344,9.02378e+06,3.97174e+06,1.33406e+07,0,0,0,1.19558e+08
103.622,103.622,3.75189,0.56,0,3.24723,3.55437,0,0.608502,6.16896,4.3421e+06,2.97144e+06,1.40998e+07,0,0,0,0,62.3362,61.308,3.22707,1,1,1.47846,1.61829,0,1.1422,1.69344,9.02378e+06,3.97174e+06,1.33413e+07,0,0,0,1.19558e+08
103.622,103.622,4.41356,0.5,0,3.24738,3.55453,0,0.60853,6.16896,4.3421e+06,2.97144e+06,1.41005e+07,0,0,0,0,62.3362,61.308,3.15698,1,1,1.47852,1.61837,0,1.14225,1.69344,9.02378e+06,3.97174e+06,1.33419e+07,0,0,0,1.19558e+08
103.622,103.622,3.51417,0.45,0,3.24753,3.5547,0,0.608559,6.16896,4.3421e+06,2.97144e+06,1.41011e+07,0,0,0,0,62.3362,61.308,3.13578,1,1,1.47859,1.61845,0,1.14231,1.69344,9.02378e+06,3.97174e+06,1.33425e+07,0,0,0,1.19558e+08
103.622,103.622,3.78274,0.42,0,3.40174,3.72349,0,0.608587,6.16896,4.3421e+06,2.97144e+06,1.47707e+07,0,0,0,0,62.3362,61.308,3.41477,1,1,1.55861,1.70603,0,1.14236,1.69344,9.02378e+06,3.97174e+06,1.40645e+07,0,0,0,1.19558e+08
103.622,103.622,3.75833,0.38,0,3.65931,3.72367,0,0.637486,6.16896,4.3421e+06,2.97144e+06,1.58891e+07,0,0,0,0,62.3362,61.308,3.18821,1,1,1.67662,1.70611,0,1.20418,1.69344,9.02378e+06,3.97174e+06,1.51295e+07,0,0,0,1.19558e+08
103.472,103.622,3.34565,0.36,0,3.65949,3.72384,0,0.685756,6.16896,4.3421e+06,2.97144e+06,1.58899e+07,0,0,0,0,62.3362,61.308,3.00315,1,1,1.6767,1.70619,0,1.29536,1.69344,9.02378e+06,3.97174e+06,1.51302e+07,0,0,0,1.19558e+08
103.195,103.622,3.16876,0.32,0,3.65966,3.72402,0,0.685788,6.16896,4.3421e+06,2.97144e+06,1.58906e+07,0,0,0,0,62.3249,61.308,2.85596,1,1,1.67678,1.70627,0,1.29542,1.69344,9.02378e+06,3.97174e+06,1.51309e+07,0,0,0,1.19558e+08
102.655,103.622,2.83388,0.29,0,3.65983,3.72419,0,0.68582,6.16896,4.3421e+06,2.97144e+06,1.58914e+07,0,0,0,0,62.3362,61.308,3.09582,1,1,1.67686,1.70634,0,1.29548,1.69344,9.02378e+06,3.97174e+06,1.51316e+07,0,0,0,1.19558e+08
101.97,103.622,2.6072,0.26,0,3.62722,3.69101,0,0.685852,6.16896,4.3421e+06,2.97144e+06,1.57498e+07,0,0,0,0,62.3362,61.308,3.16788,1,1,1.69344,1.75453,0.0307679,1.29554,1.69344,9.02378e+06,3.97174e+06,1.52812e+07,0,0,0,1.19558e+08
101.096,103.622,2.40571,0.23,0,3.62739,3.69118,0,0.67974,6.16896,4.3421e+06,2.97144e+06,1.57505e+07,0,0,0,0,62.3362,61.308,3.18033,1,1,1.69344,1.75461,0.0308482,1.30835,1.69344,9.02378e+06,3.97174e+06,1.52812e+07,0,0,0,1.19558e+08
100.05,103.622,2.20858,0.21,0,3.62756,3.69135,0,0.679772,6.16896,4.3421e+06,2.97144e+06,1.57512e+07,0,0,0,0,62.3362,61.308,2.80276,1,1,1.69344,1.75469,0.0309286,1.30835,1.69344,9.02378e+06,3.97174e+06,1.52812e+07,0,0,0,1.19558e+08
98.9039,103.622,2.0582,0.2,0,3.62772,3.69152,0,0.679804,6.16896,4.3421e+06,2.97144e+06,1.5752e+07,0,0,0,0,62.3035,61.308,2.77644,1,1,1.69344,1.75478,0.0310091,1.30835,1.69344,9.02378e+06,3.97174e+06,1.52812e+07,0,0,0,1.19558e+08
97.7307,103.622,2.0342,0.2,0,3.71256,3.77785,0,0.679836,6.16896,4.3421e+06,2.97144e+06,1.61203e+07,0,0,0,0,62.3039,61.308,2.82401,1,1,1.69344,1.79774,0.0732293,1.30835,1.69344,9.02378e+06,3.97174e+06,1.52812e+07,0,0,0,1.19558e+08
96.3934,103.622,1.8431,0.15,0,3.71273,3.77803,0,0.695734,6.16896,4.3421e+06,2.97144e+06,1.61211e+07,0,0,0,0,62.2595,61.308,2.84404,1,1,1.69344,1.79782,0.0733116,1.30835,1.69344,9.02378e+06,3.97174e+06,1.52812e+07,0,0,0,1.19558e+08
94.9329,103.622,1.72416,0.25,0,3.71291,3.7782,0,0.695766,6.16896,4.3421e+06,2.97144e+06,1.61218e+07,0,0,0,0,62.1614,61.308,2.87005,1,1,1.69344,1.79791,0.073394,1.30835,1.69344,9.02378e+06,3.97174e+06,1.52812e+07,0,0,0,1.19558e+08
94.5128,103.622,2.92305,0.15,0,3.71308,3.77838,0,0.695799,6.16896,4.3421e+06,2.97144e+06,1.61226e+07,0,0,0,0,62.3362,61.308,4.14213,1,1,1.69344,1.79799,0.0734763,1.30835,1.69344,9.02378e+06,3.97174e+06,1.52812e+07,0,0,0,1.19558e+08
93.4222,103.622,2.32425,0.14,0,3.96125,4.03091,0,0.695831,6.16896,4.3421e+06,2.97144e+06,1.72001e+07,0,0,0,0,62.3362,61.308,3.26579,1,1,1.69344,1.95288,0.22569,1.30835,1.69344,9.02378e+06,3.97174e+06,1.52812e+07,0,0,0,1.19558e+08
92.3745,103.622,2.34962,0.14,0,3.96143,4.0311,0,0.742338,6.16896,4.3421e+06,2.97144e+06,1.72009e+07,0,0,0,0,62.3362,61.308,3.68396,1,1,1.69344,1.95297,0.225779,1.30835,1.69344,9.02378e+06,3.97174e+06,1.52812e+07,0,0,0,1.19558e+08
90.9188,103.622,1.89509,0,0,3.96162,4.03129,0,0.742372,6.16896,4.3421e+06,2.97144e+06,1.72017e+07,0,0,0,0,62.3362,61.308,2.76621,1,1,1.69344,1.95306,0.225869,1.30835,1.69344,9.02378e+06,3.97174e+06,1.52812e+07,0,0,0,1.19558e+08
89.8353,103.622,2.30343,0,0,3.9618,4.03147,0,0.742407,6.16896,4.3421e+06,2.97144e+06,1.72026e+07,0,0,0,0,62.3362,61.308,4.53583,1,1,1.69344,1.95315,0.225958,1.30835,1.69344,9.02378e+06,3.97174e+06,1.52812e+07,0,0,0,1.19558e+08
88.7261,103.622,2.28008,0,0,3.96198,4.03166,0,0.742441,6.16896,4.3421e+06,2.97144e+06,1.72034e+07,0,0,0,0,62.3362,61.308,3.53897,1,1,1.69344,1.95324,0.226048,1.30835,1.69344,9.02378e+06,3.97174e+06,1.52812e+07,0,0,0,1.19558e+08
87.7613,103.622,2.38015,0,0,3.84128,3.90883,0,0.742476,6.16896,4.3421e+06,2.97144e+06,1.66792e+07,0,0,0,0,62.3362,61.308,5.68422,1,1,1.69344,1.85935,0.133778,1.30835,1.69344,9.02378e+06,3.97174e+06,1.52812e+07,0,0,0,1.19558e+08
86.5748,103.622,2.08435,0,0,3.84146,3.90901,0,0.719856,6.16896,4.3421e+06,2.97144e+06,1.668e+07,0,0,0,0,62.3362,61.308,3.45951,1,1,1.69344,1.85944,0.133863,1.30835,1.69344,9.02378e+06,3.97174e+06,1.52812e+07,0,0,0,1.19558e+08
85.099,103.622,1.75216,0,0,3.84164,3.9092,0,0.719889,6.16896,4.3421e+06,2.97144e+06,1.66808e+07,0,0,0,0,62.3362,61.308,3.06518,1,1,1.69344,1.85952,0.133948,1.30835,1.69344,9.02378e+06,3.97174e+06,1.52812e+07,0,0,0,1.19558e+08
84.831,103.622,3.22559,0,0,3.84182,3.90938,0,0.719923,6.16896,4.3421e+06,2.97144e+06,1.66816e+07,0,0,0,0,62.3362,61.308,4.18985,1,1,1.69344,1.85961,0.134033,1.30835,1.69344,9.02378e+06,3.97174e+06,1.52812e+07,0,0,0,1.19558e+08
83.4141,103.622,1.94887,0,0,3.74275,3.80857,0,0.719956,6.16896,4.3421e+06,2.97144e+06,1.62514e+07,0,0,0,0,62.2869,61.308,3.25049,1,1,1.69344,1.77413,0.0500327,1.30835,1.69344,9.02378e+06,3.97174e+06,1.52812e+07,0,0,0,1.19558e+08
82.1418,103.622,2.04775,0,0,3.74292,3.80875,0,0.701391,6.16896,4.3421e+06,2.97144e+06,1.62522e+07,0,0,0,0,62.3094,61.308,2.09699,1,1,1.69344,1.77422,0.050114,1.30835,1.69344,9.02378e+06,3.97174e+06,1.52812e+07,0,0,0,1.19558e+08
83.3395,103.622,4.72079,0,0,3.7431,3.80892,0,0.701424,6.16896,4.3421e+06,2.97144e+06,1.62529e+07,0,0,0,0,62.3362,61.308,5.69586,1,1,1.69344,1.7743,0.0501952,1.30835,1.69344,9.02378e+06,3.97174e+06,1.52812e+07,0,0,0,1.19558e+08
86.1183,103.622,6.58159,0,0,3.74327,3.8091,0,0.701456,6.16896,4.3421e+06,2.97144e+06,1.62537e+07,0,0,0,0,62.3362,61.308,9.23052,1,1,1.69344,1.77438,0.0502765,1.30835,1.69344,9.02378e+06,3.97174e+06,1.52812e+07,0,0,0,1.19558e+08
89.8382,103.622,7.54282,0,0,3.46152,3.5224,0,0.701489,6.16896,4.3421e+06,2.97144e+06,1.50303e+07,0,0,0,0,62.3362,61.308,15.3883,1,1,1.56864,1.59623,0,1.30835,1.69344,9.02378e+06,3.97174e+06,1.41551e+07,0,0,0,1.19558e+08
93.2678,103.622,7.88432,0,0,3.46168,3.52256,0,0.648689,6.16896,4.3421e+06,2.97144e+06,1.5031e+07,0,0,0,0,62.3362,61.308,20.8316,1,1,1.56871,1.5963,0,1.21193,1.69344,9.02378e+06,3.97174e+06,1.41557e+07,0,0,0,1.19558e+08
102.418,103.622,13.7842,0,0,3.46184,3.52272,0,0.648719,6.16896,4.3421e+06,2.97144e+06,1.50317e+07,0,0,0,0,62.3362,61.308,21.529,1,1,1.56879,1.59637,0,1.21199,1.69344,9.02378e+06,3.97174e+06,1.41564e+07,0,0,0,1.19558e+08
103.622,103.622,14.0877,0,0,3.462,3.52289,0,0.648749,6.16896,4.3421e+06,2.97144e+06,1.50324e+07,0,0,0,0,62.3362,61.308,23.7385,1,1,1.56886,1.59645,0,1.21204,1.69344,9.02378e+06,3.97174e+06,1.4157e+07,0,0,0,1.19558e+08
103.622,103.622,7.72889,0,0,3.46217,3.52305,0,0.64878,6.16896,4.3421e+06,2.97144e+06,1.50331e+07,0,0,0,0,62.3362,61.308,10.7244,1,1,1.56893,1.59652,0,1.2121,1.69344,9.02378e+06,3.97174e+06,1.41577e+07,0,0,0,1.19558e+08
103.622,103.622,6.57858,0,0,3.57077,3.63357,0,0.64881,6.16896,4.3421e+06,2.97144e+06,1.55047e+07,0,0,0,0,62.3362,61.308,6.4783,1,1,1.61973,1.64821,0,1.21216,1.69344,9.02378e+06,3.97174e+06,1.46161e+07,0,0,0,1.19558e+08
103.622,103.622,5.45021,0.13,0,3.57091,3.63371,0,0.669163,6.16896,4.3421e+06,2.97144e+06,1.55053e+07,0,0,0,0,62.3362,61.308,5.72818,1,1,1.61979,1.64828,0,1.2514,1.69344,9.02378e+06,3.97174e+06,1.46166e+07,0,0,0,1.19558e+08
103.622,103.622,4.96525,0.16,0,3.57104,3.63384,0,0.669188,6.16896,4.3421e+06,2.97144e+06,1.55058e+07,0,0,0,0,62.3362,61.308,5.3443,1,1,1.61985,1.64834,0,1.25145,1.69344,9.02378e+06,3.97174e+06,1.46172e+07,0,0,0,1.19558e+08
103.622,103.622,4.80522,0.17,0,3.57118,3.63398,0,0.669213,6.16896,4.3421e+06,2.97144e+06,1.55064e+07,0,0,0,0,62.3362,61.308,4.70976,1,1,1.61991,1.6484,0,1.2515,1.69344,9.02378e+06,3.97174e+06,1.46177e+07,0,0,0,1.19558e+08
103.622,103.622,4.75816,0.17,0,3.91965,3.98858,0,0.669238,6.16896,4.3421e+06,2.97144e+06,1.70195e+07,0,0,0,0,62.3362,61.308,4.532,1,1,1.69344,1.84228,0.117005,1.25154,1.69344,9.02378e+06,3.97174e+06,1.52812e+07,0,0,0,1.19558e+08
103.622,103.622,6.80084,0.18,0,3.91979,3.98873,0,0.734542,6.16896,4.3421e+06,2.97144e+06,1.70202e+07,0,0,0,0,62.3362,61.308,4.30897,1,1,1.69344,1.84235,0.117073,1.30835,1.69344,9.02378e+06,3.97174e+06,1.52812e+07,0,0,0,1.19558e+08
103.622,103.622,6.17197,0.19,0,3.91994,3.98888,0,0.734569,6.16896,4.3421e+06,2.97144e+06,1.70208e+07,0,0,0,0,62.3362,61.308,5.1867,1,1,1.69344,1.84242,0.117141,1.30835,1.69344,9.02378e+06,3.97174e+06,1.52812e+07,0,0,0,1.19558e+08
103.622,103.622,9.33,0.22,0,3.92009,3.98903,0,0.734597,6.16896,4.3421e+06,2.97144e+06,1.70214e+07,0,0,0,0,62.3362,61.308,3.74618,1,1,1.69344,1.84249,0.117209,1.30835,1.69344,9.02378e+06,3.97174e+06,1.52812e+07,0,0,0,1.19558e+08
103.622,103.622,7.12545,0.43,0,3.18251,3.48352,0,0.734624,6.16896,4.3421e+06,2.97144e+06,1.38188e+07,0,0,0,0,62.3362,61.308,6.92923,1,1,1.44567,1.58241,0,1.30835,1.69344,9.02378e+06,3.97174e+06,1.30454e+07,0,0,0,1.19558e+08
103.622,103.622,6.81393,0.45,0,3.18263,3.48365,0,0.596402,6.16896,4.3421e+06,2.97144e+06,1.38193e+07,0,0,0,0,62.3362,61.308,7.35427,1,1,1.44572,1.58247,0,1.11692,1.69344,9.02378e+06,3.97174e+06,1.30459e+07,0,0,0,1.19558e+08
103.622,103.622,8.7904,0.53,0,3.18274,3.48378,0,0.596424,6.16896,4.3421e+06,2.97144e+06,1.38198e+07,0,0,0,0,62.3362,61.308,8.17837,1,1,1.44578,1.58253,0,1.11697,1.69344,9.02378e+06,3.97174e+06,1.30464e+07,0,0,0,1.19558e+08
103.622,103.622,8.38187,0.56,0,3.18286,3.48391,0,0.596446,6.16896,4.3421e+06,2.97144e+06,1.38203e+07,0,0,0,0,62.3362,61.308,7.96791,1,1,1.44583,1.58258,0,1.11701,1.69344,9.02378e+06,3.97174e+06,1.30469e+07,0,0,0,1.19558e+08
103.622,103.622,13.0694,0.59,0,3.18298,3.48404,0,0.596469,6.16896,4.3421e+06,2.97144e+06,1.38208e+07,0,0,0,0,62.3362,61.308,8.82611,1,1,1.44589,1.58264,0,1.11705,1.69344,9.02378e+06,3.97174e+06,1.30474e+07,0,0,0,1.19558e+08
103.622,103.622,10.7005,0.6,0,3.29941,3.61148,0,0.596491,6.16896,4.3421e+06,2.97144e+06,1.43264e+07,0,0,0,0,62.3362,61.308,6.22967,1,1,1.50409,1.64636,0,1.11709,1.69344,9.02378e+06,3.97174e+06,1.35726e+07,0,0,0,1.19558e+08
103.622,103.622,8.8773,0.61,0,3.29953,3.61161,0,0.618309,6.16896,4.3421e+06,2.97144e+06,1.43269e+07,0,0,0,0,62.3362,61.308,5.77566,1,1,1.50415,1.64642,0,1.16206,1.69344,9.02378e+06,3.97174e+06,1.35731e+07,0,0,0,1.19558e+08
103.622,103.622,8.39376,0.58,0,3.29965,3.61175,0,0.618332,6.16896,4.3421e+06,2.97144e+06,1.43274e+07,0,0,0,0,62.3362,61.308,5.91592,1,1,1.50421,1.64648,0,1.16211,1.69344,9.02378e+06,3.97174e+06,1.35736e+07,0,0,0,1.19558e+08
103.622,103.622,8.41689,0.58,0,3.29978,3.61188,0,0.618355,6.16896,4.3421e+06,2.97144e+06,1.4328e+07,0,0,0,0,62.3362,61.308,6.02492,1,1,1.50426,1.64654,0,1.16215,1.69344,9.02378e+06,3.97174e+06,1.35741e+07,0,0,0,1.19558e+08
103.622,103.622,8.26217,0.56,0,3.25442,3.56224,0,0.618378,6.16896,4.3421e+06,2.97144e+06,1.4131e+07,0,0,0,0,62.3362,61.308,5.96793,1,1,1.48173,1.62188,0,1.16219,1.69344,9.02378e+06,3.97174e+06,1.33708e+07,0,0,0,1.19558e+08
103.622,103.622,7.15387,0.54,0,3.25454,3.56237,0,0.609878,6.16896,4.3421e+06,2.97144e+06,1.41316e+07,0,0,0,0,62.3362,61.308,5.04051,1,1,1.48178,1.62194,0,1.14478,1.69344,9.02378e+06,3.97174e+06,1.33713e+07,0,0,0,1.19558e+08
103.622,103.622,6.75812,0.49,0,3.25466,3.5625,0,0.609901,6.16896,4.3421e+06,2.97144e+06,1.41321e+07,0,0,0,0,62.3362,61.308,4.29411,1,1,1.48184,1.622,0,1.14483,1.69344,9.02378e+06,3.97174e+06,1.33718e+07,0,0,0,1.19558e+08
103.622,103.622,6.19286,0.46,0,3.25478,3.56264,0,0.609924,6.16896,4.3421e+06,2.97144e+06,1.41326e+07,0,0,0,0,62.3362,61.308,4.05979,1,1,1.4819,1.62206,0,1.14487,1.69344,9.02378e+06,3.97174e+06,1.33723e+07,0,0,0,1.19558e+08
103.622,103.622,5.3556,0.4,0,3.40931,3.73178,0,0.609947,6.16896,4.3421e+06,2.97144e+06,1.48036e+07,0,0,0,0,62.3362,61.308,3.35177,1,1,1.56207,1.70982,0,1.14491,1.69344,9.02378e+06,3.97174e+06,1.40958e+07,0,0,0,1.19558e+08
103.622,103.622,5.01264,0.38,0,3.66742,3.73192,0,0.638905,6.16896,4.3421e+06,2.97144e+06,1.59243e+07,0,0,0,0,62.3362,61.308,3.20649,1,1,1.68033,1.70989,0,1.20686,1.69344,9.02378e+06,3.97174e+06,1.5163e+07,0,0,0,1.19558e+08
103.622,103.622,4.78822,0.35,0,3.66756,3.73206,0,0.687275,6.16896,4.3421e+06,2.97144e+06,1.59249e+07,0,0,0,0,62.3362,61.308,3.39936,1,1,1.6804,1.70995,0,1.29823,1.69344,9.02378e+06,3.97174e+06,1.51635e+07,0,0,0,1.19558e+08
103.622,103.622,4.42627,0.32,0,3.6677,3.7322,0,0.6873,6.16896,4.3421e+06,2.97144e+06,1.59255e+07,0,0,0,0,62.3362,61.308,3.25766,1,1,1.68046,1.71001,0,1.29828,1.69344,9.02378e+06,3.97174e+06,1.51641e+07,0,0,0,1.19558e+08
103.622,103.622,3.61791,0.28,0,3.66783,3.73234,0,0.687326,6.16896,4.3421e+06,2.97144e+06,1.59261e+07,0,0,0,0,62.2421,61.308,2.68809,1,1,1.68052,1.71008,0,1.29832,1.69344,9.02378e+06,3.97174e+06,1.51647e+07,0,0,0,1.19558e+08
103.146,103.622,2.77549,0.25,0,3.63512,3.69905,0,0.687352,6.16896,4.3421e+06,2.97144e+06,1.57841e+07,0,0,0,0,61.8399,61.308,1.93507,1,1,1.69344,1.75835,0.0345238,1.29837,1.69344,9.02378e+06,3.97174e+06,1.52812e+07,0,0,0,1.19558e+08
102.582,103.622,2.66891,0.21,0,3.63525,3.69919,0,0.681221,6.16896,4.3421e+06,2.97144e+06,1.57847e+07,0,0,0,0,61.3676,61.308,1.92899,1,1,1.69344,1.75842,0.0345885,1.30835,1.69344,9.02378e+06,3.97174e+06,1.52812e+07,0,0,0,1.19558e+08
101.765,103.622,2.3689,0.2,0,3.63539,3.69932,0,0.681247,6.16896,4.3421e+06,2.97144e+06,1.57852e+07,0,0,0,0,60.868,61.308,1.72285,1,1,1.69344,1.75848,0.0346531,1.30835,1.69344,9.02378e+06,3.97174e+06,1.52812e+07,0,0,0,1.19558e+08
100.868,103.622,2.26697,0.21,0,3.63553,3.69946,0,0.681272,6.16896,4.3421e+06,2.97144e+06,1.57858e+07,0,0,0,0,60.3258,61.308,1.80775,1,1,1.69344,1.75855,0.0347178,1.30835,1.69344,9.02378e+06,3.97174e+06,1.52812e+07,0,0,0,1.19558e+08
99.7367,103.622,2.07158,0.22,0,3.72051,3.78594,0,0.681298,6.16896,4.3421e+06,2.97144e+06,1.61549e+07,0,0,0,0,59.7518,61.308,1.6862,1,1,1.69344,1.80159,0.0770126,1.30835,1.69344,9.02378e+06,3.97174e+06,1.52812e+07,0,0,0,1.19558e+08
98.5009,103.622,1.9507,0.22,0,3.72065,3.78608,0,0.697224,6.16896,4.3421e+06,2.97144e+06,1.61555e+07,0,0,0,0,59.0329,61.308,1.6796,1,1,1.69344,1.80166,0.0770788,1.30835,1.69344,9.02378e+06,3.97174e+06,1.52812e+07,0,0,0,1.19558e+08
97.0802,103.622,1.73759,0.22,0,3.72079,3.78623,0,0.69725,6.16896,4.3421e+06,2.97144e+06,1.61561e+07,0,0,0,0,58.2907,61.308,1.52439,1,1,1.69344,1.80172,0.0771451,1.30835,1.69344,9.02378e+06,3.97174e+06,1.52812e+07,0,0,0,1.19558e+08
95.5394,103.622,1.58496,0.22,0,3.72093,3.78637,0,0.697276,6.16896,4.3421e+06,2.97144e+06,1.61567e+07,0,0,0,0,57.3732,61.308,1.48677,1,1,1.69344,1.80179,0.0772113,1.30835,1.69344,9.02378e+06,3.97174e+06,1.52812e+07,0,0,0,1.19558e+08
93.4105,103.622,1.12003,0.26,0,3.96958,4.03939,0,0.697302,6.16896,4.3421e+06,2.97144e+06,1.72363e+07,0,0,0,0,56.2461,61.308,1.24965,1,1,1.69344,1.95699,0.229729,1.30835,1.69344,9.02378e+06,3.97174e+06,1.52812e+07,0,0,0,1.19558e+08
91.0807,103.622,0.87165,0.27,0,3.96973,4.03954,0,0.7439,6.16896,4.3421e+06,2.97144e+06,1.7237e+07,0,0,0,0,55.0647,61.308,1.01527,1,1,1.69344,1.95706,0.229801,1.30835,1.69344,9.02378e+06,3.97174e+06,1.52812e+07,0,0,0,1.19558e+08
88.8489,103.622,0.937608,0.28,0,3.96988,4.0397,0,0.743928,6.16896,4.3421e+06,2.97144e+06,1.72376e+07,0,0,0,0,54.0654,61.308,1.02391,1,1,1.69344,1.95714,0.229873,1.30835,1.69344,9.02378e+06,3.97174e+06,1.52812e+07,0,0,0,1.19558e+08
87.0712,103.622,1.40689,0.29,0,3.97003,4.03985,0,0.743956,6.16896,4.3421e+06,2.97144e+06,1.72383e+07,0,0,0,0,53.1154,61.308,1.22841,1,1,1.69344,1.95721,0.229945,1.30835,1.69344,9.02378e+06,3.97174e+06,1.52812e+07,0,0,0,1.19558e+08
85.6964,103.622,1.82505,0.28,0,3.97018,4.04,0,0.743983,6.16896,4.3421e+06,2.97144e+06,1.72389e+07,0,0,0,0,51.9608,61.308,1.29723,1,1,1.69344,1.95728,0.230017,1.30835,1.69344,9.02378e+06,3.97174e+06,1.52812e+07,0,0,0,1.19558e+08
83.5323,103.622,0.957258,0.3,0,3.84919,3.91688,0,0.744011,6.16896,4.3421e+06,2.97144e+06,1.67136e+07,0,0,0,0,51.1407,61.308,0.876512,1,1,1.69344,1.86318,0.137539,1.30835,1.69344,9.02378e+06,3.97174e+06,1.52812e+07,0,0,0,1.19558e+08
81.5226,103.622,1.13855,0.31,0,3.84933,3.91703,0,0.721338,6.16896,4.3421e+06,2.97144e+06,1.67142e+07,0,0,0,0,50.4877,61.308,1.48564,1,1,1.69344,1.86325,0.137608,1.30835,1.69344,9.02378e+06,3.97174e+06,1.52812e+07,0,0,0,1.19558e+08
79.5182,103.622,1.07992,0.37,0,3.84947,3.91717,0,0.721365,6.16896,4.3421e+06,2.97144e+06,1.67148e+07,0,0,0,0,49.9999,61.308,1.41882,1,1,1.69344,1.86332,0.137676,1.30835,1.69344,9.02378e+06,3.97174e+06,1.52812e+07,0,0,0,1.19558e+08
77.5399,103.622,1.08188,0.39,0,3.84962,3.91732,0,0.721392,6.16896,4.3421e+06,2.97144e+06,1.67154e+07,0,0,0,0,49.0047,61.308,1.68148,1,1,1.69344,1.86339,0.137745,1.30835,1.69344,9.02378e+06,3.97174e+06,1.52812e+07,0,0,0,1.19558e+08
75.4746,103.622,0.907507,0.38,0,3.75031,3.81627,0,0.721419,6.16896,4.3421e+06,2.97144e+06,1.62843e+07,0,0,0,0,48.4889,61.308,0.952166,1,1,1.69344,1.77772,0.0535576,1.30835,1.69344,9.02378e+06,3.97174e+06,1.52812e+07,0,0,0,1.19558e+08
73.8036,103.622,1.22807,0.46,0,3.48663,3.81641,0,0.702809,6.16896,4.3421e+06,2.97144e+06,1.51393e+07,0,0,0,0,48.4056,61.308,2.08077,1,1,1.62417,1.77779,0,1.30835,1.69344,9.02378e+06,3.97174e+06,1.46561e+07,0,0,0,1.19558e+08
73.7129,103.622,3.10088,0.45,0,3.48676,3.81655,0,0.653394,6.16896,4.3421e+06,2.97144e+06,1.51399e+07,0,0,0,0,49.0384,61.308,4.1129,1,1,1.62423,1.77785,0,1.25483,1.69344,9.02378e+06,3.97174e+06,1.46567e+07,0,0,0,1.19558e+08
72.5879,103.622,1.83029,0.45,0,3.48689,3.8167,0,0.653419,6.16896,4.3421e+06,2.97144e+06,1.51404e+07,0,0,0,0,48.9303,61.308,2.02785,1,1,1.62429,1.77792,0,1.25488,1.69344,9.02378e+06,3.97174e+06,1.46572e+07,0,0,0,1.19558e+08
72.5734,103.622,2.72077,0.46,0,3.22441,3.52939,0,0.653443,6.16896,4.3421e+06,2.97144e+06,1.40007e+07,0,0,0,0,48.8968,61.308,1.67702,1,1,1.46119,1.59939,0,1.25492,1.69344,9.02378e+06,3.97174e+06,1.31854e+07,0,0,0,1.19558e+08
72.7692,103.622,2.95352,0.48,0,3.22453,3.52952,0,0.604254,6.16896,4.3421e+06,2.97144e+06,1.40012e+07,0,0,0,0,48.7789,61.308,1.84139,1,1,1.46124,1.59945,0,1.12891,1.69344,9.02378e+06,3.97174e+06,1.31859e+07,0,0,0,1.19558e+08
72.8122,103.622,2.86151,0.48,0,3.22465,3.52965,0,0.604277,6.16896,4.3421e+06,2.97144e+06,1.40018e+07,0,0,0,0,48.769,61.308,1.82303,1,1,1.4613,1.59951,0,1.12896,1.69344,9.02378e+06,3.97174e+06,1.31864e+07,0,0,0,1.19558e+08
73.8537,103.622,3.84058,0.5,0,3.22477,3.52978,0,0.604299,6.16896,4.3421e+06,2.97144e+06,1.40023e+07,0,0,0,0,48.8598,61.308,2.35283,1,1,1.46135,1.59957,0,1.129,1.69344,9.02378e+06,3.97174e+06,1.31869e+07,0,0,0,1.19558e+08
74.8716,103.622,4.05752,0.52,0,3.22489,3.52992,0,0.604322,6.16896,4.3421e+06,2.97144e+06,1.40028e+07,0,0,0,0,49.0196,61.308,2.59726,1,1,1.46141,1.59963,0,1.12904,1.69344,9.02378e+06,3.97174e+06,1.31874e+07,0,0,0,1.19558e+08
78.189,103.622,6.21222,0.53,0,3.32603,3.64062,0,0.604344,6.16896,4.3421e+06,2.97144e+06,1.4442e+07,0,0,0,0,49.6681,61.308,3.83474,1,1,1.50871,1.65141,0,1.12908,1.69344,9.02378e+06,3.97174e+06,1.36143e+07,0,0,0,1.19558e+08
78.8406,103.622,3.67007,0.49,0,3.32612,3.64072,0,0.623297,6.16896,4.3421e+06,2.97144e+06,1.44424e+07,0,0,0,0,50.0196,61.308,3.18171,1,1,1.50875,1.65146,0,1.16563,1.69344,9.02378e+06,3.97174e+06,1.36146e+07,0,0,0,1.19558e+08
79.0704,103.622,3.3062,0.51,0,3.32621,3.64082,0,0.623315,6.16896,4.3421e+06,2.97144e+06,1.44428e+07,0,0,0,0,50.5367,61.308,3.51008,1,1,1.50879,1.6515,0,1.16566,1.69344,9.02378e+06,3.97174e+06,1.3615e+07,0,0,0,1.19558e+08
78.6642,103.622,2.79538,0.38,0,3.578,3.64093,0,0.623332,6.16896,4.3421e+06,2.97144e+06,1.55361e+07,0,0,0,0,50.7527,61.308,3.0925,1,1,1.62301,1.65155,0,1.16569,1.69344,9.02378e+06,3.97174e+06,1.46457e+07,0,0,0,1.19558e+08
80.2284,103.622,5.00087,0.29,0,3.9271,3.99617,0,0.670517,6.16896,4.3421e+06,2.97144e+06,1.70519e+07,0,0,0,0,51.1911,61.308,4.03674,1,1,1.69344,1.84579,0.120449,1.25393,1.69344,9.02378e+06,3.97174e+06,1.52812e+07,0,0,0,1.19558e+08
82.4139,103.622,5.74958,0.32,0,3.92721,3.99628,0,0.735939,6.16896,4.3421e+06,2.97144e+06,1.70524e+07,0,0,0,0,51.2181,61.308,3.50358,1,1,1.69344,1.84584,0.1205,1.30835,1.69344,9.02378e+06,3.97174e+06,1.52812e+07,0,0,0,1.19558e+08
82.1147,103.622,3.05152,0.34,0,3.92732,3.99639,0,0.73596,6.16896,4.3421e+06,2.97144e+06,1.70529e+07,0,0,0,0,50.9461,61.308,2.08617,1,1,1.69344,1.84589,0.120551,1.30835,1.69344,9.02378e+06,3.97174e+06,1.52812e+07,0,0,0,1.19558e+08
82.5995,103.622,3.90221,0.32,0,3.92744,3.9965,0,0.735981,6.16896,4.3421e+06,2.97144e+06,1.70533e+07,0,0,0,0,50.7943,61.308,2.58232,1,1,1.69344,1.84594,0.120603,1.30835,1.69344,9.02378e+06,3.97174e+06,1.52812e+07,0,0,0,1.19558e+08
86.4968,103.622,7.4829,0.34,0,3.4297,3.49002,0,0.736001,6.16896,4.3421e+06,2.97144e+06,1.48921e+07,0,0,0,0,52.105,61.308,5.82112,1,1,1.55796,1.58536,0,1.30835,1.69344,9.02378e+06,3.97174e+06,1.40587e+07,0,0,0,1.19558e+08
90.3377,103.622,7.48533,0.22,0,3.4298,3.49012,0,0.642727,6.16896,4.3421e+06,2.97144e+06,1.48926e+07,0,0,0,0,53.7429,61.308,6.43845,1,1,1.558,1.5854,0,1.20368,1.69344,9.02378e+06,3.97174e+06,1.40591e+07,0,0,0,1.19558e+08
93.2398,103.622,6.49092,0,0,3.4299,3.49022,0,0.642745,6.16896,4.3421e+06,2.97144e+06,1.4893e+07,0,0,0,0,55.1173,61.308,5.94556,1,1,1.55805,1.58545,0,1.20371,1.69344,9.02378e+06,3.97174e+06,1.40595e+07,0,0,0,1.19558e+08
97.0468,103.622,7.55953,0.14,0,3.43,3.49032,0,0.642763,6.16896,4.3421e+06,2.97144e+06,1.48934e+07,0,0,0,0,56.5328,61.308,6.49858,1,1,1.55809,1.58549,0,1.20375,1.69344,9.02378e+06,3.97174e+06,1.40599e+07,0,0,0,1.19558e+08
101.104,103.622,7.81476,0,0,3.43009,3.49041,0,0.642781,6.16896,4.3421e+06,2.97144e+06,1.48938e+07,0,0,0,0,57.778,61.308,5.66247,1,1,1.55814,1.58554,0,1.20378,1.69344,9.02378e+06,3.97174e+06,1.40603e+07,0,0,0,1.19558e+08
103.622,103.622,6.60847,0.23,0,3.55552,3.61805,0,0.642799,6.16896,4.3421e+06,2.97144e+06,1.54384e+07,0,0,0,0,58.6529,61.308,4.5101,1,1,1.62085,1.64935,0,1.20382,1.69344,9.02378e+06,3.97174e+06,1.46262e+07,0,0,0,1.19558e+08
103.622,103.622,4.37871,0.3,0,3.55562,3.61815,0,0.666305,6.16896,4.3421e+06,2.97144e+06,1.54389e+07,0,0,0,0,59.0995,61.308,3.18227,1,1,1.62089,1.6494,0,1.25227,1.69344,9.02378e+06,3.97174e+06,1.46266e+07,0,0,0,1.19558e+08
103.622,103.622,5.99216,0.3,0,3.55572,3.61825,0,0.666323,6.16896,4.3421e+06,2.97144e+06,1.54393e+07,0,0,0,0,60.6529,61.308,6.28971,1,1,1.62094,1.64945,0,1.2523,1.69344,9.02378e+06,3.97174e+06,1.4627e+07,0,0,0,1.19558e+08
103.622,103.622,4.28491,0.3,0,3.55582,3.61836,0,0.666342,6.16896,4.3421e+06,2.97144e+06,1.54398e+07,0,0,0,0,61.3009,61.308,3.50751,1,1,1.62099,1.64949,0,1.25234,1.69344,9.02378e+06,3.97174e+06,1.46274e+07,0,0,0,1.19558e+08
103.622,103.622,4.51491,0.3,0,3.50691,3.56859,0,0.666361,6.16896,4.3421e+06,2.97144e+06,1.52274e+07,0,0,0,0,61.7098,61.308,3.38835,1,1,1.59669,1.62477,0,1.25237,1.69344,9.02378e+06,3.97174e+06,1.44082e+07,0,0,0,1.19558e+08
103.622,103.622,3.88665,0.31,0,3.50701,3.56869,0,0.657196,6.16896,4.3421e+06,2.97144e+06,1.52278e+07,0,0,0,0,62.0993,61.308,3.33053,1,1,1.59673,1.62482,0,1.2336,1.69344,9.02378e+06,3.97174e+06,1.44086e+07,0,0,0,1.19558e+08
103.622,103.622,3.76716,0.29,0,3.50711,3.56879,0,0.657214,6.16896,4.3421e+06,2.97144e+06,1.52282e+07,0,0,0,0,62.3362,61.308,3.29706,1,1,1.59678,1.62486,0,1.23364,1.69344,9.02378e+06,3.97174e+06,1.4409e+07,0,0,0,1.19558e+08
103.622,103.622,3.46299,0.26,0,3.50721,3.56889,0,0.657233,6.16896,4.3421e+06,2.97144e+06,1.52287e+07,0,0,0,0,62.3362,61.308,2.85206,1,1,1.59682,1.62491,0,1.23367,1.69344,9.02378e+06,3.97174e+06,1.44094e+07,0,0,0,1.19558e+08
103.336,103.622,3.14523,0.2,0,3.67369,3.73829,0,0.657251,6.16896,4.3421e+06,2.97144e+06,1.59515e+07,0,0,0,0,62.3362,61.308,2.89689,1,1,1.68321,1.71281,0,1.23371,1.69344,9.02378e+06,3.97174e+06,1.51889e+07,0,0,0,1.19558e+08
102.747,103.622,2.77084,0.09,0,3.67379,3.7384,0,0.688449,6.16896,4.3421e+06,2.97144e+06,1.5952e+07,0,0,0,0,62.2913,61.308,2.79859,1,1,1.68325,1.71285,0,1.30044,1.69344,9.02378e+06,3.97174e+06,1.51893e+07,0,0,0,1.19558e+08
102.093,103.622,2.70044,0,0,3.67389,3.7385,0,0.688468,6.16896,4.3421e+06,2.97144e+06,1.59524e+07,0,0,0,0,62.2991,61.308,2.82889,1,1,1.6833,1.7129,0,1.30048,1.69344,9.02378e+06,3.97174e+06,1.51897e+07,0,0,0,1.19558e+08
101.322,103.622,2.55712,0,0,3.674,3.73861,0,0.688488,6.16896,4.3421e+06,2.97144e+06,1.59529e+07,0,0,0,0,62.2814,61.308,2.72138,1,1,1.68335,1.71295,0,1.30052,1.69344,9.02378e+06,3.97174e+06,1.51902e+07,0,0,0,1.19558e+08
100.318,103.622,2.27065,0,0,3.6741,3.73871,0,0.688507,6.16896,4.3421e+06,2.97144e+06,1.59533e+07,0,0,0,0,62.163,61.308,2.42184,1,1,1.6834,1.713,0,1.30055,1.69344,9.02378e+06,3.97174e+06,1.51906e+07,0,0,0,1.19558e+08
99.0661,103.622,1.89979,0,0,3.6413,3.70533,0,0.688526,6.16896,4.3421e+06,2.97144e+06,1.58109e+07,0,0,0,0,61.8596,61.308,2.06643,1,1,1.69344,1.76134,0.0374608,1.30059,1.69344,9.02378e+06,3.97174e+06,1.52812e+07,0,0,0,1.19558e+08
97.7202,103.622,1.79356,0,0,3.6414,3.70544,0,0.682379,6.16896,4.3421e+06,2.97144e+06,1.58113e+07,0,0,0,0,61.5452,61.308,1.94914,1,1,1.69344,1.76139,0.0375098,1.30835,1.69344,9.02378e+06,3.97174e+06,1.52812e+07,0,0,0,1.19558e+08
96.2458,103.622,1.64233,0,0,3.6415,3.70554,0,0.682398,6.16896,4.3421e+06,2.97144e+06,1.58118e+07,0,0,0,0,61.0711,61.308,1.91626,1,1,1.69344,1.76144,0.0375587,1.30835,1.69344,9.02378e+06,3.97174e+06,1.52812e+07,0,0,0,1.19558e+08
94.6557,103.622,1.49519,0,0,3.64161,3.70565,0,0.682418,6.16896,4.3421e+06,2.97144e+06,1.58122e+07,0,0,0,0,60.5208,61.308,1.73201,1,1,1.69344,1.76149,0.0376075,1.30835,1.69344,9.02378e+06,3.97174e+06,1.52812e+07,0,0,0,1.19558e+08
93.042,103.622,1.47132,0,0,3.7267,3.79224,0,0.682437,6.16896,4.3421e+06,2.97144e+06,1.61817e+07,0,0,0,0,60.0018,61.308,1.6728,1,1,1.69344,1.80458,0.0799567,1.30835,1.69344,9.02378e+06,3.97174e+06,1.52812e+07,0,0,0,1.19558e+08
91.4075,103.622,1.4324,0,0,3.7268,3.79234,0,0.698383,6.16896,4.3421e+06,2.97144e+06,1.61822e+07,0,0,0,0,59.3809,61.308,1.6935,1,1,1.69344,1.80464,0.0800068,1.30835,1.69344,9.02378e+06,3.97174e+06,1.52812e+07,0,0,0,1.19558e+08
89.715,103.622,1.3339,0,0,3.72691,3.79245,0,0.698403,6.16896,4.3421e+06,2.97144e+06,1.61826e+07,0,0,0,0,58.6641,61.308,1.60492,1,1,1.69344,1.80469,0.0800569,1.30835,1.69344,9.02378e+06,3.97174e+06,1.52812e+07,0,0,0,1.19558e+08
87.9506,103.622,1.22935,0,0,3.72701,3.79256,0,0.698423,6.16896,4.3421e+06,2.97144e+06,1.61831e+07,0,0,0,0,58.1558,61.308,1.50643,1,1,1.69344,1.80474,0.080107,1.30835,1.69344,9.02378e+06,3.97174e+06,1.52812e+07,0,0,0,1.19558e+08
86.0892,103.622,1.28895,0,0,3.97604,4.04596,0,0.698443,6.16896,4.3421e+06,2.97144e+06,1.72644e+07,0,0,0,0,57.619,61.308,1.86605,1,1,1.69344,1.96017,0.232856,1.30835,1.69344,9.02378e+06,3.97174e+06,1.52812e+07,0,0,0,1.19558e+08
83.8871,103.622,0.88347,0,0,3.97615,4.04608,0,0.74511,6.16896,4.3421e+06,2.97144e+06,1.72649e+07,0,0,0,0,56.9803,61.308,1.56744,1,1,1.69344,1.96023,0.232911,1.30835,1.69344,9.02378e+06,3.97174e+06,1.52812e+07,0,0,0,1.19558e+08
81.788,103.622,0.950862,0,0,3.97626,4.04619,0,0.745131,6.16896,4.3421e+06,2.97144e+06,1.72654e+07,0,0,0,0,56.4341,61.308,1.58092,1,1,1.69344,1.96028,0.232965,1.30835,1.69344,9.02378e+06,3.97174e+06,1.52812e+07,0,0,0,1.19558e+08
80.1543,103.622,1.42474,0,0,3.97638,4.0463,0,0.745152,6.16896,4.3421e+06,2.97144e+06,1.72658e+07,0,0,0,0,55.9756,61.308,1.89674,1,1,1.69344,1.96034,0.233019,1.30835,1.69344,9.02378e+06,3.97174e+06,1.52812e+07,0,0,0,1.19558e+08
79.0554,103.622,1.96352,0,0,3.97649,4.04642,0,0.745173,6.16896,4.3421e+06,2.97144e+06,1.72663e+07,0,0,0,0,55.6671,61.308,2.18951,1,1,1.69344,1.96039,0.233074,1.30835,1.69344,9.02378e+06,3.97174e+06,1.52812e+07,0,0,0,1.19558e+08
78.1107,103.622,2.03477,0,0,3.85527,3.92307,0,0.745194,6.16896,4.3421e+06,2.97144e+06,1.674e+07,0,0,0,0,55.345,61.308,2.7269,1,1,1.69344,1.86612,0.140433,1.30835,1.69344,9.02378e+06,3.97174e+06,1.52812e+07,0,0,0,1.19558e+08
76.9835,103.622,1.83697,0,0,3.85538,3.92318,0,0.722477,6.16896,4.3421e+06,2.97144e+06,1.67405e+07,0,0,0,0,55.3115,61.308,4.37975,1,1,1.69344,1.86618,0.140484,1.30835,1.69344,9.02378e+06,3.97174e+06,1.52812e+07,0,0,0,1.19558e+08
75.689,103.622,1.61426,0,0,3.85549,3.92329,0,0.722498,6.16896,4.3421e+06,2.97144e+06,1.67409e+07,0,0,0,0,54.8802,61.308,2.61323,1,1,1.69344,1.86623,0.140536,1.30835,1.69344,9.02378e+06,3.97174e+06,1.52812e+07,0,0,0,1.19558e+08
74.2061,103.622,1.38667,0,0,3.8556,3.9234,0,0.722518,6.16896,4.3421e+06,2.97144e+06,1.67414e+07,0,0,0,0,54.4043,61.308,2.37702,1,1,1.69344,1.86628,0.140588,1.30835,1.69344,9.02378e+06,3.97174e+06,1.52812e+07,0,0,0,1.19558e+08
73.3034,103.622,2.08892,0,0,3.7561,3.82216,0,0.722539,6.16896,4.3421e+06,2.97144e+06,1.63094e+07,0,0,0,0,54.3619,61.308,3.86061,1,1,1.69344,1.78046,0.056254,1.30835,1.69344,9.02378e+06,3.97174e+06,1.52812e+07,0,0,0,1.19558e+08
72.8977,103.622,2.57355,0,0,3.75621,3.82227,0,0.703894,6.16896,4.3421e+06,2.97144e+06,1.63099e+07,0,0,0,0,54.6722,61.308,5.31733,1,1,1.69344,1.78051,0.0563033,1.30835,1.69344,9.02378e+06,3.97174e+06,1.52812e+07,0,0,0,1.19558e+08
79.6044,103.622,10.234,0,0,3.75631,3.82237,0,0.703914,6.16896,4.3421e+06,2.97144e+06,1.63103e+07,0,0,0,0,55.9047,61.308,8.74621,1,1,1.69344,1.78057,0.0563528,1.30835,1.69344,9.02378e+06,3.97174e+06,1.52812e+07,0,0,0,1.19558e+08
82.3774,103.622,6.39186,0,0,3.75642,3.82248,0,0.703933,6.16896,4.3421e+06,2.97144e+06,1.63108e+07,0,0,0,0,56.8841,61.308,7.37994,1,1,1.69344,1.78062,0.0564022,1.30835,1.69344,9.02378e+06,3.97174e+06,1.52812e+07,0,0,0,1.19558e+08
83.0492,103.622,3.83139,0,0,3.47362,3.53471,0,0.703953,6.16896,4.3421e+06,2.97144e+06,1.50828e+07,0,0,0,0,57.2375,61.308,4.43857,1,1,1.57412,1.6018,0,1.30835,1.69344,9.02378e+06,3.97174e+06,1.42045e+07,0,0,0,1.19558e+08
83.6084,103.622,3.69041,0,0,3.47372,3.53481,0,0.650956,6.16896,4.3421e+06,2.97144e+06,1.50832e+07,0,0,0,0,57.3624,61.308,3.77423,1,1,1.57417,1.60185,0,1.21617,1.69344,9.02378e+06,3.97174e+06,1.42049e+07,0,0,0,1.19558e+08
84.1386,103.622,3.74735,0,0,3.47381,3.5349,0,0.650974,6.16896,4.3421e+06,2.97144e+06,1.50837e+07,0,0,0,0,57.756,61.308,4.68397,1,1,1.57421,1.60189,0,1.2162,1.69344,9.02378e+06,3.97174e+06,1.42053e+07,0,0,0,1.19558e+08
85.7812,103.622,4.92676,0,0,3.47391,3.535,0,0.650993,6.16896,4.3421e+06,2.97144e+06,1.50841e+07,0,0,0,0,58.3808,61.308,5.03891,1,1,1.57425,1.60194,0,1.21623,1.69344,9.02378e+06,3.97174e+06,1.42057e+07,0,0,0,1.19558e+08
90.4929,103.622,8.38059,0,0,3.47401,3.5351,0,0.651011,6.16896,4.3421e+06,2.97144e+06,1.50845e+07,0,0,0,0,59.6086,61.308,6.53382,1,1,1.5743,1.60198,0,1.21627,1.69344,9.02378e+06,3.97174e+06,1.42061e+07,0,0,0,1.19558e+08
92.6104,103.622,5.78271,0,0,3.58292,3.64593,0,0.651029,6.16896,4.3421e+06,2.97144e+06,1.55574e+07,0,0,0,0,59.7988,61.308,4.12344,1,1,1.62524,1.65382,0,1.2163,1.69344,9.02378e+06,3.97174e+06,1.46658e+07,0,0,0,1.19558e+08
96.1948,103.622,7.59959,0,0,3.58299,3.646,0,0.67144,6.16896,4.3421e+06,2.97144e+06,1.55577e+07,0,0,0,0,60.2197,61.308,5.25549,1,1,1.62527,1.65385,0,1.25566,1.69344,9.02378e+06,3.97174e+06,1.46661e+07,0,0,0,1.19558e+08
99.7618,103.622,7.34428,0,0,3.58306,3.64607,0,0.671453,6.16896,4.3421e+06,2.97144e+06,1.5558e+07,0,0,0,0,60.6946,61.308,5.3473,1,1,1.6253,1.65389,0,1.25568,1.69344,9.02378e+06,3.97174e+06,1.46664e+07,0,0,0,1.19558e+08
103.622,103.622,7.99696,0,0,3.58313,3.64614,0,0.671466,6.16896,4.3421e+06,2.97144e+06,1.55583e+07,0,0,0,0,61.5917,61.308,6.63463,1,1,1.62533,1.65392,0,1.25571,1.69344,9.02378e+06,3.97174e+06,1.46666e+07,0,0,0,1.19558e+08
103.622,103.622,5.09703,0,0,3.9327,4.00186,0,0.671479,6.16896,4.3421e+06,2.97144e+06,1.70762e+07,0,0,0,0,61.6161,61.308,3.49821,1,1,1.69344,1.84842,0.123033,1.25573,1.69344,9.02378e+06,3.97174e+06,1.52812e+07,0,0,0,1.19558e+08
103.622,103.622,5.13978,0,0,3.93277,4.00193,0,0.736987,6.16896,4.3421e+06,2.97144e+06,1.70765e+07,0,0,0,0,61.7925,61.308,3.87508,1,1,1.69344,1.84845,0.123068,1.30835,1.69344,9.02378e+06,3.97174e+06,1.52812e+07,0,0,0,1.19558e+08
103.622,103.622,7.95102,0,0,3.93285,4.00201,0,0.737001,6.16896,4.3421e+06,2.97144e+06,1.70768e+07,0,0,0,0,62.2958,61.308,4.70466,1,1,1.69344,1.84849,0.123103,1.30835,1.69344,9.02378e+06,3.97174e+06,1.52812e+07,0,0,0,1.19558e+08
103.622,103.622,5.25028,0,0,3.93292,4.00209,0,0.737016,6.16896,4.3421e+06,2.97144e+06,1.70772e+07,0,0,0,0,62.3362,61.308,3.89336,1,1,1.69344,1.84852,0.123137,1.30835,1.69344,9.02378e+06,3.97174e+06,1.52812e+07,0,0,0,1.19558e+08
103.622,103.622,4.23735,0,0,3.43447,3.49486,0,0.73703,6.16896,4.3421e+06,2.97144e+06,1.49128e+07,0,0,0,0,62.3362,61.308,3.19111,1,1,1.56012,1.58756,0,1.30835,1.69344,9.02378e+06,3.97174e+06,1.40782e+07,0,0,0,1.19558e+08
103.622,103.622,6.08241,0,0,3.43453,3.49493,0,0.643619,6.16896,4.3421e+06,2.97144e+06,1.49131e+07,0,0,0,0,62.3362,61.308,4.3955,1,1,1.56015,1.58759,0,1.20535,1.69344,9.02378e+06,3.97174e+06,1.40785e+07,0,0,0,1.19558e+08
103.622,103.622,5.34208,0,0,3.4346,3.495,0,0.643631,6.16896,4.3421e+06,2.97144e+06,1.49134e+07,0,0,0,0,62.3362,61.308,2.90515,1,1,1.56018,1.58762,0,1.20537,1.69344,9.02378e+06,3.97174e+06,1.40787e+07,0,0,0,1.19558e+08
103.622,103.622,3.87411,0,0,3.43466,3.49507,0,0.643644,6.16896,4.3421e+06,2.97144e+06,1.49137e+07,0,0,0,0,62.0969,61.308,2.30265,1,1,1.56021,1.58765,0,1.2054,1.69344,9.02378e+06,3.97174e+06,1.4079e+07,0,0,0,1.19558e+08
103.622,103.622,3.52445,0,0,3.43473,3.49513,0,0.643656,6.16896,4.3421e+06,2.97144e+06,1.4914e+07,0,0,0,0,61.9324,61.308,1.90644,1,1,1.56024,1.58768,0,1.20542,1.69344,9.02378e+06,3.97174e+06,1.40793e+07,0,0,0,1.19558e+08
103.332,103.622,3.25254,0,0,3.56029,3.62291,0,0.643668,6.16896,4.3421e+06,2.97144e+06,1.54592e+07,0,0,0,0,61.8592,61.308,2.63102,1,1,1.62303,1.65157,0,1.20544,1.69344,9.02378e+06,3.97174e+06,1.46458e+07,0,0,0,1.19558e+08
103.622,103.622,4.8373,0,0,3.56036,3.62298,0,0.667199,6.16896,4.3421e+06,2.97144e+06,1.54595e+07,0,0,0,0,62.0983,61.308,3.50066,1,1,1.62306,1.6516,0,1.25395,1.69344,9.02378e+06,3.97174e+06,1.46461e+07,0,0,0,1.19558e+08
103.622,103.622,4.25134,0,0,3.56043,3.62305,0,0.667212,6.16896,4.3421e+06,2.97144e+06,1.54598e+07,0,0,0,0,62.2142,61.308,3.3704,1,1,1.62309,1.65163,0,1.25397,1.69344,9.02378e+06,3.97174e+06,1.46464e+07,0,0,0,1.19558e+08
103.622,103.622,4.13729,0,0,3.5605,3.62312,0,0.667225,6.16896,4.3421e+06,2.97144e+06,1.54601e+07,0,0,0,0,62.2264,61.308,2.82476,1,1,1.62312,1.65166,0,1.254,1.69344,9.02378e+06,3.97174e+06,1.46467e+07,0,0,0,1.19558e+08
103.622,103.622,3.72906,0,0,3.51149,3.57325,0,0.667238,6.16896,4.3421e+06,2.97144e+06,1.52473e+07,0,0,0,0,62.3362,61.308,3.43028,1,1,1.59878,1.62689,0,1.25402,1.69344,9.02378e+06,3.97174e+06,1.4427e+07,0,0,0,1.19558e+08
103.285,103.622,3.05321,0,0,3.51156,3.57332,0,0.658054,6.16896,4.3421e+06,2.97144e+06,1.52476e+07,0,0,0,0,62.3362,61.308,2.81597,1,1,1.59881,1.62692,0,1.23521,1.69344,9.02378e+06,3.97174e+06,1.44273e+07,0,0,0,1.19558e+08
102.629,103.622,2.71271,0,0,3.51163,3.57339,0,0.658067,6.16896,4.3421e+06,2.97144e+06,1.52479e+07,0,0,0,0,62.3362,61.308,2.63916,1,1,1.59884,1.62695,0,1.23524,1.69344,9.02378e+06,3.97174e+06,1.44275e+07,0,0,0,1.19558e+08
102.293,103.622,3.0785,0,0,3.5117,3.57345,0,0.658079,6.16896,4.3421e+06,2.97144e+06,1.52482e+07,0,0,0,0,62.3362,61.308,2.54326,1,1,1.59887,1.62699,0,1.23526,1.69344,9.02378e+06,3.97174e+06,1.44278e+07,0,0,0,1.19558e+08
101.587,103.622,2.67846,0,0,3.67835,3.74304,0,0.658092,6.16896,4.3421e+06,2.97144e+06,1.59718e+07,0,0,0,0,62.2448,61.308,2.65335,1,1,1.68534,1.71498,0,1.23528,1.69344,9.02378e+06,3.97174e+06,1.52082e+07,0,0,0,1.19558e+08
100.757,103.622,2.52004,0,0,3.67842,3.74311,0,0.689323,6.16896,4.3421e+06,2.97144e+06,1.59721e+07,0,0,0,0,62.1207,61.308,2.68396,1,1,1.68538,1.71501,0,1.3021,1.69344,9.02378e+06,3.97174e+06,1.52085e+07,0,0,0,1.19558e+08
99.662,103.622,2.21724,0,0,3.67849,3.74318,0,0.689336,6.16896,4.3421e+06,2.97144e+06,1.59724e+07,0,0,0,0,61.936,61.308,2.50316,1,1,1.68541,1.71505,0,1.30212,1.69344,9.02378e+06,3.97174e+06,1.52087e+07,0,0,0,1.19558e+08
98.5102,103.622,2.08283,0,0,3.67856,3.74326,0,0.689349,6.16896,4.3421e+06,2.97144e+06,1.59727e+07,0,0,0,0,61.6928,61.308,2.39239,1,1,1.68544,1.71508,0,1.30215,1.69344,9.02378e+06,3.97174e+06,1.5209e+07,0,0,0,1.19558e+08
97.2915,103.622,2.0147,0,0,3.67863,3.74333,0,0.689363,6.16896,4.3421e+06,2.97144e+06,1.5973e+07,0,0,0,0,61.4534,61.308,2.31089,1,1,1.68547,1.71511,0,1.30217,1.69344,9.02378e+06,3.97174e+06,1.52093e+07,0,0,0,1.19558e+08
96.1552,103.622,2.0588,0,0,3.64576,3.70987,0,0.689376,6.16896,4.3421e+06,2.97144e+06,1.58303e+07,0,0,0,0,61.3837,61.308,2.67013,1,1,1.69344,1.7635,0.0395805,1.3022,1.69344,9.02378e+06,3.97174e+06,1.52812e+07,0,0,0,1.19558e+08
94.8975,103.622,1.90971,0,0,3.64583,3.70994,0,0.683215,6.16896,4.3421e+06,2.97144e+06,1.58306e+07,0,0,0,0,61.2733,61.308,2.53079,1,1,1.69344,1.76353,0.0396138,1.30835,1.69344,9.02378e+06,3.97174e+06,1.52812e+07,0,0,0,1.19558e+08
93.6035,103.622,1.84166,0,0,3.6459,3.71001,0,0.683228,6.16896,4.3421e+06,2.97144e+06,1.58309e+07,0,0,0,0,61.1136,61.308,2.29465,1,1,1.69344,1.76357,0.039647,1.30835,1.69344,9.02378e+06,3.97174e+06,1.52812e+07,0,0,0,1.19558e+08
92.277,103.622,1.76472,0,0,3.64597,3.71008,0,0.683241,6.16896,4.3421e+06,2.97144e+06,1.58312e+07,0,0,0,0,60.9039,61.308,2.17817,1,1,1.69344,1.7636,0.0396802,1.30835,1.69344,9.02378e+06,3.97174e+06,1.52812e+07,0,0,0,1.19558e+08
90.9078,103.622,1.74831,0,0,3.73113,3.79674,0,0.683254,6.16896,4.3421e+06,2.97144e+06,1.62009e+07,0,0,0,0,60.6645,61.308,2.10889,1,1,1.69344,1.80673,0.0820639,1.30835,1.69344,9.02378e+06,3.97174e+06,1.52812e+07,0,0,0,1.19558e+08
89.3143,103.622,1.4824,0,0,3.7312,3.79682,0,0.699213,6.16896,4.3421e+06,2.97144e+06,1.62013e+07,0,0,0,0,60.082,61.308,1.81007,1,1,1.69344,1.80676,0.082098,1.30835,1.69344,9.02378e+06,3.97174e+06,1.52812e+07,0,0,0,1.19558e+08
87.6616,103.622,1.38043,0,0,3.73127,3.79689,0,0.699227,6.16896,4.3421e+06,2.97144e+06,1.62016e+07,0,0,0,0,59.5539,61.308,1.65995,1,1,1.69344,1.8068,0.082132,1.30835,1.69344,9.02378e+06,3.97174e+06,1.52812e+07,0,0,0,1.19558e+08
86.0184,103.622,1.37181,0,0,3.73134,3.79696,0,0.69924,6.16896,4.3421e+06,2.97144e+06,1.62019e+07,0,0,0,0,59.0648,61.308,1.77851,1,1,1.69344,1.80683,0.0821661,1.30835,1.69344,9.02378e+06,3.97174e+06,1.52812e+07,0,0,0,1.19558e+08
84.4487,103.622,1.6008,0,0,3.98062,4.05062,0,0.699253,6.16896,4.3421e+06,2.97144e+06,1.72843e+07,0,0,0,0,58.2035,61.308,1.77626,1,1,1.69344,1.96243,0.235075,1.30835,1.69344,9.02378e+06,3.97174e+06,1.52812e+07,0,0,0,1.19558e+08
83.0221,103.622,1.72925,0,0,3.98069,4.0507,0,0.745968,6.16896,4.3421e+06,2.97144e+06,1.72846e+07,0,0,0,0,57.6783,61.308,1.3319,1,1,1.69344,1.96247,0.235112,1.30835,1.69344,9.02378e+06,3.97174e+06,1.52812e+07,0,0,0,1.19558e+08
81.5294,103.622,1.6418,0,0,3.98077,4.05078,0,0.745982,6.16896,4.3421e+06,2.97144e+06,1.72849e+07,0,0,0,0,57.1577,61.308,1.8548,1,1,1.69344,1.96251,0.235149,1.30835,1.69344,9.02378e+06,3.97174e+06,1.52812e+07,0,0,0,1.19558e+08
79.9912,103.622,1.55983,0,0,3.98085,4.05086,0,0.745997,6.16896,4.3421e+06,2.97144e+06,1.72853e+07,0,0,0,0,56.6215,61.308,1.8367,1,1,1.69344,1.96254,0.235186,1.30835,1.69344,9.02378e+06,3.97174e+06,1.52812e+07,0,0,0,1.19558e+08
78.4651,103.622,1.53847,0,0,3.98092,4.05093,0,0.746011,6.16896,4.3421e+06,2.97144e+06,1.72856e+07,0,0,0,0,55.7443,61.308,1.82099,1,1,1.69344,1.96258,0.235223,1.30835,1.69344,9.02378e+06,3.97174e+06,1.52812e+07,0,0,0,1.19558e+08
76.8338,103.622,1.29232,0,0,3.85954,3.92741,0,0.746025,6.16896,4.3421e+06,2.97144e+06,1.67585e+07,0,0,0,0,55.1564,61.308,1.26408,1,1,1.69344,1.86819,0.142462,1.30835,1.69344,9.02378e+06,3.97174e+06,1.52812e+07,0,0,0,1.19558e+08
75.0827,103.622,1.14023,0,0,3.85961,3.92749,0,0.723277,6.16896,4.3421e+06,2.97144e+06,1.67588e+07,0,0,0,0,54.3885,61.308,2.07575,1,1,1.69344,1.86822,0.142497,1.30835,1.69344,9.02378e+06,3.97174e+06,1.52812e+07,0,0,0,1.19558e+08
73.2412,103.622,0.98757,0,0,3.85968,3.92756,0,0.723291,6.16896,4.3421e+06,2.97144e+06,1.67592e+07,0,0,0,0,53.3054,61.308,1.19358,1,1,1.69344,1.86826,0.142532,1.30835,1.69344,9.02378e+06,3.97174e+06,1.52812e+07,0,0,0,1.19558e+08
71.4186,103.622,0.957283,0,0,3.85976,3.92764,0,0.723305,6.16896,4.3421e+06,2.97144e+06,1.67595e+07,0,0,0,0,52.3478,61.308,1.09459,1,1,1.69344,1.8683,0.142567,1.30835,1.69344,9.02378e+06,3.97174e+06,1.52812e+07,0,0,0,1.19558e+08
69.9311,103.622,1.27144,0,0,3.76012,3.82625,0,0.723319,6.16896,4.3421e+06,2.97144e+06,1.63268e+07,0,0,0,0,51.6162,61.308,1.40136,1,1,1.69344,1.78237,0.0581265,1.30835,1.69344,9.02378e+06,3.97174e+06,1.52812e+07,0,0,0,1.19558e+08
68.7073,103.622,1.57312,0,0,3.76019,3.82632,0,0.704647,6.16896,4.3421e+06,2.97144e+06,1.63272e+07,0,0,0,0,50.6446,61.308,1.37928,1,1,1.69344,1.7824,0.05816,1.30835,1.69344,9.02378e+06,3.97174e+06,1.52812e+07,0,0,0,1.19558e+08
67.3277,103.622,1.39422,0,0,3.76027,3.8264,0,0.70466,6.16896,4.3421e+06,2.97144e+06,1.63275e+07,0,0,0,0,50.102,61.308,0.985277,1,1,1.69344,1.78244,0.0581936,1.30835,1.69344,9.02378e+06,3.97174e+06,1.52812e+07,0,0,0,1.19558e+08
66.369,103.622,1.88419,0,0,3.76034,3.82647,0,0.704674,6.16896,4.3421e+06,2.97144e+06,1.63278e+07,0,0,0,0,49.9486,61.308,2.42889,1,1,1.69344,1.78247,0.0582273,1.30835,1.69344,9.02378e+06,3.97174e+06,1.52812e+07,0,0,0,1.19558e+08
69.0512,103.622,5.75374,0,0,3.47721,3.53836,0,0.704687,6.16896,4.3421e+06,2.97144e+06,1.50984e+07,0,0,0,0,50.7537,61.308,4.92428,1,1,1.57575,1.60346,0,1.30835,1.69344,9.02378e+06,3.97174e+06,1.42192e+07,0,0,0,1.19558e+08
69.3484,103.622,3.11802,0,0,3.47728,3.53843,0,0.651629,6.16896,4.3421e+06,2.97144e+06,1.50987e+07,0,0,0,0,50.632,61.308,2.5019,1,1,1.57578,1.60349,0,1.21742,1.69344,9.02378e+06,3.97174e+06,1.42195e+07,0,0,0,1.19558e+08
70.9869,103.622,4.60367,0,0,3.47734,3.5385,0,0.651641,6.16896,4.3421e+06,2.97144e+06,1.5099e+07,0,0,0,0,50.7384,61.308,3.45361,1,1,1.57581,1.60352,0,1.21745,1.69344,9.02378e+06,3.97174e+06,1.42197e+07,0,0,0,1.19558e+08
70.7691,103.622,2.66595,0,0,3.47741,3.53856,0,0.651654,6.16896,4.3421e+06,2.97144e+06,1.50993e+07,0,0,0,0,50.2277,61.308,2.21473,1,1,1.57584,1.60355,0,1.21747,1.69344,9.02378e+06,3.97174e+06,1.422e+07,0,0,0,1.19558e+08
70.0142,103.622,2.08488,0,0,3.47748,3.53863,0,0.651666,6.16896,4.3421e+06,2.97144e+06,1.50996e+07,0,0,0,0,49.3055,61.308,1.49675,1,1,1.57587,1.60358,0,1.21749,1.69344,9.02378e+06,3.97174e+06,1.42203e+07,0,0,0,1.19558e+08
69.2239,103.622,1.97913,0,0,3.47748,3.53863,0,0.651679,6.16896,4.3421e+06,2.97144e+06,1.50996e+07,0,0,0,0,48.9779,61.308,1.4976,1,1,1.57587,1.60358,0,1.21752,1.69344,9.02378e+06,3.97174e+06,1.42203e+07,0,0,0,1.19558e+08
72.274,103.622,6.47464,0,0,3.58647,3.64954,0,0.651679,6.16896,4.3421e+06,2.97144e+06,1.55728e+07,0,0,0,0,48.9568,61.308,2.37123,1,1,1.62685,1.65546,0,1.21752,1.69344,9.02378e+06,3.97174e+06,1.46803e+07,0,0,0,1.19558e+08
73.19,103.622,4.10164,0,0,3.5865,3.64958,0,0.672104,6.16896,4.3421e+06,2.97144e+06,1.5573e+07,0,0,0,0,49.0701,61.308,2.35989,1,1,1.62686,1.65547,0,1.2569,1.69344,9.02378e+06,3.97174e+06,1.46805e+07,0,0,0,1.19558e+08
72.6686,103.622,2.48029,0,0,3.58654,3.64961,0,0.672111,6.16896,4.3421e+06,2.97144e+06,1.55731e+07,0,0,0,0,49.4145,61.308,2.63171,1,1,1.62688,1.65549,0,1.25691,1.69344,9.02378e+06,3.97174e+06,1.46806e+07,0,0,0,1.19558e+08
74.2773,103.622,4.75757,0,0,3.58658,3.64965,0,0.672118,6.16896,4.3421e+06,2.97144e+06,1.55733e+07,0,0,0,0,49.9773,61.308,3.25727,1,1,1.6269,1.65551,0,1.25693,1.69344,9.02378e+06,3.97174e+06,1.46808e+07,0,0,0,1.19558e+08
75.1656,103.622,4.48807,0,0,3.93644,4.00567,0,0.672125,6.16896,4.3421e+06,2.97144e+06,1.70925e+07,0,0,0,0,50.5911,61.308,3.16394,1,1,1.69344,1.85018,0.124764,1.25694,1.69344,9.02378e+06,3.97174e+06,1.52812e+07,0,0,0,1.19558e+08
75.6555,103.622,3.88984,0,0,3.93648,4.00571,0,0.73769,6.16896,4.3421e+06,2.97144e+06,1.70926e+07,0,0,0,0,50.8938,61.308,2.76797,1,1,1.69344,1.8502,0.124782,1.30835,1.69344,9.02378e+06,3.97174e+06,1.52812e+07,0,0,0,1.19558e+08
76.5137,103.622,4.25493,0,0,3.93652,4.00575,0,0.737697,6.16896,4.3421e+06,2.97144e+06,1.70928e+07,0,0,0,0,51.3287,61.308,2.88433,1,1,1.69344,1.85022,0.124801,1.30835,1.69344,9.02378e+06,3.97174e+06,1.52812e+07,0,0,0,1.19558e+08
78.5118,103.622,5.83796,0,0,3.93657,4.00579,0,0.737705,6.16896,4.3421e+06,2.97144e+06,1.7093e+07,0,0,0,0,52.9896,61.308,4.71993,1,1,1.69344,1.85024,0.12482,1.30835,1.69344,9.02378e+06,3.97174e+06,1.52812e+07,0,0,0,1.19558e+08
81.3296,103.622,6.58434,0,0,3.43762,3.49807,0,0.737712,6.16896,4.3421e+06,2.97144e+06,1.49265e+07,0,0,0,0,56.0793,61.308,6.39121,1,1,1.56155,1.58902,0,1.30835,1.69344,9.02378e+06,3.97174e+06,1.40911e+07,0,0,0,1.19558e+08
83.3669,103.622,5.7082,0,0,3.43765,3.49811,0,0.644209,6.16896,4.3421e+06,2.97144e+06,1.49266e+07,0,0,0,0,58.7513,61.308,5.82622,1,1,1.56157,1.58903,0,1.20646,1.69344,9.02378e+06,3.97174e+06,1.40913e+07,0,0,0,1.19558e+08
86.1516,103.622,6.65297,0,0,3.43769,3.49814,0,0.644216,6.16896,4.3421e+06,2.97144e+06,1.49268e+07,0,0,0,0,61.4899,61.308,6.22518,1,1,1.56159,1.58905,0,1.20647,1.69344,9.02378e+06,3.97174e+06,1.40914e+07,0,0,0,1.19558e+08
89.6441,103.622,7.50137,0,0,3.43772,3.49818,0,0.644222,6.16896,4.3421e+06,2.97144e+06,1.49269e+07,0,0,0,0,62.3362,61.308,6.50858,1,1,1.5616,1.58906,0,1.20648,1.69344,9.02378e+06,3.97174e+06,1.40915e+07,0,0,0,1.19558e+08
95.1624,103.622,9.5162,0,0,3.43776,3.49821,0,0.644229,6.16896,4.3421e+06,2.97144e+06,1.49271e+07,0,0,0,0,62.3362,61.308,6.54515,1,1,1.56162,1.58908,0,1.20649,1.69344,9.02378e+06,3.97174e+06,1.40917e+07,0,0,0,1.19558e+08
99.0274,103.622,8.10304,0,0,3.5634,3.62607,0,0.644236,6.16896,4.3421e+06,2.97144e+06,1.54727e+07,0,0,0,0,62.3362,61.308,6.62985,1,1,1.62444,1.65301,0,1.20651,1.69344,9.02378e+06,3.97174e+06,1.46586e+07,0,0,0,1.19558e+08
101.093,103.622,6.02437,0,0,3.56344,3.62611,0,0.667781,6.16896,4.3421e+06,2.97144e+06,1.54728e+07,0,0,0,0,62.3362,61.308,4.69849,1,1,1.62446,1.65303,0,1.25504,1.69344,9.02378e+06,3.97174e+06,1.46587e+07,0,0,0,1.19558e+08
102.874,103.622,5.57931,0,0,3.56347,3.62614,0,0.667788,6.16896,4.3421e+06,2.97144e+06,1.5473e+07,0,0,0,0,62.3362,61.308,4.257,1,1,1.62447,1.65304,0,1.25506,1.69344,9.02378e+06,3.97174e+06,1.46589e+07,0,0,0,1.19558e+08
103.622,103.622,5.45002,0,0,3.56351,3.62618,0,0.667795,6.16896,4.3421e+06,2.97144e+06,1.54731e+07,0,0,0,0,62.3362,61.308,4.60189,1,1,1.62449,1.65306,0,1.25507,1.69344,9.02378e+06,3.97174e+06,1.46591e+07,0,0,0,1.19558e+08
103.622,103.622,5.03183,0,0,3.51443,3.57624,0,0.667802,6.16896,4.3421e+06,2.97144e+06,1.526e+07,0,0,0,0,62.3362,61.308,4.13578,1,1,1.60011,1.62825,0,1.25508,1.69344,9.02378e+06,3.97174e+06,1.44391e+07,0,0,0,1.19558e+08
103.622,103.622,4.72405,0,0,3.51447,3.57628,0,0.658605,6.16896,4.3421e+06,2.97144e+06,1.52602e+07,0,0,0,0,62.3362,61.308,3.57315,1,1,1.60013,1.62827,0,1.23625,1.69344,9.02378e+06,3.97174e+06,1.44392e+07,0,0,0,1.19558e+08
103.622,103.622,4.35636,0,0,3.5145,3.57631,0,0.658611,6.16896,4.3421e+06,2.97144e+06,1.52603e+07,0,0,0,0,62.3362,61.308,3.33261,1,1,1.60015,1.62829,0,1.23626,1.69344,9.02378e+06,3.97174e+06,1.44394e+07,0,0,0,1.19558e+08
103.622,103.622,3.8821,0,0,3.51454,3.57635,0,0.658618,6.16896,4.3421e+06,2.97144e+06,1.52605e+07,0,0,0,0,62.3362,61.308,3.1139,1,1,1.60016,1.6283,0,1.23627,1.69344,9.02378e+06,3.97174e+06,1.44395e+07,0,0,0,1.19558e+08
103.562,103.622,3.42287,0,0,3.6813,3.74604,0,0.658625,6.16896,4.3421e+06,2.97144e+06,1.59846e+07,0,0,0,0,62.3362,61.308,2.86152,1,1,1.68669,1.71636,0,1.23629,1.69344,9.02378e+06,3.97174e+06,1.52203e+07,0,0,0,1.19558e+08
103.379,103.622,3.27584,0,0,3.68134,3.74608,0,0.689875,6.16896,4.3421e+06,2.97144e+06,1.59847e+07,0,0,0,0,62.3362,61.308,2.82855,1,1,1.68671,1.71637,0,1.30314,1.69344,9.02378e+06,3.97174e+06,1.52205e+07,0,0,0,1.19558e+08
103.071,103.622,3.12907,0,0,3.68137,3.74611,0,0.689882,6.16896,4.3421e+06,2.97144e+06,1.59849e+07,0,0,0,0,62.3362,61.308,2.9761,1,1,1.68673,1.71639,0,1.30315,1.69344,9.02378e+06,3.97174e+06,1.52207e+07,0,0,0,1.19558e+08
102.528,103.622,2.89232,0,0,3.68141,3.74615,0,0.689889,6.16896,4.3421e+06,2.97144e+06,1.59851e+07,0,0,0,0,62.3362,61.308,2.84606,1,1,1.68674,1.71641,0,1.30317,1.69344,9.02378e+06,3.97174e+06,1.52208e+07,0,0,0,1.19558e+08
102.261,103.622,3.0909,0,0,3.68145,3.74619,0,0.689896,6.16896,4.3421e+06,2.97144e+06,1.59852e+07,0,0,0,0,62.3362,61.308,2.83694,1,1,1.68676,1.71643,0,1.30318,1.69344,9.02378e+06,3.97174e+06,1.5221e+07,0,0,0,1.19558e+08
101.894,103.622,2.93639,0,0,3.64851,3.71268,0,0.689903,6.16896,4.3421e+06,2.97144e+06,1.58422e+07,0,0,0,0,62.3362,61.308,2.71528,1,1,1.69344,1.76483,0.0408913,1.30319,1.69344,9.02378e+06,3.97174e+06,1.52812e+07,0,0,0,1.19558e+08
101.406,103.622,2.78727,0,0,3.64855,3.71272,0,0.683731,6.16896,4.3421e+06,2.97144e+06,1.58424e+07,0,0,0,0,62.3058,61.308,2.5832,1,1,1.69344,1.76485,0.040909,1.30835,1.69344,9.02378e+06,3.97174e+06,1.52812e+07,0,0,0,1.19558e+08
100.735,103.622,2.57829,0,0,3.64859,3.71275,0,0.683738,6.16896,4.3421e+06,2.97144e+06,1.58426e+07,0,0,0,0,62.1767,61.308,2.40227,1,1,1.69344,1.76487,0.0409268,1.30835,1.69344,9.02378e+06,3.97174e+06,1.52812e+07,0,0,0,1.19558e+08
100.058,103.622,2.54273,0,0,3.64863,3.71279,0,0.683745,6.16896,4.3421e+06,2.97144e+06,1.58427e+07,0,0,0,0,62.0663,61.308,2.32768,1,1,1.69344,1.76489,0.0409446,1.30835,1.69344,9.02378e+06,3.97174e+06,1.52812e+07,0,0,0,1.19558e+08
99.4275,103.622,2.69511,0,0,3.73382,3.79948,0,0.683752,6.16896,4.3421e+06,2.97144e+06,1.62126e+07,0,0,0,0,62.0164,61.308,2.6187,1,1,1.69344,1.80803,0.0833434,1.30835,1.69344,9.02378e+06,3.97174e+06,1.52812e+07,0,0,0,1.19558e+08
98.647,103.622,2.48787,0,0,3.73385,3.79952,0,0.699717,6.16896,4.3421e+06,2.97144e+06,1.62128e+07,0,0,0,0,61.8584,61.308,2.4889,1,1,1.69344,1.80805,0.0833616,1.30835,1.69344,9.02378e+06,3.97174e+06,1.52812e+07,0,0,0,1.19558e+08
97.6782,103.622,2.26517,0,0,3.73389,3.79956,0,0.699724,6.16896,4.3421e+06,2.97144e+06,1.6213e+07,0,0,0,0,61.6497,61.308,2.1798,1,1,1.69344,1.80807,0.0833799,1.30835,1.69344,9.02378e+06,3.97174e+06,1.52812e+07,0,0,0,1.19558e+08
96.9455,103.622,2.55491,0,0,3.73393,3.7996,0,0.699731,6.16896,4.3421e+06,2.97144e+06,1.62131e+07,0,0,0,0,61.6109,61.308,2.7405,1,1,1.69344,1.80809,0.083398,1.30835,1.69344,9.02378e+06,3.97174e+06,1.52812e+07,0,0,0,1.19558e+08
95.8484,103.622,2.24973,0,0,3.98334,4.0534,0,0.699739,6.16896,4.3421e+06,2.97144e+06,1.72961e+07,0,0,0,0,61.4748,61.308,2.1181,1,1,1.69344,1.96377,0.236396,1.30835,1.69344,9.02378e+06,3.97174e+06,1.52812e+07,0,0,0,1.19558e+08
94.9632,103.622,2.4856,0,0,3.98339,4.05344,0,0.746479,6.16896,4.3421e+06,2.97144e+06,1.72963e+07,0,0,0,0,61.4052,61.308,2.62515,1,1,1.69344,1.96379,0.236416,1.30835,1.69344,9.02378e+06,3.97174e+06,1.52812e+07,0,0,0,1.19558e+08
93.6549,103.622,2.01754,0,0,3.98343,4.05348,0,0.746486,6.16896,4.3421e+06,2.97144e+06,1.72965e+07,0,0,0,0,61.1794,61.308,1.85268,1,1,1.69344,1.96381,0.236435,1.30835,1.69344,9.02378e+06,3.97174e+06,1.52812e+07,0,0,0,1.19558e+08
92.8023,103.622,2.51021,0,0,3.98347,4.05352,0,0.746494,6.16896,4.3421e+06,2.97144e+06,1.72966e+07,0,0,0,0,61.4871,61.308,3.36747,1,1,1.69344,1.96383,0.236455,1.30835,1.69344,9.02378e+06,3.97174e+06,1.52812e+07,0,0,0,1.19558e+08
91.5652,103.622,2.19924,0,0,3.98351,4.05356,0,0.746502,6.16896,4.3421e+06,2.97144e+06,1.72968e+07,0,0,0,0,62.3362,61.308,5.41627,1,1,1.69344,1.96386,0.236475,1.30835,1.69344,9.02378e+06,3.97174e+06,1.52812e+07,0,0,0,1.19558e+08
90.2689,103.622,1.99086,0,0,3.86201,3.92992,0,0.746509,6.16896,4.3421e+06,2.97144e+06,1.67692e+07,0,0,0,0,62.3362,61.308,3.44854,1,1,1.69344,1.86938,0.143637,1.30835,1.69344,9.02378e+06,3.97174e+06,1.52812e+07,0,0,0,1.19558e+08
88.7023,103.622,1.67684,0,0,3.86205,3.92996,0,0.72374,6.16896,4.3421e+06,2.97144e+06,1.67694e+07,0,0,0,0,62.3362,61.308,3.05588,1,1,1.69344,1.8694,0.143656,1.30835,1.69344,9.02378e+06,3.97174e+06,1.52812e+07,0,0,0,1.19558e+08
88.2592,103.622,3.08322,0,0,3.86209,3.93,0,0.723747,6.16896,4.3421e+06,2.97144e+06,1.67696e+07,0,0,0,0,62.3362,61.308,4.1633,1,1,1.69344,1.86942,0.143675,1.30835,1.69344,9.02378e+06,3.97174e+06,1.52812e+07,0,0,0,1.19558e+08
89.1176,103.622,4.67226,0,0,3.86212,3.93005,0,0.723755,6.16896,4.3421e+06,2.97144e+06,1.67698e+07,0,0,0,0,62.3362,61.308,4.61654,1,1,1.69344,1.86944,0.143694,1.30835,1.69344,9.02378e+06,3.97174e+06,1.52812e+07,0,0,0,1.19558e+08
87.8516,103.622,2.4132,0,0,3.7624,3.82856,0,0.723762,6.16896,4.3421e+06,2.97144e+06,1.63367e+07,0,0,0,0,62.3362,61.308,4.46886,1,1,1.69344,1.78345,0.0591853,1.30835,1.69344,9.02378e+06,3.97174e+06,1.52812e+07,0,0,0,1.19558e+08
88.4452,103.622,4.72848,0,0,3.76243,3.8286,0,0.705073,6.16896,4.3421e+06,2.97144e+06,1.63369e+07,0,0,0,0,62.3362,61.308,9.20368,1,1,1.69344,1.78347,0.0592034,1.30835,1.69344,9.02378e+06,3.97174e+06,1.52812e+07,0,0,0,1.19558e+08
88.389,103.622,3.71601,0,0,3.76247,3.82864,0,0.70508,6.16896,4.3421e+06,2.97144e+06,1.63371e+07,0,0,0,0,62.3362,61.308,7.01942,1,1,1.69344,1.78348,0.0592213,1.30835,1.69344,9.02378e+06,3.97174e+06,1.52812e+07,0,0,0,1.19558e+08
87.3204,103.622,2.6059,0,0,3.76251,3.82868,0,0.705087,6.16896,4.3421e+06,2.97144e+06,1.63372e+07,0,0,0,0,62.3362,61.308,5.90729,1,1,1.69344,1.7835,0.0592392,1.30835,1.69344,9.02378e+06,3.97174e+06,1.52812e+07,0,0,0,1.19558e+08
86.5802,103.622,2.94329,0,0,3.47919,3.54037,0,0.705095,6.16896,4.3421e+06,2.97144e+06,1.5107e+07,0,0,0,0,62.3362,61.308,9.22915,1,1,1.57664,1.60437,0,1.30835,1.69344,9.02378e+06,3.97174e+06,1.42273e+07,0,0,0,1.19558e+08
86.9914,103.622,4.30248,0,0,3.47922,3.54041,0,0.652,6.16896,4.3421e+06,2.97144e+06,1.51071e+07,0,0,0,0,62.3362,61.308,9.20276,1,1,1.57666,1.60439,0,1.21812,1.69344,9.02378e+06,3.97174e+06,1.42274e+07,0,0,0,1.19558e+08
97.9218,103.622,17.1107,0,0,3.47926,3.54044,0,0.652006,6.16896,4.3421e+06,2.97144e+06,1.51073e+07,0,0,0,0,62.3362,61.308,31.1226,1,1,1.57668,1.6044,0,1.21813,1.69344,9.02378e+06,3.97174e+06,1.42276e+07,0,0,0,1.19558e+08
101.471,103.622,8.19128,0,0,3.47929,3.54048,0,0.652013,6.16896,4.3421e+06,2.97144e+06,1.51075e+07,0,0,0,0,62.3362,61.308,16.2479,1,1,1.57669,1.60442,0,1.21814,1.69344,9.02378e+06,3.97174e+06,1.42277e+07,0,0,0,1.19558e+08
103.622,103.622,9.78388,0,0,3.47933,3.54052,0,0.65202,6.16896,4.3421e+06,2.97144e+06,1.51076e+07,0,0,0,0,62.3362,61.308,10.9752,1,1,1.57671,1.60444,0,1.21815,1.69344,9.02378e+06,3.97174e+06,1.42279e+07,0,0,0,1.19558e+08
103.622,103.622,10.4425,0,0,3.58835,3.65145,0,0.652026,6.16896,4.3421e+06,2.97144e+06,1.5581e+07,0,0,0,0,62.3362,61.308,10.2435,1,1,1.6277,1.65632,0,1.21817,1.69344,9.02378e+06,3.97174e+06,1.4688e+07,0,0,0,1.19558e+08
103.622,103.622,12.6878,0,0,3.58835,3.65146,0,0.672456,6.16896,4.3421e+06,2.97144e+06,1.5581e+07,0,0,0,0,62.3362,61.308,10.585,1,1,1.6277,1.65633,0,1.25756,1.69344,9.02378e+06,3.97174e+06,1.4688e+07,0,0,0,1.19558e+08
103.622,103.622,9.60556,0,0,3.58836,3.65146,0,0.672457,6.16896,4.3421e+06,2.97144e+06,1.5581e+07,0,0,0,0,62.3362,61.308,10.0757,1,1,1.6277,1.65633,0,1.25756,1.69344,9.02378e+06,3.97174e+06,1.4688e+07,0,0,0,1.19558e+08
103.622,103.622,10.8144,0,0,3.58836,3.65147,0,0.672458,6.16896,4.3421e+06,2.97144e+06,1.5581e+07,0,0,0,0,62.3362,61.308,10.9705,1,1,1.62771,1.65633,0,1.25756,1.69344,9.02378e+06,3.97174e+06,1.46881e+07,0,0,0,1.19558e+08
103.622,103.622,10.8976,0,0,3.93837,4.00763,0,0.672459,6.16896,4.3421e+06,2.97144e+06,1.71008e+07,0,0,0,0,62.3362,61.308,11.1445,1,1,1.69344,1.85108,0.125652,1.25757,1.69344,9.02378e+06,3.97174e+06,1.52812e+07,0,0,0,1.19558e+08
103.622,103.622,12.4139,0,0,3.93837,4.00763,0,0.73805,6.16896,4.3421e+06,2.97144e+06,1.71008e+07,0,0,0,0,62.3362,61.308,9.69362,1,1,1.69344,1.85109,0.125655,1.30835,1.69344,9.02378e+06,3.97174e+06,1.52812e+07,0,0,0,1.19558e+08
103.622,103.622,14.3906,0.14,0,3.93838,4.00764,0,0.738051,6.16896,4.3421e+06,2.97144e+06,1.71009e+07,0,0,0,0,62.3362,61.308,10.249,1,1,1.69344,1.85109,0.125657,1.30835,1.69344,9.02378e+06,3.97174e+06,1.52812e+07,0,0,0,1.19558e+08
103.622,103.622,11.8713,0.42,0,3.66134,4.00765,0,0.738052,6.16896,4.3421e+06,2.97144e+06,1.58979e+07,0,0,0,0,62.3362,61.308,11.2688,1,1,1.69114,1.85109,0,1.30835,1.69344,9.02378e+06,3.97174e+06,1.52604e+07,0,0,0,1.19558e+08
103.622,103.622,10.6899,0.43,0,3.19725,3.49966,0,0.686135,6.16896,4.3421e+06,2.97144e+06,1.38828e+07,0,0,0,0,62.3362,61.308,18.7823,1,1,1.45236,1.58974,0,1.30657,1.69344,9.02378e+06,3.97174e+06,1.31058e+07,0,0,0,1.19558e+08
103.622,103.622,12.0403,0.5,0,3.19725,3.49966,0,0.599164,6.16896,4.3421e+06,2.97144e+06,1.38828e+07,0,0,0,0,62.3362,61.308,22.179,1,1,1.45237,1.58974,0,1.1221,1.69344,9.02378e+06,3.97174e+06,1.31058e+07,0,0,0,1.19558e+08
103.622,103.622,10.3553,0.52,0,3.19725,3.49967,0,0.599165,6.16896,4.3421e+06,2.97144e+06,1.38828e+07,0,0,0,0,62.3362,61.308,17.3242,1,1,1.45237,1.58974,0,1.1221,1.69344,9.02378e+06,3.97174e+06,1.31059e+07,0,0,0,1.19558e+08
103.622,103.622,12.8826,0.57,0,3.19726,3.49967,0,0.599165,6.16896,4.3421e+06,2.97144e+06,1.38828e+07,0,0,0,0,62.3362,61.308,16.5274,1,1,1.45237,1.58974,0,1.1221,1.69344,9.02378e+06,3.97174e+06,1.31059e+07,0,0,0,1.19558e+08
103.622,103.622,11.6037,0.57,0,3.19726,3.49968,0,0.599166,6.16896,4.3421e+06,2.97144e+06,1.38829e+07,0,0,0,0,62.3362,61.308,17.0089,1,1,1.45237,1.58974,0,1.1221,1.69344,9.02378e+06,3.97174e+06,1.31059e+07,0,0,0,1.19558e+08
103.622,103.622,13.9621,0.6,0,3.31409,3.62755,0,0.599167,6.16896,4.3421e+06,2.97144e+06,1.43901e+07,0,0,0,0,62.3362,61.308,20.0832,1,1,1.51079,1.65369,0,1.1221,1.69344,9.02378e+06,3.97174e+06,1.3633e+07,0,0,0,1.19558e+08
103.622,103.622,11.048,0.56,0,3.31409,3.62756,0,0.62106,6.16896,4.3421e+06,2.97144e+06,1.43901e+07,0,0,0,0,62.3362,61.308,16.0821,1,1,1.51079,1.65369,0,1.16723,1.69344,9.02378e+06,3.97174e+06,1.3633e+07,0,0,0,1.19558e+08
103.622,103.622,8.78104,0.56,0,3.3141,3.62756,0,0.621061,6.16896,4.3421e+06,2.97144e+06,1.43902e+07,0,0,0,0,62.3362,61.308,14.0431,1,1,1.51079,1.65369,0,1.16724,1.69344,9.02378e+06,3.97174e+06,1.36331e+07,0,0,0,1.19558e+08
103.622,103.622,9.03776,0.57,0,3.3141,3.62757,0,0.621062,6.16896,4.3421e+06,2.97144e+06,1.43902e+07,0,0,0,0,62.3362,61.308,10.0202,1,1,1.51079,1.65369,0,1.16724,1.69344,9.02378e+06,3.97174e+06,1.36331e+07,0,0,0,1.19558e+08
103.622,103.622,8.79582,0.53,0,3.26843,3.57757,0,0.621063,6.16896,4.3421e+06,2.97144e+06,1.41919e+07,0,0,0,0,62.3362,61.308,7.48581,1,1,1.48811,1.62886,0,1.16724,1.69344,9.02378e+06,3.97174e+06,1.34284e+07,0,0,0,1.19558e+08
103.622,103.622,7.4277,0.49,0,3.26843,3.57758,0,0.612504,6.16896,4.3421e+06,2.97144e+06,1.41919e+07,0,0,0,0,62.3362,61.308,7.33343,1,1,1.48811,1.62886,0,1.14971,1.69344,9.02378e+06,3.97174e+06,1.34284e+07,0,0,0,1.19558e+08
103.622,103.622,6.75425,0.47,0,3.26844,3.57758,0,0.612505,6.16896,4.3421e+06,2.97144e+06,1.41919e+07,0,0,0,0,62.3362,61.308,6.64128,1,1,1.48811,1.62887,0,1.14971,1.69344,9.02378e+06,3.97174e+06,1.34284e+07,0,0,0,1.19558e+08
103.622,103.622,6.47621,0.44,0,3.26844,3.57759,0,0.612505,6.16896,4.3421e+06,2.97144e+06,1.41919e+07,0,0,0,0,62.3362,61.308,6.35656,1,1,1.48811,1.62887,0,1.14972,1.69344,9.02378e+06,3.97174e+06,1.34284e+07,0,0,0,1.19558e+08
103.622,103.622,6.65344,0.4,0,3.42349,3.7473,0,0.612506,6.16896,4.3421e+06,2.97144e+06,1.48652e+07,0,0,0,0,62.3362,61.308,5.31922,1,1,1.56857,1.71694,0,1.14972,1.69344,9.02378e+06,3.97174e+06,1.41545e+07,0,0,0,1.19558e+08
103.622,103.622,5.90621,0.38,0,3.68255,3.74731,0,0.641563,6.16896,4.3421e+06,2.97144e+06,1.599e+07,0,0,0,0,62.3362,61.308,4.45411,1,1,1.68727,1.71694,0,1.21188,1.69344,9.02378e+06,3.97174e+06,1.52255e+07,0,0,0,1.19558e+08
103.622,103.622,5.68816,0.37,0,3.68255,3.74731,0,0.690109,6.16896,4.3421e+06,2.97144e+06,1.599e+07,0,0,0,0,62.3362,61.308,5.26419,1,1,1.68727,1.71694,0,1.30358,1.69344,9.02378e+06,3.97174e+06,1.52255e+07,0,0,0,1.19558e+08
103.622,103.622,5.35394,0.32,0,3.68256,3.74732,0,0.69011,6.16896,4.3421e+06,2.97144e+06,1.599e+07,0,0,0,0,62.3362,61.308,4.51547,1,1,1.68727,1.71694,0,1.30358,1.69344,9.02378e+06,3.97174e+06,1.52255e+07,0,0,0,1.19558e+08
103.622,103.622,4.13234,0.29,0,3.68256,3.74732,0,0.690111,6.16896,4.3421e+06,2.97144e+06,1.59901e+07,0,0,0,0,62.3362,61.308,2.73149,1,1,1.68727,1.71694,0,1.30358,1.69344,9.02378e+06,3.97174e+06,1.52256e+07,0,0,0,1.19558e+08
103.622,103.622,3.75485,0.27,0,3.64958,3.71377,0,0.690112,6.16896,4.3421e+06,2.97144e+06,1.58469e+07,0,0,0,0,62.1893,61.308,2.33709,1,1,1.69344,1.76535,0.0414003,1.30359,1.69344,9.02378e+06,3.97174e+06,1.52812e+07,0,0,0,1.19558e+08
103.622,103.622,3.58269,0.26,0,3.64959,3.71377,0,0.683932,6.16896,4.3421e+06,2.97144e+06,1.58469e+07,0,0,0,0,62.0087,61.308,2.29233,1,1,1.69344,1.76535,0.0414028,1.30835,1.69344,9.02378e+06,3.97174e+06,1.52812e+07,0,0,0,1.19558e+08
103.593,103.622,3.39509,0.26,0,3.64959,3.71378,0,0.683933,6.16896,4.3421e+06,2.97144e+06,1.58469e+07,0,0,0,0,61.7659,61.308,2.29116,1,1,1.69344,1.76535,0.0414051,1.30835,1.69344,9.02378e+06,3.97174e+06,1.52812e+07,0,0,0,1.19558e+08
103.214,103.622,2.99568,0.25,0,3.6496,3.71378,0,0.683934,6.16896,4.3421e+06,2.97144e+06,1.58469e+07,0,0,0,0,61.4458,61.308,1.98047,1,1,1.69344,1.76536,0.0414076,1.30835,1.69344,9.02378e+06,3.97174e+06,1.52812e+07,0,0,0,1.19558e+08
102.958,103.622,3.17612,0.25,0,3.73478,3.80046,0,0.683935,6.16896,4.3421e+06,2.97144e+06,1.62168e+07,0,0,0,0,61.2107,61.308,2.0689,1,1,1.69344,1.8085,0.0838018,1.30835,1.69344,9.02378e+06,3.97174e+06,1.52812e+07,0,0,0,1.19558e+08
102.484,103.622,2.91545,0.25,0,3.73478,3.80047,0,0.699898,6.16896,4.3421e+06,2.97144e+06,1.62168e+07,0,0,0,0,60.8298,61.308,2.04028,1,1,1.69344,1.8085,0.0838043,1.30835,1.69344,9.02378e+06,3.97174e+06,1.52812e+07,0,0,0,1.19558e+08
101.8,103.622,2.66732,0.26,0,3.73479,3.80047,0,0.699899,6.16896,4.3421e+06,2.97144e+06,1.62168e+07,0,0,0,0,60.4404,61.308,1.78787,1,1,1.69344,1.8085,0.0838068,1.30835,1.69344,9.02378e+06,3.97174e+06,1.52812e+07,0,0,0,1.19558e+08
101.265,103.622,2.85495,0.26,0,3.73479,3.80048,0,0.6999,6.16896,4.3421e+06,2.97144e+06,1.62169e+07,0,0,0,0,60.0347,61.308,2.1159,1,1,1.69344,1.8085,0.0838092,1.30835,1.69344,9.02378e+06,3.97174e+06,1.52812e+07,0,0,0,1.19558e+08
99.6974,103.622,1.86997,0.26,0,3.98423,4.0543,0,0.699901,6.16896,4.3421e+06,2.97144e+06,1.73e+07,0,0,0,0,59.3783,61.308,1.63221,1,1,1.69344,1.96421,0.236825,1.30835,1.69344,9.02378e+06,3.97174e+06,1.52812e+07,0,0,0,1.19558e+08
97.9817,103.622,1.68662,0.27,0,3.98424,4.0543,0,0.746645,6.16896,4.3421e+06,2.97144e+06,1.73e+07,0,0,0,0,58.7951,61.308,1.51272,1,1,1.69344,1.96421,0.236828,1.30835,1.69344,9.02378e+06,3.97174e+06,1.52812e+07,0,0,0,1.19558e+08
96.5759,103.622,1.98957,0.27,0,3.98424,4.05431,0,0.746646,6.16896,4.3421e+06,2.97144e+06,1.73e+07,0,0,0,0,58.3,61.308,1.63781,1,1,1.69344,1.96422,0.236831,1.30835,1.69344,9.02378e+06,3.97174e+06,1.52812e+07,0,0,0,1.19558e+08
96.4034,103.622,3.31103,0.3,0,3.98425,4.05432,0,0.746647,6.16896,4.3421e+06,2.97144e+06,1.73e+07,0,0,0,0,57.8901,61.308,1.9628,1,1,1.69344,1.96422,0.236833,1.30835,1.69344,9.02378e+06,3.97174e+06,1.52812e+07,0,0,0,1.19558e+08
95.8989,103.622,2.88862,0.29,0,3.98425,4.05432,0,0.746648,6.16896,4.3421e+06,2.97144e+06,1.73e+07,0,0,0,0,57.4385,61.308,1.687,1,1,1.69344,1.96422,0.236836,1.30835,1.69344,9.02378e+06,3.97174e+06,1.52812e+07,0,0,0,1.19558e+08
94.8811,103.622,2.34909,0.3,0,3.86269,3.93062,0,0.746649,6.16896,4.3421e+06,2.97144e+06,1.67722e+07,0,0,0,0,57.0396,61.308,1.80844,1,1,1.69344,1.86972,0.143965,1.30835,1.69344,9.02378e+06,3.97174e+06,1.52812e+07,0,0,0,1.19558e+08
93.875,103.622,2.37885,0.31,0,3.8627,3.93063,0,0.723869,6.16896,4.3421e+06,2.97144e+06,1.67722e+07,0,0,0,0,56.6997,61.308,1.89279,1,1,1.69344,1.86972,0.143967,1.30835,1.69344,9.02378e+06,3.97174e+06,1.52812e+07,0,0,0,1.19558e+08
93.0418,103.622,2.59642,0.3,0,3.86271,3.93064,0,0.72387,6.16896,4.3421e+06,2.97144e+06,1.67723e+07,0,0,0,0,56.3903,61.308,2.01856,1,1,1.69344,1.86972,0.14397,1.30835,1.69344,9.02378e+06,3.97174e+06,1.52812e+07,0,0,0,1.19558e+08
91.913,103.622,2.48669,0.31,0,3.86271,3.93064,0,0.723871,6.16896,4.3421e+06,2.97144e+06,1.67723e+07,0,0,0,0,56.0878,61.308,2.45726,1,1,1.69344,1.86973,0.143972,1.30835,1.69344,9.02378e+06,3.97174e+06,1.52812e+07,0,0,0,1.19558e+08
90.0151,103.622,1.43098,0.31,0,3.76293,3.82911,0,0.723872,6.16896,4.3421e+06,2.97144e+06,1.6339e+07,0,0,0,0,55.6544,61.308,1.49201,1,1,1.69344,1.7837,0.0594355,1.30835,1.69344,9.02378e+06,3.97174e+06,1.52812e+07,0,0,0,1.19558e+08
88.8107,103.622,2.17662,0.33,0,3.76294,3.82911,0,0.705174,6.16896,4.3421e+06,2.97144e+06,1.63391e+07,0,0,0,0,55.3006,61.308,1.81677,1,1,1.69344,1.7837,0.0594379,1.30835,1.69344,9.02378e+06,3.97174e+06,1.52812e+07,0,0,0,1.19558e+08
90.2527,103.622,5.13434,0.36,0,3.76294,3.82912,0,0.705174,6.16896,4.3421e+06,2.97144e+06,1.63391e+07,0,0,0,0,55.7002,61.308,4.65638,1,1,1.69344,1.78371,0.0594403,1.30835,1.69344,9.02378e+06,3.97174e+06,1.52812e+07,0,0,0,1.19558e+08
90.6638,103.622,3.86863,0.33,0,3.76295,3.82912,0,0.705176,6.16896,4.3421e+06,2.97144e+06,1.63391e+07,0,0,0,0,55.748,61.308,3.19431,1,1,1.69344,1.78371,0.0594428,1.30835,1.69344,9.02378e+06,3.97174e+06,1.52812e+07,0,0,0,1.19558e+08
92.7044,103.622,5.61407,0.33,0,3.47956,3.54075,0,0.705176,6.16896,4.3421e+06,2.97144e+06,1.51086e+07,0,0,0,0,55.7445,61.308,3.64402,1,1,1.57681,1.60454,0,1.30835,1.69344,9.02378e+06,3.97174e+06,1.42288e+07,0,0,0,1.19558e+08
94.2677,103.622,5.174,0.34,0,3.47956,3.54076,0,0.65207,6.16896,4.3421e+06,2.97144e+06,1.51086e+07,0,0,0,0,55.9614,61.308,4.40745,1,1,1.57682,1.60455,0,1.21825,1.69344,9.02378e+06,3.97174e+06,1.42288e+07,0,0,0,1.19558e+08
95.2559,103.622,4.60808,0.35,0,3.47957,3.54076,0,0.65207,6.16896,4.3421e+06,2.97144e+06,1.51087e+07,0,0,0,0,55.9192,61.308,3.53845,1,1,1.57682,1.60455,0,1.21825,1.69344,9.02378e+06,3.97174e+06,1.42289e+07,0,0,0,1.19558e+08
97.9835,103.622,6.52718,0.38,0,3.47957,3.54077,0,0.652071,6.16896,4.3421e+06,2.97144e+06,1.51087e+07,0,0,0,0,56.5249,61.308,4.82869,1,1,1.57682,1.60455,0,1.21825,1.69344,9.02378e+06,3.97174e+06,1.42289e+07,0,0,0,1.19558e+08
99.5275,103.622,5.17456,0.31,0,3.47958,3.54077,0,0.652072,6.16896,4.3421e+06,2.97144e+06,1.51087e+07,0,0,0,0,56.9876,61.308,3.85505,1,1,1.57682,1.60455,0,1.21825,1.69344,9.02378e+06,3.97174e+06,1.42289e+07,0,0,0,1.19558e+08
101.402,103.622,5.6521,0.34,0,3.58857,3.65168,0,0.652073,6.16896,4.3421e+06,2.97144e+06,1.5582e+07,0,0,0,0,57.5741,61.308,4.02289,1,1,1.6278,1.65643,0,1.21825,1.69344,9.02378e+06,3.97174e+06,1.46889e+07,0,0,0,1.19558e+08
103.173,103.622,5.59968,0.35,0,3.58855,3.65165,0,0.672499,6.16896,4.3421e+06,2.97144e+06,1.55818e+07,0,0,0,0,58.2695,61.308,4.21032,1,1,1.62779,1.65642,0,1.25764,1.69344,9.02378e+06,3.97174e+06,1.46888e+07,0,0,0,1.19558e+08
103.622,103.622,5.35553,0.35,0,3.58852,3.65163,0,0.672494,6.16896,4.3421e+06,2.97144e+06,1.55817e+07,0,0,0,0,59.0285,61.308,4.46241,1,1,1.62778,1.6564,0,1.25763,1.69344,9.02378e+06,3.97174e+06,1.46887e+07,0,0,0,1.19558e+08
103.622,103.622,7.46887,0.36,0,3.58849,3.6516,0,0.672488,6.16896,4.3421e+06,2.97144e+06,1.55816e+07,0,0,0,0,59.5011,61.308,3.96979,1,1,1.62777,1.65639,0,1.25762,1.69344,9.02378e+06,3.97174e+06,1.46886e+07,0,0,0,1.19558e+08
103.622,103.622,9.58994,0.37,0,3.93848,4.00774,0,0.672483,6.16896,4.3421e+06,2.97144e+06,1.71013e+07,0,0,0,0,60.9427,61.308,6.19809,1,1,1.69344,1.85113,0.125702,1.25761,1.69344,9.02378e+06,3.97174e+06,1.52812e+07,0,0,0,1.19558e+08
103.622,103.622,17.325,0.38,0,3.93845,4.00771,0,0.73807,6.16896,4.3421e+06,2.97144e+06,1.71011e+07,0,0,0,0,62.3362,61.308,8.76666,1,1,1.69344,1.85112,0.125689,1.30835,1.69344,9.02378e+06,3.97174e+06,1.52812e+07,0,0,0,1.19558e+08
103.622,103.622,7.24047,0.4,0,3.66137,4.00768,0,0.738065,6.16896,4.3421e+06,2.97144e+06,1.58981e+07,0,0,0,0,62.3362,61.308,4.39293,1,1,1.69115,1.85111,0,1.30835,1.69344,9.02378e+06,3.97174e+06,1.52606e+07,0,0,0,1.19558e+08
103.622,103.622,6.18507,0.42,0,3.66134,4.00765,0,0.686141,6.16896,4.3421e+06,2.97144e+06,1.58979e+07,0,0,0,0,62.3362,61.308,4.23387,1,1,1.69114,1.85109,0,1.30658,1.69344,9.02378e+06,3.97174e+06,1.52604e+07,0,0,0,1.19558e+08
103.622,103.622,12.5566,0.45,0,3.19722,3.49963,0,0.686135,6.16896,4.3421e+06,2.97144e+06,1.38827e+07,0,0,0,0,62.3362,61.308,11.8849,1,1,1.45235,1.58972,0,1.30657,1.69344,9.02378e+06,3.97174e+06,1.31057e+07,0,0,0,1.19558e+08
103.622,103.622,10.0687,0.49,0,3.1972,3.4996,0,0.599159,6.16896,4.3421e+06,2.97144e+06,1.38826e+07,0,0,0,0,62.3362,61.308,8.6568,1,1,1.45234,1.58971,0,1.12209,1.69344,9.02378e+06,3.97174e+06,1.31056e+07,0,0,0,1.19558e+08
103.622,103.622,8.16592,0.52,0,3.19717,3.49958,0,0.599154,6.16896,4.3421e+06,2.97144e+06,1.38825e+07,0,0,0,0,62.3362,61.308,5.69292,1,1,1.45233,1.5897,0,1.12208,1.69344,9.02378e+06,3.97174e+06,1.31055e+07,0,0,0,1.19558e+08
103.622,103.622,6.41704,0.55,0,3.19715,3.49955,0,0.59915,6.16896,4.3421e+06,2.97144e+06,1.38824e+07,0,0,0,0,62.3362,61.308,4.01738,1,1,1.45232,1.58969,0,1.12207,1.69344,9.02378e+06,3.97174e+06,1.31054e+07,0,0,0,1.19558e+08
103.622,103.622,9.62865,0.57,0,3.19712,3.49952,0,0.599145,6.16896,4.3421e+06,2.97144e+06,1.38822e+07,0,0,0,0,62.3362,61.308,7.95539,1,1,1.45231,1.58968,0,1.12206,1.69344,9.02378e+06,3.97174e+06,1.31053e+07,0,0,0,1.19558e+08
103.622,103.622,11.9961,0.58,0,3.31392,3.62736,0,0.599141,6.16896,4.3421e+06,2.97144e+06,1.43894e+07,0,0,0,0,62.3362,61.308,10.1939,1,1,1.51071,1.6536,0,1.12205,1.69344,9.02378e+06,3.97174e+06,1.36323e+07,0,0,0,1.19558e+08
103.622,103.622,9.93109,0.56,0,3.31389,3.62733,0,0.621028,6.16896,4.3421e+06,2.97144e+06,1.43893e+07,0,0,0,0,62.3362,61.308,7.75368,1,1,1.5107,1.65359,0,1.16717,1.69344,9.02378e+06,3.97174e+06,1.36322e+07,0,0,0,1.19558e+08
103.622,103.622,8.30263,0.55,0,3.31387,3.62731,0,0.621023,6.16896,4.3421e+06,2.97144e+06,1.43892e+07,0,0,0,0,62.3362,61.308,7.21533,1,1,1.51069,1.65357,0,1.16716,1.69344,9.02378e+06,3.97174e+06,1.36321e+07,0,0,0,1.19558e+08
103.622,103.622,6.98108,0.56,0,3.31384,3.62728,0,0.621018,6.16896,4.3421e+06,2.97144e+06,1.4389e+07,0,0,0,0,62.3362,61.308,5.37714,1,1,1.51067,1.65356,0,1.16716,1.69344,9.02378e+06,3.97174e+06,1.3632e+07,0,0,0,1.19558e+08
103.622,103.622,5.5971,0.53,0,3.26814,3.57726,0,0.621014,6.16896,4.3421e+06,2.97144e+06,1.41906e+07,0,0,0,0,62.3362,61.308,3.93543,1,1,1.48798,1.62872,0,1.16715,1.69344,9.02378e+06,3.97174e+06,1.34272e+07,0,0,0,1.19558e+08
103.622,103.622,6.00558,0.51,0,3.26812,3.57723,0,0.61245,6.16896,4.3421e+06,2.97144e+06,1.41905e+07,0,0,0,0,62.3362,61.308,5.17917,1,1,1.48797,1.62871,0,1.14961,1.69344,9.02378e+06,3.97174e+06,1.34271e+07,0,0,0,1.19558e+08
103.622,103.622,5.17933,0.49,0,3.26809,3.57721,0,0.612445,6.16896,4.3421e+06,2.97144e+06,1.41904e+07,0,0,0,0,62.3362,61.308,4.5137,1,1,1.48796,1.62869,0,1.1496,1.69344,9.02378e+06,3.97174e+06,1.3427e+07,0,0,0,1.19558e+08
103.622,103.622,4.65208,0.45,0,3.26807,3.57718,0,0.612441,6.16896,4.3421e+06,2.97144e+06,1.41903e+07,0,0,0,0,62.3362,61.308,4.07687,1,1,1.48794,1.62868,0,1.14959,1.69344,9.02378e+06,3.97174e+06,1.34269e+07,0,0,0,1.19558e+08
103.622,103.622,4.55208,0.4,0,3.42307,3.74684,0,0.612436,6.16896,4.3421e+06,2.97144e+06,1.48633e+07,0,0,0,0,62.3362,61.308,3.53907,1,1,1.56838,1.71672,0,1.14959,1.69344,9.02378e+06,3.97174e+06,1.41527e+07,0,0,0,1.19558e+08
103.622,103.622,4.27526,0.38,0,3.68206,3.74681,0,0.641484,6.16896,4.3421e+06,2.97144e+06,1.59879e+07,0,0,0,0,62.3362,61.308,3.24502,1,1,1.68704,1.71671,0,1.21173,1.69344,9.02378e+06,3.97174e+06,1.52235e+07,0,0,0,1.19558e+08
103.622,103.622,4.19838,0.37,0,3.68203,3.74679,0,0.690018,6.16896,4.3421e+06,2.97144e+06,1.59878e+07,0,0,0,0,62.3362,61.308,3.34057,1,1,1.68703,1.7167,0,1.30341,1.69344,9.02378e+06,3.97174e+06,1.52234e+07,0,0,0,1.19558e+08
103.622,103.622,3.78279,0.32,0,3.68201,3.74676,0,0.690013,6.16896,4.3421e+06,2.97144e+06,1.59877e+07,0,0,0,0,62.3362,61.308,3.3036,1,1,1.68702,1.71669,0,1.3034,1.69344,9.02378e+06,3.97174e+06,1.52233e+07,0,0,0,1.19558e+08
103.622,103.622,4.44044,0.3,0,3.68198,3.74673,0,0.690008,6.16896,4.3421e+06,2.97144e+06,1.59875e+07,0,0,0,0,62.3362,61.308,3.00787,1,1,1.687,1.71667,0,1.30339,1.69344,9.02378e+06,3.97174e+06,1.52232e+07,0,0,0,1.19558e+08
103.622,103.622,4.55043,0.28,0,3.64897,3.71315,0,0.690003,6.16896,4.3421e+06,2.97144e+06,1.58442e+07,0,0,0,0,62.3362,61.308,2.92442,1,1,1.69344,1.76505,0.0411098,1.30338,1.69344,9.02378e+06,3.97174e+06,1.52812e+07,0,0,0,1.19558e+08
103.622,103.622,4.22107,0.27,0,3.64895,3.71312,0,0.683818,6.16896,4.3421e+06,2.97144e+06,1.58441e+07,0,0,0,0,62.3362,61.308,2.83428,1,1,1.69344,1.76504,0.0410968,1.30835,1.69344,9.02378e+06,3.97174e+06,1.52812e+07,0,0,0,1.19558e+08
103.622,103.622,3.92914,0.26,0,3.64892,3.71309,0,0.683813,6.16896,4.3421e+06,2.97144e+06,1.5844e+07,0,0,0,0,62.3362,61.308,2.93233,1,1,1.69344,1.76503,0.0410838,1.30835,1.69344,9.02378e+06,3.97174e+06,1.52812e+07,0,0,0,1.19558e+08
103.622,103.622,3.79189,0.25,0,3.64889,3.71306,0,0.683807,6.16896,4.3421e+06,2.97144e+06,1.58439e+07,0,0,0,0,62.3119,61.308,2.78278,1,1,1.69344,1.76501,0.0410708,1.30835,1.69344,9.02378e+06,3.97174e+06,1.52812e+07,0,0,0,1.19558e+08
103.622,103.622,3.701,0.25,0,3.73402,3.79969,0,0.683802,6.16896,4.3421e+06,2.97144e+06,1.62135e+07,0,0,0,0,62.1922,61.308,2.65746,1,1,1.69344,1.80813,0.0834413,1.30835,1.69344,9.02378e+06,3.97174e+06,1.52812e+07,0,0,0,1.19558e+08
103.62,103.622,3.41081,0.26,0,3.73399,3.79966,0,0.699756,6.16896,4.3421e+06,2.97144e+06,1.62134e+07,0,0,0,0,62.0227,61.308,2.57314,1,1,1.69344,1.80812,0.0834279,1.30835,1.69344,9.02378e+06,3.97174e+06,1.52812e+07,0,0,0,1.19558e+08
103.331,103.622,3.09918,0.26,0,3.73397,3.79963,0,0.69975,6.16896,4.3421e+06,2.97144e+06,1.62133e+07,0,0,0,0,61.8187,61.308,2.35571,1,1,1.69344,1.8081,0.0834147,1.30835,1.69344,9.02378e+06,3.97174e+06,1.52812e+07,0,0,0,1.19558e+08
102.714,103.622,2.74814,0.26,0,3.73394,3.7996,0,0.699745,6.16896,4.3421e+06,2.97144e+06,1.62131e+07,0,0,0,0,61.6019,61.308,2.32472,1,1,1.69344,1.80809,0.0834013,1.30835,1.69344,9.02378e+06,3.97174e+06,1.52812e+07,0,0,0,1.19558e+08
101.32,103.622,2.06876,0.26,0,3.98328,4.05333,0,0.69974,6.16896,4.3421e+06,2.97144e+06,1.72958e+07,0,0,0,0,61.2414,61.308,1.95662,1,1,1.69344,1.96374,0.236365,1.30835,1.69344,9.02378e+06,3.97174e+06,1.52812e+07,0,0,0,1.19558e+08
99.6999,103.622,1.80214,0.27,0,3.98325,4.0533,0,0.746467,6.16896,4.3421e+06,2.97144e+06,1.72957e+07,0,0,0,0,60.8055,61.308,1.77378,1,1,1.69344,1.96373,0.236351,1.30835,1.69344,9.02378e+06,3.97174e+06,1.52812e+07,0,0,0,1.19558e+08
98.2026,103.622,1.90537,0.27,0,3.98322,4.05327,0,0.746461,6.16896,4.3421e+06,2.97144e+06,1.72956e+07,0,0,0,0,60.412,61.308,1.7505,1,1,1.69344,1.96371,0.236337,1.30835,1.69344,9.02378e+06,3.97174e+06,1.52812e+07,0,0,0,1.19558e+08
97.5535,103.622,2.79309,0.26,0,3.98319,4.05324,0,0.746456,6.16896,4.3421e+06,2.97144e+06,1.72954e+07,0,0,0,0,60.1291,61.308,2.09251,1,1,1.69344,1.9637,0.236322,1.30835,1.69344,9.02378e+06,3.97174e+06,1.52812e+07,0,0,0,1.19558e+08
96.7969,103.622,2.73787,0.25,0,3.98316,4.05321,0,0.74645,6.16896,4.3421e+06,2.97144e+06,1.72953e+07,0,0,0,0,59.5735,61.308,1.97589,1,1,1.69344,1.96368,0.236308,1.30835,1.69344,9.02378e+06,3.97174e+06,1.52812e+07,0,0,0,1.19558e+08
95.1006,103.622,1.71149,0.25,0,3.8616,3.92951,0,0.746445,6.16896,4.3421e+06,2.97144e+06,1.67675e+07,0,0,0,0,59.1734,61.308,1.43903,1,1,1.69344,1.86919,0.143445,1.30835,1.69344,9.02378e+06,3.97174e+06,1.52812e+07,0,0,0,1.19558e+08
93.6525,103.622,2.01686,0.32,0,3.86157,3.92948,0,0.723664,6.16896,4.3421e+06,2.97144e+06,1.67674e+07,0,0,0,0,59.1672,61.308,2.44877,1,1,1.69344,1.86918,0.143431,1.30835,1.69344,9.02378e+06,3.97174e+06,1.52812e+07,0,0,0,1.19558e+08
92.1638,103.622,1.92272,0.32,0,3.86154,3.92945,0,0.723659,6.16896,4.3421e+06,2.97144e+06,1.67672e+07,0,0,0,0,59.0889,61.308,2.33213,1,1,1.69344,1.86916,0.143418,1.30835,1.69344,9.02378e+06,3.97174e+06,1.52812e+07,0,0,0,1.19558e+08
90.6197,103.622,1.86701,0.31,0,3.86152,3.92943,0,0.723653,6.16896,4.3421e+06,2.97144e+06,1.67671e+07,0,0,0,0,59.0557,61.308,2.53399,1,1,1.69344,1.86915,0.143404,1.30835,1.69344,9.02378e+06,3.97174e+06,1.52812e+07,0,0,0,1.19558e+08
88.6605,103.622,1.41607,0.33,0,3.76174,3.82789,0,0.723648,6.16896,4.3421e+06,2.97144e+06,1.63339e+07,0,0,0,0,58.6198,61.308,2.33923,1,1,1.69344,1.78313,0.0588778,1.30835,1.69344,9.02378e+06,3.97174e+06,1.52812e+07,0,0,0,1.19558e+08
86.8216,103.622,1.49173,0.36,0,3.76171,3.82786,0,0.704949,6.16896,4.3421e+06,2.97144e+06,1.63337e+07,0,0,0,0,58.3153,61.308,1.49672,1,1,1.69344,1.78312,0.0588647,1.30835,1.69344,9.02378e+06,3.97174e+06,1.52812e+07,0,0,0,1.19558e+08
86.8119,103.622,3.45034,0.37,0,3.76168,3.82783,0,0.704944,6.16896,4.3421e+06,2.97144e+06,1.63336e+07,0,0,0,0,58.985,61.308,4.07157,1,1,1.69344,1.78311,0.0588517,1.30835,1.69344,9.02378e+06,3.97174e+06,1.52812e+07,0,0,0,1.19558e+08
87.981,103.622,4.81447,0.39,0,3.76165,3.8278,0,0.704939,6.16896,4.3421e+06,2.97144e+06,1.63335e+07,0,0,0,0,60.2581,61.308,6.65758,1,1,1.69344,1.78309,0.0588385,1.30835,1.69344,9.02378e+06,3.97174e+06,1.52812e+07,0,0,0,1.19558e+08
89.4417,103.622,4.77633,0.4,0,3.23365,3.5395,0,0.704933,6.16896,4.3421e+06,2.97144e+06,1.40408e+07,0,0,0,0,61.8878,61.308,5.3939,1,1,1.46537,1.60398,0,1.30835,1.69344,9.02378e+06,3.97174e+06,1.32232e+07,0,0,0,1.19558e+08
91.9683,103.622,6.35932,0.39,0,3.4783,3.53947,0,0.605985,6.16896,4.3421e+06,2.97144e+06,1.51032e+07,0,0,0,0,62.3362,61.308,6.53855,1,1,1.57624,1.60396,0,1.13215,1.69344,9.02378e+06,3.97174e+06,1.42237e+07,0,0,0,1.19558e+08
94.2395,103.622,6.00518,0.37,0,3.47828,3.53945,0,0.651834,6.16896,4.3421e+06,2.97144e+06,1.5103e+07,0,0,0,0,62.3362,61.308,5.4196,1,1,1.57623,1.60395,0,1.21781,1.69344,9.02378e+06,3.97174e+06,1.42236e+07,0,0,0,1.19558e+08
97.8568,103.622,7.69862,0.39,0,3.47825,3.53942,0,0.651829,6.16896,4.3421e+06,2.97144e+06,1.51029e+07,0,0,0,0,62.3362,61.308,10.0252,1,1,1.57622,1.60394,0,1.2178,1.69344,9.02378e+06,3.97174e+06,1.42235e+07,0,0,0,1.19558e+08
99.4724,103.622,5.56023,0.32,0,3.47823,3.53939,0,0.651824,6.16896,4.3421e+06,2.97144e+06,1.51028e+07,0,0,0,0,62.3362,61.308,7.62862,1,1,1.57621,1.60393,0,1.21779,1.69344,9.02378e+06,3.97174e+06,1.42234e+07,0,0,0,1.19558e+08
99.3333,103.622,3.69775,0.34,0,3.58715,3.65023,0,0.651819,6.16896,4.3421e+06,2.97144e+06,1.55758e+07,0,0,0,0,62.3362,61.308,5.42628,1,1,1.62715,1.65577,0,1.21778,1.69344,9.02378e+06,3.97174e+06,1.46831e+07,0,0,0,1.19558e+08
98.5389,103.622,2.83679,0.35,0,3.58709,3.65017,0,0.672231,6.16896,4.3421e+06,2.97144e+06,1.55755e+07,0,0,0,0,62.3362,61.308,4.75222,1,1,1.62713,1.65574,0,1.25714,1.69344,9.02378e+06,3.97174e+06,1.46828e+07,0,0,0,1.19558e+08
97.956,103.622,3.07558,0.35,0,3.58703,3.65011,0,0.67222,6.16896,4.3421e+06,2.97144e+06,1.55753e+07,0,0,0,0,62.3362,61.308,4.63577,1,1,1.6271,1.65572,0,1.25712,1.69344,9.02378e+06,3.97174e+06,1.46826e+07,0,0,0,1.19558e+08
97.8562,103.622,3.61664,0.36,0,3.58697,3.65005,0,0.672209,6.16896,4.3421e+06,2.97144e+06,1.5575e+07,0,0,0,0,62.3362,61.308,4.60257,1,1,1.62707,1.65569,0,1.2571,1.69344,9.02378e+06,3.97174e+06,1.46824e+07,0,0,0,1.19558e+08
96.4688,103.622,2.32061,0.37,0,3.93677,4.006,0,0.672198,6.16896,4.3421e+06,2.97144e+06,1.70939e+07,0,0,0,0,62.3362,61.308,3.63029,1,1,1.69344,1.85033,0.124915,1.25708,1.69344,9.02378e+06,3.97174e+06,1.52812e+07,0,0,0,1.19558e+08
95.9335,103.622,3.04976,0.43,0,3.65978,4.00594,0,0.737751,6.16896,4.3421e+06,2.97144e+06,1.58911e+07,0,0,0,0,62.3362,61.308,3.84243,1,1,1.69042,1.8503,0,1.30835,1.69344,9.02378e+06,3.97174e+06,1.52539e+07,0,0,0,1.19558e+08
95.0364,103.622,2.6392,0.47,0,3.65972,4.00587,0,0.685843,6.16896,4.3421e+06,2.97144e+06,1.58909e+07,0,0,0,0,62.3362,61.308,3.80528,1,1,1.69039,1.85027,0,1.30601,1.69344,9.02378e+06,3.97174e+06,1.52537e+07,0,0,0,1.19558e+08
95.0682,103.622,3.84262,0.47,0,3.65966,4.00581,0,0.685831,6.16896,4.3421e+06,2.97144e+06,1.58906e+07,0,0,0,0,62.3362,61.308,4.92439,1,1,1.69036,1.85024,0,1.30599,1.69344,9.02378e+06,3.97174e+06,1.52534e+07,0,0,0,1.19558e+08
97.1205,103.622,5.67168,0.5,0,3.19572,3.49799,0,0.68582,6.16896,4.3421e+06,2.97144e+06,1.38762e+07,0,0,0,0,62.3362,61.308,9.04577,1,1,1.45167,1.58898,0,1.30597,1.69344,9.02378e+06,3.97174e+06,1.30996e+07,0,0,0,1.19558e+08
99.5565,103.622,6.19726,0.49,0,3.19567,3.49793,0,0.598878,6.16896,4.3421e+06,2.97144e+06,1.38759e+07,0,0,0,0,62.3362,61.308,8.09422,1,1,1.45165,1.58895,0,1.12156,1.69344,9.02378e+06,3.97174e+06,1.30994e+07,0,0,0,1.19558e+08
102.4,103.622,6.51309,0.52,0,3.19562,3.49788,0,0.598869,6.16896,4.3421e+06,2.97144e+06,1.38757e+07,0,0,0,0,62.3362,61.308,8.97908,1,1,1.45163,1.58893,0,1.12154,1.69344,9.02378e+06,3.97174e+06,1.30991e+07,0,0,0,1.19558e+08
103.622,103.622,5.48262,0.55,0,3.19557,3.49782,0,0.598859,6.16896,4.3421e+06,2.97144e+06,1.38755e+07,0,0,0,0,62.3362,61.308,6.98554,1,1,1.4516,1.5889,0,1.12153,1.69344,9.02378e+06,3.97174e+06,1.30989e+07,0,0,0,1.19558e+08
103.622,103.622,7.13397,0.56,0,3.19551,3.49776,0,0.598849,6.16896,4.3421e+06,2.97144e+06,1.38753e+07,0,0,0,0,62.3362,61.308,7.21255,1,1,1.45158,1.58888,0,1.12151,1.69344,9.02378e+06,3.97174e+06,1.30987e+07,0,0,0,1.19558e+08
103.622,103.622,6.48906,0.58,0,3.31222,3.6255,0,0.598839,6.16896,4.3421e+06,2.97144e+06,1.4382e+07,0,0,0,0,62.3362,61.308,5.11575,1,1,1.50993,1.65275,0,1.12149,1.69344,9.02378e+06,3.97174e+06,1.36253e+07,0,0,0,1.19558e+08
103.622,103.622,5.24434,0.56,0,3.31216,3.62544,0,0.62071,6.16896,4.3421e+06,2.97144e+06,1.43818e+07,0,0,0,0,62.3362,61.308,4.27286,1,1,1.50991,1.65272,0,1.16658,1.69344,9.02378e+06,3.97174e+06,1.36251e+07,0,0,0,1.19558e+08
103.622,103.622,5.48768,0.55,0,3.31211,3.62539,0,0.6207,6.16896,4.3421e+06,2.97144e+06,1.43815e+07,0,0,0,0,62.3362,61.308,4.84241,1,1,1.50989,1.6527,0,1.16656,1.69344,9.02378e+06,3.97174e+06,1.36249e+07,0,0,0,1.19558e+08
103.622,103.622,5.74087,0.56,0,3.31206,3.62533,0,0.620689,6.16896,4.3421e+06,2.97144e+06,1.43813e+07,0,0,0,0,62.3362,61.308,5.52062,1,1,1.50986,1.65267,0,1.16654,1.69344,9.02378e+06,3.97174e+06,1.36247e+07,0,0,0,1.19558e+08
103.622,103.622,4.33699,0.53,0,3.26635,3.5753,0,0.620679,6.16896,4.3421e+06,2.97144e+06,1.41829e+07,0,0,0,0,62.3362,61.308,3.81488,1,1,1.48716,1.62783,0,1.16652,1.69344,9.02378e+06,3.97174e+06,1.34198e+07,0,0,0,1.19558e+08
103.622,103.622,3.59244,0.49,0,3.2663,3.57524,0,0.612115,6.16896,4.3421e+06,2.97144e+06,1.41826e+07,0,0,0,0,62.3362,61.308,3.01711,1,1,1.48714,1.6278,0,1.14898,1.69344,9.02378e+06,3.97174e+06,1.34196e+07,0,0,0,1.19558e+08
103.455,103.622,2.97606,0.47,0,3.26625,3.57519,0,0.612105,6.16896,4.3421e+06,2.97144e+06,1.41824e+07,0,0,0,0,62.3362,61.308,2.89377,1,1,1.48712,1.62777,0,1.14896,1.69344,9.02378e+06,3.97174e+06,1.34194e+07,0,0,0,1.19558e+08
103.193,103.622,2.86447,0.44,0,3.2662,3.57513,0,0.612095,6.16896,4.3421e+06,2.97144e+06,1.41822e+07,0,0,0,0,62.3362,61.308,2.86662,1,1,1.48709,1.62775,0,1.14895,1.69344,9.02378e+06,3.97174e+06,1.34192e+07,0,0,0,1.19558e+08
102.852,103.622,2.86476,0.4,0,3.42108,3.74466,0,0.612085,6.16896,4.3421e+06,2.97144e+06,1.48547e+07,0,0,0,0,62.3362,61.308,2.69053,1,1,1.56747,1.71572,0,1.14893,1.69344,9.02378e+06,3.97174e+06,1.41445e+07,0,0,0,1.19558e+08
102.021,103.622,2.52042,0.38,0,3.67988,3.7446,0,0.64111,6.16896,4.3421e+06,2.97144e+06,1.59784e+07,0,0,0,0,62.1768,61.308,2.50242,1,1,1.68604,1.7157,0,1.21102,1.69344,9.02378e+06,3.97174e+06,1.52145e+07,0,0,0,1.19558e+08
101.062,103.622,2.36473,0.37,0,3.67982,3.74454,0,0.68961,6.16896,4.3421e+06,2.97144e+06,1.59782e+07,0,0,0,0,61.9695,61.308,2.31163,1,1,1.68602,1.71567,0,1.30264,1.69344,9.02378e+06,3.97174e+06,1.52142e+07,0,0,0,1.19558e+08
99.9388,103.622,2.16905,0.32,0,3.67976,3.74448,0,0.689599,6.16896,4.3421e+06,2.97144e+06,1.59779e+07,0,0,0,0,61.6999,61.308,2.09372,1,1,1.68599,1.71564,0,1.30262,1.69344,9.02378e+06,3.97174e+06,1.5214e+07,0,0,0,1.19558e+08
98.451,103.622,1.73306,0.29,0,3.6797,3.74442,0,0.689588,6.16896,4.3421e+06,2.97144e+06,1.59777e+07,0,0,0,0,61.3855,61.308,1.97028,1,1,1.68596,1.71561,0,1.3026,1.69344,9.02378e+06,3.97174e+06,1.52138e+07,0,0,0,1.19558e+08
96.7408,103.622,1.46921,0.26,0,3.64669,3.71082,0,0.689576,6.16896,4.3421e+06,2.97144e+06,1.58343e+07,0,0,0,0,61.0696,61.308,2.00946,1,1,1.69344,1.76395,0.0400231,1.30257,1.69344,9.02378e+06,3.97174e+06,1.52812e+07,0,0,0,1.19558e+08
95.0132,103.622,1.42589,0.25,0,3.64663,3.71076,0,0.683389,6.16896,4.3421e+06,2.97144e+06,1.5834e+07,0,0,0,0,60.7054,61.308,1.97657,1,1,1.69344,1.76392,0.0399949,1.30835,1.69344,9.02378e+06,3.97174e+06,1.52812e+07,0,0,0,1.19558e+08
93.2095,103.622,1.28712,0.32,0,3.64657,3.7107,0,0.683378,6.16896,4.3421e+06,2.97144e+06,1.58338e+07,0,0,0,0,60.2901,61.308,1.82006,1,1,1.69344,1.76389,0.0399667,1.30835,1.69344,9.02378e+06,3.97174e+06,1.52812e+07,0,0,0,1.19558e+08
91.3681,103.622,1.22057,0.29,0,3.64651,3.71064,0,0.683367,6.16896,4.3421e+06,2.97144e+06,1.58335e+07,0,0,0,0,59.8727,61.308,1.84669,1,1,1.69344,1.76386,0.0399384,1.30835,1.69344,9.02378e+06,3.97174e+06,1.52812e+07,0,0,0,1.19558e+08
89.4886,103.622,1.20952,0.3,0,3.73155,3.79717,0,0.683356,6.16896,4.3421e+06,2.97144e+06,1.62028e+07,0,0,0,0,59.4703,61.308,1.97228,1,1,1.69344,1.80693,0.0822656,1.30835,1.69344,9.02378e+06,3.97174e+06,1.52812e+07,0,0,0,1.19558e+08
87.5723,103.622,1.12453,0.34,0,3.73149,3.79711,0,0.699293,6.16896,4.3421e+06,2.97144e+06,1.62025e+07,0,0,0,0,59.0972,61.308,1.80988,1,1,1.69344,1.8069,0.0822366,1.30835,1.69344,9.02378e+06,3.97174e+06,1.52812e+07,0,0,0,1.19558e+08
85.6733,103.622,1.12128,0.34,0,3.73143,3.79705,0,0.699281,6.16896,4.3421e+06,2.97144e+06,1.62023e+07,0,0,0,0,58.774,61.308,1.94051,1,1,1.69344,1.80687,0.0822077,1.30835,1.69344,9.02378e+06,3.97174e+06,1.52812e+07,0,0,0,1.19558e+08
83.8926,103.622,1.22635,0.33,0,3.73137,3.79699,0,0.69927,6.16896,4.3421e+06,2.97144e+06,1.6202e+07,0,0,0,0,58.363,61.308,2.11207,1,1,1.69344,1.80685,0.0821789,1.30835,1.69344,9.02378e+06,3.97174e+06,1.52812e+07,0,0,0,1.19558e+08
81.8573,103.622,1.05334,0.33,0,3.98051,4.05051,0,0.699258,6.16896,4.3421e+06,2.97144e+06,1.72838e+07,0,0,0,0,57.8709,61.308,1.66579,1,1,1.69344,1.96237,0.235021,1.30835,1.69344,9.02378e+06,3.97174e+06,1.52812e+07,0,0,0,1.19558e+08
79.9252,103.622,1.11627,0.38,0,3.98044,4.05044,0,0.745947,6.16896,4.3421e+06,2.97144e+06,1.72835e+07,0,0,0,0,57.1708,61.308,1.83547,1,1,1.69344,1.96234,0.234989,1.30835,1.69344,9.02378e+06,3.97174e+06,1.52812e+07,0,0,0,1.19558e+08
77.8506,103.622,0.923574,0.38,0,3.98038,4.05038,0,0.745935,6.16896,4.3421e+06,2.97144e+06,1.72832e+07,0,0,0,0,56.6182,61.308,1.46258,1,1,1.69344,1.96231,0.234958,1.30835,1.69344,9.02378e+06,3.97174e+06,1.52812e+07,0,0,0,1.19558e+08
75.9526,103.622,1.0892,0.39,0,3.98031,4.05031,0,0.745922,6.16896,4.3421e+06,2.97144e+06,1.72829e+07,0,0,0,0,56.3231,61.308,2.21093,1,1,1.69344,1.96228,0.234926,1.30835,1.69344,9.02378e+06,3.97174e+06,1.52812e+07,0,0,0,1.19558e+08
74.2969,103.622,1.14528,0.49,0,3.70026,4.05024,0,0.74591,6.16896,4.3421e+06,2.97144e+06,1.60669e+07,0,0,0,0,55.8333,61.308,1.80735,1,1,1.69344,1.96225,0.0992464,1.30835,1.69344,9.02378e+06,3.97174e+06,1.52812e+07,0,0,0,1.19558e+08
72.9424,103.622,1.3734,0.5,0,3.5873,3.9266,0,0.693428,6.16896,4.3421e+06,2.97144e+06,1.55764e+07,0,0,0,0,55.4386,61.308,2.05246,1,1,1.69344,1.8678,0.0129646,1.30835,1.69344,9.02378e+06,3.97174e+06,1.52812e+07,0,0,0,1.19558e+08
72.0331,103.622,1.79567,0.5,0,3.58724,3.92654,0,0.67226,6.16896,4.3421e+06,2.97144e+06,1.55762e+07,0,0,0,0,55.1151,61.308,2.29451,1,1,1.69344,1.86777,0.0129368,1.30835,1.69344,9.02378e+06,3.97174e+06,1.52812e+07,0,0,0,1.19558e+08
71.7091,103.622,2.58842,0.5,0,3.58718,3.92647,0,0.672249,6.16896,4.3421e+06,2.97144e+06,1.55759e+07,0,0,0,0,55.19,61.308,3.76586,1,1,1.69344,1.86774,0.0129091,1.30835,1.69344,9.02378e+06,3.97174e+06,1.52812e+07,0,0,0,1.19558e+08
71.0781,103.622,2.18331,0.5,0,3.58712,3.92641,0,0.672238,6.16896,4.3421e+06,2.97144e+06,1.55757e+07,0,0,0,0,55.0011,61.308,2.73872,1,1,1.69344,1.86771,0.0128813,1.30835,1.69344,9.02378e+06,3.97174e+06,1.52812e+07,0,0,0,1.19558e+08
72.2819,103.622,4.27091,0.49,0,3.4944,3.82492,0,0.672227,6.16896,4.3421e+06,2.97144e+06,1.51731e+07,0,0,0,0,55.5156,61.308,5.2426,1,1,1.62779,1.78175,0,1.30835,1.69344,9.02378e+06,3.97174e+06,1.46888e+07,0,0,0,1.19558e+08
73.3212,103.622,4.27705,0.49,0,3.49435,3.82486,0,0.654851,6.16896,4.3421e+06,2.97144e+06,1.51728e+07,0,0,0,0,55.7418,61.308,4.70639,1,1,1.62776,1.78172,0,1.25763,1.69344,9.02378e+06,3.97174e+06,1.46886e+07,0,0,0,1.19558e+08
74.1033,103.622,4.06185,0.49,0,3.49429,3.8248,0,0.65484,6.16896,4.3421e+06,2.97144e+06,1.51726e+07,0,0,0,0,56.9458,61.308,7.02842,1,1,1.62773,1.78169,0,1.25761,1.69344,9.02378e+06,3.97174e+06,1.46883e+07,0,0,0,1.19558e+08
